id,inn,half,scoreA,scoreB,ball,strk,out,b1,b2,b3,b1Idx,b2Idx,b3Idx,pCnt,pSec,pName,pHand,pType,spdK,zoneX,zoneY,startX,startY,zDist,call,balk,sH,sV,gyro,plx,plz,bSwing,bIdx,bPos,bZone,bName,bHCm,batLen,batCen,batType,bFps,hSec,rotS,rotL,shS,lgS,prepS,impMv,batSpd,ev,ldeg,sdeg,hPos,hMoveX,hMoveY,stayCon,buntGrip,PPosX,PPosY,PThrSpd,CName,CPosX,CPosY,CThrSpd,1BName,1BPosX,1BPosY,1BThrSpd,2BName,2BPosX,2BPosY,2BThrSpd,3BName,3BPosX,3BPosY,3BThrSpd,SSName,SSPosX,SSPosY,SSThrSpd,LFName,LFPosX,LFPosY,LFThrSpd,CFName,CFPosX,CFPosY,CFThrSpd,RFName,RFPosX,RFPosY,RFThrSpd,ltSec,lx,lz,cSec,cPos,cPlr,cx,cz,1BSafe,tag,cpSec,sb2Sec,sb3Sec,sbhSec,ass,result
1,1,1,0,0,0,0,0,0,0,0,255,255,255,0,1409.15,"甲斐野柊太",R,10,102,-0.527,-0.36,-0.148,1.778,-36.797,0,0,-5.257,321.001,0,0,0,0,0,6,R,"Apple_Sherbet",176.8,87.926,0.272,0,59,0,0,0,0,0,0,0,0,0,0,0,0,0,0,0,0,-0.345,-37.171,0,"白霜らいふ",-0.025,-16.531,0,"P0TA0",-22.466,-45.882,0,"vovopo 보보포",-15.597,-63.749,0,"あおいぬ",16.804,-42.897,0,"shimenawa",16.121,-62.693,0,"Pizzallaris",36.96,-81.848,0,"紅さかな",0.121,-117.162,0,"Kenomo",-48.517,-95.318,0,0,0,0,0,0,"",0,0,0,0,0,0,0,0,0,0
2,1,1,0,0,0,1,0,0,0,0,255,255,255,1,1425.802,"甲斐野柊太",R,27,140,0.801,-0.132,0.042,1.753,-36.717,2,0,110.343,-140.424,0,0,0,1,0,6,R,"Apple_Sherbet",176.8,87.926,0.272,3,59,1426.754,219,22,97,53,12,87,145,93,-16.227,32.07,-0.45,-0.019,-0.036,0.197,0,-0.482,-36.755,0,"白霜らいふ",0.022,-16.54,0,"P0TA0",-22.444,-45.911,0,"vovopo 보보포",-15.05,-63.949,0,"あおいぬ",16.49,-43.001,0,"shimenawa",16.454,-62.226,0,"Pizzallaris",36.739,-81.78,0,"紅さかな",0.256,-117.17,0,"Kenomo",-48.996,-94.157,0,1426.951,-1.23,-21.707,1430.885,8,"Kenomo",-36.663,-79.313,1,0,0,0,0,0,0,2
3,1,1,0,0,0,0,0,1,0,0,6,255,255,2,1454.338,"甲斐野柊太",R,28,127,2.939,0.841,0.262,1.909,-36.888,1,0,39.6,-50.297,0,0,0,0,1,5,R,"Pugeuk",160,95.761,0.552,0,59,0,0,0,0,0,0,0,0,0,0,0,0,0,0,0,0,-0.26,-36.983,0,"白霜らいふ",0.204,-17.049,0,"P0TA0",-18.12,-39.784,0,"vovopo 보보포",-12.258,-63.649,0,"あおいぬ",16.813,-42.912,0,"shimenawa",9.938,-62.273,0,"Pizzallaris",36.701,-81.805,0,"紅さかな",-0.525,-115.986,0,"Kenomo",-47.746,-91.535,0,0,0,0,0,0,"",0,0,0,0,0,0,0,0,0,0
4,1,1,0,0,1,0,0,1,0,0,6,255,255,3,1475.26,"甲斐野柊太",R,27,140,5.01,1.172,0,1.789,-36.681,2,0,58.749,-137.178,0,0,0,1,1,5,R,"Pugeuk",160,95.761,0.552,3,59,1476.18,136,11,79,40,26,99,137,122,-30,-5.926,0.47,-0.036,-0.062,0.247,0,-0.198,-36.895,0,"白霜らいふ",0.138,-16.662,0,"P0TA0",-18.359,-39.69,0,"vovopo 보보포",-18.68,-61.154,0,"あおいぬ",16.846,-42.861,0,"shimenawa",14.364,-63.618,0,"Pizzallaris",36.607,-81.852,0,"紅さかな",-0.443,-116.163,0,"Kenomo",-47.145,-92.063,0,1476.285,-0.088,-20.504,1478.385,5,"shimenawa",4.413,-64.081,1,0,0,0,0,0,0,2
5,1,1,0,0,0,0,1,1,0,0,5,255,255,4,1518.592,"甲斐野柊太",R,0,126,1.688,0.412,0.146,1.88,-36.708,1,0,38.138,-38.023,0,0,0,0,2,2,R,"하루（Haru）",190,90,0.55,0,59,0,0,0,0,0,0,0,0,0,0,0,0,0,0,0,0,-0.171,-37.189,0,"白霜らいふ",0.079,-16.687,0,"P0TA0",-18.421,-39.512,0,"vovopo 보보포",-12.526,-63.536,0,"あおいぬ",17.002,-43.175,0,"shimenawa",11.329,-62.698,0,"Pizzallaris",36.878,-80.642,0,"紅さかな",0.175,-116.056,0,"Kenomo",-49.673,-91.803,0,0,0,0,0,0,"",0,0,0,0,0,0,0,0,0,0
6,1,1,0,0,1,0,1,1,0,0,5,255,255,5,1555.054,"甲斐野柊太",R,28,134,2.291,0.874,0.198,1.966,-36.881,2,0,47.806,-52.846,0,0,0,0,2,2,R,"하루（Haru）",190,90,0.55,2,59,0,203,8,62,11,4,171,108,73,-41.236,52.267,-0.46,0.063,0.017,0,0,-0.305,-36.761,0,"白霜らいふ",0.12,-16.737,0,"P0TA0",-18.28,-39.343,0,"vovopo 보보포",-15.483,-63.663,0,"あおいぬ",16.876,-43.198,0,"shimenawa",12.094,-62.697,0,"Pizzallaris",36.785,-81.444,0,"紅さかな",0.128,-116.142,0,"Kenomo",-49.525,-92.633,0,1556.618,-1.327,-20.676,0,0,"",0,0,0,0,0,0,0,0,0,0
7,1,1,0,0,1,1,1,0,1,0,255,5,255,6,1590.008,"甲斐野柊太",R,10,109,-1.453,-2.529,-0.204,1.342,-36.573,1,0,3.844,400,0,-0.269,-20.231,0,2,2,R,"하루（Haru）",190,90,0.55,0,59,0,0,0,0,0,0,0,0,0,0,0,0,0,0,0,0,-0.378,-37.405,0,"白霜らいふ",-0.076,-16.773,0,"P0TA0",-18.574,-39.73,0,"vovopo 보보포",-12.382,-63.456,0,"あおいぬ",16.95,-42.051,0,"shimenawa",8.588,-62.437,0,"Pizzallaris",37.384,-79.462,0,"紅さかな",-0.207,-115.118,0,"Kenomo",-50.202,-92.655,0,0,0,0,0,0,"",0,0,0,0,0,0,0,0,0,0
8,1,1,0,0,2,1,1,1,0,0,5,255,255,7,1609.921,"甲斐野柊太",R,3,109,-0.714,-0.574,0.051,1.643,-36.674,2,0,-256.135,7.996,0,0,0,1,2,2,R,"하루（Haru）",190,90,0.55,2,59,1610.98,255,21,202,105,30,255,150,35,8.129,12.923,0.92,-0.022,-0.029,0.184,0,-0.365,-37.094,0,"白霜らいふ",0.092,-16.719,0,"P0TA0",-18.305,-39.516,0,"vovopo 보보포",-16.567,-62.542,0,"あおいぬ",16.108,-43.348,0,"shimenawa",14.213,-63.967,0,"Pizzallaris",37.436,-79.487,0,"紅さかな",-0.002,-115.454,0,"Kenomo",-50.166,-92.615,0,1612.068,-2.306,-30.712,1615.468,3,"vovopo 보보포",-9.556,-50.987,0,0,0,0,0,0,0,2
9,1,1,0,0,0,0,2,0,0,1,255,255,5,8,1648.289,"甲斐野柊太",R,14,94,1.014,-1.638,-0.065,1.564,-36.848,4,0,318.836,332.854,0,0.287,-18.507,1,3,4,R,"bdg06213",190,86.379,0.25,0,59,0,0,0,0,0,0,0,0,0,0,0,0,0,0,0,0,-0.253,-37.414,0,"白霜らいふ",-0.126,-16.7,0,"P0TA0",-21.769,-44.9,0,"vovopo 보보포",-13.429,-61.95,0,"あおいぬ",17.431,-41.285,0,"shimenawa",11.545,-61.059,0,"Pizzallaris",36.704,-78.85,0,"紅さかな",-1.055,-108.146,0,"Kenomo",-49.873,-94.267,0,0,0,0,0,0,"",0,0,0,0,0,0,0,0,0,0
10,1,1,0,0,0,1,2,0,0,1,255,255,5,9,1667.257,"甲斐野柊太",R,3,98,-1.971,-1.004,0.015,1.528,-36.853,4,0,-406.271,0,0,0,0,1,3,4,R,"bdg06213",190,86.379,0.25,0,59,0,0,0,0,0,0,0,0,0,0,0,0,0,0,0,0,-0.393,-37.406,0,"白霜らいふ",-0.377,-16.755,0,"P0TA0",-21.781,-44.784,0,"vovopo 보보포",-13.543,-59.997,0,"あおいぬ",17.519,-40.88,0,"shimenawa",14.222,-63.642,0,"Pizzallaris",38.442,-85.805,0,"紅さかな",0.076,-110.102,0,"Kenomo",-45.665,-90.582,0,0,0,0,0,0,"",0,0,0,0,0,0,0,0,0,0
11,1,1,0,0,0,2,2,0,0,1,255,255,5,10,1684.424,"甲斐野柊太",R,0,125,1.095,1.195,0.086,2.029,-37.014,1,0,43.895,-42.752,0,0.429,-5.462,0,3,4,R,"bdg06213",190,86.379,0.25,0,59,0,0,0,0,0,0,0,0,0,0,0,0,0,0,0,0,-0.305,-37.009,0,"白霜らいふ",0.367,-16.85,0,"P0TA0",-21.976,-45.047,0,"vovopo 보보포",-15.537,-56.803,0,"あおいぬ",12.653,-33.279,0,"shimenawa",9.644,-64.893,0,"Pizzallaris",38.448,-85.81,0,"紅さかな",-0.414,-115.725,0,"Kenomo",-45.916,-91.611,0,0,0,0,0,0,"",0,0,0,0,0,0,0,0,0,0
12,1,1,1,0,1,2,2,0,0,0,255,255,255,11,1701.463,"甲斐野柊太",R,27,140,0.676,-1.133,0.049,1.565,-36.719,2,0,48.168,-108.831,0,0,0,1,3,4,R,"bdg06213",190,86.379,0.25,3,59,1702.545,85,7,73,51,37,77,132,95,-23.978,30.57,-0.12,0.006,-0.069,0.057,0,0.04,-36.929,0,"白霜らいふ",0.018,-16.182,0,"P0TA0",-22,-44.755,0,"vovopo 보보포",-18.431,-61.12,0,"あおいぬ",16.324,-42.681,0,"shimenawa",14.351,-64.1,0,"Pizzallaris",38.391,-85.83,0,"紅さかな",0.166,-116.22,0,"Kenomo",-47.742,-91.81,0,1702.618,-0.452,-20.113,1704.868,3,"vovopo 보보포",-20.389,-54.58,0,0,0,0,0,0,0,2
13,1,0,1,0,0,0,0,0,0,0,255,255,255,0,2539.036,"卯月満開",R,0,136,-0.523,0.821,-0.049,1.698,-36.787,0,0,0,0,0,0,0,0,0,9,L,"-Alta-",190,80,0.5,0,59,0,0,0,0,0,0,0,0,0,0,0,0,0,0,0,0,-0.127,-37.271,0,"HalF_HearteD",-0.059,-16.551,0,"하루（Haru）",-17.867,-44.787,0,"장덕춘_",-11.881,-65.007,0,"bdg06213",23.462,-52.931,0,"Pugeuk",13.454,-63.732,0,"Apple_Sherbet",41.79,-86.844,0,"ʚneul_ɞ",5.109,-110.011,0,"Azuner",-40.896,-86.765,0,0,0,0,0,0,"",0,0,0,0,0,0,0,0,0,0
14,1,0,1,0,1,1,0,0,0,0,255,255,255,2,2582.444,"卯月満開",R,10,119,1.76,-0.167,0.14,1.594,-36.835,2,0,0,400,8.964,0,0,1,0,9,L,"-Alta-",190,80,0.5,3,59,2583.526,211,26,138,97,36,133,150,38,26.893,-37.514,0.91,0.069,-0.104,0.114,0,-0.253,-37.024,0,"HalF_HearteD",0.197,-16.624,0,"하루（Haru）",-17.436,-45.713,0,"장덕춘_",-11.915,-64.999,0,"bdg06213",23.194,-51.967,0,"Pugeuk",13.056,-62.697,0,"Apple_Sherbet",41.556,-85.919,0,"ʚneul_ɞ",5.073,-108.339,0,"Azuner",-41.031,-86.962,0,2585.635,11.276,-34.284,2590.335,4,"bdg06213",23.857,-43.884,1,0,0,0,0,0,0,2
15,1,0,1,0,0,0,0,1,0,0,9,255,255,3,2722.995,"卯月満開",R,0,113,-0.751,1.01,-0.07,1.707,-36.757,0,0,0,0,0,0,0,0,1,3,L,"vovopo 보보포",175.3,90,0.6,0,59,0,0,0,0,0,0,0,0,0,0,0,0,0,0,0,0,-0.118,-37.947,0,"HalF_HearteD",0.019,-16.621,0,"하루（Haru）",-17.486,-42.763,0,"장덕춘_",-13.264,-63.052,0,"bdg06213",22.862,-51.057,0,"Pugeuk",6.294,-64.295,0,"Apple_Sherbet",39.911,-82.919,0,"ʚneul_ɞ",0.339,-104.091,0,"Azuner",-41.431,-84.758,0,0,0,0,0,0,"",0,0,0,0,0,0,0,0,0,0
16,1,0,1,0,0,1,0,1,0,0,9,255,255,4,2742.049,"卯月満開",R,13,106,0.794,-0.29,0.247,1.586,-36.747,2,0,-409.954,262.706,4.456,0,0,1,1,3,L,"vovopo 보보포",175.3,90,0.6,3,59,2743.197,205,33,127,111,54,170,150,107,23.785,-28.228,0.08,0.044,-0.079,0.072,0,-0.558,-37.2,0,"HalF_HearteD",-0.068,-16.851,0,"하루（Haru）",-18.506,-41.773,0,"장덕춘_",-13.301,-63.05,0,"bdg06213",23.101,-52.884,0,"Pugeuk",7.646,-64.907,0,"Apple_Sherbet",39.538,-82.537,0,"ʚneul_ɞ",0.298,-104.494,0,"Azuner",-41.501,-84.701,0,2747.835,26.279,-105.737,2751.518,7,"ʚneul_ɞ",22.715,-126.796,1,0,0,0,0,0,0,2
17,1,0,1,0,0,0,0,0,1,1,255,12,9,5,2789.942,"卯月満開",R,0,117,3.617,2.544,0.317,1.804,-37.083,1,0,0,0,0,0,0,0,2,5,L,"shimenawa",174.7,94.582,0.2,0,93,0,0,0,0,0,0,0,0,0,0,0,0,0,0,0,0,-0.435,-37.94,0,"HalF_HearteD",0.278,-16.56,0,"하루（Haru）",-20.092,-46.031,0,"장덕춘_",-5.325,-63.206,0,"bdg06213",21.507,-49.992,0,"Pugeuk",14.391,-62.984,0,"Apple_Sherbet",43.87,-92.949,0,"ʚneul_ɞ",3.332,-107.867,0,"Azuner",-42.217,-87.36,0,0,0,0,0,0,"",0,0,0,0,0,0,0,0,0,0
18,1,0,1,0,1,0,0,0,1,1,255,12,9,6,2807.889,"卯月満開",R,0,118,4.305,2.597,0.294,1.753,-37.159,1,0,0,0,0,0,0,0,2,5,L,"shimenawa",174.7,94.582,0.2,0,93,0,0,0,0,0,0,0,0,0,0,0,0,0,0,0,0,-0.348,-38.009,0,"HalF_HearteD",0.256,-16.594,0,"하루（Haru）",-19.255,-45.891,0,"장덕춘_",-5.985,-63.331,0,"bdg06213",22.912,-48.8,0,"Pugeuk",13.552,-62.888,0,"Apple_Sherbet",43.729,-92.834,0,"ʚneul_ɞ",7.217,-112.028,0,"Azuner",-42.095,-87.456,0,0,0,0,0,0,"",0,0,0,0,0,0,0,0,0,0
19,1,0,1,0,2,0,0,0,1,1,255,12,9,7,2828.201,"卯月満開",R,0,119,2.136,0.924,0.199,1.689,-36.883,1,0,0,0,0,0,0,0,2,5,L,"shimenawa",174.7,94.582,0.2,0,59,0,0,0,0,0,0,0,0,0,0,0,0,0,0,0,0,-0.305,-37.992,0,"HalF_HearteD",0.18,-16.553,0,"하루（Haru）",-19.317,-45.574,0,"장덕춘_",-6.642,-63.439,0,"bdg06213",24.209,-51.012,0,"Pugeuk",13.649,-62.827,0,"Apple_Sherbet",43.73,-92.83,0,"ʚneul_ɞ",7.21,-111.972,0,"Azuner",-42.132,-87.436,0,0,0,0,0,0,"",0,0,0,0,0,0,0,0,0,0
20,1,0,1,0,3,0,0,0,1,1,255,12,9,8,2845.692,"卯月満開",R,5,112,-1.594,1.184,0.02,1.713,-36.956,2,0,-52.27,0,11.202,0,0,1,2,5,L,"shimenawa",174.7,94.582,0.2,3,59,2846.95,93,11,59,30,5,90,99,64,-37.695,-28.635,-0.47,-0.087,-0.005,0.034,0,-0.222,-37.092,0,"HalF_HearteD",0.015,-16.77,0,"하루（Haru）",-18.906,-45.699,0,"장덕춘_",-12.929,-64.462,0,"bdg06213",23.873,-51.685,0,"Pugeuk",13.676,-62.973,0,"Apple_Sherbet",43.727,-92.86,0,"ʚneul_ɞ",7.24,-112.011,0,"Azuner",-42.112,-87.467,0,2847.052,0.48,-20.588,2849.968,4,"bdg06213",14.543,-48.016,1,0,0,0,0,0,0,2
21,1,0,1,0,0,0,0,1,1,1,14,12,9,9,2884.506,"卯月満開",R,0,116,1.638,0.785,0.152,1.692,-36.848,2,0,0,0,0,0,0,1,3,4,R,"あおいぬ",190,85,0.495,3,59,2885.656,126,8,75,43,19,75,135,101,31.25,42.294,0.02,0.004,0.046,0.146,0,-0.652,-37.051,0,"HalF_HearteD",0.122,-16.829,0,"하루（Haru）",-17.918,-45.73,0,"장덕춘_",-12.296,-64.577,0,"bdg06213",22.798,-53.013,0,"Pugeuk",8.796,-64.489,0,"Apple_Sherbet",44.065,-92.055,0,"ʚneul_ɞ",-0.933,-114.107,0,"Azuner",-43.184,-87.351,0,2890.518,-68.094,-73.556,0,0,"",0,0,0,0,0,0,0,0,0,3
22,1,0,1,0,0,1,0,1,1,1,14,12,9,10,2906.968,"卯月満開",R,10,108,-2.737,-0.592,-0.219,1.594,-36.717,1,0,-86.591,398.33,10.506,0,0,0,3,4,R,"あおいぬ",190,85,0.495,0,59,0,0,0,0,0,0,0,0,0,0,0,0,0,0,0,0,-0.235,-37.997,0,"HalF_HearteD",-0.284,-16.342,0,"하루（Haru）",-19.671,-45.224,0,"장덕춘_",-12.708,-63.62,0,"bdg06213",23.83,-51.107,0,"Pugeuk",9.436,-64.265,0,"Apple_Sherbet",42.46,-96.243,0,"ʚneul_ɞ",-1.03,-112.602,0,"Azuner",-44.041,-86.999,0,0,0,0,0,0,"",0,0,0,0,0,0,0,0,0,0
23,1,0,1,0,1,1,0,1,1,1,14,12,9,11,2924.092,"卯月満開",R,10,107,0.965,-1.136,0.09,1.487,-36.648,2,0,0,400,12.77,0,0,1,3,4,R,"あおいぬ",190,85,0.495,3,59,2925.264,168,15,70,89,69,185,140,115,-30,22.111,0.89,-0.094,-0.001,0.067,0,-0.023,-36.957,0,"HalF_HearteD",0.145,-16.904,0,"하루（Haru）",-19.682,-46.853,0,"장덕춘_",-13.106,-63.313,0,"bdg06213",22.948,-52.615,0,"Pugeuk",7.189,-64.508,0,"Apple_Sherbet",42.478,-96.397,0,"ʚneul_ɞ",-0.266,-111.298,0,"Azuner",-45.19,-88.007,0,2925.385,-0.199,-21.456,2927.368,3,"장덕춘_",-15.694,-59.277,1,1,0,0,0,0,0,2
24,1,0,1,1,0,0,2,0,1,0,255,13,255,12,2991.918,"卯月満開",R,3,103,0.899,0.473,0.292,1.669,-36.982,0,0,-390.998,201.784,-0.926,0,0,0,4,2,R,"P0TA0",190,97,0.384,0,59,0,0,0,0,0,0,0,0,0,0,0,0,0,0,0,0,-0.1,-37.272,0,"HalF_HearteD",0.26,-16.67,0,"하루（Haru）",-18.688,-44.977,0,"장덕춘_",-13.417,-63.532,0,"bdg06213",23.469,-51.223,0,"Pugeuk",5.726,-62.311,0,"Apple_Sherbet",43.127,-90.085,0,"ʚneul_ɞ",6.823,-111.046,0,"Azuner",-45.361,-86.127,0,0,0,0,0,0,"",0,0,0,0,0,0,0,0,0,0
25,1,0,1,1,0,1,2,0,1,0,255,13,255,13,3011.444,"卯月満開",R,0,118,2.014,1.536,0.231,1.75,-36.935,1,0,0,0,0,0,0,0,4,2,R,"P0TA0",190,97,0.384,0,59,0,0,0,0,0,0,0,0,0,0,0,0,0,0,0,0,-0.353,-37.826,0,"HalF_HearteD",0.198,-16.79,0,"하루（Haru）",-19.374,-44.517,0,"장덕춘_",-13.88,-64.442,0,"bdg06213",22.723,-50.679,0,"Pugeuk",0.687,-60.144,0,"Apple_Sherbet",41.7,-88.037,0,"ʚneul_ɞ",6.867,-113.437,0,"Azuner",-45.354,-86.025,0,0,0,0,0,0,"",0,0,0,0,0,0,0,0,0,0
26,1,0,1,1,1,1,2,0,1,0,255,13,255,14,3034.985,"卯月満開",R,0,114,2.377,2.075,0.199,1.799,-37.125,1,0,0,0,0,0,0,0,4,2,R,"P0TA0",190,97,0.384,0,59,0,0,0,0,0,0,0,0,0,0,0,0,0,0,0,0,-0.379,-37.52,0,"HalF_HearteD",0.204,-17.615,0,"하루（Haru）",-20.217,-46.195,0,"장덕춘_",-13.974,-64.41,0,"bdg06213",22.284,-50.986,0,"Pugeuk",5.364,-62.75,0,"Apple_Sherbet",42.054,-92.306,0,"ʚneul_ɞ",3.616,-113.812,0,"Azuner",-46.033,-85.417,0,0,0,0,0,0,"",0,0,0,0,0,0,0,0,0,0
27,1,0,1,1,2,1,2,0,1,0,255,13,255,15,3062.986,"卯月満開",R,10,103,0.435,0.765,0.13,1.751,-37.036,0,0,-27.848,332.843,7.114,0,0,0,4,2,R,"P0TA0",190,97,0.384,0,59,0,0,0,0,0,0,0,0,0,0,0,0,0,0,0,0,-0.3,-37.651,0,"HalF_HearteD",1.139,-17.818,0,"하루（Haru）",-19.323,-44.604,0,"장덕춘_",-12.885,-62.194,0,"bdg06213",23.08,-47.376,0,"Pugeuk",0.641,-59.962,0,"Apple_Sherbet",42.951,-88.545,0,"ʚneul_ɞ",2.458,-118.876,0,"Azuner",-45.778,-85.379,0,0,0,0,0,0,"",0,0,0,0,0,0,0,0,0,0
28,1,0,1,1,2,2,2,0,0,1,255,255,13,16,3085.535,"卯月満開",R,13,105,0.342,-1.228,0.176,1.461,-36.841,2,0,-336.98,354.08,17.487,0,0,1,4,2,R,"P0TA0",190,97,0.384,2,59,3086.394,168,14,113,41,0,150,146,117,26.357,18.401,0.17,-0.044,-0.056,0.21,0,-0.225,-37.085,0,"HalF_HearteD",0.009,-16.8,0,"하루（Haru）",-19.408,-46.131,0,"장덕춘_",-13.998,-64.307,0,"bdg06213",22.318,-50.018,0,"Pugeuk",9.938,-63.745,0,"Apple_Sherbet",43.819,-89.131,0,"ʚneul_ɞ",4.853,-111.933,0,"Azuner",-45.848,-85.4,0,3091.285,-34.602,-115.021,3094.902,7,"ʚneul_ɞ",-27.813,-117.344,1,0,0,0,0,0,0,2
29,1,0,1,2,0,0,2,0,1,0,255,11,255,17,3125.132,"卯月満開",R,0,114,2.084,0.797,0.183,1.681,-36.9,4,0,0,0,0,0.2,-20.455,1,5,6,R,"Pizzallaris",170.2,89.878,0.446,0,59,0,0,0,0,0,0,0,0,0,0,0,0,0,0,0,0,-0.327,-37.586,0,"HalF_HearteD",0.12,-17.578,0,"하루（Haru）",-19.196,-45.556,0,"장덕춘_",-13.786,-64.072,0,"bdg06213",24.007,-50.093,0,"Pugeuk",7.727,-63.539,0,"Apple_Sherbet",40.512,-84.453,0,"ʚneul_ɞ",-2.402,-105.577,0,"Azuner",-45.945,-86.956,0,0,0,0,0,0,"",0,0,0,0,0,0,0,0,0,0
30,1,0,1,2,0,1,2,0,1,0,255,11,255,18,3150.691,"卯月満開",R,13,105,-1.372,-2.035,0.018,1.378,-36.76,1,0,-342.072,348.679,18.468,-0.335,-18.916,0,5,6,R,"Pizzallaris",170.2,89.878,0.446,0,59,0,0,0,0,0,0,0,0,0,0,0,0,0,0,0,0,-0.348,-37.972,0,"HalF_HearteD",-0.189,-16.716,0,"하루（Haru）",-18.53,-43.011,0,"장덕춘_",-13.946,-64.056,0,"bdg06213",23.847,-50.597,0,"Pugeuk",3.153,-62.49,0,"Apple_Sherbet",41.324,-85.786,0,"ʚneul_ɞ",-0.205,-111.396,0,"Azuner",-45.926,-86.999,0,0,0,0,0,0,"",0,0,0,0,0,0,0,0,0,0
31,1,0,1,2,1,1,2,0,1,0,255,11,255,19,3169.608,"卯月満開",R,10,106,0.817,-0.899,0.09,1.611,-36.829,2,0,0,400,16.926,0,0,1,5,6,R,"Pizzallaris",170.2,89.878,0.446,3,59,3170.808,255,15,98,71,58,122,150,91,-45.18,-25.663,-0.42,-0.056,-0.038,0.112,0.143,-0.189,-37.094,0,"HalF_HearteD",0.223,-16.686,0,"하루（Haru）",-18.526,-45.224,0,"장덕춘_",-13.898,-64.043,0,"bdg06213",22.365,-52.337,0,"Pugeuk",7.594,-63.628,0,"Apple_Sherbet",41.3,-86.016,0,"ʚneul_ɞ",-0.187,-111.317,0,"Azuner",-46.045,-86.814,0,3170.902,0.422,-20.857,3173.018,4,"bdg06213",19.625,-45.582,0,0,0,0,0,0,0,2
32,2,1,1,2,0,0,0,0,0,0,255,255,255,12,3217.881,"甲斐野柊太",R,10,102,1.212,-1.982,0.169,1.533,-36.738,1,0,0,400,0,0,0,0,4,8,L,"Azuner",179.8,86,0.398,0,59,0,0,0,0,0,0,0,0,0,0,0,0,0,0,0,0,0.071,-37.41,0,"白霜らいふ",0.098,-16.461,0,"P0TA0",-21.273,-44.391,0,"vovopo 보보포",-7.664,-66.455,0,"あおいぬ",16.884,-43.5,0,"shimenawa",15.427,-62.099,0,"Pizzallaris",36.907,-85.008,0,"紅さかな",1.97,-115.984,0,"Kenomo",-43.107,-94.006,0,0,0,0,0,0,"",0,0,0,0,0,0,0,0,0,0
33,2,1,1,2,1,0,0,0,0,0,255,255,255,13,3229.978,"甲斐野柊太",R,6,111,4.078,-1.4,0.188,1.619,-36.668,4,0,486.521,115.314,0,0,0,1,4,8,L,"Azuner",179.8,86,0.398,0,59,0,0,0,0,0,0,0,0,0,0,0,0,0,0,0,0,0.034,-37.269,0,"白霜らいふ",0.113,-16.448,0,"P0TA0",-21.294,-44.374,0,"vovopo 보보포",-5.949,-66.36,0,"あおいぬ",17.203,-43.21,0,"shimenawa",15.333,-62.446,0,"Pizzallaris",36.949,-85.011,0,"紅さかな",1.97,-116.013,0,"Kenomo",-44.002,-96.233,0,0,0,0,0,0,"",0,0,0,0,0,0,0,0,0,0
34,2,1,1,2,1,1,0,0,0,0,255,255,255,14,3240.843,"甲斐野柊太",R,0,136,0.206,-0.641,0.019,1.7,-36.707,0,0,0,0,0,0,0,1,4,8,L,"Azuner",179.8,86,0.398,0,59,0,0,0,0,0,0,0,0,0,0,0,0,0,0,0,0,-0.116,-37.143,0,"白霜らいふ",0.085,-16.438,0,"P0TA0",-21.593,-44.345,0,"vovopo 보보포",-3.558,-66.671,0,"あおいぬ",18.395,-41.806,0,"shimenawa",15.467,-63.547,0,"Pizzallaris",36.917,-85.014,0,"紅さかな",1.94,-115.965,0,"Kenomo",-44.016,-96.262,0,0,0,0,0,0,"",0,0,0,0,0,0,0,0,0,0
35,2,1,1,2,1,2,0,0,0,0,255,255,255,15,3252.726,"甲斐野柊太",R,10,128,0.479,-2.662,-0.007,1.491,-36.668,1,0,0,400,0,0.069,-23.77,0,4,8,L,"Azuner",179.8,86,0.398,0,59,0,0,0,0,0,0,0,0,0,0,0,0,0,0,0,0,-0.013,-37.417,0,"白霜らいふ",0.077,-16.481,0,"P0TA0",-23.032,-46.274,0,"vovopo 보보포",-5.605,-65.42,0,"あおいぬ",16.909,-42.735,0,"shimenawa",16.056,-63.288,0,"Pizzallaris",37.07,-85.22,0,"紅さかな",2.013,-116.048,0,"Kenomo",-45.334,-95.567,0,0,0,0,0,0,"",0,0,0,0,0,0,0,0,0,0
36,2,1,1,2,2,2,0,0,0,0,255,255,255,16,3262.499,"甲斐野柊太",R,10,101,1.236,-2.22,0.172,1.508,-36.604,4,0,0,400,0,0.232,-19.569,1,4,8,L,"Azuner",179.8,86,0.398,0,59,0,0,0,0,0,0,0,0,0,0,0,0,0,0,0,0,0.297,-36.819,0,"白霜らいふ",-0.016,-16.739,0,"P0TA0",-22.973,-45.609,0,"vovopo 보보포",-6.164,-65.78,0,"あおいぬ",16.817,-41.065,0,"shimenawa",11.86,-63.739,0,"Pizzallaris",37.067,-85.218,0,"紅さかな",2.066,-116.031,0,"Kenomo",-45.277,-95.498,0,0,0,0,0,0,"",0,0,0,0,0,0,0,0,0,0
37,2,1,1,2,0,0,1,0,0,0,255,255,255,17,3290.379,"甲斐野柊太",R,28,136,-0.709,-1.426,-0.07,1.582,-36.588,1,0,15.467,-73.611,0,-0.088,-17.185,0,5,3,R,"장덕춘_",165.3,85,0.301,0,59,0,0,0,0,0,0,0,0,0,0,0,0,0,0,0,0,-0.287,-37.084,0,"白霜らいふ",0.07,-16.584,0,"P0TA0",-22.931,-46.051,0,"vovopo 보보포",-14.824,-62.898,0,"あおいぬ",17.483,-41.782,0,"shimenawa",15.16,-63.181,0,"Pizzallaris",36.932,-85.027,0,"紅さかな",-0.36,-116.857,0,"Kenomo",-47.948,-93.038,0,0,0,0,0,0,"",0,0,0,0,0,0,0,0,0,0
38,2,1,1,2,1,0,1,0,0,0,255,255,255,18,3304.128,"甲斐野柊太",R,26,138,1.862,1.008,0.145,1.912,-36.843,4,0,90.682,-169.462,0,0,0,1,5,3,R,"장덕춘_",165.3,85,0.301,0,59,0,0,0,0,0,0,0,0,0,0,0,0,0,0,0,0,-0.196,-37.133,0,"白霜らいふ",0.155,-16.462,0,"P0TA0",-22.929,-45.983,0,"vovopo 보보포",-15.182,-62.336,0,"あおいぬ",16.984,-42.724,0,"shimenawa",14.163,-63.607,0,"Pizzallaris",36.938,-85.042,0,"紅さかな",-0.461,-116.223,0,"Kenomo",-47.954,-92.984,0,0,0,0,0,0,"",0,0,0,0,0,0,0,0,0,0
39,2,1,1,2,1,1,1,0,0,0,255,255,255,19,3317.752,"甲斐野柊太",R,28,129,1.025,1.026,0.074,1.938,-36.819,0,0,65.95,-76.101,0,0,0,1,5,3,R,"장덕춘_",165.3,85,0.301,0,59,0,0,0,0,0,0,0,0,0,0,0,0,0,0,0,0,-0.221,-37.135,0,"白霜らいふ",0.147,-16.429,0,"P0TA0",-23.01,-45.966,0,"vovopo 보보포",-15.891,-62.731,0,"あおいぬ",18.033,-41.631,0,"shimenawa",14.386,-63.722,0,"Pizzallaris",36.902,-85.03,0,"紅さかな",-0.247,-116.692,0,"Kenomo",-48.226,-93.589,0,0,0,0,0,0,"",0,0,0,0,0,0,0,0,0,0
40,2,1,1,2,1,2,1,0,0,0,255,255,255,20,3336.347,"甲斐野柊太",R,10,94,-0.861,-2.342,-0.12,1.6,-36.67,4,0,0,400,0,-0.161,-19.632,1,5,3,R,"장덕춘_",165.3,85,0.301,0,59,0,0,0,0,0,0,0,0,0,0,0,0,0,0,0,0,-0.111,-36.089,0,"白霜らいふ",0.557,-18.501,0,"P0TA0",-23.092,-45.696,0,"vovopo 보보포",-15.04,-61.421,0,"あおいぬ",17.722,-41.363,0,"shimenawa",10.192,-63.988,0,"Pizzallaris",36.907,-85.032,0,"紅さかな",-0.576,-115.995,0,"Kenomo",-48.312,-93.61,0,0,0,0,0,0,"",0,0,0,32,0,0,0,0,0,0
41,2,1,1,2,0,0,2,0,0,0,255,255,255,21,3367.829,"甲斐野柊太",R,0,0,0,0,0,0,0,0,0,0,0,0,0,0,0,6,9,R,"Oort__Cloud",160,90.288,0.2,0,59,0,0,0,0,0,0,0,0,0,0,0,0,0,0,0,0,0,0,0,"",0,0,0,"",0,0,0,"",0,0,0,"",0,0,0,"",0,0,0,"",0,0,0,"",0,0,0,"",0,0,0,0,0,0,0,0,"",0,0,0,0,0,0,0,0,0,0
42,2,1,1,2,0,0,2,0,0,0,255,255,255,21,3538.301,"甲斐野柊太",R,28,129,0.672,0.196,0.048,1.821,-36.702,2,0,47.036,-52.177,0,0,0,1,6,9,R,"Oort__Cloud",160,90.288,0.2,2,59,3539.412,253,20,168,76,30,255,150,84,11.482,0.701,-0.49,-0.105,-0.005,0.049,0,-0.223,-36.813,0,"白霜らいふ",0.067,-16.418,0,"P0TA0",-23.559,-46.369,0,"vovopo 보보포",-17.47,-61.969,0,"あおいぬ",15.786,-43.032,0,"shimenawa",14.668,-63.603,0,"Pizzallaris",37.046,-83.951,0,"紅さかな",-0.451,-112.8,0,"Kenomo",-48.327,-89.291,0,0,0,0,3542.201,5,"shimenawa",3.075,-65.169,0,0,0,0,0,0,0,1
43,2,0,1,2,0,0,0,0,0,0,255,255,255,20,3601.301,"卯月満開",R,0,118,1.844,0.401,0.172,1.617,-36.835,1,0,0,0,0,0,0,0,6,1,R,"白霜らいふ",190,100.044,0.704,0,59,0,0,0,0,0,0,0,0,0,0,0,0,0,0,0,0,-0.456,-37.934,0,"HalF_HearteD",0.131,-16.535,0,"하루（Haru）",-20.401,-45.205,0,"장덕춘_",-14.33,-64.01,0,"bdg06213",21.569,-52.339,0,"Pugeuk",8.81,-65.211,0,"Apple_Sherbet",38.533,-85.786,0,"ʚneul_ɞ",-2.387,-104.662,0,"Azuner",-41.905,-84.058,0,0,0,0,0,0,"",0,0,0,0,0,0,0,0,0,0
44,2,0,1,2,1,0,0,0,0,0,255,255,255,21,3620.858,"卯月満開",R,10,107,1.297,-0.216,0.058,1.673,-36.839,0,0,148.573,400,1.582,0,0,0,6,1,R,"白霜らいふ",190,100.044,0.704,0,59,0,0,0,0,0,0,0,0,0,0,0,0,0,0,0,0,-0.215,-37.69,0,"HalF_HearteD",0.127,-16.519,0,"하루（Haru）",-20.365,-45.124,0,"장덕춘_",-14.292,-64.054,0,"bdg06213",22.35,-52.088,0,"Pugeuk",8.998,-65.29,0,"Apple_Sherbet",38.757,-85.636,0,"ʚneul_ɞ",-1.188,-108.532,0,"Azuner",-41.808,-84.132,0,0,0,0,0,0,"",0,0,0,0,0,0,0,0,0,0
45,2,0,1,2,1,1,0,0,0,0,255,255,255,22,3641.051,"卯月満開",R,0,114,1.03,0.508,0.096,1.634,-36.792,2,0,0,0,0,0,0,1,6,1,R,"白霜らいふ",190,100.044,0.704,2,59,3642.166,240,17,145,71,51,255,150,113,25.353,-19.516,0.11,-0.043,-0.067,0.32,0,-0.602,-36.801,0,"HalF_HearteD",0.077,-16.756,0,"하루（Haru）",-19.641,-46.67,0,"장덕춘_",-13.69,-64.811,0,"bdg06213",22.009,-52.658,0,"Pugeuk",9.636,-65.115,0,"Apple_Sherbet",38.984,-85.85,0,"ʚneul_ɞ",0.196,-107.442,0,"Azuner",-41.851,-84.172,0,3646.701,15.223,-114.222,3650.535,7,"ʚneul_ɞ",14.354,-127.952,1,0,0,0,0,0,0,2
46,2,0,1,2,0,0,0,0,1,0,255,10,255,23,3689.68,"卯月満開",R,0,121,0.811,2.325,0.144,1.76,-36.994,1,0,0,0,0,0,0,0,7,7,R,"紅さかな",172.5,96.324,0.453,0,59,0,0,0,0,0,0,0,0,0,0,0,0,0,0,0,0,-0.051,-37.327,0,"HalF_HearteD",0.069,-16.447,0,"하루（Haru）",-20.03,-45.941,0,"장덕춘_",-12.784,-64.856,0,"bdg06213",22.305,-51.351,0,"Pugeuk",7.075,-64.718,0,"Apple_Sherbet",41.921,-89.078,0,"ʚneul_ɞ",-2.98,-110.021,0,"Azuner",-45.29,-86.712,0,0,0,0,0,0,"",0,0,0,0,0,0,0,0,0,0
47,2,0,1,2,1,0,0,0,1,0,255,10,255,24,3710.902,"卯月満開",R,14,106,2.482,-0.483,0.092,1.63,-36.864,1,0,320.678,373.173,27.095,0,0,0,7,7,R,"紅さかな",172.5,96.324,0.453,0,59,0,0,0,0,0,0,0,0,0,0,0,0,0,0,0,0,-0.353,-37.707,0,"HalF_HearteD",0.247,-16.507,0,"하루（Haru）",-19.845,-44.57,0,"장덕춘_",-14.211,-64.065,0,"bdg06213",22.823,-52.126,0,"Pugeuk",1.629,-61.357,0,"Apple_Sherbet",41.75,-89.305,0,"ʚneul_ɞ",-2.681,-109.092,0,"Azuner",-45.329,-86.681,0,0,0,0,0,0,"",0,0,0,0,0,0,0,0,0,0
48,2,0,1,2,2,0,0,0,1,0,255,10,255,25,3731.776,"卯月満開",R,10,107,0.633,0.648,0.041,1.778,-36.883,0,0,0,400,16.58,0,0,0,7,7,R,"紅さかな",172.5,96.324,0.453,0,59,0,0,0,0,0,0,0,0,0,0,0,0,0,0,0,0,-0.211,-37.43,0,"HalF_HearteD",0.14,-16.503,0,"하루（Haru）",-19.278,-45.595,0,"장덕춘_",-14.192,-64.03,0,"bdg06213",22.91,-51.485,0,"Pugeuk",3.718,-63.362,0,"Apple_Sherbet",41.805,-89.425,0,"ʚneul_ɞ",-1.751,-111.294,0,"Azuner",-45.179,-86.858,0,0,0,0,0,0,"",0,0,0,0,0,0,0,0,0,0
49,2,0,1,2,2,1,0,0,1,0,255,10,255,26,3754.381,"卯月満開",R,0,121,2.003,-0.311,0.186,1.488,-36.785,2,0,0,0,0,0,0,1,7,7,R,"紅さかな",172.5,96.324,0.453,3,59,3755.573,97,12,75,40,21,122,130,81,-26.825,18.349,-0.51,0.025,-0.056,0.057,0,-0.192,-37.057,0,"HalF_HearteD",0.246,-16.634,0,"하루（Haru）",-16.854,-46.839,0,"장덕춘_",-14.218,-63.948,0,"bdg06213",21.633,-52.804,0,"Pugeuk",6.901,-65.557,0,"Apple_Sherbet",41.839,-89.43,0,"ʚneul_ɞ",-1.77,-111.16,0,"Azuner",-45.311,-86.639,0,3755.735,-0.038,-20.13,3758.352,3,"장덕춘_",-11.448,-56.587,0,0,0,0,0,0,0,2
50,2,0,1,2,0,0,1,0,0,1,255,255,10,27,3819.957,"卯月満開",R,10,104,1.877,0.076,0.14,1.667,-36.93,1,0,0,400,9.714,0,0,0,8,8,R,"Kenomo",174.5,90.022,0.469,0,59,0,0,0,0,0,0,0,0,0,0,0,0,0,0,0,0,-0.032,-37.364,0,"HalF_HearteD",0.195,-16.452,0,"하루（Haru）",-19.296,-44.252,0,"장덕춘_",-14.432,-64.137,0,"bdg06213",22.229,-49.214,0,"Pugeuk",6.963,-63.355,0,"Apple_Sherbet",41.705,-87.415,0,"ʚneul_ɞ",-1.527,-114.848,0,"Azuner",-45.989,-86.402,0,0,0,0,0,0,"",0,0,0,0,0,0,0,0,0,0
51,2,0,1,2,1,0,1,0,0,1,255,255,10,28,3840.912,"卯月満開",R,6,96,0.458,-0.182,-0.167,1.517,-36.791,0,0,436.364,0,-10.781,0,0,0,8,8,R,"Kenomo",174.5,90.022,0.469,0,59,0,0,0,0,0,0,0,0,0,0,0,0,0,0,0,0,-0.388,-37.737,0,"HalF_HearteD",0.051,-16.364,0,"하루（Haru）",-19.089,-43.879,0,"장덕춘_",-14.497,-64.154,0,"bdg06213",22.676,-49.988,0,"Pugeuk",4.732,-63.493,0,"Apple_Sherbet",41.736,-87.561,0,"ʚneul_ɞ",-3.061,-114.904,0,"Azuner",-46.031,-86.324,0,0,0,0,0,0,"",0,0,0,0,0,0,0,0,0,0
52,2,0,1,2,1,1,1,0,0,1,255,255,10,29,3862.83,"卯月満開",R,9,99,2.533,0.51,0.053,1.509,-36.739,4,0,340.908,-326.376,-8.765,-0.047,-20.718,1,8,8,R,"Kenomo",174.5,90.022,0.469,0,59,0,0,0,0,0,0,0,0,0,0,0,0,0,0,0,0,-0.371,-37.495,0,"HalF_HearteD",0.156,-17.775,0,"하루（Haru）",-17.743,-44.768,0,"장덕춘_",-12.912,-63.968,0,"bdg06213",22.151,-50.764,0,"Pugeuk",5.44,-63.994,0,"Apple_Sherbet",41.84,-88.174,0,"ʚneul_ɞ",-4.818,-112.908,0,"Azuner",-45.965,-86.414,0,0,0,0,0,0,"",0,0,0,0,0,0,0,0,0,0
53,2,0,1,2,1,2,1,0,0,1,255,255,10,30,3887.203,"卯月満開",R,15,105,0.925,0.407,0.086,1.502,-36.751,2,0,0,-306.085,6.359,0,0,1,8,8,R,"Kenomo",174.5,90.022,0.469,2,77,3888.433,149,13,70,30,15,78,130,87,-10.974,-12.38,-0.21,0.017,-0.033,0.133,0,-0.567,-36.818,0,"HalF_HearteD",0.206,-16.877,0,"하루（Haru）",-18.255,-45.714,0,"장덕춘_",-12.933,-63.95,0,"bdg06213",21.53,-49.685,0,"Pugeuk",9.122,-64.618,0,"Apple_Sherbet",40.427,-87.431,0,"ʚneul_ɞ",-1.293,-110.69,0,"Azuner",-46.114,-86.258,0,3888.701,1.18,-24.116,3890.785,5,"Pugeuk",6.097,-56.956,0,0,0,0,0,0,0,2
54,2,0,1,2,0,0,2,0,0,1,255,255,10,31,3975.535,"卯月満開",R,0,112,0.561,0.042,0.141,1.488,-36.731,2,0,0,0,-6.538,0,0,1,0,9,L,"-Alta-",190,80,0.5,3,59,3976.698,149,22,115,68,34,141,150,120,-30,-38.547,0.17,0.055,-0.119,0.085,0,-0.183,-36.913,0,"HalF_HearteD",0.415,-16.948,0,"하루（Haru）",-19.6,-47.186,0,"장덕춘_",-12.831,-64.651,0,"bdg06213",21.576,-48.403,0,"Pugeuk",13.111,-63.586,0,"Apple_Sherbet",44.129,-89.359,0,"ʚneul_ɞ",3.251,-109.173,0,"Azuner",-42.773,-86.613,0,3976.802,1.437,-21.145,3978.352,4,"bdg06213",20.105,-43.903,0,0,0,0,0,0,0,2
55,3,1,1,2,0,0,0,0,0,0,255,255,255,22,4034.709,"甲斐野柊太",R,27,139,-1.892,-0.876,-0.207,1.627,-36.804,1,0,117.631,-149.696,0,0,0,0,7,7,L,"ʚneul_ɞ",175,95,0.532,0,60,0,0,0,0,0,0,0,0,0,0,0,0,0,0,0,0,-0.249,-37.35,0,"白霜らいふ",0.019,-16.605,0,"P0TA0",-23.007,-46.063,0,"vovopo 보보포",-7.306,-66.246,0,"あおいぬ",17.08,-43.194,0,"shimenawa",15.807,-62.674,0,"Pizzallaris",37.676,-86.078,0,"紅さかな",0.962,-113.677,0,"Kenomo",-43.407,-94.081,0,0,0,0,0,0,"",0,0,0,0,0,0,0,0,0,0
56,3,1,1,2,1,0,0,0,0,0,255,255,255,23,4048.59,"甲斐野柊太",R,28,140,-1.125,-0.352,-0.143,1.745,-36.642,2,0,39.086,-58.235,0,0,0,1,7,7,L,"ʚneul_ɞ",175,95,0.532,3,60,4049.231,144,12,122,55,11,180,150,98,-5.933,-32.458,-0.14,0.022,-0.016,0.285,0,-0.377,-36.782,0,"白霜らいふ",-0.032,-16.591,0,"P0TA0",-22.906,-46.097,0,"vovopo 보보포",-12.124,-65.595,0,"あおいぬ",17.217,-42.859,0,"shimenawa",15.81,-62.701,0,"Pizzallaris",37.836,-87.321,0,"紅さかな",1.511,-113.747,0,"Kenomo",-43.379,-94.064,0,4049.535,3.584,-25.776,4050.652,4,"あおいぬ",13.869,-41.336,0,0,0,0,0,0,0,2
57,3,1,1,2,0,0,1,0,0,0,255,255,255,24,4078.319,"甲斐野柊太",R,10,113,-0.207,-0.953,-0.019,1.796,-36.848,0,0,0,400,0,0,0,0,8,1,R,"HalF_HearteD",175.2,80,0.503,0,59,0,0,0,0,0,0,0,0,0,0,0,0,0,0,0,0,-0.261,-37.228,0,"白霜らいふ",0.006,-16.593,0,"P0TA0",-23.276,-46.038,0,"vovopo 보보포",-15.673,-63.28,0,"あおいぬ",17.025,-42.486,0,"shimenawa",14.611,-62.494,0,"Pizzallaris",37.605,-84.902,0,"紅さかな",-0.704,-113.915,0,"Kenomo",-48.939,-92.285,0,0,0,0,0,0,"",0,0,0,0,0,0,0,0,0,0
58,3,1,1,2,0,1,1,0,0,0,255,255,255,25,4093.564,"甲斐野柊太",R,10,100,-0.45,-2.248,-0.111,1.535,-36.702,2,0,71.976,400,0,0,0,1,8,1,R,"HalF_HearteD",175.2,80,0.503,3,59,4094.7,111,14,101,84,65,112,142,115,-30,36.702,0.86,-0.034,-0.104,0.055,0,-0.186,-37.034,0,"白霜らいふ",-0.07,-16.747,0,"P0TA0",-23.19,-46.055,0,"vovopo 보보포",-15.218,-63.713,0,"あおいぬ",16.102,-43.001,0,"shimenawa",13.718,-64.327,0,"Pizzallaris",37.816,-84.773,0,"紅さかな",-1.006,-113.975,0,"Kenomo",-48.756,-91.888,0,4094.785,-0.141,-19.915,4098.352,8,"Kenomo",-43.751,-77.5,1,0,0,0,0,0,0,2
59,3,1,1,2,0,0,1,1,0,0,1,255,255,26,4131.178,"甲斐野柊太",R,34,135,0.52,-0.191,0.026,1.761,-36.661,2,0,71.552,-66.086,0,0,0,1,0,6,R,"Apple_Sherbet",176.8,87.926,0.272,3,59,4132.14,255,19,142,63,19,181,150,93,27.732,22.64,-0.45,-0.025,-0.07,0.229,0,-0.18,-36.879,0,"白霜らいふ",0.042,-16.671,0,"P0TA0",-18.227,-39.604,0,"vovopo 보보포",-15.483,-63.55,0,"あおいぬ",15.879,-43.508,0,"shimenawa",14.708,-62.968,0,"Pizzallaris",37.394,-86.459,0,"紅さかな",-0.826,-113.381,0,"Kenomo",-50.289,-89.578,0,4137.051,-39.671,-87.403,4137.068,8,"Kenomo",-38.34,-85.362,0,0,0,0,0,0,0,1
60,3,1,1,2,0,0,2,1,0,0,1,255,255,27,4159.171,"甲斐野柊太",R,34,131,-0.393,0.772,-0.062,1.9,-36.665,0,0,80.767,-52.748,0,0,0,1,1,5,R,"Pugeuk",160,95.761,0.552,0,59,0,0,0,0,0,0,0,0,0,0,0,0,0,0,0,0,-0.201,-37.159,0,"白霜らいふ",0.086,-16.491,0,"P0TA0",-17.936,-40.151,0,"vovopo 보보포",-14.367,-63.168,0,"あおいぬ",17.351,-41.344,0,"shimenawa",13.404,-63.565,0,"Pizzallaris",37.422,-86.454,0,"紅さかな",-0.75,-112.41,0,"Kenomo",-49.529,-91.559,0,0,0,0,0,0,"",0,0,0,0,0,0,0,0,0,0
61,3,1,1,2,0,1,2,1,0,0,1,255,255,28,4173.398,"甲斐野柊太",R,10,98,-2.257,-2.363,-0.314,1.614,-36.706,4,0,0,400,0,0,0,1,1,5,R,"Pugeuk",160,95.761,0.552,0,59,0,0,0,0,0,0,0,0,0,0,0,0,0,0,0,0,-0.295,-37.402,0,"白霜らいふ",-0.073,-16.801,0,"P0TA0",-17.859,-40.039,0,"vovopo 보보포",-13.165,-62.641,0,"あおいぬ",16.97,-42.244,0,"shimenawa",8.447,-63.273,0,"Pizzallaris",37.419,-86.415,0,"紅さかな",-0.665,-112.302,0,"Kenomo",-49.523,-91.505,0,0,0,0,0,0,"",0,0,0,0,0,0,0,0,0,0
62,3,1,1,2,0,2,2,1,0,0,1,255,255,29,4191.618,"甲斐野柊太",R,10,96,-2.058,-2.97,-0.286,1.224,-36.647,4,0,0,400,0,-0.369,-22.47,1,1,5,R,"Pugeuk",160,95.761,0.552,0,59,0,0,0,0,0,0,0,0,0,0,0,0,0,0,0,0,0.072,-37.127,0,"白霜らいふ",-0.203,-16.992,0,"P0TA0",-18.102,-39.835,0,"vovopo 보보포",-14.241,-63.3,0,"あおいぬ",18.316,-41.628,0,"shimenawa",7.756,-64.534,0,"Pizzallaris",37.45,-86.418,0,"紅さかな",-1.165,-111.516,0,"Kenomo",-49.734,-90.896,0,0,0,0,0,0,"",0,0,1,0,0,0,0,0,0,0
63,3,1,1,2,0,0,2,1,1,0,255,1,255,30,4280.702,"甲斐野柊太",R,10,96,-1.934,-2.001,-0.269,1.533,-36.713,4,0,0,400,0,-0.364,-19.342,1,2,2,R,"하루（Haru）",190,90,0.55,0,59,0,0,0,0,0,0,0,0,0,0,0,0,0,0,0,0,-0.22,-37.498,0,"白霜らいふ",-0.155,-16.786,0,"P0TA0",-19.681,-41.759,0,"vovopo 보보포",-15.514,-62.245,0,"あおいぬ",17.37,-41.626,0,"shimenawa",8.162,-63.581,0,"Pizzallaris",37.481,-86.108,0,"紅さかな",0.389,-119.484,0,"Kenomo",-51.645,-90.598,0,0,0,0,0,0,"",0,0,0,0,0,0,0,0,0,0
64,3,1,1,2,0,1,2,1,1,0,255,1,255,31,4772.445,"甲斐野柊太",R,28,133,1.294,0.796,0.097,1.937,-36.863,0,0,71.137,-98.766,0,0,0,0,2,2,R,"하루（Haru）",190,85,0.55,0,59,0,0,0,0,0,0,0,0,0,0,0,0,0,0,0,0,-0.312,-37.114,0,"白霜らいふ",0.081,-16.486,0,"P0TA0",-19.807,-40.57,0,"vovopo 보보포",-14.762,-63.005,0,"あおいぬ",18.194,-41.211,0,"shimenawa",11.141,-63.571,0,"Pizzallaris",37.399,-86.891,0,"紅さかな",0.669,-117.14,0,"Kenomo",-51.119,-90.637,0,0,0,0,0,0,"",0,0,0,0,0,0,0,0,0,0
65,3,1,1,2,0,2,2,1,1,0,255,1,255,32,4789.149,"甲斐野柊太",R,10,91,-2.984,-1.281,-0.361,1.725,-36.905,2,0,0,297.414,0,0,0,1,2,2,R,"하루（Haru）",190,85,0.55,2,59,4790.499,255,10,150,67,25,255,150,116,-30,41.729,0.92,-0.036,-0.049,0.134,0,-0.548,-37.277,0,"白霜らいふ",-0.153,-16.817,0,"P0TA0",-20.143,-41.96,0,"vovopo 보보포",-19.173,-60.919,0,"あおいぬ",16.735,-42.732,0,"shimenawa",12.557,-63.375,0,"Pizzallaris",37.347,-86.201,0,"紅さかな",0.716,-117.426,0,"Kenomo",-51.704,-91.383,0,4790.602,-1.209,-20.451,4791.868,2,"P0TA0",-18.94,-40.241,0,0,0,0,0,0,0,2
66,3,0,1,2,0,0,0,0,0,0,255,255,255,32,4923.992,"卯月満開",R,0,116,0.896,0.905,0.083,1.688,-36.643,0,0,0,0,0,0,0,0,1,3,L,"vovopo 보보포",175.3,90,0.6,0,38,0,0,0,0,0,0,0,0,0,0,0,0,0,0,0,0,-0.108,-37.269,0,"HalF_HearteD",-0.007,-16.778,0,"하루（Haru）",-18.188,-44.578,0,"장덕춘_",-13.189,-64.604,0,"bdg06213",22.357,-52.331,0,"Pugeuk",11.141,-63.91,0,"Apple_Sherbet",40.092,-91.166,0,"ʚneul_ɞ",-0.58,-109.518,0,"Azuner",-43.694,-86.936,0,0,0,0,0,0,"",0,0,0,0,0,0,0,0,0,0
67,3,0,1,2,0,1,0,0,0,0,255,255,255,33,4944.74,"卯月満開",R,0,114,-0.691,1.133,-0.064,1.727,-36.555,2,0,0,0,0,0,0,1,1,3,L,"vovopo 보보포",175.3,90,0.6,3,38,4945.943,192,28,108,61,6,162,150,120,-30,-28.437,0.2,-0.078,-0.024,0.237,0,-0.564,-36.7,0,"HalF_HearteD",-0.064,-16.9,0,"하루（Haru）",-18.384,-46.092,0,"장덕춘_",-13.287,-64.53,0,"bdg06213",22.984,-52.458,0,"Pugeuk",11.188,-63.907,0,"Apple_Sherbet",40.176,-91.694,0,"ʚneul_ɞ",0.189,-103.575,0,"Azuner",-43.58,-87.164,0,4946.085,0.502,-18.602,4947.868,4,"bdg06213",18.275,-51.407,0,0,0,0,0,0,0,2
68,3,0,1,2,0,0,1,0,0,0,255,255,255,34,4978.132,"卯月満開",R,0,108,-0.646,0.699,-0.098,1.706,-36.685,2,0,0,0,0,0,0,1,2,5,L,"shimenawa",174.7,94.582,0.2,3,94,4979.348,134,11,86,29,19,116,136,90,40.298,35.007,-0.3,-0.063,-0.03,0.211,0,-0.584,-36.871,0,"HalF_HearteD",-0.116,-16.888,0,"하루（Haru）",-18.595,-46.622,0,"장덕춘_",-13.96,-63.952,0,"bdg06213",22.972,-52.536,0,"Pugeuk",9.88,-63.056,0,"Apple_Sherbet",41.69,-91.009,0,"ʚneul_ɞ",-1.647,-109.071,0,"Azuner",-44.387,-87.953,0,4984.268,-39.126,-78.416,4984.452,8,"Azuner",-37.948,-76.633,0,0,0,0,0,0,0,1
69,3,0,1,2,0,0,2,0,0,0,255,255,255,35,5020.089,"卯月満開",R,14,108,2.131,-0.379,0.053,1.612,-36.635,1,0,355.441,344.876,18.564,0.756,-17.397,0,3,4,R,"あおいぬ",190,85,0.495,0,59,0,0,0,0,0,0,0,0,0,0,0,0,0,0,0,0,-0.387,-37.334,0,"HalF_HearteD",0.186,-16.735,0,"하루（Haru）",-19.52,-44.864,0,"장덕춘_",-15.257,-63.566,0,"bdg06213",22.185,-54.266,0,"Pugeuk",7.616,-64.401,0,"Apple_Sherbet",41.113,-91.341,0,"ʚneul_ɞ",0.049,-109.673,0,"Azuner",-45.102,-86.301,0,0,0,0,0,0,"",0,0,0,0,0,0,0,0,0,0
70,3,0,1,2,2,0,2,0,0,0,255,255,255,36,5065.466,"卯月満開",R,0,140,1.35,0.894,0.126,1.712,-36.7,0,0,0,0,0,0,0,0,3,4,R,"あおいぬ",190,85,0.495,0,59,0,0,0,0,0,0,0,0,0,0,0,0,0,0,0,0,-0.056,-37.289,0,"HalF_HearteD",0.147,-16.513,0,"하루（Haru）",-19.87,-45.611,0,"장덕춘_",-15.347,-63.585,0,"bdg06213",21.755,-53.689,0,"Pugeuk",6.205,-64.533,0,"Apple_Sherbet",41.524,-91.866,0,"ʚneul_ɞ",-0.833,-111.106,0,"Azuner",-45.353,-86.274,0,0,0,0,0,0,"",0,0,0,0,0,0,0,0,0,0
71,3,0,1,2,2,1,2,0,0,0,255,255,255,37,5086.726,"卯月満開",R,0,140,1.505,1.336,0.14,1.798,-36.738,1,0,0,0,0,0,0,0,3,4,R,"あおいぬ",190,85,0.495,0,59,0,0,0,0,0,0,0,0,0,0,0,0,0,0,0,0,-0.083,-37.165,0,"HalF_HearteD",0.169,-16.54,0,"하루（Haru）",-18.759,-45.748,0,"장덕춘_",-15.265,-63.599,0,"bdg06213",21.606,-53.778,0,"Pugeuk",6.541,-64.486,0,"Apple_Sherbet",41.712,-92.092,0,"ʚneul_ɞ",1.09,-108.301,0,"Azuner",-45.318,-86.28,0,0,0,0,0,0,"",0,0,0,0,0,0,0,0,0,0
72,3,0,1,2,3,1,2,0,0,0,255,255,255,38,5107.118,"卯月満開",R,6,108,2.313,-0.015,0.02,1.54,-36.584,2,0,490.909,0,-16.724,0,0,1,3,4,R,"あおいぬ",190,85,0.495,3,59,5108.258,134,15,118,77,65,148,150,128,16.623,-11.532,0.24,-0.04,0.033,0.049,0,-0.278,-36.8,0,"HalF_HearteD",0.149,-16.719,0,"하루（Haru）",-19.038,-45.83,0,"장덕춘_",-15.218,-63.537,0,"bdg06213",21.699,-53.908,0,"Pugeuk",6.314,-64.512,0,"Apple_Sherbet",41.718,-92.058,0,"ʚneul_ɞ",-0.248,-106.137,0,"Azuner",-45.319,-86.223,0,5112.235,11.947,-121.817,5115.085,7,"ʚneul_ɞ",13.631,-125.925,1,0,0,0,0,0,0,2
73,3,0,1,2,0,0,2,0,1,0,255,13,255,39,5157.719,"卯月満開",R,10,104,1.143,0.791,0.083,1.851,-36.882,0,0,0,400,8.09,0,0,0,4,2,R,"P0TA0",190,97,0.384,0,59,0,0,0,0,0,0,0,0,0,0,0,0,0,0,0,0,-0.349,-37.387,0,"HalF_HearteD",0.182,-16.532,0,"하루（Haru）",-18.582,-45.342,0,"장덕춘_",-14.029,-63.183,0,"bdg06213",22.608,-47.964,0,"Pugeuk",2.698,-61.92,0,"Apple_Sherbet",41.664,-91.451,0,"ʚneul_ɞ",-2.694,-110.123,0,"Azuner",-44.875,-86.014,0,0,0,0,0,0,"",0,0,0,0,0,0,0,0,0,0
74,3,0,1,2,0,1,2,0,1,0,255,13,255,40,5180.006,"卯月満開",R,0,119,1.762,1.743,0.183,1.839,-36.803,1,0,0,0,0,0,0,0,4,2,R,"P0TA0",190,97,0.384,0,59,0,0,0,0,0,0,0,0,0,0,0,0,0,0,0,0,-0.068,-37.32,0,"HalF_HearteD",0.566,-18.353,0,"하루（Haru）",-18.033,-45.353,0,"장덕춘_",-13.998,-63.134,0,"bdg06213",22.345,-48.911,0,"Pugeuk",0.489,-60.722,0,"Apple_Sherbet",41.026,-90.243,0,"ʚneul_ɞ",-3.143,-115.969,0,"Azuner",-44.997,-85.814,0,0,0,0,0,0,"",0,0,0,0,0,0,0,0,0,0
75,3,0,1,2,1,1,2,0,1,0,255,13,255,41,5206.184,"卯月満開",R,9,102,2.691,1.086,0.049,1.662,-36.591,3,0,362.039,-312.348,-2.544,-0.025,-20.111,0,4,2,R,"P0TA0",190,97,0.384,0,59,0,0,0,0,0,0,0,0,0,0,0,0,0,0,0,0,-0.674,-36.999,0,"HalF_HearteD",0.195,-17.151,0,"하루（Haru）",-18.219,-44.732,0,"장덕춘_",-14.07,-63.963,0,"bdg06213",21.209,-51.093,0,"Pugeuk",6.538,-62.914,0,"Apple_Sherbet",41.014,-90.297,0,"ʚneul_ɞ",0.125,-112.235,0,"Azuner",-44.997,-85.822,0,0,0,0,0,0,"",0,0,0,0,0,0,0,0,0,6
76,3,0,1,2,0,0,2,1,1,0,11,13,255,42,5238.03,"卯月満開",R,14,103,1.828,0.463,0.014,1.759,-36.74,2,0,357.284,323.122,15.915,0,0,1,5,6,R,"Pizzallaris",170.2,89.878,0.446,3,59,5239.252,182,15,75,70,31,107,141,87,90,90,-0.5,-0.01,-0.006,0.035,0,-0.218,-37.076,0,"HalF_HearteD",0.158,-16.681,0,"하루（Haru）",-18.939,-46.112,0,"장덕춘_",-13.888,-64.324,0,"bdg06213",20.33,-49.038,0,"Pugeuk",10.567,-64.763,0,"Apple_Sherbet",40.95,-87.405,0,"ʚneul_ɞ",1.102,-112.327,0,"Azuner",-45.381,-86.119,0,0,0,0,0,0,"",0,0,0,0,0,0,0,0,0,3
77,3,0,1,2,0,1,2,1,1,0,11,13,255,43,5261.419,"卯月満開",R,0,123,-0.678,2.598,-0.043,1.858,-36.827,1,0,0,0,0,0,0,0,5,6,R,"Pizzallaris",170.2,89.878,0.446,0,48,0,0,0,0,0,0,0,0,0,0,0,0,0,0,0,0,-0.3,-37.528,0,"HalF_HearteD",0.028,-18.33,0,"하루（Haru）",-18.95,-44.412,0,"장덕춘_",-13.842,-64.145,0,"bdg06213",22.238,-48.411,0,"Pugeuk",3.285,-62.148,0,"Apple_Sherbet",40.261,-84.773,0,"ʚneul_ɞ",0.696,-94.463,0,"Azuner",-46.302,-86.6,0,0,0,0,0,0,"",0,0,0,0,0,0,0,0,0,0
78,3,0,1,2,1,1,2,1,1,0,11,13,255,44,5283.845,"卯月満開",R,0,120,0.941,1.871,0.059,1.773,-36.765,2,0,0,0,0,0,0,1,5,6,R,"Pizzallaris",170.2,89.878,0.446,3,48,5284.993,170,14,80,47,19,141,139,110,31.514,-14.849,0.18,0.049,0.017,0.243,0,-0.788,-37.103,0,"HalF_HearteD",-0.045,-16.744,0,"하루（Haru）",-18.266,-45.43,0,"장덕춘_",-14.069,-64.347,0,"bdg06213",22.521,-50.671,0,"Pugeuk",2.251,-62.29,0,"Apple_Sherbet",40.843,-86.289,0,"ʚneul_ɞ",0.349,-114.061,0,"Azuner",-46.363,-86.457,0,5290.651,26.774,-109.993,5293.751,7,"ʚneul_ɞ",33.489,-122.15,1,0,0,0,0,0,0,2
79,4,1,1,3,0,0,0,0,0,0,255,255,255,33,5390.497,"甲斐野柊太",R,10,98,-2.234,-2.277,-0.311,1.447,-36.779,1,0,0,400,0,-0.416,-19.886,0,3,4,R,"bdg06213",190,86.379,0.25,0,59,0,0,0,0,0,0,0,0,0,0,0,0,0,0,0,0,-0.182,-37.596,0,"白霜らいふ",-0.101,-16.473,0,"P0TA0",-23.187,-46.007,0,"vovopo 보보포",-15.654,-60.563,0,"あおいぬ",16.924,-42.293,0,"shimenawa",13.724,-63.554,0,"Pizzallaris",35.939,-83.196,0,"紅さかな",-0.719,-115.998,0,"Kenomo",-49.602,-92.085,0,0,0,0,0,0,"",0,0,0,0,0,0,0,0,0,0
80,4,1,1,3,1,0,0,0,0,0,255,255,255,34,5408.077,"甲斐野柊太",R,28,140,2.164,0.602,0.154,1.92,-36.89,4,0,69.238,-97.104,0,-0.204,-20.407,1,3,4,R,"bdg06213",190,86.379,0.25,0,59,0,0,0,0,0,0,0,0,0,0,0,0,0,0,0,0,-0.223,-37.19,0,"白霜らいふ",-0.088,-17.533,0,"P0TA0",-23.174,-45.97,0,"vovopo 보보포",-11.919,-64.493,0,"あおいぬ",16.6,-42.951,0,"shimenawa",12.962,-64.115,0,"Pizzallaris",36.089,-83.402,0,"紅さかな",-0.653,-115.952,0,"Kenomo",-49.599,-92.095,0,0,0,0,0,0,"",0,0,0,0,0,0,0,0,0,0
81,4,1,1,3,1,1,0,0,0,0,255,255,255,35,5426.989,"甲斐野柊太",R,28,127,1.305,1.276,0.105,2.039,-37.068,1,0,46.552,-76.962,0,0,0,0,3,4,R,"bdg06213",190,86.379,0.25,0,59,0,0,0,0,0,0,0,0,0,0,0,0,0,0,0,0,-0.371,-37.195,0,"白霜らいふ",-0.01,-16.46,0,"P0TA0",-23.238,-45.719,0,"vovopo 보보포",-11.031,-63.703,0,"あおいぬ",17.979,-41.574,0,"shimenawa",10.368,-64.714,0,"Pizzallaris",36.522,-83.615,0,"紅さかな",-0.993,-116.079,0,"Kenomo",-49.76,-92.031,0,0,0,0,0,0,"",0,0,0,0,0,0,0,0,0,0
82,4,1,1,3,2,1,0,0,0,0,255,255,255,36,5441.444,"甲斐野柊太",R,10,103,-1.33,-1.516,-0.185,1.591,-36.682,4,0,0,324.223,0,0,0,1,3,4,R,"bdg06213",190,86.379,0.25,0,59,0,0,0,0,0,0,0,0,0,0,0,0,0,0,0,0,-0.321,-37.367,0,"白霜らいふ",-0.083,-16.562,0,"P0TA0",-23.211,-45.986,0,"vovopo 보보포",-15.091,-61.542,0,"あおいぬ",18.57,-40.749,0,"shimenawa",11.298,-63.827,0,"Pizzallaris",36.614,-83.79,0,"紅さかな",-1.012,-116.083,0,"Kenomo",-49.704,-91.996,0,0,0,0,0,0,"",0,0,0,0,0,0,0,0,0,0
83,4,1,1,3,2,2,0,0,0,0,255,255,255,37,5455.6,"甲斐野柊太",R,10,96,-2.961,-0.49,-0.388,1.809,-36.955,1,0,0,400,0,0,0,0,3,4,R,"bdg06213",190,86.379,0.25,0,59,0,0,0,0,0,0,0,0,0,0,0,0,0,0,0,0,-0.395,-37.499,0,"白霜らいふ",-0.02,-16.524,0,"P0TA0",-23.171,-45.792,0,"vovopo 보보포",-13.536,-62.998,0,"あおいぬ",18.149,-40.972,0,"shimenawa",9.605,-63.575,0,"Pizzallaris",36.611,-83.794,0,"紅さかな",-0.79,-116.114,0,"Kenomo",-49.713,-92.028,0,0,0,0,0,0,"",0,0,0,0,0,0,0,0,0,0
84,4,1,1,3,3,2,0,0,0,0,255,255,255,38,5471.04,"甲斐野柊太",R,28,135,0.388,-0.138,0.013,1.764,-36.746,2,0,75.026,-92.394,0,0,0,1,3,4,R,"bdg06213",190,86.379,0.25,3,59,5472.211,220,12,136,65,34,196,150,103,28.415,7.621,-0.21,0,0,0.061,0,-0.363,-36.995,0,"白霜らいふ",0.081,-16.715,0,"P0TA0",-23.757,-46.376,0,"vovopo 보보포",-13.638,-64.663,0,"あおいぬ",16.557,-42.502,0,"shimenawa",15.653,-63.358,0,"Pizzallaris",36.625,-83.825,0,"紅さかな",-1.173,-116.06,0,"Kenomo",-49.712,-91.999,0,5477.185,4.304,-104.619,5477.318,7,"紅さかな",3.982,-102.416,0,0,0,0,0,0,0,1
85,4,1,1,3,0,0,1,0,0,0,255,255,255,39,5498.296,"甲斐野柊太",R,0,128,-1.273,0.138,-0.131,1.829,-36.759,0,0,38.39,-31.582,0,0,0,0,4,8,L,"Azuner",179.8,86,0.398,0,59,0,0,0,0,0,0,0,0,0,0,0,0,0,0,0,0,-0.28,-37.28,0,"白霜らいふ",-0.022,-16.585,0,"P0TA0",-23.685,-46.574,0,"vovopo 보보포",-5.355,-66.557,0,"あおいぬ",17.278,-42.971,0,"shimenawa",15.977,-63.555,0,"Pizzallaris",37.079,-84.506,0,"紅さかな",1.233,-117.217,0,"Kenomo",-47.379,-94.431,0,0,0,0,0,0,"",0,0,0,0,0,0,0,0,0,0
86,4,1,1,3,0,1,1,0,0,0,255,255,255,40,5514.656,"甲斐野柊太",R,12,105,1.222,-0.812,0.17,1.645,-36.742,2,0,0,76.214,0,0,0,1,4,8,L,"Azuner",179.8,86,0.398,3,59,5515.923,142,14,63,77,61,56,137,112,-30,-6.112,0.93,-0.014,-0.036,0.015,0,-0.178,-36.922,0,"白霜らいふ",0.137,-16.649,0,"P0TA0",-23.684,-46.568,0,"vovopo 보보포",-7.825,-66.843,0,"あおいぬ",16.965,-42.916,0,"shimenawa",15.457,-63.564,0,"Pizzallaris",37.034,-84.614,0,"紅さかな",0.681,-117.245,0,"Kenomo",-47.345,-94.402,0,5516.035,0.344,-21.967,5518.035,3,"vovopo 보보포",-1.032,-61.071,0,16,0,0,0,0,0,2
87,4,1,1,3,0,0,2,0,0,0,255,255,255,41,5546.622,"甲斐野柊太",R,28,135,1.592,0.275,0.129,1.828,-36.773,1,0,61.473,-87.712,0,0,0,0,5,3,R,"장덕춘_",165.3,85,0.301,0,59,0,0,0,0,0,0,0,0,0,0,0,0,0,0,0,0,-0.149,-37.221,0,"白霜らいふ",0.073,-16.541,0,"P0TA0",-23.643,-46.39,0,"vovopo 보보포",-12.747,-64.235,0,"あおいぬ",17.177,-42.194,0,"shimenawa",15.346,-63.505,0,"Pizzallaris",37.475,-82.024,0,"紅さかな",0.365,-113.378,0,"Kenomo",-50.81,-90.251,0,0,0,0,0,0,"",0,0,0,0,0,0,0,0,0,0
88,4,1,1,3,1,0,2,0,0,0,255,255,255,42,5560.427,"甲斐野柊太",R,28,140,0.113,-0.564,-0.008,1.692,-36.538,2,0,85.3,-86.253,0,0,0,1,5,3,R,"장덕춘_",165.3,85,0.301,3,59,5561.256,133,13,99,53,41,102,141,93,-33.519,-23.794,-0.07,-0.049,-0.011,0.1,0,-0.277,-36.851,0,"白霜らいふ",0.081,-16.59,0,"P0TA0",-23.71,-46.269,0,"vovopo 보보포",-15.473,-63.719,0,"あおいぬ",15.763,-43.151,0,"shimenawa",15.25,-63.461,0,"Pizzallaris",37.492,-82.029,0,"紅さかな",0.361,-113.366,0,"Kenomo",-50.789,-90.236,0,5561.485,0.372,-20.086,5563.035,4,"あおいぬ",10.564,-43.075,0,0,0,0,0,0,0,2
89,4,0,1,3,0,0,0,0,0,0,255,255,255,45,5611.777,"卯月満開",R,0,121,2.365,0.963,0.207,1.762,-36.757,3,0,0,0,0,0.08,-20.243,0,6,1,R,"白霜らいふ",190,100.044,0.704,0,59,0,0,0,0,0,0,0,0,0,0,0,0,0,0,0,0,-0.472,-37.207,0,"HalF_HearteD",0.081,-16.658,0,"하루（Haru）",-18.536,-46.273,0,"장덕춘_",-13.226,-64.868,0,"bdg06213",22.26,-53.203,0,"Pugeuk",8.887,-65.197,0,"Apple_Sherbet",39.925,-89.718,0,"ʚneul_ɞ",-0.015,-102.955,0,"Azuner",-43.729,-85.251,0,0,0,0,0,0,"",0,0,0,0,0,0,0,0,0,6
90,4,0,1,3,0,0,0,1,0,0,10,255,255,46,5762.744,"卯月満開",R,14,105,2.412,-0.502,0.064,1.6,-36.682,1,0,372.687,312.348,26.791,0,0,0,7,7,R,"紅さかな",172.5,96.324,0.453,0,59,0,0,0,0,0,0,0,0,0,0,0,0,0,0,0,0,-2.282,-37.187,0,"HalF_HearteD",0.753,-19.585,0,"하루（Haru）",-18.018,-42.361,0,"장덕춘_",-12.796,-64.121,0,"bdg06213",21.532,-51.156,0,"Pugeuk",-0.059,-59.446,0,"Apple_Sherbet",41.954,-91.629,0,"ʚneul_ɞ",1.077,-105.252,0,"Azuner",-46.131,-85.289,0,0,0,0,0,0,"",0,0,0,0,0,0,0,0,0,0
91,4,0,1,3,1,0,0,0,1,0,255,10,255,47,5789.747,"卯月満開",R,0,122,0.772,1.385,0.072,1.757,-36.787,1,0,0,0,0,0,0,0,7,7,R,"紅さかな",172.5,96.324,0.453,0,59,0,0,0,0,0,0,0,0,0,0,0,0,0,0,0,0,-0.504,-37.781,0,"HalF_HearteD",0.132,-16.917,0,"하루（Haru）",-18.628,-45.088,0,"장덕춘_",-14.034,-63.797,0,"bdg06213",22.771,-51.006,0,"Pugeuk",2.692,-63.558,0,"Apple_Sherbet",40.98,-88.951,0,"ʚneul_ɞ",-0.191,-105.128,0,"Azuner",-46.055,-85.37,0,0,0,0,0,0,"",0,0,0,0,0,0,0,0,0,0
92,4,0,1,3,2,0,0,0,1,0,255,10,255,48,5810.755,"卯月満開",R,10,109,-0.27,1.017,-0.026,1.872,-36.898,2,0,0.979,400,16.453,0,0,1,7,7,R,"紅さかな",172.5,96.324,0.453,3,59,5811.966,96,17,66,27,10,77,109,103,-30,17.713,0.81,0.093,-0.013,0,0,-0.626,-37.155,0,"HalF_HearteD",-0.127,-16.702,0,"하루（Haru）",-17.285,-45.131,0,"장덕춘_",-14.069,-63.729,0,"bdg06213",21.891,-52.728,0,"Pugeuk",5.759,-65.2,0,"Apple_Sherbet",41.2,-89.431,0,"ʚneul_ɞ",-0.366,-103.631,0,"Azuner",-45.452,-85.867,0,5812.135,-0.593,-20.633,5814.418,3,"장덕춘_",-12.799,-56.306,0,0,0,0,0,0,0,2
93,4,0,1,3,0,0,1,0,0,1,255,255,10,49,5850.779,"卯月満開",R,9,101,1.901,0.839,0.033,1.548,-36.665,1,0,309.777,-369.018,33.656,0,0,0,8,8,R,"Kenomo",174.5,90.022,0.469,0,59,0,0,0,0,0,0,0,0,0,0,0,0,0,0,0,0,-0.506,-37.711,0,"HalF_HearteD",0.089,-16.652,0,"하루（Haru）",-19.831,-46.545,0,"장덕춘_",-14.727,-64.124,0,"bdg06213",20.933,-47.253,0,"Pugeuk",5.451,-61.994,0,"Apple_Sherbet",37.855,-83.767,0,"ʚneul_ɞ",1.785,-105.555,0,"Azuner",-46.297,-86.323,0,0,0,0,0,0,"",0,0,0,0,0,0,0,0,0,0
94,4,0,1,3,1,0,1,0,0,1,255,255,10,50,5870.056,"卯月満開",R,0,114,0.085,-1.829,0.038,1.352,-36.822,1,0,0,0,-0.726,0,0,0,8,8,R,"Kenomo",174.5,90.022,0.469,0,59,0,0,0,0,0,0,0,0,0,0,0,0,0,0,0,0,-0.138,-37.759,0,"HalF_HearteD",0.181,-16.811,0,"하루（Haru）",-20.668,-44.28,0,"장덕춘_",-15.613,-63.537,0,"bdg06213",21.871,-48.41,0,"Pugeuk",6.194,-63.881,0,"Apple_Sherbet",37.909,-84.271,0,"ʚneul_ɞ",1.1,-105.501,0,"Azuner",-46.605,-86.47,0,0,0,0,0,0,"",0,0,0,0,0,0,0,0,0,0
95,4,0,1,3,2,0,1,0,0,1,255,255,10,51,5889.765,"卯月満開",R,13,103,-1.083,0.074,0.053,1.699,-36.699,2,0,-354.918,326.082,10.326,0,0,1,8,8,R,"Kenomo",174.5,90.022,0.469,2,59,5891.068,118,18,48,47,23,118,114,109,-30,42.851,0.77,0.046,-0.004,0,0,-0.281,-37.115,0,"HalF_HearteD",-0.286,-16.794,0,"하루（Haru）",-19.1,-45.825,0,"장덕춘_",-15.301,-63.622,0,"bdg06213",21.033,-49.53,0,"Pugeuk",6.783,-64.268,0,"Apple_Sherbet",37.874,-84.308,0,"ʚneul_ɞ",0.051,-107.052,0,"Azuner",-46.364,-86.684,0,5891.185,-1.499,-20.491,5898.602,8,"Azuner",-65.065,-88.411,1,0,0,0,0,0,0,2
96,4,0,1,4,0,0,1,0,1,0,255,17,255,0,6216.463,"하루（Haru）",R,27,140,-1.723,-1.171,-0.185,1.574,-36.239,1,0,89.647,-133.065,9.444,0,0,0,0,9,L,"-Alta-",190,80,0.5,0,59,0,0,0,0,0,0,0,0,0,0,0,0,0,0,0,0,-0.558,-37.18,0,"HalF_HearteD",0.101,-16.786,0,"Apple_Sherbet",-19.787,-52.676,0,"장덕춘_",-6.922,-64.607,0,"bdg06213",23.942,-51.587,0,"Pugeuk",12.132,-63.011,0,"Oort__Cloud",39.463,-90.048,0,"ʚneul_ɞ",3.797,-110.559,0,"Azuner",-41.318,-88.635,0,0,0,0,0,0,"",0,0,0,0,0,0,0,0,0,0
97,4,0,1,4,1,0,1,0,0,1,255,255,17,1,6242.447,"하루（Haru）",R,27,136,0.22,0.397,-0.005,1.878,-36.3,0,0,86.191,-124.895,10.53,0,0,0,0,9,L,"-Alta-",190,80,0.5,0,59,0,0,0,0,0,0,0,0,0,0,0,0,0,0,0,0,-0.312,-37.251,0,"HalF_HearteD",0.038,-16.39,0,"Apple_Sherbet",-21.914,-51.68,0,"장덕춘_",-12.382,-64.263,0,"bdg06213",23.039,-47.951,0,"Pugeuk",10.668,-62.79,0,"Oort__Cloud",38.925,-87.859,0,"ʚneul_ɞ",3.189,-112.14,0,"Azuner",-40.936,-88.53,0,0,0,0,0,0,"",0,0,0,0,0,0,0,0,0,0
98,4,0,1,4,1,1,1,0,0,1,255,255,17,2,6263.158,"하루（Haru）",R,33,125,4.289,0.389,0.353,1.889,-36.539,4,0,135.372,-64.577,7.185,0,0,1,0,9,L,"-Alta-",190,80,0.5,0,59,0,0,0,0,0,0,0,0,0,0,0,0,0,0,0,0,0.052,-37.3,0,"HalF_HearteD",0.273,-16.452,0,"Apple_Sherbet",-21.832,-51.678,0,"장덕춘_",-11.897,-62.757,0,"bdg06213",19.794,-42.219,0,"Pugeuk",10.241,-62.516,0,"Oort__Cloud",39.029,-89.872,0,"ʚneul_ɞ",2.023,-110.999,0,"Azuner",-40.862,-88.852,0,0,0,0,0,0,"",0,0,0,0,0,0,0,0,0,0
99,4,0,1,4,1,2,1,0,0,1,255,255,17,3,6281.135,"하루（Haru）",R,34,114,2.603,-0.134,0.207,1.79,-36.693,2,0,92.167,-54.239,6.215,0,0,1,0,9,L,"-Alta-",190,80,0.5,3,59,6282.273,183,21,110,105,71,131,150,36,28.587,-43.695,0.88,0.126,-0.252,0.07,0,-0.396,-36.714,0,"HalF_HearteD",0.384,-16.774,0,"Apple_Sherbet",-21.754,-51.661,0,"장덕춘_",-13.192,-64.716,0,"bdg06213",18.784,-40.107,0,"Pugeuk",10.768,-62.992,0,"Oort__Cloud",39.908,-89.581,0,"ʚneul_ɞ",1.865,-106.703,0,"Azuner",-40.827,-88.707,0,6284.269,11.299,-31.798,6285.501,4,"bdg06213",15.125,-34.455,0,0,0,0,0,0,0,2
100,4,0,1,4,1,2,1,0,0,1,255,255,17,4,6312.728,"하루（Haru）",R,33,140,0.343,-0.901,-0.004,1.636,-36.241,0,0,133.142,-94.025,8.206,0,0,0,0,9,L,"-Alta-",190,80,0.5,0,59,0,0,0,0,0,0,0,0,0,0,0,0,0,0,0,0,-0.157,-36.982,0,"HalF_HearteD",0.268,-17.025,0,"Apple_Sherbet",-21.541,-51.964,0,"장덕춘_",-13.118,-64.943,0,"bdg06213",19.716,-43.407,0,"Pugeuk",12.486,-61.433,0,"Oort__Cloud",40.219,-86.964,0,"ʚneul_ɞ",2.729,-105.606,0,"Azuner",-40.811,-88.742,0,0,0,0,0,0,"",0,0,0,0,0,0,0,0,0,0
101,4,0,1,4,0,0,2,0,0,1,255,255,17,5,6342.93,"하루（Haru）",R,27,126,-0.786,0.079,-0.096,1.813,-36.354,2,0,72.297,-110.193,7.531,0,0,1,1,3,L,"vovopo 보보포",175.3,90,0.6,3,59,6343.977,213,25,89,54,36,96,142,112,-30,4.364,0.08,-0.034,-0.043,0.191,0,-0.1,-37.01,0,"HalF_HearteD",-0.064,-16.504,0,"Apple_Sherbet",-21.279,-50.914,0,"장덕춘_",-12.962,-61.366,0,"bdg06213",22.023,-47.635,0,"Pugeuk",13.3,-61.746,0,"Oort__Cloud",40.192,-86.92,0,"ʚneul_ɞ",0.437,-105.215,0,"Azuner",-42.992,-89.497,0,6344.168,-0.217,-19.011,6345.285,0,"하루（Haru）",-1.503,-35.375,0,0,0,0,0,0,0,2
102,5,1,1,4,0,0,0,0,0,0,255,255,255,43,6403.346,"甲斐野柊太",R,0,0,0,0,0,0,0,0,0,0,0,0,0,0,0,6,6,R,"Oort__Cloud",160,90.288,0.2,0,59,0,0,0,0,0,0,0,0,0,0,0,0,0,0,0,0,0,0,0,"",0,0,0,"",0,0,0,"",0,0,0,"",0,0,0,"",0,0,0,"",0,0,0,"",0,0,0,"",0,0,0,0,0,0,0,0,"",0,0,0,0,0,0,0,0,0,0
103,5,1,1,4,0,0,0,0,0,0,255,255,255,43,6497.498,"甲斐野柊太",R,0,133,1.353,-0.119,0.116,1.786,-36.652,0,0,33.867,-34.174,0,0,0,0,6,6,R,"Oort__Cloud",160,90.288,0.2,0,59,0,0,0,0,0,0,0,0,0,0,0,0,0,0,0,0,-0.207,-37.186,0,"白霜らいふ",0.029,-16.461,0,"P0TA0",-23.166,-46.111,0,"vovopo 보보포",-9.29,-64.189,0,"あおいぬ",16.781,-42.668,0,"shimenawa",15.638,-62.541,0,"Pizzallaris",37.964,-85.524,0,"紅さかな",-0.576,-115.635,0,"Kenomo",-46.483,-94.333,0,0,0,0,0,0,"",0,0,0,0,0,0,0,0,0,0
104,5,1,1,4,0,1,0,0,0,0,255,255,255,44,6510.926,"甲斐野柊太",R,10,111,-2.313,-1.677,-0.322,1.708,-36.737,1,0,0,400,0,-0.441,-18.402,0,6,6,R,"Oort__Cloud",160,90.288,0.2,0,59,0,0,0,0,0,0,0,0,0,0,0,0,0,0,0,0,-0.201,-37.454,0,"白霜らいふ",-0.018,-16.508,0,"P0TA0",-23.141,-46.079,0,"vovopo 보보포",-16.296,-62.697,0,"あおいぬ",16.747,-42.727,0,"shimenawa",14.733,-63.405,0,"Pizzallaris",37.964,-85.53,0,"紅さかな",-0.874,-115.598,0,"Kenomo",-46.484,-94.32,0,0,0,0,0,0,"",0,0,0,0,0,0,0,0,0,0
105,5,1,1,4,1,1,0,0,0,0,255,255,255,45,6523.312,"甲斐野柊太",R,28,129,1.614,1.074,0.135,1.94,-36.804,2,0,46.381,-59.601,0,0,0,1,6,6,R,"Oort__Cloud",160,90.288,0.2,2,59,6524.451,233,6,122,23,8,255,144,87,0.914,27.146,-0.43,-0.004,0.02,0.184,0,-0.331,-36.942,0,"白霜らいふ",0.08,-16.534,0,"P0TA0",-23.149,-46.052,0,"vovopo 보보포",-12.323,-64.463,0,"あおいぬ",16.577,-42.622,0,"shimenawa",14.527,-63.546,0,"Pizzallaris",37.684,-84.82,0,"紅さかな",-0.548,-115.566,0,"Kenomo",-46.494,-94.321,0,6525.368,-8.628,-35.876,6528.785,8,"Kenomo",-32.511,-79.062,1,0,0,0,0,0,0,2
106,5,1,1,4,0,0,0,1,0,0,6,255,255,46,6557.593,"甲斐野柊太",R,27,129,-1.876,-0.055,-0.159,1.769,-36.681,2,0,81.856,-121.522,0,0,0,0,7,7,L,"ʚneul_ɞ",175,95,0.532,3,59,6558.465,126,10,124,81,21,234,150,100,18.94,-6.275,-0.06,0.039,-0.045,0.355,0,-0.535,-37.058,0,"白霜らいふ",0.003,-16.464,0,"P0TA0",-18.317,-39.56,0,"vovopo 보보포",-10.335,-64.849,0,"あおいぬ",17.251,-42.892,0,"shimenawa",15.618,-63.051,0,"Pizzallaris",38.562,-85.737,0,"紅さかな",2.631,-115.392,0,"Kenomo",-47.419,-91.918,0,6562.052,18.509,-89.51,6565.918,7,"紅さかな",31.513,-123.606,1,0,0,0,0,0,0,2
107,5,1,2,4,1,0,0,0,0,1,255,255,7,0,6931.347,"あおいぬ",R,4,106,-0.944,0.95,0.013,1.87,-36.73,2,0,-226.328,1.917,0.589,0,0,1,8,1,R,"HalF_HearteD",175.2,80,0.503,3,59,6932.458,170,10,69,66,40,62,139,112,-30,-6.538,0.92,-0.014,-0.036,0.013,0,-0.309,-37.065,0,"白霜らいふ",-0.098,-16.612,0,"P0TA0",-23.894,-46.838,0,"vovopo 보보포",-18.657,-60.918,0,"甲斐野柊太",16.316,-44.505,0,"shimenawa",14.371,-63.485,0,"Pizzallaris",37.637,-84.449,0,"紅さかな",0.613,-114.52,0,"Kenomo",-50.852,-94.741,0,6932.702,-0.006,-21.031,6937.118,7,"紅さかな",9.967,-102.043,1,0,0,0,0,0,0,2
108,5,1,3,4,0,0,0,1,0,0,1,255,255,1,6966.745,"あおいぬ",R,13,106,-2.876,-1.528,-0.186,1.474,-36.593,4,0,-345.102,348.922,10.634,0,0,1,0,2,R,"Apple_Sherbet",176.8,87.926,0.272,0,59,0,0,0,0,0,0,0,0,0,0,0,0,0,0,0,0,-0.1,-38.317,0,"白霜らいふ",-0.03,-16.743,0,"P0TA0",-18.474,-39.3,0,"vovopo 보보포",-11.63,-62.513,0,"甲斐野柊太",16.895,-43.43,0,"shimenawa",7.027,-62.838,0,"Pizzallaris",37.476,-83.146,0,"紅さかな",0.469,-116.639,0,"Kenomo",-49.98,-92.648,0,0,0,0,0,0,"",0,0,0,0,0,0,0,0,0,0
109,5,1,3,4,0,1,0,1,0,0,1,255,255,2,6991.711,"あおいぬ",R,13,106,-1.85,-1.242,-0.079,1.573,-36.524,4,0,-291.147,398.391,2.994,0,0,1,0,2,R,"Apple_Sherbet",176.8,87.926,0.272,0,59,0,0,0,0,0,0,0,0,0,0,0,0,0,0,0,0,0.033,-38.029,0,"白霜らいふ",-0.156,-16.857,0,"P0TA0",-18.536,-39.585,0,"vovopo 보보포",-13.459,-62.388,0,"甲斐野柊太",16.856,-43.546,0,"shimenawa",8.563,-63.629,0,"Pizzallaris",37.078,-82.056,0,"紅さかな",0.485,-115.495,0,"Kenomo",-49.952,-92.624,0,0,0,0,0,0,"",0,0,0,0,0,0,0,0,0,0
110,5,1,3,4,0,2,0,1,0,0,1,255,255,3,7009.541,"あおいぬ",R,13,109,-3.831,-1.914,-0.343,1.399,-36.695,1,0,-310.176,389.894,20.166,-0.806,-18.68,0,0,2,R,"Apple_Sherbet",176.8,87.926,0.272,0,59,0,0,0,0,0,0,0,0,0,0,0,0,0,0,0,0,-0.365,-37.306,0,"白霜らいふ",-0.188,-16.915,0,"P0TA0",-18.668,-39.308,0,"vovopo 보보포",-13.458,-61.756,0,"甲斐野柊太",16.889,-43.51,0,"shimenawa",8.753,-63.971,0,"Pizzallaris",37.458,-82.328,0,"紅さかな",0.528,-115.433,0,"Kenomo",-49.979,-92.64,0,0,0,0,0,0,"",0,0,0,0,0,0,0,0,0,0
111,5,1,3,4,1,2,0,1,0,0,1,255,255,4,7027.191,"あおいぬ",R,26,127,1.753,1.28,0.126,1.803,-36.583,2,0,113.252,-160.41,-5.205,0,0,1,0,2,R,"Apple_Sherbet",176.8,87.926,0.272,3,59,7028.166,255,16,115,76,32,145,150,92,41.37,-32.279,-0.51,-0.038,-0.009,0.206,0,0.168,-37.194,0,"白霜らいふ",-0.009,-16.655,0,"P0TA0",-18.38,-39.548,0,"vovopo 보보포",-16.489,-63.51,0,"甲斐野柊太",16.893,-43.528,0,"shimenawa",14.161,-64.206,0,"Pizzallaris",37.778,-82.894,0,"紅さかな",0.599,-115.812,0,"Kenomo",-49.979,-92.671,0,7033.335,46.071,-74.032,7033.468,6,"Pizzallaris",44.808,-72.621,0,0,0,0,0,0,0,1
112,5,1,3,4,0,0,1,1,0,0,1,255,255,5,7062.756,"あおいぬ",R,13,102,1.553,-0.917,0.346,1.74,-36.747,2,0,-337.532,342.783,1.583,0,0,1,1,5,R,"Pugeuk",160,95.761,0.552,3,59,7063.854,216,14,123,59,36,102,150,119,107.085,-67.161,0.58,0.004,-0.054,0.137,0,0.352,-37.203,0,"白霜らいふ",0.088,-16.583,0,"P0TA0",-18.208,-39.634,0,"vovopo 보보포",-14.93,-63.902,0,"甲斐野柊太",17.689,-43.912,0,"shimenawa",13.616,-63.356,0,"Pizzallaris",38.068,-84.044,0,"紅さかな",-0.414,-113.418,0,"Kenomo",-50.009,-94.343,0,0,0,0,0,0,"",0,0,0,0,0,0,0,0,0,3
113,5,1,3,4,0,1,1,1,0,0,1,255,255,6,7081.989,"あおいぬ",R,33,124,2.167,1.417,0.165,1.797,-36.626,1,0,107.809,-102.269,0.523,0,0,0,1,5,R,"Pugeuk",160,95.761,0.552,0,68,0,0,0,0,0,0,0,0,0,0,0,0,0,0,0,0,0.187,-37.749,0,"白霜らいふ",-0.088,-17.102,0,"P0TA0",-18.372,-39.491,0,"vovopo 보보포",-9.759,-64.335,0,"甲斐野柊太",17.558,-43.663,0,"shimenawa",10.66,-63.545,0,"Pizzallaris",39.193,-86.232,0,"紅さかな",-0.348,-112.201,0,"Kenomo",-50.062,-93.819,0,0,0,0,0,0,"",0,0,0,0,0,0,0,0,0,0
114,5,1,3,4,1,1,1,1,0,0,1,255,255,7,7121.736,"あおいぬ",R,13,99,-2.43,-1.654,-0.142,1.562,-36.587,1,0,-289.579,382.72,4.552,-0.553,-18.512,0,1,5,R,"Pugeuk",160,95.761,0.552,0,68,0,0,0,0,0,0,0,0,0,0,0,0,0,0,0,0,-0.15,-38.319,0,"白霜らいふ",-0.026,-16.91,0,"P0TA0",-18.526,-39.291,0,"vovopo 보보포",-12.664,-63.461,0,"甲斐野柊太",17.04,-44.089,0,"shimenawa",8.896,-64.313,0,"Pizzallaris",37.961,-84.935,0,"紅さかな",-0.001,-114.389,0,"Kenomo",-50.323,-93.958,0,0,0,0,0,0,"",0,0,0,0,0,0,0,0,0,0
115,5,1,3,4,2,1,1,1,0,0,1,255,255,8,7141.967,"あおいぬ",R,38,96,12.942,8.34,0.442,2.015,-37.226,1,0,0,0,0,4.375,-5.964,0,1,5,R,"Pugeuk",160,95.761,0.552,0,68,0,0,0,0,0,0,0,0,0,0,0,0,0,0,0,0,-0.162,-29.742,0,"白霜らいふ",3.092,-12.159,0,"P0TA0",-18.139,-39.714,0,"vovopo 보보포",-9.149,-62.812,0,"甲斐野柊太",18.705,-40.862,0,"shimenawa",7.67,-62.489,0,"Pizzallaris",37.186,-84.323,0,"紅さかな",-1.174,-114.215,0,"Kenomo",-50.317,-93.977,0,0,0,0,0,0,"",0,0,0,0,0,0,0,0,0,0
116,5,1,3,4,3,1,1,0,1,0,255,1,255,9,7171.34,"あおいぬ",R,13,109,-2.806,-1.821,-0.178,1.458,-36.594,4,0,-366.317,336.657,8.861,-0.641,-18.38,1,1,5,R,"Pugeuk",160,95.761,0.552,0,68,0,0,0,0,0,0,0,0,0,0,0,0,0,0,0,0,-0.289,-37.11,0,"白霜らいふ",-0.013,-16.519,0,"P0TA0",-23.383,-46.601,0,"vovopo 보보포",-15.38,-60.185,0,"甲斐野柊太",17.136,-43.524,0,"shimenawa",6.726,-62.24,0,"Pizzallaris",37.673,-84.001,0,"紅さかな",-0.688,-117.908,0,"Kenomo",-50.671,-94.416,0,0,0,0,0,0,"",0,0,0,0,0,0,0,0,0,0
117,5,1,3,4,3,2,1,0,1,0,255,1,255,10,7191.309,"あおいぬ",R,13,103,-1.639,-0.38,-0.004,1.774,-36.56,4,0,-349.136,333.125,6.334,0,0,1,1,5,R,"Pugeuk",160,95.761,0.552,0,68,0,0,0,0,0,0,0,0,0,0,0,0,0,0,0,0,-0.11,-37.961,0,"白霜らいふ",-0.115,-16.81,0,"P0TA0",-23.709,-46.398,0,"vovopo 보보포",-13.609,-61.86,0,"甲斐野柊太",18.743,-43.118,0,"shimenawa",7.955,-63.239,0,"Pizzallaris",37.657,-83.975,0,"紅さかな",0.474,-118.065,0,"Kenomo",-50.702,-94.459,0,0,0,0,0,0,"",0,0,0,0,0,0,0,0,0,0
118,5,1,3,4,0,0,2,0,1,0,255,1,255,11,7249.151,"あおいぬ",R,3,99,-2.353,0.605,-0.099,1.907,-36.767,2,0,-325.806,133.727,4.087,0,0,1,2,0,R,"하루（Haru）",190,85,0.55,2,43,7250.268,255,13,161,67,29,255,150,111,25.719,30.239,0.08,-0.056,0.058,0.125,0,-0.249,-37.276,0,"白霜らいふ",-0.115,-16.803,0,"P0TA0",-23.901,-46.331,0,"vovopo 보보포",-19.012,-61.855,0,"甲斐野柊太",17.015,-43.766,0,"shimenawa",12.93,-63.789,0,"Pizzallaris",37.64,-83.994,0,"紅さかな",0.32,-115.198,0,"Kenomo",-50.805,-94.047,0,7255.269,-64.279,-95.059,7255.385,8,"Kenomo",-62.134,-93.17,0,0,0,0,0,0,0,1
119,5,0,3,4,0,0,0,0,0,0,255,255,255,6,7314.65,"하루（Haru）",R,27,140,0.334,-0.472,0.005,1.725,-36.257,0,0,94.632,-122.848,8.066,0,0,1,2,5,L,"shimenawa",174.7,94.582,0.2,0,93,0,0,0,0,0,0,0,0,0,0,0,0,0,0,0,0,-0.368,-37.405,0,"HalF_HearteD",0.159,-16.66,0,"Apple_Sherbet",-21.25,-52.399,0,"장덕춘_",-12.519,-64.599,0,"bdg06213",22.969,-53.903,0,"Pugeuk",11.567,-64.537,0,"Oort__Cloud",39.284,-88.285,0,"ʚneul_ɞ",0.64,-108.385,0,"Azuner",-43.603,-87.394,0,0,0,0,0,0,"",0,0,0,0,0,0,0,0,0,0
120,5,0,3,4,0,1,0,0,0,0,255,255,255,7,7332.902,"하루（Haru）",R,27,133,1.003,0.592,0.068,1.898,-36.331,0,0,83.258,-114.148,10.382,0,0,1,2,5,L,"shimenawa",174.7,94.582,0.2,0,93,0,0,0,0,0,0,0,0,0,0,0,0,0,0,0,0,-0.133,-37.028,0,"HalF_HearteD",0.16,-16.649,0,"Apple_Sherbet",-21.334,-52.29,0,"장덕춘_",-12.538,-64.538,0,"bdg06213",22.565,-50.601,0,"Pugeuk",12.069,-64.427,0,"Oort__Cloud",39.323,-88.276,0,"ʚneul_ɞ",5.622,-108.212,0,"Azuner",-43.933,-87.599,0,0,0,0,0,0,"",0,0,0,0,0,0,0,0,0,0
121,5,0,3,4,0,2,0,0,0,0,255,255,255,8,7348.628,"하루（Haru）",R,7,97,2.026,0.28,0.101,1.886,-36.625,4,0,184.711,0,4.31,0,0,1,2,5,L,"shimenawa",174.7,94.582,0.2,0,93,0,0,0,0,0,0,0,0,0,0,0,0,0,0,0,0,-0.195,-37.378,0,"HalF_HearteD",0.339,-16.571,0,"Apple_Sherbet",-22.081,-51.401,0,"장덕춘_",-12.581,-64.51,0,"bdg06213",22.587,-51.046,0,"Pugeuk",11.892,-64.616,0,"Oort__Cloud",39.354,-88.428,0,"ʚneul_ɞ",7.954,-109.579,0,"Azuner",-43.965,-87.498,0,0,0,0,0,0,"",0,0,0,0,0,0,0,0,0,0
122,5,0,3,4,0,0,1,0,0,0,255,255,255,9,7375.233,"하루（Haru）",R,27,135,-1.161,-0.204,-0.124,1.759,-36.292,0,0,55.007,-131.885,10.029,0,0,0,3,4,R,"甲斐野柊太",190,86,0.2,3,34,7376.328,255,3,206,37,18,223,150,67,111.369,-67.35,1,0.034,-0.041,0.177,0,-0.17,-35.75,0,"HalF_HearteD",0.083,-16.759,0,"Apple_Sherbet",-21.131,-51.238,0,"장덕춘_",-12.509,-64.48,0,"bdg06213",21.462,-49.851,0,"Pugeuk",11.904,-64.607,0,"Oort__Cloud",39.299,-88.339,0,"ʚneul_ɞ",2.337,-109.289,0,"Azuner",-46.522,-86.354,0,0,0,0,7376.785,1,"HalF_HearteD",-0.214,-20.451,0,0,0,0,0,0,0,3
123,5,0,3,4,0,1,1,0,0,0,255,255,255,10,7395.341,"하루（Haru）",R,27,140,-3.187,-0.388,-0.318,1.728,-36.237,2,0,79.285,-121.376,14.875,0,0,1,3,4,R,"甲斐野柊太",190,86,0.2,3,34,7396.375,102,23,108,91,45,121,140,96,110.558,-68.056,0.96,-0.015,-0.036,0.04,0,-0.076,-37.121,0,"HalF_HearteD",-0.253,-16.691,0,"Apple_Sherbet",-21.543,-51.071,0,"장덕춘_",-13.099,-64.598,0,"bdg06213",21.695,-50.522,0,"Pugeuk",10.27,-64.785,0,"Oort__Cloud",39.915,-88.737,0,"ʚneul_ɞ",1.075,-107.469,0,"Azuner",-46.395,-86.496,0,0,0,0,0,0,"",0,0,0,0,0,0,0,0,0,3
124,5,0,3,4,0,2,1,0,0,0,255,255,255,11,7414.039,"하루（Haru）",R,0,96,0.644,0.633,0.038,1.964,-36.736,2,0,2.369,0,0.984,0,0,1,3,4,R,"甲斐野柊太",190,86,0.2,3,34,7415.244,243,15,140,83,41,135,150,97,-2.337,-34.091,-0.47,0.007,-0.03,0.084,0,-0.082,-36.968,0,"HalF_HearteD",0.24,-16.623,0,"Apple_Sherbet",-20.979,-51.422,0,"장덕춘_",-13.049,-64.815,0,"bdg06213",21.594,-51.921,0,"Pugeuk",8.969,-65.507,0,"Oort__Cloud",42.954,-87.186,0,"ʚneul_ɞ",1.707,-109.52,0,"Azuner",-45.462,-87.813,0,7415.852,8.084,-30.712,7417.235,4,"bdg06213",21.026,-47.737,0,8,0,0,0,0,0,2
125,5,0,3,4,0,0,2,0,0,0,255,255,255,12,7446.009,"하루（Haru）",R,28,121,0.771,0.438,0.051,1.893,-36.447,0,0,62.107,-79.829,6.6,0,0,0,4,2,R,"P0TA0",190,97,0.384,0,59,0,0,0,0,0,0,0,0,0,0,0,0,0,0,0,0,0.034,-36.888,0,"HalF_HearteD",0.154,-16.488,0,"Apple_Sherbet",-21.944,-51.186,0,"장덕춘_",-13.387,-64.975,0,"bdg06213",22.638,-53.153,0,"Pugeuk",9.148,-64.554,0,"Oort__Cloud",38.862,-87.17,0,"ʚneul_ɞ",1.977,-111.562,0,"Azuner",-45.384,-85.996,0,0,0,0,0,0,"",0,0,0,0,0,0,0,0,0,0
126,5,0,3,4,0,1,2,0,0,0,255,255,255,13,7478.015,"하루（Haru）",R,3,108,-2.556,-0.497,-0.069,1.742,-36.458,2,0,-425.792,0,18.14,0,0,1,4,2,R,"P0TA0",190,97,0.384,2,59,7478.893,238,9,143,34,18,255,150,98,-14.392,36.303,-0.43,0.02,-0.008,0.127,0,-0.364,-36.867,0,"HalF_HearteD",-0.239,-16.602,0,"Apple_Sherbet",-21.793,-51.125,0,"장덕춘_",-13.131,-64.692,0,"bdg06213",22.317,-55.194,0,"Pugeuk",8.577,-65.321,0,"Oort__Cloud",38.902,-87.292,0,"ʚneul_ɞ",0.074,-109.679,0,"Azuner",-45.405,-85.943,0,7479.002,-2.628,-21.862,7480.835,2,"Apple_Sherbet",-21.358,-47.33,0,0,0,0,0,0,0,2
127,6,1,3,4,0,0,0,0,0,0,255,255,255,12,7540.023,"あおいぬ",R,13,113,-2.815,-1.544,-0.189,1.394,-36.665,4,0,-352.4,354.704,17.545,-0.673,-17.821,1,3,4,R,"bdg06213",190,86.379,0.25,0,59,0,0,0,0,0,0,0,0,0,0,0,0,0,0,0,0,-0.446,-37.162,0,"白霜らいふ",-0.021,-16.361,0,"P0TA0",-23.115,-45.326,0,"vovopo 보보포",-13.143,-63.51,0,"甲斐野柊太",17.328,-44.113,0,"shimenawa",14.076,-63.14,0,"Pizzallaris",37.359,-85.093,0,"紅さかな",0.004,-114.686,0,"Kenomo",-47.955,-92.385,0,0,0,0,0,0,"",0,0,0,0,0,0,0,0,0,0
128,6,1,3,4,0,1,0,0,0,0,255,255,255,13,7557.966,"あおいぬ",R,13,100,-3.727,-0.726,-0.292,1.662,-36.642,4,0,-334.763,338.23,13.075,0,0,1,3,4,R,"bdg06213",190,86.379,0.25,0,59,0,0,0,0,0,0,0,0,0,0,0,0,0,0,0,0,-0.38,-37.109,0,"白霜らいふ",0.037,-16.312,0,"P0TA0",-23.11,-45.399,0,"vovopo 보보포",-13.541,-63.215,0,"甲斐野柊太",17.003,-44.427,0,"shimenawa",10.76,-64.073,0,"Pizzallaris",37.417,-85.129,0,"紅さかな",-0.032,-114.959,0,"Kenomo",-47.97,-92.377,0,0,0,0,0,0,"",0,0,0,0,0,0,0,0,0,0
129,6,1,3,4,0,2,0,0,0,0,255,255,255,14,7593.003,"あおいぬ",R,10,111,-0.311,-1.714,-0.043,1.377,-36.61,4,0,0,400,10.012,-0.059,-18.373,1,3,4,R,"bdg06213",190,86.379,0.25,0,45,0,0,0,0,0,0,0,0,0,0,0,0,0,0,0,0,-0.273,-37.108,0,"白霜らいふ",-0.124,-17.548,0,"P0TA0",-22.987,-45.071,0,"vovopo 보보포",-13.132,-61.563,0,"甲斐野柊太",17.644,-43.304,0,"shimenawa",9.157,-64.251,0,"Pizzallaris",37.218,-84.39,0,"紅さかな",0.075,-115.062,0,"Kenomo",-48.514,-92.824,0,0,0,0,0,0,"",0,0,0,0,0,0,0,0,0,0
130,6,1,3,4,0,0,1,0,0,0,255,255,255,15,7618.881,"あおいぬ",R,0,114,3.182,0.314,0.265,1.718,-36.675,1,0,0,0,-1.246,0,0,0,4,8,L,"Azuner",179.8,86,0.398,0,59,0,0,0,0,0,0,0,0,0,0,0,0,0,0,0,0,-0.16,-37.073,0,"白霜らいふ",0.153,-16.441,0,"P0TA0",-23.277,-46.238,0,"vovopo 보보포",-6.91,-65.601,0,"甲斐野柊太",17.652,-43.857,0,"shimenawa",14.026,-63.732,0,"Pizzallaris",37.779,-85.006,0,"紅さかな",1.186,-116.632,0,"Kenomo",-44.311,-100.565,0,0,0,0,0,0,"",0,0,0,0,0,0,0,0,0,0
131,6,1,3,4,1,0,1,0,0,0,255,255,255,16,7638.653,"あおいぬ",R,26,138,-0.631,-0.094,-0.098,1.568,-36.578,2,0,136.314,-190.933,9.197,0,0,1,4,8,L,"Azuner",179.8,86,0.398,3,59,7639.73,222,15,136,52,35,137,150,95,10.613,-5.136,-0.39,-0.024,-0.042,0.139,0,-0.225,-37.024,0,"白霜らいふ",0.046,-16.512,0,"P0TA0",-23.346,-46.139,0,"vovopo 보보포",-12.839,-65.178,0,"甲斐野柊太",17.956,-44.262,0,"shimenawa",14.138,-63.823,0,"Pizzallaris",37.369,-84.994,0,"紅さかな",0.373,-117.324,0,"Kenomo",-47.335,-98.876,0,0,0,0,7642.118,5,"shimenawa",6.721,-64.656,0,0,0,0,0,0,0,1
132,6,1,3,4,0,0,2,0,0,0,255,255,255,17,7671.683,"あおいぬ",R,13,108,1.265,-1.576,0.281,1.537,-36.614,4,0,-172.57,400,17.879,0.182,-18.118,1,5,3,R,"장덕춘_",165.3,85,0.397,0,59,0,0,0,0,0,0,0,0,0,0,0,0,0,0,0,0,-0.035,-37.118,0,"白霜らいふ",0.158,-16.473,0,"P0TA0",-22.968,-45.887,0,"vovopo 보보포",-14.457,-63.076,0,"甲斐野柊太",17.119,-44.479,0,"shimenawa",13.239,-64.158,0,"Pizzallaris",37.345,-81.783,0,"紅さかな",-0.469,-119.932,0,"Kenomo",-50.619,-94.115,0,0,0,0,0,0,"",0,0,0,0,0,0,0,0,0,0
133,6,1,3,4,0,1,2,0,0,0,255,255,255,18,7692.921,"あおいぬ",R,26,138,-1.824,-1.534,-0.211,1.357,-36.596,4,0,141.259,-200,10.705,0,0,1,5,3,R,"장덕춘_",165.3,85,0.397,0,59,0,0,0,0,0,0,0,0,0,0,0,0,0,0,0,0,-0.354,-37.335,0,"白霜らいふ",0.078,-16.491,0,"P0TA0",-23.037,-45.92,0,"vovopo 보보포",-14.818,-62.159,0,"甲斐野柊太",17.13,-44.491,0,"shimenawa",10.543,-64.682,0,"Pizzallaris",37.322,-81.746,0,"紅さかな",-0.288,-118.092,0,"Kenomo",-50.809,-94.13,0,0,0,0,0,0,"",0,0,0,0,0,0,0,0,0,0
134,6,1,3,4,0,2,2,0,0,0,255,255,255,19,7723.535,"あおいぬ",R,26,136,0.359,-0.223,-0.006,1.56,-36.532,0,0,130.614,-157.023,5.585,0,0,1,5,3,R,"장덕춘_",165.3,85,0.397,0,59,0,0,0,0,0,0,0,0,0,0,0,0,0,0,0,0,-0.568,-37.026,0,"白霜らいふ",0.126,-16.534,0,"P0TA0",-23.095,-45.565,0,"vovopo 보보포",-13.581,-63.243,0,"甲斐野柊太",17.227,-44.461,0,"shimenawa",11.897,-63.56,0,"Pizzallaris",37.327,-81.739,0,"紅さかな",-0.289,-118.093,0,"Kenomo",-50.388,-94.492,0,0,0,0,0,0,"",0,0,0,0,0,0,0,0,0,0
135,6,0,3,4,0,0,0,0,0,0,255,255,255,14,7777.393,"하루（Haru）",R,28,123,0.465,0.746,0.023,1.895,-36.465,2,0,63.08,-96.741,8.017,0,0,1,5,6,R,"Pizzallaris",170.2,89.878,0.446,3,59,7778.49,141,14,68,69,54,82,139,73,26.118,1.682,0.98,-0.053,-0.004,0.095,0.238,-0.463,-36.746,0,"HalF_HearteD",0.142,-16.616,0,"Apple_Sherbet",-21.985,-51.395,0,"장덕춘_",-12.735,-64.721,0,"bdg06213",21.22,-50.287,0,"Pugeuk",9.957,-64.402,0,"Oort__Cloud",37.08,-86.702,0,"ʚneul_ɞ",0.254,-104.238,0,"Azuner",-43.714,-84.516,0,0,0,0,7782.485,3,"장덕춘_",-1.921,-70.587,0,0,0,0,0,0,0,1
136,6,0,3,4,0,0,1,0,0,0,255,255,255,15,7811.802,"하루（Haru）",R,27,128,0.566,0.707,0.028,1.934,-36.425,2,0,84.726,-104.922,8.107,0,0,1,6,1,R,"白霜らいふ",190,100.044,0.704,2,59,7812.832,177,20,96,82,50,174,150,116,33.825,-6.142,0.85,-0.064,-0.048,0.192,0,-0.073,-37.12,0,"HalF_HearteD",0.179,-16.663,0,"Apple_Sherbet",-22.113,-51.545,0,"장덕춘_",-13.198,-64.826,0,"bdg06213",23.081,-54.094,0,"Pugeuk",8.329,-64.792,0,"Oort__Cloud",37.191,-86.722,0,"ʚneul_ɞ",-0.271,-103.543,0,"Azuner",-45.746,-86.54,0,7818.335,8.245,-120.11,7818.535,7,"ʚneul_ɞ",8.056,-117.537,0,0,0,0,0,0,0,1
137,6,0,3,4,0,0,2,0,0,0,255,255,255,16,7848.585,"하루（Haru）",R,3,114,-2.832,-0.12,-0.11,1.815,-36.427,1,0,-424.537,0,12.39,0,0,0,7,7,R,"紅さかな",172.5,96.324,0.453,0,59,0,0,0,0,0,0,0,0,0,0,0,0,0,0,0,0,-0.161,-37.126,0,"HalF_HearteD",-0.093,-16.4,0,"Apple_Sherbet",-21.654,-51.276,0,"장덕춘_",-13.161,-64.961,0,"bdg06213",22.46,-52.204,0,"Pugeuk",8.493,-64.541,0,"Oort__Cloud",38.291,-87.07,0,"ʚneul_ɞ",0.525,-105.752,0,"Azuner",-45.805,-85.742,0,0,0,0,0,0,"",0,0,0,0,0,0,0,0,0,0
138,6,0,3,4,1,0,2,0,0,0,255,255,255,17,7865.129,"하루（Haru）",R,27,121,-0.487,0.929,-0.069,1.947,-36.464,0,0,69.974,-109.679,10.897,0,0,0,7,7,R,"紅さかな",172.5,96.324,0.453,0,59,0,0,0,0,0,0,0,0,0,0,0,0,0,0,0,0,-0.078,-37.304,0,"HalF_HearteD",-0.052,-16.493,0,"Apple_Sherbet",-21.673,-51.305,0,"장덕춘_",-12.852,-65.035,0,"bdg06213",22.443,-52.258,0,"Pugeuk",8.84,-64.377,0,"Oort__Cloud",38.297,-87.113,0,"ʚneul_ɞ",-0.521,-104.441,0,"Azuner",-45.65,-85.936,0,0,0,0,0,0,"",0,0,0,0,0,0,0,0,0,0
139,6,0,3,4,1,1,2,0,0,0,255,255,255,18,7879.69,"하루（Haru）",R,0,105,-2.559,-0.765,0.014,1.748,-36.641,2,0,24.605,0,9.522,0,0,1,7,7,R,"紅さかな",172.5,96.324,0.453,3,59,7880.893,118,23,113,70,42,118,145,112,1.945,27.661,0.08,-0.009,-0.069,0.151,0,-0.256,-36.837,0,"HalF_HearteD",0.258,-16.715,0,"Apple_Sherbet",-21.633,-51.272,0,"장덕춘_",-12.902,-64.924,0,"bdg06213",21.593,-53.46,0,"Pugeuk",8.645,-64.398,0,"Oort__Cloud",38.268,-87.09,0,"ʚneul_ɞ",-0.205,-105.021,0,"Azuner",-45.924,-85.652,0,7881.769,-11.039,-38.865,7882.802,2,"Apple_Sherbet",-18.429,-49.894,0,0,0,0,0,0,0,2
140,7,1,3,4,0,0,0,0,0,0,255,255,255,20,7964.775,"あおいぬ",R,26,131,-1.036,-0.902,-0.123,1.455,-36.539,0,0,88.706,-200,5.17,0,0,0,6,6,R,"Oort__Cloud",160,90.288,0.2,0,59,0,0,0,0,0,0,0,0,0,0,0,0,0,0,0,0,-0.138,-37.785,0,"白霜らいふ",0.054,-16.195,0,"P0TA0",-18.863,-41.744,0,"vovopo 보보포",-11.476,-62.845,0,"甲斐野柊太",16.767,-43.761,0,"shimenawa",14.256,-62.855,0,"Pizzallaris",37.838,-85.95,0,"紅さかな",0.19,-112.386,0,"Kenomo",-49.047,-91.488,0,0,0,0,0,0,"",0,0,0,0,0,0,0,0,0,0
141,7,1,3,4,0,1,0,0,0,0,255,255,255,21,7982.18,"あおいぬ",R,33,125,3.639,2.003,0.265,1.875,-36.734,3,0,148.737,-140.907,-6.121,-0.005,-20.864,1,6,6,R,"Oort__Cloud",160,90.288,0.2,0,59,0,0,0,0,0,0,0,0,0,0,0,0,0,0,0,0,-0.051,-37.595,0,"白霜らいふ",-0.074,-18.359,0,"P0TA0",-23.317,-46.961,0,"vovopo 보보포",-11.053,-63.756,0,"甲斐野柊太",16.938,-43.709,0,"shimenawa",12.523,-63.488,0,"Pizzallaris",41.572,-91.452,0,"紅さかな",0.182,-112.353,0,"Kenomo",-49.001,-91.395,0,0,0,0,0,0,"",0,0,0,0,0,0,0,0,0,6
142,7,1,3,4,0,0,0,1,0,0,6,255,255,22,8008.556,"あおいぬ",R,13,102,-2.195,-1.197,-0.085,1.575,-36.666,1,0,-334.399,346.336,4.802,0,0,0,7,7,L,"ʚneul_ɞ",175,95,0.532,0,59,0,0,0,0,0,0,0,0,0,0,0,0,0,0,0,0,-0.295,-37.154,0,"白霜らいふ",-0.043,-16.997,0,"P0TA0",-18.601,-39.498,0,"vovopo 보보포",-8.122,-63.713,0,"甲斐野柊太",16.571,-43.1,0,"shimenawa",14.685,-63.198,0,"Pizzallaris",41.562,-91.475,0,"紅さかな",0.246,-114.071,0,"Kenomo",-49.31,-92.579,0,0,0,0,0,0,"",0,0,0,0,0,0,0,0,0,0
143,7,1,3,4,0,1,0,1,0,0,6,255,255,23,8077.301,"あおいぬ",R,26,134,-2.156,-1.102,-0.237,1.399,-36.63,2,0,119.986,-200,14.076,0,0,0,7,7,L,"ʚneul_ɞ",175,95,0.532,3,59,8078.107,116,6,139,59,16,255,144,127,-30,-47.18,0.32,0.017,-0.08,0.349,0,-0.405,-37.081,0,"白霜らいふ",-0.013,-16.522,0,"P0TA0",-18.412,-39.575,0,"vovopo 보보포",-10.99,-66.055,0,"甲斐野柊太",17.061,-42.676,0,"shimenawa",15.644,-63.549,0,"Pizzallaris",41.57,-91.453,0,"紅さかな",0.99,-113.908,0,"Kenomo",-49.711,-92.961,0,8078.285,0.48,-20.495,0,0,"",0,0,0,0,0,0,0,0,0,3
144,7,1,3,4,0,2,0,0,1,0,255,6,255,24,8117.873,"あおいぬ",R,26,132,1.514,-0.192,0.081,1.547,-36.686,1,0,188.265,-200,9.038,0,0,0,7,7,L,"ʚneul_ɞ",175,95,0.532,0,59,0,0,0,0,0,0,0,0,0,0,0,0,0,0,0,0,0.566,-36.292,0,"白霜らいふ",0.022,-16.68,0,"P0TA0",-18.493,-39.47,0,"vovopo 보보포",-4.814,-63.079,0,"甲斐野柊太",17.086,-43.349,0,"shimenawa",12.444,-63.125,0,"Pizzallaris",40.06,-91.78,0,"紅さかな",0.737,-117.855,0,"Kenomo",-48.849,-93.976,0,0,0,0,0,0,"",0,0,0,0,0,0,0,0,0,0
145,7,1,3,4,0,0,1,1,0,0,6,255,255,25,8151.302,"あおいぬ",R,13,105,-3.409,-2.729,-0.151,1.5,-36.746,1,0,-338.836,352.13,5.306,-0.587,-21.254,0,8,1,R,"HalF_HearteD",175.2,80,0.503,0,59,0,0,0,0,0,0,0,0,0,0,0,0,0,0,0,0,-0.39,-37.195,0,"白霜らいふ",-0.01,-16.985,0,"P0TA0",-18.747,-39.274,0,"vovopo 보보포",-13.52,-61.637,0,"甲斐野柊太",17.487,-44.071,0,"shimenawa",6.127,-63.301,0,"Pizzallaris",40.751,-91.742,0,"紅さかな",-0.432,-115.205,0,"Kenomo",-50.677,-92.736,0,0,0,0,0,0,"",0,0,0,0,0,0,0,0,0,0
146,7,1,3,4,1,0,1,1,0,0,6,255,255,26,8174.517,"あおいぬ",R,10,100,1.478,-0.514,0.29,1.783,-36.631,2,0,-126.345,399.406,5.784,0,0,1,8,1,R,"HalF_HearteD",175.2,80,0.503,3,59,8175.752,175,29,93,73,38,95,148,106,92.769,-86.549,0.08,-0.015,-0.053,0.045,0,-0.141,-37.321,0,"白霜らいふ",0.057,-16.626,0,"P0TA0",-18.491,-39.456,0,"vovopo 보보포",-16.191,-62.722,0,"甲斐野柊太",17.513,-42.986,0,"shimenawa",12.969,-63.945,0,"Pizzallaris",40.746,-91.728,0,"紅さかな",-0.171,-116.858,0,"Kenomo",-50.086,-93.457,0,0,0,0,0,0,"",0,0,0,0,0,0,0,0,0,3
147,7,1,3,4,1,1,1,1,0,0,6,255,255,27,8193.781,"あおいぬ",R,26,129,-0.112,-0.688,-0.051,1.473,-36.562,0,0,128.559,-172.993,5.334,0,0,0,8,1,R,"HalF_HearteD",175.2,80,0.503,0,59,0,0,0,0,0,0,0,0,0,0,0,0,0,0,0,0,-2.467,-35.908,0,"白霜らいふ",0.06,-16.349,0,"P0TA0",-18.769,-40.713,0,"vovopo 보보포",-14.143,-60.204,0,"甲斐野柊太",17.766,-43.296,0,"shimenawa",0.633,-58.117,0,"Pizzallaris",39.883,-88.295,0,"紅さかな",0.49,-113.836,0,"Kenomo",-50.586,-93.165,0,0,0,0,0,0,"",0,0,0,0,0,0,0,0,0,0
148,7,1,3,4,1,2,1,0,1,0,255,6,255,28,8219.127,"あおいぬ",R,13,110,-3.175,-2.729,-0.179,1.346,-36.733,1,0,-358.102,348.946,14.303,-0.572,-20.734,0,8,1,R,"HalF_HearteD",175.2,80,0.503,0,59,0,0,0,0,0,0,0,0,0,0,0,0,0,0,0,0,-0.264,-37.8,0,"白霜らいふ",0.044,-16.497,0,"P0TA0",-23.55,-46.707,0,"vovopo 보보포",-14.513,-62.206,0,"甲斐野柊太",17.888,-41.81,0,"shimenawa",2.962,-60.331,0,"Pizzallaris",39.903,-88.895,0,"紅さかな",0.575,-118.559,0,"Kenomo",-50.605,-93.168,0,0,0,0,0,0,"",0,0,0,0,0,0,0,0,0,0
149,7,1,3,4,2,2,1,0,1,0,255,6,255,29,8252.66,"あおいぬ",R,26,132,1.26,-0.592,0.08,1.486,-36.528,0,0,121.844,-188.377,-0.95,0,0,1,8,1,R,"HalF_HearteD",175.2,80,0.503,0,59,0,0,0,0,0,0,0,0,0,0,0,0,0,0,0,0,-0.237,-37.951,0,"白霜らいふ",0.037,-16.332,0,"P0TA0",-23.824,-46.405,0,"vovopo 보보포",-14.633,-63.038,0,"甲斐野柊太",17.383,-43.426,0,"shimenawa",6.09,-63.542,0,"Pizzallaris",39.881,-88.886,0,"紅さかな",0.741,-118.675,0,"Kenomo",-50.574,-93.17,0,0,0,0,0,0,"",0,0,0,0,0,0,0,0,0,0
150,7,1,3,4,0,0,2,0,1,0,255,6,255,30,8282.633,"あおいぬ",R,13,105,-2.701,-2.025,-0.166,1.71,-36.721,4,0,-201.257,400,9.143,-0.553,-19.157,1,0,2,R,"Apple_Sherbet",176.8,87.926,0.272,0,59,0,0,0,0,0,0,0,0,0,0,0,0,0,0,0,0,-0.422,-37.212,0,"白霜らいふ",-0.147,-16.797,0,"P0TA0",-23.518,-46.395,0,"vovopo 보보포",-13.901,-62.738,0,"甲斐野柊太",19.67,-41.989,0,"shimenawa",9.065,-63.303,0,"Pizzallaris",41.227,-89.944,0,"紅さかな",-0.117,-118.677,0,"Kenomo",-50.745,-93.849,0,0,0,0,0,0,"",0,0,0,0,0,0,0,0,0,0
151,7,1,3,4,0,1,2,0,1,0,255,6,255,31,8301.539,"あおいぬ",R,4,103,-0.86,0.808,-0.001,1.839,-36.679,0,0,-182.473,0,1.96,0,0,0,0,2,R,"Apple_Sherbet",176.8,87.926,0.272,0,59,0,0,0,0,0,0,0,0,0,0,0,0,0,0,0,0,-0.313,-37.896,0,"白霜らいふ",-0.03,-16.381,0,"P0TA0",-23.569,-46.366,0,"vovopo 보보포",-11.345,-63.163,0,"甲斐野柊太",19.131,-42.655,0,"shimenawa",5.621,-62.951,0,"Pizzallaris",41.2,-89.928,0,"紅さかな",0.072,-118.189,0,"Kenomo",-50.761,-93.899,0,0,0,0,0,0,"",0,0,0,0,0,0,0,0,0,0
152,7,1,3,4,0,2,2,0,1,0,255,6,255,32,8324.734,"あおいぬ",R,26,126,0.423,-0.636,0.009,1.471,-36.562,0,0,91.492,-200,-0.206,0,0,1,0,2,R,"Apple_Sherbet",176.8,87.926,0.272,0,59,0,0,0,0,0,0,0,0,0,0,0,0,0,0,0,0,-0.459,-36.252,0,"白霜らいふ",0.087,-16.456,0,"P0TA0",-23.576,-46.105,0,"vovopo 보보포",-15.23,-62.643,0,"甲斐野柊太",18.566,-42.759,0,"shimenawa",8.184,-64.396,0,"Pizzallaris",41.128,-89.898,0,"紅さかな",-0.016,-118.815,0,"Kenomo",-50.753,-93.949,0,0,0,0,0,0,"",0,0,0,0,0,0,0,0,0,0
153,7,0,3,4,0,0,0,0,0,0,255,255,255,19,8374.53,"하루（Haru）",R,26,140,-1.174,-0.014,-0.135,1.792,-36.328,0,0,94.247,-150.064,11.88,0,0,0,8,8,R,"Kenomo",174.5,90.022,0.469,0,59,0,0,0,0,0,0,0,0,0,0,0,0,0,0,0,0,-0.282,-37.442,0,"HalF_HearteD",-0.015,-16.436,0,"Apple_Sherbet",-22.544,-50.914,0,"장덕춘_",-13.212,-64.926,0,"bdg06213",22.245,-51.504,0,"Pugeuk",9.528,-63.905,0,"Oort__Cloud",36.278,-85.097,0,"ʚneul_ɞ",-0.8,-106.751,0,"Azuner",-44.862,-84.835,0,0,0,0,0,0,"",0,0,0,0,0,0,0,0,0,0
154,7,0,3,4,0,1,0,0,0,0,255,255,255,20,8393.927,"하루（Haru）",R,34,125,1.089,-0.762,0.076,1.686,-36.433,2,0,78.516,-71.098,6.688,0,0,1,8,8,R,"Kenomo",174.5,90.022,0.469,2,59,8395.013,252,25,109,61,25,156,150,100,-6.986,-1.365,-0.06,-0.003,-0.064,0.086,0,-0.209,-36.947,0,"HalF_HearteD",0.244,-16.716,0,"Apple_Sherbet",-22.566,-51.045,0,"장덕춘_",-13.168,-64.857,0,"bdg06213",22.241,-51.516,0,"Pugeuk",9.489,-63.932,0,"Oort__Cloud",36.288,-85.122,0,"ʚneul_ɞ",-0.512,-104.155,0,"Azuner",-44.7,-85.008,0,8395.234,0.311,-24.814,8397.234,5,"Pugeuk",2.652,-60.298,0,0,0,0,0,0,0,2
155,7,0,3,4,0,0,1,0,0,0,255,255,255,21,8476.169,"하루（Haru）",R,27,138,-0.34,0.796,-0.049,1.953,-36.39,2,0,64.624,-133.399,7.403,0,0,1,0,9,L,"-Alta-",190,80,0.5,3,74,8477.153,219,22,146,64,48,186,150,111,105.744,39.713,0.11,0.085,-0.132,0.135,0,-0.705,-36.787,0,"HalF_HearteD",-0.142,-16.482,0,"Apple_Sherbet",-22.778,-52.976,0,"장덕춘_",-13.083,-64.987,0,"bdg06213",18.457,-43.066,0,"Pugeuk",12.824,-63.927,0,"Oort__Cloud",38.32,-87.986,0,"ʚneul_ɞ",5.908,-109.16,0,"Azuner",-43.38,-87.892,0,0,0,0,0,0,"",0,0,0,0,0,0,0,0,0,3
156,7,0,3,4,0,1,1,0,0,0,255,255,255,22,8498.993,"하루（Haru）",R,27,140,1.828,0.974,0.139,1.988,-36.375,4,0,110.483,-133.355,11.642,0,0,1,0,9,L,"-Alta-",190,80,0.5,0,74,0,0,0,0,0,0,0,0,0,0,0,0,0,0,0,0,-0.071,-36.992,0,"HalF_HearteD",0.328,-16.519,0,"Apple_Sherbet",-22.496,-52.672,0,"장덕춘_",-13.136,-64.948,0,"bdg06213",19.329,-43.995,0,"Pugeuk",13.34,-63.66,0,"Oort__Cloud",39.643,-87.997,0,"ʚneul_ɞ",6.28,-110.108,0,"Azuner",-43.78,-88.665,0,0,0,0,0,0,"",0,0,0,0,0,0,0,0,0,0
157,7,0,3,4,0,2,1,0,0,0,255,255,255,23,8515.876,"하루（Haru）",R,27,140,0.379,-1.369,0.004,1.532,-36.308,1,0,113.593,-149.348,9.175,0,0,0,0,9,L,"-Alta-",190,80,0.5,0,74,0,0,0,0,0,0,0,0,0,0,0,0,0,0,0,0,-0.168,-36.975,0,"HalF_HearteD",0.418,-16.347,0,"Apple_Sherbet",-22.575,-52.71,0,"장덕춘_",-13.238,-64.828,0,"bdg06213",18.127,-43.594,0,"Pugeuk",13.344,-63.687,0,"Oort__Cloud",39.657,-88.006,0,"ʚneul_ɞ",4.768,-110.578,0,"Azuner",-43.805,-88.665,0,0,0,0,0,0,"",0,0,0,0,0,0,0,0,0,0
158,7,0,3,4,1,2,1,0,0,0,255,255,255,24,8540.282,"하루（Haru）",R,10,89,1.411,-0.82,0.094,1.864,-36.789,0,0,0,327.277,-12.997,0,0,1,0,9,L,"-Alta-",190,80,0.5,0,74,0,0,0,0,0,0,0,0,0,0,0,0,0,0,0,0,-0.078,-37.105,0,"HalF_HearteD",0.396,-16.306,0,"Apple_Sherbet",-22.668,-51.841,0,"장덕춘_",-13.26,-64.839,0,"bdg06213",19.4,-44.543,0,"Pugeuk",10.954,-63.006,0,"Oort__Cloud",39.575,-87.839,0,"ʚneul_ɞ",4.145,-107.778,0,"Azuner",-43.923,-88.474,0,0,0,0,0,0,"",0,0,0,0,0,0,0,0,0,0
159,7,0,3,4,0,0,2,0,0,0,255,255,255,25,8569.653,"하루（Haru）",R,27,127,-0.246,0.906,-0.051,1.948,-36.474,2,0,88.115,-110.69,9.501,0,0,1,1,3,L,"vovopo 보보포",175.3,90,0.6,3,59,8570.717,214,20,140,69,17,223,150,125,15.089,-8.42,0.34,-0.026,-0.033,0.269,0,-0.311,-36.984,0,"HalF_HearteD",-0.111,-16.715,0,"Apple_Sherbet",-21.761,-51.68,0,"장덕춘_",-13.167,-64.87,0,"bdg06213",21.549,-47.93,0,"Pugeuk",12.504,-64.654,0,"Oort__Cloud",39.66,-87.945,0,"ʚneul_ɞ",1.173,-108.951,0,"Azuner",-43.945,-88.437,0,8574.951,30.444,-117.905,8577.102,7,"ʚneul_ɞ",24.555,-118.223,1,0,0,0,0,0,0,2
160,7,0,3,4,0,0,2,0,1,0,255,12,255,26,8616.565,"하루（Haru）",R,33,133,1.708,-0.335,0.118,1.767,-36.291,1,0,138.359,-39.628,9.283,0,0,0,2,5,L,"shimenawa",174.7,94.582,0.2,0,59,0,0,0,0,0,0,0,0,0,0,0,0,0,0,0,0,0.173,-37.364,0,"HalF_HearteD",0.315,-16.374,0,"Apple_Sherbet",-22.542,-52.039,0,"장덕춘_",-6.987,-62.462,0,"bdg06213",21.92,-48.485,0,"Pugeuk",7.349,-64.513,0,"Oort__Cloud",38.218,-85.489,0,"ʚneul_ɞ",-0.118,-107.002,0,"Azuner",-43.549,-90.444,0,0,0,0,0,0,"",0,0,0,0,0,0,0,0,0,0
161,7,0,3,4,1,0,2,0,1,0,255,12,255,27,8634.465,"하루（Haru）",R,0,99,1.924,-0.92,0.137,1.784,-36.789,1,0,0,0,2.632,0,0,0,2,5,L,"shimenawa",174.7,94.582,0.2,0,92,0,0,0,0,0,0,0,0,0,0,0,0,0,0,0,0,-0.14,-36.93,0,"HalF_HearteD",0.465,-18.153,0,"Apple_Sherbet",-22.496,-51.999,0,"장덕춘_",-6.759,-62.238,0,"bdg06213",20.688,-45.048,0,"Pugeuk",9.787,-65.352,0,"Oort__Cloud",38.195,-85.478,0,"ʚneul_ɞ",3.631,-109.892,0,"Azuner",-43.67,-90.327,0,0,0,0,0,0,"",0,0,0,0,0,0,0,0,0,0
162,7,0,3,4,2,0,2,0,1,0,255,12,255,28,8657.346,"하루（Haru）",R,33,126,1.667,-0.043,0.119,1.794,-36.469,1,0,111.696,-107.748,9.505,0,0,0,2,5,L,"shimenawa",174.7,94.582,0.2,0,92,0,0,0,0,0,0,0,0,0,0,0,0,0,0,0,0,0.103,-37.462,0,"HalF_HearteD",0.139,-16.336,0,"Apple_Sherbet",-22.52,-52.084,0,"장덕춘_",-4.475,-61.851,0,"bdg06213",21.027,-44.065,0,"Pugeuk",11.163,-65.3,0,"Oort__Cloud",38.227,-85.517,0,"ʚneul_ɞ",2.331,-108.017,0,"Azuner",-43.708,-90.279,0,0,0,0,0,0,"",0,0,0,0,0,0,0,0,0,0
163,7,0,3,4,3,0,2,0,1,0,255,12,255,29,8674.578,"하루（Haru）",R,27,139,0.186,-0.896,-0.006,1.653,-36.319,0,0,84.388,-129.955,7.112,0,0,0,2,5,L,"shimenawa",174.7,94.582,0.2,0,92,0,0,0,0,0,0,0,0,0,0,0,0,0,0,0,0,-0.383,-37.461,0,"HalF_HearteD",1.189,-17.96,0,"Apple_Sherbet",-22.739,-51.133,0,"장덕춘_",-1.59,-59.93,0,"bdg06213",22.662,-47.145,0,"Pugeuk",11.058,-62.557,0,"Oort__Cloud",38.172,-85.461,0,"ʚneul_ɞ",6.082,-109.804,0,"Azuner",-43.574,-90.443,0,0,0,0,0,0,"",0,0,0,0,0,0,0,0,0,0
164,7,0,3,4,3,1,2,0,0,1,255,255,12,30,8701.006,"하루（Haru）",R,26,140,0.056,0.061,-0.029,1.798,-36.369,0,0,122.363,-174.411,11.652,0,0,1,2,5,L,"shimenawa",174.7,94.582,0.2,0,92,0,0,0,0,0,0,0,0,0,0,0,0,0,0,0,0,0.119,-37.413,0,"HalF_HearteD",0.107,-16.368,0,"Apple_Sherbet",-22.926,-51.678,0,"장덕춘_",-12.694,-63.847,0,"bdg06213",22.807,-48.358,0,"Pugeuk",11.552,-62.799,0,"Oort__Cloud",38.786,-85.974,0,"ʚneul_ɞ",6.364,-110.654,0,"Azuner",-43.636,-90.312,0,0,0,0,0,0,"",0,0,0,0,0,0,0,0,0,0
165,7,0,3,4,3,2,2,0,0,1,255,255,12,31,8724.281,"하루（Haru）",R,5,101,0.34,-1.25,0.214,1.592,-36.604,1,0,-73.312,0,8.158,0,0,0,2,5,L,"shimenawa",174.7,94.582,0.2,0,92,0,0,0,0,0,0,0,0,0,0,0,0,0,0,0,0,-0.255,-36.907,0,"HalF_HearteD",0.463,-18.278,0,"Apple_Sherbet",-23.505,-53.404,0,"장덕춘_",-13.125,-65.001,0,"bdg06213",21.562,-48.859,0,"Pugeuk",10.937,-55.682,0,"Oort__Cloud",38.725,-86.068,0,"ʚneul_ɞ",3.489,-108.327,0,"Azuner",-43.597,-90.37,0,0,0,0,0,0,"",0,0,0,0,0,0,0,0,0,5
166,7,0,3,5,0,0,2,1,0,0,14,255,255,32,8768.518,"하루（Haru）",R,28,126,0.424,-0.375,0.015,1.734,-36.374,0,0,78.702,-90.948,6.856,0,0,1,3,4,R,"甲斐野柊太",190,86,0.2,0,34,0,0,0,0,0,0,0,0,0,0,0,0,0,0,0,0,-0.242,-37.31,0,"HalF_HearteD",0.171,-16.492,0,"Apple_Sherbet",-20.143,-47.701,0,"장덕춘_",-12.422,-62.934,0,"bdg06213",22.432,-48.1,0,"Pugeuk",11.107,-59.652,0,"Oort__Cloud",39.768,-87.045,0,"ʚneul_ɞ",5.357,-108.387,0,"Azuner",-46.503,-87.752,0,0,0,0,0,0,"",0,0,0,0,0,0,0,0,0,0
167,7,0,3,5,0,1,2,1,0,0,14,255,255,33,8785.812,"하루（Haru）",R,3,103,-1.438,-0.433,0.028,1.756,-36.548,2,0,-375.039,0,15.566,0,0,1,3,4,R,"甲斐野柊太",190,86,0.2,3,34,8787.036,127,26,106,109,97,97,150,117,-8.17,31.988,0.07,-0.019,-0.084,0.04,0,-0.416,-36.918,0,"HalF_HearteD",-0.373,-16.593,0,"Apple_Sherbet",-19.475,-42.512,0,"장덕춘_",-12.949,-63.907,0,"bdg06213",21.733,-48.636,0,"Pugeuk",5.892,-61.367,0,"Oort__Cloud",39.754,-87.032,0,"ʚneul_ɞ",0.78,-110.45,0,"Azuner",-46.541,-87.717,0,8787.335,-3.085,-23.688,8790.269,8,"Azuner",-38.64,-78.647,1,8,0,0,0,0,0,2
168,8,1,3,5,0,0,0,0,0,0,255,255,255,0,9123.203,"-Alta-",L,28,140,1.784,-0.319,0.092,1.617,-36.154,2,0,2.189,-96.564,-4.823,0,0,1,1,5,R,"Pugeuk",160,95.761,0.552,3,59,9124.179,167,4,89,42,25,106,140,108,-13.603,-20.226,0.11,0.006,-0.072,0.27,0,0.488,-36.814,0,"白霜らいふ",0.124,-16.457,0,"P0TA0",-23.275,-46.323,0,"vovopo 보보포",-18.038,-61.634,0,"甲斐野柊太",16.872,-43.514,0,"shimenawa",13.085,-63.322,0,"Pizzallaris",41.564,-89.811,0,"紅さかな",-0.353,-114.858,0,"Kenomo",-47.563,-89.462,0,9124.436,1.295,-22.004,9127.002,2,"Apple_Sherbet",15.975,-61.937,0,0,0,0,0,0,0,2
169,8,1,3,5,0,0,1,0,0,0,255,255,255,1,9162.583,"-Alta-",L,26,126,0.611,0.512,-0.219,1.968,-36.619,2,0,-104.249,-160.527,0.079,0,0,1,2,0,R,"하루（Haru）",190,85,0.55,2,59,9163.703,163,14,136,41,15,230,150,130,101.062,-77.052,0.55,0.021,0.025,0.211,0,0.332,-36.511,0,"白霜らいふ",0.111,-16.406,0,"P0TA0",-23.783,-46.436,0,"vovopo 보보포",-11.746,-64.002,0,"甲斐野柊太",17.671,-43.592,0,"shimenawa",13.432,-64.249,0,"Pizzallaris",39.797,-85.695,0,"紅さかな",-0.065,-116.118,0,"Kenomo",-50.152,-93.353,0,0,0,0,0,0,"",0,0,0,0,0,0,0,0,0,3
170,8,1,3,5,0,1,1,0,0,0,255,255,255,2,9186.157,"-Alta-",L,6,114,-2.34,-0.287,-0.15,1.796,-36.42,1,0,-399.929,0,-10.19,0,0,0,2,0,R,"하루（Haru）",190,85,0.55,0,43,0,0,0,0,0,0,0,0,0,0,0,0,0,0,0,0,0.068,-36.761,0,"白霜らいふ",0.045,-16.476,0,"P0TA0",-23.951,-46.478,0,"vovopo 보보포",-17.054,-61.601,0,"甲斐野柊太",17.144,-43.951,0,"shimenawa",13.573,-64.094,0,"Pizzallaris",38.536,-86.891,0,"紅さかな",-0.171,-116.314,0,"Kenomo",-51.129,-93.024,0,0,0,0,0,0,"",0,0,0,0,0,0,0,0,0,0
171,8,1,3,5,1,1,1,0,0,0,255,255,255,3,9203.343,"-Alta-",L,26,140,1.181,-0.699,-0.019,1.598,-36.179,2,0,-77.098,-200,-4.276,0,0,1,2,0,R,"하루（Haru）",190,85,0.55,2,43,9204.451,174,9,121,35,11,255,149,128,-30,32.467,0.73,-0.033,-0.031,0.082,0,0.532,-36.75,0,"白霜らいふ",0.15,-16.513,0,"P0TA0",-23.634,-47.056,0,"vovopo 보보포",-16.131,-61.753,0,"甲斐野柊太",16.889,-44.099,0,"shimenawa",12.793,-64.559,0,"Pizzallaris",38.39,-86.659,0,"紅さかな",-0.082,-116.343,0,"Kenomo",-51.102,-92.993,0,9204.585,-0.424,-20.103,9211.502,8,"Kenomo",-41.279,-99.375,1,4,0,0,0,0,0,2
172,8,1,3,5,0,0,2,0,0,0,255,255,255,4,9248.352,"-Alta-",L,11,121,-1.323,0.118,-0.208,1.759,-36.399,2,0,-115.729,159.751,-2.004,0,0,1,3,4,R,"bdg06213",190,86.379,0.25,3,59,9249.47,186,13,111,31,43,45,143,119,32.372,17.117,0.8,-0.006,-0.028,0.044,0,0.38,-36.471,0,"白霜らいふ",-0.156,-16.704,0,"P0TA0",-22.53,-46.586,0,"vovopo 보보포",-17.174,-62.149,0,"甲斐野柊太",16.872,-44.269,0,"shimenawa",13.136,-64.092,0,"Pizzallaris",39.689,-85.815,0,"紅さかな",-0.016,-120.16,0,"Kenomo",-50.125,-89.522,0,9255.085,-24.136,-122.526,9257.085,7,"紅さかな",-24.628,-126.494,1,0,0,0,0,0,0,2
173,8,1,3,5,0,0,2,0,1,0,255,4,255,5,9290.684,"-Alta-",L,26,127,-0.06,0.674,-0.252,1.979,-36.407,0,0,-66.36,-186.873,5.936,0,0,0,4,8,L,"Azuner",179.8,86,0.398,0,47,0,0,0,0,0,0,0,0,0,0,0,0,0,0,0,0,0.082,-36.481,0,"白霜らいふ",-0.005,-16.46,0,"P0TA0",-23.69,-48.276,0,"vovopo 보보포",-6.957,-65.84,0,"甲斐野柊太",17.955,-43.707,0,"shimenawa",11.193,-64.114,0,"Pizzallaris",39.506,-87.688,0,"紅さかな",1.88,-120.102,0,"Kenomo",-45.372,-96.95,0,0,0,0,0,0,"",0,0,0,0,0,0,0,0,0,0
174,8,1,3,5,0,1,2,0,1,0,255,4,255,6,9308.609,"-Alta-",L,3,118,2.487,0.221,-0.285,1.927,-36.552,4,0,321.711,0,-4.748,0,0,1,4,8,L,"Azuner",179.8,86,0.398,0,47,0,0,0,0,0,0,0,0,0,0,0,0,0,0,0,0,0.438,-36.665,0,"白霜らいふ",0.35,-16.454,0,"P0TA0",-23.717,-48.354,0,"vovopo 보보포",-3.8,-65.893,0,"甲斐野柊太",19.486,-42.253,0,"shimenawa",12.666,-64.076,0,"Pizzallaris",39.507,-87.679,0,"紅さかな",2.071,-120.286,0,"Kenomo",-45.361,-96.962,0,0,0,0,0,0,"",0,0,0,0,0,0,0,0,0,0
175,8,1,3,5,0,2,2,0,1,0,255,4,255,7,9327.184,"-Alta-",L,3,115,3.032,-0.328,-0.201,1.821,-36.469,2,0,351.444,0,-0.064,0,0,1,4,8,L,"Azuner",179.8,86,0.398,3,47,9328.311,147,18,88,60,62,57,140,108,25.28,-47.797,0.91,-0.027,-0.029,0.026,0,0.434,-36.858,0,"白霜らいふ",0.153,-16.587,0,"P0TA0",-23.881,-48.472,0,"vovopo 보보포",-10.32,-66.129,0,"甲斐野柊太",17.921,-43.617,0,"shimenawa",15.26,-63.314,0,"Pizzallaris",39.499,-87.689,0,"紅さかな",0.686,-120.076,0,"Kenomo",-45.399,-96.98,0,9332.535,62.655,-83.275,9334.835,6,"Pizzallaris",66.132,-86.674,1,0,0,0,0,0,0,2
176,8,1,4,5,0,0,2,0,1,0,255,8,255,8,9372.061,"-Alta-",L,27,134,1.12,-0.414,-0.118,1.792,-36.302,2,0,-71.62,-112.052,0.585,0,0,1,5,3,R,"장덕춘_",165.3,85,0.397,3,59,9372.845,178,10,86,63,53,124,142,86,-36.778,-44.46,-0.47,-0.079,-0.051,0.045,0,0.397,-36.739,0,"白霜らいふ",0.08,-16.532,0,"P0TA0",-23.512,-47.961,0,"vovopo 보보포",-15.788,-63.455,0,"甲斐野柊太",17.867,-44.486,0,"shimenawa",10.823,-64.538,0,"Pizzallaris",41.306,-89.012,0,"紅さかな",-1.167,-118.41,0,"Kenomo",-51.012,-93.963,0,9373.052,1.252,-20.723,9374.818,4,"甲斐野柊太",20.142,-39.833,0,0,0,0,0,0,0,2
177,8,1,4,5,0,1,2,0,1,0,255,8,255,9,9396.469,"-Alta-",L,26,137,1.737,-1.022,0.026,1.638,-36.226,1,0,-75.532,-200,-8.63,0,0,0,5,3,R,"장덕춘_",165.3,85,0.397,0,59,0,0,0,0,0,0,0,0,0,0,0,0,0,0,0,0,0.153,-36.832,0,"白霜らいふ",0.089,-16.478,0,"P0TA0",-23.753,-47.596,0,"vovopo 보보포",-14.252,-64.009,0,"甲斐野柊太",17.582,-42.785,0,"shimenawa",9.287,-63.092,0,"Pizzallaris",42.282,-93.745,0,"紅さかな",0.246,-116.758,0,"Kenomo",-48.642,-93.887,0,0,0,0,0,0,"",0,0,0,0,0,0,0,0,0,0
178,8,1,4,5,1,1,2,0,1,0,255,8,255,10,9414.553,"-Alta-",L,26,134,1.276,0.293,-0.034,1.829,-36.252,2,0,-67.498,-200,-6.696,0,0,1,5,3,R,"장덕춘_",165.3,85,0.397,3,59,9415.448,136,9,63,40,44,69,129,80,14.968,-16.192,-0.39,-0.03,-0.036,0.033,0,0.57,-36.719,0,"白霜らいふ",0.046,-16.597,0,"P0TA0",-23.751,-47.564,0,"vovopo 보보포",-16.351,-63.277,0,"甲斐野柊太",17.312,-43.47,0,"shimenawa",12.739,-64.428,0,"Pizzallaris",41.883,-92.862,0,"紅さかな",0.609,-117.774,0,"Kenomo",-48.666,-93.905,0,0,0,0,9418.602,5,"shimenawa",13.809,-66.559,0,0,0,0,0,0,0,1
179,8,0,4,5,0,0,0,0,0,0,255,255,255,0,9615.473,"TaeGeuk_",R,32,140,-2.025,1.466,0.329,1.177,-36.558,1,0,204.967,-10.01,7.831,0,0,0,4,2,R,"P0TA0",190,97,0.384,0,59,0,0,0,0,0,0,0,0,0,0,0,0,0,0,0,0,-0.168,-38.36,0,"HalF_HearteD",0.008,-16.288,0,"하루（Haru）",-19.993,-47.549,0,"장덕춘_",-14.411,-64.232,0,"bdg06213",21.345,-49.778,0,"Pugeuk",9,-64.595,0,"Apple_Sherbet",40.194,-82.25,0,"ʚneul_ɞ",0.037,-109.32,0,"Azuner",-44.517,-86.528,0,0,0,0,0,0,"",0,0,0,0,0,0,0,0,0,0
180,8,0,4,5,1,0,0,0,0,0,255,255,255,1,9633.636,"TaeGeuk_",R,3,123,1.116,-0.341,0.794,0.829,-36.703,0,0,-326.47,0,-4.056,0,0,0,4,2,R,"P0TA0",190,97,0.384,0,59,0,0,0,0,0,0,0,0,0,0,0,0,0,0,0,0,0.102,-37.76,0,"HalF_HearteD",0.024,-16.426,0,"하루（Haru）",-20.606,-46.255,0,"장덕춘_",-14.586,-64.035,0,"bdg06213",22.378,-49.888,0,"Pugeuk",9.208,-64.56,0,"Apple_Sherbet",40.95,-87.447,0,"ʚneul_ɞ",2.935,-107.279,0,"Azuner",-44.473,-86.559,0,0,0,0,0,0,"",0,0,0,0,0,0,0,0,0,0
181,8,0,4,5,1,1,0,0,0,0,255,255,255,2,9651.779,"TaeGeuk_",R,3,107,-1.313,0.731,0.599,1.111,-36.654,2,0,-334.322,0,-1.229,0,0,1,4,2,R,"P0TA0",190,97,0.384,2,59,9652.596,255,21,182,84,30,255,150,96,-44.337,40.255,-0.52,0.025,0.037,0.15,0,0.421,-37.313,0,"HalF_HearteD",0.032,-16.57,0,"하루（Haru）",-20.78,-47.587,0,"장덕춘_",-14.512,-64.168,0,"bdg06213",21.807,-50.408,0,"Pugeuk",9.375,-64.578,0,"Apple_Sherbet",40.964,-87.358,0,"ʚneul_ɞ",3.417,-112.301,0,"Azuner",-44.497,-86.569,0,9652.769,-1.341,-20.98,9654.785,2,"하루（Haru）",-20.684,-44.221,0,0,0,0,0,0,0,2
182,8,0,4,5,0,0,1,0,0,0,255,255,255,3,9676.849,"TaeGeuk_",R,32,137,-1.301,1.006,0.391,1.06,-36.452,2,0,218.387,31.58,12.276,0,0,1,5,6,R,"Pizzallaris",170.2,89.878,0.396,3,59,9677.873,203,21,96,72,45,100,150,101,22.083,0.594,0.95,-0.016,-0.005,0.078,0,0.292,-37.334,0,"HalF_HearteD",0.003,-16.656,0,"하루（Haru）",-19.879,-47.228,0,"장덕춘_",-14.817,-63.722,0,"bdg06213",18.822,-46.757,0,"Pugeuk",9.83,-64.867,0,"Apple_Sherbet",38.388,-84.309,0,"ʚneul_ɞ",-0.185,-112.329,0,"Azuner",-44.777,-85.434,0,9682.985,14.288,-107.99,9683.118,7,"ʚneul_ɞ",13.587,-105.249,0,0,0,0,0,0,0,1
183,8,0,4,5,0,0,2,0,0,0,255,255,255,4,9714.267,"TaeGeuk_",R,2,114,3.493,-0.322,1.098,0.781,-37.056,1,0,-315.919,-247.826,-4.602,0,0,0,6,1,R,"白霜らいふ",190,100.044,0.704,0,36,0,0,0,0,0,0,0,0,0,0,0,0,0,0,0,0,0.199,-37.325,0,"HalF_HearteD",0.171,-16.918,0,"하루（Haru）",-20.028,-47.029,0,"장덕춘_",-14.337,-64.017,0,"bdg06213",21.726,-50.782,0,"Pugeuk",8.671,-65.586,0,"Apple_Sherbet",39.671,-85.005,0,"ʚneul_ɞ",0.308,-106.613,0,"Azuner",-44.774,-85.362,0,0,0,0,0,0,"",0,0,0,0,0,0,0,0,0,0
184,8,0,4,5,1,0,2,0,0,0,255,255,255,5,9733.681,"TaeGeuk_",R,32,140,0.295,0.272,0.549,0.948,-36.497,0,0,195.458,-4.619,0.01,0,0,1,6,1,R,"白霜らいふ",190,100.044,0.704,0,36,0,0,0,0,0,0,0,0,0,0,0,0,0,0,0,0,-0.163,-37.51,0,"HalF_HearteD",0.199,-16.706,0,"하루（Haru）",-20.042,-47.035,0,"장덕춘_",-14.432,-63.911,0,"bdg06213",21.222,-51.329,0,"Pugeuk",8.752,-65.696,0,"Apple_Sherbet",39.639,-84.995,0,"ʚneul_ɞ",0.239,-106.646,0,"Azuner",-44.775,-85.467,0,0,0,0,0,0,"",0,0,0,0,0,0,0,0,0,0
185,8,0,4,5,1,1,2,0,0,0,255,255,255,6,9751.752,"TaeGeuk_",R,5,116,0.761,-0.577,0.75,0.719,-36.714,2,0,-129.391,0,-6.56,0,0,1,6,1,R,"白霜らいふ",190,100.044,0.704,2,36,9752.816,214,18,162,71,67,255,150,113,25.282,-4.948,0.89,-0.064,-0.114,0.198,0,0.445,-37.431,0,"HalF_HearteD",0.082,-16.806,0,"하루（Haru）",-19.84,-46.872,0,"장덕춘_",-14.324,-63.947,0,"bdg06213",21.765,-51.524,0,"Pugeuk",8.543,-65.687,0,"Apple_Sherbet",39.64,-84.974,0,"ʚneul_ɞ",0.256,-106.755,0,"Azuner",-44.795,-85.274,0,9757.068,-2.444,-111.293,9757.186,7,"ʚneul_ɞ",-2.133,-108.776,0,0,0,0,0,0,0,1
186,9,1,4,5,0,0,0,0,0,0,255,255,255,11,9836.335,"-Alta-",L,32,126,-0.053,0.664,-0.335,1.028,-36.756,0,0,-242.535,111.724,-3.084,0,0,1,6,0,R,"TaeGeuk_",177.3,89.742,0.405,0,59,0,0,0,0,0,0,0,0,0,0,0,0,0,0,0,0,0.559,-37.149,0,"白霜らいふ",0.016,-16.263,0,"P0TA0",-23.456,-47.085,0,"vovopo 보보포",-14.471,-62.028,0,"甲斐野柊太",17.396,-43.936,0,"shimenawa",14.577,-62.928,0,"Pizzallaris",37.84,-85.858,0,"紅さかな",-0.174,-111.397,0,"Kenomo",-45.025,-93.854,0,0,0,0,0,0,"",0,0,0,0,0,0,0,0,0,0
187,9,1,4,5,0,1,0,0,0,0,255,255,255,12,9852.609,"-Alta-",L,3,106,-3.602,-1.608,-0.458,0.808,-37.185,1,0,436.219,-0.512,-6.65,0,0,0,6,0,R,"TaeGeuk_",177.3,89.742,0.405,0,59,0,0,0,0,0,0,0,0,0,0,0,0,0,0,0,0,0.25,-36.749,0,"白霜らいふ",0.064,-16.353,0,"P0TA0",-23.477,-47.239,0,"vovopo 보보포",-13.463,-62.522,0,"甲斐野柊太",16.719,-44.364,0,"shimenawa",14.274,-63.114,0,"Pizzallaris",37.879,-85.89,0,"紅さかな",-0.166,-111.261,0,"Kenomo",-45.049,-93.8,0,0,0,0,0,0,"",0,0,0,0,0,0,0,0,0,0
188,9,1,4,5,1,1,0,0,0,0,255,255,255,13,9868.333,"-Alta-",L,3,109,4.63,1.039,-0.417,0.873,-36.786,2,0,480.355,0,-7.426,0,0,1,6,0,R,"TaeGeuk_",177.3,89.742,0.405,3,59,9869.501,148,17,70,49,30,70,137,87,47.036,-48.967,-0.48,-0.002,-0.12,0.047,0,0.372,-36.751,0,"白霜らいふ",0.075,-16.498,0,"P0TA0",-23.435,-47.217,0,"vovopo 보보포",-17.948,-61.866,0,"甲斐野柊太",16.588,-44.333,0,"shimenawa",14.798,-63.658,0,"Pizzallaris",38.026,-86.043,0,"紅さかな",0.382,-111.792,0,"Kenomo",-45.855,-94.077,0,9874.385,51.593,-64.226,0,0,"",0,0,0,0,0,0,0,0,0,3
189,9,1,4,5,1,2,0,0,0,0,255,255,255,14,9893.051,"-Alta-",L,32,140,1.387,1.135,0.445,1.25,-36.193,1,0,-196.05,13.016,-20.109,0,0,0,6,0,R,"TaeGeuk_",177.3,89.742,0.405,0,60,0,0,0,0,0,0,0,0,0,0,0,0,0,0,0,0,0.068,-36.76,0,"白霜らいふ",-0.032,-16.28,0,"P0TA0",-23.346,-46.806,0,"vovopo 보보포",-14.151,-63.407,0,"甲斐野柊太",19.397,-41.998,0,"shimenawa",14.437,-63.571,0,"Pizzallaris",40.934,-91.457,0,"紅さかな",0.109,-114.983,0,"Kenomo",-44.85,-91.934,0,0,0,0,0,0,"",0,0,0,0,0,0,0,0,0,0
190,9,1,4,5,2,2,0,0,0,0,255,255,255,15,9905.818,"-Alta-",L,32,140,1.943,-0.312,0.151,1.063,-36.058,2,0,-243.946,16.711,-21.793,0,0,1,6,0,R,"TaeGeuk_",177.3,89.742,0.405,3,60,9906.8,97,12,53,40,19,30,104,66,22.488,20.063,-0.51,-0.025,-0.036,0.043,0,0.612,-36.113,0,"白霜らいふ",0.046,-16.726,0,"P0TA0",-23.433,-46.741,0,"vovopo 보보포",-17.658,-62.086,0,"甲斐野柊太",16.448,-44.783,0,"shimenawa",14.695,-63.367,0,"Pizzallaris",40.94,-91.497,0,"紅さかな",0.283,-115.022,0,"Kenomo",-44.853,-91.901,0,9910.035,-15.46,-59.311,9910.235,3,"vovopo 보보포",-14.365,-56.536,0,0,0,0,0,0,0,1
191,9,1,4,5,0,0,1,0,0,0,255,255,255,16,9937.343,"-Alta-",L,32,138,0.865,0.589,-0.043,1.206,-36.137,0,0,-154.535,16.701,-13.861,0,0,0,7,7,L,"ʚneul_ɞ",175,95,0.532,0,59,0,0,0,0,0,0,0,0,0,0,0,0,0,0,0,0,-0.172,-36.984,0,"白霜らいふ",0.07,-15.892,0,"P0TA0",-23.49,-47.039,0,"vovopo 보보포",-9.209,-64.885,0,"甲斐野柊太",17.367,-43.307,0,"shimenawa",12.656,-64.336,0,"Pizzallaris",40.447,-91.717,0,"紅さかな",0.034,-112.779,0,"Kenomo",-44.401,-97.062,0,0,0,0,0,0,"",0,0,0,0,0,0,0,0,0,0
192,9,1,4,5,0,1,1,0,0,0,255,255,255,17,9953.442,"-Alta-",L,3,122,2.302,-0.539,-0.206,0.879,-36.372,4,0,456.794,0,-7.783,0,0,1,7,7,L,"ʚneul_ɞ",175,95,0.532,0,59,0,0,0,0,0,0,0,0,0,0,0,0,0,0,0,0,0.125,-36.507,0,"白霜らいふ",0.062,-16.347,0,"P0TA0",-23.484,-46.985,0,"vovopo 보보포",-9.882,-64.44,0,"甲斐野柊太",18.044,-43.148,0,"shimenawa",14.031,-64.315,0,"Pizzallaris",40.45,-91.722,0,"紅さかな",1.108,-113.299,0,"Kenomo",-44.389,-97.043,0,0,0,0,0,0,"",0,0,0,0,0,0,0,0,0,0
193,9,1,4,5,0,2,1,0,0,0,255,255,255,18,9968.723,"-Alta-",L,3,116,3.669,0.132,-0.223,0.932,-36.492,4,0,467.388,0,-9.886,0,0,1,7,7,L,"ʚneul_ɞ",175,95,0.532,0,59,0,0,0,0,0,0,0,0,0,0,0,0,0,0,0,0,0.01,-36.656,0,"白霜らいふ",0.239,-16.108,0,"P0TA0",-23.549,-46.947,0,"vovopo 보보포",-8.853,-64.041,0,"甲斐野柊太",17.916,-43.376,0,"shimenawa",12.383,-62.752,0,"Pizzallaris",40.448,-91.7,0,"紅さかな",-0.487,-113.88,0,"Kenomo",-44.43,-97.081,0,0,0,0,0,0,"",0,0,0,0,0,0,0,0,0,0
194,9,1,4,5,0,0,2,0,0,0,255,255,255,19,9993.173,"-Alta-",L,3,116,3.651,0.613,-0.165,1.036,-36.345,4,0,466.938,0,-11.356,0.766,-20.623,1,8,1,R,"HalF_HearteD",175.2,80,0.503,0,59,0,0,0,0,0,0,0,0,0,0,0,0,0,0,0,0,0.103,-36.425,0,"白霜らいふ",0.101,-17.372,0,"P0TA0",-23.84,-46.99,0,"vovopo 보보포",-13.727,-62.228,0,"甲斐野柊太",16.845,-43.944,0,"shimenawa",11.504,-63.989,0,"Pizzallaris",40.449,-91.718,0,"紅さかな",0.666,-115.38,0,"Kenomo",-49.362,-92.846,0,0,0,0,0,0,"",0,0,0,0,0,0,0,0,0,0
195,9,1,4,5,0,1,2,0,0,0,255,255,255,20,10010.74,"-Alta-",L,33,140,1.954,0.684,-0.11,1.129,-36.279,4,0,-130.014,20.18,-6.306,0,0,1,8,1,R,"HalF_HearteD",175.2,80,0.503,3,59,10011.8,255,9,94,42,13,101,141,128,-30,9.679,0.54,0.003,-0.022,0.109,0,0.111,-36.454,0,"白霜らいふ",0.061,-16.821,0,"P0TA0",-23.859,-46.926,0,"vovopo 보보포",-18.13,-61.196,0,"甲斐野柊太",16.588,-43.587,0,"shimenawa",13.959,-63.972,0,"Pizzallaris",40.001,-89.751,0,"紅さかな",0.491,-116.005,0,"Kenomo",-49.345,-92.816,0,10012.02,0.119,-19.331,10012.27,1,"白霜らいふ",0.41,-17.898,0,0,0,0,0,0,0,2
196,9,1,4,5,0,2,2,0,0,0,255,255,255,21,10027.34,"-Alta-",L,32,134,1.792,0.15,0.024,1.016,-36.221,2,0,-213.489,31.74,-12.345,0,0,1,8,1,R,"HalF_HearteD",175.2,80,0.503,3,59,10028.4,139,27,91,67,9,97,141,94,20.562,8.364,-0.28,-0.016,-0.064,0.035,0,0.097,-36.383,0,"白霜らいふ",0.052,-16.482,0,"P0TA0",-23.853,-46.94,0,"vovopo 보보포",-19.088,-61.917,0,"甲斐野柊太",17.546,-44.302,0,"shimenawa",12.616,-64.52,0,"Pizzallaris",41.199,-90.268,0,"紅さかな",0.408,-117.602,0,"Kenomo",-48.43,-94.118,0,10032.72,-14.246,-94.623,10033.92,7,"紅さかな",-16.482,-104.729,1,0,0,0,0,0,0,2
197,9,1,4,5,0,0,2,1,0,0,1,255,255,22,10061.31,"-Alta-",L,32,132,-0.584,0.616,0.013,1.177,-36.162,0,0,-151.82,-15.645,-7.454,0,0,1,0,6,R,"Apple_Sherbet",176.8,86.926,0.252,0,59,0,0,0,0,0,0,0,0,0,0,0,0,0,0,0,0,0.251,-37.164,0,"白霜らいふ",0.008,-16.39,0,"P0TA0",-17.915,-39.891,0,"vovopo 보보포",-12.237,-63.901,0,"甲斐野柊太",17.876,-43.451,0,"shimenawa",8.545,-63.939,0,"Pizzallaris",38.635,-91.192,0,"紅さかな",-0.129,-119.435,0,"Kenomo",-51.167,-93.302,0,0,0,0,0,0,"",0,0,0,0,0,0,0,0,0,0
198,9,1,4,5,0,1,2,1,0,0,1,255,255,23,10075.8,"-Alta-",L,3,119,1.78,0.071,-0.359,1.004,-36.317,2,0,415.659,0,-5.505,0,0,1,0,6,R,"Apple_Sherbet",176.8,86.926,0.252,3,59,10076.71,194,28,138,106,48,86,150,128,2.813,-31.651,0.7,-0.042,-0.027,0.09,0,-0.071,-36.454,0,"白霜らいふ",0.049,-16.452,0,"P0TA0",-18.074,-39.692,0,"vovopo 보보포",-16.769,-63.194,0,"甲斐野柊太",17.494,-44.492,0,"shimenawa",12.998,-63.381,0,"Pizzallaris",38.636,-91.16,0,"紅さかな",0.761,-119.52,0,"Kenomo",-51.188,-93.319,0,10077.7,15.723,-45.148,10078.1,4,"甲斐野柊太",14.817,-43.763,0,0,0,0,0,0,0,2
