id,inn,half,scoreA,scoreB,ball,strk,out,b1,b2,b3,b1Idx,b2Idx,b3Idx,pCnt,pSec,pName,pHand,pType,spdK,zoneX,zoneY,startX,startY,zDist,call,balk,sH,sV,gyro,plx,plz,bSwing,bIdx,bPos,bZone,bName,bHCm,batLen,batCen,batType,bFps,hSec,rotS,shS,lgS,impMv,batSpd,ev,ldeg,sdeg,hPos,hMoveX,hMoveY,stayCon,hitSpnX,hitSpnY,hitSpnZ,PPosX,PPosY,CName,CPosX,CPosY,1BName,1BPosX,1BPosY,2BName,2BPosX,2BPosY,3BName,3BPosX,3BPosY,SSName,SSPosX,SSPosY,LFName,LFPosX,LFPosY,CFName,CFPosX,CFPosY,RFName,RFPosX,RFPosY,ltSec,lx,lz,cSec,cPos,cPlr,cx,cz,1BSafe,tag,cpSec,sb2Sec,sb3Sec,sbhSec,ass,result
1,1,1,0,0,0,0,0,0,0,0,255,255,255,0,1337.98,"白霜らいふ",R,26,140,1.184,0.907,0.01,1.488,-36.348,2,0,-180.888,-200,91.772,0,0,1,0,6,R,"mochi_2929",169.9,94.434,0.477,3,60,1338.974,169,152,65,197,152,124,33.208,-12.763,0.5,-0.023,-0.12,0.227,0,0,0,0.176,-36.905,"あおいぬ",0.015,-17.179,"Kenomo",-21.355,-47.685,"vovopo 보보포",-18.332,-61.326,"あいくんだよー『아이 군』",19.418,-46.756,"shimenawa",13.24,-63.36,"甲斐野柊太",37.153,-88.314,"紅さかな",-0.417,-113.193,"Pizzallaris",-39.23,-83.715,1344.563,8.511,-128.749,1344.696,7,"紅さかな",8.424,-125.48,0,0,0,0,0,0,0,1
2,1,1,0,0,0,0,1,0,0,0,255,255,255,0,1581.794,"Kenomo",R,13,113,-5.167,-2.803,-0.201,1.324,-36.694,1,0,-354.523,352.581,16.186,-0.804,-22.602,0,1,8,R,"sano jpn",170.2,96.636,0.323,0,55,0,0,0,0,0,0,0,0,0,0,0,0,0,0,0,0,-0.148,-37.414,"白霜らいふ",-1.22,-16.407,"あおいぬ",-17.408,-43.176,"vovopo 보보포",-16.406,-61.231,"あいくんだよー『아이 군』",20.255,-48.454,"shimenawa",14.706,-62.999,"甲斐野柊太",38.691,-81.047,"紅さかな",-7.832,-121.427,"Pizzallaris",-40.796,-90.133,0,0,0,0,0,"",0,0,0,0,0,0,0,0,0,0
3,1,1,0,0,1,0,1,0,0,0,255,255,255,1,1598.751,"Kenomo",R,26,137,0.748,-1.003,0.141,1.517,-36.688,0,0,87.48,-198.909,8.143,0,0,1,1,8,R,"sano jpn",170.2,96.636,0.323,3,55,1599.811,167,115,35,179,147,124,-22.541,3.739,0.59,-0.059,-0.017,0.277,0,0,0,-0.034,-36.899,"白霜らいふ",0.089,-16.407,"あおいぬ",-17.398,-42.893,"vovopo 보보포",-19.015,-61.276,"あいくんだよー『아이 군』",20.795,-48.331,"shimenawa",14.067,-63.288,"甲斐野柊太",37.997,-85.945,"紅さかな",-7.716,-121.364,"Pizzallaris",-40.25,-90.987,1599.913,0.08,-20.472,1600.78,0,"Kenomo",-1.025,-36.882,0,0,0,0,0,0,0,2
4,1,1,0,0,0,0,2,0,0,0,255,255,255,2,1628.515,"Kenomo",R,34,138,1.327,1.162,0.161,1.774,-36.749,1,0,65.176,-28.601,4.237,0,0,0,2,4,R,"にゃんこ3K",190,99.745,0.6,0,59,0,0,0,0,0,0,0,0,0,0,0,0,0,0,0,0,0.001,-37.362,"白霜らいふ",0.12,-16.523,"あおいぬ",-16.717,-42.753,"vovopo 보보포",-15.048,-62.086,"あいくんだよー『아이 군』",20.466,-47.177,"shimenawa",14.718,-63.683,"甲斐野柊太",36.512,-85.555,"紅さかな",-1.678,-118.407,"Pizzallaris",-39.661,-87.264,0,0,0,0,0,"",0,0,0,0,0,0,0,0,0,0
5,1,1,0,0,1,0,2,0,0,0,255,255,255,3,1649.051,"Kenomo",R,10,113,0.281,0.062,0.112,1.765,-36.757,0,0,-30.393,333.671,12.885,0,0,0,2,4,R,"にゃんこ3K",190,99.745,0.6,0,59,0,0,0,0,0,0,0,0,0,0,0,0,0,0,0,0,-0.016,-37.254,"白霜らいふ",0.12,-16.494,"あおいぬ",-17.028,-42.557,"vovopo 보보포",-16.457,-61.613,"あいくんだよー『아이 군』",19.798,-46.67,"shimenawa",14.709,-63.583,"甲斐野柊太",36.501,-85.384,"紅さかな",-1.668,-118.43,"Pizzallaris",-39.706,-87.266,0,0,0,0,0,"",0,0,0,0,0,0,0,0,0,0
6,1,1,0,0,1,1,2,0,0,0,255,255,255,4,1668.466,"Kenomo",R,13,113,-3.133,-1.158,-0.153,1.462,-36.72,1,0,-347.619,359.39,6.575,0,0,0,2,4,R,"にゃんこ3K",190,99.745,0.6,0,59,0,0,0,0,0,0,0,0,0,0,0,0,0,0,0,0,-0.134,-37.356,"白霜らいふ",-0.788,-16.579,"あおいぬ",-17.107,-42.358,"vovopo 보보포",-15.76,-61.638,"あいくんだよー『아이 군』",22.5,-47.405,"shimenawa",14.615,-63.457,"甲斐野柊太",36.488,-85.502,"紅さかな",-1.631,-118.406,"Pizzallaris",-39.759,-87.293,0,0,0,0,0,"",0,0,0,0,0,0,0,0,0,0
7,1,1,0,0,2,1,2,0,0,0,255,255,255,5,1685.529,"Kenomo",R,34,138,1.563,0.286,0.154,1.627,-36.634,2,0,72.026,-61.582,0.26,0,0,1,2,4,R,"にゃんこ3K",190,99.745,0.6,3,59,1686.539,208,151,38,206,155,130,52.309,-56.417,0.35,0.002,-0.137,0.469,0,0,0,-0.266,-36.657,"白霜らいふ",0.111,-16.576,"あおいぬ",-16.893,-42.409,"vovopo 보보포",-19.467,-60.594,"あいくんだよー『아이 군』",21.606,-47.703,"shimenawa",13.494,-63.679,"甲斐野柊太",36.47,-85.524,"紅さかな",-1.652,-118.381,"Pizzallaris",-39.686,-87.273,1691.213,85.318,-78.213,0,0,"",0,0,0,0,0,0,0,0,0,3
8,1,1,0,0,2,2,2,0,0,0,255,255,255,6,1713.224,"Kenomo",R,10,115,-0.181,-2.032,-0.025,1.189,-36.649,1,0,0,400,14.657,-0.034,-19.261,0,2,4,R,"にゃんこ3K",190,99.745,0.6,0,59,0,0,0,0,0,0,0,0,0,0,0,0,0,0,0,0,0.006,-37.361,"白霜らいふ",0.054,-16.368,"あおいぬ",-18.133,-41.987,"vovopo 보보포",-15.464,-60.288,"あいくんだよー『아이 군』",21.121,-46.455,"shimenawa",12.154,-63.326,"甲斐野柊太",41.378,-89.63,"紅さかな",0.448,-118.681,"Pizzallaris",-39.609,-88.47,0,0,0,0,0,"",0,0,0,0,0,0,0,0,0,0
9,1,1,0,0,3,2,2,0,0,0,255,255,255,7,1747.199,"Kenomo",R,13,106,-5.671,-2.405,0.047,1.412,-36.629,4,0,-346.395,347.54,11.047,-1.029,-20.641,1,2,4,R,"にゃんこ3K",190,99.745,0.6,0,59,0,0,0,0,0,0,0,0,0,0,0,0,0,0,0,0,0.069,-37.412,"白霜らいふ",-2.244,-16.319,"あおいぬ",-19.275,-40.891,"vovopo 보보포",-16.733,-60.008,"あいくんだよー『아이 군』",20.792,-47.267,"shimenawa",10.747,-63.022,"甲斐野柊太",41.399,-89.648,"紅さかな",0.262,-118.753,"Pizzallaris",-39.8,-88.502,0,0,0,0,0,"",0,0,0,0,0,0,0,0,0,0
10,1,0,0,0,0,0,0,0,0,0,255,255,255,0,1926.901,"ゆっち一",R,26,136,-2.982,-0.852,-0.067,1.523,-36.312,3,0,-42.338,-194.502,18.134,0.036,-19.881,0,0,3,L,"vovopo 보보포",160,90,0.6,0,59,0,0,0,0,0,0,0,0,0,0,0,0,0,0,0,0,0.104,-37.268,"Espressο",-0.137,-17.33,"CAT tourniquet",-20.469,-46.244,"559：広告",-8.33,-64.831,"にゃんこ3K",23.936,-49.085,"しろくま。",11.318,-58.037,"mochi_2929",37.999,-83.272,"alcohol500",3.321,-100.763,"sano jpn",-27.15,-80.804,0,0,0,0,0,"",0,0,0,0,0,0,0,0,0,6
11,1,0,0,0,0,0,0,1,0,0,12,255,255,1,1948.816,"ゆっち一",R,26,135,0.447,-0.075,0.184,1.698,-36.348,2,0,-46.66,-184.104,11.19,0,0,1,1,8,R,"Pizzallaris",170.2,89.827,0.347,3,59,1949.813,185,95,0,120,141,126,23.733,4.141,0.27,-0.035,0.006,0.291,0,0,0,-0.033,-37.094,"Espressο",0.195,-17.365,"CAT tourniquet",-19.549,-43.968,"559：広告",-8.534,-64.203,"にゃんこ3K",18.857,-47.204,"しろくま。",7.169,-63.642,"mochi_2929",37.861,-83.453,"alcohol500",-1.93,-104.836,"sano jpn",-38.29,-80.62,1955.33,-25.242,-126.852,1957.18,7,"alcohol500",-16.16,-123.554,1,0,0,0,0,0,0,2
12,1,0,0,0,0,0,0,0,1,1,255,17,12,2,1990.944,"ゆっち一",R,26,139,-1.953,-0.145,-0.185,1.413,-36.323,2,0,13.743,-200,27.643,0,0,1,2,5,L,"shimenawa",174.7,100.341,0.2,3,59,1992.001,147,94,14,112,141,86,15.915,1.306,-0.07,0.015,-0.041,0.184,0,0,0,-0.155,-37.048,"Espressο",-0.12,-17.369,"CAT tourniquet",-19.769,-46.596,"559：広告",-9.321,-64.837,"にゃんこ3K",18.649,-42.782,"しろくま。",8.211,-58.876,"mochi_2929",37.165,-83.579,"alcohol500",6.058,-111.811,"sano jpn",-32.196,-85.618,1995.346,5.713,-78.754,1996.93,7,"alcohol500",8.551,-93.821,1,0,0,0,0,0,0,2
13,1,0,0,1,0,0,0,1,0,1,14,255,17,3,2022.615,"ゆっち一",R,26,134,2.059,0.922,0.353,1.789,-36.529,4,0,-6.454,-157.263,-6.266,0.318,-20.82,1,3,2,R,"あおいぬ",190,100,0.495,0,59,0,0,0,0,0,0,0,0,0,0,0,0,0,0,0,0,0.029,-37.781,"Espressο",0.276,-17.853,"CAT tourniquet",-19.019,-43.932,"559：広告",-9.797,-63.277,"にゃんこ3K",19.177,-42.911,"しろくま。",12.73,-57.046,"mochi_2929",37.59,-82.014,"alcohol500",-3.612,-105.622,"sano jpn",-47.815,-95.84,0,0,0,0,0,"",0,0,0,0,0,0,0,0,0,0
14,1,0,0,1,0,1,0,1,0,1,14,255,17,4,2042.213,"ゆっち一",R,10,110,0.721,-2.504,0.1,1.686,-36.459,4,0,0,400,17.651,-0.024,-18.03,1,3,2,R,"あおいぬ",190,100,0.495,0,59,0,0,0,0,0,0,0,0,0,0,0,0,0,0,0,0,0.084,-37.385,"Espressο",0.087,-17.686,"CAT tourniquet",-18.959,-44.894,"559：広告",-10.017,-64.319,"にゃんこ3K",19.335,-41.529,"しろくま。",9.811,-61.2,"mochi_2929",37.953,-82.575,"alcohol500",-4.125,-106.004,"sano jpn",-47.706,-96.008,0,0,0,0,0,"",0,0,0,0,0,0,0,0,0,0
15,1,0,0,1,0,2,0,1,0,1,14,255,17,5,2063.689,"ゆっち一",R,10,109,0.883,-2.529,0.093,1.757,-36.571,4,0,0,400,7.912,0.318,-17.939,1,3,2,R,"あおいぬ",190,100,0.495,0,59,0,0,0,0,0,0,0,0,0,0,0,0,0,0,0,0,-0.183,-37.743,"Espressο",0.207,-17.897,"CAT tourniquet",-18.514,-43.954,"559：広告",-10.831,-63.691,"にゃんこ3K",19.956,-41.618,"しろくま。",4.677,-59.77,"mochi_2929",37.972,-82.579,"alcohol500",-2.633,-105.578,"sano jpn",-44.471,-93.226,0,0,0,0,0,"",0,0,0,8,0,0,0,0,0,0
16,1,0,0,1,0,0,1,0,1,1,255,14,17,6,2091.445,"ゆっち一",R,13,105,-2.071,-0.398,0.23,1.718,-36.638,1,0,-372.687,312.348,-44.784,0,0,0,4,6,R,"甲斐野柊太",175.2,86,0.2,0,59,0,0,0,0,0,0,0,0,0,0,0,0,0,0,0,0,-0.052,-37.693,"Espressο",-0.77,-17.206,"CAT tourniquet",-19.864,-46.218,"559：広告",-10.362,-61.809,"にゃんこ3K",19.217,-41.459,"しろくま。",13.735,-58.728,"mochi_2929",39.62,-83.232,"alcohol500",-2.325,-103.595,"sano jpn",-36.745,-79.196,0,0,0,0,0,"",0,0,0,0,0,0,0,0,0,0
17,1,0,0,1,1,0,1,0,1,1,255,14,17,7,2110.043,"ゆっち一",R,27,139,-0.753,0.051,-0.07,1.46,-36.4,0,0,-0.973,-137.657,6.733,0,0,0,4,6,R,"甲斐野柊太",175.2,86,0.2,0,59,0,0,0,0,0,0,0,0,0,0,0,0,0,0,0,0,0.038,-37.437,"Espressο",-0.011,-17.524,"CAT tourniquet",-19.887,-46.249,"559：広告",-10.365,-62.671,"にゃんこ3K",19.553,-41.886,"しろくま。",8.778,-61.452,"mochi_2929",38.783,-83.162,"alcohol500",-3.336,-103.031,"sano jpn",-36.76,-79.198,0,0,0,0,0,"",0,0,0,0,0,0,0,0,0,0
18,1,0,0,1,1,1,1,0,1,1,255,14,17,8,2128.264,"ゆっち一",R,26,140,1.787,1.202,0.328,1.805,-36.416,1,0,1.193,-196.223,-0.126,0.696,-17.982,0,4,6,R,"甲斐野柊太",175.2,86,0.2,0,34,0,0,0,0,0,0,0,0,0,0,0,0,0,0,0,0,0.161,-37.439,"Espressο",0.166,-17.46,"CAT tourniquet",-19.914,-46.199,"559：広告",-10.277,-63.369,"にゃんこ3K",19.517,-42.046,"しろくま。",9.07,-61.457,"mochi_2929",38.751,-83.195,"alcohol500",-3.159,-103.155,"sano jpn",-36.709,-79.22,0,0,0,0,0,"",0,0,0,0,0,0,0,0,0,0
19,1,0,0,1,2,1,1,0,1,1,255,14,17,9,2147.862,"ゆっち一",R,33,139,0.891,0.266,0.04,1.504,-36.471,2,0,136.929,-103.729,4.98,0,0,1,4,6,R,"甲斐野柊太",175.2,86,0.2,3,34,2148.874,174,112,34,166,146,83,-5.423,36.375,-0.5,0.18,-0.114,0.415,0,0,0,0.128,-37.206,"Espressο",0.071,-17.162,"CAT tourniquet",-19.93,-46.315,"559：広告",-9.721,-62.86,"にゃんこ3K",18.879,-42.058,"しろくま。",11.981,-61.923,"mochi_2929",38.6,-83.244,"alcohol500",-3.06,-103.191,"sano jpn",-36.571,-79.313,2149.33,-4.787,-24.768,2150.813,2,"CAT tourniquet",-17.855,-41.588,0,0,0,0,0,0,0,2
20,1,0,0,1,0,0,2,0,1,1,255,14,17,10,2173.868,"ゆっち一",R,10,116,-0.671,-2.768,-0.093,1.644,-36.425,4,0,0,400,27.147,-0.123,-21.299,1,5,7,R,"紅さかな",172.5,96.324,0.453,0,59,0,0,0,0,0,0,0,0,0,0,0,0,0,0,0,0,0.154,-37.622,"Espressο",-0.032,-17.262,"CAT tourniquet",-20.306,-46.195,"559：広告",-12.856,-62.079,"にゃんこ3K",18.994,-42.235,"しろくま。",13.175,-63.923,"mochi_2929",40.012,-83.594,"alcohol500",-1.418,-101.625,"sano jpn",-38.431,-81.171,0,0,0,0,0,"",0,0,0,0,0,0,0,0,0,0
21,1,0,0,1,0,1,2,0,1,1,255,14,17,11,2191.295,"ゆっち一",R,13,109,-1.554,-0.54,0.265,1.683,-36.622,4,0,-380.399,320.358,-39.956,-0.697,-17.145,1,5,7,R,"紅さかな",172.5,96.324,0.453,0,59,0,0,0,0,0,0,0,0,0,0,0,0,0,0,0,0,0.076,-37.516,"Espressο",-0.706,-17.152,"CAT tourniquet",-20.048,-46.281,"559：広告",-12.612,-62.191,"にゃんこ3K",19.593,-42.053,"しろくま。",12.666,-63.827,"mochi_2929",39.697,-83.857,"alcohol500",-1.485,-101.37,"sano jpn",-38.289,-81.266,0,0,0,0,0,"",0,0,0,0,0,0,0,0,0,0
22,1,0,0,1,0,2,2,0,1,1,255,14,17,12,2212.796,"ゆっち一",R,10,115,0.515,-2.768,0.072,1.763,-36.467,4,0,0,399.143,0.021,0.086,-17.556,1,5,7,R,"紅さかな",172.5,96.324,0.453,0,59,0,0,0,0,0,0,0,0,0,0,0,0,0,0,0,0,-0.025,-37.417,"Espressο",0.063,-17.31,"CAT tourniquet",-19.574,-42.398,"559：広告",-12.16,-62.357,"にゃんこ3K",19.02,-43.193,"しろくま。",9.34,-62.393,"mochi_2929",39.709,-83.846,"alcohol500",-1.355,-102.631,"sano jpn",-38.411,-80.832,0,0,0,0,0,"",0,0,0,0,0,0,0,0,0,0
23,2,1,0,1,0,0,0,1,0,0,0,255,255,8,2322.082,"Kenomo",R,13,107,0.752,-1.073,0.279,1.65,-36.821,1,0,-154.968,399.565,5.653,0.042,-17.243,0,4,2,L,"CAT tourniquet",190,90.041,0.601,0,59,0,0,0,0,0,0,0,0,0,0,0,0,0,0,0,0,-0.195,-37.15,"白霜らいふ",0.119,-16.538,"あおいぬ",-16.683,-42.92,"vovopo 보보포",-7.278,-63.626,"あいくんだよー『아이 군』",20.077,-44.746,"shimenawa",3.038,-60.033,"甲斐野柊太",35.271,-83.368,"紅さかな",1.414,-118.31,"Pizzallaris",-37.037,-86.903,0,0,0,0,0,"",0,0,0,0,0,0,0,0,0,0
24,2,1,0,1,1,0,0,1,0,0,0,255,255,9,2338.567,"Kenomo",R,34,140,-1.801,0.049,-0.031,1.635,-36.695,2,0,88.194,-45.044,5.365,0,0,1,4,2,L,"CAT tourniquet",190,90.041,0.601,3,59,2339.502,81,94,36,126,122,79,19.573,-38.093,-0.04,0.021,-0.07,0.337,0,0,0,-0.313,-36.749,"白霜らいふ",-0.033,-16.567,"あおいぬ",-17.497,-42.76,"vovopo 보보포",-13.417,-64.97,"あいくんだよー『아이 군』",19.788,-43.808,"shimenawa",12.944,-64.25,"甲斐野柊太",35.225,-83.245,"紅さかな",0.612,-118.241,"Pizzallaris",-37.048,-86.895,0,0,0,2342.629,6,"mochi_2929",15.571,-38.114,0,0,0,0,0,0,0,1
25,2,1,0,1,0,0,1,1,0,0,0,255,255,10,2366.576,"Kenomo",R,31,140,-2.724,-1.412,-0.235,1.3,-36.514,1,0,-61.439,-52.382,8.507,0,0,0,5,7,L,"alcohol500",171.7,90.494,0.339,0,59,0,0,0,0,0,0,0,0,0,0,0,0,0,0,0,0,-0.163,-37.292,"白霜らいふ",0.03,-16.688,"あおいぬ",-18.295,-41.236,"vovopo 보보포",-9.274,-62.865,"あいくんだよー『아이 군』",19.649,-44.105,"shimenawa",9.898,-62.838,"甲斐野柊太",34.261,-81.544,"紅さかな",0.632,-116.812,"Pizzallaris",-37.167,-83.629,0,0,0,0,0,"",0,0,0,0,0,0,0,0,0,0
26,2,1,0,1,1,0,1,1,0,0,0,255,255,11,2385.999,"Kenomo",R,34,140,0.236,1.126,-0.004,1.698,-36.676,2,0,82.266,-62.334,6.363,0,0,1,5,7,L,"alcohol500",171.7,90.494,0.339,3,59,2387.043,136,126,13,203,142,130,23.708,-33.968,0.54,-0.098,-0.038,0.273,0,0,0,-0.161,-36.905,"白霜らいふ",-0.02,-16.688,"あおいぬ",-18.419,-44.112,"vovopo 보보포",-15.059,-63.858,"あいくんだよー『아이 군』",20.772,-45.31,"shimenawa",9.681,-62.466,"甲斐野柊太",32.936,-82.015,"紅さかな",1.817,-113.378,"Pizzallaris",-37.158,-83.621,2392.129,83.749,-102.159,0,0,"",0,0,0,0,0,0,0,0,0,4
27,2,1,2,1,0,0,1,0,0,0,255,255,255,12,2439.431,"Kenomo",R,26,140,0.963,-0.628,0.173,1.541,-36.724,0,0,-50.169,-200,0.667,0,0,1,6,1,R,"Espressο",190,90.463,0.2,0,59,0,0,0,0,0,0,0,0,0,0,0,0,0,0,0,0,-0.04,-37.314,"白霜らいふ",0.123,-16.588,"あおいぬ",-17.488,-43.361,"vovopo 보보포",-15.161,-62.463,"あいくんだよー『아이 군』",20.021,-45.775,"shimenawa",10.622,-63.311,"甲斐野柊太",39.448,-82.692,"紅さかな",-0.069,-120.342,"Pizzallaris",-37.563,-84.414,0,0,0,0,0,"",0,0,0,0,0,0,0,0,0,0
28,2,1,2,1,0,1,1,0,0,0,255,255,255,13,2476.515,"Kenomo",R,26,127,1.854,0.427,0.275,1.718,-36.777,4,0,52.402,-174.879,1.104,-0.224,-21.245,1,6,1,R,"Espressο",190,90.463,0.2,0,48,0,0,0,0,0,0,0,0,0,0,0,0,0,0,0,0,-0.137,-37.293,"白霜らいふ",0.061,-16.469,"あおいぬ",-18.77,-42.329,"vovopo 보보포",-15.584,-61.7,"あいくんだよー『아이 군』",19.155,-45.285,"shimenawa",9.162,-63.096,"甲斐野柊太",39.023,-82.759,"紅さかな",0.076,-120.454,"Pizzallaris",-37.572,-84.423,0,0,0,0,0,"",0,0,0,0,0,0,0,0,0,0
29,2,1,2,1,0,2,1,0,0,0,255,255,255,14,2500.758,"Kenomo",R,34,136,2.73,0.839,0.185,1.682,-36.658,4,0,71.286,-65.715,6.094,0.17,-21.228,1,6,1,R,"Espressο",190,90.463,0.2,0,48,0,0,0,0,0,0,0,0,0,0,0,0,0,0,0,0,-0.084,-37.143,"白霜らいふ",0.06,-16.577,"あおいぬ",-18.689,-42.247,"vovopo 보보포",-16.855,-62.062,"あいくんだよー『아이 군』",19.402,-45.183,"shimenawa",8.923,-64.217,"甲斐野柊太",37.602,-84.504,"紅さかな",0.157,-120.303,"Pizzallaris",-40.178,-88.506,0,0,0,0,0,"",0,0,0,0,0,0,0,0,0,0
30,2,1,2,1,0,0,2,0,0,0,255,255,255,15,2523.912,"Kenomo",R,33,133,1.783,0.799,0.26,1.756,-36.871,4,0,139.834,-120.958,13.439,0.3,-20.831,1,7,5,R,"しろくま。",172,107,0.298,0,59,0,0,0,0,0,0,0,0,0,0,0,0,0,0,0,0,0.043,-37.19,"白霜らいふ",0.069,-17.457,"あおいぬ",-18.195,-42.448,"vovopo 보보포",-16.803,-60.3,"あいくんだよー『아이 군』",19.223,-44.509,"shimenawa",13.433,-64.446,"甲斐野柊太",35.595,-82.944,"紅さかな",0.325,-115.072,"Pizzallaris",-40.17,-88.494,0,0,0,0,0,"",0,0,0,0,0,0,0,0,0,0
31,2,1,2,1,0,1,2,0,0,0,255,255,255,16,2542.585,"Kenomo",R,3,107,-1.423,0.476,0.148,1.686,-36.797,2,0,-334.949,0,3.681,0,0,1,7,5,R,"しろくま。",172,107,0.298,2,59,2543.484,255,115,33,140,150,90,54.44,34.017,-0.06,-0.045,-0.123,0.239,0,0,0,-0.233,-36.909,"白霜らいふ",-0.072,-16.56,"あおいぬ",-17.233,-42.659,"vovopo 보보포",-19.739,-60.465,"あいくんだよー『아이 군』",19.002,-44.442,"shimenawa",13.177,-64.752,"甲斐野柊太",35.595,-82.843,"紅さかな",0.38,-115.195,"Pizzallaris",-40.149,-88.501,0,0,0,2549.229,3,"vovopo 보보포",-31.572,-72.135,0,0,0,0,0,0,0,1
32,2,0,2,1,0,0,0,0,0,0,255,255,255,13,2593.6,"ゆっち一",R,26,138,1.103,0.19,0.288,1.646,-36.305,0,0,-79.101,-200,8.453,0,0,0,6,1,R,"白霜らいふ",190,89.658,0.596,0,59,0,0,0,0,0,0,0,0,0,0,0,0,0,0,0,0,0.248,-37.461,"Espressο",0.045,-17.178,"CAT tourniquet",-19.877,-46.145,"559：広告",-9.915,-63.909,"にゃんこ3K",22.76,-52.09,"しろくま。",11.301,-61.735,"mochi_2929",37.358,-86.236,"alcohol500",-2.737,-101.447,"sano jpn",-41.524,-86.244,0,0,0,0,0,"",0,0,0,0,0,0,0,0,0,0
33,2,0,2,1,0,1,0,0,0,0,255,255,255,14,2611.111,"ゆっち一",R,10,114,-0.252,-2.529,-0.035,1.619,-36.502,4,0,0,400,14.779,-0.046,-21.149,1,6,1,R,"白霜らいふ",190,89.658,0.596,0,59,0,0,0,0,0,0,0,0,0,0,0,0,0,0,0,0,0.01,-37.409,"Espressο",0.004,-17.178,"CAT tourniquet",-19.787,-45.881,"559：広告",-11.319,-64.526,"にゃんこ3K",22.065,-51.883,"しろくま。",10.889,-61.923,"mochi_2929",39.255,-86.844,"alcohol500",-1.992,-101.302,"sano jpn",-41.792,-86.11,0,0,0,0,0,"",0,0,0,0,0,0,0,0,0,0
34,2,0,2,1,0,2,0,0,0,0,255,255,255,15,2628.031,"ゆっち一",R,10,93,1.366,-2.529,0.206,1.687,-36.558,1,0,0,400,17.128,0.248,-21.9,0,6,1,R,"白霜らいふ",190,89.658,0.596,0,59,0,0,0,0,0,0,0,0,0,0,0,0,0,0,0,0,-0.075,-37.391,"Espressο",-0.045,-17.116,"CAT tourniquet",-19.501,-46.225,"559：広告",-11.218,-64.476,"にゃんこ3K",22.051,-51.949,"しろくま。",10.799,-62.164,"mochi_2929",38.049,-86.477,"alcohol500",-1.718,-101.692,"sano jpn",-41.851,-86.06,0,0,0,0,0,"",0,0,0,0,0,0,0,0,0,0
35,2,0,2,1,1,2,0,0,0,0,255,255,255,16,2645.33,"ゆっち一",R,32,136,2.351,0.605,0.171,1.566,-36.297,2,0,162.09,-145.524,6.243,0,0,1,6,1,R,"白霜らいふ",190,89.658,0.596,2,59,2646.353,197,148,53,155,155,96,94.197,83.109,-0.54,-0.097,-0.161,0.26,0,0,0,0.228,-37.005,"Espressο",0.138,-17.262,"CAT tourniquet",-19.501,-46.148,"559：広告",-11.34,-64.537,"にゃんこ3K",22.087,-51.815,"しろくま。",10.645,-61.814,"mochi_2929",39.1,-86.987,"alcohol500",-1.721,-101.808,"sano jpn",-41.905,-86.068,0,0,0,0,0,"",0,0,0,0,0,0,0,0,0,3
36,2,0,2,1,1,2,0,0,0,0,255,255,255,17,2666.265,"ゆっち一",R,13,105,-3.323,-1.245,0.151,1.487,-36.379,1,0,-372.687,312.348,-11.436,0,0,0,6,1,R,"白霜らいふ",190,89.658,0.596,0,42,0,0,0,0,0,0,0,0,0,0,0,0,0,0,0,0,0.059,-37.429,"Espressο",-0.485,-17.204,"CAT tourniquet",-19.64,-43.991,"559：広告",-11.002,-64.073,"にゃんこ3K",22.638,-52.489,"しろくま。",12.276,-61.938,"mochi_2929",39.227,-84.341,"alcohol500",-2.139,-102.087,"sano jpn",-46.161,-85.364,0,0,0,0,0,"",0,0,0,0,0,0,0,0,0,0
37,2,0,2,1,2,2,0,0,0,0,255,255,255,18,2687.595,"ゆっち一",R,26,140,0.668,0.959,0.089,1.627,-36.32,0,0,-97.328,-200,12.997,0,0,1,6,1,R,"白霜らいふ",190,89.658,0.596,0,42,0,0,0,0,0,0,0,0,0,0,0,0,0,0,0,0,0.21,-37.619,"Espressο",0.025,-16.916,"CAT tourniquet",-19.823,-45.135,"559：広告",-11.231,-64.157,"にゃんこ3K",22.597,-52.528,"しろくま。",11.652,-60.86,"mochi_2929",38.985,-84.501,"alcohol500",-2.251,-101.439,"sano jpn",-41,-85.047,0,0,0,0,0,"",0,0,0,0,0,0,0,0,0,0
38,2,0,2,1,0,0,1,0,0,0,255,255,255,19,2709.986,"ゆっち一",R,33,140,0.065,0.265,-0.032,1.51,-36.415,0,0,129.347,-118.214,8.564,0,0,0,7,0,R,"Kenomo",190,92.022,0.469,0,59,0,0,0,0,0,0,0,0,0,0,0,0,0,0,0,0,0.174,-37.696,"Espressο",0.079,-17.198,"CAT tourniquet",-20.162,-46.001,"559：広告",-11.221,-64.221,"にゃんこ3K",21.717,-52.059,"しろくま。",10.473,-61.789,"mochi_2929",39.042,-84.586,"alcohol500",-2.514,-100.816,"sano jpn",-37.232,-80.827,0,0,0,0,0,"",0,0,0,0,0,0,0,0,0,0
39,2,0,2,1,0,1,1,0,0,0,255,255,255,20,2725.002,"ゆっち一",R,13,111,-2.597,-1.513,0.245,1.392,-36.513,1,0,-390.434,312.348,18.46,0,0,0,7,0,R,"Kenomo",190,92.022,0.469,0,59,0,0,0,0,0,0,0,0,0,0,0,0,0,0,0,0,0.088,-37.503,"Espressο",-0.441,-17.125,"CAT tourniquet",-20.211,-46.011,"559：広告",-11.124,-64.187,"にゃんこ3K",21.725,-52.052,"しろくま。",10.488,-61.879,"mochi_2929",38.938,-84.665,"alcohol500",-2.149,-100.965,"sano jpn",-37.877,-80.188,0,0,0,0,0,"",0,0,0,0,0,0,0,0,0,0
40,2,0,2,1,1,1,1,0,0,0,255,255,255,21,2744.986,"ゆっち一",R,26,140,0.311,0.314,0.215,1.671,-36.319,0,0,-83.249,-200,7.557,0,0,0,7,0,R,"Kenomo",190,92.022,0.469,0,59,0,0,0,0,0,0,0,0,0,0,0,0,0,0,0,0,0.226,-37.175,"Espressο",0.12,-17.265,"CAT tourniquet",-19.771,-45.848,"559：広告",-11.067,-64.154,"にゃんこ3K",21.769,-52.042,"しろくま。",10.161,-60.715,"mochi_2929",38.933,-84.652,"alcohol500",-2.143,-102.157,"sano jpn",-37.98,-80.363,0,0,0,0,0,"",0,0,0,0,0,0,0,0,0,0
41,2,0,2,1,1,2,1,0,0,0,255,255,255,22,2765.985,"ゆっち一",R,26,138,0.67,0.324,0.24,1.673,-36.304,2,0,-54.152,-196.489,11.991,0,0,1,7,0,R,"Kenomo",190,92.022,0.469,2,59,2766.983,137,77,6,109,134,84,-20.018,11.085,-0.52,-0.037,-0.087,0.168,0,0,0,0.105,-37.033,"Espressο",0.26,-17.325,"CAT tourniquet",-19.755,-45.909,"559：広告",-11.132,-64.174,"にゃんこ3K",21.727,-51.96,"しろくま。",10.022,-60.634,"mochi_2929",38.938,-84.639,"alcohol500",-2.106,-102.261,"sano jpn",-37.685,-80.784,2767.179,-0.404,-22.189,2768.296,0,"ゆっち一",-2.41,-37.106,0,0,0,0,0,0,0,2
42,2,0,2,1,0,0,2,0,0,0,255,255,255,23,2791.6,"ゆっち一",R,0,134,-1.058,0.486,0.279,1.737,-36.324,2,0,0,0,0,0,0,1,8,4,L,"あいくんだよー『아이 군』",190,90,0.4,3,59,2792.528,105,58,11,54,111,69,18.546,-30.029,0.05,0.289,-0.161,0,0,0,0,0.178,-36.949,"Espressο",-0.08,-17.423,"CAT tourniquet",-19.909,-46.489,"559：広告",-8.892,-65.581,"にゃんこ3K",23.664,-50.645,"しろくま。",14.301,-58.738,"mochi_2929",41.677,-82.975,"alcohol500",6.242,-102.763,"sano jpn",-32.103,-85.28,0,0,0,2795.446,4,"にゃんこ3K",20.225,-50.945,0,0,0,0,0,0,0,1
43,3,1,2,1,0,0,0,0,0,0,255,255,255,17,2849.758,"Kenomo",R,27,140,1.637,-0.083,0.128,1.488,-36.628,2,0,80.888,-120.068,6.818,0,0,1,8,3,R,"559：広告",174.8,107,0.8,3,59,2850.771,243,184,76,255,155,94,-5.929,-16.187,-0.09,-0.046,-0.13,0.325,0,0,0,-0.199,-36.821,"白霜らいふ",0.15,-16.54,"あおいぬ",-17.626,-43.171,"vovopo 보보포",-19.378,-60.058,"あいくんだよー『아이 군』",20.625,-46.702,"shimenawa",15.455,-63.61,"甲斐野柊太",36.974,-86.861,"紅さかな",0.031,-114.738,"Pizzallaris",-36.311,-87.242,2851.113,2.096,-27.298,2852.946,5,"shimenawa",10.619,-58.011,0,0,0,0,0,0,0,2
44,3,1,2,1,0,0,1,0,0,0,255,255,255,18,2881.558,"Kenomo",R,3,117,-1.777,0.255,0.035,1.632,-36.762,1,0,-325.798,0,7.021,0,0,0,0,6,R,"mochi_2929",169.9,94.434,0.477,0,59,0,0,0,0,0,0,0,0,0,0,0,0,0,0,0,0,0.16,-37.353,"白霜らいふ",-0.128,-16.547,"あおいぬ",-18.089,-43.513,"vovopo 보보포",-15.205,-60.496,"あいくんだよー『아이 군』",20.013,-46.319,"shimenawa",13.035,-62.499,"甲斐野柊太",38.01,-85.174,"紅さかな",-0.117,-117.015,"Pizzallaris",-36.273,-88.221,0,0,0,0,0,"",0,0,0,0,0,0,0,0,0,0
45,3,1,2,1,1,0,1,0,0,0,255,255,255,19,2899.814,"Kenomo",R,3,109,-1.117,0.291,0.108,1.602,-36.71,0,0,-397.632,0,0.649,0,0,1,0,6,R,"mochi_2929",169.9,94.434,0.477,0,59,0,0,0,0,0,0,0,0,0,0,0,0,0,0,0,0,0.1,-37.39,"白霜らいふ",-0.035,-16.45,"あおいぬ",-18.03,-43.554,"vovopo 보보포",-15.704,-60.579,"あいくんだよー『아이 군』",20.093,-46.36,"shimenawa",13.425,-64.016,"甲斐野柊太",38.073,-85.077,"紅さかな",0.08,-117.058,"Pizzallaris",-36.264,-88.254,0,0,0,0,0,"",0,0,0,0,0,0,0,0,0,0
46,3,1,2,1,1,1,1,0,0,0,255,255,255,20,2916.085,"Kenomo",R,10,118,-2.375,-2.807,-0.144,1.297,-36.634,1,0,0,400,19.848,-0.398,-22.668,0,0,6,R,"mochi_2929",169.9,94.434,0.477,0,59,0,0,0,0,0,0,0,0,0,0,0,0,0,0,0,0,-0.006,-37.34,"白霜らいふ",-0.069,-16.53,"あおいぬ",-17.835,-43.705,"vovopo 보보포",-17.694,-59.452,"あいくんだよー『아이 군』",20.013,-46.12,"shimenawa",12.132,-64.236,"甲斐野柊太",38.014,-85.161,"紅さかな",0.49,-117.149,"Pizzallaris",-37.349,-87.707,0,0,0,0,0,"",0,0,0,0,0,0,0,0,0,0
47,3,1,2,1,2,1,1,0,0,0,255,255,255,21,2934.108,"Kenomo",R,33,139,1.91,0.117,0.143,1.526,-36.598,2,0,109.019,-108.012,5.838,0,0,1,0,6,R,"mochi_2929",169.9,94.434,0.477,3,59,2935.13,150,141,54,187,145,83,18.749,-34.531,-0.54,0.034,-0.054,0.243,0,0,0,-0.059,-36.604,"白霜らいふ",0.054,-16.607,"あおいぬ",-17.914,-43.512,"vovopo 보보포",-19.727,-59.858,"あいくんだよー『아이 군』",20.968,-45.336,"shimenawa",13.42,-63.565,"甲斐野柊太",38.047,-85.177,"紅さかな",0.437,-117.246,"Pizzallaris",-37.395,-87.698,2938.446,37.802,-61.21,2939.896,6,"甲斐野柊太",47.113,-70.38,1,0,0,0,0,0,0,2
48,3,1,2,1,0,0,1,1,0,0,6,255,255,22,2972.815,"Kenomo",R,33,135,3.464,1.606,0.325,1.781,-36.855,1,0,119.533,-25.538,4.717,0,0,0,1,8,R,"sano jpn",170.2,96.636,0.323,0,59,0,0,0,0,0,0,0,0,0,0,0,0,0,0,0,0,-0.031,-37.306,"白霜らいふ",0.117,-16.481,"あおいぬ",-18.345,-42.151,"vovopo 보보포",-16.465,-61.351,"あいくんだよー『아이 군』",20.501,-45.197,"shimenawa",10.484,-62.827,"甲斐野柊太",36.332,-84.288,"紅さかな",-8.684,-123.267,"Pizzallaris",-37.952,-87.395,0,0,0,0,0,"",0,0,0,0,0,0,0,0,0,0
49,3,1,2,1,1,0,1,1,0,0,6,255,255,23,2989.34,"Kenomo",R,3,108,-2.239,0.102,0.19,1.576,-36.828,1,0,-489.706,0,11.968,0,0,0,1,8,R,"sano jpn",170.2,96.636,0.323,0,59,0,0,0,0,0,0,0,0,0,0,0,0,0,0,0,0,-0.153,-37.112,"白霜らいふ",0.024,-16.797,"あおいぬ",-18.531,-41.996,"vovopo 보보포",-14.669,-61.004,"あいくんだよー『아이 군』",20.627,-45.349,"shimenawa",0.943,-57.912,"甲斐野柊太",37.877,-84.985,"紅さかな",-7.896,-119.844,"Pizzallaris",-37.943,-87.408,0,0,0,0,0,"",0,0,0,0,0,0,0,0,0,0
50,3,1,2,1,2,0,1,0,1,0,255,6,255,24,3016.001,"Kenomo",R,27,139,1.351,0.513,0.092,1.578,-36.558,2,0,109.557,-144.27,8.546,0,0,1,1,8,R,"sano jpn",170.2,96.636,0.323,3,59,3017.039,103,118,51,99,140,74,106.795,-70.806,0.97,-0.058,0.014,0.271,0,0,0,-0.113,-36.946,"白霜らいふ",0.08,-16.503,"あおいぬ",-17.08,-42.97,"vovopo 보보포",-19.098,-60.42,"あいくんだよー『아이 군』",20.792,-45.58,"shimenawa",7.372,-63.127,"甲斐野柊太",35.912,-84.337,"紅さかな",-4.415,-120.548,"Pizzallaris",-37.961,-87.401,0,0,0,0,0,"",0,0,0,0,0,0,0,0,0,3
51,3,1,2,1,2,1,1,0,1,0,255,6,255,25,3037.741,"Kenomo",R,13,114,0.713,-1.09,0.234,1.606,-36.757,4,0,-234.976,400,13.681,0.111,-17.074,1,1,8,R,"sano jpn",170.2,96.636,0.323,0,59,0,0,0,0,0,0,0,0,0,0,0,0,0,0,0,0,-0.076,-37.291,"白霜らいふ",0.072,-16.536,"あおいぬ",-18.519,-42.124,"vovopo 보보포",-15.308,-59.801,"あいくんだよー『아이 군』",20.996,-44.633,"shimenawa",4.838,-61.935,"甲斐野柊太",34.276,-86.006,"紅さかな",-6.798,-116.932,"Pizzallaris",-40.279,-89.774,0,0,0,0,0,"",0,0,0,0,0,0,0,0,0,0
52,3,1,2,1,2,2,1,0,1,0,255,6,255,26,3056.807,"Kenomo",R,3,110,-0.704,-0.744,0.204,1.479,-36.705,2,0,-467.317,177.806,3.751,0,0,1,1,8,R,"sano jpn",170.2,96.636,0.323,3,59,3057.958,145,82,51,66,142,86,28.916,43.543,0.95,-0.032,-0.067,0.208,0,0,0,-0.056,-37.19,"白霜らいふ",0.071,-16.549,"あおいぬ",-17.4,-43.161,"vovopo 보보포",-19.29,-60.478,"あいくんだよー『아이 군』",20.949,-45.213,"shimenawa",8.32,-62.801,"甲斐野柊太",34.331,-85.423,"紅さかな",-7.413,-118.915,"Pizzallaris",-40.291,-89.778,3061.646,-36.147,-70.136,3062.413,8,"Pizzallaris",-39.01,-74.702,1,0,0,0,0,0,0,2
53,3,1,2,1,0,0,1,1,0,1,8,255,6,27,3092.794,"Kenomo",R,27,140,2.984,0.058,0.265,1.521,-36.646,1,0,38.205,-107.994,9.858,0,0,0,2,4,R,"にゃんこ3K",190,99.745,0.6,0,59,0,0,0,0,0,0,0,0,0,0,0,0,0,0,0,0,0.09,-37.482,"白霜らいふ",0.167,-16.492,"あおいぬ",-18.171,-42.18,"vovopo 보보포",-15.46,-60.069,"あいくんだよー『아이 군』",20.682,-43.784,"shimenawa",0.705,-57.925,"甲斐野柊太",31.99,-86.408,"紅さかな",-1.149,-116.781,"Pizzallaris",-42.07,-86.659,0,0,0,0,0,"",0,0,0,0,0,0,0,0,0,0
54,3,1,2,1,1,0,1,0,1,1,255,8,6,28,3113.354,"Kenomo",R,34,131,1.092,0.73,0.233,1.752,-36.766,0,0,80.176,-28.98,3.408,0,0,0,2,4,R,"にゃんこ3K",190,99.745,0.6,0,59,0,0,0,0,0,0,0,0,0,0,0,0,0,0,0,0,0.137,-37.692,"白霜らいふ",0.107,-16.429,"あおいぬ",-17.205,-43.551,"vovopo 보보포",-16.561,-60.529,"あいくんだよー『아이 군』",20.687,-43.002,"shimenawa",8.873,-63.065,"甲斐野柊太",36.979,-83.544,"紅さかな",-1.108,-117.27,"Pizzallaris",-42.115,-86.636,0,0,0,0,0,"",0,0,0,0,0,0,0,0,0,0
55,3,1,2,1,1,1,1,0,1,1,255,8,6,29,3133.446,"Kenomo",R,10,111,-1.156,-0.988,-0.017,1.631,-36.731,1,0,-93.709,400,22,0,0,0,2,4,R,"にゃんこ3K",190,99.745,0.6,0,59,0,0,0,0,0,0,0,0,0,0,0,0,0,0,0,0,-0.106,-37.473,"白霜らいふ",-0.074,-16.523,"あおいぬ",-17.15,-43.56,"vovopo 보보포",-15.358,-60.633,"あいくんだよー『아이 군』",19.484,-42.568,"shimenawa",9.007,-64.493,"甲斐野柊太",37.191,-83.935,"紅さかな",0.484,-116.793,"Pizzallaris",-42.047,-86.692,0,0,0,0,0,"",0,0,0,0,0,0,0,0,0,0
56,3,1,2,1,2,1,1,0,1,1,255,8,6,30,3151.608,"Kenomo",R,13,108,-0.041,-1.086,0.253,1.442,-36.694,2,0,-404.564,283.214,10.294,0,0,1,2,4,R,"にゃんこ3K",190,99.745,0.6,3,59,3152.75,171,137,59,154,153,125,50,-2.97,0.63,-0.064,-0.238,0.35,0,0,0,-0.073,-36.979,"白霜らいふ",0.146,-16.587,"あおいぬ",-17.138,-43.445,"vovopo 보보포",-18.805,-61.251,"あいくんだよー『아이 군』",20.863,-44.28,"shimenawa",11.531,-63.755,"甲斐野柊太",36.594,-84.22,"紅さかな",0.17,-116.856,"Pizzallaris",-42.023,-86.414,3159.913,-12.455,-114.081,3160.179,7,"紅さかな",-12.182,-112.512,0,0,0,0,0,0,0,1
57,3,1,3,1,0,0,2,1,0,1,0,255,255,31,3232.983,"Kenomo",R,33,138,-2.177,-0.409,-0.029,1.698,-36.711,1,0,108.452,-59.356,4.328,0,0,0,4,2,L,"CAT tourniquet",190,90.041,0.631,0,59,0,0,0,0,0,0,0,0,0,0,0,0,0,0,0,0,-0.331,-37.209,"白霜らいふ",0.055,-16.517,"あおいぬ",-18.181,-42.305,"vovopo 보보포",-7.233,-63.958,"あいくんだよー『아이 군』",20.486,-44.064,"shimenawa",10.019,-62.82,"甲斐野柊太",39.437,-87.052,"紅さかな",1.456,-119.682,"Pizzallaris",-40.039,-89.252,0,0,0,0,0,"",0,0,0,0,0,0,0,0,0,0
58,3,1,3,1,1,0,2,1,0,1,0,255,255,32,3251.673,"Kenomo",R,11,123,0.808,-0.609,0.148,1.456,-36.626,0,0,-65.73,184.541,9.615,0,0,0,4,2,L,"CAT tourniquet",190,90.041,0.631,0,59,0,0,0,0,0,0,0,0,0,0,0,0,0,0,0,0,-0.022,-37.212,"白霜らいふ",0.113,-16.404,"あおいぬ",-19.116,-41.108,"vovopo 보보포",-4.659,-62.954,"あいくんだよー『아이 군』",18.949,-39.796,"shimenawa",9.182,-61.081,"甲斐野柊太",39.533,-86.934,"紅さかな",1.412,-118.237,"Pizzallaris",-40.028,-89.241,0,0,0,0,0,"",0,0,0,0,0,0,0,0,0,0
59,3,1,3,1,1,1,2,1,0,1,0,255,255,33,3276.219,"Kenomo",R,28,140,-0.576,0.495,-0.072,1.608,-36.551,0,0,58.948,-98.051,6.937,0,0,1,4,2,L,"CAT tourniquet",190,90.041,0.631,0,59,0,0,0,0,0,0,0,0,0,0,0,0,0,0,0,0,-0.238,-36.971,"白霜らいふ",0.013,-16.527,"あおいぬ",-18.402,-42.276,"vovopo 보보포",-1.5,-60.974,"あいくんだよー『아이 군』",19.953,-42.68,"shimenawa",11.551,-60.984,"甲斐野柊太",40.746,-80.719,"紅さかな",1.256,-115.501,"Pizzallaris",-40.311,-89.379,0,0,0,0,0,"",0,0,0,0,0,0,0,0,0,0
60,3,1,3,1,1,2,2,0,1,1,255,0,8,34,3299.134,"Kenomo",R,3,109,0.119,0.476,0.279,1.653,-36.744,2,0,-394.644,0,0.771,0,0,1,4,2,L,"CAT tourniquet",190,90.041,0.631,3,59,3300.175,92,110,55,129,137,85,34.513,-34.729,-0.49,0.14,-0.131,0.474,0,0,0,-0.129,-37.011,"白霜らいふ",-0.062,-16.7,"あおいぬ",-16.971,-43.055,"vovopo 보보포",-10.55,-66.467,"あいくんだよー『아이 군』",20.388,-45.558,"shimenawa",14.273,-63.223,"甲斐野柊太",36.972,-81.904,"紅さかな",-0.149,-118.676,"Pizzallaris",-41.054,-89.304,0,0,0,3304.53,6,"甲斐野柊太",33.937,-72.37,0,0,0,0,0,0,0,1
61,3,0,3,1,0,0,0,0,0,0,255,255,255,24,3346.004,"ゆっち一",R,26,140,-1.205,0.15,0.069,1.628,-36.314,0,0,-67.94,-200,14.904,0,0,0,0,3,L,"vovopo 보보포",160,90,0.6,0,59,0,0,0,0,0,0,0,0,0,0,0,0,0,0,0,0,0.071,-37.156,"Espressο",-0.138,-17.249,"CAT tourniquet",-19.729,-46.125,"559：広告",-7.532,-64.439,"にゃんこ3K",24.905,-50.105,"しろくま。",13.155,-58.341,"mochi_2929",38.371,-82.943,"alcohol500",3.182,-101.05,"sano jpn",-38.292,-84.984,0,0,0,0,0,"",0,0,0,0,0,0,0,0,0,0
62,3,0,3,1,0,1,0,0,0,0,255,255,255,25,3362.08,"ゆっち一",R,26,140,-0.909,-0.4,-0.066,1.389,-36.259,0,0,-70.069,-167.856,17.351,0,0,0,0,3,L,"vovopo 보보포",160,90,0.6,0,59,0,0,0,0,0,0,0,0,0,0,0,0,0,0,0,0,0.03,-37.196,"Espressο",-0.075,-17.273,"CAT tourniquet",-20.077,-46.548,"559：広告",-7.625,-64.386,"にゃんこ3K",24.556,-50.497,"しろくま。",13.265,-58.298,"mochi_2929",38.426,-82.576,"alcohol500",3.29,-100.982,"sano jpn",-33.215,-83.984,0,0,0,0,0,"",0,0,0,0,0,0,0,0,0,0
63,3,0,3,1,0,2,0,0,0,0,255,255,255,26,3380.94,"ゆっち一",R,0,135,-0.295,0.946,0.35,1.771,-36.422,2,0,0,0,0,0,0,1,0,3,L,"vovopo 보보포",160,90,0.6,3,59,3382.026,157,49,7,107,102,74,26.835,27.575,0.14,-0.044,-0.064,0.055,0,0,0,-0.11,-36.873,"Espressο",-0.153,-17.337,"CAT tourniquet",-19.947,-46.248,"559：広告",-7.309,-64.753,"にゃんこ3K",24.522,-50.528,"しろくま。",13.484,-59.24,"mochi_2929",39.23,-82.615,"alcohol500",3.204,-100.862,"sano jpn",-35.098,-83.465,0,0,0,3382.446,1,"Espressο",-0.023,-21.684,0,0,0,0,0,0,0,3
64,3,0,3,1,0,2,0,0,0,0,255,255,255,27,3401.37,"ゆっち一",R,6,93,4.024,-0.123,0.218,1.469,-36.507,4,0,422.727,0,22.551,0,0,1,0,3,L,"vovopo 보보포",160,90,0.6,0,59,0,0,0,0,0,0,0,0,0,0,0,0,0,0,0,0,0.005,-37.449,"Espressο",1.047,-17.03,"CAT tourniquet",-19.545,-43.795,"559：広告",-9.078,-64.134,"にゃんこ3K",24.579,-49.292,"しろくま。",13.931,-59.099,"mochi_2929",40.096,-82.082,"alcohol500",2.733,-103.005,"sano jpn",-29.41,-78.943,0,0,0,0,0,"",0,0,0,0,0,0,0,0,0,0
65,3,0,3,1,0,0,1,0,0,0,255,255,255,28,3426.105,"ゆっち一",R,10,116,-0.031,-2.803,-0.004,1.749,-36.431,4,0,0,400,15.508,-0.006,-20.733,1,1,8,R,"Pizzallaris",170.2,89.827,0.347,0,59,0,0,0,0,0,0,0,0,0,0,0,0,0,0,0,0,-0.006,-37.524,"Espressο",0.054,-17.06,"CAT tourniquet",-19.998,-46.432,"559：広告",-11.209,-65.318,"にゃんこ3K",22.235,-52.018,"しろくま。",10.649,-63.51,"mochi_2929",39.034,-82.953,"alcohol500",-2.516,-103.015,"sano jpn",-36.886,-84.057,0,0,0,0,0,"",0,0,0,0,0,0,0,0,0,0
66,3,0,3,1,0,1,1,0,0,0,255,255,255,29,3442.867,"ゆっち一",R,26,140,1.681,0.497,0.11,1.514,-36.287,1,0,159.501,-200,0.945,0,0,0,1,8,R,"Pizzallaris",170.2,89.827,0.347,0,59,0,0,0,0,0,0,0,0,0,0,0,0,0,0,0,0,0.273,-37.012,"Espressο",0.144,-17.264,"CAT tourniquet",-20.172,-46.802,"559：広告",-10.964,-65.215,"にゃんこ3K",22.238,-52.144,"しろくま。",10.695,-63.597,"mochi_2929",38.894,-83.07,"alcohol500",-1.817,-102.873,"sano jpn",-33.459,-81.045,0,0,0,0,0,"",0,0,0,0,0,0,0,0,0,0
67,3,0,3,1,1,1,1,0,0,0,255,255,255,30,3459.147,"ゆっち一",R,13,110,-2.256,-0.494,0.314,1.71,-36.565,4,0,-405.57,292.426,-24.016,0,0,1,1,8,R,"Pizzallaris",170.2,89.827,0.347,0,59,0,0,0,0,0,0,0,0,0,0,0,0,0,0,0,0,0.071,-37.297,"Espressο",-0.674,-17.044,"CAT tourniquet",-20.185,-46.795,"559：広告",-11.171,-65.228,"にゃんこ3K",22.155,-52.115,"しろくま。",10.327,-63.848,"mochi_2929",38.61,-83.209,"alcohol500",-1.969,-102.9,"sano jpn",-35.835,-83.933,0,0,0,0,0,"",0,0,0,0,0,0,0,0,0,0
68,3,0,3,1,1,2,1,0,0,0,255,255,255,31,3476.856,"ゆっち一",R,26,140,0.774,0.9,0.091,1.576,-36.318,0,0,-73.357,-200,20.556,0,0,0,1,8,R,"Pizzallaris",170.2,89.827,0.347,0,59,0,0,0,0,0,0,0,0,0,0,0,0,0,0,0,0,0.088,-37.259,"Espressο",0.081,-17.229,"CAT tourniquet",-19.771,-46.836,"559：広告",-10.647,-65.548,"にゃんこ3K",22.138,-52.099,"しろくま。",10.451,-63.694,"mochi_2929",38.614,-83.214,"alcohol500",-2.73,-102.072,"sano jpn",-35.89,-84.913,0,0,0,0,0,"",0,0,0,0,0,0,0,0,0,0
69,3,0,3,1,0,0,2,0,0,0,255,255,255,32,3500.325,"ゆっち一",R,0,138,-0.388,0.706,0.342,1.758,-36.403,0,0,0,0,0,0,0,0,2,5,L,"shimenawa",174.7,100.341,0.2,0,59,0,0,0,0,0,0,0,0,0,0,0,0,0,0,0,0,0.103,-37.38,"Espressο",-0.138,-17.337,"CAT tourniquet",-19.176,-47.794,"559：広告",-9.432,-64.852,"にゃんこ3K",23.168,-50.427,"しろくま。",13.623,-60.478,"mochi_2929",38.781,-84.61,"alcohol500",2.958,-102.375,"sano jpn",-29.871,-82.661,0,0,0,0,0,"",0,0,0,0,0,0,0,0,0,0
70,3,0,3,1,0,1,2,0,0,0,255,255,255,33,3514.942,"ゆっち一",R,6,103,2.822,-0.298,0.106,1.418,-36.492,4,0,427.379,0,21.303,1.311,-17.389,1,2,5,L,"shimenawa",174.7,100.341,0.2,0,59,0,0,0,0,0,0,0,0,0,0,0,0,0,0,0,0,0.025,-37.43,"Espressο",0.938,-17.189,"CAT tourniquet",-19.744,-47.71,"559：広告",-9.265,-64.763,"にゃんこ3K",23.156,-50.466,"しろくま。",13.705,-60.505,"mochi_2929",38.766,-84.598,"alcohol500",3.506,-101.849,"sano jpn",-29.881,-82.642,0,0,0,0,0,"",0,0,0,0,0,0,0,0,0,0
71,3,0,3,1,0,2,2,0,0,0,255,255,255,34,3532.963,"ゆっち一",R,10,113,0.077,-2.735,0.011,1.693,-36.452,1,0,0,400,19.18,0.014,-20.971,0,2,5,L,"shimenawa",174.7,100.341,0.2,0,59,0,0,0,0,0,0,0,0,0,0,0,0,0,0,0,0,-0.063,-37.558,"Espressο",0.045,-17.087,"CAT tourniquet",-19.399,-47.152,"559：広告",-9.751,-64.53,"にゃんこ3K",23.212,-50.44,"しろくま。",13.618,-58.656,"mochi_2929",38.759,-84.593,"alcohol500",4.084,-102.233,"sano jpn",-29.906,-82.67,0,0,0,0,0,"",0,0,0,0,0,0,0,0,0,0
72,3,0,3,1,1,2,2,0,0,0,255,255,255,35,3549.808,"ゆっち一",R,29,125,0.011,-0.261,0.465,1.542,-36.508,0,0,-250,-196.858,5.953,0,0,0,2,5,L,"shimenawa",174.7,100.341,0.2,0,59,0,0,0,0,0,0,0,0,0,0,0,0,0,0,0,0,0.243,-37.59,"Espressο",-0.034,-17.088,"CAT tourniquet",-19.951,-46.383,"559：広告",-8.974,-65.373,"にゃんこ3K",23.495,-50.984,"しろくま。",13.896,-60.731,"mochi_2929",38.747,-84.563,"alcohol500",4.365,-102.082,"sano jpn",-29.73,-82.72,0,0,0,0,0,"",0,0,0,0,0,0,0,0,0,0
73,4,1,3,1,0,0,0,0,0,0,255,255,255,35,3685.039,"Kenomo",R,27,140,-2.419,-0.735,-0.242,1.383,-36.509,1,0,62.715,-143.044,23.882,0,0,0,5,7,L,"alcohol500",171.7,90.494,0.339,0,40,0,0,0,0,0,0,0,0,0,0,0,0,0,0,0,0,-0.246,-37.155,"白霜らいふ",0.04,-16.591,"あおいぬ",-17.14,-43.34,"vovopo 보보포",-9.609,-64.656,"あいくんだよー『아이 군』",20.116,-45.103,"shimenawa",15.086,-63.912,"甲斐野柊太",40.157,-85.427,"紅さかな",0.913,-112.859,"Pizzallaris",-36.671,-86.787,0,0,0,0,0,"",0,0,0,0,0,0,0,0,0,0
74,4,1,3,1,1,0,0,0,0,0,255,255,255,36,3699.098,"Kenomo",R,33,138,-0.272,0.244,0.036,1.643,-36.577,2,0,114.907,-98.716,9.376,0,0,1,5,7,L,"alcohol500",171.7,90.494,0.339,3,40,3700.143,128,106,11,197,141,111,113.094,35.268,0.17,-0.044,-0.039,0.294,0,0,0,-0.199,-36.603,"白霜らいふ",0.057,-16.566,"あおいぬ",-16.668,-43.433,"vovopo 보보포",-13.865,-64.874,"あいくんだよー『아이 군』",20.529,-45.917,"shimenawa",14.378,-63.846,"甲斐野柊太",40.361,-85.499,"紅さかな",0.596,-113.011,"Pizzallaris",-36.908,-86.69,0,0,0,0,0,"",0,0,0,0,0,0,0,0,0,3
75,4,1,3,1,1,1,0,0,0,0,255,255,255,37,3720.118,"Kenomo",R,13,127,-2.515,-1.314,-0.152,1.456,-36.625,1,0,-246.339,380.696,21.284,-0.821,-17.437,0,5,7,L,"alcohol500",171.7,90.494,0.339,0,40,0,0,0,0,0,0,0,0,0,0,0,0,0,0,0,0,-0.046,-37.415,"白霜らいふ",-0.328,-16.914,"あおいぬ",-16.077,-42.816,"vovopo 보보포",-10.03,-64.035,"あいくんだよー『아이 군』",20.353,-44.985,"shimenawa",12.853,-63.461,"甲斐野柊太",43.328,-86.257,"紅さかな",1.479,-112.92,"Pizzallaris",-36.843,-86.673,0,0,0,0,0,"",0,0,0,0,0,0,0,0,0,0
76,4,1,3,1,2,1,0,0,0,0,255,255,255,38,3742.472,"Kenomo",R,27,140,1.123,-1.042,0.102,1.341,-36.53,2,0,7.231,-114.717,0.17,0,0,1,5,7,L,"alcohol500",171.7,90.494,0.339,3,40,3743.503,176,143,17,224,154,96,-10.899,-12.958,0.94,-0.004,-0.077,0.4,0,0,0,-0.209,-36.723,"白霜らいふ",0.119,-16.673,"あおいぬ",-16.7,-42.587,"vovopo 보보포",-12.006,-65.562,"あいくんだよー『아이 군』",21.174,-45.389,"shimenawa",15.262,-63.451,"甲斐野柊太",43.433,-86.313,"紅さかな",1.438,-112.941,"Pizzallaris",-36.961,-86.567,3743.63,0.609,-21.279,3745.913,5,"shimenawa",7.132,-60.52,0,32,0,0,0,0,0,2
77,4,1,3,1,0,0,1,0,0,0,255,255,255,39,3774.305,"Kenomo",R,3,126,-2.727,-0.116,-0.086,1.519,-36.641,1,0,-469.941,11.952,-8.653,0,0,0,6,1,R,"Espressο",190,90.463,0.2,0,59,0,0,0,0,0,0,0,0,0,0,0,0,0,0,0,0,-0.1,-37.762,"白霜らいふ",-0.273,-16.745,"あおいぬ",-17.721,-43.723,"vovopo 보보포",-14.436,-62.438,"あいくんだよー『아이 군』",21.135,-46.043,"shimenawa",14.147,-63.516,"甲斐野柊太",40.762,-85.012,"紅さかな",0.46,-111.233,"Pizzallaris",-37.067,-90.1,0,0,0,0,0,"",0,0,0,0,0,0,0,0,0,0
78,4,1,3,1,1,0,1,0,0,0,255,255,255,40,3794.249,"Kenomo",R,0,140,1.434,-0.092,0.13,1.521,-36.578,4,0,46.109,-42.299,4.704,0.559,-21.055,1,6,1,R,"Espressο",190,90.463,0.2,0,59,0,0,0,0,0,0,0,0,0,0,0,0,0,0,0,0,-0.06,-37.097,"白霜らいふ",0.159,-17.597,"あおいぬ",-19.825,-42.75,"vovopo 보보포",-14.736,-60.396,"あいくんだよー『아이 군』",20.756,-45.994,"shimenawa",11.049,-63.289,"甲斐野柊太",40.7,-84.861,"紅さかな",0.078,-111.728,"Pizzallaris",-37.081,-90.061,0,0,0,0,0,"",0,0,0,0,0,0,0,0,0,0
79,4,1,3,1,1,1,1,0,0,0,255,255,255,41,3816.235,"Kenomo",R,28,138,-1.512,-0.215,-0.145,1.481,-36.588,4,0,13.389,-56.834,6.195,0,0,1,6,1,R,"Espressο",190,90.463,0.2,0,59,0,0,0,0,0,0,0,0,0,0,0,0,0,0,0,0,0.124,-37.362,"白霜らいふ",-0.035,-16.647,"あおいぬ",-19.135,-41.891,"vovopo 보보포",-16.075,-60.122,"あいくんだよー『아이 군』",21.002,-45.754,"shimenawa",13.329,-63.337,"甲斐野柊太",40.746,-84.939,"紅さかな",-0.708,-111.15,"Pizzallaris",-37.089,-90.059,0,0,0,0,0,"",0,0,0,0,0,0,0,0,0,0
80,4,1,3,1,1,2,1,0,0,0,255,255,255,42,3853.143,"Kenomo",R,3,128,-1.444,0.17,0.009,1.567,-36.671,2,0,-422.905,0,0.171,0,0,1,6,1,R,"Espressο",190,90.463,0.2,3,47,3854.053,193,94,42,108,144,125,108.954,-25.912,0.59,-0.175,-0.161,0.315,0,0,0,-0.15,-37,"白霜らいふ",0.11,-16.712,"あおいぬ",-17.188,-43.191,"vovopo 보보포",-19.092,-61.214,"あいくんだよー『아이 군』",20.745,-45.905,"shimenawa",15.046,-63.48,"甲斐野柊太",40.857,-84.927,"紅さかな",-0.422,-111.647,"Pizzallaris",-37.033,-90.057,0,0,0,0,0,"",0,0,0,0,0,0,0,0,0,3
81,4,1,3,1,1,2,1,0,0,0,255,255,255,43,3879.303,"Kenomo",R,0,131,1.197,0.048,0.13,1.535,-36.664,4,0,4.19,-22.11,3.036,0.708,-21.014,1,6,1,R,"Espressο",190,90.463,0.2,0,47,0,0,0,0,0,0,0,0,0,0,0,0,0,0,0,0,-0.03,-37.73,"白霜らいふ",0.153,-17.387,"あおいぬ",-18.874,-42.202,"vovopo 보보포",-16.441,-60.838,"あいくんだよー『아이 군』",20.925,-45.717,"shimenawa",9.997,-62.757,"甲斐野柊太",42.431,-85.932,"紅さかな",-0.523,-112.177,"Pizzallaris",-37.76,-90.83,0,0,0,3946.313,-1,"썬써니_",0.13,-37.896,0,128,0,0,0,0,0,0
82,4,0,3,1,0,0,0,0,0,0,255,255,255,36,4135.126,"ゆっち一",R,26,140,1.103,1.021,0.117,1.634,-36.382,1,0,-57.885,-200,21.621,0,0,0,3,2,R,"あおいぬ",190,100,0.495,0,59,0,0,0,0,0,0,0,0,0,0,0,0,0,0,0,0,0.038,-37.163,"Espressο",0.135,-17.224,"CAT tourniquet",-19.572,-46.122,"559：広告",-10.636,-64.968,"にゃんこ3K",22.765,-52.189,"しろくま。",12.611,-60.452,"mochi_2929",35.902,-90.531,"alcohol500",-1.576,-104.124,"sano jpn",-49.655,-94.843,0,0,0,0,0,"",0,0,0,0,0,0,0,0,0,0
83,4,0,3,1,1,0,0,0,0,0,255,255,255,37,4153.177,"ゆっち一",R,26,124,-0.55,0.149,0.256,1.591,-36.46,0,0,82.638,-200,-2.247,0.215,-17.357,0,3,2,R,"あおいぬ",190,100,0.495,0,59,0,0,0,0,0,0,0,0,0,0,0,0,0,0,0,0,-0.03,-37.323,"Espressο",-0.452,-17.068,"CAT tourniquet",-20.002,-46.436,"559：広告",-10.989,-64.633,"にゃんこ3K",22.807,-52.281,"しろくま。",10.881,-60.156,"mochi_2929",35.681,-89.977,"alcohol500",-3.679,-102.547,"sano jpn",-48.631,-93.361,0,0,0,0,0,"",0,0,0,0,0,0,0,0,0,0
84,4,0,3,1,1,1,0,0,0,0,255,255,255,38,4181.01,"ゆっち一",R,26,133,0.999,0.578,0.031,1.546,-36.357,0,0,194.838,-200,9.063,0,0,0,3,2,R,"あおいぬ",190,100,0.495,0,59,0,0,0,0,0,0,0,0,0,0,0,0,0,0,0,0,0.144,-37.286,"Espressο",0.119,-17.271,"CAT tourniquet",-19.994,-46.421,"559：広告",-10.529,-64.604,"にゃんこ3K",22.696,-52.272,"しろくま。",10.659,-60.512,"mochi_2929",34.677,-87.155,"alcohol500",-3.819,-105.771,"sano jpn",-49.213,-94.312,0,0,0,0,0,"",0,0,0,0,0,0,0,0,0,0
85,4,0,3,1,1,2,0,0,0,0,255,255,255,39,4198.831,"ゆっち一",R,10,112,-0.793,-2.516,-0.11,1.615,-36.405,1,0,0,400,30.811,-0.147,-20.392,0,3,2,R,"あおいぬ",190,100,0.495,0,59,0,0,0,0,0,0,0,0,0,0,0,0,0,0,0,0,0.001,-37.41,"Espressο",0.007,-17.131,"CAT tourniquet",-19.586,-43.957,"559：広告",-10.398,-64.646,"にゃんこ3K",22.47,-52.304,"しろくま。",11.035,-60.209,"mochi_2929",35.283,-87.832,"alcohol500",-2.613,-104.595,"sano jpn",-48.833,-93.463,0,0,0,0,0,"",0,0,0,0,0,0,0,0,0,0
86,4,0,3,1,2,2,0,0,0,0,255,255,255,40,4216.327,"ゆっち一",R,26,138,0.75,0.434,0.258,1.692,-36.305,2,0,-87.557,-200,5.553,0,0,1,3,2,R,"あおいぬ",190,100,0.495,3,59,4217.363,128,91,19,117,141,111,57.5,49.9,0.13,-0.02,0.005,0.418,0,0,0,0.007,-37.01,"Espressο",0.122,-17.049,"CAT tourniquet",-19.387,-45.946,"559：広告",-10.388,-64.615,"にゃんこ3K",22.506,-52.729,"しろくま。",10.827,-60.368,"mochi_2929",35.706,-88.87,"alcohol500",-2.576,-104.942,"sano jpn",-49.433,-94.473,4223.696,-70.079,-67.796,4226.463,-1,"썬써니_",-73.864,-75.242,0,0,0,0,0,0,0,2
87,4,0,3,1,2,2,0,0,0,0,255,255,255,41,4243.339,"ゆっち一",R,13,108,-0.077,-0.528,0.311,1.636,-36.426,2,0,-383.336,312.348,-49.151,0,0,1,3,2,R,"あおいぬ",190,100,0.495,3,59,4244.464,159,124,62,105,148,103,31.596,4.844,0.92,-0.041,0.01,0.268,0,0,0,0.278,-36.977,"Espressο",-0.366,-17.093,"CAT tourniquet",-20.087,-46.54,"559：広告",-11.332,-64.902,"にゃんこ3K",21.872,-52.738,"しろくま。",8.145,-61.02,"mochi_2929",35.387,-88.402,"alcohol500",-5.438,-102.891,"sano jpn",-50.805,-96.772,0,0,0,4249.497,-1,"썬써니_",-11.881,-97.146,0,0,0,0,0,0,0,1
88,4,0,3,1,0,0,1,0,0,0,255,255,255,42,4269.916,"ゆっち一",R,26,137,0.342,-0.118,0.033,1.416,-36.276,0,0,-5.645,-200,20.6,0,0,0,4,6,R,"甲斐野柊太",175.2,86,0.2,0,34,0,0,0,0,0,0,0,0,0,0,0,0,0,0,0,0,-0.027,-37.256,"Espressο",0.165,-17.359,"CAT tourniquet",-19.849,-46.179,"559：広告",-11.067,-62.769,"にゃんこ3K",19.11,-48.406,"しろくま。",11.114,-61.815,"mochi_2929",35.741,-82.807,"alcohol500",-2.741,-99.776,"sano jpn",-36.482,-79.325,0,0,0,0,0,"",0,0,0,0,0,0,0,0,0,0
89,4,0,3,1,0,1,1,0,0,0,255,255,255,43,4283.911,"ゆっち一",R,26,136,-1.074,-0.143,0.078,1.584,-36.237,0,0,-49.804,-196.879,6.017,0,0,0,4,6,R,"甲斐野柊太",175.2,86,0.2,0,59,0,0,0,0,0,0,0,0,0,0,0,0,0,0,0,0,0.019,-37.291,"Espressο",0.049,-17.169,"CAT tourniquet",-19.736,-46.558,"559：広告",-11.231,-63.469,"にゃんこ3K",20.887,-50.715,"しろくま。",11.219,-61.934,"mochi_2929",35.729,-82.813,"alcohol500",-1.863,-100.691,"sano jpn",-38.071,-82.296,0,0,0,0,0,"",0,0,0,0,0,0,0,0,0,0
90,4,0,3,1,0,2,1,0,0,0,255,255,255,44,4300.733,"ゆっち一",R,26,134,0.574,0.18,0.098,1.463,-36.34,0,0,-150.168,-200,18.028,0,0,0,4,6,R,"甲斐野柊太",175.2,86,0.2,0,59,0,0,0,0,0,0,0,0,0,0,0,0,0,0,0,0,0.049,-37.647,"Espressο",0.184,-17.39,"CAT tourniquet",-19.48,-45.331,"559：広告",-11.212,-63.664,"にゃんこ3K",20.878,-50.581,"しろくま。",11.17,-62.024,"mochi_2929",35.715,-82.821,"alcohol500",-1.256,-100.725,"sano jpn",-37.764,-82.637,0,0,0,0,0,"",0,0,0,0,0,0,0,0,0,0
91,4,0,3,1,0,0,2,0,0,0,255,255,255,45,4320.101,"ゆっち一",R,13,112,-2.888,-0.885,0.205,1.627,-36.449,1,0,-380.232,324.691,-1.779,0,0,0,5,7,R,"紅さかな",172.5,96.324,0.453,0,59,0,0,0,0,0,0,0,0,0,0,0,0,0,0,0,0,0.038,-37.328,"Espressο",-0.409,-17.26,"CAT tourniquet",-19.716,-46.199,"559：広告",-11.09,-64.183,"にゃんこ3K",21.001,-52.825,"しろくま。",10.516,-62.859,"mochi_2929",35.931,-82.992,"alcohol500",-0.141,-101.245,"sano jpn",-36.619,-85.204,0,0,0,0,0,"",0,0,0,0,0,0,0,0,0,0
92,4,0,3,1,1,0,2,0,0,0,255,255,255,46,4336.172,"ゆっち一",R,28,128,0.579,0.491,0.035,1.542,-36.282,0,0,56.356,-80.869,-2.353,0,0,0,5,7,R,"紅さかな",172.5,96.324,0.453,0,59,0,0,0,0,0,0,0,0,0,0,0,0,0,0,0,0,0.106,-37.384,"Espressο",0.111,-17.388,"CAT tourniquet",-20.156,-46.781,"559：広告",-11.065,-64.132,"にゃんこ3K",20.86,-52.93,"しろくま。",7.668,-64.233,"mochi_2929",37.14,-85.32,"alcohol500",0.044,-102.276,"sano jpn",-33.271,-83.003,0,0,0,0,0,"",0,0,0,0,0,0,0,0,0,0
93,4,0,3,1,1,1,2,0,0,0,255,255,255,47,4354.698,"ゆっち一",R,26,139,0.535,0.093,0.244,1.622,-36.342,2,0,-127.13,-200,26.236,0,0,1,5,7,R,"紅さかな",172.5,96.324,0.453,3,59,4355.798,150,22,5,113,69,64,-13.641,33.902,-0.45,-0.003,-0.049,0.119,0,0,0,0.081,-37.083,"Espressο",0.23,-17.193,"CAT tourniquet",-20.149,-46.972,"559：広告",-11.359,-64.178,"にゃんこ3K",20.93,-52.806,"しろくま。",7.744,-63.921,"mochi_2929",37.583,-85.84,"alcohol500",-0.856,-101.878,"sano jpn",-33.438,-82.947,4356.063,-1.737,-21.678,4359.58,-1,"썬써니_",-18.245,-40.617,0,0,0,0,0,0,0,2
94,5,1,3,1,0,0,0,0,0,0,255,255,255,45,4408.07,"Kenomo",R,32,133,2.171,0.52,0.227,1.667,-36.685,1,0,160.64,-105.252,16.504,0,0,0,8,3,R,"559：広告",174.8,107,0.225,0,59,0,0,0,0,0,0,0,0,0,0,0,0,0,0,0,0,-0.106,-37.193,"白霜らいふ",0.079,-16.473,"あおいぬ",-17.281,-43.158,"vovopo 보보포",-16.296,-61.688,"あいくんだよー『아이 군』",19.729,-45.776,"shimenawa",14.722,-63.444,"甲斐野柊太",39.712,-87.883,"紅さかな",0.093,-117.165,"Pizzallaris",-37.518,-88.559,0,0,0,0,0,"",0,0,0,0,0,0,0,0,0,0
95,5,1,3,1,1,0,0,0,0,0,255,255,255,46,4426.979,"Kenomo",R,26,138,0.445,-0.425,0.132,1.581,-36.673,0,0,59.374,-197.301,22.055,0,0,0,8,3,R,"559：広告",174.8,107,0.225,0,59,0,0,0,0,0,0,0,0,0,0,0,0,0,0,0,0,-0.188,-37.446,"白霜らいふ",0.093,-16.447,"あおいぬ",-17.55,-42.871,"vovopo 보보포",-15.305,-61.087,"あいくんだよー『아이 군』",20.349,-45.816,"shimenawa",14.496,-63.313,"甲斐野柊太",39.728,-87.766,"紅さかな",0.213,-116.853,"Pizzallaris",-37.344,-90.025,0,0,0,0,0,"",0,0,0,0,0,0,0,0,0,0
96,5,1,3,1,1,1,0,0,0,0,255,255,255,47,4444.97,"Kenomo",R,32,133,1.943,0.315,0.222,1.774,-36.754,4,0,176.244,-52.72,8.835,0.02,-20.469,1,8,3,R,"559：広告",174.8,107,0.225,0,59,0,0,0,0,0,0,0,0,0,0,0,0,0,0,0,0,0.181,-37.419,"白霜らいふ",0.051,-17.002,"あおいぬ",-18.493,-42.086,"vovopo 보보포",-15.135,-61.54,"あいくんだよー『아이 군』",20.141,-45.784,"shimenawa",13.187,-63.375,"甲斐野柊太",39.78,-87.662,"紅さかな",0.398,-116.846,"Pizzallaris",-37.172,-90.703,0,0,0,0,0,"",0,0,0,0,0,0,0,0,0,0
97,5,1,3,1,1,2,0,0,0,0,255,255,255,48,4463.532,"Kenomo",R,13,125,-0.329,-1.317,0.091,1.441,-36.661,2,0,-353.044,354.062,13.106,0,0,1,8,3,R,"559：広告",174.8,107,0.225,3,59,4464.594,247,187,59,255,155,91,22.834,0.803,-0.02,-0.088,-0.224,0.311,0,0,0,-0.318,-37.04,"白霜らいふ",0.107,-16.573,"あおいぬ",-17.427,-43.096,"vovopo 보보포",-18.679,-61.37,"あいくんだよー『아이 군』",19.671,-45.184,"shimenawa",13.614,-63.781,"甲斐野柊太",39.667,-88.048,"紅さかな",0.1,-116.801,"Pizzallaris",-37.258,-90.695,4468.63,-11.373,-90.782,4470.546,-1,"썬써니_",-13.539,-105.285,1,0,0,0,0,0,0,2
98,5,1,3,1,0,0,0,1,0,0,3,255,255,49,4498.055,"Kenomo",R,33,140,0.861,-0.086,0.181,1.631,-36.711,0,0,130.62,-60.99,5.564,0,0,1,0,6,R,"mochi_2929",169.9,94.434,0.477,0,52,0,0,0,0,0,0,0,0,0,0,0,0,0,0,0,0,0.165,-37.64,"白霜らいふ",0.168,-16.421,"あおいぬ",-19.456,-42.551,"vovopo 보보포",-15.371,-61.34,"あいくんだよー『아이 군』",21.252,-46.108,"shimenawa",7.337,-62.728,"甲斐野柊太",36.59,-84.737,"紅さかな",0.461,-113.979,"Pizzallaris",-37.568,-92.402,0,0,0,0,0,"",0,0,0,0,0,0,0,0,0,0
99,5,1,3,1,0,1,0,1,0,0,3,255,255,50,4519.263,"Kenomo",R,0,133,-1.436,-2.201,-0.134,1.195,-36.613,2,0,0,0,9.007,0,0,1,0,6,R,"mochi_2929",169.9,94.434,0.477,3,52,4520.338,215,147,75,212,155,112,50,26.434,0.83,-0.069,-0.271,0.106,0,0,0,0.025,-37.313,"白霜らいふ",0.002,-16.706,"あおいぬ",-16.445,-41.396,"vovopo 보보포",-17.984,-61.097,"あいくんだよー『아이 군』",21.188,-46.541,"shimenawa",12.451,-64.787,"甲斐野柊太",36.317,-84.925,"紅さかな",0.491,-113.914,"Pizzallaris",-39.064,-93.244,4526.63,-23.449,-102.55,4528.08,-1,"썬써니_",-23.655,-101.865,0,0,0,0,0,0,0,1
100,5,1,3,1,0,0,1,1,0,0,3,255,255,51,4617.277,"Kenomo",R,0,139,0.675,-0.017,0.236,1.65,-36.763,0,0,31.282,-39.41,4.258,0,0,0,1,8,R,"sano jpn",170.2,96.636,0.323,0,59,0,0,0,0,0,0,0,0,0,0,0,0,0,0,0,0,-0.002,-37.744,"白霜らいふ",0.077,-16.485,"あおいぬ",-19.05,-41.499,"vovopo 보보포",-16.015,-60.306,"あいくんだよー『아이 군』",19.025,-43.988,"shimenawa",5.921,-62.118,"甲斐野柊太",34.371,-82.589,"紅さかな",-5.638,-121.712,"Pizzallaris",-41.209,-92.299,0,0,0,0,0,"",0,0,0,0,0,0,0,0,0,0
101,5,1,3,1,0,1,1,1,0,0,3,255,255,52,4638.19,"Kenomo",R,33,130,1.842,0.859,0.262,1.732,-36.762,1,0,125.077,-119.162,6.335,0,0,0,1,8,R,"sano jpn",170.2,96.636,0.323,0,59,0,0,0,0,0,0,0,0,0,0,0,0,0,0,0,0,0.017,-37.351,"白霜らいふ",0.037,-16.656,"あおいぬ",-19.169,-41.098,"vovopo 보보포",-13.836,-61.406,"あいくんだよー『아이 군』",20.074,-45.247,"shimenawa",8.173,-63.149,"甲斐野柊太",34.413,-83.114,"紅さかな",-5.442,-121.799,"Pizzallaris",-42.42,-94.311,0,0,0,0,0,"",0,0,0,0,0,0,0,0,0,0
102,5,1,3,1,1,1,1,1,0,0,3,255,255,53,4657.033,"Kenomo",R,33,139,-1.22,0.314,-0.104,1.606,-36.647,2,0,105.78,-62.698,9.592,0,0,1,1,8,R,"sano jpn",170.2,96.636,0.323,3,59,4658.106,121,114,37,160,141,124,6.237,41.541,0.38,-0.04,-0.011,0.27,0,0,0,0.077,-37.286,"白霜らいふ",-0.094,-16.597,"あおいぬ",-17.022,-42.056,"vovopo 보보포",-19.745,-60.751,"あいくんだよー『아이 군』",20.162,-45.291,"shimenawa",13.597,-64.442,"甲斐野柊太",35.781,-82.414,"紅さかな",-7.393,-122.428,"Pizzallaris",-42.728,-93.581,4659.747,-33.593,-51.773,0,0,"",0,0,0,0,0,0,0,0,0,3
103,5,1,3,1,1,2,1,1,0,0,3,255,255,54,4685.502,"Kenomo",R,13,110,-2.534,-2.343,0.099,1.402,-36.746,1,0,-352.988,354.118,8.04,-0.531,-19.581,0,1,8,R,"sano jpn",170.2,96.636,0.323,0,59,0,0,0,0,0,0,0,0,0,0,0,0,0,0,0,0,-0.063,-37.304,"白霜らいふ",0.109,-16.518,"あおいぬ",-19.721,-40.591,"vovopo 보보포",-16.997,-60.291,"あいくんだよー『아이 군』",20.575,-44.963,"shimenawa",7.324,-63.116,"甲斐野柊太",32.499,-81.584,"紅さかな",-8.646,-121.496,"Pizzallaris",-39.369,-93.401,0,0,0,0,0,"",0,0,0,0,0,0,0,0,0,0
104,5,1,3,1,2,2,1,1,0,0,3,255,255,55,4702.94,"Kenomo",R,34,140,1.759,0.502,0.142,1.638,-36.657,4,0,68.209,-33.544,4.284,0.34,-20.789,1,1,8,R,"sano jpn",170.2,96.636,0.323,0,59,0,0,0,0,0,0,0,0,0,0,0,0,0,0,0,0,0.041,-37.714,"白霜らいふ",0.14,-16.487,"あおいぬ",-18.007,-41.771,"vovopo 보보포",-16.727,-60.43,"あいくんだよー『아이 군』",20.332,-45.339,"shimenawa",9.344,-63.411,"甲斐野柊太",34.467,-82.412,"紅さかな",-8.223,-122.706,"Pizzallaris",-39.361,-93.416,0,0,0,0,0,"",0,0,0,0,0,0,0,0,0,0
105,5,1,3,1,0,0,2,1,0,0,3,255,255,0,4950.208,"あおいぬ",R,13,109,-1.884,-0.384,-0.018,1.805,-36.782,1,0,-362.559,340.776,6.724,0,0,0,2,4,R,"にゃんこ3K",190,99.745,0.6,0,43,0,0,0,0,0,0,0,0,0,0,0,0,0,0,0,0,-0.303,-37.297,"白霜らいふ",-0.133,-16.499,"Kenomo",-16.461,-43.952,"vovopo 보보포",-16.22,-60.746,"あいくんだよー『아이 군』",20.672,-46.146,"shimenawa",7.713,-62.979,"甲斐野柊太",36.044,-87.109,"紅さかな",-0.281,-119.9,"Pizzallaris",-38.511,-92.831,0,0,0,0,0,"",0,0,0,0,0,0,0,0,0,0
106,5,1,3,1,1,0,2,1,0,0,3,255,255,1,4967.784,"あおいぬ",R,26,134,0.699,0.245,0.015,1.678,-36.648,0,0,161.14,-200,17.028,0,0,0,2,4,R,"にゃんこ3K",190,99.745,0.6,0,43,0,0,0,0,0,0,0,0,0,0,0,0,0,0,0,0,-0.206,-37.161,"白霜らいふ",0.03,-16.427,"Kenomo",-16.169,-42.964,"vovopo 보보포",-14.116,-61.105,"あいくんだよー『아이 군』",20.967,-44.908,"shimenawa",8.549,-62.787,"甲斐野柊太",35.229,-86.775,"紅さかな",-1.408,-119.312,"Pizzallaris",-38.543,-92.802,0,0,0,0,0,"",0,0,0,0,0,0,0,0,0,0
107,5,1,3,1,1,1,2,1,0,0,3,255,255,2,4984.91,"あおいぬ",R,3,114,4.584,1.734,0.392,1.96,-36.805,3,0,-407.612,0,2.574,0.541,-20.84,0,2,4,R,"にゃんこ3K",190,99.745,0.6,0,43,0,0,0,0,0,0,0,0,0,0,0,0,0,0,0,0,-0.059,-37.181,"白霜らいふ",0.402,-17.555,"Kenomo",-15.892,-42.371,"vovopo 보보포",-16.307,-61.003,"あいくんだよー『아이 군』",20.63,-47.22,"shimenawa",7.332,-63.944,"甲斐野柊太",35.23,-86.742,"紅さかな",-1.382,-119.16,"Pizzallaris",-38.489,-92.845,0,0,0,0,0,"",0,0,0,0,0,0,0,0,0,6
108,5,1,3,1,0,0,2,1,1,1,0,4,3,3,5101.266,"あおいぬ",R,33,134,0.117,0.759,-0.038,1.794,-36.726,0,0,145.172,-138.338,4.597,0,0,0,4,2,L,"CAT tourniquet",190,90.041,0.631,0,59,0,0,0,0,0,0,0,0,0,0,0,0,0,0,0,0,-0.257,-37.424,"白霜らいふ",0.029,-16.469,"Kenomo",-16.797,-41.112,"vovopo 보보포",-10.015,-65.149,"あいくんだよー『아이 군』",20.329,-44.91,"shimenawa",15.861,-62.809,"甲斐野柊太",37.648,-84.925,"紅さかな",1.09,-114.219,"Pizzallaris",-37.656,-88.239,0,0,0,0,0,"",0,0,0,0,0,0,0,0,0,0
109,5,1,3,1,0,1,2,1,1,1,0,4,3,4,5119.909,"あおいぬ",R,26,137,-0.998,-0.13,-0.123,1.637,-36.692,2,0,116.531,-195.607,10.361,0,0,1,4,2,L,"CAT tourniquet",190,90.041,0.631,3,59,5120.795,89,105,37,116,133,81,56.74,-19.392,-0.43,0.128,-0.227,0.534,0,0,0,0.038,-37.213,"白霜らいふ",-0.104,-16.647,"Kenomo",-15.935,-42.414,"vovopo 보보포",-13.018,-65.087,"あいくんだよー『아이 군』",20.551,-44.672,"shimenawa",17.405,-61.571,"甲斐野柊太",37.656,-84.961,"紅さかな",1.114,-114.225,"Pizzallaris",-37.714,-89.858,5126.43,15.646,-63.98,5127.146,-1,"썬써니_",15.265,-62.901,0,0,0,0,0,0,0,1
110,5,0,3,1,0,0,0,0,0,0,255,255,255,48,5169.903,"ゆっち一",R,32,125,0.863,0.514,0.166,1.763,-36.365,2,0,250,27.201,13.044,0,0,1,6,1,R,"白霜らいふ",190,89.658,0.596,2,59,5170.985,194,139,72,220,155,99,90.307,-88.799,-0.16,-0.079,-0.095,0.475,0,0,0,0.029,-37.117,"Espressο",0.201,-16.939,"CAT tourniquet",-20.23,-46.514,"559：広告",-12.518,-60.894,"にゃんこ3K",21.409,-52.344,"しろくま。",10.528,-63.708,"mochi_2929",39.013,-85.253,"alcohol500",-1.797,-101.004,"sano jpn",-42.603,-85.708,5178.063,-31.424,-19.205,0,0,"",0,0,0,0,0,0,0,0,0,3
111,5,0,3,1,0,1,0,0,0,0,255,255,255,49,5197.028,"ゆっち一",R,13,107,-3.954,-0.728,0.067,1.629,-36.381,1,0,-383.602,307.38,0.736,0,0,0,6,1,R,"白霜らいふ",190,89.658,0.596,0,41,0,0,0,0,0,0,0,0,0,0,0,0,0,0,0,0,0.172,-37.24,"Espressο",-0.664,-17.119,"CAT tourniquet",-20.001,-46.011,"559：広告",-10.176,-64.265,"にゃんこ3K",21.754,-52.543,"しろくま。",9.889,-63.781,"mochi_2929",40.09,-85.069,"alcohol500",-3.495,-99.922,"sano jpn",-42.736,-86.227,0,0,0,0,0,"",0,0,0,0,0,0,0,0,0,0
112,5,0,3,1,1,1,0,0,0,0,255,255,255,50,5214.061,"ゆっち一",R,33,127,0.597,0.474,0.022,1.553,-36.323,2,0,121.861,-74.282,14.89,0,0,1,6,1,R,"白霜らいふ",190,89.658,0.596,2,41,5215.075,192,135,59,162,155,129,110.538,-12.683,0.37,-0.109,-0.086,0.4,0,0,0,0.058,-37.183,"Espressο",0.045,-16.941,"CAT tourniquet",-19.979,-46.031,"559：広告",-10.216,-64.281,"にゃんこ3K",21.745,-52.467,"しろくま。",9.681,-63.88,"mochi_2929",40.099,-85.05,"alcohol500",-3.632,-101.863,"sano jpn",-42.737,-86.266,0,0,0,0,0,"",0,0,0,0,0,0,0,0,0,3
113,5,0,3,1,1,2,0,0,0,0,255,255,255,51,5237.39,"ゆっち一",R,10,111,0.246,-2.468,0.034,1.629,-36.377,4,0,0,400,20.079,0.045,-20.63,1,6,1,R,"白霜らいふ",190,89.658,0.596,0,41,0,0,0,0,0,0,0,0,0,0,0,0,0,0,0,0,0.116,-37.599,"Espressο",-0.075,-17.682,"CAT tourniquet",-20.082,-46.439,"559：広告",-10.586,-63.726,"にゃんこ3K",22.078,-53.901,"しろくま。",10.759,-60.124,"mochi_2929",40.258,-85.665,"alcohol500",-2.914,-99.856,"sano jpn",-43.647,-87.394,0,0,0,0,0,"",0,0,0,0,0,0,0,0,0,0
114,5,0,3,1,0,0,1,0,0,0,255,255,255,52,5262.378,"ゆっち一",R,33,136,-0.184,0.697,0.084,1.733,-36.362,2,0,142.125,-121.871,11.514,0,0,1,7,2,R,"Kenomo",190,92.022,0.469,2,113,5263.388,111,63,10,90,121,78,8.225,21.804,-0.11,0.017,-0.005,0.256,0,0,0,0.028,-37.006,"Espressο",0.079,-17.235,"CAT tourniquet",-19.816,-46.236,"559：広告",-12.649,-64.107,"にゃんこ3K",21.955,-54.328,"しろくま。",8.3,-62.331,"mochi_2929",38.776,-86.691,"alcohol500",-3.694,-100.126,"sano jpn",-40.724,-85.837,5265.03,-11.828,-46.89,5266.563,-1,"썬써니_",-15.901,-56.664,0,0,0,0,0,0,0,2
115,5,0,3,1,0,0,2,0,0,0,255,255,255,53,5293.549,"ゆっち一",R,14,113,1.592,-0.235,0.038,1.567,-36.374,1,0,390.434,312.348,37.932,0.647,-17.237,0,8,4,L,"あいくんだよー『아이 군』",190,90,0.4,0,59,0,0,0,0,0,0,0,0,0,0,0,0,0,0,0,0,0.008,-37.049,"Espressο",0.708,-17.1,"CAT tourniquet",-20.281,-46.139,"559：広告",-8.166,-64.757,"にゃんこ3K",23.995,-49.779,"しろくま。",14.316,-61.605,"mochi_2929",41.477,-83.772,"alcohol500",2.659,-100.488,"sano jpn",-40.7,-85.37,0,0,0,0,0,"",0,0,0,0,0,0,0,0,0,0
116,5,0,3,1,1,0,2,0,0,0,255,255,255,54,5313.386,"ゆっち一",R,29,136,-0.93,0.132,0.149,1.604,-36.36,0,0,-250,-198.116,21.824,-0.884,-17.203,0,8,4,L,"あいくんだよー『아이 군』",190,90,0.4,0,59,0,0,0,0,0,0,0,0,0,0,0,0,0,0,0,0,0.026,-37.236,"Espressο",-0.069,-16.956,"CAT tourniquet",-19.088,-47.43,"559：広告",-8.154,-64.69,"にゃんこ3K",23.983,-49.692,"しろくま。",13.693,-61.432,"mochi_2929",41.286,-83.93,"alcohol500",2.764,-101.007,"sano jpn",-40.707,-85.384,0,0,0,0,0,"",0,0,0,0,0,0,0,0,0,0
117,5,0,3,1,1,1,2,0,0,0,255,255,255,55,5332.566,"ゆっち一",R,14,106,3.01,-0.919,0.216,1.44,-36.632,1,0,392.931,289.367,7.419,0,0,0,8,4,L,"あいくんだよー『아이 군』",190,90,0.4,0,59,0,0,0,0,0,0,0,0,0,0,0,0,0,0,0,0,-0.051,-37.415,"Espressο",0.928,-16.952,"CAT tourniquet",-19.095,-47.432,"559：広告",-8.526,-65.038,"にゃんこ3K",23.986,-49.696,"しろくま。",13.789,-61.687,"mochi_2929",41.287,-83.912,"alcohol500",2.816,-101.195,"sano jpn",-40.922,-85.193,0,0,0,0,0,"",0,0,0,0,0,0,0,0,0,0
118,5,0,3,1,2,1,2,0,0,0,255,255,255,56,5353.039,"ゆっち一",R,26,140,-0.149,1.115,0.002,1.653,-36.32,4,0,-63.57,-200,22.099,0,0,1,8,4,L,"あいくんだよー『아이 군』",190,90,0.4,0,59,0,0,0,0,0,0,0,0,0,0,0,0,0,0,0,0,0.069,-37.012,"Espressο",-0.102,-16.972,"CAT tourniquet",-19.495,-46.408,"559：広告",-8.534,-65.043,"にゃんこ3K",23.959,-49.664,"しろくま。",13.739,-61.623,"mochi_2929",41.465,-83.858,"alcohol500",3.596,-100.855,"sano jpn",-40.725,-85.423,0,0,0,0,0,"",0,0,0,0,0,0,0,0,0,0
119,5,0,3,1,3,1,2,0,0,0,255,255,255,57,5400.659,"ゆっち一",R,0,140,-0.642,0.128,0.318,1.669,-36.322,0,0,0,0,0,0,0,0,8,4,L,"あいくんだよー『아이 군』",190,90,0.4,0,59,0,0,0,0,0,0,0,0,0,0,0,0,0,0,0,0,-0.019,-37.485,"Espressο",-0.151,-17.25,"CAT tourniquet",-19.63,-45.996,"559：広告",-8.915,-65.723,"にゃんこ3K",24.196,-49.931,"しろくま。",13.689,-61.615,"mochi_2929",38.239,-81.18,"alcohol500",3.586,-101.198,"sano jpn",-38.835,-84.38,0,0,0,0,0,"",0,0,0,0,0,0,0,0,0,0
120,5,0,3,1,3,2,2,0,0,0,255,255,255,58,5418.43,"ゆっち一",R,26,135,-0.437,0.009,-0.016,1.438,-36.322,0,0,-95.145,-200,20.718,-0.392,-17.232,0,8,4,L,"あいくんだよー『아이 군』",190,90,0.4,0,59,0,0,0,0,0,0,0,0,0,0,0,0,0,0,0,0,0.234,-37.415,"Espressο",0.112,-16.618,"CAT tourniquet",-19.257,-44.744,"559：広告",-8.9,-65.809,"にゃんこ3K",24.241,-49.915,"しろくま。",13.543,-61.561,"mochi_2929",40.828,-82.613,"alcohol500",3.746,-100.779,"sano jpn",-38.857,-84.395,0,0,0,0,0,"",0,0,0,0,0,0,0,0,0,0
121,6,1,3,1,0,0,0,0,0,0,255,255,255,5,5474.148,"あおいぬ",R,13,114,-2.063,-1.969,-0.103,1.463,-36.691,1,0,-301.667,398.745,13.06,-0.468,-18.943,0,5,7,L,"alcohol500",171.7,90.494,0.339,0,59,0,0,0,0,0,0,0,0,0,0,0,0,0,0,0,0,-0.209,-37.196,"白霜らいふ",0.024,-16.412,"Kenomo",-20.003,-48.365,"vovopo 보보포",-7.034,-67.059,"あいくんだよー『아이 군』",19.651,-44.308,"shimenawa",16.068,-63.553,"甲斐野柊太",35.404,-82.022,"紅さかな",-0.222,-111.839,"Pizzallaris",-37.581,-85.978,0,0,0,0,0,"",0,0,0,0,0,0,0,0,0,0
122,6,1,3,1,1,0,0,0,0,0,255,255,255,6,5488.487,"あおいぬ",R,3,120,1,1.321,0.224,1.891,-36.771,2,0,-338.67,0,4.321,0,0,1,5,7,L,"alcohol500",171.7,90.494,0.339,3,59,5489.617,145,174,38,236,144,99,-15.432,-3.216,0.9,-0.012,0.015,0.486,0,0,0,0.084,-37.201,"白霜らいふ",0.013,-16.469,"Kenomo",-19.928,-48.333,"vovopo 보보포",-9.432,-66.136,"あいくんだよー『아이 군』",19.347,-43.675,"shimenawa",15.598,-63.536,"甲斐野柊太",35.627,-82.183,"紅さかな",-0.431,-111.819,"Pizzallaris",-37.642,-85.924,5489.93,0.335,-24.997,5491.43,-1,"썬써니_",2.233,-37.745,0,0,0,0,0,0,0,2
123,6,1,3,1,0,0,1,0,0,0,255,255,255,7,5516.947,"あおいぬ",R,13,109,-1.395,-0.537,0.012,1.784,-36.673,0,0,-315.718,385.337,9.858,0,0,1,6,1,R,"Espressο",190,90.463,0.2,0,59,0,0,0,0,0,0,0,0,0,0,0,0,0,0,0,0,-0.225,-37.15,"白霜らいふ",0.094,-16.442,"Kenomo",-22.482,-44.911,"vovopo 보보포",-15.258,-60.268,"あいくんだよー『아이 군』",19.728,-44.693,"shimenawa",9.59,-63.909,"甲斐野柊太",35.528,-85.318,"紅さかな",-1.781,-110.634,"Pizzallaris",-37.733,-85.901,0,0,0,0,0,"",0,0,0,0,0,0,0,0,0,0
124,6,1,3,1,0,1,1,0,0,0,255,255,255,8,5535.005,"あおいぬ",R,3,123,-1.203,-0.129,-0.008,1.705,-36.634,2,0,-282.537,122.851,8.413,0,0,1,6,1,R,"Espressο",190,90.463,0.2,3,46,5535.876,137,124,49,150,143,88,28.958,29.76,-0.28,-0.171,-0.101,0.291,0,0,0,-0.368,-37.134,"白霜らいふ",0.019,-16.547,"Kenomo",-22.545,-44.845,"vovopo 보보포",-19.097,-61.056,"あいくんだよー『아이 군』",19.822,-44.651,"shimenawa",14.765,-64.122,"甲斐野柊太",35.521,-88.776,"紅さかな",-1.751,-110.615,"Pizzallaris",-37.759,-85.958,5539.646,-33.835,-74.19,5540.263,-1,"썬써니_",-35.614,-77.568,0,0,0,0,0,0,0,1
125,6,1,3,1,0,0,2,0,0,0,255,255,255,9,5560.168,"あおいぬ",R,26,140,-0.005,-0.139,-0.05,1.61,-36.646,2,0,170.863,-200,15.948,0,0,1,7,5,R,"しろくま。",172,107,0.298,2,59,5561.027,255,119,13,155,146,85,23.784,-34.343,-0.47,-0.016,-0.064,0.299,0,0,0,-0.292,-37.133,"白霜らいふ",0.064,-16.624,"Kenomo",-22.568,-44.98,"vovopo 보보포",-19.335,-60.631,"あいくんだよー『아이 군』",20.492,-42.902,"shimenawa",14.249,-63.554,"甲斐野柊太",34.985,-83.084,"紅さかな",-3.151,-107.841,"Pizzallaris",-35.788,-81.983,5564.197,33.689,-63.524,5565.43,-1,"썬써니_",38.169,-71.872,1,0,0,0,0,0,0,2
126,6,1,3,1,0,0,2,1,0,0,5,255,255,10,5616.506,"あおいぬ",R,3,121,-2.16,-0.001,-0.045,1.779,-36.798,2,0,-396.044,238.315,6.506,0,0,1,8,3,R,"559：広告",174.8,107,0.225,3,59,5617.606,198,184,67,255,155,83,-30,34.67,0.97,-0.033,-0.122,0.325,0,0,0,-0.276,-37.547,"白霜らいふ",-0.043,-16.634,"Kenomo",-18.712,-39.461,"vovopo 보보포",-17.791,-61.214,"あいくんだよー『아이 군』",20.314,-44.719,"shimenawa",11.23,-62.364,"甲斐野柊太",33.796,-84.133,"紅さかな",-0.246,-109.678,"Pizzallaris",-37.491,-82.362,5617.863,-1.388,-21.159,5620.796,-1,"썬써니_",-17.5,-40.871,0,0,0,0,0,0,0,2
127,6,0,3,1,0,0,0,0,0,0,255,255,255,59,5708.945,"ゆっち一",R,26,136,-2.099,-0.25,-0.017,1.542,-36.272,1,0,-91.829,-200,4.32,0,0,0,0,3,L,"vovopo 보보포",160,90,0.6,0,59,0,0,0,0,0,0,0,0,0,0,0,0,0,0,0,0,-0.127,-37.071,"Espressο",-0.159,-17.063,"CAT tourniquet",-19.314,-47.058,"559：広告",-8.046,-65.182,"にゃんこ3K",24.271,-49.838,"しろくま。",13.833,-57.689,"mochi_2929",40.79,-85.663,"alcohol500",1.743,-102.393,"sano jpn",-32.687,-85.073,0,0,0,0,0,"",0,0,0,0,0,0,0,0,0,0
128,6,0,3,1,1,0,0,0,0,0,255,255,255,60,5724.897,"ゆっち一",R,26,140,0.026,1.129,0.016,1.59,-36.282,0,0,-49.234,-200,14.809,0,0,0,0,3,L,"vovopo 보보포",160,90,0.6,0,59,0,0,0,0,0,0,0,0,0,0,0,0,0,0,0,0,-0.037,-37.301,"Espressο",-0.054,-17.263,"CAT tourniquet",-19.65,-47.014,"559：広告",-7.62,-65.023,"にゃんこ3K",24.296,-49.722,"しろくま。",13.918,-57.723,"mochi_2929",40.791,-85.671,"alcohol500",2.079,-101.087,"sano jpn",-34.047,-84.826,0,0,0,0,0,"",0,0,0,0,0,0,0,0,0,0
129,6,0,3,1,1,1,0,0,0,0,255,255,255,61,5743.76,"ゆっち一",R,0,138,-0.938,0.439,0.29,1.702,-36.272,0,0,0,0,0,0,0,1,0,3,L,"vovopo 보보포",160,90,0.6,0,59,0,0,0,0,0,0,0,0,0,0,0,0,0,0,0,0,0.065,-37.183,"Espressο",-0.181,-17.311,"CAT tourniquet",-19.605,-46.998,"559：広告",-7.642,-65.011,"にゃんこ3K",24.331,-49.675,"しろくま。",13.816,-58.085,"mochi_2929",41.687,-85.2,"alcohol500",3.012,-101.516,"sano jpn",-33.527,-83.922,0,0,0,0,0,"",0,0,0,0,0,0,0,0,0,0
130,6,0,3,1,1,2,0,0,0,0,255,255,255,62,5761.636,"ゆっち一",R,0,140,-0.523,-0.192,-0.049,1.46,-36.23,0,0,0,0,0,0,0,0,0,3,L,"vovopo 보보포",160,90,0.6,0,59,0,0,0,0,0,0,0,0,0,0,0,0,0,0,0,0,0.065,-37.292,"Espressο",-0.087,-17.263,"CAT tourniquet",-19.685,-46.863,"559：広告",-8.874,-64.733,"にゃんこ3K",24.296,-49.853,"しろくま。",13.598,-56.392,"mochi_2929",41.519,-85.162,"alcohol500",3.611,-101.871,"sano jpn",-33.689,-83.882,0,0,0,0,0,"",0,0,0,0,0,0,0,0,0,0
131,6,0,3,1,0,0,1,0,0,0,255,255,255,63,5795.599,"ゆっち一",R,10,115,0.636,-1.983,0.09,1.996,-36.612,2,0,-2.967,400,3.895,0,0,1,1,8,R,"Pizzallaris",170.2,89.827,0.347,3,59,5796.724,188,166,73,207,155,103,-20.065,40.059,0.91,-0.071,-0.109,0.17,0,0,0,-0.061,-37.038,"Espressο",0.02,-17.14,"CAT tourniquet",-20.089,-46.592,"559：広告",-10.503,-64.639,"にゃんこ3K",23.425,-53.631,"しろくま。",8.577,-63.924,"mochi_2929",37.968,-83.778,"alcohol500",-2.038,-104.255,"sano jpn",-34.75,-82.514,5796.896,-0.473,-21.33,5805.546,-1,"썬써니_",-62.962,-82.594,0,0,0,0,0,0,0,2
132,6,0,3,1,0,0,1,0,1,0,255,17,255,64,5864.305,"ゆっち一",R,26,133,-0.555,0.346,0.103,1.638,-36.363,0,0,-47.42,-177.171,8.734,0,0,0,2,5,L,"shimenawa",174.7,100.341,0.2,0,59,0,0,0,0,0,0,0,0,0,0,0,0,0,0,0,0,-0.028,-37.643,"Espressο",-0.066,-17.368,"CAT tourniquet",-20.955,-46.922,"559：広告",-7.887,-63.354,"にゃんこ3K",21.427,-45.931,"しろくま。",7.01,-60.205,"mochi_2929",37.124,-82.796,"alcohol500",4.211,-103.672,"sano jpn",-36.059,-79.482,0,0,0,0,0,"",0,0,0,0,0,0,0,0,0,0
133,6,0,3,1,0,1,1,0,1,0,255,17,255,65,5883.187,"ゆっち一",R,26,139,-1.718,0.307,-0.167,1.488,-36.286,2,0,25.015,-197.729,11.932,0,0,1,2,5,L,"shimenawa",174.7,100.341,0.2,3,59,5884.242,117,58,23,81,127,75,4.134,-6.973,-0.46,0.015,-0.072,0.07,0,0,0,-0.173,-37.125,"Espressο",0.01,-17.33,"CAT tourniquet",-21.014,-46.993,"559：広告",-6.117,-63.924,"にゃんこ3K",20.744,-45.167,"しろくま。",11.204,-59.518,"mochi_2929",37.35,-82.861,"alcohol500",4.256,-103.096,"sano jpn",-32.267,-81.519,5885.413,3.188,-39.42,5885.963,-1,"썬써니_",3.098,-37.116,0,0,0,0,0,0,0,1
134,6,0,3,2,0,0,2,0,0,0,255,255,255,0,6081.609,"Espressο",R,26,140,1.115,1.058,0.305,1.814,-36.608,1,0,116.099,-200,-3.948,0,0,0,3,0,R,"あおいぬ",190,100,0.495,0,59,0,0,0,0,0,0,0,0,0,0,0,0,0,0,0,0,-0.004,-37.416,"ゆっち一",-0.044,-16.359,"CAT tourniquet",-20.099,-46.654,"559：広告",-11.244,-64.301,"にゃんこ3K",22.161,-51.431,"しろくま。",6.999,-62.087,"mochi_2929",36.216,-84.441,"alcohol500",-2.864,-102.975,"sano jpn",-52.858,-96.069,0,0,0,0,0,"",0,0,0,0,0,0,0,0,0,0
135,6,0,3,2,1,0,2,0,0,0,255,255,255,1,6098.559,"Espressο",R,13,123,-0.38,-1.256,0.364,1.476,-36.521,2,0,-351.211,355.881,-15.814,0,0,1,3,0,R,"あおいぬ",190,100,0.495,3,59,6099.61,190,149,52,202,155,100,51.85,43.551,0.95,-0.092,-0.02,0.315,0,0,0,-0.022,-37.084,"ゆっち一",-0.003,-16.405,"CAT tourniquet",-19.881,-46.535,"559：広告",-11.217,-64.276,"にゃんこ3K",22.159,-51.392,"しろくま。",7.224,-62.661,"mochi_2929",36.268,-84.51,"alcohol500",-2.227,-103.257,"sano jpn",-48.681,-98.973,6105.08,-55.871,-74.309,6107.296,-1,"썬써니_",-57.837,-78.463,0,0,0,0,0,0,0,2
136,6,0,3,2,1,1,2,0,0,0,255,255,255,2,6128.28,"Espressο",R,26,140,1.324,1.101,0.33,1.822,-36.599,2,0,96.902,-200,2.109,0,0,1,3,0,R,"あおいぬ",190,100,0.495,3,59,6129.3,120,104,18,156,140,130,105.142,-55.617,0.5,0.026,0.02,0.429,0,0,0,-0.136,-37.019,"ゆっち一",-0.02,-16.504,"CAT tourniquet",-20.229,-46.547,"559：広告",-12.915,-63.489,"にゃんこ3K",21.995,-51.761,"しろくま。",7.469,-63.391,"mochi_2929",36.478,-80.732,"alcohol500",-6.332,-101.003,"sano jpn",-43.252,-83.558,0,0,0,0,0,"",0,0,0,0,0,0,0,0,0,3
137,6,0,3,2,1,2,2,0,0,0,255,255,255,3,6149.939,"Espressο",R,26,140,0.098,0.352,0.198,1.751,-36.416,2,0,21.15,-162.051,0.366,0,0,1,3,0,R,"あおいぬ",190,100,0.495,3,59,6150.941,166,114,34,128,146,130,56.077,40.187,0.44,-0.016,0.012,0.373,0,0,0,-0.173,-36.895,"ゆっち一",-0.025,-16.613,"CAT tourniquet",-20.357,-46.557,"559：広告",-12.28,-64.534,"にゃんこ3K",22.437,-52.532,"しろくま。",8.161,-63.121,"mochi_2929",35.658,-84.988,"alcohol500",-7.015,-99.603,"sano jpn",-43.622,-84.854,0,0,0,0,0,"",0,0,0,0,0,0,0,0,0,1
138,7,1,3,2,0,0,0,0,0,0,255,255,255,11,6475.044,"あおいぬ",R,13,118,-2.39,-1.582,-0.079,1.585,-36.771,1,0,-354.506,352.599,8.6,0,0,0,0,6,R,"mochi_2929",169.9,94.434,0.477,0,51,0,0,0,0,0,0,0,0,0,0,0,0,0,0,0,0,-0.267,-37.38,"白霜らいふ",-0.33,-16.527,"P0TA0",-22.711,-46.473,"vovopo 보보포",-14.518,-62.243,"Kenomo",16.924,-41.177,"shimenawa",13.342,-64.384,"甲斐野柊太",39.99,-90.262,"紅さかな",-0.833,-115.276,"Pizzallaris",-36.564,-88.25,0,0,0,0,0,"",0,0,0,0,0,0,0,0,0,0
139,7,1,3,2,1,0,0,0,0,0,255,255,255,12,6496.577,"あおいぬ",R,13,117,-1.396,-0.218,0.011,1.789,-36.776,2,0,-355.301,351.797,6.016,0,0,1,0,6,R,"mochi_2929",169.9,94.434,0.477,3,51,6497.706,178,117,64,122,155,105,2.705,-30.924,0.9,0.076,-0.041,0.212,0,0,0,-0.129,-37.26,"白霜らいふ",-0.054,-16.722,"P0TA0",-22.718,-46.437,"vovopo 보보포",-19.329,-60.412,"Kenomo",16.813,-41.093,"shimenawa",14.616,-64.177,"甲斐野柊太",39.625,-90.299,"紅さかな",-0.809,-115.262,"Pizzallaris",-36.532,-88.295,6498.68,10.227,-40.293,6500.463,2,"P0TA0",16.346,-63.555,0,1,0,0,0,0,0,2
140,7,1,3,2,0,0,1,0,0,0,255,255,255,13,6530.267,"あおいぬ",R,13,106,-1.895,-0.854,-0.031,1.73,-36.762,4,0,-340.935,353.306,11.329,0,0,1,1,8,R,"sano jpn",170.2,96.636,0.323,0,59,0,0,0,0,0,0,0,0,0,0,0,0,0,0,0,0,-0.188,-37.265,"白霜らいふ",0.007,-16.429,"P0TA0",-22.772,-46.801,"vovopo 보보포",-14.235,-62.493,"Kenomo",18.099,-42.358,"shimenawa",14.501,-63.819,"甲斐野柊太",33.479,-82.038,"紅さかな",-9.06,-124.363,"Pizzallaris",-36.447,-87.763,0,0,0,0,0,"",0,0,0,0,0,0,0,0,0,0
141,7,1,3,2,0,1,1,0,0,0,255,255,255,14,6549.926,"あおいぬ",R,26,140,-2.565,-1.903,-0.291,1.334,-36.715,1,0,177.435,-200,15.508,0,0,0,1,8,R,"sano jpn",170.2,96.636,0.323,0,59,0,0,0,0,0,0,0,0,0,0,0,0,0,0,0,0,-0.214,-37.403,"白霜らいふ",-0.071,-16.542,"P0TA0",-22.916,-46.215,"vovopo 보보포",-16.741,-61.154,"Kenomo",18.411,-41.843,"shimenawa",11.897,-64.458,"甲斐野柊太",31.74,-81.331,"紅さかな",-9.037,-124.356,"Pizzallaris",-36.512,-87.482,0,0,0,0,0,"",0,0,0,0,0,0,0,0,0,0
142,7,1,3,2,1,1,1,0,0,0,255,255,255,15,6570.048,"あおいぬ",R,13,109,-2.557,-1.272,-0.138,1.639,-36.764,1,0,-328.938,373.905,9.563,-0.651,-17.656,0,1,8,R,"sano jpn",170.2,96.636,0.323,0,59,0,0,0,0,0,0,0,0,0,0,0,0,0,0,0,0,-0.326,-37.173,"白霜らいふ",-0.016,-16.549,"P0TA0",-22.781,-46.201,"vovopo 보보포",-16.824,-61.69,"Kenomo",20.236,-43.523,"shimenawa",13.631,-64.573,"甲斐野柊太",32.029,-81.285,"紅さかな",-8.303,-122.093,"Pizzallaris",-36.549,-87.56,0,0,0,0,0,"",0,0,0,0,0,0,0,0,0,0
143,7,1,3,2,2,1,1,0,0,0,255,255,255,16,6584.809,"あおいぬ",R,26,140,-0.722,-0.773,-0.121,1.512,-36.701,0,0,180.626,-200,12.999,0,0,0,1,8,R,"sano jpn",170.2,96.636,0.323,0,59,0,0,0,0,0,0,0,0,0,0,0,0,0,0,0,0,0.159,-37.319,"白霜らいふ",-0.002,-16.491,"P0TA0",-22.997,-46.447,"vovopo 보보포",-17.907,-60.758,"Kenomo",20.25,-43.539,"shimenawa",14.457,-64.047,"甲斐野柊太",32.05,-81.453,"紅さかな",-8.289,-122.079,"Pizzallaris",-36.428,-87.63,0,0,0,0,0,"",0,0,0,0,0,0,0,0,0,0
144,7,1,3,2,2,2,1,0,0,0,255,255,255,17,6604.412,"あおいぬ",R,4,110,0.232,1.06,0.19,1.927,-36.762,0,0,-242.111,0,8.339,0,0,0,1,8,R,"sano jpn",170.2,96.636,0.323,0,59,0,0,0,0,0,0,0,0,0,0,0,0,0,0,0,0,-0.071,-37.466,"白霜らいふ",-0.016,-16.512,"P0TA0",-23.394,-46.129,"vovopo 보보포",-16.282,-62.044,"Kenomo",20.264,-43.547,"shimenawa",10.604,-64.907,"甲斐野柊太",31.903,-81.443,"紅さかな",-8.28,-122.127,"Pizzallaris",-36.465,-87.642,0,0,0,0,0,"",0,0,0,0,0,0,0,0,0,0
145,7,1,3,2,0,0,2,0,0,0,255,255,255,18,6633.904,"あおいぬ",R,5,111,0.25,1.141,0.06,1.978,-36.903,1,0,-144.032,0,6.572,0,0,0,2,4,R,"にゃんこ3K",190,99.745,0.6,0,59,0,0,0,0,0,0,0,0,0,0,0,0,0,0,0,0,-0.268,-37.294,"白霜らいふ",-0.01,-16.463,"P0TA0",-23.109,-46.367,"vovopo 보보포",-16.721,-61.684,"Kenomo",18.507,-44.299,"shimenawa",13.097,-64.533,"甲斐野柊太",35.53,-86.49,"紅さかな",-1.625,-118.766,"Pizzallaris",-37.081,-87.752,0,0,0,0,0,"",0,0,0,0,0,0,0,0,0,0
146,7,1,3,2,1,0,2,0,0,0,255,255,255,19,6648.757,"あおいぬ",R,26,136,1.56,0.796,0.095,1.794,-36.737,1,0,149.98,-165.498,6.692,0,0,0,2,4,R,"にゃんこ3K",190,99.745,0.6,0,59,0,0,0,0,0,0,0,0,0,0,0,0,0,0,0,0,-0.055,-37.58,"白霜らいふ",0.061,-16.442,"P0TA0",-23.217,-46.286,"vovopo 보보포",-15.872,-61.13,"Kenomo",18.878,-44.252,"shimenawa",13.681,-64.31,"甲斐野柊太",35.513,-86.449,"紅さかな",-0.483,-119.036,"Pizzallaris",-37.165,-87.77,0,0,0,0,0,"",0,0,0,0,0,0,0,0,0,0
147,7,1,3,2,2,0,2,0,0,0,255,255,255,20,6668.011,"あおいぬ",R,13,98,0.531,-0.184,0.316,1.868,-36.746,2,0,-319.755,307.659,10.492,0,0,1,2,4,R,"にゃんこ3K",190,99.745,0.6,3,59,6669.236,165,118,53,171,148,96,-30,43.005,0,-0.029,-0.128,0.488,0,0,0,-0.024,-37.112,"白霜らいふ",0.082,-16.558,"P0TA0",-23.193,-46.279,"vovopo 보보포",-19.434,-60.889,"Kenomo",18.815,-44.235,"shimenawa",13.176,-64.296,"甲斐野柊太",35.48,-86.435,"紅さかな",-0.237,-119.004,"Pizzallaris",-37.263,-87.675,6669.447,-1.332,-22.074,6671.08,2,"P0TA0",-21.355,-43.436,0,0,0,0,0,0,0,2
148,7,0,3,2,0,0,0,0,0,0,255,255,255,4,6718.525,"Espressο",R,26,140,1.786,1.814,0.384,1.905,-36.657,1,0,59.784,-200,-7.678,0,0,0,4,6,R,"甲斐野柊太",175.2,86,0.2,0,34,0,0,0,0,0,0,0,0,0,0,0,0,0,0,0,0,0.188,-37.579,"ゆっち一",-0.037,-16.666,"CAT tourniquet",-19.651,-46.529,"559：広告",-10.803,-64.501,"にゃんこ3K",22.28,-53.06,"しろくま。",8.513,-64.141,"mochi_2929",38.514,-83.992,"alcohol500",-1.422,-101.884,"sano jpn",-37.411,-77.193,0,0,0,0,0,"",0,0,0,0,0,0,0,0,0,0
149,7,0,3,2,1,0,0,0,0,0,255,255,255,5,6731.822,"Espressο",R,13,125,-3.28,-2.069,0.067,1.445,-36.502,1,0,-369.46,336.897,-8.372,-1.097,-16.869,0,4,6,R,"甲斐野柊太",175.2,86,0.2,0,59,0,0,0,0,0,0,0,0,0,0,0,0,0,0,0,0,0.038,-37.311,"ゆっち一",-1.607,-16.822,"CAT tourniquet",-19.636,-46.527,"559：広告",-10.764,-64.415,"にゃんこ3K",22.086,-53.013,"しろくま。",8.676,-64.117,"mochi_2929",38.891,-84.457,"alcohol500",-1.33,-101.349,"sano jpn",-37.278,-77.281,0,0,0,0,0,"",0,0,0,0,0,0,0,0,0,0
150,7,0,3,2,2,0,0,0,0,0,255,255,255,6,6747.34,"Espressο",R,26,140,-0.159,-0.716,0.204,1.499,-36.469,0,0,58.317,-170.262,4.841,0,0,0,4,6,R,"甲斐野柊太",175.2,86,0.2,0,34,0,0,0,0,0,0,0,0,0,0,0,0,0,0,0,0,0.014,-37.323,"ゆっち一",-0.176,-16.636,"CAT tourniquet",-19.137,-46.054,"559：広告",-10.893,-64.758,"にゃんこ3K",22.101,-53.011,"しろくま。",8.525,-63.517,"mochi_2929",38.618,-84.737,"alcohol500",-0.374,-102.239,"sano jpn",-36.507,-78.479,0,0,0,0,0,"",0,0,0,0,0,0,0,0,0,0
151,7,0,3,2,2,1,0,0,0,0,255,255,255,7,6765.371,"Espressο",R,1,81,2.626,-1.723,0.144,1.605,-37.374,4,0,0,0,1.258,0.247,-20.46,1,4,6,R,"甲斐野柊太",175.2,86,0.2,0,59,0,0,0,0,0,0,0,0,0,0,0,0,0,0,0,0,0.217,-37.483,"ゆっち一",0.325,-17.747,"CAT tourniquet",-19.968,-45.818,"559：広告",-10.828,-64.682,"にゃんこ3K",22.14,-53.056,"しろくま。",8.244,-63.463,"mochi_2929",38.796,-85.026,"alcohol500",-0.588,-102.259,"sano jpn",-41.45,-86.147,0,0,0,0,0,"",0,0,0,0,0,0,0,0,0,0
152,7,0,3,2,2,2,0,0,0,0,255,255,255,8,6796.645,"Espressο",R,26,140,-0.239,0.022,0.191,1.615,-36.418,2,0,77.399,-189.365,1.688,0,0,1,4,6,R,"甲斐野柊太",175.2,86,0.2,3,34,6797.68,150,114,34,136,144,85,-41.58,-50.992,-0.47,-0.049,-0.124,0.36,0,0,0,-0.047,-37.019,"ゆっち一",0.017,-16.67,"CAT tourniquet",-20.09,-46.532,"559：広告",-11.367,-64.648,"にゃんこ3K",22.103,-52.937,"しろくま。",8.623,-63.46,"mochi_2929",39.761,-85.628,"alcohol500",-0.653,-103.024,"sano jpn",-38.798,-82.003,6797.93,1.092,-20.44,0,0,"",0,0,0,0,0,0,0,0,0,3
153,7,0,3,2,2,2,0,0,0,0,255,255,255,9,6818.608,"Espressο",R,10,120,-0.005,-2.728,0.204,1.858,-36.618,2,0,-0.551,400,-9.808,0.001,-20.517,1,4,6,R,"甲斐野柊太",175.2,86,0.2,3,34,6819.692,161,111,37,118,145,126,-30,-30.417,0.62,-0.075,-0.189,0.368,0,0,0,-0.101,-37.175,"ゆっち一",-0.045,-16.629,"CAT tourniquet",-20.003,-45.906,"559：広告",-12.357,-62.583,"にゃんこ3K",23.22,-51.503,"しろくま。",9.384,-63.838,"mochi_2929",40.981,-84.212,"alcohol500",-2.428,-104.172,"sano jpn",-39.948,-81.268,6819.863,0.368,-20.337,6821.497,4,"にゃんこ3K",18.078,-50.418,1,0,0,0,0,0,0,2
154,7,0,3,2,0,0,0,1,0,0,15,255,255,10,6919.062,"Espressο",R,26,140,2.129,0.829,0.403,1.741,-36.587,1,0,102.725,-196.53,-5.276,0.736,-16.733,0,5,7,R,"紅さかな",172.5,96.324,0.453,0,51,0,0,0,0,0,0,0,0,0,0,0,0,0,0,0,0,0.406,-37.536,"ゆっち一",0.011,-16.432,"CAT tourniquet",-19.884,-46.373,"559：広告",-10.202,-63.756,"にゃんこ3K",18.868,-47.166,"しろくま。",3.216,-62.9,"mochi_2929",36.259,-82.929,"alcohol500",-0.508,-102.788,"sano jpn",-34.676,-84.57,0,0,0,0,0,"",0,0,0,0,0,0,0,0,0,0
155,7,0,3,2,1,0,0,1,0,0,15,255,255,11,6936.398,"Espressο",R,13,129,-6.794,1.05,0.303,1.602,-36.486,2,0,-278.096,262.533,1.038,0,0,1,5,7,R,"紅さかな",172.5,96.324,0.453,3,51,6937.467,182,109,19,178,144,106,12.031,8.338,0.86,0.024,-0.021,0.148,0,0,0,-0.142,-37.13,"ゆっち一",-0.024,-16.734,"CAT tourniquet",-20.103,-46.478,"559：広告",-10.728,-63.252,"にゃんこ3K",18.832,-47.144,"しろくま。",5.363,-62.479,"mochi_2929",36.491,-83.701,"alcohol500",-0.499,-102.919,"sano jpn",-35.093,-84.438,0,0,0,6939.847,3,"559：広告",-7.371,-65.275,0,0,0,0,0,0,0,1
156,7,0,3,2,0,0,1,1,0,0,15,255,255,12,6980.371,"Espressο",R,14,113,1.093,-1.511,0.252,1.684,-36.568,2,0,310.38,392.001,2.711,0,0,1,6,1,R,"白霜らいふ",190,89.658,0.596,2,59,6981.495,210,198,56,255,155,99,5.339,1.818,-0.12,-0.103,-0.148,0.512,0,0,0,-0.058,-37.108,"ゆっち一",-0.004,-16.597,"CAT tourniquet",-19.962,-46.34,"559：広告",-11.498,-63.568,"にゃんこ3K",18.837,-47.184,"しろくま。",6.987,-64.16,"mochi_2929",37.45,-83.617,"alcohol500",-1.907,-99.996,"sano jpn",-40.281,-83.169,6982.78,-2.422,-50.77,6983.713,3,"559：広告",-4.496,-63.555,0,0,0,0,0,0,0,2
157,8,1,3,2,0,0,0,1,0,0,1,255,255,21,7129.509,"あおいぬ",R,26,133,-1.012,0.405,-0.141,1.708,-36.72,0,0,140.536,-200,11.099,0,0,0,4,2,L,"CAT tourniquet",190,90.041,0.631,0,59,0,0,0,0,0,0,0,0,0,0,0,0,0,0,0,0,0.297,-37.858,"白霜らいふ",0.005,-16.755,"P0TA0",-17.909,-40.044,"vovopo 보보포",-8.448,-65.052,"Kenomo",17.173,-44.302,"shimenawa",7.835,-61.321,"甲斐野柊太",36.663,-83.629,"紅さかな",0.817,-112.639,"Pizzallaris",-37.159,-83.948,0,0,0,0,0,"",0,0,0,0,0,0,0,0,0,0
158,8,1,3,2,0,1,0,1,0,0,1,255,255,22,7174.023,"あおいぬ",R,13,101,-1.468,-0.964,0.007,1.733,-36.783,1,0,-325.974,352.08,12.055,0,0,0,4,2,L,"CAT tourniquet",190,90.041,0.631,0,59,0,0,0,0,0,0,0,0,0,0,0,0,0,0,0,0,-0.023,-37.348,"白霜らいふ",0.001,-16.756,"P0TA0",-17.561,-39.725,"vovopo 보보포",-7.013,-63.556,"Kenomo",17.161,-44.628,"shimenawa",6.871,-60.202,"甲斐野柊太",35.689,-82.169,"紅さかな",0.947,-115.128,"Pizzallaris",-37.164,-84.04,0,0,0,0,0,"",0,0,0,0,0,0,0,0,0,0
159,8,1,3,2,1,1,0,1,0,0,1,255,255,23,7220.355,"あおいぬ",R,26,140,-1.612,-0.311,-0.192,1.575,-36.732,2,0,131.762,-192.382,6.658,0,0,1,4,2,L,"CAT tourniquet",190,90.041,0.631,3,59,7221.244,137,110,26,116,142,90,103.599,-52.996,-0.36,0.033,-0.132,0.433,0,0,0,-0.325,-37.216,"白霜らいふ",-0.066,-16.563,"P0TA0",-17.46,-40.193,"vovopo 보보포",-13.303,-64.671,"Kenomo",17.332,-43.978,"shimenawa",11.905,-63.254,"甲斐野柊太",36.127,-83.361,"紅さかな",0.279,-115.435,"Pizzallaris",-37.973,-83.073,7227.68,-33.85,-3.373,0,0,"",0,0,0,0,0,0,0,0,0,3
160,8,1,3,2,1,2,0,1,0,0,1,255,255,24,7250.811,"あおいぬ",R,27,127,2.905,1.177,0.229,1.877,-36.745,1,0,115.309,-120.12,4.663,0,0,0,4,2,L,"CAT tourniquet",190,90.041,0.631,0,59,0,0,0,0,0,0,0,0,0,0,0,0,0,0,0,0,0.416,-37.743,"白霜らいふ",0.223,-16.502,"P0TA0",-17.462,-40.347,"vovopo 보보포",-10.969,-64.217,"Kenomo",17.077,-44.59,"shimenawa",9.44,-61.011,"甲斐野柊太",37.366,-85.522,"紅さかな",-0.398,-110.295,"Pizzallaris",-38.441,-86.995,0,0,0,0,0,"",0,0,0,0,0,0,0,0,0,0
161,8,1,3,2,2,2,0,1,0,0,1,255,255,25,7268.344,"あおいぬ",R,26,133,1.963,0.576,0.128,1.748,-36.763,2,0,160.86,-170.927,8.515,0,0,1,4,2,L,"CAT tourniquet",190,90.041,0.631,3,59,7269.25,147,130,23,200,144,129,34.254,-25.92,0.58,0.111,-0.091,0.501,0,0,0,-0.16,-37.381,"白霜らいふ",0.137,-16.507,"P0TA0",-17.776,-39.968,"vovopo 보보포",-11.568,-65.295,"Kenomo",17.964,-46.802,"shimenawa",14.47,-63.99,"甲斐野柊太",37.32,-85.454,"紅さかな",0.275,-111.735,"Pizzallaris",-38.142,-87.425,7275.68,62.985,-123.389,0,0,"",0,0,0,0,0,0,0,0,0,4
162,8,1,5,2,0,0,0,0,0,0,255,255,255,26,7322.876,"あおいぬ",R,13,102,-0.033,0.521,0.274,2.007,-36.804,2,0,-383.691,272.083,10.093,0,0,1,5,7,L,"alcohol500",171.7,90.494,0.339,3,59,7324.058,156,141,18,227,146,125,-7.828,-12.19,0.61,-0.042,-0.036,0.457,0,0,0,-0.168,-37.154,"白霜らいふ",0.061,-16.363,"P0TA0",-22.736,-46.767,"vovopo 보보포",-11.946,-65.751,"Kenomo",16.724,-42.883,"shimenawa",14.728,-63.302,"甲斐野柊太",36.891,-86.563,"紅さかな",0.306,-110.446,"Pizzallaris",-37.575,-86.083,7324.38,1.383,-26.285,7325.93,5,"shimenawa",7.718,-60.662,0,0,0,0,0,0,0,2
163,8,1,5,2,0,0,1,0,0,0,255,255,255,27,7351.543,"あおいぬ",R,13,110,-2.434,-0.976,-0.106,1.627,-36.689,4,0,-362.43,344.449,10.262,0,0,1,6,0,R,"Espressο",190,90.463,0.2,0,59,0,0,0,0,0,0,0,0,0,0,0,0,0,0,0,0,-0.148,-37.582,"白霜らいふ",-0.058,-16.541,"P0TA0",-22.742,-46.544,"vovopo 보보포",-14.237,-61.243,"Kenomo",18.076,-42.887,"shimenawa",10.879,-63.546,"甲斐野柊太",37.826,-88.178,"紅さかな",-0.164,-111.572,"Pizzallaris",-37.831,-85.5,0,0,0,0,0,"",0,0,0,0,0,0,0,0,0,0
164,8,1,5,2,0,1,1,0,0,0,255,255,255,28,7368.52,"あおいぬ",R,13,106,-2.393,-1,-0.098,1.635,-36.684,4,0,-347.485,346.366,9.56,0,0,1,6,0,R,"Espressο",190,90.463,0.2,0,46,0,0,0,0,0,0,0,0,0,0,0,0,0,0,0,0,-0.238,-37.474,"白霜らいふ",-0.066,-16.534,"P0TA0",-23.125,-45.956,"vovopo 보보포",-14.166,-61.848,"Kenomo",18.134,-42.895,"shimenawa",14.117,-63.549,"甲斐野柊太",37.788,-88.199,"紅さかな",0.374,-111.88,"Pizzallaris",-37.81,-85.524,0,0,0,0,0,"",0,0,0,0,0,0,0,0,0,0
165,8,1,5,2,0,2,1,0,0,0,255,255,255,29,7388.139,"あおいぬ",R,13,114,-4.114,-1.711,-0.346,1.404,-36.817,2,0,-364.562,342.19,23.164,0,0,1,6,0,R,"Espressο",190,90.463,0.2,3,46,7389.115,184,85,52,100,144,89,-13.181,41.311,0.95,-0.132,-0.243,0.286,0,0,0,-0.465,-37.201,"白霜らいふ",-0.256,-16.563,"P0TA0",-23.083,-45.889,"vovopo 보보포",-19.415,-60.635,"Kenomo",17.816,-43.313,"shimenawa",14.1,-63.899,"甲斐野柊太",37.853,-88.15,"紅さかな",0.036,-111.922,"Pizzallaris",-37.871,-85.513,7389.28,-1.674,-20.98,7391.18,2,"P0TA0",-22.481,-44.99,0,0,0,0,0,0,0,2
166,8,1,5,2,0,0,2,0,0,0,255,255,255,30,7432.559,"あおいぬ",R,26,140,-0.654,-0.471,-0.106,1.555,-36.675,2,0,169.711,-192.299,13.711,0,0,1,7,5,R,"しろくま。",172,107,0.298,2,59,7433.397,243,131,29,195,155,88,-22.789,37.89,0.96,-0.023,-0.16,0.319,0,0,0,-0.156,-37.196,"白霜らいふ",0.087,-16.52,"P0TA0",-23.684,-46.985,"vovopo 보보포",-19.752,-60.259,"Kenomo",17.801,-43.793,"shimenawa",15.009,-63.264,"甲斐野柊太",35.538,-87.941,"紅さかな",1.037,-108.597,"Pizzallaris",-37.556,-87.321,7433.63,-1.536,-23.422,7437.797,8,"Pizzallaris",-37.969,-74.352,1,0,0,0,0,0,0,2
167,8,1,5,2,0,0,2,1,0,0,5,255,255,31,7471.151,"あおいぬ",R,5,107,2.02,1.658,0.277,2.065,-37.061,1,0,-80.691,0,1.009,0,0,0,8,3,R,"559：広告",174.8,107,0.225,0,59,0,0,0,0,0,0,0,0,0,0,0,0,0,0,0,0,0.063,-37.893,"白霜らいふ",-0.049,-16.529,"P0TA0",-18.436,-39.494,"vovopo 보보포",-17.772,-60.433,"Kenomo",17.99,-43.698,"shimenawa",6.703,-61.385,"甲斐野柊太",34.097,-83.669,"紅さかな",-0.468,-111.905,"Pizzallaris",-37.369,-86.24,0,0,0,0,0,"",0,0,0,0,0,0,0,0,0,0
168,8,1,5,2,1,0,2,1,0,0,5,255,255,32,7487.397,"あおいぬ",R,13,101,-2.036,-0.829,-0.061,1.682,-36.665,2,0,-342.534,332.909,13.803,0,0,1,8,3,R,"559：広告",174.8,107,0.225,3,59,7488.533,255,217,68,255,155,77,0.12,20.212,0.98,0.035,-0.121,0.421,0,0,0,-0.364,-37.158,"白霜らいふ",-0.081,-16.591,"P0TA0",-17.524,-40.232,"vovopo 보보포",-19.132,-58.613,"Kenomo",16.931,-43.884,"shimenawa",11.601,-62.757,"甲斐野柊太",33.608,-83.11,"紅さかな",0.045,-112.057,"Pizzallaris",-38.024,-86.459,7489.23,-4.304,-31.975,7491.013,3,"vovopo 보보포",-14.08,-52.61,0,0,0,0,0,0,0,2
169,8,0,5,2,0,0,0,0,0,0,255,255,255,13,7544.54,"Espressο",R,27,140,-0.401,-0.248,0.18,1.576,-36.452,2,0,66.134,-149.466,1.842,0,0,1,7,4,R,"Kenomo",190,92.022,0.469,2,59,7545.6,156,102,15,120,142,92,3.039,28.983,-0.01,0.012,-0.046,0.255,0,0,0,-0.238,-37.022,"ゆっち一",-0.034,-16.619,"CAT tourniquet",-19.648,-46.398,"559：広告",-12.086,-64.436,"にゃんこ3K",22.719,-52.783,"しろくま。",8.028,-63.653,"mochi_2929",38.201,-84.489,"alcohol500",0.827,-104.143,"sano jpn",-36.907,-85.148,7546.646,-11.324,-38.513,7547.48,2,"CAT tourniquet",-15.835,-45.527,0,0,0,0,0,0,0,2
170,8,0,5,2,0,0,1,0,0,0,255,255,255,14,7581.095,"Espressο",R,13,111,-0.981,-0.746,0.344,1.633,-36.524,0,0,-389.472,313.547,0.069,-0.422,-17.173,0,8,2,R,"P0TA0",190.9,100,0.384,0,59,0,0,0,0,0,0,0,0,0,0,0,0,0,0,0,0,-0.093,-37.316,"ゆっち一",-0.512,-17.015,"CAT tourniquet",-19.868,-46.316,"559：広告",-12.653,-64.336,"にゃんこ3K",22.229,-51.827,"しろくま。",10.287,-64.856,"mochi_2929",38.193,-83.984,"alcohol500",-1.896,-101.022,"sano jpn",-39.014,-84.562,0,0,0,0,0,"",0,0,0,0,0,0,0,0,0,0
171,8,0,5,2,0,1,1,0,0,0,255,255,255,15,7601.616,"Espressο",R,26,140,1.297,1.182,0.346,1.828,-36.593,2,0,35.6,-200,-9.591,0,0,1,8,2,R,"P0TA0",190.9,100,0.384,2,59,7602.351,102,77,15,117,132,82,43.454,-24.627,-0.51,-0.024,0.016,0.168,0,0,0,0.029,-37.068,"ゆっち一",-0.027,-16.369,"CAT tourniquet",-19.808,-46.779,"559：広告",-12.621,-64.254,"にゃんこ3K",22.204,-51.652,"しろくま。",10.327,-64.866,"mochi_2929",38.617,-84.276,"alcohol500",-1.07,-101.386,"sano jpn",-39.11,-84.346,7607.413,26.336,-73.277,7607.563,6,"mochi_2929",25.486,-71.539,0,0,0,0,0,0,0,1
172,8,0,5,2,0,0,2,0,0,0,255,255,255,16,7627.808,"Espressο",R,26,140,-1.248,0.494,0.102,1.666,-36.465,2,0,61.455,-200,-2.221,0,0,1,0,3,L,"vovopo 보보포",160,90,0.6,3,59,7628.86,153,165,12,255,146,80,31.16,5.313,-0.54,-0.1,-0.133,0.462,0,0,0,-0.144,-37.191,"ゆっち一",-0.133,-16.643,"CAT tourniquet",-19.183,-46.687,"559：広告",-8.073,-65.086,"にゃんこ3K",24.427,-49.52,"しろくま。",13.686,-57.254,"mochi_2929",37.648,-81.071,"alcohol500",5.038,-98.926,"sano jpn",-29.469,-84.686,7633.847,-11.55,-81.399,7634.08,8,"sano jpn",-11.28,-80.034,0,0,0,0,0,0,0,1
173,9,1,5,2,0,0,0,0,0,0,255,255,255,33,7680.066,"あおいぬ",R,13,107,-2.885,-2.426,-0.16,1.369,-36.746,4,0,-348.591,348.675,25.141,-0.59,-19.834,1,0,6,R,"mochi_2929",169.9,94.434,0.477,0,51,0,0,0,0,0,0,0,0,0,0,0,0,0,0,0,0,-0.303,-37.118,"白霜らいふ",-0.078,-16.529,"P0TA0",-23.042,-45.819,"vovopo 보보포",-17.554,-60.602,"Kenomo",20.415,-46.378,"shimenawa",13.668,-63.831,"甲斐野柊太",36.055,-86.094,"紅さかな",-0.539,-106.532,"Pizzallaris",-38.533,-84.873,0,0,0,0,0,"",0,0,0,0,0,0,0,0,0,0
174,9,1,5,2,0,1,0,0,0,0,255,255,255,34,7698.173,"あおいぬ",R,13,116,-3.111,-1.793,-0.217,1.477,-36.708,4,0,-359.713,347.285,17.763,0,0,1,0,6,R,"mochi_2929",169.9,94.434,0.477,0,51,0,0,0,0,0,0,0,0,0,0,0,0,0,0,0,0,-0.323,-37.105,"白霜らいふ",-0.061,-16.499,"P0TA0",-22.692,-46.398,"vovopo 보보포",-16.937,-59.774,"Kenomo",20.416,-46.339,"shimenawa",13.835,-63.407,"甲斐野柊太",36.192,-85.852,"紅さかな",-0.395,-109.288,"Pizzallaris",-38.601,-84.758,0,0,0,0,0,"",0,0,0,0,0,0,0,0,0,0
175,9,1,5,2,0,2,0,0,0,0,255,255,255,35,7715.1,"あおいぬ",R,26,136,-0.353,0.562,-0.076,1.717,-36.673,2,0,133.745,-200,12.389,0,0,1,0,6,R,"mochi_2929",169.9,94.434,0.477,3,51,7716.147,111,93,24,113,138,80,20.9,33.96,-0.42,-0.055,-0.063,0.218,0,0,0,-0.278,-37.099,"白霜らいふ",-0.009,-16.463,"P0TA0",-22.872,-46.433,"vovopo 보보포",-19.474,-59.951,"Kenomo",19.855,-46.405,"shimenawa",13.899,-63.625,"甲斐野柊太",36.088,-86.027,"紅さかな",-0.599,-109.329,"Pizzallaris",-38.56,-84.792,7719.963,-31.258,-68.445,7720.38,8,"Pizzallaris",-31.903,-69.483,1,0,0,0,0,0,0,2
176,9,1,5,2,0,0,0,1,0,0,6,255,255,36,7782.249,"あおいぬ",R,13,110,-2.992,-1.667,-0.175,1.518,-36.777,4,0,-370.45,335.808,15.908,-0.73,-18.462,1,1,8,R,"sano jpn",170.2,96.636,0.323,0,59,0,0,0,0,0,0,0,0,0,0,0,0,0,0,0,0,-0.217,-37.601,"白霜らいふ",-0.059,-16.486,"P0TA0",-17.912,-39.936,"vovopo 보보포",-14.623,-58.9,"Kenomo",18.448,-46.512,"shimenawa",6.397,-63.512,"甲斐野柊太",30.546,-78.966,"紅さかな",-14.274,-122.959,"Pizzallaris",-40.265,-88.128,0,0,0,0,0,"",0,0,0,0,0,0,0,0,0,0
177,9,1,5,2,0,1,0,1,0,0,6,255,255,37,7803.796,"あおいぬ",R,13,106,-3.046,-1.534,-0.183,1.567,-36.691,1,0,-351.886,341.548,24.275,0,0,0,1,8,R,"sano jpn",170.2,96.636,0.323,0,59,0,0,0,0,0,0,0,0,0,0,0,0,0,0,0,0,-0.251,-37.346,"白霜らいふ",-0.099,-16.82,"P0TA0",-18.771,-39.268,"vovopo 보보포",-14.007,-59.654,"Kenomo",18.014,-46.856,"shimenawa",1.461,-59.419,"甲斐野柊太",29.648,-79.507,"紅さかな",-13.753,-122.553,"Pizzallaris",-41.214,-89.023,0,0,0,0,0,"",0,0,0,0,0,0,0,0,0,0
178,9,1,5,2,1,1,0,1,0,0,6,255,255,38,7827.68,"あおいぬ",R,32,133,17.782,-2.803,0.044,1.777,-36.672,2,0,176.682,-145.184,4.679,0,0,1,1,8,R,"sano jpn",170.2,96.636,0.323,3,59,7828.739,125,84,26,126,140,81,-1.572,-3.205,-0.45,-0.024,0.031,0.02,0,0,0,-0.096,-37.39,"白霜らいふ",0.039,-16.408,"P0TA0",-17.549,-40.253,"vovopo 보보포",-18.246,-60.933,"Kenomo",18.941,-45.701,"shimenawa",13.447,-63.529,"甲斐野柊太",29.615,-79.4,"紅さかな",-14.268,-122.352,"Pizzallaris",-41.399,-89.676,7829.547,1.426,-33.674,7831.33,5,"shimenawa",5.165,-58.445,0,0,0,0,0,0,0,2
179,9,1,5,2,0,0,2,0,0,0,255,255,255,39,7862.924,"あおいぬ",R,13,106,-3.424,-1.939,-0.237,1.38,-36.808,1,0,-340.213,354.055,13.672,-0.735,-19.128,0,2,4,R,"にゃんこ3K",190,99.745,0.6,0,59,0,0,0,0,0,0,0,0,0,0,0,0,0,0,0,0,-0.298,-37.162,"白霜らいふ",-0.012,-16.608,"P0TA0",-22.829,-46.315,"vovopo 보보포",-16.068,-62.443,"Kenomo",17.832,-44.466,"shimenawa",12.646,-63.974,"甲斐野柊太",30.253,-80.052,"紅さかな",-0.211,-117.77,"Pizzallaris",-36.846,-85.637,0,0,0,0,0,"",0,0,0,0,0,0,0,0,0,0
180,9,1,5,2,1,0,2,0,0,0,255,255,255,40,7877.54,"あおいぬ",R,26,140,0.158,-0.098,-0.045,1.627,-36.637,2,0,137.319,-200,15.636,0,0,1,2,4,R,"にゃんこ3K",190,99.745,0.6,3,59,7878.613,137,82,48,86,142,86,21.146,16.373,-0.47,-0.078,-0.233,0.261,0,0,0,-0.268,-37.086,"白霜らいふ",0.055,-16.537,"P0TA0",-22.851,-46.286,"vovopo 보보포",-17.399,-62.437,"Kenomo",17.693,-44.362,"shimenawa",13.411,-64.473,"甲斐野柊太",30.162,-80.246,"紅さかな",0.014,-117.862,"Pizzallaris",-37.178,-85.519,0,0,0,7883.013,8,"Pizzallaris",-25.899,-80.471,0,0,0,0,0,0,0,1
181,9,0,5,2,0,0,0,0,0,0,255,255,255,17,7926.049,"Espressο",R,26,140,0.951,0.495,0.307,1.675,-36.531,2,0,61.681,-200,-0.28,0,0,1,1,8,R,"Pizzallaris",170.2,89.827,0.347,3,59,7927.063,99,89,11,109,132,77,44.035,-23.005,-0.45,-0.026,-0.002,0.343,0,0,0,-0.01,-36.994,"ゆっち一",-0.051,-16.729,"CAT tourniquet",-19.977,-46.382,"559：広告",-11.541,-63.897,"にゃんこ3K",22.27,-52.555,"しろくま。",7.452,-63.375,"mochi_2929",36.97,-87.629,"alcohol500",-1.888,-105.007,"sano jpn",-36.632,-84.64,0,0,0,7932.113,4,"にゃんこ3K",22.859,-65.813,0,2,0,0,0,0,0,1
182,9,0,5,2,0,0,1,0,0,0,255,255,255,18,7964.111,"Espressο",R,26,140,0.118,2.133,0.236,1.947,-36.668,1,0,39.684,-200,-1.689,0,0,0,2,5,L,"shimenawa",174.7,100.341,0.2,0,59,0,0,0,0,0,0,0,0,0,0,0,0,0,0,0,0,0.255,-37.5,"ゆっち一",-0.089,-16.616,"CAT tourniquet",-19.253,-46.386,"559：広告",-9.232,-65.429,"にゃんこ3K",23.117,-48.722,"しろくま。",13.898,-60.449,"mochi_2929",40.138,-88.767,"alcohol500",5.39,-102.18,"sano jpn",-32.292,-88.706,0,0,0,0,0,"",0,0,0,0,0,0,0,0,0,0
183,9,0,5,2,1,0,1,0,0,0,255,255,255,19,7978.183,"Espressο",R,10,119,-0.233,-2.734,0.216,1.926,-36.663,1,0,0,400,-23.457,-0.364,-17.086,0,2,5,L,"shimenawa",174.7,100.341,0.2,0,59,0,0,0,0,0,0,0,0,0,0,0,0,0,0,0,0,0.119,-37.543,"ゆっち一",-0.07,-16.972,"CAT tourniquet",-20.032,-46.778,"559：広告",-9.22,-65.417,"にゃんこ3K",23.077,-48.623,"しろくま。",14.298,-60.205,"mochi_2929",39.889,-88.851,"alcohol500",5.325,-101.571,"sano jpn",-32.379,-88.643,0,0,0,0,0,"",0,0,0,0,0,0,0,0,0,0
184,9,0,5,2,2,0,1,0,0,0,255,255,255,20,7995.984,"Espressο",R,26,140,-0.981,0.566,0.105,1.692,-36.54,2,0,134.644,-200,-4.105,0,0,1,2,5,L,"shimenawa",174.7,100.341,0.2,3,59,7997.04,105,31,0,54,56,56,31.414,-15.291,-0.05,-0.063,-0.081,0.115,0,0,0,-0.083,-37.115,"ゆっち一",-0.182,-16.737,"CAT tourniquet",-19.909,-46.184,"559：広告",-9.298,-65.31,"にゃんこ3K",23.081,-48.615,"しろくま。",14.415,-60.104,"mochi_2929",39.866,-88.86,"alcohol500",5.161,-102.903,"sano jpn",-32.243,-88.735,0,0,0,8000.763,5,"しろくま。",9.157,-53.604,0,0,0,0,0,0,0,1
185,9,0,5,2,0,0,2,0,0,0,255,255,255,21,8024.575,"Espressο",R,13,119,-1.456,-1.752,0.242,1.924,-36.7,4,0,-341.341,365.358,-19.958,-0.546,-17.582,1,3,0,R,"あおいぬ",190,100,0.495,0,59,0,0,0,0,0,0,0,0,0,0,0,0,0,0,0,0,0.016,-37.81,"ゆっち一",-0.499,-17.682,"CAT tourniquet",-19.869,-46.383,"559：広告",-12.197,-64.932,"にゃんこ3K",21.109,-53.129,"しろくま。",6.799,-65.223,"mochi_2929",37.741,-87.552,"alcohol500",-6.892,-103.571,"sano jpn",-56.558,-91.115,0,0,0,0,0,"",0,0,0,0,0,0,0,0,0,0
186,9,0,5,2,0,1,2,0,0,0,255,255,255,22,8038.847,"Espressο",R,26,140,0.003,0.419,0.176,1.731,-36.508,2,0,76.094,-200,-6.953,0,0,1,3,0,R,"あおいぬ",190,100,0.495,3,59,8039.862,179,118,22,170,146,130,57.5,43.426,0.44,-0.003,0.013,0.405,0,0,0,0.007,-37.145,"ゆっち一",-0.048,-16.538,"CAT tourniquet",-19.411,-46.308,"559：広告",-12.184,-64.866,"にゃんこ3K",21.068,-52.938,"しろくま。",6.487,-65.224,"mochi_2929",38.017,-87.345,"alcohol500",-6.748,-104.34,"sano jpn",-56.688,-91.217,8047.347,-79.97,-79.629,8047.48,8,"sano jpn",-78.806,-78.833,0,0,0,0,0,0,0,1
