id,inn,half,scoreA,scoreB,ball,strk,out,b1,b2,b3,b1Idx,b2Idx,b3Idx,pCnt,pSec,pName,pHand,pType,spdK,zoneX,zoneY,startX,startY,zDist,call,balk,sH,sV,gyro,plx,plz,bSwing,bIdx,bPos,bZone,bName,bHCm,batLen,batCen,batType,bFps,hSec,rotS,shS,lgS,impMv,batSpd,ev,ldeg,sdeg,hPos,hMoveX,hMoveY,stayCon,hitSpnX,hitSpnY,hitSpnZ,PPosX,PPosY,CName,CPosX,CPosY,1BName,1BPosX,1BPosY,2BName,2BPosX,2BPosY,3BName,3BPosX,3BPosY,SSName,SSPosX,SSPosY,LFName,LFPosX,LFPosY,CFName,CFPosX,CFPosY,RFName,RFPosX,RFPosY,ltSec,lx,lz,cSec,cPos,cPlr,cx,cz,1BSafe,tag,cpSec,sb2Sec,sb3Sec,sbhSec,ass,result
1,1,1,0,0,0,0,0,0,0,0,255,255,255,0,1907.648,"인생최패망자",R,26,139,-8.186,0.494,-0.181,1.695,-36.33,2,0,44.413,-200,28.766,0,0,1,0,6,L,"-Alta-",179.7,88,0.5,3,58,1908.482,104,65,13,129,127,78,6.379,-35.801,-0.27,0.054,-0.098,0.142,0,0,0,-0.252,-37.295,"Pring__",-0.07,-16.806,"Megu3568",-20.06,-46.775,"ʚEveɞ",-14.668,-63.946,"HANA_ARASHI",23.767,-47.818,"Yaksok~",13.845,-63.535,"IbikiKai_JP",42.004,-96.248,"Gonyong",0.248,-117.248,"SOM_candy",-39.366,-87.33,1909.626,15.103,-41.751,1910.293,4,"HANA_ARASHI",18.011,-46.458,0,0,0,0,0,0,0,2
2,1,1,0,0,0,0,1,0,0,0,255,255,255,1,1964.494,"인생최패망자",R,26,127,1.603,0.806,0.194,1.85,-36.506,2,0,-39.107,-198.749,21.303,0,0,1,1,1,R,"甲斐野柊太",190,86,0.2,3,34,1965.596,181,114,31,167,147,94,103.513,-76.412,-0.12,0.106,-0.063,0.337,0,0,0,-0.445,-37.146,"Pring__",0.101,-16.904,"Megu3568",-19.283,-45.316,"ʚEveɞ",-13.876,-64.461,"HANA_ARASHI",21.157,-46.746,"Yaksok~",11.785,-64.566,"IbikiKai_JP",41.699,-92.496,"Gonyong",-1.134,-111.703,"SOM_candy",-38.033,-86.934,0,0,0,0,0,"",0,0,0,0,0,0,0,0,0,3
3,1,1,0,0,0,1,1,0,0,0,255,255,255,2,1982.846,"인생최패망자",R,27,138,0.794,0.685,0.071,1.795,-36.331,2,0,8.503,-103.664,16.787,0,0,1,1,1,R,"甲斐野柊太",190,86,0.2,3,34,1983.897,162,152,40,234,149,122,29.022,30.385,0.18,0.162,-0.025,0.472,0,0,0,-0.304,-37.182,"Pring__",0.141,-16.897,"Megu3568",-20.891,-46.668,"ʚEveɞ",-14.228,-64.182,"HANA_ARASHI",22.919,-48.536,"Yaksok~",11.116,-64.082,"IbikiKai_JP",35.117,-97.877,"Gonyong",-0.738,-110.783,"SOM_candy",-36.273,-87.072,0,0,0,1983.91,1,"Pring__",0.147,-20.446,0,0,0,0,0,0,0,3
4,1,1,0,0,0,2,1,0,0,0,255,255,255,3,2005.755,"인생최패망자",R,13,89,-3.176,-1.817,-0.199,1.417,-36.43,2,0,-308.973,322.754,8.586,0,0,1,1,1,R,"甲斐野柊太",190,86,0.2,3,34,2007.004,172,164,103,187,154,87,-30,43.4,0.97,-0.128,-0.185,0.313,0,0,0,-0.135,-37.683,"Pring__",-0.294,-17.084,"Megu3568",-20.462,-45.754,"ʚEveɞ",-14.161,-64.09,"HANA_ARASHI",23.409,-48.233,"Yaksok~",11.433,-64.326,"IbikiKai_JP",33.915,-95.076,"Gonyong",-0.76,-113.241,"SOM_candy",-39.141,-87.843,2006.81,-1.07,-21.314,2008.51,2,"Megu3568",-19.999,-41.324,0,0,0,0,0,0,0,2
5,1,1,0,0,0,0,2,0,0,0,255,255,255,4,2080.009,"인생최패망자",R,26,140,-0.166,1.059,-0.002,1.813,-36.326,2,0,-44.305,-156.875,58.236,0,0,1,2,5,R,"Pizzallaris",170.1,89.827,0.347,3,56,2081.085,153,100,0,132,141,82,42.573,45.205,-0.39,-0.024,-0.017,0.354,0,0,0,-0.552,-36.982,"Pring__",0.108,-16.89,"Megu3568",-20.047,-45.809,"ʚEveɞ",-14.162,-64.273,"HANA_ARASHI",23.249,-48.215,"Yaksok~",11.659,-64.235,"IbikiKai_JP",34.867,-90.756,"Gonyong",0.069,-107.508,"SOM_candy",-38.628,-85.451,2085.51,-48.506,-60.027,0,0,"",0,0,0,0,0,0,0,0,0,3
6,1,1,0,0,0,1,2,0,0,0,255,255,255,5,2102.948,"인생최패망자",R,26,136,1.334,0.952,0.098,1.789,-36.374,2,0,85.034,-175.916,28.885,0,0,1,2,5,R,"Pizzallaris",170.1,89.827,0.347,3,56,2104.079,144,77,0,94,134,79,111.644,-64.504,-0.11,-0.047,-0.017,0.29,0,0,0,0.099,-37.309,"Pring__",0.189,-16.837,"Megu3568",-20.305,-45.904,"ʚEveɞ",-15.456,-62.934,"HANA_ARASHI",23.55,-48.709,"Yaksok~",10.724,-64.358,"IbikiKai_JP",37.854,-85.167,"Gonyong",-0.836,-102.054,"SOM_candy",-38.607,-85.372,0,0,0,0,0,"",0,0,0,0,0,0,0,0,0,3
7,1,1,0,0,0,2,2,0,0,0,255,255,255,6,2120.668,"인생최패망자",R,14,96,3.508,-2.407,0.142,1.533,-36.451,4,0,340.743,312.348,-0.838,0.379,-18.933,1,2,5,R,"Pizzallaris",170.1,89.827,0.347,0,56,0,0,0,0,0,0,0,0,0,0,0,0,0,0,0,0,0.132,-37.862,"Pring__",0.175,-17.753,"Megu3568",-21.165,-44.501,"ʚEveɞ",-15.902,-63.3,"HANA_ARASHI",23.69,-47.754,"Yaksok~",8.225,-62.983,"IbikiKai_JP",38.083,-84.18,"Gonyong",-0.037,-101.313,"SOM_candy",-39.226,-86.344,0,0,0,0,0,"",0,0,0,0,0,0,0,0,0,0
8,1,0,0,0,0,0,0,0,0,0,255,255,255,0,2398.487,"白霜らいふ",R,29,138,0.448,0.493,-0.072,1.589,-36.472,0,0,-250,-195.451,83.71,0,0,0,0,5,R,"Yaksok~",173.1,86,0.303,0,58,0,0,0,0,0,0,0,0,0,0,0,0,0,0,0,0,-0.24,-37.667,"甲斐野柊太",0.045,-16.637,"あおいぬ",-18.077,-43.523,"あいくんだよー『아이 군』",-10.393,-62.7,"P0TA0",21.812,-47.417,"Pizzallaris",13.518,-63.98,"-Alta-",37.885,-88.191,"紅さかな",0.24,-112.772,"わかなで",-39.293,-90.772,0,0,0,0,0,"",0,0,0,0,0,0,0,0,0,0
9,1,0,0,0,0,1,0,0,0,0,255,255,255,1,2413.404,"白霜らいふ",R,14,109,1.992,-0.991,-0.038,1.752,-36.491,4,0,362.862,340.447,44.978,0.689,-17.793,1,0,5,R,"Yaksok~",173.1,86,0.303,0,58,0,0,0,0,0,0,0,0,0,0,0,0,0,0,0,0,-0.208,-37.861,"甲斐野柊太",1.006,-16.331,"あおいぬ",-17.946,-43.518,"あいくんだよー『아이 군』",-11.029,-64.282,"P0TA0",22.34,-47.516,"Pizzallaris",13.506,-63.973,"-Alta-",37.89,-88.183,"紅さかな",0.123,-112.816,"わかなで",-39.602,-87.75,0,0,0,0,0,"",0,0,0,0,0,0,0,0,0,0
10,1,0,0,0,0,2,0,0,0,0,255,255,255,2,2431.911,"白霜らいふ",R,10,111,1.032,-0.584,0.074,1.459,-36.493,0,0,52.456,400,76.515,0,0,1,0,5,R,"Yaksok~",173.1,86,0.303,0,58,0,0,0,0,0,0,0,0,0,0,0,0,0,0,0,0,0.028,-37.396,"甲斐野柊太",0.104,-17.725,"あおいぬ",-19.656,-41.252,"あいくんだよー『아이 군』",-11.489,-63.793,"P0TA0",23.031,-48.592,"Pizzallaris",13.516,-63.993,"-Alta-",37.887,-88.191,"紅さかな",0.194,-112.878,"わかなで",-35.73,-83.748,0,0,0,0,0,"",0,0,0,0,0,0,0,0,0,0
11,1,0,0,0,0,0,1,0,0,0,255,255,255,3,2465.453,"白霜らいふ",R,30,136,1.409,0.961,0.049,1.561,-36.412,0,0,-115.512,-44.199,48.154,0.426,-17.666,0,1,2,R,"Megu3568",174.7,86,0.404,0,58,0,0,0,0,0,0,0,0,0,0,0,0,0,0,0,0,-0.035,-37.742,"甲斐野柊太",0.012,-16.927,"あおいぬ",-18.399,-44.279,"あいくんだよー『아이 군』",-13.118,-62.57,"P0TA0",23.147,-48.275,"Pizzallaris",13.528,-64.017,"-Alta-",37.888,-88.191,"紅さかな",0.169,-114.283,"わかなで",-38.654,-87.019,0,0,0,0,0,"",0,0,0,0,0,0,0,0,0,0
12,1,0,0,0,0,1,1,0,0,0,255,255,255,4,2482.732,"白霜らいふ",R,3,114,-2.063,-0.84,0.422,1.577,-36.696,1,0,-262.572,0,-15.812,0,0,0,1,2,R,"Megu3568",174.7,86,0.404,0,58,0,0,0,0,0,0,0,0,0,0,0,0,0,0,0,0,0.008,-37.617,"甲斐野柊太",-0.742,-16.956,"あおいぬ",-19.923,-42.969,"あいくんだよー『아이 군』",-13.045,-62.425,"P0TA0",23.27,-48.262,"Pizzallaris",13.785,-64.324,"-Alta-",37.895,-88.191,"紅さかな",0.127,-114.266,"わかなで",-38.296,-87.154,0,0,0,0,0,"",0,0,0,0,0,0,0,0,0,0
13,1,0,0,0,0,2,1,0,0,0,255,255,255,5,2498.711,"白霜らいふ",R,29,140,0.712,1.753,0.032,1.395,-36.425,1,0,-250,-82.513,104.087,0.071,-17.237,0,1,2,R,"Megu3568",174.7,86,0.404,0,58,0,0,0,0,0,0,0,0,0,0,0,0,0,0,0,0,-0.237,-37.5,"甲斐野柊太",-0.233,-16.904,"あおいぬ",-18.713,-44.119,"あいくんだよー『아이 군』",-13.597,-62.35,"P0TA0",23.672,-48.675,"Pizzallaris",13.765,-64.323,"-Alta-",37.897,-88.191,"紅さかな",0.125,-114.234,"わかなで",-38.948,-85.887,0,0,0,0,0,"",0,0,0,0,0,0,0,0,0,0
14,1,0,0,0,1,2,1,0,0,0,255,255,255,6,2514.253,"白霜らいふ",R,14,106,1.125,-0.19,-0.107,1.643,-36.597,2,0,339.628,354.66,37.83,0,0,1,1,2,R,"Megu3568",174.7,86,0.404,3,58,2515.536,180,96,25,131,143,127,-30,-31.044,0.44,-0.001,-0.044,0.222,0,0,0,0.037,-37.263,"甲斐野柊太",-0.096,-17.025,"あおいぬ",-18.303,-44.095,"あいくんだよー『아이 군』",-13.6,-62.333,"P0TA0",23.26,-49.001,"Pizzallaris",13.76,-64.334,"-Alta-",37.953,-88.15,"紅さかな",0.129,-114.217,"わかなで",-38.936,-86.328,2513.427,0.947,-20.189,2516.41,6,"-Alta-",34.741,-77.412,1,0,0,0,0,0,0,2
15,1,0,0,0,0,0,1,1,0,0,11,255,255,7,2571.453,"白霜らいふ",R,6,124,1.54,-0.039,-0.055,1.651,-36.573,2,0,452.719,0,59.24,0,0,1,2,7,R,"Gonyong",174.7,105.148,0.2,3,58,2572.375,117,109,66,129,142,86,54.981,-44.377,-0.06,-0.057,-0.041,0.202,0,0,0,0.267,-37.107,"甲斐野柊太",-0.041,-16.526,"あおいぬ",-17.534,-44.268,"あいくんだよー『아이 군』",-13.011,-63.414,"P0TA0",22.802,-47.373,"Pizzallaris",12.907,-63.37,"-Alta-",39.721,-88.326,"紅さかな",-0.065,-114.228,"わかなで",-41.302,-80.094,2575.427,40.719,-66.741,2575.677,6,"-Alta-",40.36,-66.324,1,0,0,0,0,0,0,2
16,1,0,0,0,0,0,1,1,1,0,16,11,255,8,2603.907,"白霜らいふ",R,14,102,1.975,-1.433,0.045,1.795,-36.731,4,0,295.303,385.462,12.337,0.507,-18.34,1,3,1,L,"Pring__",180.3,94.883,0.396,0,58,0,0,0,0,0,0,0,0,0,0,0,0,0,0,0,0,-0.013,-37.565,"甲斐野柊太",1.087,-17.999,"あおいぬ",-18.134,-43.138,"あいくんだよー『아이 군』",-2.405,-60.056,"P0TA0",19.48,-40.607,"Pizzallaris",17.101,-60.319,"-Alta-",36.858,-82.927,"紅さかな",3.658,-114.156,"わかなで",-37.953,-82.618,0,0,0,0,0,"",0,0,0,0,0,0,0,0,0,0
17,1,0,0,0,0,1,1,1,0,1,16,255,11,9,2650.4,"白霜らいふ",R,29,140,-1.032,0.598,-0.131,1.624,-36.514,2,0,-250,-95.945,77.534,0,0,1,3,1,L,"Pring__",180.3,94.883,0.396,3,58,2651.162,141,101,21,159,142,104,96.236,71.333,0.09,-0.043,-0.053,0.185,0,0,0,0.025,-37.169,"甲斐野柊太",0.072,-16.827,"あおいぬ",-18.444,-43.002,"あいくんだよー『아이 군』",-11.725,-63.509,"P0TA0",19.28,-41.889,"Pizzallaris",15.537,-62.441,"-Alta-",38.222,-89.888,"紅さかな",1.737,-111.77,"わかなで",-39.384,-80.593,2656.293,33.953,-10.398,0,0,"",0,0,0,0,0,0,0,0,0,3
18,1,0,0,0,0,2,1,1,0,1,16,255,11,10,2677.784,"白霜らいふ",R,14,113,-0.544,-0.734,0.023,1.427,-36.45,2,0,376.34,329.193,103.1,0,0,1,3,1,L,"Pring__",180.3,94.883,0.396,3,85,2678.59,188,191,75,222,155,128,27.778,-27.606,0.59,0.097,-0.116,0.296,0,0,0,0.443,-37.237,"甲斐野柊太",0.066,-16.896,"あおいぬ",-16.826,-43.342,"あいくんだよー『아이 군』",-11.912,-63.023,"P0TA0",19.57,-42.883,"Pizzallaris",15.124,-60.673,"-Alta-",37.367,-89.373,"紅さかな",0.701,-112.958,"わかなで",-38.939,-81.732,2681.31,67.033,-108.188,0,0,"",0,0,0,0,0,0,0,0,0,4
19,1,0,0,3,0,0,1,0,0,0,255,255,255,11,2718.837,"白霜らいふ",R,3,97,0.608,0.355,0.222,1.956,-37.055,0,0,-253.979,0,-13.991,0,0,1,4,0,R,"인생최패망자",190,107,0.447,0,58,0,0,0,0,0,0,0,0,0,0,0,0,0,0,0,0,-0.006,-37.565,"甲斐野柊太",-0.295,-16.51,"あおいぬ",-17.782,-43.249,"あいくんだよー『아이 군』",-11.183,-63.417,"P0TA0",22.552,-47.436,"Pizzallaris",15.599,-60.887,"-Alta-",40.389,-91.747,"紅さかな",-0.524,-115.933,"わかなで",-39.17,-86.296,0,0,0,0,0,"",0,0,0,0,0,0,0,0,0,0
20,1,0,0,3,0,1,1,0,0,0,255,255,255,12,2733.683,"白霜らいふ",R,32,128,1.184,0.354,0.151,1.734,-36.626,2,0,250,-96.865,-64.885,0,0,1,4,0,R,"인생최패망자",190,107,0.447,3,58,2734.745,232,152,50,179,155,100,55.482,-27.865,0.95,-0.042,-0.09,0.295,0,0,0,-0.159,-37.223,"甲斐野柊太",-0.037,-16.519,"あおいぬ",-17.373,-43.258,"あいくんだよー『아이 군』",-11.502,-63.78,"P0TA0",22.646,-47.214,"Pizzallaris",15.648,-60.835,"-Alta-",40.381,-91.74,"紅さかな",-0.435,-115.95,"わかなで",-41.236,-85.584,2738.927,23.758,-81.343,2739.06,6,"-Alta-",23.295,-80.089,0,0,0,0,0,0,0,1
21,1,0,0,3,0,0,2,0,0,0,255,255,255,13,2765.256,"白霜らいふ",R,29,137,-1.85,0.795,-0.304,1.718,-36.385,1,0,-181.667,-20.72,20.461,0,0,0,5,8,L,"SOM_candy",180.2,103.048,0.65,0,58,0,0,0,0,0,0,0,0,0,0,0,0,0,0,0,0,-0.007,-37.484,"甲斐野柊太",-0.144,-16.756,"あおいぬ",-17.638,-43.3,"あいくんだよー『아이 군』",-9.657,-65.059,"P0TA0",23.235,-46.394,"Pizzallaris",14.411,-60.638,"-Alta-",39.089,-88.962,"紅さかな",0.954,-110.254,"わかなで",-34.448,-81.243,0,0,0,0,0,"",0,0,0,0,0,0,0,0,0,0
22,1,0,0,3,1,0,2,0,0,0,255,255,255,14,2782.253,"白霜らいふ",R,14,108,2.218,-1.244,-0.084,1.603,-36.547,1,0,382.006,314.033,77.722,1.15,-16.901,0,5,8,L,"SOM_candy",180.2,103.048,0.65,0,58,0,0,0,0,0,0,0,0,0,0,0,0,0,0,0,0,0.02,-37.835,"甲斐野柊太",0.179,-16.823,"あおいぬ",-17.665,-43.354,"あいくんだよー『아이 군』",-12.252,-64.629,"P0TA0",23.231,-46.447,"Pizzallaris",14.539,-60.98,"-Alta-",38.927,-89.662,"紅さかな",-0.235,-110.775,"わかなで",-36.258,-81.598,0,0,0,0,0,"",0,0,0,0,0,0,0,0,0,0
23,1,0,0,3,2,0,2,0,0,0,255,255,255,15,2797.161,"白霜らいふ",R,27,120,0.395,1.292,0.174,1.924,-36.954,1,0,66.244,-103.425,-2.149,0,0,0,5,8,L,"SOM_candy",180.2,103.048,0.65,0,58,0,0,0,0,0,0,0,0,0,0,0,0,0,0,0,0,-0.077,-37.231,"甲斐野柊太",-0.183,-16.473,"あおいぬ",-17.386,-43.565,"あいくんだよー『아이 군』",-12.248,-64.633,"P0TA0",23.242,-46.437,"Pizzallaris",14.529,-61.004,"-Alta-",38.924,-89.651,"紅さかな",-0.333,-111.864,"わかなで",-36.313,-81.628,0,0,0,0,0,"",0,0,0,0,0,0,0,0,0,0
24,1,0,0,3,3,0,2,0,0,0,255,255,255,16,2809.834,"白霜らいふ",R,6,109,0.697,0.52,-0.171,1.603,-36.417,0,0,479.41,0,60.737,1.068,-18.06,0,5,8,L,"SOM_candy",180.2,103.048,0.65,0,58,0,0,0,0,0,0,0,0,0,0,0,0,0,0,0,0,-0.312,-37.584,"甲斐野柊太",0.737,-17.422,"あおいぬ",-17.781,-42.258,"あいくんだよー『아이 군』",-12.537,-66.015,"P0TA0",20.399,-44.29,"Pizzallaris",15.305,-62.605,"-Alta-",38.925,-89.646,"紅さかな",-0.341,-111.858,"わかなで",-35.533,-83.625,0,0,0,0,0,"",0,0,0,0,0,0,0,0,0,0
25,1,0,0,3,3,1,2,0,0,0,255,255,255,17,2824.364,"白霜らいふ",R,40,99,-0.292,1.339,0.018,2.041,-37.047,1,0,-40.337,-105.863,-1.686,0,0,0,5,8,L,"SOM_candy",180.2,103.048,0.65,0,58,0,0,0,0,0,0,0,0,0,0,0,0,0,0,0,0,-0.042,-37.258,"甲斐野柊太",-0.027,-16.744,"あおいぬ",-17.124,-42.8,"あいくんだよー『아이 군』",-10.025,-64.013,"P0TA0",18.869,-42.628,"Pizzallaris",15.45,-62.573,"-Alta-",38.929,-89.67,"紅さかな",-0.341,-111.871,"わかなで",-37.271,-83.298,0,0,0,0,0,"",0,0,0,0,0,0,0,0,0,5
26,1,0,0,3,0,0,2,1,0,0,17,255,255,18,2845.895,"白霜らいふ",R,27,136,0.093,-0.67,0.077,1.733,-36.501,2,0,-46.214,-142.1,17.843,0,0,1,6,4,R,"HANA_ARASHI",190,86,0.25,3,58,2846.806,167,66,5,125,129,81,-3.971,-25.622,-0.5,-0.063,-0.128,0.054,0,0,0,0.31,-37.076,"甲斐野柊太",0.025,-16.465,"あおいぬ",-17.889,-41.91,"あいくんだよー『아이 군』",-10.141,-63.702,"P0TA0",22.614,-46.076,"Pizzallaris",13.198,-64.187,"-Alta-",39.255,-90.195,"紅さかな",-0.636,-112.501,"わかなで",-39.89,-81.014,2845.11,3.822,-28.2,2847.343,5,"Pizzallaris",18.759,-56.157,0,0,0,0,0,0,0,2
27,2,1,0,3,0,0,0,0,0,0,255,255,255,7,2906.647,"인생최패망자",R,27,132,1.072,0.302,0.065,1.761,-36.35,2,0,5.124,-106.133,8.814,0,0,1,3,2,R,"あおいぬ",190,107,0.665,3,58,2907.699,249,123,28,175,154,96,57.879,33.935,-0.45,-0.058,0.014,0.37,0,0,0,-0.295,-37.137,"Pring__",0.138,-16.738,"Megu3568",-20.299,-46.49,"ʚEveɞ",-14.929,-63.521,"HANA_ARASHI",24.306,-49.576,"Yaksok~",10.389,-64.732,"IbikiKai_JP",28.976,-98.477,"Gonyong",-5.958,-102.877,"SOM_candy",-38.273,-86.396,2911.61,-42.053,-65.03,2911.843,8,"SOM_candy",-41.215,-64.178,0,0,0,0,0,0,0,1
28,2,1,0,3,0,0,1,0,0,0,255,255,255,8,2946.925,"인생최패망자",R,27,127,1.76,0.504,0.156,1.75,-36.417,1,0,21.414,-128.744,7.826,0,0,0,4,4,R,"P0TA0",190,100,0.443,0,23,0,0,0,0,0,0,0,0,0,0,0,0,0,0,0,0,0.056,-37.727,"Pring__",0.118,-16.725,"Megu3568",-20.477,-46.372,"ʚEveɞ",-15.002,-63.696,"HANA_ARASHI",24.8,-49.174,"Yaksok~",10.873,-64.316,"IbikiKai_JP",29.609,-96.866,"Gonyong",-6.667,-116.337,"SOM_candy",-38.157,-83.519,0,0,0,0,0,"",0,0,0,0,0,0,0,0,0,0
29,2,1,0,3,1,0,1,0,0,0,255,255,255,9,2966.039,"인생최패망자",R,26,128,1.521,1.031,0.143,1.843,-36.41,1,0,-3.884,-160.367,25.15,0,0,0,4,4,R,"P0TA0",190,100,0.443,0,23,0,0,0,0,0,0,0,0,0,0,0,0,0,0,0,0,0.255,-37.416,"Pring__",0.211,-16.675,"Megu3568",-20.546,-46.4,"ʚEveɞ",-14.981,-63.721,"HANA_ARASHI",24.623,-48.119,"Yaksok~",10.874,-64.318,"IbikiKai_JP",29.66,-96.903,"Gonyong",-6.637,-116.35,"SOM_candy",-37.691,-83.128,0,0,0,0,0,"",0,0,0,0,0,0,0,0,0,0
30,2,1,0,3,2,0,1,0,0,0,255,255,255,10,2982.126,"인생최패망자",R,26,128,1.988,0.808,0.203,1.853,-36.536,1,0,65.805,-162.659,21.041,0,0,0,4,4,R,"P0TA0",190,100,0.443,0,23,0,0,0,0,0,0,0,0,0,0,0,0,0,0,0,0,0.148,-37.444,"Pring__",0.199,-16.787,"Megu3568",-20.552,-46.454,"ʚEveɞ",-14.894,-63.824,"HANA_ARASHI",24.667,-48.59,"Yaksok~",10.865,-64.309,"IbikiKai_JP",29.647,-96.91,"Gonyong",-6.632,-116.313,"SOM_candy",-38.041,-83.246,0,0,0,0,0,"",0,0,0,0,0,0,0,0,0,0
31,2,1,0,3,3,0,1,0,0,0,255,255,255,11,2999.196,"인생최패망자",R,0,0,0,0,0,0,0,0,0,0,0,0,0,0,0,4,4,R,"P0TA0",190,100,0.443,0,23,0,0,0,0,0,0,0,0,0,0,0,0,0,0,0,0,0,0,"",0,0,"",0,0,"",0,0,"",0,0,"",0,0,"",0,0,"",0,0,"",0,0,0,0,0,0,0,"",0,0,0,0,0,0,0,0,0,0
32,2,1,0,3,0,0,1,1,0,0,4,255,255,12,3057.218,"인생최패망자",R,28,140,1.215,0.937,0.102,1.819,-36.473,0,0,35.196,-73.915,18.6,0,0,0,5,7,R,"紅さかな",172.5,96.324,0.453,0,58,0,0,0,0,0,0,0,0,0,0,0,0,0,0,0,0,0.013,-37.772,"Pring__",0.059,-16.774,"Megu3568",-19.089,-43.085,"ʚEveɞ",-14.98,-63.684,"HANA_ARASHI",24.757,-50.171,"Yaksok~",5.523,-61.972,"IbikiKai_JP",31.127,-98.385,"Gonyong",-4.229,-119.734,"SOM_candy",-40.09,-85.7,0,0,0,0,0,"",0,0,0,0,0,0,0,0,0,0
33,2,1,0,3,0,1,1,1,0,0,4,255,255,13,3073.606,"인생최패망자",R,26,125,1.551,0.99,0.117,1.787,-36.46,2,0,78.577,-200,12.478,0,0,1,5,7,R,"紅さかな",172.5,96.324,0.453,3,58,3074.711,192,103,16,153,143,105,98.918,-72.6,0.11,0.025,-0.028,0.039,0,0,0,0.056,-36.863,"Pring__",0.149,-16.787,"Megu3568",-19.189,-44.555,"ʚEveɞ",-14.931,-63.613,"HANA_ARASHI",24.604,-50.08,"Yaksok~",10.249,-62.763,"IbikiKai_JP",31.287,-97.874,"Gonyong",-4.218,-119.68,"SOM_candy",-41.398,-86.574,0,0,0,0,0,"",0,0,0,0,0,0,0,0,0,3
34,2,1,0,3,0,2,1,1,0,0,4,255,255,14,3094.528,"인생최패망자",R,14,93,2.579,-2.034,0.121,1.475,-36.428,2,0,309.791,340.201,-0.146,0,0,1,5,7,R,"紅さかな",172.5,96.324,0.453,3,48,3095.791,214,160,65,198,155,125,-30,12.218,0.28,-0.048,-0.122,0.265,0,0,0,0.224,-37.455,"Pring__",0.206,-16.952,"Megu3568",-19.387,-44.883,"ʚEveɞ",-14.319,-64.007,"HANA_ARASHI",23.315,-49.518,"Yaksok~",9.586,-62.944,"IbikiKai_JP",31.384,-98.008,"Gonyong",-3.193,-119.229,"SOM_candy",-41.679,-87.554,3093.693,0.434,-20.382,3095.727,3,"ʚEveɞ",-8.673,-62.876,0,0,0,0,0,0,0,2
35,2,0,0,3,0,0,0,0,0,0,255,255,255,19,3215.044,"白霜らいふ",R,29,138,-0.969,0.661,-0.192,1.776,-36.461,0,0,-250,-3.99,75.586,0,0,0,7,6,L,"IbikiKai_JP",175,90,0.5,0,27,0,0,0,0,0,0,0,0,0,0,0,0,0,0,0,0,-0.119,-37.784,"あおいぬ",-0.068,-16.792,"P0TA0",-22.198,-46.72,"あいくんだよー『아이 군』",-12.687,-63.213,"甲斐野柊太",16.3,-43.966,"Pizzallaris",17.741,-61.672,"-Alta-",37.468,-88.193,"紅さかな",0.348,-113.329,"わかなで",-39.598,-82.892,0,0,0,0,0,"",0,0,0,0,0,0,0,0,0,0
36,2,0,0,3,0,1,0,0,0,0,255,255,255,20,3228.736,"白霜らいふ",R,29,140,0.362,0.955,-0.142,1.645,-36.392,2,0,-250,-53.388,81.71,0,0,1,7,6,L,"IbikiKai_JP",175,90,0.5,3,27,3229.793,203,129,17,175,152,127,29.451,14.618,0.6,-0.058,-0.041,0.369,0,0,0,0.047,-37.053,"あおいぬ",-0.045,-16.881,"P0TA0",-22.212,-46.711,"あいくんだよー『아이 군』",-10.488,-63.125,"甲斐野柊太",16.66,-43.796,"Pizzallaris",16.187,-61.213,"-Alta-",37.471,-88.22,"紅さかな",0.307,-113.364,"わかなで",-39.35,-82.771,0,0,0,3227.977,1,"あおいぬ",0.064,-21.097,0,0,0,0,0,0,0,3
37,2,0,0,3,0,2,0,0,0,0,255,255,255,21,3244.044,"白霜らいふ",R,3,104,-1.162,0.059,0.102,1.872,-36.804,2,0,-260.022,0,-16.027,0,0,1,7,6,L,"IbikiKai_JP",175,90,0.5,3,27,3245.262,250,169,82,255,155,65,-9.71,-42.261,1,-0.07,-0.072,0.286,0,0,0,-0.057,-37.296,"あおいぬ",-0.085,-17.013,"P0TA0",-22.26,-46.627,"あいくんだよー『아이 군』",-10.559,-62.936,"甲斐野柊太",16.898,-43.792,"Pizzallaris",16.428,-61.096,"-Alta-",37.453,-88.227,"紅さかな",0.286,-114.49,"わかなで",-39.553,-83.889,3243.493,3.543,-25.118,3245.277,4,"甲斐野柊太",16.442,-39.093,0,0,0,0,0,0,0,2
38,2,0,0,3,0,0,1,0,0,0,255,255,255,22,3275.745,"白霜らいふ",R,3,110,-1.978,-0.266,0.187,1.688,-36.611,2,0,-438.003,0,-22.344,0,0,1,8,3,L,"ʚEveɞ",174.4,94.542,0.398,3,58,3276.78,199,142,3,247,154,94,28.69,31.745,0,0.131,-0.107,0.488,0,0,0,-0.06,-37.206,"あおいぬ",-0.121,-16.968,"P0TA0",-21.983,-46.715,"あいくんだよー『아이 군』",-11.628,-63.203,"甲斐野柊太",17.205,-44.021,"Pizzallaris",15.668,-61.136,"-Alta-",37.498,-88.426,"紅さかな",0.287,-110.648,"わかなで",-36.722,-79.491,0,0,0,3279.51,8,"わかなで",-31.742,-90.454,0,0,0,0,0,0,0,1
39,2,0,0,3,0,0,2,0,0,0,255,255,255,23,3308.952,"白霜らいふ",R,3,106,-2.923,-0.072,0.267,1.843,-36.909,4,0,-371.274,0,-22.601,0,0,1,0,5,R,"Yaksok~",173.1,86,0.303,0,58,0,0,0,0,0,0,0,0,0,0,0,0,0,0,0,0,-0.068,-37.864,"あおいぬ",-0.321,-16.734,"P0TA0",-23.319,-47.812,"あいくんだよー『아이 군』",-12.338,-63.091,"甲斐野柊太",16.801,-44.077,"Pizzallaris",15.135,-61.27,"-Alta-",35.692,-84.461,"紅さかな",-0.572,-109.553,"わかなで",-38.991,-83.013,0,0,0,0,0,"",0,0,0,0,0,0,0,0,0,0
40,2,0,0,3,0,1,2,0,0,0,255,255,255,24,3323.807,"白霜らいふ",R,32,132,-2.463,1.025,0.143,1.767,-36.621,2,0,250,-138.91,-46.898,0,0,1,0,5,R,"Yaksok~",173.1,86,0.303,3,58,3324.671,199,107,5,129,143,84,10.251,23.038,-0.36,-0.091,-0.036,0.335,0,0,0,0.107,-37.151,"あおいぬ",-0.004,-16.923,"P0TA0",-23.235,-47.806,"あいくんだよー『아이 군』",-12.375,-63.179,"甲斐野柊太",16.816,-44.134,"Pizzallaris",15.122,-61.304,"-Alta-",35.669,-84.459,"紅さかな",-0.803,-109.614,"わかなで",-39.118,-82.228,3324.644,-20.199,-56.24,3326.31,8,"わかなで",-32.23,-70.694,1,0,0,0,0,0,0,2
41,2,0,0,3,0,0,2,1,0,0,14,255,255,25,3390.48,"白霜らいふ",R,10,65,-8.822,-2.735,-0.292,1.172,-37.692,1,0,-43.534,400,-4.846,-0.782,-31.327,0,1,2,R,"Megu3568",174.7,86,0.404,0,58,0,0,0,0,0,0,0,0,0,0,0,0,0,0,0,0,0.366,-37.416,"あおいぬ",-1.752,-18.667,"P0TA0",-18.1,-40.681,"あいくんだよー『아이 군』",-0.202,-59.179,"甲斐野柊太",16.894,-43.882,"Pizzallaris",4.04,-61.46,"-Alta-",35.843,-83.642,"紅さかな",0.169,-110.836,"わかなで",-32.352,-82.256,0,0,0,0,0,"",0,0,0,0,0,0,0,0,0,0
42,2,0,0,3,1,0,2,0,1,0,255,14,255,26,3412.86,"白霜らいふ",R,3,105,-0.21,0.262,0.458,1.855,-37.087,0,0,-262.211,0,-15.86,0,0,0,1,2,R,"Megu3568",174.7,86,0.404,0,58,0,0,0,0,0,0,0,0,0,0,0,0,0,0,0,0,0.127,-37.311,"あおいぬ",0.637,-17.801,"P0TA0",-21.195,-45.843,"あいくんだよー『아이 군』",-11.715,-63.352,"甲斐野柊太",19.026,-40.761,"Pizzallaris",10.309,-58.982,"-Alta-",36.497,-84.956,"紅さかな",0.622,-108.947,"わかなで",-33.559,-77.96,0,0,0,0,0,"",0,0,0,0,0,0,0,0,0,0
43,2,0,0,3,1,1,2,0,0,1,255,255,14,27,3432.086,"白霜らいふ",R,4,114,-1.823,-0.549,0.415,1.613,-36.675,2,0,-221.05,0,-16.834,0,0,1,1,2,R,"Megu3568",174.7,86,0.404,3,58,3433.298,193,177,39,239,155,121,50,13.949,0.83,0.016,-0.083,0.512,0,0,0,-0.252,-37.111,"あおいぬ",-0.245,-16.963,"P0TA0",-21.129,-45.826,"あいくんだよー『아이 군』",-13.032,-63.439,"甲斐野柊太",17.063,-42.26,"Pizzallaris",14.328,-63.242,"-Alta-",37.43,-86.281,"紅さかな",-0.178,-110.867,"わかなで",-36.606,-80.681,3437.977,-23.213,-109.368,3438.227,7,"紅さかな",-22.883,-108.05,0,0,0,0,0,0,0,1
44,3,1,0,3,0,0,0,0,0,0,255,255,255,15,3486.304,"인생최패망자",R,27,129,0.829,0.334,0.082,1.725,-36.402,2,0,-15.943,-103.89,12.278,0,0,1,6,0,R,"白霜らいふ",190,100.088,0.697,2,58,3487.378,208,137,45,222,155,96,20.436,-12.781,-0.52,-0.109,-0.12,0.257,0,0,0,-0.371,-37.679,"Pring__",0.116,-16.949,"Megu3568",-19.509,-45.935,"ʚEveɞ",-13.012,-64.879,"HANA_ARASHI",23.916,-51.031,"Yaksok~",11.408,-64.504,"IbikiKai_JP",26.323,-101.93,"Gonyong",-0.931,-106.82,"SOM_candy",-37.113,-86.16,0,0,0,3489.71,6,"IbikiKai_JP",23.891,-92.336,0,0,0,0,0,0,0,1
45,3,1,0,3,0,0,1,0,0,0,255,255,255,16,3523.61,"인생최패망자",R,3,107,-2.292,-0.137,-0.058,1.803,-36.414,2,0,-414.035,230.631,24.216,0,0,1,7,8,L,"わかなで",160,94.336,0.401,3,43,3524.735,207,142,34,188,155,119,-30,41.198,0.66,0.046,-0.068,0.217,0,0,0,-0.143,-37.091,"Pring__",-0.12,-16.883,"Megu3568",-17.543,-43.584,"ʚEveɞ",-15.296,-62.529,"HANA_ARASHI",17.025,-41.494,"Yaksok~",14.057,-62.171,"IbikiKai_JP",37.065,-78.324,"Gonyong",2.393,-108.752,"SOM_candy",-34.907,-85.987,3522.71,-1.652,-21.618,3529.877,8,"SOM_candy",-63.487,-85.619,1,0,0,0,0,0,0,2
46,3,1,0,3,0,0,1,0,1,0,255,8,255,17,3561.342,"인생최패망자",R,27,139,-0.898,0.986,-0.091,1.819,-36.362,2,0,25.784,-120.916,29.972,0,0,1,8,3,L,"あいくんだよー『아이 군』",174.7,90,0.4,3,58,3562.349,107,72,26,85,135,80,33.017,-12.709,-0.21,0.155,-0.126,0.179,0,0,0,-0.024,-36.99,"Pring__",-0.086,-16.739,"Megu3568",-17.907,-45.757,"ʚEveɞ",-12.992,-64.122,"HANA_ARASHI",22.163,-46.022,"Yaksok~",13.098,-63.738,"IbikiKai_JP",44.574,-80.457,"Gonyong",2.871,-108.764,"SOM_candy",-39.489,-87.12,3564.977,16.037,-78.731,3565.11,5,"Yaksok~",15.494,-76.805,0,0,0,0,0,0,0,1
47,3,1,0,3,0,0,2,0,1,0,255,8,255,18,3598.876,"인생최패망자",R,28,137,-0.401,1.139,-0.038,1.875,-36.453,2,0,4.781,-86.907,29.73,0,0,1,0,6,L,"-Alta-",179.7,88,0.5,3,58,3599.898,138,90,15,148,140,129,104.046,21.052,0.46,-0.008,-0.085,0.161,0,0,0,0.052,-37.086,"Pring__",-0.121,-16.816,"Megu3568",-19.515,-45.968,"ʚEveɞ",-11.377,-64.569,"HANA_ARASHI",23.15,-47.8,"Yaksok~",10.823,-62.934,"IbikiKai_JP",44.757,-89.035,"Gonyong",1.273,-112.443,"SOM_candy",-37.685,-87.393,0,0,0,0,0,"",0,0,0,0,0,0,0,0,0,3
48,3,1,0,3,0,1,2,0,1,0,255,8,255,19,3620.31,"인생최패망자",R,14,89,2.787,-2.187,0.143,1.544,-36.507,1,0,285.716,353.975,-0.136,0.565,-19.644,0,0,6,L,"-Alta-",179.7,88,0.5,0,58,0,0,0,0,0,0,0,0,0,0,0,0,0,0,0,0,-0.114,-37.793,"Pring__",0.073,-16.867,"Megu3568",-19.497,-47.575,"ʚEveɞ",-10.248,-64.621,"HANA_ARASHI",23.465,-47.498,"Yaksok~",12.959,-63.287,"IbikiKai_JP",44.42,-84.373,"Gonyong",7.74,-123.322,"SOM_candy",-38.394,-88.541,0,0,0,0,0,"",0,0,0,0,0,0,0,0,0,0
49,3,1,0,3,1,1,2,0,1,0,255,8,255,20,3638.186,"인생최패망자",R,14,89,2.189,-1.702,0.049,1.656,-36.564,4,0,283.102,357.168,2.128,0.508,-18.834,1,0,6,L,"-Alta-",179.7,88,0.5,0,58,0,0,0,0,0,0,0,0,0,0,0,0,0,0,0,0,-0.001,-37.905,"Pring__",-0.051,-16.852,"Megu3568",-20.409,-45.4,"ʚEveɞ",-11.354,-64.524,"HANA_ARASHI",23.479,-47.072,"Yaksok~",12.131,-62.538,"IbikiKai_JP",46.933,-86.489,"Gonyong",7.494,-123.284,"SOM_candy",-37.959,-88.968,0,0,0,0,0,"",0,0,0,0,0,0,0,0,0,0
50,3,1,0,3,1,2,2,0,1,0,255,8,255,21,3659.238,"인생최패망자",R,26,118,-0.305,2.024,0.139,2.052,-36.925,4,0,-42.252,-164.972,24.458,0,0,1,0,6,L,"-Alta-",179.7,88,0.5,0,58,0,0,0,0,0,0,0,0,0,0,0,0,0,0,0,0,-0.032,-38.027,"Pring__",0.083,-17.237,"Megu3568",-19.204,-45.588,"ʚEveɞ",-12.799,-64.928,"HANA_ARASHI",22.778,-46.686,"Yaksok~",13.138,-64.003,"IbikiKai_JP",47.211,-86.301,"Gonyong",7.465,-123.264,"SOM_candy",-37.484,-89.102,0,0,0,0,0,"",0,0,0,1,0,0,0,0,0,0
51,3,0,0,3,0,0,0,0,0,0,255,255,255,28,3706.247,"白霜らいふ",R,10,99,-0.069,0.117,0.036,1.994,-36.996,0,0,0,400,2.706,0,0,0,2,7,R,"Gonyong",174.7,105.148,0.2,0,47,0,0,0,0,0,0,0,0,0,0,0,0,0,0,0,0,-0.236,-37.592,"あおいぬ",0.04,-16.949,"P0TA0",-23.58,-48.081,"あいくんだよー『아이 군』",-14.799,-62.378,"甲斐野柊太",18.259,-45.002,"Pizzallaris",16.92,-62.725,"-Alta-",37.461,-87.102,"紅さかな",0.229,-112.477,"わかなで",-36.105,-80.319,0,0,0,0,0,"",0,0,0,0,0,0,0,0,0,0
52,3,0,0,3,0,1,0,0,0,0,255,255,255,29,3721.398,"白霜らいふ",R,14,109,2.474,-0.577,0.018,1.821,-36.63,2,0,304.205,394.656,22.195,0,0,1,2,7,R,"Gonyong",174.7,105.148,0.2,3,47,3722.395,158,110,46,131,145,88,-32.825,-43.748,-0.06,-0.013,-0.033,0.266,0,0,0,-0.111,-37.2,"あおいぬ",0.077,-16.975,"P0TA0",-23.559,-48.237,"あいくんだよー『아이 군』",-14.699,-62.142,"甲斐野柊太",18.055,-45.022,"Pizzallaris",16.326,-62.745,"-Alta-",37.466,-87.099,"紅さかな",0.076,-111.111,"わかなで",-37.039,-80.327,3720.343,1.356,-20.662,3722.227,4,"甲斐野柊太",21.432,-41.393,1,0,0,0,0,0,0,2
53,3,0,0,3,0,0,0,1,0,0,16,255,255,30,3857.715,"白霜らいふ",R,14,105,2.087,-1.168,0.084,1.915,-36.651,4,0,283.076,400,14.861,0.558,-18.021,1,3,1,L,"Pring__",180.3,94.883,0.396,0,58,0,0,0,0,0,0,0,0,0,0,0,0,0,0,0,0,0.007,-37.518,"あおいぬ",-0.69,-18.684,"P0TA0",-18.317,-40.102,"あいくんだよー『아이 군』",-10.708,-62.57,"甲斐野柊太",18.159,-45.48,"Pizzallaris",12.581,-63.747,"-Alta-",39.626,-86.187,"紅さかな",-0.085,-113.467,"わかなで",-33.44,-84.856,0,0,0,0,0,"",0,0,0,0,0,0,0,0,0,0
54,3,0,0,3,0,1,0,1,0,0,16,255,255,31,3876.113,"白霜らいふ",R,26,135,1.876,-0.006,0.347,1.821,-36.747,1,0,45.886,-200,-1.193,0,0,0,3,1,L,"Pring__",180.3,94.883,0.396,0,58,0,0,0,0,0,0,0,0,0,0,0,0,0,0,0,0,-0.1,-37.476,"あおいぬ",-0.856,-18.525,"P0TA0",-17.83,-40.584,"あいくんだよー『아이 군』",-4.561,-60.028,"甲斐野柊太",18.447,-43.489,"Pizzallaris",9.127,-65.582,"-Alta-",39.903,-86.945,"紅さかな",-2.465,-112.814,"わかなで",-35.728,-82.392,0,0,0,0,0,"",0,0,0,0,0,0,0,0,0,0
55,3,0,0,3,1,1,0,1,0,0,16,255,255,32,3891.305,"白霜らいふ",R,3,113,-2.022,-0.144,0.191,1.825,-36.645,2,0,-411.385,0,-11.889,0,0,1,3,1,L,"Pring__",180.3,94.883,0.396,3,58,3892.128,198,178,74,230,155,130,96.708,70.219,0.49,0.022,-0.119,0.368,0,0,0,0.151,-37.248,"あおいぬ",-0.036,-16.931,"P0TA0",-17.764,-40.04,"あいくんだよー『아이 군』",-8.312,-63.038,"甲斐野柊太",17.756,-44.574,"Pizzallaris",10.591,-63.824,"-Alta-",39.653,-91.51,"紅さかな",-0.221,-111.149,"わかなで",-38.602,-79.202,0,0,0,0,0,"",0,0,0,0,0,0,0,0,0,3
56,3,0,0,3,1,2,0,1,0,0,16,255,255,33,3923.778,"白霜らいふ",R,26,134,2.272,0.652,0.237,1.858,-36.712,4,0,-53.863,-200,2.899,0,0,1,3,1,L,"Pring__",180.3,94.883,0.396,0,58,0,0,0,0,0,0,0,0,0,0,0,0,0,0,0,0,-0.055,-37.657,"あおいぬ",-0.134,-17.1,"P0TA0",-17.346,-40.557,"あいくんだよー『아이 군』",-6.254,-60.543,"甲斐野柊太",18.415,-43.496,"Pizzallaris",8.861,-64.539,"-Alta-",41.067,-90.307,"紅さかな",0.824,-113.272,"わかなで",-35.994,-81.723,0,0,0,0,0,"",0,0,0,0,0,0,0,0,0,0
57,3,0,0,3,0,0,1,1,0,0,16,255,255,34,3947.563,"白霜らいふ",R,3,121,-1.987,0.044,0.482,1.835,-36.984,1,0,-500,0,-14.46,0,0,0,4,0,R,"인생최패망자",190,107,0.447,0,58,0,0,0,0,0,0,0,0,0,0,0,0,0,0,0,0,0.189,-37.561,"あおいぬ",-0.172,-18.463,"P0TA0",-18.449,-40.497,"あいくんだよー『아이 군』",-4.236,-59.715,"甲斐野柊太",19.037,-48.073,"Pizzallaris",1.928,-61.901,"-Alta-",41.485,-89.969,"紅さかな",-0.538,-112.443,"わかなで",-29.795,-81.825,0,0,0,0,0,"",0,0,0,0,0,0,0,0,0,0
58,3,0,0,3,1,0,1,0,1,0,255,16,255,35,3971.184,"白霜らいふ",R,32,140,2.422,0.522,0.04,1.62,-36.429,2,0,250,-160.561,-96.312,0,0,1,4,0,R,"인생최패망자",190,107,0.447,3,58,3972.276,105,71,23,99,133,83,39.672,-15.096,-0.52,-0.015,-0.047,0.181,0,0,0,0.254,-37.399,"あおいぬ",0.024,-16.898,"P0TA0",-22.18,-46.801,"あいくんだよー『아이 군』",-13.327,-60.885,"甲斐野柊太",18.157,-45.742,"Pizzallaris",5.007,-61.805,"-Alta-",41.483,-89.976,"紅さかな",-0.684,-111.793,"わかなで",-37.972,-80.292,3974.977,17.11,-79.306,3977.543,7,"紅さかな",21.925,-94.179,1,0,0,0,0,0,0,2
59,3,0,0,3,0,0,1,1,0,1,9,255,16,36,4009.364,"白霜らいふ",R,4,110,-1.088,-0.817,0.286,1.736,-36.694,2,0,-199.803,0,-12.134,0,0,1,5,8,L,"SOM_candy",180.2,103.048,0.65,3,58,4010.339,170,144,73,194,153,105,17.476,-34.301,0.05,0.014,-0.011,0.232,0,0,0,0.141,-37.254,"あおいぬ",-0.077,-17.076,"P0TA0",-17.768,-39.927,"あいくんだよー『아이 군』",-8.381,-63.157,"甲斐野柊太",17.452,-42.062,"Pizzallaris",12.239,-61.37,"-Alta-",42.432,-81.673,"紅さかな",0.472,-107.691,"わかなで",-37.364,-79.051,4011.86,54.39,-77.468,4017.41,6,"-Alta-",67.775,-83.12,1,0,0,0,0,0,0,2
60,3,0,0,5,0,0,1,0,1,0,255,17,255,37,4174.462,"白霜らいふ",R,10,116,0.975,-1.043,0.088,1.871,-36.9,1,0,0,399.726,9.235,0,0,0,6,4,R,"HANA_ARASHI",190,86,0.25,0,58,0,0,0,0,0,0,0,0,0,0,0,0,0,0,0,0,-0.119,-37.594,"あおいぬ",-0.092,-16.822,"P0TA0",-21.792,-46.732,"あいくんだよー『아이 군』",-12.458,-61.964,"甲斐野柊太",18.832,-44.492,"Pizzallaris",13.898,-62.356,"-Alta-",41.713,-88.496,"紅さかな",0.341,-115.507,"わかなで",-37.957,-81.905,0,0,0,0,0,"",0,0,0,0,0,0,0,0,0,0
61,3,0,0,5,1,0,1,0,1,0,255,17,255,38,4187.26,"白霜らいふ",R,32,134,1.485,0.503,0.283,1.752,-36.775,2,0,250,-71.211,-31.431,0,0,1,6,4,R,"HANA_ARASHI",190,86,0.25,3,58,4188.337,198,98,13,139,143,89,2.131,-13.33,-0.5,0.009,-0.094,0.193,0,0,0,-0.184,-37.173,"あおいぬ",0.06,-16.974,"P0TA0",-21.742,-46.677,"あいくんだよー『아이 군』",-10.806,-62.355,"甲斐野柊太",18.407,-46.587,"Pizzallaris",6.167,-61.924,"-Alta-",41.714,-88.508,"紅さかな",-0.165,-115.5,"わかなで",-38.887,-82.055,4187.193,6.116,-42.214,4188.31,5,"Pizzallaris",10.304,-55.938,1,32,0,0,0,0,0,2
62,3,0,0,5,0,0,2,1,0,0,13,255,255,39,4218.549,"白霜らいふ",R,26,133,-0.018,1.262,0.118,1.991,-36.771,1,0,0.033,-171.358,5.096,0,0,0,7,6,L,"IbikiKai_JP",175,90,0.5,0,58,0,0,0,0,0,0,0,0,0,0,0,0,0,0,0,0,0.044,-37.49,"あおいぬ",-0.036,-16.862,"P0TA0",-17.382,-40.348,"あいくんだよー『아이 군』",-8.11,-61.482,"甲斐野柊太",17.613,-43.936,"Pizzallaris",12.944,-62.055,"-Alta-",38.229,-85.789,"紅さかな",2.004,-111.168,"わかなで",-32.992,-83.273,0,0,0,0,0,"",0,0,0,0,0,0,0,0,0,0
63,3,0,0,5,1,0,2,1,0,0,13,255,255,40,4230.614,"白霜らいふ",R,26,134,-0.506,0.092,-0.034,1.91,-36.565,2,0,-93.306,-200,17.599,0,0,1,7,6,L,"IbikiKai_JP",175,90,0.5,3,58,4231.704,155,100,15,145,142,87,34.81,-24.425,-0.01,-0.087,-0.047,0.302,0,0,0,-0.133,-37.162,"あおいぬ",-0.06,-16.892,"P0TA0",-17.517,-40.56,"あいくんだよー『아이 군』",-9.684,-62.969,"甲斐野柊太",17.645,-44.008,"Pizzallaris",12.113,-62.421,"-Alta-",38.406,-86.117,"紅さかな",2.005,-111.217,"わかなで",-34.801,-80.012,4234.46,31.629,-80.629,4234.693,6,"-Alta-",30.766,-79.042,0,0,0,0,0,0,0,1
64,4,1,0,5,0,0,0,0,0,0,255,255,255,22,4288.631,"인생최패망자",R,26,133,2.08,1.061,0.179,1.839,-36.475,1,0,44.205,-200,16.682,0,0,0,1,4,R,"甲斐野柊太",190,86,0.2,0,34,0,0,0,0,0,0,0,0,0,0,0,0,0,0,0,0,0.085,-37.395,"Pring__",0.144,-16.652,"Megu3568",-19.673,-47.242,"ʚEveɞ",-12.564,-64.992,"HANA_ARASHI",21.926,-47.375,"Yaksok~",11.119,-64.599,"IbikiKai_JP",31.113,-94.063,"Gonyong",-1.348,-110.36,"SOM_candy",-39.91,-85.39,0,0,0,0,0,"",0,0,0,0,0,0,0,0,0,0
65,4,1,0,5,1,0,0,0,0,0,255,255,255,23,4307.739,"인생최패망자",R,26,139,1.044,0.902,0.099,1.823,-36.372,0,0,-7.223,-155.983,36.551,0,0,1,1,4,R,"甲斐野柊太",190,86,0.2,0,34,0,0,0,0,0,0,0,0,0,0,0,0,0,0,0,0,0.132,-37.711,"Pring__",0.074,-16.63,"Megu3568",-20.459,-45.787,"ʚEveɞ",-12.55,-64.984,"HANA_ARASHI",22.044,-47.426,"Yaksok~",12.105,-64.245,"IbikiKai_JP",31.412,-94.014,"Gonyong",-1.303,-110.479,"SOM_candy",-35.505,-82.594,0,0,0,0,0,"",0,0,0,0,0,0,0,0,0,0
66,4,1,0,5,1,1,0,0,0,0,255,255,255,24,4326,"인생최패망자",R,13,97,-2.6,-1.753,-0.122,1.448,-36.426,4,0,-321.242,342.475,-4.606,0,0,1,1,4,R,"甲斐野柊太",190,86,0.2,0,58,0,0,0,0,0,0,0,0,0,0,0,0,0,0,0,0,0.191,-38.118,"Pring__",-0.804,-16.467,"Megu3568",-20.369,-45.167,"ʚEveɞ",-12.568,-65.007,"HANA_ARASHI",22.518,-48.334,"Yaksok~",13.212,-63.401,"IbikiKai_JP",31.464,-94.078,"Gonyong",-0.849,-114.579,"SOM_candy",-35.502,-82.429,0,0,0,0,0,"",0,0,0,0,0,0,0,0,0,0
67,4,1,0,5,1,2,0,0,0,0,255,255,255,25,4345.629,"인생최패망자",R,27,135,12.03,-2.529,0.082,1.788,-36.383,2,0,55.136,-141.878,21.436,0,0,1,1,4,R,"甲斐野柊太",190,86,0.2,3,34,4346.652,167,115,31,187,146,90,24.628,24.342,-0.44,0.156,-0.083,0.452,0,0,0,0.073,-37.102,"Pring__",0.121,-16.937,"Megu3568",-19.621,-46.38,"ʚEveɞ",-12.572,-64.977,"HANA_ARASHI",22.254,-48.369,"Yaksok~",12.078,-64.065,"IbikiKai_JP",31.433,-94.087,"Gonyong",-0.801,-114.365,"SOM_candy",-35.256,-84.661,0,0,0,4349.293,8,"SOM_candy",-40.23,-81.172,0,0,0,0,0,0,0,1
68,4,1,0,5,0,0,1,0,0,0,255,255,255,26,4395.297,"인생최패망자",R,26,122,1.76,1.562,0.205,1.919,-36.634,1,0,115.418,-163.487,6.833,0,0,0,2,5,R,"Pizzallaris",170.1,89.827,0.347,0,58,0,0,0,0,0,0,0,0,0,0,0,0,0,0,0,0,0.009,-38.197,"Pring__",0.142,-16.744,"Megu3568",-20.304,-46.686,"ʚEveɞ",-14.362,-64.107,"HANA_ARASHI",23.818,-49.549,"Yaksok~",12.38,-64.2,"IbikiKai_JP",27.895,-86.991,"Gonyong",0.296,-99.858,"SOM_candy",-38.234,-86.427,0,0,0,0,0,"",0,0,0,0,0,0,0,0,0,0
69,4,1,0,5,1,0,1,0,0,0,255,255,255,27,4519.985,"인생최패망자",R,26,138,0.412,1.091,0.046,1.741,-36.335,2,0,-82.367,-200,59.217,0,0,1,2,5,R,"Pizzallaris",170.1,89.827,0.347,3,58,4521.06,185,106,17,137,143,84,25.367,-3.229,-0.35,-0.039,-0.034,0.332,0,0,0,-0.42,-36.937,"Pring__",0.094,-16.746,"Megu3568",-19.423,-46.622,"ʚEveɞ",-13.906,-63.852,"HANA_ARASHI",24.21,-49.228,"Yaksok~",11.946,-64.723,"IbikiKai_JP",28.159,-89.849,"Gonyong",-2.7,-98.944,"SOM_candy",-39.374,-85.745,4523.843,2.027,-91.294,4523.977,7,"Gonyong",1.974,-88.641,0,0,0,0,0,0,0,1
70,4,1,0,5,0,0,2,0,0,0,255,255,255,28,4579.537,"인생최패망자",R,28,140,-0.273,0.083,-0.019,1.692,-36.258,2,0,-23.497,-57.519,13.582,0,0,1,3,1,R,"あおいぬ",190,107,0.665,3,58,4580.588,183,125,32,172,153,112,52.157,-3.425,0.07,-0.026,-0.017,0.386,0,0,0,-0.127,-36.97,"Pring__",0.112,-16.731,"Megu3568",-19.1,-44.852,"ʚEveɞ",-14.206,-64.574,"HANA_ARASHI",24.206,-50.451,"Yaksok~",11.716,-63.682,"IbikiKai_JP",30.962,-98.345,"Gonyong",-5.143,-98.959,"SOM_candy",-38.462,-85.761,4584.943,10.773,-98.745,4585.06,7,"Gonyong",10.547,-97.274,0,0,0,0,0,0,0,1
71,4,0,0,5,0,0,0,0,0,0,255,255,255,41,4644.269,"白霜らいふ",R,27,137,-0.586,0.223,-0.023,1.79,-36.612,2,0,7.412,-147.856,6.182,0,0,1,8,3,L,"ʚEveɞ",174.4,94.542,0.398,3,58,4645.312,117,59,0,137,100,64,-24.455,-1.279,0.94,0.109,-0.075,0.049,0,0,0,0.12,-37.193,"あおいぬ",-0.054,-16.971,"P0TA0",-22.713,-47.676,"あいくんだよー『아이 군』",-12.791,-62.333,"甲斐野柊太",18.347,-44.952,"Pizzallaris",14.758,-62.579,"-Alta-",36.802,-86.441,"紅さかな",0.436,-112.772,"わかなで",-41.607,-87.853,4643.327,-0.069,-20.438,4644.66,0,"白霜らいふ",0.382,-34.546,0,0,0,0,0,0,0,2
72,4,0,0,5,0,0,1,0,0,0,255,255,255,42,4672.319,"白霜らいふ",R,14,126,0.696,-0.556,-0.08,1.828,-36.432,2,0,373.7,332.188,48.095,0,0,1,0,5,R,"Yaksok~",173.1,86,0.303,3,58,4673.151,141,135,15,199,143,86,-31.788,-10.128,-0.06,-0.138,-0.082,0.481,0,0,0,0.255,-37.173,"あおいぬ",0.021,-16.983,"P0TA0",-22.816,-47.378,"あいくんだよー『아이 군』",-12.6,-62.173,"甲斐野柊太",17.192,-45.226,"Pizzallaris",14.681,-63.271,"-Alta-",38.494,-86.064,"紅さかな",-0.184,-111.512,"わかなで",-39.785,-83.883,4671.11,0.339,-20.976,4673.677,5,"Pizzallaris",6.54,-58.176,0,0,0,0,0,0,0,2
73,4,0,0,5,0,0,2,0,0,0,255,255,255,43,4706.978,"白霜らいふ",R,26,139,0.731,0.701,0.092,1.852,-36.526,0,0,-91.16,-189.373,19.316,0,0,0,1,2,R,"Megu3568",174.7,86,0.404,0,58,0,0,0,0,0,0,0,0,0,0,0,0,0,0,0,0,-0.077,-37.373,"あおいぬ",0.018,-16.802,"P0TA0",-23.592,-47.883,"あいくんだよー『아이 군』",-13.794,-63.158,"甲斐野柊太",17.102,-44.923,"Pizzallaris",13.949,-61.928,"-Alta-",40.503,-87.048,"紅さかな",0.197,-111.175,"わかなで",-39.67,-82.276,0,0,0,0,0,"",0,0,0,0,0,0,0,0,0,0
74,4,0,0,5,0,1,2,0,0,0,255,255,255,44,4720.177,"白霜らいふ",R,14,126,1.872,-0.365,0.002,1.563,-36.416,2,0,390.434,312.348,68.491,0,0,1,1,2,R,"Megu3568",174.7,86,0.404,3,58,4721.289,174,102,27,155,143,86,-44.642,-5.874,-0.26,0.015,-0.05,0.151,0,0,0,-0.091,-37.293,"あおいぬ",0.058,-16.886,"P0TA0",-23.798,-47.891,"あいくんだよー『아이 군』",-13.889,-63.342,"甲斐野柊太",17.187,-44.845,"Pizzallaris",13.874,-61.95,"-Alta-",40.572,-87.497,"紅さかな",0.185,-111.228,"わかなで",-39.747,-82.179,4719.193,0.518,-19.843,4720.593,0,"白霜らいふ",2.224,-36.253,0,0,0,0,0,0,0,2
75,5,1,0,5,0,0,0,0,0,0,255,255,255,29,4793.875,"인생최패망자",R,3,89,-3.231,0.428,-0.163,1.821,-36.431,1,0,-354.3,0,4.723,0,0,0,4,2,R,"P0TA0",190,100,0.443,0,58,0,0,0,0,0,0,0,0,0,0,0,0,0,0,0,0,-0.078,-37.47,"Pring__",-0.396,-16.77,"Megu3568",-20.369,-47.458,"ʚEveɞ",-13.157,-64.444,"HANA_ARASHI",23.851,-49.751,"Yaksok~",12.307,-63.951,"IbikiKai_JP",28.18,-93.338,"Gonyong",-7.05,-120.635,"SOM_candy",-37.122,-84.49,0,0,0,0,0,"",0,0,0,0,0,0,0,0,0,0
76,5,1,0,5,1,0,0,0,0,0,255,255,255,30,4814.403,"인생최패망자",R,26,139,0.432,-0.063,0.044,1.638,-36.312,0,0,-13.537,-153.927,17.503,0,0,0,4,2,R,"P0TA0",190,100,0.443,0,58,0,0,0,0,0,0,0,0,0,0,0,0,0,0,0,0,0.02,-37.229,"Pring__",0.146,-16.753,"Megu3568",-20.447,-47.441,"ʚEveɞ",-13.155,-64.409,"HANA_ARASHI",24.297,-49.875,"Yaksok~",11.63,-64.225,"IbikiKai_JP",29.656,-93.723,"Gonyong",-7.057,-120.655,"SOM_candy",-37.576,-85.992,0,0,0,0,0,"",0,0,0,0,0,0,0,0,0,0
77,5,1,0,5,1,1,0,0,0,0,255,255,255,31,4834.119,"인생최패망자",R,10,96,0.593,-2.529,0.158,1.319,-36.454,1,0,-100.86,400,-0.472,0.104,-20.074,0,4,2,R,"P0TA0",190,100,0.443,0,58,0,0,0,0,0,0,0,0,0,0,0,0,0,0,0,0,-0.241,-38.048,"Pring__",-0.347,-16.753,"Megu3568",-20.553,-47.659,"ʚEveɞ",-13.24,-64.475,"HANA_ARASHI",24.722,-50.865,"Yaksok~",11.597,-64.161,"IbikiKai_JP",30.582,-93.555,"Gonyong",-7.04,-120.604,"SOM_candy",-37.775,-86.157,0,0,0,0,0,"",0,0,0,0,0,0,0,0,0,0
78,5,1,0,5,2,1,0,0,0,0,255,255,255,32,4852.384,"인생최패망자",R,10,96,0.863,-1.155,0.15,1.723,-36.444,1,0,0,400,0.798,0.161,-17.779,0,4,2,R,"P0TA0",190,100,0.443,0,58,0,0,0,0,0,0,0,0,0,0,0,0,0,0,0,0,0.163,-37.344,"Pring__",-0.544,-16.673,"Megu3568",-20.485,-47.589,"ʚEveɞ",-13.139,-64.391,"HANA_ARASHI",24.5,-50.83,"Yaksok~",11.62,-64.202,"IbikiKai_JP",30.774,-93.947,"Gonyong",-7.035,-120.659,"SOM_candy",-37.508,-85.679,0,0,0,0,0,"",0,0,0,0,0,0,0,0,0,0
79,5,1,0,5,3,1,0,0,0,0,255,255,255,33,4870.264,"인생최패망자",R,26,137,1.151,0.748,0.108,1.782,-36.327,0,0,-2.936,-200,35.284,0,0,0,4,2,R,"P0TA0",190,100,0.443,0,22,0,0,0,0,0,0,0,0,0,0,0,0,0,0,0,0,0.219,-37.498,"Pring__",0.051,-16.7,"Megu3568",-20.42,-47.357,"ʚEveɞ",-13.167,-64.43,"HANA_ARASHI",24.554,-50.848,"Yaksok~",11.636,-64.203,"IbikiKai_JP",30.8,-93.947,"Gonyong",-7.09,-120.671,"SOM_candy",-37.589,-86.035,0,0,0,0,0,"",0,0,0,0,0,0,0,0,0,0
80,5,1,0,5,3,2,0,0,0,0,255,255,255,34,4889.054,"인생최패망자",R,26,137,0.875,0.413,0.083,1.722,-36.341,2,0,-5.761,-182.106,18.696,0,0,1,4,2,R,"P0TA0",190,100,0.443,2,22,4889.893,128,72,0,115,126,79,12.72,5.828,-0.53,-0.054,-0.049,0.179,0,0,0,-0.222,-37.061,"Pring__",0.062,-16.707,"Megu3568",-19.693,-46.238,"ʚEveɞ",-13.112,-64.462,"HANA_ARASHI",24.57,-50.812,"Yaksok~",11.646,-64.223,"IbikiKai_JP",30.885,-93.903,"Gonyong",-7.129,-120.519,"SOM_candy",-37.662,-86.175,4890.943,-3.728,-71.339,4893.943,7,"Gonyong",-4.634,-97.446,1,0,0,0,0,0,0,2
81,5,1,0,5,0,0,0,1,0,0,2,255,255,35,4942.957,"인생최패망자",R,0,133,2.02,1.411,0.184,1.898,-36.533,2,0,11.808,-49.862,3.988,0,0,1,5,7,R,"紅さかな",172.5,96.324,0.453,3,58,4944.054,200,139,44,188,155,90,32.955,-2.603,-0.45,0.032,-0.081,0.265,0,0,0,0.353,-36.981,"Pring__",0.097,-16.739,"Megu3568",-19.404,-46.081,"ʚEveɞ",-13.517,-64.448,"HANA_ARASHI",23.575,-49.714,"Yaksok~",11.437,-63.337,"IbikiKai_JP",31.167,-97.792,"Gonyong",-8.987,-118.434,"SOM_candy",-36.355,-83.039,4946.927,0.27,-91.799,4947.66,7,"Gonyong",0.223,-95.13,1,0,0,0,0,0,0,2
82,5,1,0,5,0,0,0,1,1,0,7,2,255,36,4983.858,"인생최패망자",R,26,140,0.674,0.605,0.081,1.756,-36.35,0,0,-61.521,-200,46.884,0,0,1,6,0,R,"白霜らいふ",190,100.088,0.697,0,58,0,0,0,0,0,0,0,0,0,0,0,0,0,0,0,0,0.11,-37.701,"Pring__",0.061,-16.722,"Megu3568",-18.822,-44.997,"ʚEveɞ",-14.202,-64.281,"HANA_ARASHI",23.223,-48.757,"Yaksok~",9.954,-64.585,"IbikiKai_JP",25.513,-104.138,"Gonyong",-3.339,-107.66,"SOM_candy",-38.123,-83.714,0,0,0,0,0,"",0,0,0,0,0,0,0,0,0,0
83,5,1,0,5,0,1,0,1,1,0,7,2,255,37,5004.017,"인생최패망자",R,28,128,0.63,1.245,0.082,1.952,-36.448,2,0,11.629,-82.351,12.722,0,0,1,6,0,R,"白霜らいふ",190,100.088,0.697,2,58,5005.127,225,141,10,219,155,96,57.771,-53.447,-0.52,-0.059,-0.072,0.223,0,0,0,-0.157,-37.08,"Pring__",0.094,-16.827,"Megu3568",-18.851,-45.142,"ʚEveɞ",-14.265,-64.244,"HANA_ARASHI",23.924,-48.915,"Yaksok~",11.518,-64.222,"IbikiKai_JP",26.263,-103.692,"Gonyong",-3.803,-106.092,"SOM_candy",-38.301,-83.929,5008.443,63.349,-54.202,0,0,"",0,0,0,0,0,0,0,0,0,3
84,5,1,0,5,0,2,0,1,1,0,7,2,255,38,5029.984,"인생최패망자",R,26,140,0.118,-0.062,0.006,1.627,-36.354,2,0,17.556,-200,23.894,0,0,1,6,0,R,"白霜らいふ",190,100.088,0.697,2,58,5031.058,159,104,41,142,145,91,61.184,-30.91,-0.04,-0.164,-0.135,0.226,0,0,0,-0.21,-37.013,"Pring__",0.143,-16.706,"Megu3568",-19.553,-45.76,"ʚEveɞ",-13.759,-64.385,"HANA_ARASHI",23.499,-46.902,"Yaksok~",11.629,-64.968,"IbikiKai_JP",31.751,-98.373,"Gonyong",-2.868,-105.396,"SOM_candy",-37.293,-83.496,5034.66,24.145,-73.129,5034.877,5,"Yaksok~",23.6,-71.882,0,0,0,0,0,0,0,1
85,5,1,0,5,0,0,1,1,1,0,7,2,255,39,5125.194,"인생최패망자",R,14,95,3.048,-2.968,0.225,1.387,-36.395,4,0,265.131,394.658,15.798,0.564,-20.414,1,7,8,L,"わかなで",160,94.336,0.401,0,58,0,0,0,0,0,0,0,0,0,0,0,0,0,0,0,0,-0.167,-37.782,"Pring__",0.327,-16.864,"Megu3568",-18.924,-44.197,"ʚEveɞ",-12.362,-64.718,"HANA_ARASHI",17.709,-41.093,"Yaksok~",15.001,-61.605,"IbikiKai_JP",34.294,-80.55,"Gonyong",3.388,-106.762,"SOM_candy",-35.174,-81.036,0,0,0,0,0,"",0,0,0,0,0,0,0,0,0,0
86,5,1,0,5,0,1,1,1,1,0,7,2,255,40,5145.475,"인생최패망자",R,26,140,3.163,-0.884,0.258,1.515,-36.387,4,0,120.785,-200,7.248,0.852,-17.381,1,7,8,L,"わかなで",160,94.336,0.401,0,58,0,0,0,0,0,0,0,0,0,0,0,0,0,0,0,0,-0.033,-37.478,"Pring__",0.424,-16.864,"Megu3568",-18.773,-43.83,"ʚEveɞ",-12.351,-64.671,"HANA_ARASHI",19.363,-40.975,"Yaksok~",14.812,-63.411,"IbikiKai_JP",34.342,-80.552,"Gonyong",5.964,-104.578,"SOM_candy",-35.72,-80.696,0,0,0,0,0,"",0,0,0,0,0,0,0,0,0,0
87,5,1,0,5,0,2,1,1,1,0,7,2,255,41,5168.234,"인생최패망자",R,14,92,3.104,-2.97,0.187,1.523,-36.512,2,0,296.07,353.11,-3.594,0.586,-20.219,1,7,8,L,"わかなで",160,94.336,0.401,3,58,5169.518,118,86,80,82,141,75,-30,-42.444,0.91,0.259,-0.339,0.106,0,0,0,0.353,-37.135,"Pring__",0.33,-16.897,"Megu3568",-19.03,-44.823,"ʚEveɞ",-12.319,-64.681,"HANA_ARASHI",19.988,-42.749,"Yaksok~",13.121,-62.037,"IbikiKai_JP",34.672,-81.218,"Gonyong",5.962,-104.57,"SOM_candy",-37.37,-82.819,5168.377,10.149,-32.313,5169.31,4,"HANA_ARASHI",14.973,-39.522,1,0,0,0,0,0,0,2
88,5,1,0,5,0,0,2,1,0,1,8,255,2,42,5280.445,"인생최패망자",R,27,140,-1.394,0.779,-0.121,1.784,-36.354,0,0,-31.133,-126.33,25.553,0,0,0,8,3,L,"あいくんだよー『아이 군』",174.7,90,0.4,0,58,0,0,0,0,0,0,0,0,0,0,0,0,0,0,0,0,-0.24,-37.79,"Pring__",-0.078,-16.727,"Megu3568",-19.248,-44.557,"ʚEveɞ",-12.275,-65.237,"HANA_ARASHI",21.43,-47.034,"Yaksok~",13.722,-63.823,"IbikiKai_JP",44.427,-82.269,"Gonyong",7.741,-96.8,"SOM_candy",-35.711,-81.82,0,0,0,0,0,"",0,0,0,0,0,0,0,0,0,0
89,5,1,0,5,0,1,2,1,0,1,8,255,2,43,5298.308,"인생최패망자",R,14,92,3.333,-1.971,0.216,1.464,-36.475,1,0,321.338,319.975,2.224,0.705,-19.163,0,8,3,L,"あいくんだよー『아이 군』",174.7,90,0.4,0,58,0,0,0,0,0,0,0,0,0,0,0,0,0,0,0,0,-0.062,-38.04,"Pring__",0.079,-16.746,"Megu3568",-19.351,-44.683,"ʚEveɞ",-8.406,-64.56,"HANA_ARASHI",21.624,-45.528,"Yaksok~",13.028,-64.568,"IbikiKai_JP",41.574,-74.634,"Gonyong",7.73,-97.45,"SOM_candy",-35.109,-81.016,0,0,0,0,0,"",0,0,0,0,0,0,0,0,0,0
90,5,1,0,5,1,1,2,0,1,1,255,8,2,44,5317.747,"인생최패망자",R,14,94,2.814,-2.466,0.158,1.436,-36.453,4,0,302.555,353.052,7.692,0.55,-19.936,1,8,3,L,"あいくんだよー『아이 군』",174.7,90,0.4,0,58,0,0,0,0,0,0,0,0,0,0,0,0,0,0,0,0,-0.044,-38.183,"Pring__",0.268,-16.868,"Megu3568",-19.441,-43.29,"ʚEveɞ",-12.751,-64.646,"HANA_ARASHI",21.529,-45.256,"Yaksok~",13.036,-64.573,"IbikiKai_JP",41.495,-74.707,"Gonyong",7.702,-97.594,"SOM_candy",-35.11,-80.994,0,0,0,0,0,"",0,0,0,0,0,0,0,0,0,0
91,5,1,0,5,1,2,2,0,1,1,255,8,2,45,5337.048,"인생최패망자",R,26,129,-0.927,1.298,-0.107,1.852,-36.455,2,0,63.023,-173.716,30.711,0,0,1,8,3,L,"あいくんだよー『아이 군』",174.7,90,0.4,3,58,5338.127,91,52,11,88,93,88,-9.727,-41.37,0.55,0.183,-0.098,0.023,0,0,0,-0.018,-37.033,"Pring__",-0.158,-16.809,"Megu3568",-19.542,-46.319,"ʚEveɞ",-12.743,-64.627,"HANA_ARASHI",23.544,-49.248,"Yaksok~",13.107,-64.589,"IbikiKai_JP",41.489,-74.743,"Gonyong",7.977,-99.322,"SOM_candy",-36.284,-82.009,5336.394,4.84,-24.224,5338.06,4,"HANA_ARASHI",21.497,-44.623,0,0,0,0,0,0,0,2
92,5,0,0,5,0,0,0,0,0,0,255,255,255,45,6077.311,"白霜らいふ",R,10,128,0.634,-0.942,-0.079,1.472,-36.467,2,0,0,400,80.445,0,0,1,2,7,R,"Gonyong",174.7,105.148,0.2,3,47,6078.203,164,130,26,115,147,127,-30,-28.824,0.72,-0.043,-0.049,0.34,0,0,0,-0.154,-37.203,"あおいぬ",0.064,-17.103,"P0TA0",-22.625,-46.818,"あいくんだよー『아이 군』",-10.885,-62.074,"甲斐野柊太",16.598,-44.748,"shimenawa",13.689,-63.675,"-Alta-",37.132,-87.283,"紅さかな",0.194,-108.123,"Pizzallaris",-37.257,-85.239,6076.11,0.608,-20.912,6077.394,4,"甲斐野柊太",13.517,-44.309,0,0,0,0,0,0,0,2
93,5,0,0,5,0,0,1,0,0,0,255,255,255,46,6138.248,"白霜らいふ",R,29,128,-1.271,0.294,-0.191,1.892,-36.645,2,0,-199.958,-148.567,39.914,0,0,1,3,1,L,"Pring__",180.3,94.883,0.396,3,59,6139.016,195,133,28,202,155,93,97.47,-72.773,-0.46,-0.024,-0.051,0.338,0,0,0,-0.155,-37.182,"あおいぬ",-0.14,-17.107,"P0TA0",-22.185,-46.997,"あいくんだよー『아이 군』",-11.202,-62.687,"甲斐野柊太",17.082,-43.412,"shimenawa",14.657,-62.936,"-Alta-",41.636,-86.402,"紅さかな",0.393,-108.343,"Pizzallaris",-35.243,-86.025,6143.144,-47.887,-9.012,0,0,"",0,0,0,0,0,0,0,0,0,3
94,5,0,0,5,0,1,1,0,0,0,255,255,255,47,6237.651,"白霜らいふ",R,29,137,-1.582,0.072,-0.286,1.745,-36.477,2,0,-243.265,-178.308,53.055,0,0,1,3,1,L,"Pring__",180.3,94.883,0.396,3,88,6238.483,216,191,53,255,155,128,32.999,-44.416,0.35,0.039,-0.09,0.426,0,0,0,-0.26,-37.081,"あおいぬ",-0.125,-17.12,"P0TA0",-22.658,-46.501,"あいくんだよー『아이 군』",-11.17,-61.673,"甲斐野柊太",16.938,-43.522,"shimenawa",14.577,-63.851,"-Alta-",42.089,-87.252,"紅さかな",0.26,-110.471,"Pizzallaris",-36.793,-84.63,6241.344,75.116,-104.503,0,0,"",0,0,0,0,0,0,0,0,0,4
95,5,0,0,6,0,0,1,0,0,0,255,255,255,48,6279.746,"白霜らいふ",R,26,140,1.53,0.881,0.122,1.815,-36.552,1,0,-160.735,-200,48.056,0,0,0,4,0,R,"인생최패망자",190,86,0.427,0,59,0,0,0,0,0,0,0,0,0,0,0,0,0,0,0,0,0.004,-37.502,"あおいぬ",0.021,-16.91,"P0TA0",-22.597,-46.737,"あいくんだよー『아이 군』",-9.844,-64.089,"甲斐野柊太",17.599,-44.367,"shimenawa",12.774,-63.712,"-Alta-",37.281,-88,"紅さかな",-0.159,-112.534,"Pizzallaris",-36.476,-86.88,0,0,0,0,0,"",0,0,0,0,0,0,0,0,0,0
96,5,0,0,6,1,0,1,0,0,0,255,255,255,49,6289.634,"白霜らいふ",R,29,140,2.241,1.042,0.059,1.681,-36.409,4,0,-250,-147.827,84.64,0.862,-17.29,1,4,0,R,"인생최패망자",190,86,0.427,0,59,0,0,0,0,0,0,0,0,0,0,0,0,0,0,0,0,0.177,-36.854,"あおいぬ",0.029,-16.992,"P0TA0",-22.694,-46.591,"あいくんだよー『아이 군』",-10.006,-64.568,"甲斐野柊太",17.462,-44.361,"shimenawa",14.144,-63.547,"-Alta-",37.117,-89.043,"紅さかな",-0.398,-112.596,"Pizzallaris",-36.472,-86.878,0,0,0,0,0,"",0,0,0,0,0,0,0,0,0,0
97,5,0,0,6,1,1,1,0,0,0,255,255,255,50,6302.837,"白霜らいふ",R,29,132,1.26,0.803,0.1,1.967,-36.534,0,0,-250,-200,38.619,0,0,0,4,0,R,"인생최패망자",190,86,0.427,0,59,0,0,0,0,0,0,0,0,0,0,0,0,0,0,0,0,0.055,-37.188,"あおいぬ",0.031,-16.906,"P0TA0",-22.677,-46.534,"あいくんだよー『아이 군』",-10.008,-64.55,"甲斐野柊太",17.037,-44.743,"shimenawa",11.252,-64.24,"-Alta-",37.114,-89.042,"紅さかな",-0.114,-112.552,"Pizzallaris",-36.468,-86.876,0,0,0,0,0,"",0,0,0,0,0,0,0,0,0,0
98,5,0,0,6,1,2,1,0,0,0,255,255,255,51,6314.637,"白霜らいふ",R,11,102,0.85,0.904,-0.115,2.008,-37.515,0,0,0,236.533,0.564,0,0,1,4,0,R,"인생최패망자",190,86,0.427,0,59,0,0,0,0,0,0,0,0,0,0,0,0,0,0,0,0,-0.063,-37.552,"あおいぬ",-0.049,-16.869,"P0TA0",-22.697,-46.391,"あいくんだよー『아이 군』",-10.239,-63.954,"甲斐野柊太",17.141,-44.698,"shimenawa",8.435,-63.895,"-Alta-",37.122,-89.047,"紅さかな",-0.521,-112.8,"Pizzallaris",-36.476,-86.873,0,0,0,0,0,"",0,0,0,0,0,0,0,0,0,0
99,5,0,0,6,0,0,2,0,0,0,255,255,255,52,6338.277,"白霜らいふ",R,29,140,-2.937,-0.12,0.029,1.598,-36.467,1,0,-250,-8.526,84.049,0,0,0,5,8,L,"SOM_candy",180.2,103.048,0.65,0,59,0,0,0,0,0,0,0,0,0,0,0,0,0,0,0,0,-0.14,-37.129,"あおいぬ",-0.346,-16.85,"P0TA0",-22.201,-46.455,"あいくんだよー『아이 군』",-10.089,-65.083,"甲斐野柊太",17.212,-44.708,"shimenawa",13.182,-63.073,"-Alta-",37.398,-89.394,"紅さかな",0.267,-112.982,"Pizzallaris",-36.407,-86.734,0,0,0,0,0,"",0,0,0,0,0,0,0,0,0,0
100,5,0,0,6,1,0,2,0,0,0,255,255,255,53,6356.62,"白霜らいふ",R,27,134,-0.887,0.134,-0.119,1.726,-36.529,2,0,-67.21,-142.107,23.817,0,0,1,5,8,L,"SOM_candy",180.2,103.048,0.65,3,54,6357.659,195,98,35,133,144,128,35.708,-44.569,0.7,-0.029,-0.035,0.276,0,0,0,0.037,-37.014,"あおいぬ",-0.066,-17.008,"P0TA0",-22.05,-46.48,"あいくんだよー『아이 군』",-9.954,-64.956,"甲斐野柊太",17.205,-44.673,"shimenawa",14.201,-63.685,"-Alta-",37.721,-89.577,"紅さかな",0.263,-112.935,"Pizzallaris",-36.397,-86.745,6360.46,89.363,-83.155,0,0,"",0,0,0,0,0,0,0,0,0,3
101,5,0,0,6,1,1,2,0,0,0,255,255,255,54,6379.565,"白霜らいふ",R,3,103,-2.117,0.63,0.191,1.729,-36.762,2,0,-394.174,0,-22.38,0,0,1,5,8,L,"SOM_candy",180.2,103.048,0.65,3,54,6380.608,150,131,57,166,146,88,91.84,-39.743,-0.45,-0.053,0.027,0.215,0,0,0,-0.042,-37.208,"あおいぬ",-0.104,-17.014,"P0TA0",-22.156,-46.401,"あいくんだよー『아이 군』",-9.975,-62.914,"甲斐野柊太",18.115,-45.233,"shimenawa",15.569,-62.907,"-Alta-",42.372,-89.08,"紅さかな",0.911,-114.139,"Pizzallaris",-36.382,-86.894,0,0,0,6385.077,1,"あおいぬ",-3.348,-12.274,0,0,0,0,0,0,0,1
102,6,1,0,6,0,0,0,0,0,0,255,255,255,46,6443.773,"인생최패망자",R,26,140,-2.301,-0.191,-0.228,1.61,-36.39,1,0,47.098,-181.571,47.155,0,0,0,0,6,L,"-Alta-",179.7,88,0.5,0,59,0,0,0,0,0,0,0,0,0,0,0,0,0,0,0,0,-0.189,-37.652,"Pring__",-0.106,-16.684,"Megu3568",-20.783,-48.533,"ʚEveɞ",-11.784,-65.587,"HANA_ARASHI",24.868,-50.15,"Yaksok~",13.847,-63.573,"IbikiKai_JP",40.761,-92.401,"Gonyong",1.716,-117.397,"SOM_candy",-35.082,-84.993,0,0,0,0,0,"",0,0,0,0,0,0,0,0,0,0
103,6,1,0,6,1,0,0,0,0,0,255,255,255,47,6462.829,"인생최패망자",R,28,140,-0.097,-0.602,-0.016,1.563,-36.431,0,0,22.7,-87.216,12.553,0,0,0,0,6,L,"-Alta-",179.7,88,0.5,0,59,0,0,0,0,0,0,0,0,0,0,0,0,0,0,0,0,-0.104,-37.528,"Pring__",-0.051,-16.613,"Megu3568",-20.782,-48.453,"ʚEveɞ",-11.855,-65.576,"HANA_ARASHI",25.687,-49.364,"Yaksok~",13.145,-63.92,"IbikiKai_JP",42.151,-94.25,"Gonyong",1.715,-117.52,"SOM_candy",-35.382,-84.836,0,0,0,0,0,"",0,0,0,0,0,0,0,0,0,0
104,6,1,0,6,1,1,0,0,0,0,255,255,255,48,6479.588,"인생최패망자",R,10,106,-1.372,-0.914,-0.079,1.849,-36.685,0,0,0,400,1.413,0,0,1,0,6,L,"-Alta-",179.7,88,0.5,0,59,0,0,0,0,0,0,0,0,0,0,0,0,0,0,0,0,-0.088,-37.452,"Pring__",-0.113,-16.879,"Megu3568",-20.78,-48.481,"ʚEveɞ",-11.859,-65.566,"HANA_ARASHI",24.519,-49.861,"Yaksok~",13.152,-63.935,"IbikiKai_JP",41.914,-94.356,"Gonyong",1.718,-117.513,"SOM_candy",-35.381,-84.707,0,0,0,0,0,"",0,0,0,0,0,0,0,0,0,0
105,6,1,0,6,1,2,0,0,0,0,255,255,255,49,6496.181,"인생최패망자",R,26,140,-2.224,1.17,-0.196,1.846,-36.381,2,0,-36.269,-176.588,29.062,0,0,1,0,6,L,"-Alta-",179.7,88,0.5,3,59,6497.155,152,143,17,209,145,88,43.313,38.879,-0.29,0.053,-0.082,0.301,0,0,0,-0.326,-37.172,"Pring__",-0.186,-17.006,"Megu3568",-20.673,-48.406,"ʚEveɞ",-11.832,-65.487,"HANA_ARASHI",24.22,-49.718,"Yaksok~",13.17,-63.963,"IbikiKai_JP",43.108,-95.308,"Gonyong",2.021,-117.458,"SOM_candy",-35.956,-85.114,0,0,0,6547.26,7,"紅さかな",-0.25,-37.977,0,0,0,0,0,0,0,0
106,6,1,0,6,0,0,1,0,0,0,255,255,255,50,6555.379,"인생최패망자",R,26,139,0.508,-0.54,0.057,1.544,-36.352,2,0,-31.331,-159.34,50.181,0,0,1,1,4,R,"甲斐野柊太",190,86,0.2,3,34,6556.456,174,139,47,187,155,94,99.712,-76.437,-0.42,0.031,-0.228,0.375,0,0,0,0.096,-37.107,"Pring__",0.205,-16.8,"Megu3568",-20.735,-47.37,"ʚEveɞ",-13.321,-64.785,"HANA_ARASHI",24.252,-50.172,"Yaksok~",10.95,-64.747,"IbikiKai_JP",35.393,-91.543,"Gonyong",-4.18,-115.804,"SOM_candy",-37.535,-84.145,0,0,0,0,0,"",0,0,0,0,0,0,0,0,0,3
107,6,1,0,6,0,1,1,0,0,0,255,255,255,51,6665.239,"인생최패망자",R,38,96,6.179,0.576,0.439,1.765,-37.202,1,0,0,0,0,0,0,0,1,4,R,"甲斐野柊太",190,86,0.2,0,34,0,0,0,0,0,0,0,0,0,0,0,0,0,0,0,0,-0.008,-37.582,"Pring__",0.255,-16.758,"Megu3568",-20.582,-47.751,"ʚEveɞ",-13.971,-64.177,"HANA_ARASHI",24.295,-49.981,"Yaksok~",11.309,-65.215,"IbikiKai_JP",38.198,-91.884,"Gonyong",-5.819,-116.575,"SOM_candy",-39.789,-88.973,0,0,0,0,0,"",0,0,0,0,0,0,0,0,0,0
108,6,1,0,6,1,1,1,0,0,0,255,255,255,52,6682.842,"인생최패망자",R,0,118,1.298,0.709,0.121,1.827,-36.416,0,0,0,0,0,0,0,0,1,4,R,"甲斐野柊太",190,86,0.2,0,59,0,0,0,0,0,0,0,0,0,0,0,0,0,0,0,0,0.267,-37.49,"Pring__",0.159,-16.752,"Megu3568",-20.096,-47.212,"ʚEveɞ",-13.989,-64.193,"HANA_ARASHI",24.261,-50.379,"Yaksok~",11.315,-65.225,"IbikiKai_JP",38.18,-91.911,"Gonyong",-7.337,-118.805,"SOM_candy",-37.925,-86.197,0,0,0,0,0,"",0,0,0,0,0,0,0,0,0,0
109,6,1,0,6,1,2,1,0,0,0,255,255,255,53,6699.682,"인생최패망자",R,26,134,0.599,1.256,0.073,1.884,-36.34,4,0,-52.898,-177.079,17.031,0,0,1,1,4,R,"甲斐野柊太",190,86,0.2,0,59,0,0,0,0,0,0,0,0,0,0,0,0,0,0,0,0,-0.077,-37.84,"Pring__",0.101,-16.992,"Megu3568",-19.931,-44.445,"ʚEveɞ",-14.004,-64.118,"HANA_ARASHI",24.321,-50.421,"Yaksok~",9.11,-65.112,"IbikiKai_JP",38.538,-92.051,"Gonyong",-7.306,-118.795,"SOM_candy",-36.359,-84.067,0,0,0,0,0,"",0,0,0,0,0,0,0,0,0,0
110,6,1,0,6,0,0,2,0,0,0,255,255,255,54,6722.52,"인생최패망자",R,26,136,0.653,0.157,0.093,1.66,-36.293,2,0,-106.778,-200,36.305,0,0,1,2,8,R,"Pizzallaris",170.1,89.827,0.347,3,59,6723.567,148,93,20,73,141,83,26.265,5.627,-0.2,-0.113,-0.018,0.276,0,0,0,0.024,-37.181,"Pring__",0.06,-16.726,"Megu3568",-20.256,-46.735,"ʚEveɞ",-13.998,-64.125,"HANA_ARASHI",24.486,-51.128,"Yaksok~",11.074,-65.019,"IbikiKai_JP",41.047,-93.018,"Gonyong",-8.137,-100.277,"SOM_candy",-36.694,-84.081,0,0,0,6726.027,7,"Gonyong",-14.416,-81.3,0,0,0,0,0,0,0,1
111,6,1,0,6,0,0,2,0,0,0,255,255,255,54,7230.926,"인생최패망자",R,26,140,0.946,0.701,0.087,1.747,-36.294,0,0,4.047,-200,25.568,0,0,0,2,8,R,"Pizzallaris",170.1,89.827,0.347,0,59,0,0,0,0,0,0,0,0,0,0,0,0,0,0,0,0,0.071,-37.516,"Pring__",0.104,-16.73,"Megu3568",-19.456,-47.664,"ʚEveɞ",-12.384,-65.223,"HANA_ARASHI",24.663,-49.669,"Yaksok~",10.656,-64.686,"IbikiKai_JP",29.598,-85.136,"Gonyong",-3.704,-97.664,"SOM_candy",-36.338,-85.536,0,0,0,0,0,"",0,0,0,0,0,0,0,0,0,0
112,6,1,0,6,0,1,2,0,0,0,255,255,255,55,7245.315,"인생최패망자",R,26,138,1.026,0.944,0.094,1.783,-36.334,2,0,5.952,-200,30.326,0,0,1,2,8,R,"Pizzallaris",170.1,89.827,0.347,3,59,7246.382,117,153,20,236,142,82,40.387,-15.857,-0.44,-0.057,-0.035,0.332,0,0,0,-0.143,-37.131,"Pring__",0.115,-16.749,"Megu3568",-19.399,-47.56,"ʚEveɞ",-12.376,-65.15,"HANA_ARASHI",24.843,-50.163,"Yaksok~",11.291,-64.461,"IbikiKai_JP",31.222,-86.22,"Gonyong",-4.344,-98.513,"SOM_candy",-36.515,-85.67,7249.261,13.611,-76.862,7249.427,5,"Yaksok~",13.199,-75.014,0,0,0,0,0,0,0,1
113,6,0,0,6,0,0,0,0,0,0,255,255,255,55,7307.44,"白霜らいふ",R,10,106,1.004,-1.449,0.022,1.761,-36.732,1,0,100.802,400,27.438,0.248,-18.615,0,6,4,R,"HANA_ARASHI",190,86,0.25,0,59,0,0,0,0,0,0,0,0,0,0,0,0,0,0,0,0,-0.139,-37.306,"あおいぬ",-0.073,-16.829,"P0TA0",-22.843,-47.065,"あいくんだよー『아이 군』",-12.436,-62.411,"甲斐野柊太",19.29,-46.968,"shimenawa",13.432,-63.525,"-Alta-",38.236,-85.939,"紅さかな",0.175,-112.654,"Pizzallaris",-37.085,-86.176,0,0,0,0,0,"",0,0,0,0,0,0,0,0,0,0
114,6,0,0,6,1,0,0,0,0,0,255,255,255,56,7319.846,"白霜らいふ",R,26,140,0.98,-0.653,0.029,1.685,-36.503,0,0,-100.156,-200,40.237,0,0,0,6,4,R,"HANA_ARASHI",190,86,0.25,0,59,0,0,0,0,0,0,0,0,0,0,0,0,0,0,0,0,0.202,-37.752,"あおいぬ",0.013,-16.868,"P0TA0",-22.725,-46.674,"あいくんだよー『아이 군』",-12.531,-62.424,"甲斐野柊太",19.341,-46.976,"shimenawa",13.18,-63.838,"-Alta-",38.239,-85.924,"紅さかな",-0.028,-112.792,"Pizzallaris",-37.074,-86.107,0,0,0,0,0,"",0,0,0,0,0,0,0,0,0,0
115,6,0,0,6,1,1,0,0,0,0,255,255,255,57,7330.699,"白霜らいふ",R,10,128,1.189,-0.799,0.032,1.512,-36.554,2,0,28.521,400,75.775,0,0,1,6,4,R,"HANA_ARASHI",190,86,0.25,3,59,7331.746,128,92,11,125,140,90,98.666,77.87,-0.08,0.002,-0.155,0.102,0,0,0,0,-37.159,"あおいぬ",0.046,-16.99,"P0TA0",-22.688,-46.714,"あいくんだよー『아이 군』",-12.597,-62.455,"甲斐野柊太",19.264,-47.084,"shimenawa",14.384,-63.327,"-Alta-",38.235,-85.929,"紅さかな",-0.094,-112.833,"Pizzallaris",-37.066,-86.056,0,0,0,0,0,"",0,0,0,0,0,0,0,0,0,3
116,6,0,0,6,1,2,0,0,0,0,255,255,255,58,7347.646,"白霜らいふ",R,10,117,0.635,-0.951,0.104,1.497,-36.617,2,0,23.304,400,65.916,0,0,1,6,4,R,"HANA_ARASHI",190,86,0.25,3,59,7348.675,166,175,47,245,151,110,50,31.055,0.89,0.011,-0.192,0.377,0,0,0,0.307,-36.801,"あおいぬ",0.046,-16.992,"P0TA0",-22.433,-46.607,"あいくんだよー『아이 군』",-13.153,-63.334,"甲斐野柊太",18.743,-46.23,"shimenawa",13.861,-63.583,"-Alta-",37.5,-86.188,"紅さかな",0.269,-111.977,"Pizzallaris",-37.153,-86.108,7352.727,-50.846,-88.002,7352.86,8,"Pizzallaris",-49.812,-86.692,0,0,0,0,0,0,0,1
117,6,0,0,6,0,0,1,0,0,0,255,255,255,59,7376.315,"白霜らいふ",R,26,131,-2.319,1.245,-0.097,2.024,-36.73,2,0,-138.59,-200,13.823,0,0,0,7,6,L,"IbikiKai_JP",175,90,0.5,3,59,7377.369,175,100,18,160,142,84,-35.849,-37.156,-0.51,-0.101,-0.028,0.171,0,0,0,-0.137,-37.199,"あおいぬ",-0.056,-16.905,"P0TA0",-22.819,-47.133,"あいくんだよー『아이 군』",-8.081,-63.571,"甲斐野柊太",17.524,-43.169,"shimenawa",15.607,-63.372,"-Alta-",36.787,-81.604,"紅さかな",0.164,-112.476,"Pizzallaris",-37.533,-82.974,7375.36,0.839,-21.658,7377.011,4,"甲斐野柊太",14.202,-39.783,0,0,0,0,0,0,0,2
118,6,0,0,6,0,0,2,0,0,0,255,255,255,60,7408.782,"白霜らいふ",R,26,140,-0.868,0.479,-0.071,1.651,-36.495,2,0,-63.925,-200,39.596,0,0,1,8,3,L,"ʚEveɞ",174.4,94.542,0.398,3,59,7409.765,163,19,0,57,72,64,-22.5,14.98,0.77,0.117,-0.082,0,0,0,0,0.077,-36.983,"あおいぬ",-0.061,-17.026,"P0TA0",-22.199,-46.338,"あいくんだよー『아이 군』",-10.218,-63.511,"甲斐野柊太",17.529,-43.272,"shimenawa",14.929,-63.753,"-Alta-",41.502,-83.457,"紅さかな",0.112,-108.223,"Pizzallaris",-38.228,-82.642,7407.894,-0.76,-21.268,7410.777,3,"あいくんだよー『아이 군』",-10.285,-53.995,0,256,0,0,0,0,0,2
119,7,1,0,6,0,0,0,0,0,0,255,255,255,56,7467.754,"인생최패망자",R,26,138,0.918,1.103,0.11,1.851,-36.404,1,0,-81.075,-200,36.703,0,0,0,3,1,R,"あおいぬ",190,107,0.665,0,59,0,0,0,0,0,0,0,0,0,0,0,0,0,0,0,0,0.148,-37.517,"Pring__",0.148,-16.709,"Megu3568",-20.525,-47.076,"ʚEveɞ",-14.54,-63.711,"HANA_ARASHI",24.78,-51.019,"Yaksok~",10.648,-64.595,"IbikiKai_JP",30.35,-94.604,"Gonyong",-8.223,-100.036,"SOM_candy",-37.546,-85.691,0,0,0,0,0,"",0,0,0,0,0,0,0,0,0,0
120,7,1,0,6,1,0,0,0,0,0,255,255,255,57,7482.992,"인생최패망자",R,26,135,1.377,0.494,0.139,1.732,-36.431,0,0,-34.373,-200,18.833,0,0,0,3,1,R,"あおいぬ",190,107,0.665,0,59,0,0,0,0,0,0,0,0,0,0,0,0,0,0,0,0,0.1,-37.275,"Pring__",0.124,-16.672,"Megu3568",-20.422,-47.145,"ʚEveɞ",-14.463,-63.827,"HANA_ARASHI",25.073,-50.673,"Yaksok~",10.615,-64.583,"IbikiKai_JP",30.33,-94.561,"Gonyong",-8.003,-100.061,"SOM_candy",-37.607,-85.777,0,0,0,0,0,"",0,0,0,0,0,0,0,0,0,0
121,7,1,0,6,1,1,0,0,0,0,255,255,255,58,7499.482,"인생최패망자",R,26,124,0.535,-0.282,0.087,1.576,-36.348,2,0,-108.287,-200,19.827,0,0,1,3,1,R,"あおいぬ",190,107,0.665,3,59,7500.572,212,143,64,173,155,129,33.137,31.1,0.29,-0.105,-0.044,0.296,0,0,0,-0.186,-37.093,"Pring__",0.179,-16.807,"Megu3568",-20.39,-47,"ʚEveɞ",-14.124,-63.938,"HANA_ARASHI",25.172,-50.71,"Yaksok~",10.505,-64.621,"IbikiKai_JP",30.074,-94.626,"Gonyong",-8.213,-100.158,"SOM_candy",-37.059,-83.506,7504.061,-41.113,-128.936,0,0,"",0,0,0,0,0,0,0,0,0,4
122,7,1,1,6,0,0,0,0,0,0,255,255,255,59,7551.545,"인생최패망자",R,0,114,2.135,1.637,0.307,2.037,-36.797,1,0,34.509,-48.496,-0.085,0,0,0,4,2,R,"P0TA0",190,100,0.443,0,59,0,0,0,0,0,0,0,0,0,0,0,0,0,0,0,0,0.112,-37.365,"Pring__",0.175,-16.685,"Megu3568",-20.145,-47.064,"ʚEveɞ",-13.965,-64.262,"HANA_ARASHI",23.653,-50.498,"Yaksok~",9.919,-64.271,"IbikiKai_JP",34.812,-94.62,"Gonyong",-8.829,-111.118,"SOM_candy",-37.59,-86.69,0,0,0,0,0,"",0,0,0,0,0,0,0,0,0,0
123,7,1,1,6,1,0,0,0,0,0,255,255,255,60,7571.594,"인생최패망자",R,26,140,0.839,-0.031,0.096,1.633,-36.275,0,0,-59.619,-200,34.115,0,0,0,4,2,R,"P0TA0",190,100,0.443,0,59,0,0,0,0,0,0,0,0,0,0,0,0,0,0,0,0,0.065,-37.319,"Pring__",0.023,-16.612,"Megu3568",-20.042,-47,"ʚEveɞ",-13.956,-64.241,"HANA_ARASHI",24.462,-50.307,"Yaksok~",9.934,-64.256,"IbikiKai_JP",35.101,-94.544,"Gonyong",-8.838,-111.225,"SOM_candy",-37.724,-86.901,0,0,0,0,0,"",0,0,0,0,0,0,0,0,0,0
124,7,1,1,6,1,1,0,0,0,0,255,255,255,61,7586.358,"인생최패망자",R,0,134,0.888,0.392,0.086,1.756,-36.326,0,0,-11.163,-33.438,4.81,0,0,0,4,2,R,"P0TA0",190,100,0.443,0,59,0,0,0,0,0,0,0,0,0,0,0,0,0,0,0,0,0.094,-37.286,"Pring__",0.109,-16.853,"Megu3568",-20.009,-47.039,"ʚEveɞ",-13.954,-64.241,"HANA_ARASHI",24.169,-50.842,"Yaksok~",9.929,-64.257,"IbikiKai_JP",35.094,-94.521,"Gonyong",-8.798,-111.131,"SOM_candy",-37.571,-86.713,0,0,0,0,0,"",0,0,0,0,0,0,0,0,0,0
125,7,1,1,6,1,2,0,0,0,0,255,255,255,62,7602.824,"인생최패망자",R,13,91,-2.811,-1.584,-0.142,1.496,-36.378,4,0,-316.709,321.618,7.497,0,0,1,4,2,R,"P0TA0",190,100,0.443,0,59,0,0,0,0,0,0,0,0,0,0,0,0,0,0,0,0,-0.029,-37.477,"Pring__",-0.922,-17.437,"Megu3568",-19.741,-44.521,"ʚEveɞ",-13.963,-64.259,"HANA_ARASHI",24.446,-50.44,"Yaksok~",7.046,-64.495,"IbikiKai_JP",35.077,-94.546,"Gonyong",-8.797,-111.059,"SOM_candy",-37.585,-87.128,0,0,0,0,0,"",0,0,0,0,0,0,0,0,0,0
126,7,1,1,6,0,0,1,0,0,0,255,255,255,63,7626.295,"인생최패망자",R,26,131,1.504,1.527,0.122,1.883,-36.485,1,0,54.54,-173.53,18.571,0,0,0,5,7,R,"紅さかな",172.5,96.324,0.453,0,59,0,0,0,0,0,0,0,0,0,0,0,0,0,0,0,0,0.25,-37.613,"Pring__",-0.177,-16.371,"Megu3568",-20.163,-46.364,"ʚEveɞ",-13.766,-64.324,"HANA_ARASHI",23.112,-49.725,"Yaksok~",9.981,-63.984,"IbikiKai_JP",35.881,-97.088,"Gonyong",-8.826,-111.088,"SOM_candy",-37.243,-86.017,0,0,0,0,0,"",0,0,0,0,0,0,0,0,0,0
127,7,1,1,6,1,0,1,0,0,0,255,255,255,64,7639.944,"인생최패망자",R,26,138,0.857,-0.066,0.077,1.627,-36.295,2,0,7.993,-200,15.062,0,0,1,5,7,R,"紅さかな",172.5,96.324,0.453,3,59,7641.116,255,170,41,237,155,90,11.173,24.556,-0.43,0.015,-0.055,0.327,0,0,0,0.067,-37.065,"Pring__",0.07,-16.473,"Megu3568",-20.015,-46.245,"ʚEveɞ",-13.739,-64.248,"HANA_ARASHI",23.143,-49.784,"Yaksok~",9.968,-63.965,"IbikiKai_JP",36.083,-97.024,"Gonyong",-8.824,-111.163,"SOM_candy",-37.114,-86.033,7641.644,-16.582,-69.468,7644.61,7,"Gonyong",-23.998,-101.642,1,0,0,0,0,0,0,2
128,7,1,1,6,0,0,1,1,0,0,7,255,255,65,7673.011,"인생최패망자",R,27,131,0.279,-0.371,0.038,1.583,-36.312,0,0,-37.573,-126.443,16.297,0,0,1,6,0,R,"白霜らいふ",190,100.088,0.697,0,59,0,0,0,0,0,0,0,0,0,0,0,0,0,0,0,0,0.23,-37.22,"Pring__",-0.053,-17.175,"Megu3568",-19.192,-44.554,"ʚEveɞ",-13.482,-64.818,"HANA_ARASHI",22.94,-50.515,"Yaksok~",5.298,-63.303,"IbikiKai_JP",28.64,-103.4,"Gonyong",-9.497,-106.594,"SOM_candy",-38.128,-85.299,0,0,0,0,0,"",0,0,0,0,0,0,0,0,0,0
129,7,1,1,6,0,1,1,1,0,0,7,255,255,66,7687.425,"인생최패망자",R,26,134,1.265,0.873,0.108,1.812,-36.34,2,0,30.612,-175.726,26.042,0,0,1,6,0,R,"白霜らいふ",190,100.088,0.697,2,59,7688.527,234,138,36,196,155,96,7.29,15.224,-0.53,-0.09,-0.117,0.375,0,0,0,0.104,-37.111,"Pring__",0.076,-16.877,"Megu3568",-18.599,-43.463,"ʚEveɞ",-13.454,-64.789,"HANA_ARASHI",23.706,-50.813,"Yaksok~",7.766,-63.861,"IbikiKai_JP",28.706,-103.392,"Gonyong",-9.544,-106.703,"SOM_candy",-38.572,-85.112,7688.41,-7.296,-64.521,7690.693,7,"Gonyong",-9.023,-94.096,1,0,0,0,0,0,0,2
130,7,1,1,6,0,0,1,1,1,1,5,0,7,67,7792.038,"인생최패망자",R,11,105,0.644,-1.088,0.077,1.687,-36.715,4,0,0,158.411,2.869,0,0,1,8,3,L,"あいくんだよー『아이 군』",174.7,90,0.4,0,58,0,0,0,0,0,0,0,0,0,0,0,0,0,0,0,0,0.125,-37.319,"Pring__",0.157,-16.72,"Megu3568",-19.452,-44.045,"ʚEveɞ",-13.075,-64.939,"HANA_ARASHI",22.276,-47.266,"Yaksok~",11.943,-64.35,"IbikiKai_JP",41.524,-74.957,"Gonyong",2.658,-106.052,"SOM_candy",-37.406,-86.523,0,0,0,0,0,"",0,0,0,0,0,0,0,0,0,0
131,7,1,1,6,1,0,1,1,1,1,5,0,7,68,7867.757,"인생최패망자",R,7,101,2.392,-1.244,0.176,1.388,-36.388,1,0,232.831,0,12.612,0,0,0,8,3,L,"あいくんだよー『아이 군』",174.7,90,0.4,0,58,0,0,0,0,0,0,0,0,0,0,0,0,0,0,0,0,-0.119,-37.9,"Pring__",0.218,-16.554,"Megu3568",-18.797,-45.432,"ʚEveɞ",-12.298,-63.998,"HANA_ARASHI",22.311,-48.486,"Yaksok~",7.744,-63.451,"IbikiKai_JP",42.088,-75.528,"Gonyong",2.605,-106.206,"SOM_candy",-35.885,-79.672,0,0,0,0,0,"",0,0,0,0,0,0,0,0,0,0
132,7,1,1,6,2,0,1,1,1,1,5,0,7,69,7885.012,"인생최패망자",R,27,133,0.214,1.148,0.016,1.847,-36.467,4,0,13.192,-106.456,14.871,0,0,1,8,3,L,"あいくんだよー『아이 군』",174.7,90,0.4,0,58,0,0,0,0,0,0,0,0,0,0,0,0,0,0,0,0,-0.09,-37.349,"Pring__",-0.034,-16.527,"Megu3568",-19.29,-44.993,"ʚEveɞ",-12.341,-64.01,"HANA_ARASHI",23.572,-48.597,"Yaksok~",11.268,-64.232,"IbikiKai_JP",42.098,-75.512,"Gonyong",2.638,-106.171,"SOM_candy",-35.509,-79.174,0,0,0,0,0,"",0,0,0,0,0,0,0,0,0,0
133,7,1,1,6,2,1,1,1,1,1,5,0,7,70,7902.577,"인생최패망자",R,27,131,-0.817,2.293,-0.083,2.024,-36.438,1,0,20.463,-142.797,22.934,0,0,0,8,3,L,"あいくんだよー『아이 군』",174.7,90,0.4,0,58,0,0,0,0,0,0,0,0,0,0,0,0,0,0,0,0,-0.047,-37.485,"Pring__",-0.039,-16.534,"Megu3568",-18.665,-44.558,"ʚEveɞ",-12.336,-64.036,"HANA_ARASHI",21.98,-47.628,"Yaksok~",11.096,-64.294,"IbikiKai_JP",42.079,-75.549,"Gonyong",4.067,-105.791,"SOM_candy",-35.525,-79.212,0,0,0,0,0,"",0,0,0,0,0,0,0,0,0,0
134,7,1,1,6,3,1,1,1,1,1,5,0,7,71,7916.471,"인생최패망자",R,26,137,-1.012,-0.113,-0.098,1.619,-36.26,0,0,13.826,-200,37.385,0,0,0,8,3,L,"あいくんだよー『아이 군』",174.7,90,0.4,0,58,0,0,0,0,0,0,0,0,0,0,0,0,0,0,0,0,-0.11,-37.597,"Pring__",-0.043,-16.467,"Megu3568",-19.07,-44.511,"ʚEveɞ",-12.329,-64.012,"HANA_ARASHI",21.661,-47.967,"Yaksok~",11.104,-64.298,"IbikiKai_JP",42.097,-75.515,"Gonyong",3.917,-106.035,"SOM_candy",-35.501,-79.188,0,0,0,0,0,"",0,0,0,0,0,0,0,0,0,0
135,7,1,1,6,3,2,1,1,1,1,5,0,7,72,7936.452,"인생최패망자",R,28,135,-2.082,0.028,-0.186,1.673,-36.326,1,0,-26.767,-76.467,13.564,0,0,0,8,3,L,"あいくんだよー『아이 군』",174.7,90,0.4,0,58,0,0,0,0,0,0,0,0,0,0,0,0,0,0,0,0,-0.148,-37.283,"Pring__",-0.128,-16.405,"Megu3568",-19.689,-41.688,"ʚEveɞ",-12.334,-64.019,"HANA_ARASHI",22.171,-46.847,"Yaksok~",8.711,-64.548,"IbikiKai_JP",42.019,-75.577,"Gonyong",3.904,-105.978,"SOM_candy",-35.574,-79.742,0,0,0,0,0,"",0,0,0,0,0,0,0,0,0,5
136,7,1,2,6,0,0,1,1,1,1,3,5,0,73,7968.613,"인생최패망자",R,26,137,-0.828,-0.688,-0.088,1.521,-36.337,0,0,37.423,-189.268,38.756,0,0,1,0,6,L,"-Alta-",179.7,88,0.5,0,58,0,0,0,0,0,0,0,0,0,0,0,0,0,0,0,0,0.029,-37.449,"Pring__",-0.041,-16.584,"Megu3568",-19.661,-44.264,"ʚEveɞ",-12.327,-64.027,"HANA_ARASHI",22.943,-48.067,"Yaksok~",12.601,-63.316,"IbikiKai_JP",41.994,-94.051,"Gonyong",3.725,-117.755,"SOM_candy",-36.9,-83.586,0,0,0,0,0,"",0,0,0,0,0,0,0,0,0,0
137,7,1,2,6,0,1,1,1,1,1,3,5,0,74,7987.66,"인생최패망자",R,13,88,-0.687,-1.531,0.062,1.619,-36.489,2,0,-197.564,400,2.551,0,0,1,0,6,L,"-Alta-",179.7,88,0.5,3,58,7988.844,181,171,82,244,155,120,-17.596,-20.523,0.18,0.075,-0.296,0.248,0,0,0,-0.239,-37.16,"Pring__",-0.048,-17.114,"Megu3568",-19.035,-44.848,"ʚEveɞ",-12.31,-63.989,"HANA_ARASHI",22.389,-47.78,"Yaksok~",11.207,-64.364,"IbikiKai_JP",43.024,-93.48,"Gonyong",3.271,-117.64,"SOM_candy",-37.352,-83.741,7986.794,0.452,-22.515,7990.511,6,"IbikiKai_JP",30.194,-96.438,1,0,0,0,0,0,0,2
138,7,1,3,6,0,0,1,1,1,1,6,3,5,0,8212.313,"HANA_ARASHI",R,0,140,0.926,0.958,0.086,1.91,-36.448,0,0,0,0,0,0,0,1,1,4,R,"甲斐野柊太",190,86,0.2,0,34,0,0,0,0,0,0,0,0,0,0,0,0,0,0,0,0,-0.088,-37.448,"Pring__",0.145,-16.645,"Megu3568",-18.714,-44.479,"ʚEveɞ",-13.613,-64.236,"인생최패망자",16.965,-45.65,"Yaksok~",10.23,-64.728,"IbikiKai_JP",31.961,-91.31,"Gonyong",-3.814,-114.924,"SOM_candy",-38.225,-85.51,0,0,0,0,0,"",0,0,0,0,0,0,0,0,0,0
139,7,1,3,6,0,1,1,1,1,1,6,3,5,1,8231.759,"HANA_ARASHI",R,0,140,1.632,1.391,0.152,1.994,-36.464,2,0,0,0,0,0,0,1,1,4,R,"甲斐野柊太",190,86,0.2,3,34,8232.796,101,58,23,105,125,78,32.254,47.498,-0.39,0.124,-0.048,0.139,0,0,0,-0.065,-36.937,"Pring__",0.215,-16.759,"Megu3568",-18.711,-44.484,"ʚEveɞ",-13.658,-64.227,"인생최패망자",16.938,-46.865,"Yaksok~",11.012,-64.539,"IbikiKai_JP",32.122,-91.238,"Gonyong",-1.059,-117.401,"SOM_candy",-38.396,-85.775,8234.46,-44.982,-55.559,0,0,"",0,0,0,0,0,0,0,0,0,3
140,7,1,3,6,0,2,1,1,1,1,6,3,5,2,8256.421,"HANA_ARASHI",R,13,110,-2.211,-1.354,-0.147,1.794,-36.386,4,0,-256.328,400,-0.624,0,0,1,1,4,R,"甲斐野柊太",190,86,0.2,0,34,0,0,0,0,0,0,0,0,0,0,0,0,0,0,0,0,-0.317,-37.48,"Pring__",-0.272,-16.909,"Megu3568",-19.669,-43.296,"ʚEveɞ",-13.768,-64.547,"인생최패망자",17.352,-45.086,"Yaksok~",7.49,-64.119,"IbikiKai_JP",30.012,-90.897,"Gonyong",-6.448,-116.283,"SOM_candy",-38.349,-84.725,0,0,0,0,0,"",0,0,0,0,0,0,0,0,0,0
141,7,1,3,6,0,0,2,1,1,1,6,3,5,3,8278.566,"HANA_ARASHI",R,0,140,3.454,-1.091,0.064,1.749,-36.366,2,0,0,0,0,0,0,1,2,8,R,"Pizzallaris",170.1,89.827,0.347,3,58,8279.589,167,126,23,157,148,88,-30.893,-21.105,-0.1,-0.057,-0.032,0.332,0,0,0,-0.041,-36.741,"Pring__",0.092,-16.82,"Megu3568",-19.49,-46.071,"ʚEveɞ",-13.78,-64.504,"인생최패망자",16.37,-47.997,"Yaksok~",10.77,-64.177,"IbikiKai_JP",30.209,-89.838,"Gonyong",-9.492,-98.499,"SOM_candy",-35.72,-76.725,8277.511,0.651,-21.083,8279.244,4,"인생최패망자",9.894,-45.065,0,0,0,0,0,0,0,2
142,7,0,3,6,0,0,0,0,0,0,255,255,255,61,8334.539,"白霜らいふ",R,10,109,1.299,-1.596,0.068,1.736,-36.647,2,0,68.286,400,21.376,0,0,1,0,5,R,"Yaksok~",173.1,86,0.303,3,58,8335.427,166,129,18,166,147,94,-15.847,39.847,0.93,-0.133,-0.102,0.497,0,0,0,-0.02,-37.229,"あおいぬ",0.056,-17.061,"P0TA0",-22.633,-46.983,"あいくんだよー『아이 군』",-11.257,-64.074,"甲斐野柊太",16.905,-43.877,"shimenawa",14.656,-62.823,"-Alta-",37.068,-86.754,"紅さかな",0.322,-110.778,"Pizzallaris",-37.208,-85.882,8333.427,-1.018,-22.351,8337.294,8,"Pizzallaris",-42.393,-73.241,1,0,0,0,0,0,0,2
143,7,0,3,6,0,0,0,1,0,0,14,255,255,62,8496.243,"白霜らいふ",R,10,122,0.478,-1.485,0.045,1.76,-36.628,1,0,0.122,400,34.041,0.094,-18.426,0,1,2,R,"Megu3568",174.7,86,0.404,0,58,0,0,0,0,0,0,0,0,0,0,0,0,0,0,0,0,0.055,-37.341,"あおいぬ",0.716,-19.064,"P0TA0",-18.007,-41.724,"あいくんだよー『아이 군』",-7.272,-61.63,"甲斐野柊太",16.377,-44.737,"shimenawa",0.006,-57.076,"-Alta-",40.148,-88.849,"紅さかな",0.329,-113.914,"Pizzallaris",-37.137,-84.014,0,0,0,0,0,"",0,0,0,0,0,0,0,0,0,0
144,7,0,3,6,1,0,0,0,1,0,255,14,255,63,8520.571,"白霜らいふ",R,6,126,1.955,-0.481,-0.049,1.525,-36.515,1,0,415.651,219.875,89.052,1.128,-16.992,0,1,2,R,"Megu3568",174.7,86,0.404,0,58,0,0,0,0,0,0,0,0,0,0,0,0,0,0,0,0,0.181,-37.475,"あおいぬ",0.786,-16.635,"P0TA0",-21.822,-46.021,"あいくんだよー『아이 군』",-10.751,-61.328,"甲斐野柊太",18.736,-41.723,"shimenawa",1.947,-57.898,"-Alta-",40.467,-88.716,"紅さかな",0.441,-114.464,"Pizzallaris",-37.412,-83.975,0,0,0,0,0,"",0,0,0,0,0,0,0,0,0,0
145,7,0,3,6,2,0,0,0,0,1,255,255,14,64,8556.764,"白霜らいふ",R,27,140,-7.783,-2.735,0.083,1.605,-36.457,2,0,-29.238,-126.066,23.911,0,0,1,1,2,R,"Megu3568",174.7,86,0.404,3,58,8557.845,150,72,14,136,136,83,-10.288,7.741,-0.02,0.014,-0.038,0.137,0,0,0,0.002,-37.076,"あおいぬ",0.051,-17.076,"P0TA0",-22.233,-46.552,"あいくんだよー『아이 군』",-10.695,-61.328,"甲斐野柊太",17.121,-43.058,"shimenawa",14.485,-63.596,"-Alta-",40.889,-89.035,"紅さかな",0.385,-114.253,"Pizzallaris",-37.252,-83.858,8555.927,-0.431,-24.59,8556.844,0,"白霜らいふ",-1.25,-36.249,0,0,0,0,0,0,0,2
146,7,0,3,6,0,0,1,0,0,1,255,255,14,65,8612.416,"白霜らいふ",R,5,113,-0.452,-0.59,0.509,1.723,-36.907,0,0,-104.504,0,-14.965,0,0,1,2,7,R,"Gonyong",174.7,105.148,0.2,0,48,0,0,0,0,0,0,0,0,0,0,0,0,0,0,0,0,-0.111,-37.761,"あおいぬ",-0.171,-17.257,"P0TA0",-22.181,-46.444,"あいくんだよー『아이 군』",-12.024,-61.059,"甲斐野柊太",17.868,-42.237,"shimenawa",11.386,-63.069,"-Alta-",38.404,-84.077,"紅さかな",-1.235,-107.4,"Pizzallaris",-37.321,-83.772,0,0,0,0,0,"",0,0,0,0,0,0,0,0,0,0
147,7,0,3,6,0,1,1,0,0,1,255,255,14,66,8628.128,"白霜らいふ",R,3,112,-2.956,-1.041,0.388,1.433,-36.54,4,0,-411.022,0,-32.282,0,0,1,2,7,R,"Gonyong",174.7,105.148,0.2,0,48,0,0,0,0,0,0,0,0,0,0,0,0,0,0,0,0,-0.179,-37.628,"あおいぬ",-0.354,-17.073,"P0TA0",-22.27,-46.318,"あいくんだよー『아이 군』",-12.039,-61.068,"甲斐野柊太",17.167,-43.631,"shimenawa",10.534,-63.382,"-Alta-",38.399,-84.076,"紅さかな",-1.574,-106.649,"Pizzallaris",-37.348,-83.739,0,0,0,0,0,"",0,0,0,0,0,0,0,0,0,0
148,7,0,3,6,0,2,1,0,0,1,255,255,14,67,8642.945,"白霜らいふ",R,3,119,-2.798,-0.795,0.463,1.666,-36.792,2,0,-423.874,0,-26.569,0,0,1,2,7,R,"Gonyong",174.7,105.148,0.2,3,48,8643.861,143,101,46,113,143,77,25.197,32.319,0.97,-0.068,-0.038,0.202,0,0,0,-0.084,-36.977,"あおいぬ",-0.167,-17.033,"P0TA0",-22.308,-46.29,"あいくんだよー『아이 군』",-11.934,-60.98,"甲斐野柊太",17.672,-41.813,"shimenawa",13.971,-63.484,"-Alta-",38.389,-84.08,"紅さかな",-0.763,-108.254,"Pizzallaris",-37.244,-83.757,8645.377,-34.759,-62.671,8646.311,8,"Pizzallaris",-38.615,-67.277,1,0,0,0,0,0,0,2
149,7,0,3,7,0,0,1,1,0,0,16,255,255,68,8675.464,"白霜らいふ",R,10,116,1.173,-0.846,0.034,1.519,-36.535,2,0,52.052,400,54.479,0,0,1,3,1,L,"Pring__",180.3,94.883,0.396,3,88,8676.207,214,195,63,242,155,105,25.162,-21.834,0.92,0.003,-0.069,0.348,0,0,0,0.032,-37.126,"あおいぬ",0.059,-16.964,"P0TA0",-18.483,-39.567,"あいくんだよー『아이 군』",-7.66,-62.006,"甲斐野柊太",20.264,-46.223,"shimenawa",11.748,-61.864,"-Alta-",38.566,-83.709,"紅さかな",-0.35,-104.867,"Pizzallaris",-36.972,-86.232,8678.561,46.38,-94.328,8681.927,6,"-Alta-",51.401,-99.939,1,0,0,0,0,0,0,2
150,7,0,3,7,0,0,1,1,1,0,10,16,255,69,8709.764,"白霜らいふ",R,10,112,1.176,-0.984,0.123,1.549,-36.558,1,0,0,400,35.756,0.191,-17.683,0,4,4,R,"인생최패망자",190,86,0.427,0,58,0,0,0,0,0,0,0,0,0,0,0,0,0,0,0,0,-0.091,-37.654,"あおいぬ",0.041,-17.241,"P0TA0",-19.472,-41.783,"あいくんだよー『아이 군』",-9.55,-61.905,"甲斐野柊太",18.94,-45.707,"shimenawa",5.693,-62.055,"-Alta-",38.162,-87.594,"紅さかな",0.485,-110.708,"Pizzallaris",-37.1,-86.626,0,0,0,0,0,"",0,0,0,0,0,0,0,0,0,0
151,7,0,3,7,0,1,1,1,1,0,10,16,255,70,8731.225,"白霜らいふ",R,10,114,1.17,-0.55,0.116,1.433,-36.477,2,0,0,400,74.036,0,0,1,4,4,R,"인생최패망자",190,86,0.427,3,58,8732.344,154,148,84,155,147,117,-15.932,-37.488,0.84,-0.003,-0.178,0.225,0,0,0,0.251,-37.157,"あおいぬ",0.04,-17.056,"P0TA0",-19.832,-42.292,"あいくんだよー『아이 군』",-12.211,-60.752,"甲斐野柊太",17.982,-44.898,"shimenawa",11.036,-61.201,"-Alta-",39.569,-88.642,"紅さかな",0.437,-111.223,"Pizzallaris",-36.889,-86.709,8730.36,2.877,-24.348,8731.644,4,"甲斐野柊太",18.805,-42.281,0,16,0,0,0,0,0,2
152,8,1,3,7,0,0,0,0,0,0,255,255,255,4,8795.889,"HANA_ARASHI",R,0,139,1.686,0.797,0.157,1.879,-36.46,4,0,0,0,0,0,0,1,3,1,R,"あおいぬ",190,107,0.665,0,58,0,0,0,0,0,0,0,0,0,0,0,0,0,0,0,0,0.009,-37.366,"Pring__",0.249,-16.698,"Megu3568",-20.208,-47.528,"ʚEveɞ",-13.623,-64.573,"인생최패망자",16.781,-46.904,"Yaksok~",9.031,-65.399,"IbikiKai_JP",32.276,-100.405,"Gonyong",-2.632,-107.367,"SOM_candy",-38.677,-88.148,0,0,0,0,0,"",0,0,0,0,0,0,0,0,0,0
153,8,1,3,7,0,1,0,0,0,0,255,255,255,5,8813.155,"HANA_ARASHI",R,0,137,1,1.584,0.093,2.031,-36.501,1,0,0,0,0,0,0,0,3,1,R,"あおいぬ",190,107,0.665,0,58,0,0,0,0,0,0,0,0,0,0,0,0,0,0,0,0,0.074,-37.242,"Pring__",-0.496,-16.89,"Megu3568",-20.234,-47.589,"ʚEveɞ",-13.632,-64.561,"인생최패망자",16.644,-48.11,"Yaksok~",8.481,-64.886,"IbikiKai_JP",32.258,-100.46,"Gonyong",-2.554,-107.352,"SOM_candy",-36.6,-83.342,0,0,0,0,0,"",0,0,0,0,0,0,0,0,0,0
154,8,1,3,7,1,1,0,0,0,0,255,255,255,6,8832.253,"HANA_ARASHI",R,11,134,2.277,0.382,0.212,1.86,-36.429,2,0,0,190.84,-2.029,0,0,1,3,1,R,"あおいぬ",190,107,0.665,3,58,8833.299,99,55,8,94,99,67,-6.834,-22.394,-0.54,-0.003,-0.013,0.237,0,0,0,0.164,-36.902,"Pring__",0.301,-16.736,"Megu3568",-20.084,-47.433,"ʚEveɞ",-13.627,-64.533,"인생최패망자",16.417,-46.94,"Yaksok~",10.52,-63.783,"IbikiKai_JP",32.288,-100.435,"Gonyong",-2.568,-107.341,"SOM_candy",-36.516,-83.136,8831.544,2.753,-25.8,8833.277,4,"인생최패망자",8.516,-43.773,0,0,0,0,0,0,0,2
155,8,1,3,7,0,0,1,0,0,0,255,255,255,7,8867.3,"HANA_ARASHI",R,13,116,-2.4,-0.371,-0.09,1.795,-36.396,4,0,-345.612,361.32,11.325,0,0,1,4,2,R,"P0TA0",190,100,0.443,0,58,0,0,0,0,0,0,0,0,0,0,0,0,0,0,0,0,-0.178,-37.429,"Pring__",-0.072,-16.731,"Megu3568",-20.398,-47.044,"ʚEveɞ",-13.816,-64.642,"인생최패망자",16.154,-47.245,"Yaksok~",10.578,-64.583,"IbikiKai_JP",33.397,-101.266,"Gonyong",-3.675,-116.481,"SOM_candy",-36.112,-82.338,0,0,0,0,0,"",0,0,0,0,0,0,0,0,0,0
156,8,1,3,7,0,1,1,0,0,0,255,255,255,8,8921.117,"HANA_ARASHI",R,0,135,1.823,0.675,0.17,1.855,-36.439,1,0,0,0,0,0,0,0,4,2,R,"P0TA0",190,100,0.443,0,22,0,0,0,0,0,0,0,0,0,0,0,0,0,0,0,0,0.069,-37.232,"Pring__",0.227,-16.603,"Megu3568",-20.179,-46.357,"ʚEveɞ",-13.514,-64.384,"인생최패망자",16.416,-48.238,"Yaksok~",9.142,-64.731,"IbikiKai_JP",33.387,-101.259,"Gonyong",-4.29,-115.762,"SOM_candy",-35.932,-81.091,0,0,0,0,0,"",0,0,0,0,0,0,0,0,0,0
157,8,1,3,7,1,1,1,0,0,0,255,255,255,9,8941.84,"HANA_ARASHI",R,0,140,0.673,-0.155,0.063,1.695,-36.425,2,0,0,0,0,0,0,1,4,2,R,"P0TA0",190,100,0.443,2,22,8942.622,155,94,7,151,141,88,-11.428,19.02,-0.53,-0.018,-0.052,0.309,0,0,0,-0.138,-36.991,"Pring__",0.095,-16.628,"Megu3568",-20.084,-46.338,"ʚEveɞ",-13.591,-64.467,"인생최패망자",16.432,-48.406,"Yaksok~",10.571,-64.21,"IbikiKai_JP",33.393,-101.241,"Gonyong",-4.251,-115.91,"SOM_candy",-36.235,-82.272,8940.727,-1.262,-23.172,8942.927,3,"ʚEveɞ",-13.131,-58.977,0,0,0,0,0,0,0,2
158,8,1,3,7,0,0,2,0,0,0,255,255,255,10,8971.722,"HANA_ARASHI",R,13,118,1.178,-0.309,0.2,1.826,-36.403,0,0,-242.053,400,14.535,0,0,0,5,7,R,"紅さかな",172.5,96.324,0.453,0,47,0,0,0,0,0,0,0,0,0,0,0,0,0,0,0,0,0.005,-37.409,"Pring__",0.116,-16.576,"Megu3568",-20.487,-47.049,"ʚEveɞ",-13.917,-64.67,"인생최패망자",16.932,-49.205,"Yaksok~",10.095,-65.3,"IbikiKai_JP",31.944,-100.081,"Gonyong",-6.118,-113.901,"SOM_candy",-36.007,-82.369,0,0,0,0,0,"",0,0,0,0,0,0,0,0,0,0
159,8,1,3,7,0,1,2,0,0,0,255,255,255,11,8991.588,"HANA_ARASHI",R,0,133,0.729,1.466,0.068,1.957,-36.506,1,0,0,0,0,0,0,0,5,7,R,"紅さかな",172.5,96.324,0.453,0,47,0,0,0,0,0,0,0,0,0,0,0,0,0,0,0,0,-0.054,-37.189,"Pring__",0.138,-16.611,"Megu3568",-20.459,-47.047,"ʚEveɞ",-13.962,-64.6,"인생최패망자",16.917,-49.194,"Yaksok~",9.045,-63.947,"IbikiKai_JP",31.768,-100.054,"Gonyong",-6.144,-113.637,"SOM_candy",-36.327,-82.574,0,0,0,0,0,"",0,0,0,0,0,0,0,0,0,0
160,8,1,3,7,1,1,2,0,0,0,255,255,255,12,9018.98,"HANA_ARASHI",R,0,140,0.563,0.38,0.052,1.784,-36.436,0,0,0,0,0,0,0,0,5,7,R,"紅さかな",172.5,96.324,0.453,0,47,0,0,0,0,0,0,0,0,0,0,0,0,0,0,0,0,0.115,-37.331,"Pring__",0.12,-16.529,"Megu3568",-20.551,-46.833,"ʚEveɞ",-13.974,-64.642,"인생최패망자",16.559,-48.876,"Yaksok~",9.028,-63.943,"IbikiKai_JP",31.732,-100.017,"Gonyong",-6.151,-113.603,"SOM_candy",-36.661,-81.218,0,0,0,0,0,"",0,0,0,0,0,0,0,0,0,0
161,8,1,3,7,1,2,2,0,0,0,255,255,255,13,9033.967,"HANA_ARASHI",R,13,106,-2.297,-1.213,-0.08,1.856,-36.468,4,0,-367.36,323.526,11.634,0,0,1,5,7,R,"紅さかな",172.5,96.324,0.453,0,47,0,0,0,0,0,0,0,0,0,0,0,0,0,0,0,0,-0.139,-37.619,"Pring__",-0.277,-16.649,"Megu3568",-20.507,-44.188,"ʚEveɞ",-13.847,-64.544,"인생최패망자",15.099,-46.131,"Yaksok~",6.637,-63.303,"IbikiKai_JP",31.775,-100.006,"Gonyong",-6.117,-113.645,"SOM_candy",-36.384,-81.222,0,0,0,0,0,"",0,0,0,0,0,0,0,0,0,0
162,8,0,3,7,0,0,0,0,0,0,255,255,255,71,9079.735,"白霜らいふ",R,31,134,-0.006,1.013,-0.049,1.56,-36.34,0,0,-59.745,-22.325,25.448,0,0,0,5,8,L,"SOM_candy",180.2,103.048,0.65,0,58,0,0,0,0,0,0,0,0,0,0,0,0,0,0,0,0,-0.208,-37.442,"あおいぬ",-0.081,-16.959,"P0TA0",-22.422,-46.929,"あいくんだよー『아이 군』",-7.101,-60.185,"甲斐野柊太",9.736,-34.117,"shimenawa",12.036,-61.373,"-Alta-",37.664,-87.399,"紅さかな",0.485,-111.285,"Pizzallaris",-37.829,-82.991,0,0,0,0,0,"",0,0,0,0,0,0,0,0,0,0
163,8,0,3,7,0,1,0,0,0,0,255,255,255,72,9091.426,"白霜らいふ",R,26,132,-0.77,0.432,-0.058,1.789,-36.59,2,0,-75.066,-191.883,23.619,0,0,1,5,8,L,"SOM_candy",180.2,103.048,0.65,3,58,9092.465,125,104,25,101,141,127,103.159,72.754,0.73,-0.057,-0.001,0.271,0,0,0,-0.014,-37.265,"あおいぬ",-0.062,-17.157,"P0TA0",-22.584,-47.016,"あいくんだよー『아이 군』",-7.098,-60.822,"甲斐野柊太",15.912,-41.38,"shimenawa",15.741,-61.961,"-Alta-",37.762,-87.53,"紅さかな",0.06,-111.821,"Pizzallaris",-37.719,-82.978,0,0,0,9090.66,1,"あおいぬ",-0.136,-20.872,0,0,0,0,0,0,0,3
164,8,0,3,7,0,2,0,0,0,0,255,255,255,73,9106.199,"白霜らいふ",R,14,111,0.594,-1.009,-0.087,1.54,-36.602,0,0,334.534,371.6,80.298,0.504,-17.66,0,5,8,L,"SOM_candy",180.2,103.048,0.65,0,53,0,0,0,0,0,0,0,0,0,0,0,0,0,0,0,0,-0.274,-37.78,"あおいぬ",0.18,-17.252,"P0TA0",-22.475,-46.888,"あいくんだよー『아이 군』",-11.095,-63.666,"甲斐野柊太",18.85,-45.548,"shimenawa",13.895,-63.403,"-Alta-",39.433,-88.943,"紅さかな",-0.749,-111.039,"Pizzallaris",-37.705,-83.001,0,0,0,0,0,"",0,0,0,32,0,0,0,0,0,0
165,8,0,3,7,0,0,1,0,0,0,255,255,255,74,9133.245,"白霜らいふ",R,28,136,0.907,0.544,0.046,1.67,-36.488,0,0,-56.862,-91.665,22.94,0,0,0,6,0,R,"HANA_ARASHI",190,86,0.25,0,58,0,0,0,0,0,0,0,0,0,0,0,0,0,0,0,0,-0.022,-37.49,"あおいぬ",-0.037,-16.934,"P0TA0",-22.875,-47.462,"あいくんだよー『아이 군』",-11.381,-64.075,"甲斐野柊太",19.192,-47.673,"shimenawa",14.703,-63.524,"-Alta-",39.803,-89.455,"紅さかな",-0.701,-111.379,"Pizzallaris",-37.71,-82.983,0,0,0,0,0,"",0,0,0,0,0,0,0,0,0,0
166,8,0,3,7,0,1,1,0,0,0,255,255,255,75,9143.032,"白霜らいふ",R,27,133,1.677,0.507,0.108,1.635,-36.48,2,0,14.306,-125.852,11.134,0,0,1,6,0,R,"HANA_ARASHI",190,86,0.25,3,58,9144.017,112,85,13,136,137,86,63.684,-40.005,-0.48,0.016,-0.114,0.047,0,0,0,-0.072,-37.185,"あおいぬ",0.044,-17.052,"P0TA0",-22.808,-47.358,"あいくんだよー『아이 군』",-11.441,-64.287,"甲斐野柊太",19.218,-47.591,"shimenawa",15.278,-63.114,"-Alta-",39.794,-89.442,"紅さかな",-0.679,-111.382,"Pizzallaris",-37.701,-82.801,9147.427,34.258,-61.106,9147.527,4,"甲斐野柊太",33.1,-59.708,0,0,0,0,0,0,0,1
167,8,0,3,7,0,0,2,0,0,0,255,255,255,76,9186.045,"白霜らいふ",R,29,130,-1.363,1.239,-0.038,1.884,-36.645,1,0,-223.722,-200,31.972,-0.856,-17.796,0,7,6,L,"IbikiKai_JP",175,90,0.5,0,32,0,0,0,0,0,0,0,0,0,0,0,0,0,0,0,0,-0.081,-37.647,"あおいぬ",-0.197,-17.052,"P0TA0",-22.579,-47.161,"あいくんだよー『아이 군』",-8.818,-64.505,"甲斐野柊太",18.456,-44.287,"shimenawa",14.461,-63.076,"-Alta-",37.222,-82.197,"紅さかな",1.456,-110.42,"Pizzallaris",-36.755,-83.697,0,0,0,0,0,"",0,0,0,0,0,0,0,0,0,0
168,8,0,3,7,1,0,2,0,0,0,255,255,255,77,9198.729,"白霜らいふ",R,0,107,-1,0.359,-0.137,1.67,-36.548,0,0,-46.552,-31.006,11.042,0,0,0,7,6,L,"IbikiKai_JP",175,90,0.5,0,32,0,0,0,0,0,0,0,0,0,0,0,0,0,0,0,0,-0.25,-37.648,"あおいぬ",-0.121,-16.9,"P0TA0",-22.6,-47.016,"あいくんだよー『아이 군』",-9.677,-65.08,"甲斐野柊太",18.428,-44.298,"shimenawa",13.42,-63.284,"-Alta-",37.196,-82.194,"紅さかな",1.119,-110.5,"Pizzallaris",-36.742,-83.691,0,0,0,0,0,"",0,0,0,0,0,0,0,0,0,0
169,8,0,3,7,1,1,2,0,0,0,255,255,255,78,9211.447,"白霜らいふ",R,10,128,0.662,-1.185,-0.041,1.559,-36.516,2,0,61.754,400,65.529,0,0,1,7,6,L,"IbikiKai_JP",175,90,0.5,3,32,9212.513,175,124,31,153,151,64,-30,-47.329,1,-0.075,-0.026,0.292,0,0,0,-0.01,-37.466,"あおいぬ",0.078,-17.091,"P0TA0",-22.522,-47.038,"あいくんだよー『아이 군』",-9.666,-65.098,"甲斐野柊太",18.448,-44.269,"shimenawa",14.56,-63.231,"-Alta-",37.198,-82.186,"紅さかな",0.528,-110.903,"Pizzallaris",-36.773,-83.79,9210.511,0.915,-20.878,9212.86,4,"甲斐野柊太",21.084,-40.089,0,0,0,0,0,0,0,2
170,8,0,3,7,1,2,2,0,0,0,255,255,255,79,9228.376,"白霜らいふ",R,26,140,0.183,1.248,-0.052,1.417,-36.37,4,0,-22.613,-155.561,35.812,0,0,1,7,6,L,"IbikiKai_JP",175,90,0.5,0,32,0,0,0,0,0,0,0,0,0,0,0,0,0,0,0,0,0.341,-36.598,"あおいぬ",-0.08,-16.935,"P0TA0",-21.807,-46.364,"あいくんだよー『아이 군』",-8.431,-63.841,"甲斐野柊太",18.682,-44.172,"shimenawa",13.871,-62.776,"-Alta-",40.435,-84.177,"紅さかな",-0.089,-108.745,"Pizzallaris",-36.653,-84.149,0,0,0,0,0,"",0,0,0,128,0,0,0,0,0,0
171,9,1,3,7,0,0,0,0,0,0,255,255,255,14,9283.079,"HANA_ARASHI",R,0,137,1.047,0.936,0.097,1.905,-36.481,2,0,0,0,0,0,0,1,6,0,R,"白霜らいふ",190,100.088,0.697,2,58,9284.057,208,147,37,255,155,96,24.069,-2.123,-0.49,-0.093,-0.121,0.511,0,0,0,-0.057,-36.903,"편하비_",0.118,-16.978,"Megu3568",-19.422,-46.336,"ʚEveɞ",-13.139,-65.012,"인생최패망자",16.597,-48.098,"Yaksok~",9.686,-64.562,"IbikiKai_JP",25.515,-98.804,"Gonyong",-7.13,-106.517,"SOM_candy",-37.533,-84.326,0,0,0,9286.844,7,"Gonyong",-10.169,-100.348,0,0,0,0,0,0,0,1
172,9,1,3,7,0,0,1,0,0,0,255,255,255,15,9312.386,"HANA_ARASHI",R,13,101,-2.284,-0.727,-0.124,2.031,-36.479,1,0,-280.802,395.565,4.829,-0.65,-17.802,0,7,5,L,"shimenawa",175.2,95.341,0.2,0,85,0,0,0,0,0,0,0,0,0,0,0,0,0,0,0,0,-0.213,-37.477,"편하비_",-0.556,-17.493,"Megu3568",-20.333,-46.999,"ʚEveɞ",-14.273,-64.142,"인생최패망자",19.539,-44.077,"Yaksok~",13.375,-62.854,"IbikiKai_JP",40.043,-95.42,"Gonyong",7.99,-123.838,"SOM_candy",-34.444,-80.164,0,0,0,0,0,"",0,0,0,0,0,0,0,0,0,0
173,9,1,3,7,1,0,1,0,0,0,255,255,255,16,9328.689,"HANA_ARASHI",R,10,119,-1.333,0.765,-0.124,1.998,-36.494,0,0,0,400,11.313,-0.715,-17.44,0,7,5,L,"shimenawa",175.2,95.341,0.2,0,85,0,0,0,0,0,0,0,0,0,0,0,0,0,0,0,0,-0.142,-37.363,"편하비_",-0.257,-17.188,"Megu3568",-20.287,-46.95,"ʚEveɞ",-14.268,-64.116,"인생최패망자",19.197,-45.281,"Yaksok~",13.354,-62.835,"IbikiKai_JP",38.899,-97.431,"Gonyong",7.982,-123.997,"SOM_candy",-35.366,-80.8,0,0,0,0,0,"",0,0,0,0,0,0,0,0,0,0
174,9,1,3,7,1,1,1,0,0,0,255,255,255,17,9345.098,"HANA_ARASHI",R,26,140,-1.551,1.66,-0.146,1.946,-36.445,2,0,5.081,-200,16.034,0,0,1,7,5,L,"shimenawa",175.2,95.341,0.2,3,58,9346.136,134,73,15,119,135,80,44.435,-8.809,-0.43,-0.085,-0.043,0.291,0,0,0,-0.055,-36.852,"편하비_",-0.099,-17.419,"Megu3568",-20.17,-46.889,"ʚEveɞ",-14.277,-64.103,"인생최패망자",23.118,-50.691,"Yaksok~",13.296,-62.817,"IbikiKai_JP",39.006,-97.41,"Gonyong",9.096,-124.977,"SOM_candy",-35.329,-80.672,9348.844,8.235,-75.68,9348.994,5,"Yaksok~",7.963,-73.875,0,0,0,0,0,0,0,1
175,9,1,3,7,0,0,2,0,0,0,255,255,255,18,9375.452,"HANA_ARASHI",R,10,103,1.183,-0.635,0.164,2.058,-36.686,0,0,0,400,0.667,0.319,-17.778,0,8,3,L,"あいくんだよー『아이 군』",174.7,90,0.4,0,37,0,0,0,0,0,0,0,0,0,0,0,0,0,0,0,0,-0.077,-37.398,"편하비_",0.188,-17.224,"Megu3568",-19.961,-46.937,"ʚEveɞ",-13.841,-64.606,"인생최패망자",20.065,-43.713,"Yaksok~",14.14,-63.204,"IbikiKai_JP",40.09,-77.695,"Gonyong",7.084,-105.563,"SOM_candy",-35.536,-81.565,0,0,0,0,0,"",0,0,0,0,0,0,0,0,0,0
176,9,1,3,7,0,1,2,0,0,0,255,255,255,19,9472.162,"HANA_ARASHI",R,26,120,0.303,3.575,0.047,2.222,-36.829,1,0,22.427,-161.118,3.087,0,0,0,8,3,L,"あいくんだよー『아이 군』",174.7,90,0.4,0,58,0,0,0,0,0,0,0,0,0,0,0,0,0,0,0,0,0.153,-37.327,"편하비_",0.005,-16.779,"Megu3568",-19.558,-47.56,"ʚEveɞ",-13.745,-64.378,"인생최패망자",19.649,-45.61,"Yaksok~",13.32,-63.389,"IbikiKai_JP",42.936,-81.067,"Gonyong",7.23,-103.854,"SOM_candy",-34.713,-83.564,0,0,0,0,0,"",0,0,0,0,0,0,0,0,0,0
177,9,1,3,7,1,1,2,0,0,0,255,255,255,20,9492.358,"HANA_ARASHI",R,13,117,-1.525,-0.355,-0.024,2.021,-36.516,2,0,-314.75,388.501,8.893,0,0,1,8,3,L,"あいくんだよー『아이 군』",174.7,90,0.4,3,58,9493.435,174,121,47,144,152,99,26.135,36.969,0.11,0.233,-0.234,0.409,0,0,0,-0.215,-37.056,"편하비_",-0.427,-16.986,"Megu3568",-19.455,-47.283,"ʚEveɞ",-13.822,-64.35,"인생최패망자",19.148,-45.921,"Yaksok~",12.786,-63.41,"IbikiKai_JP",42.762,-81.19,"Gonyong",7.28,-103.884,"SOM_candy",-35.002,-83.364,9496.344,-47.726,-97.378,9499.344,8,"SOM_candy",-45.908,-102.991,1,0,0,0,0,0,0,2
178,9,1,3,7,0,0,2,0,1,0,255,3,255,21,9553.752,"HANA_ARASHI",R,14,98,2.391,-0.997,0.174,1.972,-36.447,4,0,219.463,400,-8.444,0,0,1,0,6,L,"-Alta-",179.7,88,0.5,0,58,0,0,0,0,0,0,0,0,0,0,0,0,0,0,0,0,-0.268,-37.701,"편하비_",0.321,-17.031,"Megu3568",-20.187,-45.414,"ʚEveɞ",-13.687,-64.44,"인생최패망자",18.754,-43.645,"Yaksok~",12.732,-63.144,"IbikiKai_JP",44.969,-93.652,"Gonyong",-2.18,-114.589,"SOM_candy",-36.278,-81.188,0,0,0,0,0,"",0,0,0,0,0,0,0,0,0,0
179,9,1,3,7,0,1,2,0,1,0,255,3,255,22,9571.449,"HANA_ARASHI",R,14,112,1.587,-0.647,0.112,1.991,-36.366,2,0,187.729,400,-2.888,0,0,1,0,6,L,"-Alta-",179.7,88,0.5,3,58,9572.478,187,177,29,254,155,113,0.611,-22.185,0.88,0.036,-0.13,0.41,0,0,0,-0.204,-36.866,"편하비_",0.362,-16.934,"Megu3568",-19.839,-47.37,"ʚEveɞ",-13.732,-64.441,"인생최패망자",20.34,-46.155,"Yaksok~",12.8,-63.111,"IbikiKai_JP",42.843,-92.475,"Gonyong",0.804,-115.808,"SOM_candy",-36.411,-81.374,9570.994,7.681,-37.337,9572.777,7,"紅さかな",20.199,-64.197,0,0,0,0,0,0,0,2
