id,inn,half,scoreA,scoreB,ball,strk,out,b1,b2,b3,b1Idx,b2Idx,b3Idx,pCnt,pSec,pName,pHand,pType,spdK,zoneX,zoneY,call,sH,sV,plx,plz,bSwing,bIdx,bPos,bZone,bName,bHCm,batLen,batCen,batType,bFps,hSec,rotS,shS,lgS,batSpd,ev,ldeg,sdeg,hPos,hMoveX,hMoveY,stayCon,hitSpnX,hitSpnY,hitSpnZ,PPosX,PPosY,CPosX,CPosY,1BPosX,1BPosY,2BPosX,2BPosY,3BPosX,3BPosY,SSPosX,SSPosY,LFPosX,LFPosY,CFPosX,CFPosY,RFPosX,RFPosY,ltSec,lx,lz,cSec,cPos,cPlr,cx,cz,1BSafe,tag,cpSec,sb2Sec,sb3Sec,sbhSec,ass,result
1,1,1,0,0,0,0,0,0,0,0,255,255,255,0,1596.258,"Espressο",R,0,140,-0.471,-0.432,2,161.177,-172.968,0,0,1,0,5,R,"즉석카레",169.8,99.808,0.397,3,43,1597.025,193,81,107,152,124,-23.514,31.082,0.51,-0.119,-0.16,0.073,0,0,0,-0.169,-37.013,-0.103,-16.459,-20.617,-47.468,-11.955,-62.822,21.941,-52.709,11.814,-62.666,35.808,-87.986,-3.168,-101.448,-35.011,-89.588,1596.939,-0.741,-21.179,1600.17,8,"あくせる",-37.461,-85.061,1,0,0,0,0,0,0,2
2,1,1,0,0,0,0,0,1,0,0,5,255,255,1,1636.235,"Espressο",R,0,140,2.291,1.571,1,136.62,-160.159,0,0,0,1,3,R,"_앰프_",170.6,89.947,0.4,0,57,0,0,0,0,0,0,0,0,0,0,0,0,0,0,0,0.058,-37.322,-0.027,-16.259,-20.202,-42.965,-9.349,-62.24,19.047,-48.387,9.833,-64.144,32.133,-84.468,-4.939,-99.952,-35.2,-85.823,0,0,0,0,0,"",0,0,0,0,0,0,0,0,0,0
3,1,1,0,0,1,0,0,1,0,0,5,255,255,2,1648.595,"Espressο",R,3,127,0.139,-0.257,0,-419.969,139.111,-0.431,-16.578,0,1,3,R,"_앰프_",170.6,89.947,0.4,0,57,0,0,0,0,0,0,0,0,0,0,0,0,0,0,0,0.002,-37.377,-0.255,-16.507,-19.375,-44.314,-11.186,-62.317,18.811,-48.417,8.038,-63.791,32.819,-83.746,-5.413,-99.521,-35.144,-85.69,0,0,0,0,0,"",0,0,0,0,0,0,0,0,0,0
4,1,1,0,0,1,1,0,1,0,0,5,255,255,3,1667.055,"Espressο",R,13,96,-2.647,-0.514,1,-308.803,353.27,0,0,0,1,3,R,"_앰프_",170.6,89.947,0.4,0,57,0,0,0,0,0,0,0,0,0,0,0,0,0,0,0,0.02,-37.376,-0.513,-16.456,-19.429,-44.018,-11.053,-62.233,18.821,-48.612,5.987,-63.149,32.608,-83.393,-5.355,-99.899,-35.052,-85.807,0,0,0,0,0,"",0,0,0,0,0,0,0,0,0,0
5,1,1,0,0,2,1,0,1,0,0,5,255,255,4,1708.774,"Espressο",R,10,117,-0.263,-2.401,1,0,400,-0.06,-19.761,0,1,3,R,"_앰프_",170.6,89.947,0.4,0,57,0,0,0,0,0,0,0,0,0,0,0,0,0,0,0,0.169,-37.305,-0.171,-16.467,-19.63,-43.485,-8.673,-62.982,18.332,-49.312,6.436,-63.048,36.497,-84.348,-5.271,-99.055,-34.028,-88.492,0,0,0,0,0,"",0,0,0,0,0,0,0,0,0,0
6,1,1,0,0,3,1,0,1,0,0,5,255,255,5,1722.126,"Espressο",R,0,140,1.051,0.582,2,96.434,-128.283,0,0,1,1,3,R,"_앰프_",170.6,89.947,0.4,3,57,1723.081,186,112,23,149,86,42.689,-20.193,-0.51,-0.012,-0.062,0.525,0,0,0,0.246,-37.254,-0.001,-16.44,-20.175,-44.03,-10.619,-62.391,18.307,-49.242,9.652,-64.235,36.143,-84.341,-5.214,-99.025,-33.949,-88.554,1728.188,25.745,-75.041,1728.467,6,"ぐだもん",24.771,-72.968,0,0,0,0,0,0,0,1
7,1,1,0,0,0,0,1,1,0,0,5,255,255,6,1766.245,"Espressο",R,0,140,0.948,0.583,0,98.564,-147.293,0,0,0,2,7,R,"-라후이-",179.9,100.263,0.498,0,57,0,0,0,0,0,0,0,0,0,0,0,0,0,0,0,0.392,-37.197,0.014,-16.42,-19.228,-42.646,-9.832,-61.728,18.905,-48.896,8.695,-65.229,36.31,-85.492,-7.471,-97.929,-34.518,-87.919,0,0,0,0,0,"",0,0,0,0,0,0,0,0,0,0
8,1,1,0,0,0,1,1,1,0,0,5,255,255,7,1784.004,"Espressο",R,13,112,-0.225,0.237,0,-362.536,344.337,0,0,0,2,7,R,"-라후이-",179.9,100.263,0.498,0,57,0,0,0,0,0,0,0,0,0,0,0,0,0,0,0,1.728,-37.744,0.247,-19.533,-18.847,-44.213,-8.868,-62.076,18.666,-48.922,-1.123,-58.099,32.182,-86.468,-7.416,-97.984,-34.633,-88.106,0,0,0,0,0,"",0,0,0,0,0,0,0,0,0,0
9,1,1,0,0,0,2,1,0,1,0,255,5,255,8,1813.174,"Espressο",R,0,140,-0.114,0.147,0,84.914,-132.2,0,0,1,2,7,R,"-라후이-",179.9,100.263,0.498,0,57,0,0,0,0,0,0,0,0,0,0,0,0,0,0,0,0.024,-37.191,0.063,-16.97,-19.99,-45.231,-11.09,-63.09,18.314,-46.625,7.3,-62.313,32.921,-85.34,-8.394,-98.873,-34.764,-88.686,0,0,0,0,0,"",0,0,0,0,0,0,0,0,0,0
10,1,1,0,0,0,0,2,0,1,0,255,5,255,9,1840.317,"Espressο",R,0,140,-0.021,-0.262,2,137.885,-130.953,0,0,1,3,1,R,"DoYaGee",190,107,0.601,3,57,1841.24,103,65,30,131,84,108.41,-69.838,-0.09,-0.102,-0.105,0.112,0,0,0,-0.359,-36.696,0.065,-16.473,-19.991,-48.202,-11.611,-63.114,18.183,-48.328,7.444,-60.73,33.746,-85.554,-8.7,-98.779,-35.975,-89.243,1846.243,-53.019,4.958,0,0,"",0,0,0,0,0,0,0,0,0,0
11,1,1,0,0,0,1,2,0,1,0,255,5,255,10,1867.018,"Espressο",R,13,109,-3.103,-0.643,1,-342.914,360.892,-0.999,-16.848,0,3,1,R,"DoYaGee",190,107,0.601,0,54,0,0,0,0,0,0,0,0,0,0,0,0,0,0,0,-0.027,-37.276,-0.783,-16.692,-20.667,-47.03,-11.79,-62.49,18.786,-47.014,2.583,-59.196,33.847,-87.073,-6.486,-101.169,-37.102,-88.113,0,0,0,0,0,"",0,0,0,0,0,0,0,0,0,0
12,1,1,0,0,1,1,2,0,1,0,255,5,255,11,1886.572,"Espressο",R,0,140,0.549,0.074,2,126.865,-200,0,0,1,3,1,R,"DoYaGee",190,107,0.601,3,54,1887.536,149,76,25,136,86,56.076,35.682,-0.4,-0.1,-0.096,0.058,0,0,0,-0.294,-36.712,-0.085,-16.128,-21.222,-49.319,-12.127,-63.204,18.546,-48.018,11.504,-59.789,34.624,-86.795,-6.448,-101.297,-37.38,-88.253,1892.915,-36.381,-60.795,1893.922,8,"あくせる",-39.477,-64.182,1,0,0,0,0,0,0,2
13,1,1,1,0,0,0,2,1,0,0,1,255,255,12,1939.5,"Espressο",R,0,140,-0.622,0.07,0,100.692,-190.841,0,0,0,4,8,R,"Dοpi",179.6,90,0.3,0,57,0,0,0,0,0,0,0,0,0,0,0,0,0,0,0,0.131,-37.271,-0.12,-16.364,-20.66,-47.362,-12.483,-62.738,19.881,-48.75,7.928,-62.551,34.379,-85.342,-6.794,-97.989,-34.484,-83.113,0,0,0,0,0,"",0,0,0,0,0,0,0,0,0,0
14,1,1,1,0,0,1,2,1,0,0,1,255,255,13,1952.649,"Espressο",R,10,125,-1.627,0.458,4,-85.215,400,0,0,1,4,8,R,"Dοpi",179.6,90,0.3,0,57,0,0,0,0,0,0,0,0,0,0,0,0,0,0,0,0.05,-37.235,-0.723,-18.361,-19.794,-41.969,-12.488,-62.726,20.078,-48.02,4.453,-62.509,34.171,-85.125,-6.73,-98.189,-34.35,-82.835,0,0,0,0,0,"",0,0,0,0,0,0,0,0,0,0
15,1,1,1,0,0,2,2,1,0,0,1,255,255,14,1965.042,"Espressο",R,11,116,-0.827,-2.461,1,0,167.14,-0.107,-17.227,0,4,8,R,"Dοpi",179.6,90,0.3,0,57,0,0,0,0,0,0,0,0,0,0,0,0,0,0,0,-0.028,-37.197,-0.232,-16.802,-19.932,-45.406,-12.191,-63.003,19.972,-47.379,6.382,-60.455,34.174,-84.976,-6.711,-97.97,-34.697,-84.5,0,0,0,0,0,"",0,0,0,0,0,0,0,0,0,0
16,1,1,1,0,1,2,2,1,0,0,1,255,255,15,1979.467,"Espressο",R,0,140,1.085,-0.017,0,164.862,-172.662,0,0,1,4,8,R,"Dοpi",179.6,90,0.3,0,57,0,0,0,0,0,0,0,0,0,0,0,0,0,0,0,0.097,-36.785,0.02,-16.496,-20.3,-45.225,-11.523,-63.196,19.225,-48.529,5.433,-61.317,34.16,-85.048,-6.675,-98.055,-35.487,-84.278,0,0,0,0,0,"",0,0,0,0,0,0,0,0,0,0
17,1,0,1,0,0,0,0,0,0,0,255,255,255,0,2102.912,"Chunsik03",R,0,131,-0.827,0.614,0,58.929,-78.283,0,0,0,0,7,L,"alcohol500",163.6,95,0.386,0,57,0,0,0,0,0,0,0,0,0,0,0,0,0,0,0,0.159,-37.43,-0.038,-17.296,-21.769,-47.142,-15.478,-62.508,21.821,-47.137,13.143,-63.795,36.946,-80.056,-0.256,-101.949,-44.627,-82.194,0,0,0,0,0,"",0,0,0,0,0,0,0,0,0,0
18,1,0,1,0,0,1,0,0,0,0,255,255,255,1,2118.191,"Chunsik03",R,0,133,-2.161,0.256,4,75.931,-126.649,0,0,1,0,7,L,"alcohol500",163.6,95,0.386,0,57,0,0,0,0,0,0,0,0,0,0,0,0,0,0,0,0.166,-37.372,-0.116,-17.267,-21.727,-47.253,-15.408,-62.471,21.806,-47.108,13.101,-63.644,36.197,-79.686,0.105,-101.634,-44.686,-82.243,0,0,0,0,0,"",0,0,0,0,0,0,0,0,0,0
19,1,0,1,0,0,2,0,0,0,0,255,255,255,2,2137.689,"Chunsik03",R,10,110,1.017,-1.394,2,-8.291,258.698,0,0,1,0,7,L,"alcohol500",163.6,95,0.386,2,57,2138.851,221,126,31,155,33,-76.765,-23.378,-0.5,0.066,-0.081,0.456,0,0,0,-0.202,-37.072,-0.204,-17.366,-21.717,-47.078,-14.59,-63.045,21.832,-47.057,12.92,-63.43,36.496,-79.69,0.319,-102.27,-43.715,-82.806,2138.758,0.219,-19.886,2141.934,1,"DoYaGee",1.458,-26.02,0,1,0,0,0,0,0,2
20,1,0,1,0,0,0,1,0,0,0,255,255,255,3,2166.156,"Chunsik03",R,0,133,0.835,0.433,0,51.528,-112.424,0,0,0,1,5,R,"sano jpn",160,99.636,0.343,0,57,0,0,0,0,0,0,0,0,0,0,0,0,0,0,0,0.276,-37.324,-0.017,-17.477,-21.001,-46.09,-16.831,-62.041,19.145,-44.119,11.906,-64.901,37.058,-80.596,-0.774,-97.506,-41.252,-81.372,0,0,0,0,0,"",0,0,0,0,0,0,0,0,0,0
21,1,0,1,0,0,1,1,0,0,0,255,255,255,4,2184.87,"Chunsik03",R,0,129,-0.246,-0.531,2,31.342,-106.731,0,0,1,1,5,R,"sano jpn",160,99.636,0.343,3,57,2185.972,190,105,46,152,84,38.448,-17.487,-0.39,-0.096,-0.001,0.203,0,0,0,-0.06,-36.849,-0.096,-17.576,-22.43,-46.658,-15.758,-62.342,19.125,-44.123,12.166,-65.449,37.066,-80.621,0.291,-98.979,-39.433,-81.428,0,0,0,2190.867,6,"Roscosmos",20.806,-77.337,0,0,0,0,0,0,0,1
22,1,0,1,0,0,0,2,0,0,0,255,255,255,5,2212.724,"Chunsik03",R,13,107,-0.353,-1.642,1,-332.148,365.246,-0.185,-18.502,0,2,3,R,"mochi_2929",174.6,101,0.454,0,57,0,0,0,0,0,0,0,0,0,0,0,0,0,0,0,-0.076,-37.487,-0.083,-17.477,-22.056,-46.777,-16.33,-62.095,22.484,-49.332,12.883,-64.62,34.677,-81.07,-0.656,-100.218,-43.016,-82.757,0,0,0,0,0,"",0,0,0,0,0,0,0,0,0,0
23,1,0,1,0,1,0,2,0,0,0,255,255,255,6,2227.747,"Chunsik03",R,0,132,0.293,1.511,1,98.112,-152.874,0,0,0,2,3,R,"mochi_2929",174.6,101,0.454,0,57,0,0,0,0,0,0,0,0,0,0,0,0,0,0,0,0.184,-37.607,-0.062,-17.212,-22.094,-46.784,-16.378,-62.143,22.47,-49.367,12.806,-64.523,34.278,-81.055,0.671,-99.771,-43.198,-82.604,0,0,0,0,0,"",0,0,0,0,0,0,0,0,0,0
24,1,0,1,0,2,0,2,0,0,0,255,255,255,7,2242.737,"Chunsik03",R,0,131,1.05,0.013,0,102.196,-91.349,0,0,0,2,3,R,"mochi_2929",174.6,101,0.454,0,57,0,0,0,0,0,0,0,0,0,0,0,0,0,0,0,0.255,-37.599,-0.031,-17.209,-22.107,-46.694,-16.326,-62.012,22.482,-49.325,12.4,-64.518,34.877,-81.575,0.164,-98.422,-43.21,-82.66,0,0,0,0,0,"",0,0,0,0,0,0,0,0,0,0
25,1,0,1,0,2,1,2,0,0,0,255,255,255,8,2256.028,"Chunsik03",R,0,140,1.28,0.896,2,107.541,-148.389,0,0,1,2,3,R,"mochi_2929",174.6,101,0.454,3,57,2257.187,72,90,10,101,64,17.086,9.882,-0.54,0.04,-0.053,0.131,0,0,0,0.009,-36.891,0.112,-17.452,-21.95,-46.783,-16.286,-61.985,22.562,-49.542,12.637,-64.235,36.643,-81.715,-1.615,-98.746,-40.466,-84.241,2259.594,-6.82,-54.86,2260.746,3,"_앰프_",-7.239,-62.39,1,0,0,0,0,0,0,2
26,1,0,1,0,0,0,2,1,0,0,12,255,255,9,2287.297,"Chunsik03",R,0,134,0.622,0.636,0,75.939,-72.86,0,0,0,3,1,R,"ゆっち一",190,95.584,0.352,0,57,0,0,0,0,0,0,0,0,0,0,0,0,0,0,0,0.227,-37.611,-0.022,-17.237,-20.057,-43.266,-11.762,-60.443,23.423,-50.147,8.612,-65.12,35.062,-81.024,-0.351,-100.231,-43.205,-83.683,0,0,0,0,0,"",0,0,0,0,0,0,0,0,0,0
27,1,0,1,0,0,1,2,1,0,0,12,255,255,10,2369.509,"Chunsik03",R,0,126,0.194,0.759,2,69.367,-51.207,0,0,1,3,1,R,"ゆっち一",190,95.584,0.352,3,57,2370.633,166,101,41,147,129,112.609,-18.734,0.26,-0.089,-0.165,0.368,0,0,0,0.107,-36.947,-0.12,-17.561,-19.88,-44.55,-15.431,-60.53,21.233,-46.337,10.045,-65.16,39.537,-84.469,-0.527,-108.634,-43.126,-80.698,0,0,0,0,0,"",0,0,0,0,0,0,0,0,0,0
28,1,0,1,0,0,2,2,1,0,0,12,255,255,11,2394.513,"Chunsik03",R,0,140,-0.496,1.279,1,82.508,-145.762,0,0,0,3,1,R,"ゆっち一",190,95.584,0.352,0,71,0,0,0,0,0,0,0,0,0,0,0,0,0,0,0,0.129,-37.316,0.071,-18.683,-20.151,-45.625,-15.03,-60.117,21.679,-47.004,6.994,-63.689,38.495,-85.149,-0.922,-107.904,-42.284,-74.824,0,0,0,0,0,"",0,0,0,0,0,0,0,0,0,0
29,1,0,1,0,1,2,2,1,0,0,12,255,255,12,2419.428,"Chunsik03",R,0,120,0.841,-1.803,2,0,0.032,0,0,0,3,1,R,"ゆっち一",190,95.584,0.352,3,71,2420.572,163,135,48,152,93,53.362,56.647,0.95,-0.115,-0.341,0.411,0,0,0,-0.04,-36.864,-0.05,-17.553,-19.696,-45.574,-15.255,-61.032,23.127,-49.239,11.89,-64.543,37.073,-85.06,-0.598,-103.738,-41.262,-81.902,2425.369,-56.419,-65.624,0,0,"",0,0,0,0,0,0,0,0,0,3
30,1,0,1,0,1,2,2,1,0,0,12,255,255,13,2446.225,"Chunsik03",R,11,115,-1.206,-0.448,2,0,249.947,0,0,1,3,1,R,"ゆっち一",190,95.584,0.352,3,71,2447.37,146,125,49,148,97,-15.445,34.857,0.93,-0.094,-0.222,0.43,0,0,0,0.107,-37.017,-0.535,-17.433,-19.848,-40.332,-16.681,-60.552,23.008,-48.918,9.105,-64.243,35.216,-84.634,-3.53,-102.668,-44.524,-79.797,2447.346,-2.094,-22.844,2450.691,8,"Dοpi",-35.596,-71.211,0,0,0,0,0,0,0,2
31,2,1,1,0,0,0,0,0,0,0,255,255,255,16,2503.821,"Espressο",R,0,140,0.761,-0.023,0,71.428,-74.441,0,0,1,5,4,R,"siesta_aves",190,101.997,0.398,0,57,0,0,0,0,0,0,0,0,0,0,0,0,0,0,0,-0.056,-37.397,-0.086,-16.208,-22.994,-49.939,-12.405,-62.988,21.481,-52.828,11.483,-65.875,35.167,-84.258,-7.427,-103.802,-31.702,-84.927,0,0,0,0,0,"",0,0,0,0,0,0,0,0,0,0
32,2,1,1,0,0,1,0,0,0,0,255,255,255,17,2524.932,"Espressο",R,0,140,0.764,1.163,4,76.499,-200,0,0,1,5,4,R,"siesta_aves",190,101.997,0.398,0,57,0,0,0,0,0,0,0,0,0,0,0,0,0,0,0,0.032,-37.276,-0.079,-16.24,-22.321,-49.187,-12.753,-62.717,21.408,-52.732,12.128,-67.239,35.186,-84.252,-7.556,-103.519,-31.705,-84.958,0,0,0,0,0,"",0,0,0,0,0,0,0,0,0,0
33,2,1,1,0,0,2,0,0,0,0,255,255,255,18,2543.384,"Espressο",R,13,115,-2.154,-1.868,2,-288.38,387.325,0,0,1,5,4,R,"siesta_aves",190,101.997,0.398,2,57,2544.524,92,123,59,135,75,-21.563,25.82,0.97,0.06,-0.214,0.192,0,0,0,-0.434,-36.883,-0.143,-16.55,-22.309,-48.841,-12.735,-62.704,21.088,-52.956,12.008,-66.616,35.214,-84.292,-7.605,-103.493,-31.662,-84.845,2544.395,-0.558,-19.706,2546.758,2,"檸檬の残骸",-15.099,-48.575,0,0,0,0,0,0,0,2
34,2,1,1,0,0,0,1,0,0,0,255,255,255,19,2573.841,"Espressο",R,0,140,2.099,0.511,1,139.782,-193.665,0,0,0,6,0,R,"Chunsik03",190,103.23,0.392,0,57,0,0,0,0,0,0,0,0,0,0,0,0,0,0,0,-0.043,-37.257,-0.038,-16.491,-21.945,-49.194,-11.184,-63.075,20.752,-52.494,10.146,-66.068,34.136,-84.246,-7.618,-100.837,-32.774,-81.784,0,0,0,0,0,"",0,0,0,0,0,0,0,0,0,0
35,2,1,1,0,1,0,1,0,0,0,255,255,255,20,2588.973,"Espressο",R,3,112,0.41,0.392,0,-467.564,12.007,0,0,0,6,0,R,"Chunsik03",190,103.23,0.392,0,57,0,0,0,0,0,0,0,0,0,0,0,0,0,0,0,0.11,-37.334,-0.087,-16.467,-21.427,-49.228,-11.743,-63.288,20.691,-52.531,10.079,-66.083,33.514,-84.441,-7.682,-100.668,-32.817,-81.819,0,0,0,0,0,"",0,0,0,0,0,0,0,0,0,0
36,2,1,1,0,1,1,1,0,0,0,255,255,255,21,2601.96,"Espressο",R,0,140,1.214,1.134,4,63.73,-200,0,0,1,6,0,R,"Chunsik03",190,103.23,0.392,0,57,0,0,0,0,0,0,0,0,0,0,0,0,0,0,0,0.095,-37.371,-0.065,-16.409,-21.36,-49.19,-11.877,-63.326,20.668,-52.525,10.111,-66.073,33.313,-84.265,-7.704,-100.61,-32.851,-81.862,0,0,0,0,0,"",0,0,0,0,0,0,0,0,0,0
37,2,1,1,0,1,2,1,0,0,0,255,255,255,22,2615.635,"Espressο",R,0,140,-3.431,-0.416,1,82.775,-181.92,-0.706,-16.618,0,6,0,R,"Chunsik03",190,103.23,0.392,0,57,0,0,0,0,0,0,0,0,0,0,0,0,0,0,0,0.059,-37.415,-0.88,-16.457,-21.358,-48.984,-11.873,-63.308,20.493,-52.589,5.08,-60.823,33.258,-84.335,-7.776,-100.692,-32.935,-81.915,0,0,0,0,0,"",0,0,0,0,0,0,0,0,0,0
38,2,1,1,0,2,2,1,0,0,0,255,255,255,23,2629.254,"Espressο",R,10,104,1.173,0.149,0,90.988,363.478,0.329,-17.435,1,6,0,R,"Chunsik03",190,103.23,0.392,0,57,0,0,0,0,0,0,0,0,0,0,0,0,0,0,0,0.2,-37.478,0.247,-17.015,-20.973,-45.872,-11.951,-63.263,20.491,-52.541,6.738,-62.757,33.239,-84.239,-6.885,-100.656,-32.937,-81.905,0,0,0,0,0,"",0,0,0,0,0,0,0,0,0,0
39,2,1,1,0,0,0,2,0,0,0,255,255,255,24,2657.543,"Espressο",R,0,140,2.068,0.18,1,92.845,-131.443,0,0,0,7,6,R,"Roscosmos",175,88,0.37,0,57,0,0,0,0,0,0,0,0,0,0,0,0,0,0,0,0.066,-37.235,0.058,-16.367,-22.916,-49.544,-12.375,-63.11,20.44,-52.448,11.647,-65.553,38.644,-91.425,-0.686,-101.222,-31.552,-84.111,0,0,0,0,0,"",0,0,0,0,0,0,0,0,0,0
40,2,1,1,0,1,0,2,0,0,0,255,255,255,25,2670.091,"Espressο",R,0,140,1.111,0.814,2,57.434,-118.302,0,0,1,7,6,R,"Roscosmos",175,88,0.37,3,57,2670.803,136,132,85,146,86,46.098,-33.287,-0.51,-0.025,-0.148,0,0,0,0,-0.214,-36.839,0.167,-16.384,-22.475,-50.079,-11.984,-63.159,20.429,-52.455,11.648,-65.549,40.486,-91.707,-0.959,-101.298,-31.965,-83.782,2675.818,34.724,-71.742,2676.352,6,"ぐだもん",34.322,-71.136,1,0,0,0,0,0,0,2
41,2,1,1,0,0,0,2,1,0,0,6,255,255,26,2709.999,"Espressο",R,0,140,0.584,-0.045,2,149.917,-148.073,0,0,1,8,2,R,"Penguin_iDOL",180,107,0.445,3,57,2711.051,193,116,65,155,95,60.098,43.621,-0.21,-0.089,-0.094,0.223,0,0,0,-0.03,-36.934,-0.038,-16.316,-19.821,-45.402,-11.031,-61.445,20.023,-49.711,9.68,-62.911,32.963,-79.734,-6.5,-93.999,-32.392,-82.063,2716.807,-49.616,-58.499,0,0,"",0,0,0,0,0,0,0,0,0,3
42,2,1,1,0,0,1,2,0,1,0,255,6,255,27,2737.987,"Espressο",R,0,139,-0.392,0.192,2,100.3,-191.046,0,0,1,8,2,R,"Penguin_iDOL",180,107,0.445,3,71,2739.04,207,109,22,149,120,43.032,48.175,0.16,-0.054,-0.099,0.365,0,0,0,-0.071,-37.067,-0.038,-16.599,-19.28,-44.523,-13.183,-63.52,19.602,-50.229,10.857,-64.079,33.237,-81.602,-9.283,-97.887,-29.757,-84.307,2744.412,-91.077,-72.453,0,0,"",0,0,0,0,0,0,0,0,0,0
43,2,1,1,0,0,2,2,1,0,0,6,255,255,28,2764.853,"Espressο",R,13,113,-2,-0.789,2,-217.272,400,0,0,1,8,2,R,"Penguin_iDOL",180,107,0.445,3,71,2766.064,186,83,40,144,99,-30,-8.291,0.91,-0.027,-0.122,0.299,0,0,0,-0.443,-36.851,-0.475,-16.684,-19.76,-44.79,-12.625,-63.637,20.348,-50.38,8.933,-63.019,33.452,-81.05,-13.886,-100.278,-34.655,-81.264,2765.934,-0.296,-20.286,2767.965,5,"sano jpn",4.95,-56.466,0,0,0,0,0,0,0,2
44,2,0,1,0,0,0,0,0,0,0,255,255,255,14,2827.691,"Chunsik03",R,0,136,-1.155,1.02,1,85.171,-140.584,0,0,0,4,9,L,"CAT tourniquet",190,95.214,0.357,0,57,0,0,0,0,0,0,0,0,0,0,0,0,0,0,0,0.257,-37.366,-0.016,-17.455,-20.768,-47.282,-14.439,-60.555,20.987,-47.066,13.968,-64.04,35.642,-81.088,-0.229,-102.355,-41.342,-81.103,0,0,0,0,0,"",0,0,0,0,0,0,0,0,0,0
45,2,0,1,0,1,0,0,0,0,0,255,255,255,15,2843.41,"Chunsik03",R,0,139,-0.939,0.677,2,58.253,-170.027,0,0,1,4,9,L,"CAT tourniquet",190,95.214,0.357,3,57,2844.369,112,55,6,100,97,34.694,-47.865,0.39,0.055,-0.097,0,0,0,0,0.248,-36.955,-0.13,-17.537,-20.806,-47.524,-15.216,-61.326,21.049,-47.156,13.839,-64.1,34.108,-81.722,-0.314,-103.662,-41.881,-80.708,0,0,0,2844.545,1,"DoYaGee",-0.132,-22.831,0,0,0,0,0,0,0,3
46,2,0,1,0,1,1,0,0,0,0,255,255,255,16,2863.535,"Chunsik03",R,11,117,-0.129,-1.083,1,0,206.387,0,0,0,4,9,L,"CAT tourniquet",190,95.214,0.357,0,55,0,0,0,0,0,0,0,0,0,0,0,0,0,0,0,0.051,-37.35,-0.026,-17.14,-20.776,-47.534,-15.568,-62.19,21.853,-48.629,13.751,-64.153,34.041,-81.376,0.491,-101.23,-41.483,-81.545,0,0,0,0,0,"",0,0,0,0,0,0,0,0,0,0
47,2,0,1,0,2,1,0,0,0,0,255,255,255,17,2878.779,"Chunsik03",R,0,140,-1.451,0.163,0,71.901,-80.091,0,0,0,4,9,L,"CAT tourniquet",190,95.214,0.357,0,55,0,0,0,0,0,0,0,0,0,0,0,0,0,0,0,0.041,-37.257,-0.086,-17.187,-20.836,-47.517,-16.04,-62.238,21.769,-48.713,13.755,-64.194,34.406,-81.066,-0.15,-99.153,-42.218,-81.09,0,0,0,0,0,"",0,0,0,0,0,0,0,0,0,0
48,2,0,1,0,2,2,0,0,0,0,255,255,255,18,2897.978,"Chunsik03",R,0,140,-0.454,0.624,2,66.526,-93.504,0,0,1,4,9,L,"CAT tourniquet",190,95.214,0.357,3,55,2898.898,89,85,35,129,79,106.305,55.683,-0.16,0.085,-0.24,0.268,0,0,0,0.092,-36.868,-0.208,-17.219,-20.896,-47.618,-15.599,-61.533,21.865,-48.568,13.829,-63.803,34.426,-80.694,0.237,-98.91,-41.474,-82.223,2904.438,29.213,6.604,0,0,"",0,0,0,0,0,0,0,0,0,0
49,2,0,1,0,2,2,0,0,0,0,255,255,255,19,2924.431,"Chunsik03",R,10,111,-1.619,-2.529,2,0,361.335,-0.288,-22.312,1,4,9,L,"CAT tourniquet",190,95.214,0.357,3,55,2925.48,199,179,69,155,101,-15.014,11.741,0.92,0.118,-0.297,0.382,0,0,0,-0.042,-36.998,-0.117,-17.654,-21.582,-47.15,-15.773,-62.503,21.601,-50.469,13.234,-64.12,35.298,-80.083,0.124,-102.501,-41.301,-81.573,2926.092,-4.735,-39.098,2927.625,3,"_앰프_",-11.021,-61.532,0,0,0,0,0,0,0,2
50,2,0,1,0,0,0,1,0,0,0,255,255,255,20,2953.143,"Chunsik03",R,0,136,1.145,0.512,0,39.963,-84.729,0,0,1,5,8,R,"あくせる",170.4,107,0.275,0,78,0,0,0,0,0,0,0,0,0,0,0,0,0,0,0,0.213,-37.531,0.06,-17.546,-21.286,-45.393,-16.593,-61.651,23.526,-49.831,11.491,-64.657,34.887,-82.173,0.363,-97.691,-39.77,-79.079,0,0,0,0,0,"",0,0,0,0,0,0,0,0,0,0
51,2,0,1,0,0,1,1,0,0,0,255,255,255,21,2971.032,"Chunsik03",R,0,137,0.577,0.224,2,80.964,-119.203,0,0,1,5,8,R,"あくせる",170.4,107,0.275,3,78,2972.099,170,71,3,132,78,31.693,18.076,-0.1,-0.032,-0.079,0.116,0,0,0,0.008,-36.88,-0.033,-17.491,-21.185,-45.446,-16.471,-62.172,23.473,-49.933,11.69,-64.792,36.567,-83.564,-0.083,-97.369,-41.767,-79.666,2976.424,-24.251,-76.824,2976.648,8,"Dοpi",-23.579,-75.315,0,0,0,0,0,0,0,1
52,2,0,1,0,0,0,2,0,0,0,255,255,255,22,3072.381,"Chunsik03",R,0,134,-1.509,0.741,2,92.715,-168.687,0,0,1,6,2,L,"檸檬の残骸",190,107,0.502,2,36,3073.367,176,109,35,150,95,43.273,20.194,-0.31,0.028,-0.075,0.35,0,0,0,0.201,-37.024,-0.175,-17.501,-20.922,-45.935,-16.385,-62.151,23.486,-49.777,11.684,-64.73,35.925,-83.368,0.441,-102.886,-42.977,-80.822,3078.273,-21.886,-88.69,3079.703,7,"-라후이-",-24.714,-98.16,1,0,0,0,0,0,0,2
53,2,0,1,0,0,0,2,1,0,0,11,255,255,23,3113.758,"Chunsik03",R,0,133,-1.249,0.878,0,54.795,-114.636,0,0,0,7,6,L,"ぐだもん",175.4,107,0.442,0,57,0,0,0,0,0,0,0,0,0,0,0,0,0,0,0,0.304,-37.411,-0.151,-17.398,-19.062,-44.796,-8.349,-61.844,22.32,-50.145,11.662,-64.958,35.45,-80.421,-1.081,-102.343,-40.965,-78.922,0,0,0,0,0,"",0,0,0,0,0,0,0,0,0,0
54,2,0,1,0,0,1,2,1,0,0,11,255,255,24,3128.487,"Chunsik03",R,0,132,-1.807,0.058,4,64.439,-76.118,0,0,1,7,6,L,"ぐだもん",175.4,107,0.442,0,57,0,0,0,0,0,0,0,0,0,0,0,0,0,0,0,0.329,-37.388,-0.151,-17.402,-19.497,-43.092,-10.459,-61.825,22.097,-50.301,11.682,-64.977,35.92,-83.611,0.485,-101.09,-41.092,-80.967,0,0,0,0,0,"",0,0,0,0,0,0,0,0,0,0
55,2,0,1,0,0,2,2,1,0,0,11,255,255,25,3142.857,"Chunsik03",R,0,139,-1.035,0.88,0,105.893,-96.314,0,0,0,7,6,L,"ぐだもん",175.4,107,0.442,0,57,0,0,0,0,0,0,0,0,0,0,0,0,0,0,0,0.464,-37.318,-0.108,-17.33,-19.962,-42.604,-10.56,-62.326,22.079,-50.485,11.547,-64.856,35.905,-83.585,-0.267,-104.775,-40.725,-80.009,0,0,0,0,0,"",0,0,0,0,0,0,0,0,0,0
56,3,1,1,0,0,0,0,0,0,0,255,255,255,29,3203.967,"Espressο",R,0,140,2.441,1.232,4,79.649,-198.645,0.17,-21.486,1,0,5,R,"즉석카레",169.8,99.808,0.397,0,57,0,0,0,0,0,0,0,0,0,0,0,0,0,0,0,0.066,-37.307,0.05,-16.823,-21.28,-48.094,-12.856,-62.686,21.321,-52.712,10.505,-64.246,31.663,-81.719,-5.845,-103.316,-32.215,-84.391,0,0,0,0,0,"",0,0,0,0,0,0,0,0,0,0
57,3,1,1,0,0,1,0,0,0,0,255,255,255,30,3221.021,"Espressο",R,0,140,0.338,0.942,2,85.922,-185.822,0,0,1,0,5,R,"즉석카레",169.8,99.808,0.397,3,57,3221.835,172,121,79,154,111,56.968,7.311,0.16,-0.111,-0.096,0.236,0,0,0,-0.044,-37.029,0.064,-16.544,-21.834,-48.873,-12.685,-62.885,21.357,-52.731,10.352,-64.828,31.629,-81.747,-6.193,-103.605,-32.237,-84.313,3228.691,-9.902,-88.475,3228.764,7,"alcohol500",-9.734,-87.347,0,0,0,0,0,0,0,1
58,3,1,1,0,0,0,1,0,0,0,255,255,255,31,3310.452,"Espressο",R,0,140,1.4,1.087,1,102.571,-200,0,0,0,1,3,R,"_앰프_",170.6,89.947,0.4,0,57,0,0,0,0,0,0,0,0,0,0,0,0,0,0,0,0.171,-37.232,-0.026,-16.491,-21.491,-48.988,-12.383,-63.428,21.068,-52.919,9.317,-64.833,30.609,-80.024,-10.641,-105.843,-33.055,-81.459,0,0,0,0,0,"",0,0,0,0,0,0,0,0,0,0
59,3,1,1,0,1,0,1,0,0,0,255,255,255,32,3325.595,"Espressο",R,0,140,0.923,0.25,0,84.582,-200,0,0,0,1,3,R,"_앰프_",170.6,89.947,0.4,0,57,0,0,0,0,0,0,0,0,0,0,0,0,0,0,0,0.041,-37.279,-0.038,-16.329,-21.647,-49.195,-12.356,-63.114,21.019,-52.726,10.075,-64.993,30.516,-80.406,-10.775,-105.563,-34.231,-80.721,0,0,0,0,0,"",0,0,0,0,0,0,0,0,0,0
60,3,1,1,0,1,1,1,0,0,0,255,255,255,33,3340.362,"Espressο",R,0,140,0.657,0.409,2,130.114,-191.798,0,0,1,1,3,R,"_앰프_",170.6,89.947,0.4,3,57,3341.265,170,127,45,153,88,43.578,-13.005,-0.49,-0.067,-0.079,0.461,0,0,0,-0.461,-36.846,0.029,-16.481,-21.8,-49.242,-12.394,-63.133,20.909,-52.918,10.111,-64.957,30.531,-80.349,-10.769,-105.472,-34.05,-80.638,0,0,0,3346.346,5,"sano jpn",9.884,-81.478,0,0,0,0,0,0,0,1
61,3,1,1,0,0,0,2,0,0,0,255,255,255,34,3370.023,"Espressο",R,0,140,2.016,2.572,1,52.787,-200,0,0,0,2,7,R,"-라후이-",179.9,100.263,0.498,0,57,0,0,0,0,0,0,0,0,0,0,0,0,0,0,0,-0.012,-37.345,-0.044,-16.305,-20.948,-48.534,-12.008,-62.485,19.864,-52.304,8.762,-66.034,31.122,-84.373,-11.589,-98.617,-34.497,-81.463,0,0,0,0,0,"",0,0,0,0,0,0,0,0,0,0
62,3,1,1,0,1,0,2,0,0,0,255,255,255,35,3383.976,"Espressο",R,0,140,1.972,0.51,2,75.036,-131.734,0,0,1,2,7,R,"-라후이-",179.9,100.263,0.498,3,57,3384.747,160,78,20,137,82,95.435,46.176,-0.49,0.017,-0.09,0.06,0,0,0,-0.343,-36.932,0.006,-16.443,-21.341,-48.945,-12.003,-62.686,19.894,-52.202,8.806,-66.144,31.245,-84.424,-11.597,-98.603,-35.068,-81.439,0,0,0,3390.734,1,"ゆっち一",12.481,-10.254,0,0,0,0,0,0,0,1
63,3,0,1,0,0,0,0,0,0,0,255,255,255,26,3442.159,"Chunsik03",R,0,140,1.259,0.937,2,-6.433,-145.498,0,0,1,8,4,R,"にゃんこ3K",190,104,0.598,3,57,3443.217,174,106,41,150,93,43.617,-33.349,-0.47,-0.114,-0.168,0.272,0,0,0,0.02,-36.954,-0.038,-17.672,-21.492,-47.618,-15.667,-61.615,22.563,-47.677,12.36,-64.38,36.53,-84.383,-0.388,-106.969,-39.938,-83.128,3448.34,46.719,-74.219,3448.455,6,"Roscosmos",45.364,-72.722,0,0,0,0,0,0,0,1
64,3,0,1,0,0,0,1,0,0,0,255,255,255,27,3526.246,"Chunsik03",R,0,133,-0.356,2.119,4,53.854,-200,0,0,1,0,7,L,"alcohol500",163.6,95,0.386,0,36,0,0,0,0,0,0,0,0,0,0,0,0,0,0,0,0.132,-37.235,-0.05,-17.472,-21.033,-46.948,-14.961,-62.588,22.266,-49.787,13.154,-64.346,38.593,-86.583,0.594,-105.852,-38.832,-80.443,0,0,0,0,0,"",0,0,0,0,0,0,0,0,0,0
65,3,0,1,0,0,1,1,0,0,0,255,255,255,28,3543.187,"Chunsik03",R,0,136,3.148,0.303,2,56.557,-200,0,0,1,0,7,L,"alcohol500",163.6,95,0.386,2,36,3544.286,199,105,20,147,83,44.157,-52.706,-0.44,0.023,-0.054,0.437,0,0,0,0.056,-36.982,0.175,-17.641,-20.89,-47.184,-14.911,-62.516,22.302,-49.77,12.974,-64.398,43.452,-87.146,-0.251,-105.935,-38.549,-80.537,3548.922,59.633,-52.701,0,0,"",0,0,0,0,0,0,0,0,0,3
66,3,0,1,0,0,2,1,0,0,0,255,255,255,29,3568.258,"Chunsik03",R,0,135,-0.834,2.033,1,103.637,-189.642,0,0,0,0,7,L,"alcohol500",163.6,95,0.386,0,36,0,0,0,0,0,0,0,0,0,0,0,0,0,0,0,0.204,-37.268,-0.062,-17.393,-21.688,-47.066,-14.882,-62.552,20.253,-47.516,11.774,-64.586,38.528,-86.685,0.059,-105.528,-38.774,-80.231,0,0,0,0,0,"",0,0,0,0,0,0,0,0,0,0
67,3,0,1,0,1,2,1,0,0,0,255,255,255,30,3582.48,"Chunsik03",R,11,108,-0.63,0.775,2,0,211.558,0,0,1,0,7,L,"alcohol500",163.6,95,0.386,2,36,3583.708,138,57,38,132,30,-10.275,-12.581,-0.49,0.023,-0.044,0.212,0,0,0,0.066,-36.975,-0.211,-17.418,-21.657,-47.086,-14.83,-62.364,20.303,-47.746,12.305,-64.369,38.633,-87.087,0.833,-102.617,-40.064,-80.455,3583.928,0.691,-23.011,3586.049,0,"Chunsik03",4.181,-32.132,0,0,0,0,0,0,0,2
68,3,0,1,0,0,0,2,0,0,0,255,255,255,31,3615.151,"Chunsik03",R,0,130,0.954,0.303,2,44.238,-83.46,0,0,0,1,5,R,"sano jpn",160,99.636,0.343,3,57,3616.27,126,129,49,143,117,-26.87,31.882,0.61,-0.093,0.023,0.349,0,0,0,-0.001,-37.015,0.036,-17.5,-22.2,-45.92,-15.683,-62.344,22.145,-49.714,12.576,-64.49,36.487,-84.238,-0.817,-101.64,-39.881,-77.298,3616.201,-0.805,-21.021,3618.922,8,"Dοpi",-32.078,-69.752,0,0,0,0,0,0,0,2
69,4,1,1,0,0,0,0,0,0,0,255,255,255,36,3680.457,"Espressο",R,6,103,-0.975,0.957,0,387.653,0.696,0,0,0,3,1,R,"DoYaGee",190,107,0.601,0,57,0,0,0,0,0,0,0,0,0,0,0,0,0,0,0,0.054,-37.416,-0.052,-16.432,-22.544,-51.011,-12.311,-62.475,20.833,-53.024,10.799,-66.102,32.369,-85.347,-10.271,-107.664,-33.901,-83.448,0,0,0,0,0,"",0,0,0,0,0,0,0,0,0,0
70,4,1,1,0,0,1,0,0,0,0,255,255,255,37,3695.364,"Espressο",R,0,140,1.825,0.682,2,78.311,-200,0,0,1,3,1,R,"DoYaGee",190,107,0.601,3,57,3696.271,139,60,23,131,81,97.044,81.643,-0.51,-0.08,-0.092,0.052,0,0,0,-0.089,-36.868,0.046,-16.523,-22.699,-50.13,-12.243,-62.621,20.91,-52.968,10.919,-66.209,32.184,-85.22,-10.501,-107.758,-33.891,-83.325,3701.449,53.32,-15.175,0,0,"",0,0,0,0,0,0,0,0,0,0
71,4,1,1,0,0,2,0,0,0,0,255,255,255,38,3714.443,"Espressο",R,0,140,0.581,1.463,4,67.61,-200,0.275,-17.04,1,3,1,R,"DoYaGee",190,107,0.601,0,50,0,0,0,0,0,0,0,0,0,0,0,0,0,0,0,0.254,-37.325,-0.095,-16.604,-22.024,-48.541,-12.344,-62.97,20.48,-53.093,11.951,-67.829,32.675,-81.935,-8.768,-105.566,-35.1,-85.263,0,0,0,0,0,"",0,0,0,0,0,0,0,0,0,0
72,4,1,1,0,0,0,1,0,0,0,255,255,255,39,3739.987,"Espressο",R,3,96,3.113,0.864,3,-338.309,0,0.294,-20.699,0,4,8,R,"Dοpi",179.6,90,0.3,0,57,0,0,0,0,0,0,0,0,0,0,0,0,0,0,0,0.09,-37.263,0.262,-17.911,-22.005,-49.394,-12.064,-62.998,20.384,-53.032,9.756,-66.549,29.069,-83.248,-8.212,-104.991,-34.944,-82.911,0,0,0,0,0,"",0,0,0,0,0,0,0,0,0,6
73,4,1,1,0,0,0,1,1,0,0,8,255,255,40,3762.964,"Espressο",R,0,140,-0.477,-0.827,2,145.087,-190.408,0,0,1,5,4,R,"siesta_aves",190,101.997,0.398,2,57,3763.993,160,115,51,150,115,6.676,25.595,0.83,0.188,-0.195,0.198,0,0,0,-0.188,-37.095,0.011,-16.498,-19.327,-44.496,-12.283,-62.524,18.541,-49.278,8.812,-66.625,30.609,-83.918,-8.125,-104.744,-34.4,-85.903,3765.412,-21.613,-57.489,3771.164,8,"あくせる",-46.565,-97.206,1,0,0,0,0,0,0,2
74,4,1,1,0,0,0,1,0,1,1,255,4,8,41,3799.444,"Espressο",R,10,112,-0.293,0.01,0,0,400,0,0,0,6,0,R,"Chunsik03",190,103.23,0.392,0,57,0,0,0,0,0,0,0,0,0,0,0,0,0,0,0,-0.011,-37.512,-0.14,-16.519,-22.587,-48.738,-11.633,-61.358,19.064,-41.513,7.754,-64.593,29.778,-81.409,-15.387,-103.656,-34.24,-84.416,0,0,0,0,0,"",0,0,0,0,0,0,0,0,0,0
75,4,1,1,0,0,1,1,0,1,1,255,4,8,42,3812.774,"Espressο",R,0,133,0.847,0.891,0,102.597,-200,0,0,1,6,0,R,"Chunsik03",190,103.23,0.392,0,57,0,0,0,0,0,0,0,0,0,0,0,0,0,0,0,-0.015,-37.487,-0.057,-16.39,-21.48,-48.304,-11.866,-61.709,18.883,-42.682,8.171,-65.169,30.558,-81.918,-14.563,-103.829,-34.843,-84.442,0,0,0,0,0,"",0,0,0,0,0,0,0,0,0,0
76,4,1,1,0,0,2,1,0,1,1,255,4,8,43,3830.618,"Espressο",R,10,120,-1.659,-0.424,2,-120.392,400,0,0,1,6,0,R,"Chunsik03",190,103.23,0.392,3,57,3831.729,143,93,16,139,112,50,40.098,0.15,-0.038,-0.013,0.347,0,0,0,-0.063,-37.066,-0.101,-16.452,-20.806,-47.047,-11.82,-61.835,18.247,-43.131,9.623,-63.786,30.428,-81.809,-14.408,-103.9,-34.63,-84.497,3837.438,-65.792,-81.572,0,0,"",0,0,0,0,0,0,0,0,0,3
77,4,1,1,0,0,2,1,0,1,1,255,4,8,44,3859.629,"Espressο",R,0,140,-0.074,1.241,4,12.771,-164.944,-0.383,-16.241,1,6,0,R,"Chunsik03",190,103.23,0.392,0,67,0,0,0,0,0,0,0,0,0,0,0,0,0,0,0,0.005,-37.127,-0.07,-16.399,-20.789,-47.939,-12.651,-62.141,18.957,-42.006,8.266,-63.175,33.366,-81.897,-14.851,-103.622,-35.92,-82.489,0,0,0,0,0,"",0,0,0,0,0,0,0,0,0,0
78,4,1,2,0,0,0,2,0,1,0,255,4,255,45,3890.457,"Espressο",R,3,126,0.094,-0.059,0,-406.238,0,0,0,0,7,6,R,"Roscosmos",175,88,0.37,0,57,0,0,0,0,0,0,0,0,0,0,0,0,0,0,0,0.182,-37.719,-0.155,-16.312,-21.144,-47.722,-10.327,-63.28,18.846,-44.322,7.761,-64.836,33.219,-83.573,-13.305,-105.485,-35.384,-84.46,0,0,0,0,0,"",0,0,0,0,0,0,0,0,0,0
79,4,1,2,0,0,1,2,0,1,0,255,4,255,46,3908.974,"Espressο",R,10,119,-0.121,-0.299,2,0,400,0,0,1,7,6,R,"Roscosmos",175,88,0.37,3,57,3909.795,175,137,22,154,91,7.731,8.336,-0.43,-0.059,-0.101,0.303,0,0,0,0.099,-37.153,0.03,-16.386,-21.715,-49.18,-12.015,-63.214,18.606,-45.731,7.685,-64.879,33.524,-83.65,-13.111,-105.799,-37.366,-83.452,3911.334,-5.094,-56.817,3912.17,3,"mochi_2929",-5.835,-63.154,0,0,0,0,0,0,0,2
80,4,0,2,0,0,0,0,0,0,0,255,255,255,32,3960.444,"Chunsik03",R,0,140,0.479,0.889,2,108.999,-172.831,0,0,1,2,3,R,"mochi_2929",174.6,101,0.454,3,57,3961.572,255,138,44,155,90,31.921,-36.144,-0.53,0,-0.096,0.268,0,0,0,-0.086,-36.943,-0.02,-17.519,-22.346,-47.158,-15.835,-62.037,23.246,-49.228,12.209,-64.716,36.114,-83.628,-0.359,-105.969,-43.405,-80.38,3966.193,52.619,-74.298,3972.182,6,"Roscosmos",69.225,-89.344,1,4,0,0,0,0,0,2
81,4,0,2,0,0,0,1,0,0,0,255,255,255,33,4007.042,"Chunsik03",R,0,130,1.202,1.273,2,41.869,-158.467,0,0,1,3,1,R,"ゆっち一",190,95.584,0.352,3,57,4008.143,179,106,29,148,130,39.935,23.754,0.6,-0.072,-0.102,0.343,0,0,0,0.055,-37.017,-0.097,-17.288,-22.485,-47.664,-15.125,-62.289,21.621,-48.222,12.549,-64.575,35.852,-79.397,0.397,-107.102,-40.717,-79.651,4013.637,-58.779,-113.1,0,0,"",0,0,0,0,0,0,0,0,0,4
82,4,0,2,1,0,0,1,0,0,0,255,255,255,34,4057.86,"Chunsik03",R,0,132,-1.121,1.063,1,55.189,-83.01,0,0,0,4,9,L,"CAT tourniquet",190,95.214,0.357,0,57,0,0,0,0,0,0,0,0,0,0,0,0,0,0,0,0.178,-37.24,-0.107,-17.534,-21.342,-46.915,-13.857,-63.327,21.286,-48.547,12.423,-64.373,36.729,-81.203,-0.116,-107.779,-38.64,-79.655,0,0,0,0,0,"",0,0,0,0,0,0,0,0,0,0
83,4,0,2,1,1,0,1,0,0,0,255,255,255,35,4073.453,"Chunsik03",R,0,140,-0.861,0.646,2,49.876,-144.209,0,0,1,4,9,L,"CAT tourniquet",190,95.214,0.357,3,57,4074.397,123,76,8,131,83,32.916,-49.354,-0.14,0.066,-0.178,0.114,0,0,0,0.229,-36.891,-0.229,-17.221,-21.403,-47.154,-13.791,-63.208,21.368,-48.472,12.417,-64.349,38.02,-81.376,-1.162,-110.139,-40.831,-79.781,4078.207,52.543,-53.918,0,0,"",0,0,0,0,0,0,0,0,0,3
84,4,0,2,1,1,1,1,0,0,0,255,255,255,36,4117.464,"Chunsik03",R,0,131,-0.506,2.16,4,58.9,-200,0,0,1,4,9,L,"CAT tourniquet",190,95.214,0.357,0,55,0,0,0,0,0,0,0,0,0,0,0,0,0,0,0,0.335,-37.498,-0.026,-17.283,-21.386,-46.494,-14.57,-62.125,21.144,-48.435,13.387,-64.307,37.985,-79.736,-2.511,-104.68,-41.006,-79.921,0,0,0,0,0,"",0,0,0,0,0,0,0,0,0,0
85,4,0,2,1,1,2,1,0,0,0,255,255,255,37,4137.174,"Chunsik03",R,0,118,0.046,-1.039,1,0,19.282,0,0,0,4,9,L,"CAT tourniquet",190,95.214,0.357,0,55,0,0,0,0,0,0,0,0,0,0,0,0,0,0,0,0.033,-37.36,-0.057,-17.146,-21.432,-46.991,-12.38,-63.029,21.128,-48.624,12.773,-64.522,36.785,-79.079,-0.128,-104.156,-39.163,-79.68,0,0,0,0,0,"",0,0,0,0,0,0,0,0,0,0
86,4,0,2,1,2,2,1,0,0,0,255,255,255,38,4152.082,"Chunsik03",R,13,108,-0.903,-1.378,4,-354.617,345.755,0,0,1,4,9,L,"CAT tourniquet",190,95.214,0.357,0,55,0,0,0,0,0,0,0,0,0,0,0,0,0,0,0,0.115,-37.475,-0.078,-17.202,-21.424,-46.964,-12.496,-63.21,21.486,-47.286,12.445,-64.159,36.801,-79.075,0.717,-108.069,-39.332,-80.26,0,0,0,0,0,"",0,0,0,0,0,0,0,0,0,0
87,4,0,2,1,0,0,2,0,0,0,255,255,255,39,4177.801,"Chunsik03",R,0,138,1.295,1.417,2,97.863,-156.059,0,0,1,5,8,R,"あくせる",170.4,107,0.275,3,57,4178.87,155,59,3,115,67,97.492,-50.478,-0.46,-0.029,-0.053,0.026,0,0,0,-0.081,-36.986,-0.019,-17.303,-22.187,-47.11,-15.873,-62.309,21.237,-46.716,12.264,-64.853,36.997,-79.798,0.227,-99.763,-41.254,-80.394,0,0,0,4184.201,1,"DoYaGee",-8.858,-10.818,0,0,0,0,0,0,0,1
88,5,1,2,1,0,0,0,0,0,0,255,255,255,47,4245.295,"Espressο",R,0,140,1.997,1.177,2,75.766,-200,0,0,1,8,2,R,"Penguin_iDOL",180,107,0.445,3,57,4246.356,170,67,4,129,80,49.087,52.056,-0.05,-0.035,-0.054,0.195,0,0,0,-0.274,-36.783,0.084,-16.615,-20.953,-49.477,-12.359,-63.065,20.856,-52.682,10.359,-67.202,31.695,-83.86,-8.159,-105.197,-36.507,-82.699,4250.842,-49.354,-55.918,0,0,"",0,0,0,0,0,0,0,0,0,3
89,5,1,2,1,0,1,0,0,0,0,255,255,255,48,4268.015,"Espressο",R,10,119,-1.001,-1.22,2,0,400,0,0,1,8,2,R,"Penguin_iDOL",180,107,0.445,3,69,4269.082,177,129,74,155,104,-30,15.027,0.92,-0.063,-0.061,0.201,0,0,0,-0.085,-36.961,0.009,-16.559,-22.007,-47.702,-12.852,-64.225,20.083,-51.631,8.604,-64.64,31.291,-84.568,-9.896,-102.001,-34.611,-82.577,4268.951,-0.432,-21.858,4271.219,3,"mochi_2929",-10.487,-59.077,0,0,0,0,0,0,0,2
90,5,1,2,1,0,0,1,0,0,0,255,255,255,49,4299.176,"Espressο",R,0,140,0.484,-0.555,0,66.528,-145.411,0,0,0,0,5,R,"즉석카레",169.8,99.808,0.397,0,57,0,0,0,0,0,0,0,0,0,0,0,0,0,0,0,0.094,-37.46,-0.092,-16.455,-21.116,-48.444,-12.569,-63.742,20.769,-51.722,8.72,-65.763,30.388,-82.987,-6.826,-104.202,-35.575,-84.512,0,0,0,0,0,"",0,0,0,0,0,0,0,0,0,0
91,5,1,2,1,0,1,1,0,0,0,255,255,255,50,4317.467,"Espressο",R,0,140,-2.278,0.599,1,34.51,-187.484,0,0,0,0,5,R,"즉석카레",169.8,99.808,0.397,0,57,0,0,0,0,0,0,0,0,0,0,0,0,0,0,0,0.022,-37.429,-0.359,-16.383,-21.248,-48.357,-13.39,-63.247,20.908,-51.864,8.738,-65.731,30.378,-82.988,-7.031,-104.291,-35.626,-84.502,0,0,0,0,0,"",0,0,0,0,0,0,0,0,0,0
92,5,1,2,1,1,1,1,0,0,0,255,255,255,51,4331.376,"Espressο",R,10,105,1.296,-0.309,2,140.03,400,0,0,1,0,5,R,"즉석카레",169.8,99.808,0.397,3,57,4332.316,171,122,97,154,112,-30,-36.439,0.43,-0.066,-0.084,0.174,0,0,0,-0.214,-37.063,0.031,-16.64,-21.626,-48.516,-13.304,-63.309,20.582,-51.899,8.828,-65.681,30.39,-82.938,-7.068,-104.352,-35.529,-84.565,4332.309,1.26,-22.109,4333.789,4,"にゃんこ3K",20.166,-47.567,0,0,0,0,0,0,0,2
93,5,1,2,1,0,0,2,0,0,0,255,255,255,52,4359.575,"Espressο",R,0,140,0.577,0.545,0,74.122,-200,0,0,0,1,3,R,"_앰프_",170.6,89.947,0.4,0,57,0,0,0,0,0,0,0,0,0,0,0,0,0,0,0,0.121,-37.538,-0.057,-16.399,-21.482,-49.139,-12.033,-63.317,19.582,-52.298,9.43,-65.157,33.576,-84.321,-7.221,-103.778,-35.301,-82.477,0,0,0,0,0,"",0,0,0,0,0,0,0,0,0,0
94,5,1,2,1,0,1,2,0,0,0,255,255,255,53,4373.53,"Espressο",R,0,140,1.27,0.785,2,112.981,-156.848,0,0,1,1,3,R,"_앰프_",170.6,89.947,0.4,3,57,4374.401,148,116,56,148,85,-26.869,47.319,-0.52,-0.074,-0.086,0.432,0,0,0,-0.169,-36.928,0.016,-16.646,-21.103,-48.862,-12.035,-63.319,19.735,-52.189,9.525,-64.886,33.505,-84.398,-6.149,-103.78,-35.296,-82.51,4374.498,-1.988,-22.32,0,0,"",0,0,0,0,0,0,0,0,0,3
95,5,1,2,1,0,2,2,0,0,0,255,255,255,54,4398.615,"Espressο",R,0,140,0.306,2.117,1,59.05,-200,0,0,0,1,3,R,"_앰프_",170.6,89.947,0.4,0,57,0,0,0,0,0,0,0,0,0,0,0,0,0,0,0,0.234,-37.388,-0.038,-16.299,-21.51,-49.429,-13.247,-63.689,20.183,-51.9,8.713,-66.297,35.156,-82.729,-7.002,-102.464,-35.043,-83.209,0,0,0,0,0,"",0,0,0,0,0,0,0,0,0,0
96,5,1,2,1,1,2,2,0,0,0,255,255,255,55,4412.89,"Espressο",R,10,116,0.161,1.208,2,0,400,0,0,0,1,3,R,"_앰프_",170.6,89.947,0.4,3,57,4413.904,28,28,26,13,39,-22.387,33.609,-0.47,0.004,-0.007,0.035,0,0,0,-0.268,-36.793,-0.034,-16.508,-21.691,-48.884,-13.245,-63.609,20.194,-52.089,8.858,-66.121,34.513,-82.907,-7.041,-102.438,-34.86,-85.062,4414.092,-1.5,-21.501,4417.648,0,"Espressο",-9.131,-39.637,0,0,0,0,0,0,0,2
97,5,0,2,1,0,0,0,0,0,0,255,255,255,40,4461.918,"Chunsik03",R,0,132,4.095,0.501,4,138.586,-200,0,0,1,6,2,L,"檸檬の残骸",190,107,0.502,0,57,0,0,0,0,0,0,0,0,0,0,0,0,0,0,0,0.021,-37.37,0.093,-17.656,-21.448,-47.973,-13.184,-61.847,20.912,-47.02,13.382,-64.063,39.469,-81.417,0.015,-113.802,-38.595,-81.266,0,0,0,0,0,"",0,0,0,0,0,0,0,0,0,0
98,5,0,2,1,0,1,0,0,0,0,255,255,255,41,4477.88,"Chunsik03",R,0,139,3.46,0.391,2,61.79,-150.635,0,0,1,6,2,L,"檸檬の残骸",190,107,0.502,2,57,4478.981,215,137,45,155,96,-1.517,-28.093,-0.49,-0.011,-0.124,0.449,0,0,0,0.065,-36.954,0.314,-17.741,-21.52,-47.942,-14.302,-61.514,20.91,-47.033,13.391,-64.084,37.148,-81.971,0.486,-108.46,-40.625,-83.089,4479.455,7.626,-33.628,4481.254,5,"즉석카레",20.556,-60.098,0,0,0,0,0,0,0,2
99,5,0,2,1,0,0,1,0,0,0,255,255,255,42,4503.674,"Chunsik03",R,0,140,-1.555,0.546,2,54.255,-114.435,0,0,1,7,6,L,"ぐだもん",175.4,107,0.442,3,19,4504.587,173,56,145,138,122,107.727,66.093,0.27,-0.082,-0.018,0.132,0,0,0,-0.078,-36.972,-0.154,-17.399,-20.711,-47.442,-14.178,-62.114,21.49,-46.9,13.897,-63.565,40.162,-84.141,-0.437,-103.216,-41.014,-80.818,0,0,0,0,0,"",0,0,0,0,0,0,0,0,0,0
100,5,0,2,1,0,1,1,0,0,0,255,255,255,43,4524.966,"Chunsik03",R,0,129,-1.44,2.067,4,52.506,-117.075,0,0,1,7,6,L,"ぐだもん",175.4,107,0.442,0,19,0,0,0,0,0,0,0,0,0,0,0,0,0,0,0,0.291,-37.554,-0.097,-17.388,-21.385,-48.006,-15.072,-63.634,21.554,-47.675,13.86,-64.038,40.184,-81.984,-0.459,-107.116,-42.172,-79.879,0,0,0,0,0,"",0,0,0,0,0,0,0,0,0,0
101,5,0,2,1,0,2,1,0,0,0,255,255,255,44,4543.472,"Chunsik03",R,13,96,1.3,-2.726,4,-193.953,400,0,0,1,7,6,L,"ぐだもん",175.4,107,0.442,0,19,0,0,0,0,0,0,0,0,0,0,0,0,0,0,0,0.256,-37.7,-0.023,-17.388,-21.373,-47.815,-11.416,-60.668,21.532,-47.681,14.209,-63.861,39.998,-81.111,0.797,-105.932,-40.354,-78.705,0,0,0,0,0,"",0,0,0,0,0,0,0,0,0,0
102,5,0,2,1,0,0,2,0,0,0,255,255,255,45,4574.883,"Chunsik03",R,0,135,2.412,-0.152,1,38.245,-138.956,0,0,0,8,4,R,"にゃんこ3K",190,104,0.598,0,57,0,0,0,0,0,0,0,0,0,0,0,0,0,0,0,0.165,-37.483,0.24,-17.369,-22.364,-46.617,-14.897,-62.545,21.919,-49.484,13.141,-64.092,38.719,-80.996,0.877,-105.727,-38.469,-77.006,0,0,0,0,0,"",0,0,0,0,0,0,0,0,0,0
103,5,0,2,1,1,0,2,0,0,0,255,255,255,46,4593.001,"Chunsik03",R,10,106,2.513,-0.128,1,-13.524,370.641,0.32,-18.172,0,8,4,R,"にゃんこ3K",190,104,0.598,0,57,0,0,0,0,0,0,0,0,0,0,0,0,0,0,0,0.036,-37.495,0.086,-17.128,-22.369,-46.645,-15.027,-62.141,21.961,-49.42,13.231,-64.035,39.51,-82.237,0.564,-104.866,-38.654,-77.011,0,0,0,0,0,"",0,0,0,0,0,0,0,0,0,0
104,5,0,2,1,2,0,2,0,0,0,255,255,255,47,4612.146,"Chunsik03",R,0,136,0.909,-0.235,0,23.016,-118.13,0,0,0,8,4,R,"にゃんこ3K",190,104,0.598,0,57,0,0,0,0,0,0,0,0,0,0,0,0,0,0,0,0.107,-37.439,0.063,-17.451,-22.436,-46.674,-15.045,-62.153,21.757,-49.574,13.228,-64.03,38.926,-81.48,1.212,-104.962,-40.351,-80.179,0,0,0,0,0,"",0,0,0,0,0,0,0,0,0,0
105,5,0,2,1,2,1,2,0,0,0,255,255,255,48,4628.843,"Chunsik03",R,0,137,-3.186,-0.382,1,106.002,-140.991,0,0,0,8,4,R,"にゃんこ3K",190,104,0.598,0,57,0,0,0,0,0,0,0,0,0,0,0,0,0,0,0,0.145,-37.475,-0.504,-17.521,-22.4,-46.628,-16.81,-59.709,21.704,-49.648,13.221,-64.016,38.701,-81.281,-0.655,-104.312,-43.375,-75.568,0,0,0,0,0,"",0,0,0,0,0,0,0,0,0,0
106,5,0,2,1,3,1,2,0,0,0,255,255,255,49,4644.137,"Chunsik03",R,0,129,0.97,0.269,0,49.48,-111.788,0,0,1,8,4,R,"にゃんこ3K",190,104,0.598,0,57,0,0,0,0,0,0,0,0,0,0,0,0,0,0,0,0.159,-37.473,-0.061,-17.499,-22.358,-46.585,-14.801,-62.303,21.749,-49.615,13.258,-63.951,38.648,-81.827,0.782,-101.303,-41.095,-81.006,0,0,0,0,0,"",0,0,0,0,0,0,0,0,0,0
107,5,0,2,1,3,2,2,0,0,0,255,255,255,50,4660.487,"Chunsik03",R,0,140,0.623,-0.007,2,54.042,-179.198,0,0,1,8,4,R,"にゃんこ3K",190,104,0.598,3,57,4661.538,174,105,39,149,92,96.72,71.695,-0.5,-0.135,-0.18,0.205,0,0,0,0.057,-36.918,-0.008,-17.466,-22.364,-46.326,-14.971,-62.258,21.412,-49.043,13.238,-64.02,38.576,-81.694,1.855,-100.407,-40.518,-79.944,0,0,0,0,0,"",0,0,0,0,0,0,0,0,0,0
108,5,0,2,1,3,2,2,0,0,0,255,255,255,51,4684.434,"Chunsik03",R,0,131,0.072,1.12,2,54.257,-143.762,0,0,1,8,4,R,"にゃんこ3K",190,104,0.598,3,57,4685.58,171,83,49,144,90,33.482,-10.226,-0.48,-0.114,-0.135,0.205,0,0,0,-0.007,-37.098,-0.035,-17.43,-21.568,-45.671,-15.017,-62.962,20.715,-48.387,12.403,-64.899,35.747,-81.081,1.058,-104.915,-42.472,-76.786,4690.424,16.02,-90.016,4697.182,7,"-라후이-",24.77,-116.739,1,0,0,0,0,0,0,2
109,5,0,2,1,0,0,2,0,0,1,255,255,13,52,4734.779,"Chunsik03",R,0,125,-0.805,2.351,1,50.934,-163.364,0,0,0,0,7,L,"alcohol500",163.6,95,0.386,0,57,0,0,0,0,0,0,0,0,0,0,0,0,0,0,0,0.107,-37.426,0.058,-17.557,-22.222,-46.591,-12.278,-62.678,19.838,-41.268,14.129,-62.386,35.864,-80.812,0.565,-105.93,-40.869,-80.68,0,0,0,0,0,"",0,0,0,0,0,0,0,0,0,0
110,5,0,2,1,1,0,2,0,0,1,255,255,13,53,4754.699,"Chunsik03",R,0,139,1.027,-0.432,2,111.185,-141.728,0,0,1,0,7,L,"alcohol500",163.6,95,0.386,2,57,4755.777,194,115,16,149,87,96.635,81.407,0,0.029,-0.036,0.439,0,0,0,-0.001,-36.858,0.135,-17.748,-22.314,-46.908,-13.152,-63.294,19.903,-40.743,13.179,-63.374,35.674,-79.439,-0.876,-104.833,-37.338,-82.841,4761.201,55.701,-15.566,0,0,"",0,0,0,0,0,0,0,0,0,0
111,5,0,2,1,1,1,2,0,0,1,255,255,13,54,4776.08,"Chunsik03",R,10,113,-0.501,-0.579,2,0,366.741,0,0,1,0,7,L,"alcohol500",163.6,95,0.386,2,36,4777.235,91,92,38,131,118,-15.012,-41.539,0.36,0.021,-0.075,0.326,0,0,0,-0.156,-37.032,-0.259,-17.869,-22.341,-46.51,-14.093,-61.552,19.623,-40.634,14.024,-63.474,36.331,-81.792,-1.016,-106.019,-41.516,-81.651,4777.225,1.584,-21.162,4784.213,6,"Roscosmos",58.351,-86.269,1,0,0,0,0,0,0,2
112,5,0,2,2,0,0,2,0,1,0,255,16,255,55,4813.228,"Chunsik03",R,0,128,1.318,0.384,2,50.618,-136.777,0,0,0,1,5,R,"sano jpn",160,99.636,0.343,3,57,4814.335,154,92,92,149,101,-24.871,38.017,0.12,-0.15,0.026,0.228,0,0,0,-0.033,-36.838,0.047,-18.088,-22.145,-46.126,-14.817,-62.282,20.598,-43.166,5.421,-62.335,38.192,-80.668,-0.445,-105.99,-40.853,-79.135,4814.303,-1.162,-21.488,4815.945,3,"_앰프_",-19.599,-44.614,0,0,0,0,0,0,0,2
113,6,1,2,2,0,0,0,0,0,0,255,255,255,56,4869.614,"Espressο",R,0,140,1.009,0.866,0,60.036,-178.114,0,0,1,2,7,R,"-라후이-",179.9,100.263,0.498,0,57,0,0,0,0,0,0,0,0,0,0,0,0,0,0,0,0.342,-37.311,-0.08,-16.22,-22.25,-48.791,-12.021,-61.848,20.692,-52.859,9.532,-65.471,32.24,-82.191,-10.234,-105.749,-35.957,-84.331,0,0,0,0,0,"",0,0,0,0,0,0,0,0,0,0
114,6,1,2,2,0,1,0,0,0,0,255,255,255,57,4884.259,"Espressο",R,0,140,1.12,1.813,4,76.934,-200,0,0,1,2,7,R,"-라후이-",179.9,100.263,0.498,0,57,0,0,0,0,0,0,0,0,0,0,0,0,0,0,0,0.115,-37.275,-0.063,-16.234,-22.523,-48.1,-12.092,-62.089,20.65,-53.083,9.483,-65.461,34.437,-85.758,-10.075,-105.723,-36.264,-84.206,0,0,0,0,0,"",0,0,0,0,0,0,0,0,0,0
115,6,1,2,2,0,2,0,0,0,0,255,255,255,58,4901.197,"Espressο",R,0,140,1.3,1.43,4,89.032,-200,0,0,1,2,7,R,"-라후이-",179.9,100.263,0.498,0,57,0,0,0,0,0,0,0,0,0,0,0,0,0,0,0,0.912,-36.351,-0.064,-16.201,-21.959,-48.371,-12.06,-62.058,20.677,-53.028,6.28,-65.153,34.461,-85.763,-10.091,-105.767,-35.407,-84.981,0,0,0,0,0,"",0,0,0,0,0,0,0,0,0,0
116,6,1,2,2,0,0,1,0,0,0,255,255,255,59,4932.019,"Espressο",R,13,116,0.393,0.031,0,-353.561,353.545,0,0,0,3,1,R,"DoYaGee",190,107,0.601,0,57,0,0,0,0,0,0,0,0,0,0,0,0,0,0,0,0.015,-37.439,-0.116,-16.414,-22.276,-49.285,-12.113,-62.483,20.55,-53.081,9.404,-65.994,34.489,-85.775,-10.091,-104.982,-38.159,-83.893,0,0,0,0,0,"",0,0,0,0,0,0,0,0,0,0
117,6,1,2,2,0,1,1,0,0,0,255,255,255,60,4947.205,"Espressο",R,0,140,1.07,0.675,0,102.014,-200,0.124,-16.665,1,3,1,R,"DoYaGee",190,107,0.601,0,57,0,0,0,0,0,0,0,0,0,0,0,0,0,0,0,0.243,-37.354,0.041,-16.378,-22.998,-49.675,-12.188,-62.833,20.438,-53.155,8.126,-61.957,34.451,-85.744,-10.115,-104.905,-39.188,-83.691,0,0,0,0,0,"",0,0,0,0,0,0,0,0,0,0
118,6,1,2,2,0,2,1,0,0,0,255,255,255,61,4961.335,"Espressο",R,14,115,1.536,-1.239,4,361.916,344.989,0.406,-17.704,1,3,1,R,"DoYaGee",190,107,0.601,0,57,0,0,0,0,0,0,0,0,0,0,0,0,0,0,0,0.212,-37.462,0.089,-16.804,-22.305,-48.153,-11.824,-63.927,20.453,-53.234,7.505,-61.831,34.416,-85.694,-10.085,-104.994,-38.541,-85.791,0,0,0,0,0,"",0,0,0,0,0,0,0,0,0,0
119,6,1,2,2,0,0,2,0,0,0,255,255,255,62,4990.749,"Espressο",R,0,140,1.174,-0.181,2,117.415,-169.162,0,0,1,4,8,R,"Dοpi",179.6,90,0.3,3,57,4991.623,108,33,17,71,70,-36.161,26.334,-0.53,0.005,-0.018,0.068,0,0,0,-0.196,-36.752,0.212,-16.482,-22.907,-50.305,-12.44,-63.456,20.344,-53.208,11.276,-65.636,31.022,-84.427,-9.954,-103.953,-37.762,-84.708,4991.605,-0.252,-19.497,4994.605,2,"檸檬の残骸",-15.063,-43.046,0,0,0,0,0,0,0,2
120,6,0,2,2,0,0,0,0,0,0,255,255,255,56,5050.128,"Chunsik03",R,10,105,1.356,-1.366,2,-7.626,400,0,0,1,2,3,L,"mochi_2929",174.6,101,0.454,3,57,5051.365,225,124,68,155,120,103.241,67.137,0.84,0.09,-0.102,0.223,0,0,0,-0.039,-36.968,0.121,-17.638,-20.897,-48.234,-13.649,-62.7,21.462,-46.845,13.578,-64.095,37.487,-79.092,0.247,-110.753,-41.761,-81.82,0,0,0,0,0,"",0,0,0,0,0,0,0,0,0,0
121,6,0,2,2,0,1,0,0,0,0,255,255,255,57,5070.848,"Chunsik03",R,0,136,-0.778,2.02,4,72.375,-200,0,0,1,2,3,L,"mochi_2929",174.6,101,0.454,0,57,0,0,0,0,0,0,0,0,0,0,0,0,0,0,0,0.335,-37.497,-0.133,-17.296,-20.851,-46.824,-13.681,-63.872,21.489,-47.319,12.969,-64.316,38.217,-78.469,0.628,-105.477,-42.908,-82.449,0,0,0,0,0,"",0,0,0,0,0,0,0,0,0,0
122,6,0,2,2,0,2,0,0,0,0,255,255,255,58,5086.861,"Chunsik03",R,0,138,-1.036,1.673,1,97.522,-200,0,0,0,2,3,L,"mochi_2929",174.6,101,0.454,0,57,0,0,0,0,0,0,0,0,0,0,0,0,0,0,0,0.135,-37.207,-0.116,-17.284,-21.099,-46.975,-13.935,-63.201,21.66,-47.528,13.353,-64.159,37.662,-79.304,0.484,-107.313,-43.021,-82.314,0,0,0,0,0,"",0,0,0,0,0,0,0,0,0,0
123,6,0,2,2,1,2,0,0,0,0,255,255,255,59,5106.084,"Chunsik03",R,10,107,-0.639,-2.342,1,0,400,-0.124,-19.731,0,2,3,L,"mochi_2929",174.6,101,0.454,0,24,0,0,0,0,0,0,0,0,0,0,0,0,0,0,0,0.141,-37.476,-0.137,-17.264,-21.049,-46.848,-13.944,-63.012,21.911,-47.87,13.547,-63.993,38.546,-80.225,0.415,-106.108,-42.472,-82.429,0,0,0,0,0,"",0,0,0,0,0,0,0,0,0,0
124,6,0,2,2,2,2,0,0,0,0,255,255,255,60,5121.55,"Chunsik03",R,0,136,-20.624,-2.737,2,17.813,-4.345,0,0,1,2,3,L,"mochi_2929",174.6,101,0.454,3,24,5122.647,163,100,13,142,83,-10.906,14.857,-0.44,0.101,-0.174,0.376,0,0,0,0.073,-36.798,-0.175,-17.333,-20.812,-46.949,-14.464,-63.582,21.894,-47.899,13.556,-63.977,38.042,-79.999,0.053,-104.742,-42.476,-83.893,5122.68,-0.598,-21.878,5125.201,3,"_앰프_",-10.37,-60.247,0,0,0,0,0,0,0,2
125,6,0,2,2,0,0,1,0,0,0,255,255,255,61,5151.975,"Chunsik03",R,12,112,1.098,-0.818,0,0,119.873,0,0,0,3,1,R,"ゆっち一",190,95.584,0.352,0,72,0,0,0,0,0,0,0,0,0,0,0,0,0,0,0,0.077,-37.483,0.2,-17.13,-22.422,-47.779,-14.248,-61.701,21.152,-47.366,12.513,-64.196,34.083,-79.669,0.985,-107.904,-42.631,-83.853,0,0,0,0,0,"",0,0,0,0,0,0,0,0,0,0
126,6,0,2,2,0,1,1,0,0,0,255,255,255,62,5172.595,"Chunsik03",R,0,136,0.053,1.965,2,54.719,-200,0,0,1,3,1,R,"ゆっち一",190,95.584,0.352,3,72,5173.709,141,113,32,144,98,18.284,9.216,0.93,-0.032,-0.052,0.509,0,0,0,-0.211,-36.899,-0.031,-17.168,-22.42,-47.989,-14.867,-63.183,21.245,-47.269,13.74,-64.661,34.275,-80.014,1.85,-106.165,-53.856,-83.045,5177.77,-25.945,-94.466,5182.971,7,"-라후이-",-35.525,-118.58,1,0,0,0,0,0,0,2
127,6,0,2,2,0,0,1,0,1,0,255,10,255,0,5738.821,"DoYaGee",R,3,122,-0.752,0.613,0,-363.699,0,0,0,0,4,9,L,"CAT tourniquet",190,95.214,0.357,0,55,0,0,0,0,0,0,0,0,0,0,0,0,0,0,0,-0.063,-37.418,-0.224,-17.653,-19.573,-43.126,-8.4,-61.661,18.788,-40.732,13.239,-62.973,37.184,-79.884,0.439,-98.893,-42.487,-87.637,0,0,0,0,0,"",0,0,0,0,0,0,0,0,0,0
128,6,0,2,2,0,1,1,0,1,0,255,10,255,1,5766.474,"DoYaGee",R,0,124,-1.75,0.39,1,-86.783,-188.01,0,0,0,4,9,L,"CAT tourniquet",190,95.214,0.357,0,55,0,0,0,0,0,0,0,0,0,0,0,0,0,0,0,-0.259,-37.378,0.148,-17.336,-19.421,-43.821,-8.696,-62.493,19.001,-41.241,12.722,-63.141,35.95,-78.374,1.081,-99.603,-42.456,-87.806,0,0,0,0,0,"",0,0,0,0,0,0,0,0,0,0
129,6,0,2,2,1,1,1,0,1,0,255,10,255,2,5785.364,"DoYaGee",R,10,118,-0.631,-2.529,2,0,400,-0.117,-20.54,1,4,9,L,"CAT tourniquet",190,95.214,0.357,3,55,5786.348,168,131,55,153,117,-30,21.16,0.11,0.114,-0.202,0.407,0,0,0,0.001,-36.608,0.366,-16.931,-19.31,-44.1,-9.976,-62.319,18.945,-40.922,12.552,-63.998,36.712,-81.31,1.688,-103.587,-42.455,-87.909,5787.551,-8.586,-54.401,5788.182,3,"_앰프_",-10.399,-61.91,0,0,0,0,0,0,0,2
130,6,0,2,2,0,0,2,0,0,1,255,255,10,3,5819.958,"DoYaGee",R,6,110,-0.062,0.722,0,338.285,0,0,0,0,5,8,R,"あくせる",170.4,107,0.275,0,57,0,0,0,0,0,0,0,0,0,0,0,0,0,0,0,-0.266,-37.77,0.495,-18.023,-21.203,-45.382,-14.642,-61.773,19.762,-40.505,10.97,-65.13,37.831,-80.555,-1.002,-104.504,-44.766,-84.05,0,0,0,0,0,"",0,0,0,0,0,0,0,0,0,0
131,6,0,2,2,0,1,2,0,0,1,255,255,10,4,5843.394,"DoYaGee",R,0,116,-0.204,0.017,0,0,14.619,0,0,0,5,8,R,"あくせる",170.4,107,0.275,0,57,0,0,0,0,0,0,0,0,0,0,0,0,0,0,0,-0.185,-37.657,0.353,-17.394,-20.604,-46.212,-14.254,-63.062,19.685,-40.364,13.043,-63.982,38.097,-80.611,-2.508,-105.728,-45.17,-84.555,0,0,0,0,0,"",0,0,0,0,0,0,0,0,0,0
132,6,0,2,2,0,2,2,0,0,1,255,255,10,5,5864.972,"DoYaGee",R,0,121,-1.471,-0.306,4,-127.794,-200,0,0,1,5,8,R,"あくせる",170.4,107,0.275,0,57,0,0,0,0,0,0,0,0,0,0,0,0,0,0,0,-0.255,-37.583,-0.155,-16.875,-21.304,-46.047,-14.415,-62.01,19.658,-40.512,13.347,-63.412,37.318,-80.729,0.11,-105.44,-43.496,-82.099,0,0,0,0,0,"",0,0,0,0,0,0,0,0,0,0
133,7,1,2,2,0,0,0,0,0,0,255,255,255,63,5918.499,"Espressο",R,0,140,3.292,0.247,4,127.885,-200,0.021,-20.756,1,5,4,R,"siesta_aves",190,101.997,0.398,0,57,0,0,0,0,0,0,0,0,0,0,0,0,0,0,0,0.205,-37.389,0.077,-16.692,-22.211,-48.487,-12.271,-62.421,20.757,-53.344,10.574,-65,31.375,-81.74,-6.717,-104.085,-34.854,-81.89,0,0,0,0,0,"",0,0,0,0,0,0,0,0,0,0
134,7,1,2,2,0,1,0,0,0,0,255,255,255,64,5935.825,"Espressο",R,10,111,1.749,0.402,2,-20.904,400,0,0,1,5,4,R,"siesta_aves",190,101.997,0.398,2,57,5936.909,130,161,50,145,124,11.416,-24.272,0.21,0.137,-0.079,0.416,0,0,0,-0.28,-36.857,-0.678,-16.552,-21.33,-47.181,-12.811,-62.251,20.669,-53.271,10.679,-64.99,31.412,-81.743,-6.93,-104.263,-34.891,-81.88,0,0,0,5938.334,4,"にゃんこ3K",17.163,-52.887,0,0,0,0,0,0,0,1
135,7,1,2,2,0,0,1,0,0,0,255,255,255,65,5967.637,"Espressο",R,0,140,0.621,0.813,0,54.617,-200,0,0,0,6,2,R,"Chunsik03",190,103.23,0.392,0,57,0,0,0,0,0,0,0,0,0,0,0,0,0,0,0,0.01,-37.36,-0.048,-16.338,-22.09,-48.564,-11.553,-62.646,20.563,-53.899,10.456,-65.476,31.098,-82.007,-6.877,-100.667,-36.611,-84.147,0,0,0,0,0,"",0,0,0,0,0,0,0,0,0,0
136,7,1,2,2,0,1,1,0,0,0,255,255,255,66,5983.24,"Espressο",R,13,115,-2.249,-2.266,4,-332.962,373.01,-0.64,-17.166,1,6,2,R,"Chunsik03",190,103.23,0.392,0,57,0,0,0,0,0,0,0,0,0,0,0,0,0,0,0,0.205,-37.498,-0.551,-17.073,-21.593,-47.191,-11.561,-62.646,20.491,-54.048,9.652,-65.439,30.29,-82.515,-6.865,-100.58,-37.043,-83.746,0,0,0,0,0,"",0,0,0,0,0,0,0,0,0,0
137,7,1,2,2,0,2,1,0,0,0,255,255,255,67,6004.312,"Espressο",R,0,140,0.753,1.484,1,51.766,-200,0,0,0,6,2,R,"Chunsik03",190,103.23,0.392,0,57,0,0,0,0,0,0,0,0,0,0,0,0,0,0,0,0.035,-37.203,-0.056,-16.319,-20.764,-46.669,-11.413,-62.254,20.512,-54.242,9.352,-66.183,30.349,-82.692,-6.844,-100.54,-36.608,-83.918,0,0,0,0,0,"",0,0,0,0,0,0,0,0,0,0
138,7,1,2,2,1,2,1,0,0,0,255,255,255,68,6021.981,"Espressο",R,10,110,0.692,-1.816,2,149.648,400,0,0,1,6,2,R,"Chunsik03",190,103.23,0.392,3,67,6023.049,183,102,35,148,122,-19.032,-45.717,0.54,-0.086,-0.092,0.282,0,0,0,0.07,-37.258,-0.001,-16.501,-21.966,-49.606,-10.83,-62.768,20.515,-54.167,9.607,-66.744,29.689,-82.576,-6.858,-100.496,-35.671,-84.761,6022.988,0.996,-21.483,6031.576,6,"ぐだもん",58.979,-77.513,0,0,0,0,0,0,0,2
139,7,1,2,2,0,0,1,0,1,0,255,2,255,69,6104.343,"Espressο",R,0,140,0.029,-0.115,0,113.955,-162.414,0,0,1,7,6,R,"Roscosmos",175,88,0.37,3,57,6105.062,118,123,45,140,83,97.774,70.304,-0.46,-0.052,-0.091,0,0,0,0,-0.555,-36.807,0.011,-16.533,-19.966,-45.946,-11.059,-62.827,18.864,-47.276,10.826,-64.567,34.607,-83.235,-6.818,-103.616,-36.503,-81.786,0,0,0,6105.262,1,"ゆっち一",0.026,-17.788,0,0,0,0,0,0,0,3
140,7,1,2,2,0,1,1,0,1,0,255,2,255,70,6125.907,"Espressο",R,0,138,0.71,-0.006,0,192.925,-200,0,0,0,7,6,R,"Roscosmos",175,88,0.37,0,57,0,0,0,0,0,0,0,0,0,0,0,0,0,0,0,0.009,-37.206,-0.021,-16.445,-21.878,-48.149,-10.84,-62.77,18.659,-45.199,10.035,-61.42,34.324,-83.84,-8.497,-103.696,-36.837,-84.839,0,0,0,0,0,"",0,0,0,0,0,0,0,0,0,0
141,7,1,2,2,0,2,1,0,1,0,255,2,255,71,6143.918,"Espressο",R,0,140,-3.216,0.421,1,42.695,-172.478,0,0,0,7,6,R,"Roscosmos",175,88,0.37,0,57,0,0,0,0,0,0,0,0,0,0,0,0,0,0,0,-0.022,-37.254,-0.653,-16.199,-20.932,-46.671,-11.295,-63.152,18.398,-44.91,5.956,-59.408,34.035,-83.856,-8.495,-103.859,-36.223,-85.321,0,0,0,0,0,"",0,0,0,0,0,0,0,0,0,0
142,7,1,2,2,1,2,1,0,1,0,255,2,255,72,6159.659,"Espressο",R,0,140,0.224,-0.3,2,194.558,-200,0,0,1,7,6,R,"Roscosmos",175,88,0.37,3,57,6160.354,123,122,20,140,82,17.947,-6.896,-0.48,-0.08,-0.167,0,0,0,0,-0.21,-36.927,-0.021,-16.259,-22.066,-47.54,-11.569,-62.388,18.15,-46.707,5.991,-58.909,34.16,-84.024,-8.617,-103.898,-37.04,-86.168,6163.262,6.187,-73.217,6165.813,7,"alcohol500",8.683,-96.96,1,0,0,0,0,0,0,2
143,7,1,2,2,0,0,1,1,0,1,6,255,2,73,6196.572,"Espressο",R,0,140,-0.006,-0.639,2,132.58,-184.847,0,0,1,8,8,R,"Penguin_iDOL",180,107,0.445,3,57,6197.587,214,94,58,151,93,49.746,55.639,-0.2,-0.077,-0.11,0.228,0,0,0,-0.112,-36.974,0.002,-16.567,-19.482,-47.109,-11.342,-62.592,19.057,-40.455,9.636,-54.94,28.25,-79.535,-7.991,-104.592,-35.887,-86.627,6202.268,-66.129,-53.401,0,0,"",0,0,0,0,0,0,0,0,0,0
144,7,1,2,2,0,1,1,1,0,1,6,255,2,74,6218.811,"Espressο",R,0,140,2.138,1.195,2,118.778,-155.712,0,0,1,8,8,R,"Penguin_iDOL",180,107,0.445,3,69,6219.847,153,78,15,135,128,111.711,9.56,0.6,-0.061,-0.145,0.221,0,0,0,-0.267,-36.782,0.009,-16.518,-19.979,-46.152,-12.407,-62.027,19.011,-40.564,8.701,-55.981,30.274,-82.68,-9.652,-101.869,-34.405,-85.531,0,0,0,6220.012,1,"ゆっち一",0.424,-17.471,0,0,0,0,0,0,0,3
145,7,1,2,2,0,2,1,1,0,1,6,255,2,75,6239.679,"Espressο",R,0,140,-0.053,0.412,2,76.792,-200,0,0,1,8,8,R,"Penguin_iDOL",180,107,0.445,3,69,6240.707,214,120,31,154,95,44.593,17.956,-0.12,-0.038,-0.125,0.341,0,0,0,-0.282,-36.814,0.093,-16.572,-20.469,-47.006,-12.195,-62.781,17.9,-44.022,9.125,-55.299,30.651,-84.492,-10.932,-101.603,-36.619,-87.39,6246.213,-27.371,-83.675,6246.34,8,"あくせる",-26.813,-82.442,0,64,0,0,0,0,0,1
146,7,0,2,2,0,0,0,0,0,0,255,255,255,6,6318.321,"DoYaGee",R,5,123,-1.347,0.793,2,-113.958,0,0,0,1,6,2,L,"檸檬の残骸",190,107,0.502,2,57,6319.29,216,135,25,155,98,4.643,-8.399,-0.31,-0.032,-0.078,0.351,0,0,0,-0.565,-36.582,-0.492,-16.984,-20.356,-45.538,-13.736,-62.072,20.265,-44.882,14.6,-63.086,36.433,-81.105,-0.837,-106.33,-41.177,-87.658,6320.836,5.374,-59.882,6323.775,7,"-라후이-",9.639,-100.425,1,0,0,0,0,0,0,2
147,7,0,2,2,0,0,0,1,0,0,11,255,255,7,6441.566,"DoYaGee",R,0,128,-1.457,0.233,2,-113.839,-200,0,0,1,7,6,L,"ぐだもん",175.4,107,0.442,3,19,6442.596,251,144,54,155,122,15.419,-21.725,0.16,-0.152,-0.049,0.655,0,0,0,-0.149,-36.475,-0.144,-16.948,-19.487,-41.816,-12.318,-62.043,22.57,-49.958,12.171,-64.607,34.345,-77.349,0.065,-110.591,-40.182,-85.564,0,0,0,6443,1,"Dοpi",-0.35,-16.963,0,0,0,0,0,0,0,3
148,7,0,2,2,0,1,0,1,0,0,11,255,255,8,6464.641,"DoYaGee",R,6,111,2.786,0.546,2,399.551,0,0,0,1,7,6,L,"ぐだもん",175.4,107,0.442,3,56,6465.72,195,118,86,155,119,26.452,-39.665,0.24,-0.083,-0.007,0.369,0,0,0,-0.137,-36.687,0.419,-16.955,-19.647,-40.507,-11.906,-62.284,22.729,-49.958,12.081,-64.533,33.403,-76.346,0.166,-110.618,-41.002,-84.029,6470.328,78.595,-81.447,0,0,"",0,0,0,0,0,0,0,0,0,3
149,7,0,2,2,0,2,0,1,0,0,11,255,255,9,6493.684,"DoYaGee",R,10,113,0.259,-1.915,2,0,400,0.185,-19.52,1,7,6,L,"ぐだもん",175.4,107,0.442,3,19,6494.842,243,117,68,155,117,-15.151,-29.189,0.73,-0.156,-0.059,0.486,0,0,0,-0.379,-36.63,0.051,-17.104,-19.734,-41.037,-12.364,-61.856,23.098,-50.573,12.943,-63.726,39.179,-78.767,0.642,-104.485,-41.129,-83.55,6495.545,9.349,-39.085,6496.861,5,"즉석카레",18.286,-60.073,1,0,0,0,0,0,0,2
150,7,0,2,2,0,0,1,1,0,0,15,255,255,10,6535.151,"DoYaGee",R,14,110,0.184,-0.048,0,222.102,400,0,0,0,8,4,R,"にゃんこ3K",190,104,0.598,0,56,0,0,0,0,0,0,0,0,0,0,0,0,0,0,0,-0.72,-37.334,0.184,-16.974,-19.643,-40.336,-13.168,-61.653,21.813,-48.61,9.31,-64.341,38.542,-80.837,0.023,-104.442,-42.301,-82.611,0,0,0,0,0,"",0,0,0,0,0,0,0,0,0,0
151,7,0,2,2,0,1,1,1,0,0,15,255,255,11,6555.586,"DoYaGee",R,0,122,-0.022,-0.596,2,18.91,0,0,0,1,8,4,R,"にゃんこ3K",190,104,0.598,3,56,6556.724,167,115,44,151,95,16.715,-21.931,-0.05,-0.092,-0.221,0.339,0,0,0,-0.155,-36.727,0.23,-17.122,-19.599,-40.793,-14.555,-61.136,21.771,-48.712,12.17,-64.319,38.755,-82.523,0.56,-103.041,-42.376,-82.605,6559.309,24.37,-72.244,6560.152,6,"Roscosmos",27.72,-78.49,1,0,0,0,0,0,0,2
152,7,0,2,2,0,0,2,1,0,0,13,255,255,12,6593.957,"DoYaGee",R,3,115,-1.992,0.724,1,-416.629,1.413,0,0,0,0,7,L,"alcohol500",163.6,95,0.386,0,56,0,0,0,0,0,0,0,0,0,0,0,0,0,0,0,-0.584,-37.872,-0.423,-16.791,-19.782,-40.674,-9.214,-61.181,22.012,-47.413,13.045,-64.341,37.677,-83.186,-0.089,-105.72,-41.806,-82.984,0,0,0,0,0,"",0,0,0,0,0,0,0,0,0,0
153,7,0,2,2,1,0,2,1,0,0,13,255,255,13,6613.796,"DoYaGee",R,8,122,1.522,1.03,2,100.629,0,0,0,1,0,7,L,"alcohol500",163.6,95,0.386,2,56,6614.96,207,130,24,155,123,104.196,75.336,0.61,0.063,-0.069,0.433,0,0,0,-0.243,-36.8,0.358,-16.984,-19.528,-40.604,-12.127,-60.523,21.989,-47.355,13.505,-64.063,39.612,-82.915,-0.396,-107.197,-42.094,-82.813,0,0,0,0,0,"",0,0,0,0,0,0,0,0,0,0
154,7,0,2,2,1,1,2,1,0,0,13,255,255,14,6636.964,"DoYaGee",R,14,111,1.938,-1.958,2,269.691,400,0,0,1,0,7,L,"alcohol500",163.6,95,0.386,2,36,6638.12,192,109,60,155,102,25.244,-34.537,0.9,0.051,-0.085,0.275,0,0,0,-0.219,-36.5,0.016,-17.055,-19.614,-41.189,-13.139,-61.3,22.049,-48.75,13.171,-64.234,41.593,-82.537,0.897,-106.758,-42.573,-82.393,6642.648,62.847,-82.068,0,0,"",0,0,0,0,0,0,0,0,0,3
155,7,0,2,2,1,2,2,1,0,0,13,255,255,15,6672.802,"DoYaGee",R,0,121,0.824,1.086,2,34.001,-200,0,0,1,0,7,L,"alcohol500",163.6,95,0.386,2,36,6673.922,144,90,14,138,77,98.388,80.607,-0.47,0.064,-0.061,0.382,0,0,0,-0.78,-36.464,0.496,-16.776,-19.505,-42.894,-13.231,-62.072,24.321,-50.227,14,-63.552,42.971,-82.369,0.636,-110.29,-42.767,-81.58,6678.994,48.984,-9.022,0,0,"",0,0,0,0,0,0,0,0,0,0
156,7,0,2,2,1,2,2,1,0,0,13,255,255,16,6696.726,"DoYaGee",R,0,124,0.543,2.39,1,28.931,-136.31,0,0,0,0,7,L,"alcohol500",163.6,95,0.386,0,36,0,0,0,0,0,0,0,0,0,0,0,0,0,0,0,-0.621,-37.658,-0.394,-16.904,-19.939,-41.499,-11.078,-63.007,23.42,-50.468,14,-63.424,41.42,-83.564,0.492,-106.457,-40.797,-81.072,0,0,0,0,0,"",0,0,0,0,0,0,0,0,0,0
157,7,0,2,2,2,2,2,1,0,0,13,255,255,17,6718.881,"DoYaGee",R,8,119,0.975,0.645,2,93.322,0,0,0,1,0,7,L,"alcohol500",163.6,95,0.386,2,36,6720.06,115,77,52,136,76,11.632,-6.826,-0.55,0.091,-0.059,0.362,0,0,0,-0.332,-36.582,0.362,-17.004,-19.853,-40.831,-12.315,-61.672,23.505,-50.539,14.574,-63.078,43.483,-84.355,1.668,-107.803,-40.865,-80.935,0,0,0,6720.262,1,"Dοpi",0.201,-19.216,0,0,0,0,0,0,0,3
158,7,0,2,2,2,2,2,1,0,0,13,255,255,18,6741.75,"DoYaGee",R,3,106,-3.077,0.734,2,-391.078,0,0,0,1,0,7,L,"alcohol500",163.6,95,0.386,2,36,6742.959,234,138,43,155,86,-36.204,47.235,-0.53,0.067,-0.077,0.428,0,0,0,-0.566,-36.935,-0.35,-16.89,-19.827,-42.367,-13.27,-62.397,21.936,-48.833,13.455,-63.845,43.503,-84.07,-3.286,-108.702,-40.924,-80.421,6742.916,-2.021,-20.925,6744.715,2,"Chunsik03",-21.595,-38.714,0,0,0,0,0,0,0,2
159,7,0,2,2,2,2,2,1,0,0,13,255,255,19,6764.051,"DoYaGee",R,3,112,-1.621,1.608,2,-409.66,0,0,0,1,0,7,L,"alcohol500",163.6,95,0.386,2,36,6765.256,136,94,21,140,78,44.881,9.268,-0.48,0.039,-0.043,0.327,0,0,0,-0.388,-36.749,-0.294,-16.932,-19.714,-40.32,-13.997,-63.297,22.653,-48.621,13.174,-63.637,39.619,-80.986,-1.405,-106.145,-40.724,-79.931,0,0,0,6770.049,3,"_앰프_",-4.63,-71.711,0,0,0,0,0,0,0,1
160,8,1,2,2,0,0,0,0,0,0,255,255,255,76,6825.444,"Espressο",R,0,115,1.659,0.747,1,66.927,-84.993,0,0,0,0,5,R,"즉석카레",169.8,99.808,0.397,0,57,0,0,0,0,0,0,0,0,0,0,0,0,0,0,0,0.191,-37.241,-0.047,-16.226,-22.397,-49.653,-12.504,-63,19.964,-54.639,9.988,-66.473,32.451,-83.186,-7.272,-106.66,-35.06,-84.594,0,0,0,0,0,"",0,0,0,0,0,0,0,0,0,0
161,8,1,2,2,1,0,0,0,0,0,255,255,255,77,6844.085,"Espressο",R,0,140,0.878,0.332,0,128.11,-198.168,0,0,0,0,5,R,"즉석카레",169.8,99.808,0.397,0,57,0,0,0,0,0,0,0,0,0,0,0,0,0,0,0,0.025,-37.272,-0.035,-16.255,-22.723,-49.047,-12.765,-62.864,19.909,-54.609,9.47,-66.438,31.953,-83.811,-7.743,-105.673,-35.138,-84.645,0,0,0,0,0,"",0,0,0,0,0,0,0,0,0,0
162,8,1,2,2,1,1,0,0,0,0,255,255,255,78,6859.405,"Espressο",R,0,140,2.466,1.314,4,39.488,-163.269,-0.127,-20.749,1,0,5,R,"즉석카레",169.8,99.808,0.397,0,57,0,0,0,0,0,0,0,0,0,0,0,0,0,0,0,0.229,-37.268,-0.151,-17.275,-22.322,-49.113,-12.908,-63.43,19.786,-54.313,9.032,-65.183,31.902,-83.729,-7.78,-105.767,-35.144,-84.546,0,0,0,0,0,"",0,0,0,0,0,0,0,0,0,0
163,8,1,2,2,1,2,0,0,0,0,255,255,255,79,6882.307,"Espressο",R,14,118,0.766,-2.809,4,390.434,312.348,0.269,-17.093,1,0,5,R,"즉석카레",169.8,99.808,0.397,0,57,0,0,0,0,0,0,0,0,0,0,0,0,0,0,0,0.265,-37.466,0.181,-16.987,-21.525,-47.137,-12.498,-61.516,19.688,-54.45,8.683,-57.669,32.716,-82.575,-7.842,-105.726,-33.901,-81.733,0,0,0,0,0,"",0,0,0,0,0,0,0,0,0,0
164,8,1,2,2,0,0,1,0,0,0,255,255,255,80,6911.485,"Espressο",R,0,140,2.109,1.704,2,35.568,-152.764,0,0,1,1,3,R,"_앰프_",170.6,89.947,0.4,3,57,6912.357,196,149,52,155,115,111.497,65.222,0.13,-0.003,-0.071,0.53,0,0,0,-0.148,-37.032,0.041,-16.205,-21.761,-48.764,-12.6,-62.496,19.795,-54.54,9.335,-65.401,32.617,-82.617,-8.024,-104.731,-34.805,-85.525,0,0,0,0,0,"",0,0,0,0,0,0,0,0,0,0
165,8,1,2,2,0,1,1,0,0,0,255,255,255,81,6933.971,"Espressο",R,13,113,-0.36,-1.294,1,-359.576,347.427,-0.207,-16.388,0,1,3,R,"_앰프_",170.6,89.947,0.4,0,57,0,0,0,0,0,0,0,0,0,0,0,0,0,0,0,0.113,-37.548,-0.396,-16.483,-20.722,-46.291,-13.009,-62.772,19.92,-53.337,7.129,-64.788,34.78,-83.631,-10.393,-102.548,-34.7,-83.348,0,0,0,0,0,"",0,0,0,0,0,0,0,0,0,0
166,8,1,2,2,1,1,1,0,0,0,255,255,255,82,6953.348,"Espressο",R,0,140,0.636,0.297,2,96.799,-200,0,0,1,1,3,R,"_앰프_",170.6,89.947,0.4,3,57,6954.25,216,135,38,155,124,98.426,-51.85,0.78,-0.075,-0.064,0.448,0,0,0,-0.074,-36.856,0.026,-16.281,-21.611,-48.343,-12.957,-62.818,20.843,-52.495,8.801,-65.246,34.831,-83.612,-9.719,-102.196,-34.734,-83.282,0,0,0,0,0,"",0,0,0,0,0,0,0,0,0,0
167,8,1,2,2,1,2,1,0,0,0,255,255,255,83,6974.605,"Espressο",R,13,119,-2.543,-0.754,4,-308.921,393.151,-0.669,-16.534,0,1,3,R,"_앰프_",170.6,89.947,0.4,0,57,0,0,0,0,0,0,0,0,0,0,0,0,0,0,0,0.118,-37.4,-0.768,-16.24,-21.259,-46.832,-12.989,-62.053,19.544,-52.222,8.225,-66.81,32.088,-84.941,-12.854,-101.093,-34.27,-82.035,0,0,0,0,0,"",0,0,0,0,0,0,0,0,0,0
168,8,1,2,2,0,0,2,0,0,0,255,255,255,84,7002.132,"Espressο",R,7,129,0.383,1.069,1,155.131,0,0,0,0,2,7,R,"-라후이-",179.9,100.263,0.498,0,57,0,0,0,0,0,0,0,0,0,0,0,0,0,0,0,0.007,-37.399,-0.063,-15.782,-21.454,-48.097,-12.725,-61.943,19.416,-52.494,8.084,-64.061,32.022,-82.727,-11.828,-100.961,-37.323,-82.287,0,0,0,0,0,"",0,0,0,0,0,0,0,0,0,0
169,8,1,2,2,1,0,2,0,0,0,255,255,255,85,7016.848,"Espressο",R,8,136,0.531,1.021,0,108.052,11.296,0,0,1,2,7,R,"-라후이-",179.9,100.263,0.498,0,57,0,0,0,0,0,0,0,0,0,0,0,0,0,0,0,0.083,-37.336,-0.035,-15.958,-21.301,-47.728,-12.733,-61.973,19.39,-52.609,9.154,-64.289,32.038,-82.713,-11.841,-100.95,-37.289,-82.286,0,0,0,0,0,"",0,0,0,0,0,0,0,0,0,0
170,8,1,2,2,1,1,2,0,0,0,255,255,255,86,7035.829,"Espressο",R,14,96,1.429,-1.336,1,335.414,319.831,0.535,-16.713,0,2,7,R,"-라후이-",179.9,100.263,0.498,0,57,0,0,0,0,0,0,0,0,0,0,0,0,0,0,0,0.147,-37.537,0.45,-16.639,-21.424,-47.013,-12.79,-62.246,19.421,-52.65,6.846,-62.301,32.104,-83.624,-11.854,-100.999,-37.749,-81.127,0,0,0,0,0,"",0,0,0,0,0,0,0,0,0,0
171,8,1,2,2,1,2,2,0,0,0,255,255,255,87,7052.941,"Espressο",R,0,140,0.563,2.228,4,65.294,-183.903,0,0,1,2,7,R,"-라후이-",179.9,100.263,0.498,0,57,0,0,0,0,0,0,0,0,0,0,0,0,0,0,0,1.192,-36.883,-0.026,-15.998,-21.476,-47.106,-12.521,-62.231,19.431,-52.542,11.095,-68.828,32.119,-83.633,-12.075,-101.343,-37.615,-86.135,0,0,0,0,0,"",0,0,0,0,0,0,0,0,0,0
172,8,0,2,2,0,0,0,0,0,0,255,255,255,0,7214.733,"siesta_aves",R,0,130,3.411,-0.687,2,152.902,12.086,0,0,1,1,5,R,"sano jpn",160,99.636,0.343,3,56,7215.808,134,124,48,145,82,-30.527,-38.188,-0.21,-0.037,0.023,0.353,0,0,0,0.172,-37.563,-0.355,-16.944,-21.368,-45.984,-14.009,-62.788,19.474,-47.527,13.806,-63.091,34.108,-81.288,-0.897,-108.235,-44.763,-81.486,7215.74,1.525,-21.156,7217.611,4,"DoYaGee",18.453,-42.752,1,0,0,0,0,0,0,2
173,8,0,2,2,0,0,0,1,0,0,14,255,255,1,7257.817,"siesta_aves",R,0,132,-3.95,0.276,1,111.231,13.768,0,0,0,2,3,R,"mochi_2929",174.6,101,0.454,0,56,0,0,0,0,0,0,0,0,0,0,0,0,0,0,0,0.218,-37.962,-0.504,-18.762,-19.425,-40.044,-15.034,-60.721,20.505,-48.644,4.681,-63.066,33.923,-81.452,-2.784,-106.394,-40.362,-82.786,0,0,0,0,0,"",0,0,0,0,0,0,0,0,0,0
174,8,0,2,2,1,0,0,0,1,0,255,14,255,2,7280.203,"siesta_aves",R,0,140,1.632,1.109,1,140.738,-35.47,0,0,0,2,3,R,"mochi_2929",174.6,101,0.454,0,56,0,0,0,0,0,0,0,0,0,0,0,0,0,0,0,-0.573,-38.063,1.366,-18.466,-19.533,-41.349,-11.213,-60.971,18.919,-43.344,0.394,-59.7,31.238,-78.481,4.86,-100.267,-42.329,-81.864,0,0,0,0,0,"",0,0,0,0,0,0,0,0,0,0
175,8,0,2,2,2,0,0,0,0,1,255,255,14,3,7305.502,"siesta_aves",R,3,128,-3.903,0.408,2,-393.691,0,0,0,1,2,3,R,"mochi_2929",174.6,101,0.454,3,56,7306.676,192,131,9,152,88,96.441,-78.866,0.96,-0.023,-0.098,0.306,0,0,0,0.073,-37.246,-0.123,-17.004,-16.899,-41.606,-15.337,-62.735,18.543,-43.968,12.595,-64.362,39.067,-89.38,-6.971,-115.549,-42.159,-82.043,7312.443,-48.699,-2.129,0,0,"",0,0,0,0,0,0,0,0,0,0
176,8,0,2,2,2,1,0,0,0,1,255,255,14,4,7326.999,"siesta_aves",R,0,132,-2.699,0.278,2,74.335,-34.135,0,0,1,2,3,R,"mochi_2929",174.6,101,0.454,3,24,7328.165,189,122,78,155,93,0.796,15.79,-0.21,-0.068,-0.116,0.173,0,0,0,0.103,-37.556,0.051,-17.023,-17.128,-42.583,-15.628,-62.144,19.601,-44.959,14.243,-63.044,39.484,-87.318,-0.433,-112.53,-43.075,-79.271,7328.957,-7.284,-40.318,7330.389,3,"_앰프_",-13.781,-60.112,1,0,0,0,0,0,0,2
177,8,0,2,2,0,0,0,1,0,1,12,255,14,5,7369.292,"siesta_aves",R,0,138,-4.61,0.143,1,102.099,5.583,0,0,0,3,1,R,"ゆっち一",190,95.584,0.352,0,56,0,0,0,0,0,0,0,0,0,0,0,0,0,0,0,0.089,-38.59,-0.341,-18.559,-19.237,-40.185,-13.643,-60.835,19.891,-45.656,7.76,-63.656,39.196,-83.172,-0.959,-98.831,-41.84,-79.93,0,0,0,0,0,"",0,0,0,0,0,0,0,0,0,0
178,8,0,2,2,1,0,0,0,1,1,255,12,14,6,7395.208,"siesta_aves",R,3,125,-1.198,-0.333,0,-416.005,0,0,0,0,3,1,R,"ゆっち一",190,95.584,0.352,0,56,0,0,0,0,0,0,0,0,0,0,0,0,0,0,0,-0.114,-38.488,-0.477,-16.852,-18.34,-42.423,-15.392,-62.154,19.392,-41.983,11.618,-63.766,42.131,-87.144,-0.924,-102.035,-41.891,-80.049,0,0,0,0,0,"",0,0,0,0,0,0,0,0,0,0
179,8,0,2,2,1,1,0,0,1,1,255,12,14,7,7410.764,"siesta_aves",R,0,137,-4.91,0.229,1,125.914,-52.909,0,0,0,3,1,R,"ゆっち一",190,95.584,0.352,0,56,0,0,0,0,0,0,0,0,0,0,0,0,0,0,0,-0.278,-38.532,-0.606,-16.977,-18.438,-42.677,-15.257,-61.979,19.534,-42.749,11.413,-64.323,42.226,-87.386,-2.664,-103.962,-41.976,-79.938,0,0,0,0,0,"",0,0,0,0,0,0,0,0,0,0
180,8,0,2,2,2,1,0,0,1,1,255,12,14,8,7426.312,"siesta_aves",R,15,92,-3.272,1.3,2,0,-400,0,0,1,3,1,R,"ゆっち一",190,95.584,0.352,3,56,7427.619,136,112,22,142,99,41.089,52.847,0.92,-0.056,-0.12,0.454,0,0,0,0.055,-37.952,-0.678,-16.81,-18.293,-42.728,-15.025,-62.121,19.042,-44.105,13.498,-63.717,42.615,-87.409,-2.169,-101.728,-42.068,-79.93,7432.297,-73.194,-57.757,0,0,"",0,0,0,0,0,0,0,0,0,0
181,8,0,2,2,2,2,0,0,1,1,255,12,14,9,7448.86,"siesta_aves",R,3,128,-4.134,0.097,1,-411.787,0,0,0,0,3,1,R,"ゆっち一",190,95.584,0.352,0,72,0,0,0,0,0,0,0,0,0,0,0,0,0,0,0,-0.068,-38.44,-0.643,-16.796,-19.548,-41.24,-14.681,-60.354,19.036,-42.168,11.055,-63.746,40.872,-87.014,-2.286,-102.42,-44.291,-79.521,0,0,0,0,0,"",0,0,0,0,0,0,0,0,0,0
182,8,0,2,2,3,2,0,0,1,1,255,12,14,10,7466.358,"siesta_aves",R,0,140,-2.253,-0.939,1,170.734,72.24,0,0,0,3,1,R,"ゆっち一",190,95.584,0.352,0,72,0,0,0,0,0,0,0,0,0,0,0,0,0,0,0,-0.05,-38.665,-0.601,-16.979,-18.366,-41.319,-14.398,-60.05,19.671,-42.914,10.717,-62.65,39.474,-85.755,-2.501,-101.252,-44.833,-80.242,0,0,0,0,0,"",0,0,0,0,0,0,0,0,0,5
183,8,0,2,2,0,0,0,1,1,1,10,12,14,11,7500.635,"siesta_aves",R,1,97,-2.559,-0.708,1,0,0,0,0,0,4,9,L,"CAT tourniquet",190,95.214,0.357,0,56,0,0,0,0,0,0,0,0,0,0,0,0,0,0,0,-0.309,-38.54,-0.166,-16.842,-19.34,-41.274,-13.766,-62.384,20.682,-44.245,14.252,-61.824,41.225,-86.177,-1.1,-98.135,-41.628,-79.324,0,0,0,0,0,"",0,0,0,0,0,0,0,0,0,0
184,8,0,2,2,1,0,0,1,1,1,10,12,14,12,7516.764,"siesta_aves",R,0,137,-3.187,0.634,4,93.102,-29.383,-0.092,-20.798,1,4,9,L,"CAT tourniquet",190,95.214,0.357,0,56,0,0,0,0,0,0,0,0,0,0,0,0,0,0,0,-0.062,-38.042,-0.221,-17.18,-17.225,-42.161,-13.59,-62.013,19.53,-43.186,15.307,-62.148,41.32,-85.516,-1.918,-102.224,-41.67,-79.351,0,0,0,0,0,"",0,0,0,0,0,0,0,0,0,0
185,8,0,2,2,1,1,0,1,1,1,10,12,14,13,7538.957,"siesta_aves",R,0,122,-1.292,0.954,0,77.005,120.113,0,0,0,4,9,L,"CAT tourniquet",190,95.214,0.357,0,55,0,0,0,0,0,0,0,0,0,0,0,0,0,0,0,-0.112,-38.647,-0.21,-16.832,-18.799,-40.68,-13.793,-62.274,19.913,-43.469,14.873,-62.612,40.92,-83.231,-1.548,-101.364,-41.819,-79.421,0,0,0,0,0,"",0,0,0,0,0,0,0,0,0,0
186,8,0,2,2,1,2,0,1,1,1,10,12,14,14,7560.767,"siesta_aves",R,1,97,-0.396,-1.616,1,0,0,0,0,0,4,9,L,"CAT tourniquet",190,95.214,0.357,0,55,0,0,0,0,0,0,0,0,0,0,0,0,0,0,0,-0.376,-38.705,0.473,-16.918,-19.013,-41.109,-14.732,-61.836,20.036,-41.652,15.524,-62.188,40.741,-81.993,-1.738,-97.388,-41.796,-79.436,0,0,0,0,0,"",0,0,0,0,0,0,0,0,0,0
187,8,0,2,2,2,2,0,1,1,1,10,12,14,15,7574.841,"siesta_aves",R,0,98,1.77,-0.241,1,0,-0.036,0,0,0,4,9,L,"CAT tourniquet",190,95.214,0.357,0,55,0,0,0,0,0,0,0,0,0,0,0,0,0,0,0,-0.246,-38.775,0.44,-17.002,-18.025,-42.183,-14.251,-61.853,19.933,-42.182,14.895,-62.199,42.405,-85.221,-1.082,-99.985,-41.778,-79.537,0,0,0,0,0,"",0,0,0,0,0,0,0,0,0,0
188,8,0,2,2,3,2,0,1,1,1,10,12,14,16,7596.9,"siesta_aves",R,0,137,-1.157,0.39,0,138.935,-53.599,0,0,0,4,9,L,"CAT tourniquet",190,95.214,0.357,0,55,0,0,0,0,0,0,0,0,0,0,0,0,0,0,0,-0.023,-38.56,-0.087,-16.96,-18.602,-41.256,-14.059,-62.973,19.52,-43.339,15.148,-61.881,42.296,-84.742,-4.229,-104.406,-41.875,-79.603,0,0,0,0,0,"",0,0,0,0,0,0,0,0,0,0
189,8,0,2,2,0,0,1,1,1,1,10,12,14,17,7625.245,"siesta_aves",R,0,140,-2.909,0.123,4,180.962,-25.194,0,0,1,5,8,R,"あくせる",170.4,107,0.275,0,56,0,0,0,0,0,0,0,0,0,0,0,0,0,0,0,-1.072,-36.209,-0.497,-16.798,-19.072,-40.68,-12.19,-60.22,18.82,-44.106,12.633,-61.877,38.258,-81.269,-3.578,-102.598,-43.909,-80.356,0,0,0,0,0,"",0,0,0,0,0,0,0,0,0,0
190,8,0,2,2,0,1,1,1,1,1,10,12,14,18,7645.07,"siesta_aves",R,3,132,-1.263,-0.158,0,-254.725,0,0,0,1,5,8,R,"あくせる",170.4,107,0.275,0,56,0,0,0,0,0,0,0,0,0,0,0,0,0,0,0,0.139,-38.406,-0.495,-16.809,-17.359,-39.354,-12.225,-60.532,20.198,-43.715,12.82,-63.062,38.352,-81.666,-4.888,-100.152,-44.227,-79.952,0,0,0,0,0,"",0,0,0,0,0,0,0,0,0,0
191,8,0,2,2,0,2,1,1,1,1,10,12,14,19,7660.059,"siesta_aves",R,0,140,-0.65,0.448,0,137.514,-30.788,0,0,0,5,8,R,"あくせる",170.4,107,0.275,0,56,0,0,0,0,0,0,0,0,0,0,0,0,0,0,0,-0.105,-38.729,0.332,-17.065,-18.488,-39.795,-13.915,-61.738,18.765,-42.75,13.992,-63.37,36.087,-80.306,-4.038,-97.199,-44.346,-80.006,0,0,0,0,0,"",0,0,0,0,0,0,0,0,0,0
192,8,0,2,2,0,0,2,1,1,1,10,12,14,20,7684.831,"siesta_aves",R,0,130,-2.109,0.98,1,72.289,113.103,0,0,0,6,2,L,"檸檬の残骸",190,107,0.502,0,56,0,0,0,0,0,0,0,0,0,0,0,0,0,0,0,0.044,-38.772,-0.109,-16.999,-19.451,-41.544,-13.965,-62.161,19.148,-42.591,15.12,-62.667,36.21,-80.942,-5.548,-102.264,-45.115,-80.856,0,0,0,0,0,"",0,0,0,0,0,0,0,0,0,0
193,8,0,2,2,1,0,2,1,1,1,10,12,14,21,7702.743,"siesta_aves",R,0,140,0.561,-0.348,2,153.565,-28.81,0,0,1,6,2,L,"檸檬の残骸",190,107,0.502,2,56,7703.736,222,166,52,155,100,-2.073,-24.424,-0.04,-0.034,-0.103,0.456,0,0,0,0.403,-37.594,0.447,-17.028,-18.938,-43.914,-13.902,-61.952,19.833,-42.072,14.893,-62.457,38.161,-83.847,-1.341,-96.727,-45.111,-80.961,7703.479,5.218,-30.718,7705.207,5,"즉석카레",19.037,-58.171,0,0,0,0,0,0,0,2
194,9,1,2,2,0,0,0,0,0,0,255,255,255,88,7761.171,"Espressο",R,0,136,2.435,1.236,2,40.207,-158.857,0,0,0,3,4,R,"DoYaGee",190,107,0.601,3,56,7762.139,38,25,41,18,45,17.679,-41.494,-0.52,-0.037,-0.028,0.046,0,0,0,-0.243,-36.868,-0.065,-16.44,-20.546,-45.318,-11.131,-61.405,19.983,-54.084,10.359,-64.379,32.433,-84.046,-8.418,-107.382,-35.234,-83.923,7763.225,13.015,-33.088,0,0,"",0,0,0,0,0,0,0,0,0,3
195,9,1,2,2,0,1,0,0,0,0,255,255,255,89,7786.208,"Espressο",R,13,98,-3.057,-0.067,4,-347.842,312.348,-1.172,-17.243,1,3,4,R,"DoYaGee",190,107,0.601,0,51,0,0,0,0,0,0,0,0,0,0,0,0,0,0,0,-0.079,-37.418,-0.692,-16.787,-20.745,-46.464,-12.008,-62.446,19.498,-49.929,6.441,-61.489,31.564,-79.097,-10.738,-103.706,-36.314,-81.73,0,0,0,0,0,"",0,0,0,0,0,0,0,0,0,0
196,9,1,2,2,0,2,0,0,0,0,255,255,255,90,7802.746,"Espressο",R,0,140,0.705,1.669,4,10.252,-200,0,0,1,3,4,R,"DoYaGee",190,107,0.601,0,51,0,0,0,0,0,0,0,0,0,0,0,0,0,0,0,0.132,-37.324,-0.283,-16.521,-21.192,-46.598,-12.252,-62.65,19.417,-50.889,6.401,-61.077,31.473,-79.078,-10.662,-103.726,-36.475,-81.381,0,0,0,0,0,"",0,0,0,0,0,0,0,0,0,0
197,9,1,2,2,0,0,1,0,0,0,255,255,255,91,7828.791,"Espressο",R,0,140,2.896,1.705,3,78.431,-175.389,0.178,-20.728,0,4,1,R,"Dοpi",179.6,90,0.3,0,56,0,0,0,0,0,0,0,0,0,0,0,0,0,0,0,0.132,-37.287,-0.059,-16.873,-21.87,-47.819,-11.869,-62.49,20.026,-53.429,9.493,-62.988,33.685,-82.516,-10.422,-103.818,-37.568,-79.939,0,0,0,0,0,"",0,0,0,0,0,0,0,0,0,6
198,9,1,2,2,0,0,1,1,0,0,1,255,255,92,7849.933,"Espressο",R,0,140,1.999,-0.178,2,82.156,-101.03,0,0,1,5,0,R,"siesta_aves",190,101.997,0.398,2,56,7850.944,114,85,57,137,80,37.104,24.128,-0.53,0.204,-0.155,0.073,0,0,0,0.097,-37.193,0.026,-16.301,-20.981,-46.49,-10.904,-62.204,18.069,-48.088,7.411,-63.03,33.749,-82.55,-10.476,-104.063,-37.97,-82.831,0,0,0,7855.031,8,"あくせる",-26.916,-73.029,0,0,0,0,0,0,0,1
199,9,1,2,2,0,0,2,1,0,0,1,255,255,93,7885.682,"Espressο",R,0,140,1.73,1.175,4,78.693,-162.505,0.778,-17.04,1,6,2,R,"Chunsik03",190,103.23,0.392,0,56,0,0,0,0,0,0,0,0,0,0,0,0,0,0,0,0.262,-37.148,-0.101,-16.551,-20.563,-46.172,-12.793,-63.238,19.188,-50.773,5.164,-63.361,33.113,-80.59,-10.834,-98.304,-38.514,-83.518,0,0,0,0,0,"",0,0,0,0,0,0,0,0,0,0
200,9,1,2,2,0,1,2,1,0,0,1,255,255,94,7903.08,"Espressο",R,10,91,1.215,-1.184,4,74.659,332.216,0,0,1,6,2,R,"Chunsik03",190,103.23,0.392,0,56,0,0,0,0,0,0,0,0,0,0,0,0,0,0,0,0.157,-37.346,-0.285,-18.317,-19.115,-43.139,-11.546,-63.58,19.159,-50.287,4.357,-60.782,33.128,-80.629,-10.803,-98.273,-37.139,-83.116,0,0,0,0,0,"",0,0,0,0,0,0,0,0,0,0
201,9,1,2,2,0,2,2,1,0,0,1,255,255,95,7922.718,"Espressο",R,0,110,-1.724,0.447,4,-18.295,7.401,0,0,1,6,2,R,"Chunsik03",190,103.23,0.392,0,56,0,0,0,0,0,0,0,0,0,0,0,0,0,0,0,0.843,-36.741,-0.599,-16.343,-19.678,-43.493,-12.849,-63.04,19.788,-51.208,3.068,-59.538,33.14,-80.588,-10.744,-98.204,-36.182,-81.619,0,0,0,0,0,"",0,0,0,0,0,0,0,0,0,0
202,9,0,2,2,0,0,0,0,0,0,255,255,255,22,7976.758,"siesta_aves",R,0,140,1.284,0.74,0,137.109,-37.923,0.733,-16.561,1,7,6,L,"ぐだもん",175.4,107,0.442,0,19,0,0,0,0,0,0,0,0,0,0,0,0,0,0,0,-0.129,-38.543,0.045,-16.937,-19.894,-43.515,-13.023,-62.049,21.371,-47.109,13.503,-64.26,37.518,-84.842,-0.205,-105.666,-39.056,-84.924,0,0,0,0,0,"",0,0,0,0,0,0,0,0,0,0
203,9,0,2,2,0,1,0,0,0,0,255,255,255,23,7995.738,"siesta_aves",R,0,97,2.09,-0.35,4,0,-33.498,0,0,1,7,6,L,"ぐだもん",175.4,107,0.442,0,19,0,0,0,0,0,0,0,0,0,0,0,0,0,0,0,-0.147,-38.479,0.568,-16.928,-19.911,-43.489,-13.924,-63.111,21.647,-47.014,13.616,-64.045,38.217,-83.248,1.341,-105.067,-39.141,-85.143,0,0,0,0,0,"",0,0,0,0,0,0,0,0,0,0
204,9,0,2,2,0,2,0,0,0,0,255,255,255,24,8014.514,"siesta_aves",R,0,137,4.376,-0.838,4,125.566,73.025,0,0,1,7,6,L,"ぐだもん",175.4,107,0.442,0,56,0,0,0,0,0,0,0,0,0,0,0,0,0,0,0,-0.121,-38.576,0.669,-16.794,-19.883,-43.482,-10.99,-63.09,21.64,-47.019,14.162,-64.358,39.784,-83.464,-1.656,-108.718,-39.387,-85.215,0,0,0,0,0,"",0,0,0,0,0,0,0,0,0,0
205,9,0,2,2,0,0,1,0,0,0,255,255,255,25,8039.367,"siesta_aves",R,0,140,3.986,1.111,3,74.782,-24.959,0.665,-21.061,0,8,4,R,"にゃんこ3K",190,104,0.598,0,56,0,0,0,0,0,0,0,0,0,0,0,0,0,0,0,-0.019,-38.557,0.28,-17.099,-21.161,-45.735,-14.463,-62.821,21.96,-50.227,14.305,-64.145,38.714,-82.571,-0.129,-109.422,-39.484,-85.2,0,0,0,0,0,"",0,0,0,0,0,0,0,0,0,6
206,9,0,2,2,0,0,1,1,0,0,13,255,255,26,8139.888,"siesta_aves",R,0,140,-2.693,0.395,2,84.48,-49.477,0,0,1,0,7,L,"alcohol500",163.6,95,0.386,2,56,8140.931,137,83,13,135,44,9.321,-43.669,-0.44,0.027,-0.044,0.21,0,0,0,0.091,-37.458,-0.252,-17.021,-19.678,-42.161,-13.446,-63.18,20.374,-45.703,13.449,-64.192,38.965,-80.709,-0.392,-101.27,-40.831,-86.542,8141.34,8.363,-27.646,8143.303,4,"DoYaGee",15.874,-37.541,1,0,0,0,0,0,0,2
207,9,0,2,2,0,0,2,1,0,0,16,255,255,27,8271.578,"siesta_aves",R,3,128,-4.447,0.933,1,-406.721,0,0,0,0,1,5,R,"sano jpn",160,99.636,0.343,0,56,0,0,0,0,0,0,0,0,0,0,0,0,0,0,0,0.387,-38.161,-1.126,-18.394,-19.449,-41.689,-6.74,-61.512,20.892,-45.886,8.404,-62.958,38.31,-81.96,-0.898,-105.456,-42.074,-83.254,0,0,0,0,0,"",0,0,0,0,0,0,0,0,0,0
208,9,0,2,2,1,0,2,0,1,0,255,16,255,28,8319.588,"siesta_aves",R,0,140,-2.524,0.2,1,153.642,-25.869,0,0,0,1,5,R,"sano jpn",160,99.636,0.343,0,56,0,0,0,0,0,0,0,0,0,0,0,0,0,0,0,-0.078,-38.512,-0.254,-16.926,-19.042,-44.283,-13.167,-62.589,19.527,-43.812,8.257,-61.636,38.56,-82.449,-2.533,-102.931,-43.605,-84.109,0,0,0,0,0,"",0,0,0,0,0,0,0,0,0,0
209,9,0,2,2,2,0,2,0,1,0,255,16,255,29,8334.953,"siesta_aves",R,0,133,-1.362,1.025,2,74.686,-5.99,0,0,1,1,5,R,"sano jpn",160,99.636,0.343,3,56,8336.067,158,111,55,149,110,25.751,-7.174,0.65,-0.094,0.052,0.219,0,0,0,0.297,-37.779,-0.127,-17.025,-18.954,-43.613,-14.998,-62.142,19.661,-45.325,9.046,-62.312,39.104,-82.765,-0.031,-103.06,-43.886,-84.579,8339.545,21.969,-103.407,8343.631,7,"-라후이-",24.204,-123.034,1,0,0,0,0,0,0,2
