id,inn,half,scoreA,scoreB,ball,strk,out,b1,b2,b3,b1Idx,b2Idx,b3Idx,pCnt,pSec,pName,pHand,pType,spdK,zoneX,zoneY,startX,startY,zDist,call,balk,sH,sV,gyro,plx,plz,bSwing,bIdx,bPos,bZone,bName,bHCm,batLen,batCen,batType,bFps,hSec,rotS,shS,lgS,impMv,batSpd,ev,ldeg,sdeg,hPos,hMoveX,hMoveY,stayCon,hitSpnX,hitSpnY,hitSpnZ,PPosX,PPosY,CName,CPosX,CPosY,1BName,1BPosX,1BPosY,2BName,2BPosX,2BPosY,3BName,3BPosX,3BPosY,SSName,SSPosX,SSPosY,LFName,LFPosX,LFPosY,CFName,CFPosX,CFPosY,RFName,RFPosX,RFPosY,ltSec,lx,lz,cSec,cPos,cPlr,cx,cz,1BSafe,tag,cpSec,sb2Sec,sb3Sec,sbhSec,ass,result
1,1,1,0,0,0,0,0,0,0,0,255,255,255,0,1903.024,"Gonyong",R,26,126,1.659,0.973,0.126,1.705,-36.395,1,0,82.857,-175.535,4.891,0,0,0,0,4,R,"にゃんこ3K",190,103.879,0.602,0,59,0,0,0,0,0,0,0,0,0,0,0,0,0,0,0,0,0.082,-37.885,"Pring__",0.235,-16.809,"Megu3568",-20.909,-47.994,"Fresh825",-16.536,-62.473,"인생최패망자",18.596,-50.605,"HANA_ARASHI",13.589,-64.614,"IbikiKai_JP",35.153,-92.032,"Yaksok~",-3.147,-111.134,"SOM_candy",-38.335,-85.554,0,0,0,0,0,"",0,0,0,0,0,0,0,0,0,0
2,1,1,0,0,1,0,0,0,0,0,255,255,255,1,1920.01,"Gonyong",R,13,109,1.029,-0.423,0.246,1.637,-36.402,0,0,-358.002,345.648,-1.549,0,0,0,0,4,R,"にゃんこ3K",190,103.879,0.602,0,59,0,0,0,0,0,0,0,0,0,0,0,0,0,0,0,0,0.019,-38.054,"Pring__",-0.053,-16.753,"Megu3568",-20.795,-47.711,"Fresh825",-16.32,-62.295,"인생최패망자",18.101,-50.404,"HANA_ARASHI",14.771,-63.458,"IbikiKai_JP",35.093,-92.086,"Yaksok~",-3.422,-111.517,"SOM_candy",-38.42,-85.609,0,0,0,0,0,"",0,0,0,0,0,0,0,0,0,0
3,1,1,0,0,1,1,0,0,0,0,255,255,255,2,1938.625,"Gonyong",R,26,133,0.39,-1.083,-0.005,1.305,-36.4,1,0,143.521,-200,22.391,0,0,0,0,4,R,"にゃんこ3K",190,103.879,0.602,0,59,0,0,0,0,0,0,0,0,0,0,0,0,0,0,0,0,0.245,-38.053,"Pring__",0.117,-16.887,"Megu3568",-20.445,-47.502,"Fresh825",-15.966,-62.604,"인생최패망자",18.179,-49.573,"HANA_ARASHI",13.881,-64.024,"IbikiKai_JP",35.451,-92.492,"Yaksok~",-3.649,-111.507,"SOM_candy",-38.345,-85.604,0,0,0,0,0,"",0,0,0,0,0,0,0,0,0,0
4,1,1,0,0,2,1,0,0,0,0,255,255,255,3,1956.817,"Gonyong",R,26,132,0.261,0.328,0.007,1.575,-36.36,2,0,59.536,-200,15.262,0,0,1,0,4,R,"にゃんこ3K",190,103.879,0.602,3,59,1957.878,185,106,47,189,149,92,7.671,-28.132,-0.44,-0.101,-0.191,0.261,0,0,0,-0.027,-37.23,"Pring__",0.055,-16.864,"Megu3568",-20.276,-46.941,"Fresh825",-16.027,-62.436,"인생최패망자",17.97,-49.361,"HANA_ARASHI",13.104,-63.711,"IbikiKai_JP",35.518,-92.603,"Yaksok~",-3.546,-111.49,"SOM_candy",-38.598,-85.805,1959.345,16.389,-49.665,1959.512,4,"인생최패망자",13.592,-44.862,0,0,0,0,0,0,0,1
5,1,1,0,0,0,0,1,0,0,0,255,255,255,4,1985.641,"Gonyong",R,26,125,1.152,0.58,0.076,1.599,-36.335,0,0,92.411,-200,8.986,0,0,0,1,6,R,"sano jpn",170.1,99.636,0.323,0,59,0,0,0,0,0,0,0,0,0,0,0,0,0,0,0,0,0.055,-38.022,"Pring__",0.084,-16.458,"Megu3568",-19.348,-45.805,"Fresh825",-14.171,-63.288,"인생최패망자",16.96,-48.848,"HANA_ARASHI",12.746,-64.803,"IbikiKai_JP",31.989,-90.106,"Yaksok~",-2.766,-114.3,"SOM_candy",-35.498,-84.236,0,0,0,0,0,"",0,0,0,0,0,0,0,0,0,0
6,1,1,0,0,0,1,1,0,0,0,255,255,255,5,2001.901,"Gonyong",R,14,108,1.433,-1.421,-0.003,1.502,-36.337,1,0,335.591,364.924,12.096,0.443,-17.645,0,1,6,R,"sano jpn",170.1,99.636,0.323,0,59,0,0,0,0,0,0,0,0,0,0,0,0,0,0,0,0,0.119,-37.986,"Pring__",0.189,-16.81,"Megu3568",-19.422,-45.818,"Fresh825",-14.164,-63.141,"인생최패망자",16.791,-47.896,"HANA_ARASHI",12.533,-64.496,"IbikiKai_JP",31.993,-90.169,"Yaksok~",-2.768,-114.314,"SOM_candy",-35.544,-84.32,0,0,0,0,0,"",0,0,0,0,0,0,0,0,0,0
7,1,1,0,0,1,1,1,0,0,0,255,255,255,6,2019.398,"Gonyong",R,26,126,0.926,1.029,0.07,1.669,-36.326,2,0,48.98,-200,1.742,0,0,1,1,6,R,"sano jpn",170.1,99.636,0.323,3,59,2020.48,189,107,34,143,146,87,45.899,-2.266,-0.09,-0.063,-0.002,0.092,0,0,0,0.225,-37.157,"Pring__",0.155,-16.64,"Megu3568",-19.208,-45.748,"Fresh825",-14.29,-63.034,"인생최패망자",16.026,-48.451,"HANA_ARASHI",12.314,-64.634,"IbikiKai_JP",32.072,-90.139,"Yaksok~",-2.755,-114.348,"SOM_candy",-35.404,-84.155,2025.828,-0.352,-80.487,2025.928,3,"Fresh825",-0.324,-78.869,0,0,0,0,0,0,0,1
8,1,1,0,0,0,0,2,0,0,0,255,255,255,7,2053.976,"Gonyong",R,33,118,3.377,1.038,0.347,1.747,-36.656,2,0,138.117,-28.276,3.811,0,0,1,2,3,R,"mochi_2929",174.9,97.434,0.477,3,59,2055.112,139,81,29,99,140,82,42.484,7.211,-0.51,0.098,-0.101,0.208,0,0,0,0.229,-37.411,"Pring__",0.235,-16.693,"Megu3568",-20.897,-47.776,"Fresh825",-13.81,-63.741,"인생최패망자",17.061,-48.483,"HANA_ARASHI",11.784,-64.343,"IbikiKai_JP",31.996,-94.92,"Yaksok~",-3.491,-111.413,"SOM_candy",-35.046,-85.474,0,0,0,2059.912,3,"Fresh825",-8.402,-77.131,0,0,0,0,0,0,0,1
9,1,0,0,0,0,0,0,0,0,0,255,255,255,0,2208.194,"ゆっち一",R,26,139,1.349,1.173,0.271,1.756,-36.446,2,0,-60.818,-200,5.032,0,0,0,0,2,R,"Megu3568",174.7,86,0.404,3,89,2209.263,14,18,13,18,2,39,-7.602,41.898,-0.08,-0.047,-0.069,0.011,0,0,0,0.106,-37.087,"Espressο",0.077,-17.547,"CAT tourniquet",-21.789,-47.51,"mochi_2929",-11.989,-60.962,"にゃんこ3K",22.055,-52.251,"しろくま。",11.33,-62.767,"sano jpn",30.56,-83.726,"alcohol500",-0.076,-99.744,"あくせる",-34.866,-78.488,2209.812,-3.599,-23.411,2213.162,2,"CAT tourniquet",-19.118,-39.224,0,0,0,0,0,0,0,2
10,1,0,0,0,0,0,1,0,0,0,255,255,255,1,2235.838,"ゆっち一",R,26,140,-0.936,0.39,0.063,1.629,-36.331,2,0,-91.174,-200,18.041,0,0,1,1,3,L,"Fresh825",172.9,86,0.8,3,83,2236.853,125,117,12,152,141,82,49.533,-2.547,-0.5,0.116,-0.045,0.248,0,0,0,0.106,-36.98,"Espressο",0.003,-17.278,"CAT tourniquet",-23.652,-48.874,"mochi_2929",-9.801,-60.831,"にゃんこ3K",24.065,-50.712,"しろくま。",9.152,-57.202,"sano jpn",37.337,-82.394,"alcohol500",4.696,-97.627,"あくせる",-29.364,-83.631,2242.229,1.411,-73.355,2242.362,5,"しろくま。",1.378,-72.147,0,0,0,0,0,0,0,1
11,1,0,0,0,0,0,2,0,0,0,255,255,255,2,2261.316,"ゆっち一",R,13,113,-1.001,-0.12,0.16,1.767,-36.704,0,0,-390.434,312.348,-32.791,-0.882,-16.889,1,2,4,R,"인생최패망자",190,90,0.447,0,59,0,0,0,0,0,0,0,0,0,0,0,0,0,0,0,0,-0.032,-37.258,"Espressο",-0.003,-16.98,"CAT tourniquet",-21.472,-46.924,"mochi_2929",-11.65,-62.402,"にゃんこ3K",21.701,-53.135,"しろくま。",10.661,-61.083,"sano jpn",30.4,-84.878,"alcohol500",-2.133,-101.592,"あくせる",-33.859,-80.092,0,0,0,0,0,"",0,0,0,0,0,0,0,0,0,0
12,1,0,0,0,0,1,2,0,0,0,255,255,255,3,2283.237,"ゆっち一",R,26,131,-0.241,-0.274,0.116,1.379,-36.388,2,0,-41.369,-200,20.785,0,0,1,2,4,R,"인생최패망자",190,90,0.447,3,59,2284.279,173,171,27,255,154,130,-22.5,47.085,0.38,-0.043,-0.079,0.295,0,0,0,0.088,-37.182,"Espressο",-0.021,-17.103,"CAT tourniquet",-21.385,-46.9,"mochi_2929",-12.067,-62.099,"にゃんこ3K",21.898,-52.898,"しろくま。",11.517,-65.128,"sano jpn",33.063,-86.443,"alcohol500",-1.517,-101.79,"あくせる",-33.574,-80.334,2284.445,-2.271,-22.811,0,0,"",0,0,0,0,0,0,0,0,0,3
13,1,0,0,0,0,2,2,0,0,0,255,255,255,4,2302.751,"ゆっち一",R,32,140,1.471,0.558,0.074,1.552,-36.49,1,0,198.451,-172.165,7.021,0,0,0,2,4,R,"인생최패망자",190,90,0.447,0,59,0,0,0,0,0,0,0,0,0,0,0,0,0,0,0,0,0.236,-37.466,"Espressο",0.239,-17.181,"CAT tourniquet",-21.221,-45.089,"mochi_2929",-12.766,-61.436,"にゃんこ3K",21.959,-52.244,"しろくま。",9.362,-61.492,"sano jpn",30.75,-86.607,"alcohol500",-0.788,-102.26,"あくせる",-32.609,-79.486,0,0,0,0,0,"",0,0,0,0,0,0,0,0,0,0
14,1,0,0,0,1,2,2,0,0,0,255,255,255,5,2325.863,"ゆっち一",R,10,120,0.366,-2.529,0.051,1.678,-36.533,4,0,0,400,10.537,0,0,1,2,4,R,"인생최패망자",190,90,0.447,0,59,0,0,0,0,0,0,0,0,0,0,0,0,0,0,0,0,0.037,-37.363,"Espressο",-0.019,-18.684,"CAT tourniquet",-20.96,-44.368,"mochi_2929",-12.398,-59.962,"にゃんこ3K",21.972,-52.337,"しろくま。",10.835,-62.548,"sano jpn",30.949,-86.703,"alcohol500",-0.747,-102.157,"あくせる",-32.471,-77.631,0,0,0,0,0,"",0,0,0,0,0,0,0,0,0,0
15,2,1,0,0,0,0,0,0,0,0,255,255,255,8,2385.761,"Gonyong",R,32,133,3.373,0.661,0.223,1.638,-36.43,3,0,220.347,-200,24.245,0.234,-20.455,0,3,0,R,"ゆっち一",190,100,0.38,0,59,0,0,0,0,0,0,0,0,0,0,0,0,0,0,0,0,0.122,-37.937,"Pring__",0.264,-16.843,"Megu3568",-21.643,-48.556,"Fresh825",-15.7,-63.329,"인생최패망자",19.716,-52.682,"HANA_ARASHI",13.024,-64.609,"IbikiKai_JP",37.714,-106.038,"Yaksok~",-8.251,-114.69,"SOM_candy",-37.465,-89.096,0,0,0,0,0,"",0,0,0,0,0,0,0,0,0,6
16,2,1,0,0,0,0,0,1,0,0,0,255,255,9,2462.17,"Gonyong",R,26,129,0.268,-1.042,0.002,1.348,-36.393,0,0,69.808,-200,6.291,0,0,0,4,5,R,"しろくま。",171.2,107,0.298,0,69,0,0,0,0,0,0,0,0,0,0,0,0,0,0,0,0,0.162,-37.863,"Pring__",0.026,-16.736,"Megu3568",-19.547,-44.605,"Fresh825",-11.626,-62.712,"인생최패망자",17.888,-45.93,"HANA_ARASHI",11.911,-65.189,"IbikiKai_JP",38.387,-92.096,"Yaksok~",-2.732,-113.182,"SOM_candy",-37.979,-87.138,0,0,0,0,0,"",0,0,0,0,0,0,0,0,0,0
17,2,1,0,0,0,1,0,1,0,0,0,255,255,10,2481.719,"Gonyong",R,26,127,1.334,-0.318,0.093,1.46,-36.439,2,0,92.357,-200,7.832,0,0,1,4,5,R,"しろくま。",171.2,107,0.298,2,69,2482.533,46,37,7,60,25,41,-68.627,-23.605,-0.49,-0.038,-0.062,0.029,0,0,0,0.105,-37.092,"Pring__",0.077,-16.681,"Megu3568",-20.02,-43.144,"Fresh825",-13.619,-62.31,"인생최패망자",15.388,-48.857,"HANA_ARASHI",12.237,-64.288,"IbikiKai_JP",36.585,-94.867,"Yaksok~",-2.792,-113.221,"SOM_candy",-37.595,-86.834,2482.662,0.377,-20.099,2484.945,0,"Gonyong",4.239,-31.806,1,0,0,0,0,0,0,2
18,2,1,0,0,0,0,0,1,1,0,255,0,255,11,2520.669,"Gonyong",R,27,116,1.982,1.35,0.141,1.747,-36.473,2,0,110.825,-137.829,0.932,0,0,1,5,8,R,"あくせる",174.8,107,0.28,3,79,2521.803,196,95,25,150,143,84,97.859,-43.838,-0.43,0.01,-0.063,0.17,0,0,0,0.182,-37.261,"Pring__",0.159,-16.804,"Megu3568",-18.739,-44.366,"Fresh825",-6.001,-64.312,"인생최패망자",17.255,-47.207,"HANA_ARASHI",13.314,-63.617,"IbikiKai_JP",35.898,-98.711,"Yaksok~",-3.85,-113.413,"SOM_candy",-36.712,-85.973,2528.212,-7.383,-5.407,2528.312,1,"Pring__",-7.237,-5.69,0,0,0,0,0,0,0,1
19,2,1,0,0,0,0,1,1,1,0,255,0,255,12,2555.999,"Gonyong",R,26,123,-1.62,0.191,-0.187,1.546,-36.382,1,0,104.132,-200,8.804,0,0,0,6,2,L,"CAT tourniquet",190,95.214,0.357,0,59,0,0,0,0,0,0,0,0,0,0,0,0,0,0,0,0,-0.133,-37.905,"Pring__",0.233,-17.042,"Megu3568",-18.969,-43.373,"Fresh825",-2.753,-60.828,"인생최패망자",19.407,-43.252,"HANA_ARASHI",12.603,-64.363,"IbikiKai_JP",32.436,-79.952,"Yaksok~",4.322,-108.381,"SOM_candy",-35.816,-88.427,0,0,0,0,0,"",0,0,0,0,0,0,0,0,0,0
20,2,1,0,0,1,0,1,1,1,0,255,0,255,13,2572.103,"Gonyong",R,33,125,-0.119,0.4,-0.055,1.616,-36.441,0,0,126.535,-98.179,3.037,0,0,0,6,2,L,"CAT tourniquet",190,95.214,0.357,0,59,0,0,0,0,0,0,0,0,0,0,0,0,0,0,0,0,0.015,-37.81,"Pring__",0.035,-16.678,"Megu3568",-18.833,-42.861,"Fresh825",-2.884,-61.472,"인생최패망자",19.214,-43.468,"HANA_ARASHI",13.446,-65.468,"IbikiKai_JP",32.788,-80.007,"Yaksok~",3.998,-110.316,"SOM_candy",-35.566,-88.032,0,0,0,0,0,"",0,0,0,0,0,0,0,0,0,0
21,2,1,0,0,1,1,1,1,1,0,255,0,255,14,2590.39,"Gonyong",R,10,109,-1.034,-1.275,-0.096,1.494,-36.427,2,0,0,400,6.813,0,0,1,6,2,L,"CAT tourniquet",190,95.214,0.357,3,59,2591.492,192,151,68,179,155,97,-31.019,-3.611,-0.43,0.077,-0.104,0.404,0,0,0,0.067,-37.369,"Pring__",-0.047,-16.945,"Megu3568",-18.59,-43.898,"Fresh825",-5.223,-61.213,"인생최패망자",20.984,-46.708,"HANA_ARASHI",14.261,-63.843,"IbikiKai_JP",33.039,-80.417,"Yaksok~",4.039,-110.361,"SOM_candy",-35.894,-89.002,2591.562,-0.17,-19.552,2592.745,0,"Gonyong",0.841,-35.527,0,0,0,0,0,0,0,2
22,2,0,0,0,0,0,0,0,0,0,255,255,255,6,2652.939,"ゆっち一",R,0,138,0.6,-0.215,0.183,1.601,-36.403,2,0,0,0,0,0,0,0,3,0,R,"Gonyong",190,90.148,0.2,3,59,2653.793,79,51,18,44,95,67,-30,9.411,0.94,-0.046,-0.061,0.015,0,0,0,-0.031,-36.968,"Espressο",0.176,-17.211,"CAT tourniquet",-23.385,-48.165,"mochi_2929",-11.018,-61.225,"にゃんこ3K",21.98,-52.757,"しろくま。",13.526,-62.816,"sano jpn",29.245,-86.605,"alcohol500",-0.744,-101.033,"あくせる",-34.747,-78.395,2653.962,-0.108,-19.707,2655.345,0,"ゆっち一",-2.813,-35.683,0,0,0,0,0,0,0,2
23,2,0,0,0,0,0,1,0,0,0,255,255,255,7,2687.486,"ゆっち一",R,0,140,-1.414,0.497,0.263,1.829,-36.511,2,0,0,0,0,0,0,1,4,7,R,"Yaksok~",173.1,91.563,0.424,3,59,2688.253,187,98,13,95,142,83,24.053,-34.141,-0.53,-0.053,0.002,0.37,0,0,0,0.175,-36.976,"Espressο",0.205,-17.495,"CAT tourniquet",-21.576,-47.219,"mochi_2929",-10.961,-61.446,"にゃんこ3K",22.35,-53.064,"しろくま。",11.309,-59.018,"sano jpn",29.671,-83.964,"alcohol500",-2.199,-100.387,"あくせる",-33.764,-77.139,2692.329,40.57,-69.636,2692.812,6,"sano jpn",41.887,-71.171,1,0,0,0,0,0,0,2
24,2,0,0,0,0,0,1,1,0,0,16,255,255,8,2724.761,"ゆっち一",R,6,107,2.709,-0.301,0.27,1.564,-36.489,4,0,403.406,0,34.756,1.302,-17.263,1,5,1,L,"Pring__",180.3,94.883,0.396,0,59,0,0,0,0,0,0,0,0,0,0,0,0,0,0,0,0,0.085,-37.284,"Espressο",0.565,-17.341,"CAT tourniquet",-20.662,-43.641,"mochi_2929",-8.949,-61.017,"にゃんこ3K",19.839,-45.383,"しろくま。",6.429,-61.32,"sano jpn",35.454,-82.641,"alcohol500",3.632,-100.542,"あくせる",-32.9,-79.908,0,0,0,0,0,"",0,0,0,0,0,0,0,0,0,0
25,2,0,0,0,0,1,1,1,0,0,16,255,255,9,2774.011,"ゆっち一",R,29,131,-0.108,0.14,0.181,1.625,-36.425,2,0,-201.333,-141.089,5.467,0,0,1,5,1,L,"Pring__",180.3,94.883,0.396,3,59,2774.765,188,149,29,205,155,128,16.514,12.62,0.41,-0.029,-0.061,0.335,0,0,0,0.03,-37.152,"Espressο",0.017,-17.196,"CAT tourniquet",-20.454,-44.112,"mochi_2929",-8.961,-61.583,"にゃんこ3K",19.214,-45.331,"しろくま。",7.898,-62.005,"sano jpn",34.061,-79.857,"alcohol500",2.903,-100.963,"あくせる",-26.506,-88.009,2779.912,-18.422,-132.69,2782.729,8,"あくせる",-20.499,-118.123,1,0,0,0,0,0,0,2
26,2,0,0,0,0,0,1,0,1,1,255,10,16,10,2815.251,"ゆっち一",R,0,133,-0.358,1.273,0.094,1.862,-36.496,1,0,0,0,0,0,0,0,6,8,L,"SOM_candy",179.9,102.048,0.554,0,59,0,0,0,0,0,0,0,0,0,0,0,0,0,0,0,0,0.018,-37.567,"Espressο",-0.089,-17.174,"CAT tourniquet",-21.574,-47.195,"mochi_2929",-8.366,-54.152,"にゃんこ3K",19.907,-41.567,"しろくま。",7.466,-49.336,"sano jpn",33.807,-78.411,"alcohol500",4.063,-104.011,"あくせる",-23.033,-87.854,0,0,0,0,0,"",0,0,0,0,0,0,0,0,0,0
27,2,0,0,0,1,0,1,0,1,1,255,10,16,11,2832.75,"ゆっち一",R,26,140,-0.914,0.206,-0.068,1.481,-36.391,0,0,-65.991,-166.548,15.626,0,0,1,6,8,L,"SOM_candy",179.9,102.048,0.554,3,59,2833.654,183,119,41,160,153,66,24.865,1.714,1,-0.028,0.012,0.215,0,0,0,-0.163,-37.185,"Espressο",-0.128,-17.18,"CAT tourniquet",-21.485,-47.34,"mochi_2929",-8.206,-54.128,"にゃんこ3K",18.882,-41.788,"しろくま。",7.78,-49.218,"sano jpn",33.121,-76.954,"alcohol500",4.058,-104.067,"あくせる",-23.08,-87.772,0,0,0,2833.979,1,"Espressο",-0.14,-23.342,0,0,0,0,0,0,0,3
28,2,0,0,0,1,1,1,0,1,1,255,10,16,12,2854.525,"ゆっち一",R,0,122,-0.254,0.534,-0.035,1.617,-36.469,0,0,0,0,27.969,0,0,1,6,8,L,"SOM_candy",179.9,102.048,0.554,0,59,0,0,0,0,0,0,0,0,0,0,0,0,0,0,0,0,-0.107,-37.174,"Espressο",0.117,-17.092,"CAT tourniquet",-21.951,-46.469,"mochi_2929",-9.321,-54.755,"にゃんこ3K",19.171,-42.904,"しろくま。",9.818,-46.178,"sano jpn",36.155,-78.673,"alcohol500",5.31,-99.852,"あくせる",-23.109,-88.987,0,0,0,0,0,"",0,0,0,0,0,0,0,0,0,0
29,2,0,0,0,1,2,1,0,1,1,255,10,16,13,2875.946,"ゆっち一",R,10,111,0.651,-2.662,0.051,1.819,-36.698,4,0,0,400,0.536,0.131,-17.696,1,6,8,L,"SOM_candy",179.9,102.048,0.554,0,59,0,0,0,0,0,0,0,0,0,0,0,0,0,0,0,0,-0.038,-37.497,"Espressο",0.116,-17.687,"CAT tourniquet",-21.321,-46.174,"mochi_2929",-8.964,-55.446,"にゃんこ3K",19.536,-41.798,"しろくま。",7.969,-43.492,"sano jpn",34.937,-77.943,"alcohol500",5.617,-99.784,"あくせる",-24.173,-89.453,0,0,0,0,0,"",0,0,0,0,0,0,0,0,0,0
30,2,0,0,0,0,0,2,0,1,1,255,10,16,14,2905.513,"ゆっち一",R,26,140,-1.184,0.455,0.042,1.666,-36.423,0,0,-90.232,-192.903,13.655,0,0,0,7,6,L,"IbikiKai_JP",175,90,0.5,0,59,0,0,0,0,0,0,0,0,0,0,0,0,0,0,0,0,0.005,-37.434,"Espressο",-0.181,-17.31,"CAT tourniquet",-21.413,-47.533,"mochi_2929",-9.389,-58.178,"にゃんこ3K",18.9,-42.278,"しろくま。",4.988,-58.486,"sano jpn",35.665,-84.472,"alcohol500",5.035,-99.214,"あくせる",-22.425,-87.434,0,0,0,0,0,"",0,0,0,0,0,0,0,0,0,0
31,2,0,0,0,0,1,2,0,1,1,255,10,16,15,2924.034,"ゆっち一",R,6,105,2.841,0.35,0.262,1.728,-36.603,4,0,406.189,0,31.676,2.011,-11.93,1,7,6,L,"IbikiKai_JP",175,90,0.5,0,59,0,0,0,0,0,0,0,0,0,0,0,0,0,0,0,0,0.043,-37.332,"Espressο",0.974,-17.067,"CAT tourniquet",-21.296,-47.056,"mochi_2929",-9.302,-57.966,"にゃんこ3K",19.291,-41.667,"しろくま。",7.689,-57.793,"sano jpn",35.481,-83.84,"alcohol500",5.041,-99.263,"あくせる",-22.337,-87.272,0,0,0,0,0,"",0,0,0,0,0,0,0,0,0,0
32,2,0,0,0,0,2,2,0,1,1,255,10,16,16,2960.352,"ゆっち一",R,26,140,-0.365,1.387,-0.026,1.671,-36.421,2,0,-25.503,-168.434,9.691,0,0,1,7,6,L,"IbikiKai_JP",175,90,0.5,3,59,2961.434,117,60,11,85,119,111,37.634,-39.469,0.35,-0.049,-0.055,0.11,0,0,0,-0.029,-37.041,"Espressο",-0.061,-17.299,"CAT tourniquet",-22.339,-47.278,"mochi_2929",-9.862,-58.85,"にゃんこ3K",19.128,-42.021,"しろくま。",10.2,-58.865,"sano jpn",36.079,-82.369,"alcohol500",4.217,-99.208,"あくせる",-21.679,-89.675,2966.829,69.969,-85.272,2969.395,6,"sano jpn",67.937,-84.008,0,0,0,0,0,0,0,2
33,2,0,0,0,0,2,2,0,1,1,255,10,16,17,2987.3,"ゆっち一",R,6,110,2.129,0.552,0.085,1.621,-36.482,4,0,375.463,0,32.373,0,0,1,7,6,L,"IbikiKai_JP",175,90,0.5,0,28,0,0,0,0,0,0,0,0,0,0,0,0,0,0,0,0,-0.057,-37.743,"Espressο",0.554,-17.223,"CAT tourniquet",-20.429,-45.777,"mochi_2929",-9.272,-59.258,"にゃんこ3K",19.063,-43.528,"しろくま。",17.555,-59.622,"sano jpn",45.96,-86.969,"alcohol500",5.337,-99.027,"あくせる",-20.986,-87.289,0,0,0,0,0,"",0,0,0,0,0,0,0,0,0,0
34,3,1,0,0,0,0,0,0,0,0,255,255,255,15,3042.701,"Gonyong",R,32,128,2.999,1.311,0.219,1.752,-36.519,1,0,173.294,-74.195,9.715,0,0,0,7,7,L,"alcohol500",171.7,94.494,0.349,0,59,0,0,0,0,0,0,0,0,0,0,0,0,0,0,0,0,0.265,-37.844,"Pring__",0.198,-16.716,"Megu3568",-20.803,-48.094,"Fresh825",-12.861,-65.416,"인생최패망자",20.484,-46.283,"HANA_ARASHI",14.065,-64.366,"IbikiKai_JP",36.175,-89.462,"Yaksok~",3.309,-108.245,"SOM_candy",-36.006,-87.245,0,0,0,0,0,"",0,0,0,0,0,0,0,0,0,0
35,3,1,0,0,1,0,0,0,0,0,255,255,255,16,3058.044,"Gonyong",R,26,123,0.688,0.418,0.044,1.574,-36.336,0,0,57.026,-200,12.01,0,0,0,7,7,L,"alcohol500",171.7,94.494,0.349,0,59,0,0,0,0,0,0,0,0,0,0,0,0,0,0,0,0,-0.035,-38.168,"Pring__",0.179,-16.687,"Megu3568",-20.754,-48.057,"Fresh825",-12.77,-65.451,"인생최패망자",20.36,-46.079,"HANA_ARASHI",13.983,-62.257,"IbikiKai_JP",35.878,-91.49,"Yaksok~",3.533,-109.622,"SOM_candy",-36.186,-87.354,0,0,0,0,0,"",0,0,0,0,0,0,0,0,0,0
36,3,1,0,0,1,1,0,0,0,0,255,255,255,17,3075.038,"Gonyong",R,10,112,-0.789,-0.22,-0.073,1.702,-36.505,0,0,0,400,6.75,0,0,0,7,7,L,"alcohol500",171.7,94.494,0.349,0,59,0,0,0,0,0,0,0,0,0,0,0,0,0,0,0,0,0.202,-37.749,"Pring__",0.037,-16.856,"Megu3568",-20.708,-48.176,"Fresh825",-12.962,-65.537,"인생최패망자",20.323,-45.849,"HANA_ARASHI",14.869,-62.916,"IbikiKai_JP",36.049,-92.069,"Yaksok~",4.233,-110.644,"SOM_candy",-36.011,-87.251,0,0,0,0,0,"",0,0,0,0,0,0,0,0,0,0
37,3,1,0,0,1,2,0,0,0,0,255,255,255,18,3091.257,"Gonyong",R,26,129,-0.201,0.749,-0.047,1.629,-36.372,0,0,92.43,-200,15.668,0,0,1,7,7,L,"alcohol500",171.7,94.494,0.349,0,59,0,0,0,0,0,0,0,0,0,0,0,0,0,0,0,0,0.086,-37.825,"Pring__",0.214,-17.013,"Megu3568",-21.116,-47.096,"Fresh825",-12.813,-65.389,"인생최패망자",19.514,-44.011,"HANA_ARASHI",14.614,-62.611,"IbikiKai_JP",35.834,-91.624,"Yaksok~",3.853,-110.36,"SOM_candy",-35.962,-87.201,0,0,0,0,0,"",0,0,0,0,0,0,0,0,0,0
38,3,1,0,0,0,0,1,0,0,0,255,255,255,19,3120.448,"Gonyong",R,26,120,1.046,-0.5,0.091,1.412,-36.402,0,0,17.289,-200,5.374,0,0,0,8,1,R,"Espressο",190,90.463,0.2,0,59,0,0,0,0,0,0,0,0,0,0,0,0,0,0,0,0,0.253,-37.65,"Pring__",0.078,-16.848,"Megu3568",-20.616,-47.081,"Fresh825",-15.375,-64.048,"인생최패망자",17.084,-48.089,"HANA_ARASHI",13.115,-63.932,"IbikiKai_JP",39.941,-99.364,"Yaksok~",2.17,-112.731,"SOM_candy",-38.901,-88.739,0,0,0,0,0,"",0,0,0,0,0,0,0,0,0,0
39,3,1,0,0,0,1,1,0,0,0,255,255,255,20,3136.409,"Gonyong",R,26,125,0.61,0.134,0.042,1.55,-36.345,0,0,43.788,-152.745,5.394,0,0,0,8,1,R,"Espressο",190,90.463,0.2,0,59,0,0,0,0,0,0,0,0,0,0,0,0,0,0,0,0,0.138,-37.799,"Pring__",0.037,-16.858,"Megu3568",-20.488,-47.035,"Fresh825",-15.366,-63.994,"인생최패망자",17.54,-48.005,"HANA_ARASHI",14.327,-63.717,"IbikiKai_JP",39.976,-99.418,"Yaksok~",-1.583,-110.942,"SOM_candy",-38.864,-88.71,0,0,0,0,0,"",0,0,0,0,0,0,0,0,0,0
40,3,1,0,0,0,2,1,0,0,0,255,255,255,21,3155.444,"Gonyong",R,13,118,-1.848,-1.213,-0.065,1.486,-36.413,1,0,-285.404,400,5.112,0,0,0,8,1,R,"Espressο",190,90.463,0.2,0,59,0,0,0,0,0,0,0,0,0,0,0,0,0,0,0,0,0.178,-37.713,"Pring__",-0.354,-16.687,"Megu3568",-20.607,-46.738,"Fresh825",-15.159,-64.102,"인생최패망자",17.403,-47.788,"HANA_ARASHI",14.261,-62.962,"IbikiKai_JP",39.956,-99.409,"Yaksok~",-1.573,-110.95,"SOM_candy",-38.903,-88.748,0,0,0,0,0,"",0,0,0,0,0,0,0,0,0,0
41,3,1,0,0,1,2,1,0,0,0,255,255,255,22,3168.968,"Gonyong",R,3,113,-0.322,0.776,0.133,1.721,-36.482,0,0,-408.157,0,-0.248,0,0,1,8,1,R,"Espressο",190,90.463,0.2,0,59,0,0,0,0,0,0,0,0,0,0,0,0,0,0,0,0,0.294,-37.677,"Pring__",-0.394,-16.563,"Megu3568",-19.998,-45.585,"Fresh825",-15.054,-63.974,"인생최패망자",17.566,-47.322,"HANA_ARASHI",13.342,-64.197,"IbikiKai_JP",39.962,-99.398,"Yaksok~",-1.58,-110.957,"SOM_candy",-38.936,-88.791,0,0,0,0,0,"",0,0,0,0,0,0,0,0,0,0
42,3,1,0,0,0,0,2,0,0,0,255,255,255,23,3196.679,"Gonyong",R,14,90,1.087,-0.717,-0.086,1.632,-36.385,2,0,301.362,338.13,19.409,0,0,1,0,4,R,"にゃんこ3K",190,103.879,0.602,3,59,3197.992,225,113,29,116,148,121,-7.273,-32.103,0.16,-0.056,0.021,0.385,0,0,0,0.036,-37.615,"Pring__",0.255,-16.925,"Megu3568",-20.645,-47.517,"Fresh825",-15.117,-63.648,"인생최패망자",17.673,-48.413,"HANA_ARASHI",12.538,-64.566,"IbikiKai_JP",32.398,-90.513,"Yaksok~",-5.345,-111.958,"SOM_candy",-39.052,-88.913,3198.162,3.511,-25.593,3199.345,4,"인생최패망자",15.75,-45.164,0,0,0,0,0,0,0,2
43,3,0,0,0,0,0,0,0,0,0,255,255,255,18,3247.393,"ゆっち一",R,0,134,1.686,-0.03,0.241,1.58,-36.336,2,0,0,0,0,0,0,1,8,5,R,"HANA_ARASHI",170.2,86,0.3,2,59,3248.283,106,46,0,91,74,63,-30.129,31.085,-0.45,-0.091,-0.107,0.076,0,0,0,0.097,-37,"Espressο",0.109,-17.182,"CAT tourniquet",-21.735,-47.062,"mochi_2929",-11.004,-60.641,"にゃんこ3K",21.591,-52.659,"しろくま。",12.881,-61.965,"sano jpn",29.922,-83.113,"alcohol500",-2.227,-101.492,"あくせる",-35.267,-78.491,3248.362,-0.549,-21.14,3251.778,3,"mochi_2929",-13.009,-52.482,0,0,0,0,0,0,0,2
44,3,0,0,0,0,0,1,0,0,0,255,255,255,19,3281.677,"ゆっち一",R,13,110,-0.25,-0.374,0.266,1.696,-36.49,0,0,-366.133,340.509,-62.133,0,0,0,0,2,R,"Megu3568",174.7,86,0.404,0,59,0,0,0,0,0,0,0,0,0,0,0,0,0,0,0,0,0.072,-37.339,"Espressο",0.062,-17.283,"CAT tourniquet",-21.454,-47.168,"mochi_2929",-10.726,-60.086,"にゃんこ3K",21.988,-52.398,"しろくま。",11.485,-63.312,"sano jpn",28.666,-80.452,"alcohol500",-1.894,-97.958,"あくせる",-33.743,-78.662,0,0,0,0,0,"",0,0,0,0,0,0,0,0,0,0
45,3,0,0,0,0,1,1,0,0,0,255,255,255,20,3299.201,"ゆっち一",R,26,137,0.54,0.305,0.089,1.484,-36.403,2,0,-64.173,-167.274,27.129,0,0,1,0,2,R,"Megu3568",174.7,86,0.404,3,59,3300.23,174,138,26,220,153,127,31.483,5.925,0.47,0.033,-0.006,0.54,0,0,0,0.084,-37.169,"Espressο",0.107,-17.229,"CAT tourniquet",-21.794,-48.241,"mochi_2929",-11.148,-60.423,"にゃんこ3K",21.881,-52.299,"しろくま。",11.581,-63.325,"sano jpn",28.779,-80.396,"alcohol500",-1.799,-98.073,"あくせる",-33.773,-78.568,3306.329,-32.636,-131.686,0,0,"",0,0,0,0,0,0,0,0,0,4
46,3,0,0,1,0,0,1,0,0,0,255,255,255,21,3346.71,"ゆっち一",R,26,135,-1.558,-0.316,0.027,1.538,-36.396,2,0,-108.488,-200,27.152,0,0,1,1,3,L,"Fresh825",172.9,86,0.8,3,59,3347.717,149,131,0,172,143,85,63.463,-54.995,-0.2,0.062,-0.066,0.321,0,0,0,0.055,-37.121,"Espressο",-0.033,-17.252,"CAT tourniquet",-22.21,-49.185,"mochi_2929",-8.655,-61.035,"にゃんこ3K",23.628,-49.447,"しろくま。",12.849,-58.89,"sano jpn",35.988,-80.377,"alcohol500",2.173,-106.09,"あくせる",-26.297,-87.211,3353.195,46.702,-51.131,3356.128,6,"sano jpn",57.289,-59.44,0,0,0,0,0,0,0,2
47,3,0,0,1,0,1,1,0,0,0,255,255,255,22,3371.968,"ゆっち一",R,29,127,-1.547,-0.72,0.318,1.547,-36.54,2,0,-250,-71.657,-4.157,0,0,1,1,3,L,"Fresh825",172.9,86,0.8,3,89,3372.99,125,123,67,143,142,85,36.65,-35.352,-0.09,0.146,-0.137,0.236,0,0,0,0.325,-37.271,"Espressο",0.011,-17.34,"CAT tourniquet",-21.39,-47.88,"mochi_2929",-7.789,-61.579,"にゃんこ3K",24.446,-49.475,"しろくま。",14.302,-59.625,"sano jpn",35.563,-76.331,"alcohol500",4.098,-99.229,"あくせる",-25.072,-87.972,0,0,0,3377.812,6,"sano jpn",42,-69.69,0,0,0,0,0,0,0,1
48,3,0,0,1,0,0,2,0,0,0,255,255,255,23,3398.282,"ゆっち一",R,32,140,0.441,0.716,-0.034,1.584,-36.462,2,0,250,-166.89,-2.657,0,0,1,2,4,R,"인생최패망자",190,90,0.447,3,59,3399.331,88,94,4,162,127,80,96.492,71.774,-0.48,-0.03,-0.027,0.189,0,0,0,0.156,-36.994,"Espressο",0.165,-17.192,"CAT tourniquet",-22.827,-47.868,"mochi_2929",-10.488,-62.204,"にゃんこ3K",21.923,-51.349,"しろくま。",14.995,-63.78,"sano jpn",35.885,-87.875,"alcohol500",-0.21,-96.771,"あくせる",-34.076,-79.327,3405.278,29.991,-15.957,0,0,"",0,0,0,0,0,0,0,0,0,3
49,3,0,0,1,0,1,2,0,0,0,255,255,255,24,3423.157,"ゆっち一",R,13,111,-1.691,-0.763,0.311,1.601,-36.575,4,0,-390.434,312.348,-50.337,-1.156,-16.959,1,2,4,R,"인생최패망자",190,90,0.447,0,59,0,0,0,0,0,0,0,0,0,0,0,0,0,0,0,0,0.165,-37.26,"Espressο",0.017,-17.057,"CAT tourniquet",-21.697,-47.336,"mochi_2929",-9.958,-60.585,"にゃんこ3K",21.684,-52.854,"しろくま。",12.451,-65.888,"sano jpn",35.398,-86.583,"alcohol500",-1.472,-96.635,"あくせる",-36.156,-80.012,0,0,0,0,0,"",0,0,0,0,0,0,0,0,0,0
50,3,0,0,1,0,2,2,0,0,0,255,255,255,25,3444.082,"ゆっち一",R,26,137,0.644,0.645,0.255,1.56,-36.453,0,0,-195.447,-200,27.7,0,0,1,2,4,R,"인생최패망자",190,90,0.447,0,59,0,0,0,0,0,0,0,0,0,0,0,0,0,0,0,0,0.129,-37.55,"Espressο",-0.148,-16.94,"CAT tourniquet",-21.677,-46.752,"mochi_2929",-10.426,-60.474,"にゃんこ3K",21.75,-52.76,"しろくま。",12.355,-63.906,"sano jpn",35.38,-86.537,"alcohol500",-1.696,-96.807,"あくせる",-36.313,-80.05,0,0,0,0,0,"",0,0,0,0,0,0,0,0,0,0
51,4,1,0,1,0,0,0,0,0,0,255,255,255,24,3503.53,"Gonyong",R,10,100,0.957,-1.544,0.133,1.501,-36.512,4,0,0,400,0.11,0,0,1,1,6,R,"sano jpn",170.1,99.636,0.323,0,47,0,0,0,0,0,0,0,0,0,0,0,0,0,0,0,0,0.019,-38.222,"Pring__",0.181,-16.808,"Megu3568",-20.18,-47.324,"Fresh825",-15.508,-63.985,"인생최패망자",16.79,-47.49,"HANA_ARASHI",14.228,-62.73,"IbikiKai_JP",33.313,-90.721,"Yaksok~",-5.705,-112.333,"SOM_candy",-36.655,-86.218,0,0,0,0,0,"",0,0,0,0,0,0,0,0,0,0
52,4,1,0,1,0,1,0,0,0,0,255,255,255,25,3520.041,"Gonyong",R,13,103,0.611,-0.541,0.162,1.677,-36.598,0,0,-226.296,400,-0.345,0,0,1,1,6,R,"sano jpn",170.1,99.636,0.323,0,47,0,0,0,0,0,0,0,0,0,0,0,0,0,0,0,0,0.122,-37.693,"Pring__",0.119,-16.797,"Megu3568",-20.036,-47.359,"Fresh825",-15.686,-64.456,"인생최패망자",17.407,-46.67,"HANA_ARASHI",14.259,-62.729,"IbikiKai_JP",33.33,-90.766,"Yaksok~",-5.609,-112.789,"SOM_candy",-36.485,-86.128,0,0,0,0,0,"",0,0,0,0,0,0,0,0,0,0
53,4,1,0,1,0,2,0,0,0,0,255,255,255,26,3533.761,"Gonyong",R,26,134,-0.182,0.578,-0.06,1.603,-36.36,0,0,148.675,-200,14.323,0,0,0,1,6,R,"sano jpn",170.1,99.636,0.323,0,47,0,0,0,0,0,0,0,0,0,0,0,0,0,0,0,0,0.074,-37.189,"Pring__",0.001,-16.931,"Megu3568",-20.534,-45.155,"Fresh825",-15.766,-64.375,"인생최패망자",16.36,-47.704,"HANA_ARASHI",13.368,-63.89,"IbikiKai_JP",33.334,-90.757,"Yaksok~",-5.103,-112.165,"SOM_candy",-36.498,-86.09,0,0,0,0,0,"",0,0,0,0,0,0,0,0,0,0
54,4,1,0,1,0,0,1,0,0,0,255,255,255,27,3563.662,"Gonyong",R,10,91,-0.551,-0.861,-0.077,1.684,-36.428,0,0,0,400,5.748,-0.107,-17.467,0,2,3,L,"mochi_2929",174.9,97.434,0.477,0,50,0,0,0,0,0,0,0,0,0,0,0,0,0,0,0,0,0.207,-37.603,"Pring__",0.107,-16.896,"Megu3568",-20.409,-47.111,"Fresh825",-12.56,-65.22,"인생최패망자",19.087,-44.19,"HANA_ARASHI",13.663,-62.106,"IbikiKai_JP",37.512,-94.998,"Yaksok~",3.173,-111.87,"SOM_candy",-36.486,-86.196,0,0,0,0,0,"",0,0,0,0,0,0,0,0,0,0
55,4,1,0,1,0,1,1,0,0,0,255,255,255,28,3600.583,"Gonyong",R,26,120,0.562,0.885,0.015,1.652,-36.389,2,0,100.917,-200,2.923,0,0,1,2,3,L,"mochi_2929",174.9,97.434,0.477,3,50,3601.709,185,107,17,131,143,85,-25.21,35.496,-0.35,0.005,-0.086,0.368,0,0,0,-0.036,-37.289,"Pring__",0.45,-16.738,"Megu3568",-20.217,-47.024,"Fresh825",-12.501,-65.218,"인생최패망자",20.207,-45.625,"HANA_ARASHI",15.022,-63.135,"IbikiKai_JP",40.471,-94.687,"Yaksok~",3.166,-111.948,"SOM_candy",-36.402,-86.153,3601.945,-1.519,-21.879,3603.695,2,"Megu3568",-16.906,-43.605,0,0,0,0,0,0,0,2
56,4,1,0,1,0,0,2,0,0,0,255,255,255,29,3630.676,"Gonyong",R,10,117,-1.557,-1.705,-0.132,1.396,-36.437,1,0,-34.05,400,2.703,0,0,0,3,0,R,"ゆっち一",190,100,0.38,0,59,0,0,0,0,0,0,0,0,0,0,0,0,0,0,0,0,0.294,-37.761,"Pring__",-0.19,-16.58,"Megu3568",-20.975,-47.722,"Fresh825",-15.318,-62.769,"인생최패망자",21.893,-52.032,"HANA_ARASHI",13.529,-63.996,"IbikiKai_JP",37.107,-98.208,"Yaksok~",-5.617,-109.701,"SOM_candy",-40.679,-95.343,0,0,0,0,0,"",0,0,0,0,0,0,0,0,0,0
57,4,1,0,1,1,0,2,0,0,0,255,255,255,30,3647.262,"Gonyong",R,10,101,0.877,-1.138,0.122,1.523,-36.442,2,0,0,400,-0.692,0,0,1,3,0,R,"ゆっち一",190,100,0.38,3,59,3648.467,139,127,69,174,144,84,-8.739,22.888,0.96,-0.043,-0.239,0.334,0,0,0,0.065,-37.406,"Pring__",0.164,-16.86,"Megu3568",-20.939,-47.718,"Fresh825",-15.276,-62.775,"인생최패망자",21.617,-52.164,"HANA_ARASHI",14.14,-63.506,"IbikiKai_JP",37.102,-98.176,"Yaksok~",-5.965,-112.156,"SOM_candy",-40.241,-93.436,3648.695,-1.157,-23.485,3650.829,3,"Fresh825",-14.528,-55.295,0,0,0,0,0,0,0,2
58,4,0,0,1,0,0,0,0,0,0,255,255,255,26,3698.753,"ゆっち一",R,0,140,1.237,0.867,0.26,1.888,-36.495,0,0,0,0,0,0,0,0,3,0,R,"Gonyong",190,90.148,0.2,0,59,0,0,0,0,0,0,0,0,0,0,0,0,0,0,0,0,0.125,-37.248,"Espressο",0.226,-17.171,"CAT tourniquet",-21.516,-46.839,"mochi_2929",-11.074,-60.288,"にゃんこ3K",22.53,-52.641,"しろくま。",13.046,-63.109,"sano jpn",29.804,-85.861,"alcohol500",-1.624,-102.075,"あくせる",-35.485,-82.285,0,0,0,0,0,"",0,0,0,0,0,0,0,0,0,0
59,4,0,0,1,0,1,0,0,0,0,255,255,255,27,3714.245,"ゆっち一",R,0,140,-0.094,0.061,-0.009,1.5,-36.477,0,0,0,0,0,0,0,0,3,0,R,"Gonyong",190,90.148,0.2,0,59,0,0,0,0,0,0,0,0,0,0,0,0,0,0,0,0,0.073,-37.4,"Espressο",-0.228,-17.248,"CAT tourniquet",-21.685,-46.805,"mochi_2929",-11.017,-60.865,"にゃんこ3K",22.545,-52.578,"しろくま。",13.883,-63.054,"sano jpn",36.397,-82.26,"alcohol500",-1.899,-101.665,"あくせる",-35.499,-82.301,0,0,0,0,0,"",0,0,0,0,0,0,0,0,0,0
60,4,0,0,1,0,2,0,0,0,0,255,255,255,28,3732.518,"ゆっち一",R,13,115,-2.54,-0.196,0.194,1.824,-36.687,4,0,-390.434,312.348,-13.387,0,0,1,3,0,R,"Gonyong",190,90.148,0.2,0,59,0,0,0,0,0,0,0,0,0,0,0,0,0,0,0,0,0.006,-37.348,"Espressο",-0.626,-17.061,"CAT tourniquet",-21.449,-46.174,"mochi_2929",-12.156,-60.922,"にゃんこ3K",22.592,-52.515,"しろくま。",12.57,-61.89,"sano jpn",35.471,-83.949,"alcohol500",-1.947,-101.606,"あくせる",-35.983,-81.933,0,0,0,0,0,"",0,0,0,0,0,0,0,0,0,0
61,4,0,0,1,0,0,1,0,0,0,255,255,255,29,3756.204,"ゆっち一",R,26,140,1.31,0.467,0.217,1.744,-36.432,2,0,-1.473,-193.174,7.446,0,0,1,4,7,R,"Yaksok~",173.1,91.563,0.424,3,59,3757.015,186,129,9,159,148,88,103.704,-45.997,-0.23,-0.094,-0.043,0.544,0,0,0,-0.001,-37.084,"Espressο",0.091,-17.282,"CAT tourniquet",-23.045,-49.098,"mochi_2929",-11.411,-61.08,"にゃんこ3K",22.197,-53.24,"しろくま。",12.208,-59.891,"sano jpn",36.243,-85.619,"alcohol500",-2.446,-101.536,"あくせる",-33.272,-82.352,0,0,0,0,0,"",0,0,0,0,0,0,0,0,0,3
62,4,0,0,1,0,1,1,0,0,0,255,255,255,30,3776.557,"ゆっち一",R,10,118,-0.732,-2.759,-0.113,1.529,-36.512,1,0,0,400,48.802,-0.132,-22.595,0,4,7,R,"Yaksok~",173.1,91.563,0.424,0,59,0,0,0,0,0,0,0,0,0,0,0,0,0,0,0,0,-0.136,-37.243,"Espressο",-0.05,-17.176,"CAT tourniquet",-21.208,-45.362,"mochi_2929",-10.312,-59.767,"にゃんこ3K",21.537,-52.587,"しろくま。",11.062,-61.652,"sano jpn",36.568,-84.092,"alcohol500",-3.144,-100.694,"あくせる",-34.658,-81.173,0,0,0,0,0,"",0,0,0,0,0,0,0,0,0,0
63,4,0,0,1,1,1,1,0,0,0,255,255,255,31,3809.704,"ゆっち一",R,13,105,-2.565,-1.123,0.27,1.629,-36.52,4,0,-372.687,312.348,-23.269,0,0,1,4,7,R,"Yaksok~",173.1,91.563,0.424,0,59,0,0,0,0,0,0,0,0,0,0,0,0,0,0,0,0,-0.032,-37.332,"Espressο",-0.475,-16.975,"CAT tourniquet",-21.706,-46.873,"mochi_2929",-11.112,-59.382,"にゃんこ3K",21.51,-52.525,"しろくま。",10.102,-60.057,"sano jpn",34.739,-84.951,"alcohol500",-4.144,-98.59,"あくせる",-33.202,-79.478,0,0,0,0,0,"",0,0,0,0,0,0,0,0,0,0
64,4,0,0,1,1,2,1,0,0,0,255,255,255,32,3832.761,"ゆっち一",R,10,117,0.042,-2.759,0.006,1.764,-36.518,4,0,0,400,4.337,-0.13,-17.355,1,4,7,R,"Yaksok~",173.1,91.563,0.424,0,59,0,0,0,0,0,0,0,0,0,0,0,0,0,0,0,0,-0.076,-37.341,"Espressο",0.014,-17.181,"CAT tourniquet",-21.363,-47.189,"mochi_2929",-10.623,-60.089,"にゃんこ3K",22.028,-52.16,"しろくま。",14.112,-57.434,"sano jpn",34.118,-83.752,"alcohol500",-1.463,-100.425,"あくせる",-33.228,-80.709,0,0,0,0,0,"",0,0,0,0,0,0,0,0,0,0
65,4,0,0,1,0,0,2,0,0,0,255,255,255,33,3867.537,"ゆっち一",R,10,110,1.429,-0.032,0.125,1.922,-36.644,0,0,75.857,400,1.387,0,0,1,5,1,L,"Pring__",180.3,94.883,0.396,0,59,0,0,0,0,0,0,0,0,0,0,0,0,0,0,0,0,-0.503,-37.656,"Espressο",-0.086,-17.307,"CAT tourniquet",-20.547,-47.304,"mochi_2929",-11.082,-60.772,"にゃんこ3K",23.719,-50.121,"しろくま。",15.857,-57.265,"sano jpn",37.509,-79.772,"alcohol500",1.878,-101.477,"あくせる",-27.557,-87.63,0,0,0,0,0,"",0,0,0,0,0,0,0,0,0,0
66,4,0,0,1,0,1,2,0,0,0,255,255,255,34,3896.735,"ゆっち一",R,29,128,-0.823,0.478,0.385,1.71,-36.483,2,0,-250,-200,0.295,0,0,1,5,1,L,"Pring__",180.3,94.883,0.396,3,59,3897.513,170,162,47,211,153,94,31.281,-23.634,-0.19,0.016,-0.094,0.279,0,0,0,-0.102,-36.968,"Espressο",0.35,-17.197,"CAT tourniquet",-20.391,-47.28,"mochi_2929",-10.946,-64.147,"にゃんこ3K",23.712,-50.387,"しろくま。",14.092,-60.295,"sano jpn",36.466,-79.899,"alcohol500",1.685,-101.852,"あくせる",-27.539,-87.734,0,0,0,3902.362,6,"sano jpn",32.751,-86.779,0,0,0,0,0,0,0,1
67,5,1,0,1,0,0,0,0,0,0,255,255,255,31,3959.34,"Gonyong",R,26,121,0.627,0.389,0.056,1.566,-36.422,2,0,6.131,-198.878,3.478,0,0,1,4,5,R,"しろくま。",171.2,107,0.298,2,59,3960.167,62,53,12,88,62,62,-24.604,22.11,-0.54,-0.019,-0.083,0.082,0,0,0,-0.038,-37.233,"Pring__",0.116,-16.954,"Megu3568",-21.053,-48.668,"Fresh825",-13.261,-63.88,"인생최패망자",18.41,-49.427,"HANA_ARASHI",13.341,-63.942,"IbikiKai_JP",33.743,-91.973,"Yaksok~",-2.639,-111.053,"SOM_candy",-36.08,-84.802,3960.312,-0.73,-22.648,3963.329,3,"Fresh825",-14.025,-52.273,0,0,0,0,0,0,0,2
68,5,1,0,1,0,0,1,0,0,0,255,255,255,32,3989.125,"Gonyong",R,26,125,1.147,0.653,0.075,1.616,-36.35,2,0,92.215,-200,5.839,0,0,1,5,8,R,"あくせる",174.8,107,0.28,3,59,3990.187,215,130,21,198,155,91,38.041,3.026,-0.45,-0.034,-0.098,0.291,0,0,0,0.099,-37.119,"Pring__",0.106,-16.81,"Megu3568",-20.509,-48.973,"Fresh825",-15.062,-63.916,"인생최패망자",18.388,-49.009,"HANA_ARASHI",13.478,-63.551,"IbikiKai_JP",33.419,-94.791,"Yaksok~",-6.606,-115.689,"SOM_candy",-37.333,-82.685,3995.278,-11.662,-88.709,3996.945,7,"Yaksok~",-13.734,-99.05,1,0,0,0,0,0,0,2
69,5,1,0,1,0,0,1,1,0,0,8,255,255,33,4026.93,"Gonyong",R,26,125,-0.374,0.959,-0.061,1.707,-36.445,0,0,76.535,-171.713,4.207,0,0,0,6,2,L,"CAT tourniquet",190,95.214,0.357,0,59,0,0,0,0,0,0,0,0,0,0,0,0,0,0,0,0,0.113,-37.691,"Pring__",0.027,-16.69,"Megu3568",-19.305,-44.503,"Fresh825",-5.143,-63.013,"인생최패망자",19.901,-43.799,"HANA_ARASHI",12.107,-64.465,"IbikiKai_JP",32.411,-83.194,"Yaksok~",3.214,-111.558,"SOM_candy",-34.565,-84.592,0,0,0,0,0,"",0,0,0,0,0,0,0,0,0,0
70,5,1,0,1,0,1,1,1,0,0,8,255,255,34,4043.323,"Gonyong",R,34,119,0.181,1.88,0.097,1.911,-36.558,1,0,89.202,-35.264,0.811,0,0,0,6,2,L,"CAT tourniquet",190,95.214,0.357,0,59,0,0,0,0,0,0,0,0,0,0,0,0,0,0,0,0,-0.053,-37.827,"Pring__",0.45,-16.777,"Megu3568",-19.296,-43.65,"Fresh825",-5.573,-60.095,"인생최패망자",19.609,-43.367,"HANA_ARASHI",9.603,-64.022,"IbikiKai_JP",32.62,-84.204,"Yaksok~",3.214,-111.537,"SOM_candy",-36.063,-83.214,0,0,0,0,0,"",0,0,0,0,0,0,0,0,0,0
71,5,1,0,1,1,1,1,1,0,0,8,255,255,35,4059.887,"Gonyong",R,4,102,-0.073,0.549,0.111,1.723,-36.53,2,0,-180.58,0,-0.84,0,0,1,6,2,L,"CAT tourniquet",190,95.214,0.357,3,59,4060.965,140,143,87,158,144,130,10.277,33.079,0.49,-0.008,0.001,0.321,0,0,0,-0.147,-37.247,"Pring__",-0.028,-16.721,"Megu3568",-19.085,-44.643,"Fresh825",-5.978,-59.972,"인생최패망자",20.429,-45.634,"HANA_ARASHI",13.341,-63.713,"IbikiKai_JP",32.661,-84.246,"Yaksok~",3.446,-112.634,"SOM_candy",-36.1,-83.298,4062.595,-27.584,-63.563,4063.612,8,"SOM_candy",-36.696,-77.976,1,64,0,0,0,0,0,2
72,5,1,0,1,0,0,1,1,1,0,2,8,255,36,4131.557,"Gonyong",R,10,109,-0.917,-0.979,-0.085,1.585,-36.359,0,0,0,400,4.923,0,0,0,7,7,L,"alcohol500",171.7,94.494,0.349,0,36,0,0,0,0,0,0,0,0,0,0,0,0,0,0,0,0,0.005,-37.854,"Pring__",0.259,-16.773,"Megu3568",-19.439,-44.408,"Fresh825",-4.371,-63.745,"인생최패망자",19.359,-41.578,"HANA_ARASHI",16.071,-62.693,"IbikiKai_JP",35.329,-86.341,"Yaksok~",3.519,-111.638,"SOM_candy",-37.878,-86.083,0,0,0,0,0,"",0,0,0,0,0,0,0,0,0,0
73,5,1,0,1,0,1,1,1,1,0,2,8,255,37,4151.45,"Gonyong",R,10,91,-0.31,0.3,-0.043,1.977,-36.55,0,0,0,400,-3.697,0,0,1,7,7,L,"alcohol500",171.7,94.494,0.349,3,36,4152.749,203,123,42,123,155,104,-30,-1.854,0.06,0.021,-0.025,0.355,0,0,0,0.151,-37.411,"Pring__",0.282,-16.731,"Megu3568",-18.59,-44.665,"Fresh825",-6.171,-61.416,"인생최패망자",20.721,-46.158,"HANA_ARASHI",13.224,-64.531,"IbikiKai_JP",36.185,-86.813,"Yaksok~",2.748,-106.943,"SOM_candy",-36.532,-84.883,4152.912,-0.012,-21.389,4153.929,0,"Gonyong",0.393,-35.528,0,0,0,0,0,0,0,2
74,5,0,0,1,0,0,0,0,0,0,255,255,255,35,4208.963,"ゆっち一",R,0,136,-0.095,0.437,0.086,1.716,-36.33,0,0,0,0,0,0,0,0,6,8,L,"SOM_candy",179.9,102.048,0.554,0,59,0,0,0,0,0,0,0,0,0,0,0,0,0,0,0,0,0.033,-37.265,"Espressο",-0.027,-17.151,"CAT tourniquet",-20.943,-46.264,"mochi_2929",-10.61,-62.37,"にゃんこ3K",24.402,-50.062,"しろくま。",14.914,-61.486,"sano jpn",35.697,-84.983,"alcohol500",2.413,-104.953,"あくせる",-26.475,-86.641,0,0,0,0,0,"",0,0,0,0,0,0,0,0,0,0
75,5,0,0,1,0,1,0,0,0,0,255,255,255,36,4225.169,"ゆっち一",R,10,115,0.311,-2.521,0.043,1.804,-36.515,4,0,0,400,4.305,-0.014,-17.729,1,6,8,L,"SOM_candy",179.9,102.048,0.554,0,59,0,0,0,0,0,0,0,0,0,0,0,0,0,0,0,0,-0.049,-37.348,"Espressο",0.032,-17.027,"CAT tourniquet",-20.92,-46.261,"mochi_2929",-9.866,-62.451,"にゃんこ3K",24.151,-50.019,"しろくま。",15.974,-62.552,"sano jpn",39.314,-84.07,"alcohol500",2.36,-104.96,"あくせる",-27.01,-85.904,0,0,0,0,0,"",0,0,0,0,0,0,0,0,0,0
76,5,0,0,1,0,2,0,0,0,0,255,255,255,37,4244.988,"ゆっち一",R,0,140,-0.992,0.05,0.285,1.694,-36.386,0,0,0,0,0,0,0,0,6,8,L,"SOM_candy",179.9,102.048,0.554,0,59,0,0,0,0,0,0,0,0,0,0,0,0,0,0,0,0,0.068,-37.217,"Espressο",0.062,-16.724,"CAT tourniquet",-20.368,-44.079,"mochi_2929",-9.773,-63.116,"にゃんこ3K",24.152,-50.077,"しろくま。",13.31,-59.424,"sano jpn",38.873,-84.136,"alcohol500",2.625,-105.184,"あくせる",-24.52,-90.312,0,0,0,0,0,"",0,0,0,0,0,0,0,0,0,0
77,5,0,0,1,0,0,1,0,0,0,255,255,255,38,4267.817,"ゆっち一",R,26,140,-0.987,0.13,-0.082,1.458,-36.358,2,0,-41.84,-200,30.107,0,0,1,7,6,L,"IbikiKai_JP",175,90,0.5,3,59,4268.884,65,75,25,134,88,73,-14.457,-27.606,0.2,-0.111,-0.084,0.07,0,0,0,0.08,-37.031,"Espressο",-0.009,-17.38,"CAT tourniquet",-21.132,-47.821,"mochi_2929",-9.236,-59.856,"にゃんこ3K",23.869,-50.737,"しろくま。",12.347,-58.507,"sano jpn",37.728,-82.34,"alcohol500",2.818,-105.288,"あくせる",-27.011,-87.764,4269.128,1.422,-22.661,4271.528,4,"にゃんこ3K",15.761,-51.015,0,0,0,0,0,0,0,2
78,5,0,0,1,0,0,2,0,0,0,255,255,255,39,4295.156,"ゆっち一",R,13,110,-0.037,0.088,0.155,1.667,-36.567,0,0,-390.434,312.348,-37.491,-0.372,-17.877,0,8,5,R,"HANA_ARASHI",170.2,86,0.3,0,59,0,0,0,0,0,0,0,0,0,0,0,0,0,0,0,0,0.105,-37.536,"Espressο",-0.275,-17.271,"CAT tourniquet",-21.626,-47.941,"mochi_2929",-10.63,-61.411,"にゃんこ3K",22.869,-50.949,"しろくま。",14.884,-62.537,"sano jpn",30.357,-86.802,"alcohol500",-4.644,-102.28,"あくせる",-35.066,-78.558,0,0,0,0,0,"",0,0,0,0,0,0,0,0,0,0
79,5,0,0,1,0,1,2,0,0,0,255,255,255,40,4315.638,"ゆっち一",R,26,140,1.37,1.09,0.084,1.604,-36.448,4,0,143.023,-200,-4.799,0,0,1,8,5,R,"HANA_ARASHI",170.2,86,0.3,0,59,0,0,0,0,0,0,0,0,0,0,0,0,0,0,0,0,0.189,-37.333,"Espressο",0.214,-17.161,"CAT tourniquet",-21.43,-47.815,"mochi_2929",-10.712,-61.952,"にゃんこ3K",22.717,-51.157,"しろくま。",13.396,-63.955,"sano jpn",30.349,-86.778,"alcohol500",-3.731,-102.318,"あくせる",-35.728,-78.109,0,0,0,0,0,"",0,0,0,0,0,0,0,0,0,0
80,5,0,0,1,0,2,2,0,0,0,255,255,255,41,4333.813,"ゆっち一",R,10,119,0.974,-2.804,0.135,1.704,-36.451,1,0,0,400,14.842,0.151,-17.913,0,8,5,R,"HANA_ARASHI",170.2,86,0.3,0,59,0,0,0,0,0,0,0,0,0,0,0,0,0,0,0,0,0.124,-37.281,"Espressο",0.106,-17.106,"CAT tourniquet",-21.386,-47.275,"mochi_2929",-11.157,-62.178,"にゃんこ3K",22.581,-51.98,"しろくま。",13.395,-64.9,"sano jpn",30.164,-86.788,"alcohol500",-3.881,-102.228,"あくせる",-36.121,-78.013,0,0,0,0,0,"",0,0,0,0,0,0,0,0,0,0
81,5,0,0,1,1,2,2,0,0,0,255,255,255,42,4355.064,"ゆっち一",R,13,111,-2.347,-0.64,0.269,1.716,-36.585,2,0,-381.997,322.612,-26.41,0,0,1,8,5,R,"HANA_ARASHI",170.2,86,0.3,2,59,4356.153,155,142,30,188,146,125,-15,45.753,0.51,-0.043,-0.141,0.317,0,0,0,0.19,-37.116,"Espressο",-0.647,-17.366,"CAT tourniquet",-21.763,-48.498,"mochi_2929",-11.147,-62.177,"にゃんこ3K",22.536,-51.943,"しろくま。",13.298,-65.139,"sano jpn",30.14,-86.83,"alcohol500",-3.865,-102.539,"あくせる",-35.564,-80.543,4356.345,-3.153,-23.863,4363.079,8,"あくせる",-64.41,-77.512,1,0,0,0,0,0,0,2
82,5,0,0,1,0,0,2,0,1,0,255,14,255,43,4396.038,"ゆっち一",R,26,140,1.096,0.45,0.046,1.509,-36.467,0,0,184.626,-200,-6.61,0,0,1,0,2,R,"Megu3568",174.7,86,0.404,0,59,0,0,0,0,0,0,0,0,0,0,0,0,0,0,0,0,0.11,-37.556,"Espressο",0.078,-17.06,"CAT tourniquet",-21.664,-47.367,"mochi_2929",-10.381,-62.501,"にゃんこ3K",19.463,-45.784,"しろくま。",7.294,-61.527,"sano jpn",26.663,-79.913,"alcohol500",-1.998,-103.713,"あくせる",-34.327,-80.084,0,0,0,0,0,"",0,0,0,0,0,0,0,0,0,0
83,5,0,0,1,0,1,2,0,1,0,255,14,255,44,4414.649,"ゆっち一",R,3,112,-0.742,0.576,0.333,1.837,-36.792,0,0,-403.446,48.357,7.992,0,0,0,0,2,R,"Megu3568",174.7,86,0.404,0,59,0,0,0,0,0,0,0,0,0,0,0,0,0,0,0,0,-0.013,-37.403,"Espressο",0.081,-16.883,"CAT tourniquet",-21.572,-47.322,"mochi_2929",-10.638,-62.261,"にゃんこ3K",19.868,-44.688,"しろくま。",7.475,-59.721,"sano jpn",27.752,-79.623,"alcohol500",-2.362,-103.805,"あくせる",-35.949,-80.464,0,0,0,0,0,"",0,0,0,0,0,0,0,0,0,0
84,5,0,0,1,0,2,2,0,1,0,255,14,255,45,4435.343,"ゆっち一",R,10,116,0.715,-2.735,0.1,1.602,-36.551,1,0,0,400,18.758,0,0,0,0,2,R,"Megu3568",174.7,86,0.404,0,59,0,0,0,0,0,0,0,0,0,0,0,0,0,0,0,0,0.015,-37.474,"Espressο",0.126,-18.19,"CAT tourniquet",-21.66,-45.52,"mochi_2929",-11.276,-62.19,"にゃんこ3K",19.743,-45.689,"しろくま。",7.733,-58.501,"sano jpn",28.907,-79.009,"alcohol500",-1.749,-103.776,"あくせる",-36.316,-79.524,0,0,0,0,0,"",0,0,0,1,0,0,0,0,0,0
85,6,1,0,1,0,0,0,0,0,0,255,255,255,38,4491.615,"Gonyong",R,10,90,1.078,0.571,0.297,2.135,-36.798,0,0,-81.629,400,-0.865,0,0,1,8,1,R,"Espressο",190,90.463,0.2,0,59,0,0,0,0,0,0,0,0,0,0,0,0,0,0,0,0,0.238,-37.803,"Pring__",0.151,-16.672,"Megu3568",-20.433,-46.136,"Fresh825",-13.718,-63.662,"인생최패망자",18.846,-47.732,"HANA_ARASHI",12.839,-63.339,"IbikiKai_JP",39.228,-97.908,"Yaksok~",-4.167,-108.764,"SOM_candy",-38.764,-86.284,0,0,0,0,0,"",0,0,0,0,0,0,0,0,0,0
86,6,1,0,1,0,1,0,0,0,0,255,255,255,39,4512.285,"Gonyong",R,33,127,1.242,1.491,0.071,1.823,-36.475,4,0,129.34,-114.017,4.58,0,0,1,8,1,R,"Espressο",190,90.463,0.2,0,50,0,0,0,0,0,0,0,0,0,0,0,0,0,0,0,0,0.163,-37.959,"Pring__",0.206,-16.873,"Megu3568",-20.037,-46.069,"Fresh825",-14.449,-63.748,"인생최패망자",19.08,-46.757,"HANA_ARASHI",14.67,-62.701,"IbikiKai_JP",39.534,-97.889,"Yaksok~",-3.711,-108.203,"SOM_candy",-38.811,-86.395,0,0,0,0,0,"",0,0,0,0,0,0,0,0,0,0
87,6,1,0,1,0,2,0,0,0,0,255,255,255,40,4529.161,"Gonyong",R,3,89,-0.831,0.896,0.3,1.801,-36.556,0,0,-392.287,0,-2.952,0,0,1,8,1,R,"Espressο",190,90.463,0.2,0,50,0,0,0,0,0,0,0,0,0,0,0,0,0,0,0,0,0.249,-37.818,"Pring__",-0.711,-16.519,"Megu3568",-20.757,-45.968,"Fresh825",-14.286,-63.873,"인생최패망자",19.832,-47.846,"HANA_ARASHI",11.503,-64.652,"IbikiKai_JP",39.46,-97.913,"Yaksok~",-3.71,-108.213,"SOM_candy",-38.75,-86.37,0,0,0,0,0,"",0,0,0,0,0,0,0,0,0,0
88,6,1,0,1,0,0,1,0,0,0,255,255,255,41,4558.342,"Gonyong",R,26,118,1.75,1.113,0.113,1.737,-36.437,1,0,131.635,-152.784,6.826,0,0,0,0,4,R,"にゃんこ3K",190,103.879,0.602,0,41,0,0,0,0,0,0,0,0,0,0,0,0,0,0,0,0,0.068,-38.16,"Pring__",-0.387,-16.53,"Megu3568",-21.195,-47.98,"Fresh825",-14.309,-63.769,"인생최패망자",18.059,-49.082,"HANA_ARASHI",14.194,-64.039,"IbikiKai_JP",33.301,-88.773,"Yaksok~",-3.704,-108.235,"SOM_candy",-39.816,-85.883,0,0,0,0,0,"",0,0,0,0,0,0,0,0,0,0
89,6,1,0,1,1,0,1,0,0,0,255,255,255,42,4578,"Gonyong",R,10,98,1.219,-1.123,0.17,1.546,-36.463,1,0,0,400,-1.438,0.235,-17.559,0,0,4,R,"にゃんこ3K",190,103.879,0.602,0,41,0,0,0,0,0,0,0,0,0,0,0,0,0,0,0,0,0.241,-37.92,"Pring__",0.077,-16.776,"Megu3568",-20.966,-47.755,"Fresh825",-14.316,-63.791,"인생최패망자",18.395,-47.637,"HANA_ARASHI",11.403,-62.676,"IbikiKai_JP",33.272,-88.724,"Yaksok~",-3.713,-108.225,"SOM_candy",-39.754,-85.899,0,0,0,0,0,"",0,0,0,0,0,0,0,0,0,0
90,6,1,0,1,2,0,1,0,0,0,255,255,255,43,4596.7,"Gonyong",R,26,119,-1.05,-1.314,-0.089,1.253,-36.497,1,0,-23.522,-200,25.416,0,0,0,0,4,R,"にゃんこ3K",190,103.879,0.602,0,41,0,0,0,0,0,0,0,0,0,0,0,0,0,0,0,0,-0.034,-37.16,"Pring__",-0.203,-16.718,"Megu3568",-20.977,-47.713,"Fresh825",-14.273,-63.684,"인생최패망자",18.06,-49.248,"HANA_ARASHI",14.732,-63.2,"IbikiKai_JP",33.323,-88.739,"Yaksok~",-4.179,-108.599,"SOM_candy",-39.713,-85.825,0,0,0,0,0,"",0,0,0,0,0,0,0,0,0,0
91,6,1,0,1,3,0,1,0,0,0,255,255,255,44,4614.08,"Gonyong",R,27,115,0.936,0.466,0.068,1.624,-36.455,0,0,47.529,-113.781,0.91,-0.057,-17.18,0,0,4,R,"にゃんこ3K",190,103.879,0.602,0,41,0,0,0,0,0,0,0,0,0,0,0,0,0,0,0,0,0.205,-37.852,"Pring__",0.113,-16.662,"Megu3568",-20.879,-47.774,"Fresh825",-14.177,-63.724,"인생최패망자",17.834,-48.723,"HANA_ARASHI",14.25,-64.048,"IbikiKai_JP",33.306,-88.772,"Yaksok~",-4.791,-108.497,"SOM_candy",-39.563,-85.897,0,0,0,0,0,"",0,0,0,0,0,0,0,0,0,0
92,6,1,0,1,3,1,1,0,0,0,255,255,255,45,4632.652,"Gonyong",R,3,98,0.401,-0.131,0.371,1.534,-36.481,2,0,-433.859,0,0.871,0,0,1,0,4,R,"にゃんこ3K",190,103.879,0.602,3,41,4633.971,214,147,54,231,155,92,26.982,4.724,-0.44,-0.087,-0.265,0.445,0,0,0,0.263,-37.557,"Pring__",0.07,-16.708,"Megu3568",-20.845,-47.698,"Fresh825",-14.846,-63.533,"인생최패망자",17.761,-48.743,"HANA_ARASHI",12.354,-64.951,"IbikiKai_JP",33.08,-88.805,"Yaksok~",-4.818,-108.499,"SOM_candy",-39.797,-86.964,4638.679,-17.312,-96.843,4646.878,7,"Yaksok~",-26.69,-127.129,1,0,0,0,0,0,0,2
93,6,1,0,1,0,0,1,0,0,1,255,255,4,46,4680.236,"Gonyong",R,14,97,1.526,-1.223,-0.007,1.558,-36.424,4,0,301.389,364.946,10.803,0,0,1,1,6,R,"sano jpn",170.1,99.636,0.323,0,59,0,0,0,0,0,0,0,0,0,0,0,0,0,0,0,0,0.016,-37.814,"Pring__",0.215,-16.768,"Megu3568",-20.121,-47.112,"Fresh825",-13.096,-59.487,"인생최패망자",16.764,-42.641,"HANA_ARASHI",14.745,-63.073,"IbikiKai_JP",32.043,-86.931,"Yaksok~",-5.248,-116.619,"SOM_candy",-36.722,-83.821,0,0,0,0,0,"",0,0,0,0,0,0,0,0,0,0
94,6,1,0,1,0,1,1,0,0,1,255,255,4,47,4698.376,"Gonyong",R,26,113,1.65,-0.191,0.173,1.425,-36.459,1,0,94.632,-200,2.089,0,0,0,1,6,R,"sano jpn",170.1,99.636,0.323,0,59,0,0,0,0,0,0,0,0,0,0,0,0,0,0,0,0,0.002,-37.892,"Pring__",0.115,-16.603,"Megu3568",-20.071,-47.266,"Fresh825",-13.426,-60.023,"인생최패망자",18.229,-43.648,"HANA_ARASHI",14.812,-63.433,"IbikiKai_JP",33.56,-89.06,"Yaksok~",-5.446,-116.143,"SOM_candy",-39.751,-86.609,0,0,0,0,0,"",0,0,0,0,0,0,0,0,0,0
95,6,1,0,1,1,1,1,0,0,1,255,255,4,48,4715.625,"Gonyong",R,26,107,0.898,0.464,0.108,1.574,-36.385,2,0,27.243,-200,-0.483,0,0,1,1,6,R,"sano jpn",170.1,99.636,0.323,3,59,4716.833,164,115,46,150,147,88,35.08,11.701,-0.01,-0.116,-0.005,0.237,0,0,0,0.045,-37.205,"Pring__",0.154,-16.653,"Megu3568",-20.023,-47.239,"Fresh825",-13.45,-59.949,"인생최패망자",15.897,-47.277,"HANA_ARASHI",14.966,-63.232,"IbikiKai_JP",33.495,-89.396,"Yaksok~",-5.441,-115.156,"SOM_candy",-38.982,-86.864,4721.896,-19.38,-85.784,4725.262,7,"Yaksok~",-25.763,-104.737,1,0,0,0,0,0,0,2
96,6,1,1,1,0,0,1,0,1,0,255,6,255,49,4752.402,"Gonyong",R,46,100,1.976,1.917,0.182,1.99,-36.786,2,0,123.656,-87.704,5.339,0,0,1,2,3,R,"mochi_2929",174.9,94.434,0.477,3,59,4753.681,206,145,44,197,155,90,44.215,-23.511,-0.51,0.134,-0.081,0.387,0,0,0,0.031,-37.256,"Pring__",0.048,-16.718,"Megu3568",-19.975,-47.202,"Fresh825",-16.333,-62.014,"인생최패망자",16.306,-46.301,"HANA_ARASHI",4.779,-64.104,"IbikiKai_JP",32.147,-93.12,"Yaksok~",-3.892,-112.472,"SOM_candy",-40.596,-89.156,4759.012,33.23,-77.179,4759.112,6,"IbikiKai_JP",32.062,-75.212,0,0,0,0,0,0,0,1
97,6,1,1,1,0,0,2,0,0,1,255,255,6,50,4813.071,"Gonyong",R,5,105,-4.061,-0.861,-0.199,1.484,-36.446,1,0,-120.274,0,10.735,0,0,0,3,0,R,"ゆっち一",190,100,0.38,0,59,0,0,0,0,0,0,0,0,0,0,0,0,0,0,0,0,0.208,-37.955,"Pring__",-0.03,-16.948,"Megu3568",-19.605,-47.397,"Fresh825",-14.58,-63.352,"인생최패망자",19.277,-42.412,"HANA_ARASHI",10.833,-64.798,"IbikiKai_JP",32.468,-95.372,"Yaksok~",-6.9,-110.764,"SOM_candy",-40.292,-90.829,0,0,0,0,0,"",0,0,0,0,0,0,0,0,0,0
98,6,1,1,1,1,0,2,0,0,1,255,255,6,51,4830.568,"Gonyong",R,10,96,1.331,-1.142,0.185,1.546,-36.436,2,0,0,400,-0.195,0,0,0,3,0,R,"ゆっち一",190,100,0.38,3,59,4831.831,149,145,60,202,145,122,22.816,-18.091,0.49,-0.078,-0.325,0.418,0,0,0,0.043,-37.563,"Pring__",0.129,-17.009,"Megu3568",-19.644,-46.638,"Fresh825",-14.774,-63.876,"인생최패망자",17.897,-45.609,"HANA_ARASHI",11.286,-63.681,"IbikiKai_JP",29.008,-86.705,"Yaksok~",-6.605,-110.58,"SOM_candy",-39.888,-91.169,4835.545,18.341,-108.961,4841.679,7,"Yaksok~",4.439,-133.455,1,0,0,0,0,0,0,2
99,6,1,2,1,0,0,2,0,1,0,255,0,255,52,4865.635,"Gonyong",R,27,116,2.179,1.223,0.17,1.726,-36.559,1,0,84.059,-110.095,-0.239,0,0,0,4,5,R,"しろくま。",171.2,107,0.298,0,59,0,0,0,0,0,0,0,0,0,0,0,0,0,0,0,0,0.305,-37.61,"Pring__",0.063,-16.668,"Megu3568",-20.173,-47.508,"Fresh825",-14.969,-63.53,"인생최패망자",18.203,-45.035,"HANA_ARASHI",11.933,-64.179,"IbikiKai_JP",32.762,-89.022,"Yaksok~",-7.8,-112.305,"SOM_candy",-39.265,-89.572,0,0,0,0,0,"",0,0,0,0,0,0,0,0,0,0
100,6,1,2,1,1,0,2,0,1,0,255,0,255,53,4877.919,"Gonyong",R,28,113,1.094,0.938,0.095,1.69,-36.486,2,0,17.401,-84.332,1.177,0,0,1,4,5,R,"しろくま。",171.2,107,0.298,2,59,4878.787,206,51,9,106,120,69,-37.163,28.281,-0.54,0.033,0.013,0.005,0,0,0,0.18,-37.211,"Pring__",0.072,-16.733,"Megu3568",-20.195,-47.469,"Fresh825",-15.027,-63.523,"인생최패망자",17.06,-47.397,"HANA_ARASHI",12.355,-64.878,"IbikiKai_JP",32.837,-88.757,"Yaksok~",-7.816,-112.325,"SOM_candy",-39.192,-89.739,4878.995,-0.581,-21.534,4881.312,2,"Megu3568",-13.275,-45.351,0,0,0,0,0,0,0,2
101,6,0,2,1,0,0,0,0,0,0,255,255,255,46,4926.836,"ゆっち一",R,6,101,3.994,-0.65,0.254,1.489,-36.51,4,0,459.091,0,31.693,1.772,-14.867,1,1,3,L,"Fresh825",172.9,86,0.8,0,59,0,0,0,0,0,0,0,0,0,0,0,0,0,0,0,0,0.022,-37.251,"Espressο",0.574,-17.325,"CAT tourniquet",-21.24,-47.397,"mochi_2929",-10.024,-62.541,"にゃんこ3K",23.934,-48.88,"しろくま。",15.064,-61.325,"sano jpn",42.791,-78.688,"alcohol500",5.633,-101.868,"あくせる",-30.122,-88.784,0,0,0,0,0,"",0,0,0,0,0,0,0,0,0,0
102,6,0,2,1,0,1,0,0,0,0,255,255,255,47,4948.814,"ゆっち一",R,10,116,-0.882,-2.762,-0.123,1.689,-36.559,4,0,0,400,8.313,-0.161,-21.198,1,1,3,L,"Fresh825",172.9,86,0.8,0,59,0,0,0,0,0,0,0,0,0,0,0,0,0,0,0,0,-0.168,-37.483,"Espressο",0.112,-17.113,"CAT tourniquet",-20.281,-45.424,"mochi_2929",-9.853,-62.865,"にゃんこ3K",23.812,-49.057,"しろくま。",14.842,-61.241,"sano jpn",37.268,-82.555,"alcohol500",5.126,-102.724,"あくせる",-30.061,-89.482,0,0,0,0,0,"",0,0,0,0,0,0,0,0,0,0
103,6,0,2,1,0,2,0,0,0,0,255,255,255,48,4966.138,"ゆっち一",R,6,109,3.549,-0.495,0.262,1.521,-36.52,4,0,403.12,0,30.994,1.055,-17.744,1,1,3,L,"Fresh825",172.9,86,0.8,0,59,0,0,0,0,0,0,0,0,0,0,0,0,0,0,0,0,0.04,-37.237,"Espressο",1.023,-17.529,"CAT tourniquet",-19.601,-45.995,"mochi_2929",-10.273,-62.635,"にゃんこ3K",24.505,-48.683,"しろくま。",15.573,-60.458,"sano jpn",37.264,-82.541,"alcohol500",5.132,-102.901,"あくせる",-30.247,-89.159,0,0,0,0,0,"",0,0,0,0,0,0,0,0,0,0
104,6,0,2,1,0,0,1,0,0,0,255,255,255,49,4989.837,"ゆっち一",R,13,105,-0.633,0.317,0.379,1.891,-36.56,0,0,-372.687,312.348,-53.909,-0.607,-17.626,0,2,4,R,"인생최패망자",190,90,0.447,0,59,0,0,0,0,0,0,0,0,0,0,0,0,0,0,0,0,0.13,-37.391,"Espressο",-0.615,-16.991,"CAT tourniquet",-23.166,-48.654,"mochi_2929",-11.329,-62.449,"にゃんこ3K",22.277,-52.377,"しろくま。",13.64,-63.558,"sano jpn",36.444,-84.603,"alcohol500",-4.48,-100.862,"あくせる",-35.759,-78.952,0,0,0,0,0,"",0,0,0,0,0,0,0,0,0,0
105,6,0,2,1,0,1,1,0,0,0,255,255,255,50,5007.744,"ゆっち一",R,26,140,0.799,0.042,0.019,1.445,-36.505,2,0,182.694,-200,8.706,0,0,1,2,4,R,"인생최패망자",190,90,0.447,3,59,5008.793,131,164,38,255,143,89,97.04,-72.155,-0.51,-0.064,-0.075,0.257,0,0,0,0.244,-37.135,"Espressο",0.057,-17.028,"CAT tourniquet",-22.355,-47.739,"mochi_2929",-10.993,-63.345,"にゃんこ3K",22.283,-52.488,"しろくま。",13.735,-64.62,"sano jpn",35.959,-84.695,"alcohol500",-4.994,-101.186,"あくせる",-35.704,-78.919,5015.195,-34.243,-12.116,0,0,"",0,0,0,0,0,0,0,0,0,3
106,6,0,2,1,0,2,1,0,0,0,255,255,255,51,5029.197,"ゆっち一",R,13,114,-1.299,-0.632,0.308,1.718,-36.654,0,0,-361.619,345.299,-8.529,0,0,1,2,4,R,"인생최패망자",190,90,0.447,0,59,0,0,0,0,0,0,0,0,0,0,0,0,0,0,0,0,0.111,-37.151,"Espressο",-0.749,-17.043,"CAT tourniquet",-21.832,-46.615,"mochi_2929",-11.888,-62.941,"にゃんこ3K",22.256,-51.157,"しろくま。",10.712,-62.884,"sano jpn",34.873,-85.274,"alcohol500",-2.209,-101.076,"あくせる",-34.436,-77.629,0,0,0,0,0,"",0,0,0,0,0,0,0,0,0,0
107,6,0,2,1,0,0,2,0,0,0,255,255,255,52,5053.094,"ゆっち一",R,0,140,1.843,1.508,0.326,1.933,-36.522,1,0,0,0,0,0,0,0,3,0,R,"Gonyong",190,90.148,0.2,0,59,0,0,0,0,0,0,0,0,0,0,0,0,0,0,0,0,0.214,-37.166,"Espressο",0.154,-17.082,"CAT tourniquet",-20.571,-47.002,"mochi_2929",-11.899,-63.4,"にゃんこ3K",22.627,-52.738,"しろくま。",14.396,-65.709,"sano jpn",32.153,-86.496,"alcohol500",-2.047,-101.044,"あくせる",-35.425,-78.695,0,0,0,0,0,"",0,0,0,0,0,0,0,0,0,0
108,6,0,2,1,1,0,2,0,0,0,255,255,255,53,5071.426,"ゆっち一",R,32,140,1.091,-0.033,0.029,1.446,-36.474,4,0,250,-177.892,17.534,0.185,-20.933,1,3,0,R,"Gonyong",190,90.148,0.2,0,59,0,0,0,0,0,0,0,0,0,0,0,0,0,0,0,0,0.218,-37.249,"Espressο",0.064,-17.369,"CAT tourniquet",-20.461,-46.062,"mochi_2929",-11.867,-63.366,"にゃんこ3K",22.632,-52.802,"しろくま。",11.741,-65.943,"sano jpn",32.131,-86.515,"alcohol500",-2.117,-101.09,"あくせる",-35.408,-78.527,0,0,0,0,0,"",0,0,0,0,0,0,0,0,0,0
109,6,0,2,1,1,1,2,0,0,0,255,255,255,54,5091.717,"ゆっち一",R,13,112,-2.327,-0.378,0.217,1.707,-36.454,4,0,-390.434,312.348,-50.598,-1.22,-17.56,1,3,0,R,"Gonyong",190,90.148,0.2,0,59,0,0,0,0,0,0,0,0,0,0,0,0,0,0,0,0,0.104,-37.183,"Espressο",-0.805,-17.118,"CAT tourniquet",-21.407,-45.931,"mochi_2929",-12.459,-63.214,"にゃんこ3K",22.694,-52.945,"しろくま。",11.426,-63.347,"sano jpn",33.726,-85.719,"alcohol500",-2.583,-100.499,"あくせる",-34.69,-79.291,0,0,0,0,0,"",0,0,0,0,0,0,0,0,0,0
110,6,0,2,1,1,2,2,0,0,0,255,255,255,55,5111.541,"ゆっち一",R,26,140,0.585,0.849,0.08,1.601,-36.311,0,0,-86.344,-200,-1.196,0.718,-16.643,1,3,0,R,"Gonyong",190,90.148,0.2,0,59,0,0,0,0,0,0,0,0,0,0,0,0,0,0,0,0,0.08,-37.294,"Espressο",-0.391,-16.861,"CAT tourniquet",-21.38,-46.652,"mochi_2929",-12.147,-62.778,"にゃんこ3K",22.678,-52.944,"しろくま。",11.924,-64.656,"sano jpn",34.719,-88.276,"alcohol500",-2.574,-100.515,"あくせる",-37.007,-82.139,0,0,0,0,0,"",0,0,0,8,0,0,0,0,0,0
111,7,1,2,1,0,0,0,0,0,0,255,255,255,54,5166.93,"Gonyong",R,26,114,1.397,1.075,0.103,1.681,-36.447,2,0,70.174,-200,5.912,0,0,1,5,8,R,"あくせる",174.8,107,0.28,3,59,5168.074,222,148,46,193,155,93,12.741,-26.203,-0.2,0.026,-0.033,0.369,0,0,0,0.092,-37.23,"Pring__",0.115,-16.62,"Megu3568",-20.164,-47.77,"Fresh825",-14.794,-63.66,"인생최패망자",17.795,-48.173,"HANA_ARASHI",12.27,-64.431,"IbikiKai_JP",32.635,-89.586,"Yaksok~",-5.978,-109.897,"SOM_candy",-34.772,-86.557,0,0,0,5169.829,4,"인생최패망자",12.327,-48.427,0,0,0,0,0,0,0,1
112,7,1,2,1,0,0,1,0,0,0,255,255,255,55,5194.497,"Gonyong",R,33,126,-0.379,0.842,-0.075,1.703,-36.395,0,0,116.209,-95.2,5.238,0,0,0,6,2,L,"CAT tourniquet",190,95.214,0.357,0,59,0,0,0,0,0,0,0,0,0,0,0,0,0,0,0,0,0.058,-37.511,"Pring__",0.185,-16.511,"Megu3568",-20.62,-47.502,"Fresh825",-12.226,-64.425,"인생최패망자",19.892,-45.367,"HANA_ARASHI",13.698,-63.817,"IbikiKai_JP",32.685,-83.723,"Yaksok~",-2.312,-106.442,"SOM_candy",-37.388,-88.621,0,0,0,0,0,"",0,0,0,0,0,0,0,0,0,0
113,7,1,2,1,0,1,1,0,0,0,255,255,255,56,5206.752,"Gonyong",R,26,125,-1.21,0.286,-0.107,1.61,-36.284,4,0,56.718,-171.298,8.056,0.506,-19.077,1,6,2,L,"CAT tourniquet",190,95.214,0.357,0,59,0,0,0,0,0,0,0,0,0,0,0,0,0,0,0,0,-0.002,-37.738,"Pring__",0.347,-17.472,"Megu3568",-20.616,-47.464,"Fresh825",-12.291,-64.512,"인생최패망자",18.474,-44.025,"HANA_ARASHI",13.661,-63.629,"IbikiKai_JP",32.682,-83.673,"Yaksok~",1.819,-105.9,"SOM_candy",-37.473,-88.651,0,0,0,0,0,"",0,0,0,0,0,0,0,0,0,0
114,7,1,2,1,0,2,1,0,0,0,255,255,255,57,5221.334,"Gonyong",R,10,98,-0.335,0.545,-0.047,2.007,-36.509,2,0,0,400,9.423,0,0,1,6,2,L,"CAT tourniquet",190,95.214,0.357,3,59,5222.407,176,150,80,170,155,130,6.937,29.334,0.56,0.023,-0.049,0.367,0,0,0,0.025,-37.205,"Pring__",-0.075,-16.676,"Megu3568",-20.471,-46.668,"Fresh825",-12.212,-64.418,"인생최패망자",20.385,-45.788,"HANA_ARASHI",13.494,-63.682,"IbikiKai_JP",32.791,-83.834,"Yaksok~",1.761,-105.873,"SOM_candy",-36.507,-85.361,5224.012,-26.942,-62.194,5225.079,8,"SOM_candy",-38.617,-77.967,0,0,0,0,0,0,0,2
115,7,1,2,1,0,0,2,0,0,0,255,255,255,58,5253.75,"Gonyong",R,10,90,-0.497,0.339,-0.069,1.985,-36.556,2,0,0,400,5.134,0,0,1,7,7,L,"alcohol500",171.7,94.494,0.349,3,59,5255.057,159,128,51,209,148,125,-30,0.355,0.5,0.052,-0.065,0.44,0,0,0,-0.1,-37.327,"Pring__",-0.034,-16.846,"Megu3568",-20.282,-47.189,"Fresh825",-12.56,-64.734,"인생최패망자",20.322,-45.758,"HANA_ARASHI",12.839,-63.979,"IbikiKai_JP",39.282,-82.158,"Yaksok~",2.114,-108.219,"SOM_candy",-38.269,-87.382,5255.162,-0.104,-21.693,5256.095,0,"Gonyong",-0.258,-36.425,0,128,0,0,0,0,0,2
116,7,0,2,1,0,0,0,0,0,0,255,255,255,56,5309.137,"ゆっち一",R,33,140,1.761,1.308,0.13,1.686,-36.48,4,0,110.836,-43.395,-4.032,0,0,1,4,7,R,"Yaksok~",173.1,91.563,0.424,0,59,0,0,0,0,0,0,0,0,0,0,0,0,0,0,0,0,0.171,-37.273,"Espressο",0.265,-17.1,"CAT tourniquet",-21.656,-47.943,"mochi_2929",-11.513,-60.131,"にゃんこ3K",22.789,-53.553,"しろくま。",13.448,-65.222,"sano jpn",38.219,-85.341,"alcohol500",-1.906,-101.161,"あくせる",-35.499,-77.769,0,0,0,0,0,"",0,0,0,0,0,0,0,0,0,0
117,7,0,2,1,0,1,0,0,0,0,255,255,255,57,5326.386,"ゆっち一",R,13,122,-2.801,-0.414,0.097,1.657,-36.682,1,0,-390.434,312.348,-34.01,-1.181,-17.446,0,4,7,R,"Yaksok~",173.1,91.563,0.424,0,59,0,0,0,0,0,0,0,0,0,0,0,0,0,0,0,0,-0.027,-37.221,"Espressο",-0.082,-17.228,"CAT tourniquet",-22.364,-47.447,"mochi_2929",-11.508,-60.313,"にゃんこ3K",22.848,-53.604,"しろくま。",10.932,-66.232,"sano jpn",38.227,-85.338,"alcohol500",-1.947,-101.237,"あくせる",-35.539,-77.719,0,0,0,0,0,"",0,0,0,0,0,0,0,0,0,0
118,7,0,2,1,1,1,0,0,0,0,255,255,255,58,5342.854,"ゆっち一",R,10,121,-0.08,-2.759,-0.011,1.657,-36.451,2,0,0,400,14.658,-0.015,-21.224,1,4,7,R,"Yaksok~",173.1,91.563,0.424,3,59,5343.679,0,0,0,0,0,68,7.924,29.851,0.93,0,0,0,0,0,0,0.06,-37.02,"Espressο",-0.362,-17.001,"CAT tourniquet",-22.362,-48.791,"mochi_2929",-11.483,-60.57,"にゃんこ3K",22.218,-53.647,"しろくま。",12.874,-66.497,"sano jpn",36.808,-85.394,"alcohol500",-1.952,-101.266,"あくせる",-35.497,-77.736,5344.995,-11,-36.758,5346.079,2,"CAT tourniquet",-17.441,-45.025,0,0,0,0,0,0,0,2
119,7,0,2,1,0,0,1,0,0,0,255,255,255,59,5374.062,"ゆっち一",R,10,120,-1.01,-2.655,-0.14,1.681,-36.401,4,0,0,400,11.46,-0.185,-20.879,1,5,1,L,"Pring__",180.3,94.883,0.396,0,59,0,0,0,0,0,0,0,0,0,0,0,0,0,0,0,0,-0.033,-36.919,"Espressο",-0.07,-17.223,"CAT tourniquet",-21.495,-48.484,"mochi_2929",-10.457,-61.764,"にゃんこ3K",24.373,-49.69,"しろくま。",15.343,-60.954,"sano jpn",36.709,-83.142,"alcohol500",2.87,-100.222,"あくせる",-27.35,-87.593,0,0,0,0,0,"",0,0,0,0,0,0,0,0,0,0
120,7,0,2,1,0,1,1,0,0,0,255,255,255,60,5390.818,"ゆっち一",R,6,111,3.962,-0.311,0.405,1.558,-36.519,4,0,500,0,15.561,1.57,-17.288,1,5,1,L,"Pring__",180.3,94.883,0.396,0,59,0,0,0,0,0,0,0,0,0,0,0,0,0,0,0,0,0.079,-37.321,"Espressο",0.711,-17.226,"CAT tourniquet",-21.472,-48.593,"mochi_2929",-10.429,-62.036,"にゃんこ3K",24.424,-49.752,"しろくま。",15.404,-62.591,"sano jpn",37.438,-81.364,"alcohol500",3.023,-100.951,"あくせる",-27.119,-86.886,0,0,0,0,0,"",0,0,0,0,0,0,0,0,0,0
121,7,0,2,1,0,2,1,0,0,0,255,255,255,61,5412.602,"ゆっち一",R,26,140,-1.087,0.024,-0.062,1.451,-36.406,2,0,-174.946,-200,32.124,0,0,1,5,1,L,"Pring__",180.3,94.883,0.396,3,59,5413.319,202,179,50,227,155,93,61.623,24.122,-0.44,-0.004,-0.089,0.358,0,0,0,-0.019,-36.92,"Espressο",-0.303,-16.849,"CAT tourniquet",-21.263,-48.773,"mochi_2929",-11.137,-62.469,"にゃんこ3K",24.442,-49.68,"しろくま。",16.024,-62.936,"sano jpn",37.432,-81.363,"alcohol500",3.216,-101.055,"あくせる",-26.922,-87.375,5419.812,-21.947,-63.383,5420.162,2,"CAT tourniquet",-21.683,-62.868,0,0,0,0,0,0,0,1
122,7,0,2,1,0,0,2,0,0,0,255,255,255,62,5451.126,"ゆっち一",R,6,104,3.397,0.495,0.208,1.618,-36.509,4,0,407.339,0,12.117,1.878,-10.658,1,6,8,L,"SOM_candy",179.9,102.048,0.554,0,59,0,0,0,0,0,0,0,0,0,0,0,0,0,0,0,0,-0.101,-37.46,"Espressο",0.082,-16.848,"CAT tourniquet",-22.205,-47.975,"mochi_2929",-10.465,-63.127,"にゃんこ3K",23.809,-49.784,"しろくま。",17.05,-61.26,"sano jpn",40.423,-84.717,"alcohol500",4.68,-93.895,"あくせる",-27.413,-88.039,0,0,0,0,0,"",0,0,0,0,0,0,0,0,0,0
123,7,0,2,1,0,1,2,0,0,0,255,255,255,63,5476.824,"ゆっち一",R,10,114,-0.118,-2.051,-0.016,1.854,-36.53,2,0,0,292.027,-1.002,0,0,1,6,8,L,"SOM_candy",179.9,102.048,0.554,3,59,5477.763,189,124,69,123,155,107,-9.787,-25.248,0.91,-0.042,-0.014,0.208,0,0,0,-0.076,-36.948,"Espressο",0.071,-16.923,"CAT tourniquet",-22.021,-48.144,"mochi_2929",-10.436,-63.04,"にゃんこ3K",23.821,-49.769,"しろくま。",16.806,-62.345,"sano jpn",40.575,-84.87,"alcohol500",4.733,-95.233,"あくせる",-25.826,-87.305,5477.929,0.798,-22.735,5481.245,6,"sano jpn",29.334,-79.351,1,0,0,0,0,0,0,2
124,7,0,2,1,0,0,2,1,0,0,17,255,255,64,5514.146,"ゆっち一",R,26,140,-0.923,0.96,-0.083,1.604,-36.388,0,0,-9.727,-160.083,5.261,0,0,0,7,6,L,"IbikiKai_JP",175,90,0.5,0,59,0,0,0,0,0,0,0,0,0,0,0,0,0,0,0,0,0.052,-37.387,"Espressο",-0.106,-17.166,"CAT tourniquet",-21.205,-46.482,"mochi_2929",-6.966,-60.379,"にゃんこ3K",22.632,-47.72,"しろくま。",8.6,-61.81,"sano jpn",47.485,-87.871,"alcohol500",4.008,-98.655,"あくせる",-26.159,-86.726,0,0,0,0,0,"",0,0,0,0,0,0,0,0,0,0
125,7,0,2,1,0,1,2,1,0,0,17,255,255,65,5535.027,"ゆっち一",R,10,108,0.845,-0.952,0.211,1.701,-36.601,0,0,0,400,7.663,0,0,1,7,6,L,"IbikiKai_JP",175,90,0.5,0,59,0,0,0,0,0,0,0,0,0,0,0,0,0,0,0,0,-0.024,-37.19,"Espressο",0.215,-17.065,"CAT tourniquet",-20.982,-46.514,"mochi_2929",-4.176,-60.209,"にゃんこ3K",22.944,-47.933,"しろくま。",13.86,-57.142,"sano jpn",44.586,-88.48,"alcohol500",4.138,-98.722,"あくせる",-26.168,-86.721,0,0,0,0,0,"",0,0,0,0,0,0,0,0,0,0
126,7,0,2,1,0,2,2,1,0,0,17,255,255,66,5556.397,"ゆっち一",R,0,139,-1.963,0.211,0.195,1.719,-36.344,1,0,0,0,0,0,0,0,7,6,L,"IbikiKai_JP",175,90,0.5,0,59,0,0,0,0,0,0,0,0,0,0,0,0,0,0,0,0,0.172,-37.245,"Espressο",-0.254,-17.07,"CAT tourniquet",-20.828,-46.601,"mochi_2929",-4.95,-60.541,"にゃんこ3K",22.902,-47.853,"しろくま。",12.929,-56.784,"sano jpn",42.428,-86.974,"alcohol500",4.128,-98.727,"あくせる",-26.494,-85.949,0,0,0,0,0,"",0,0,0,0,0,0,0,0,0,0
127,7,0,2,1,1,2,2,1,0,0,17,255,255,67,5576.912,"ゆっち一",R,26,139,0.366,3.311,0.05,1.981,-36.55,4,0,-50.214,-184.595,5.559,0,0,1,7,6,L,"IbikiKai_JP",175,90,0.5,0,59,0,0,0,0,0,0,0,0,0,0,0,0,0,0,0,0,-0.127,-37.262,"Espressο",-0.072,-16.685,"CAT tourniquet",-21.042,-46.835,"mochi_2929",-4.699,-61.461,"にゃんこ3K",22.915,-47.883,"しろくま。",15.225,-56.418,"sano jpn",44.028,-85.948,"alcohol500",5.218,-102.002,"あくせる",-23.537,-88.567,0,0,0,0,0,"",0,0,0,128,0,0,0,0,0,0
128,8,1,2,1,0,0,0,0,0,0,255,255,255,59,5636.365,"Gonyong",R,26,121,1.891,0.132,0.148,1.543,-36.394,4,0,78.911,-171.663,-0.358,0,0,1,8,1,R,"Espressο",190,90.463,0.2,0,59,0,0,0,0,0,0,0,0,0,0,0,0,0,0,0,0,0.334,-37.614,"Pring__",0.337,-16.657,"Megu3568",-20.461,-48.211,"Fresh825",-15.636,-63.228,"인생최패망자",18.376,-46.817,"HANA_ARASHI",12.305,-64.701,"IbikiKai_JP",36.154,-86.993,"Yaksok~",-5.342,-113.44,"SOM_candy",-41.664,-88.986,0,0,0,0,0,"",0,0,0,0,0,0,0,0,0,0
129,8,1,2,1,0,1,0,0,0,0,255,255,255,60,5656.043,"Gonyong",R,3,111,-1.143,0.766,0.05,1.72,-36.442,2,0,-384.884,0,2.611,0,0,1,8,1,R,"Espressο",190,90.463,0.2,3,59,5657.05,166,81,30,100,141,90,102.151,-61.635,-0.24,-0.007,-0.025,0.268,0,0,0,-0.081,-37.266,"Pring__",-0.625,-16.71,"Megu3568",-20.407,-48.171,"Fresh825",-15.836,-63.567,"인생최패망자",18.377,-48.184,"HANA_ARASHI",13.614,-63.51,"IbikiKai_JP",34.257,-88.218,"Yaksok~",-4.999,-113.485,"SOM_candy",-41.214,-88.357,5663.245,-39.91,3.179,0,0,"",0,0,0,0,0,0,0,0,0,3
130,8,1,2,1,0,2,0,0,0,0,255,255,255,61,5680.571,"Gonyong",R,3,116,-2.625,-0.469,-0.091,1.607,-36.347,2,0,-463.508,101.536,8.872,0,0,1,8,1,R,"Espressο",190,90.463,0.2,3,50,5681.572,147,67,26,51,137,130,-18.606,-2.396,0.54,-0.042,-0.03,0.17,0,0,0,-0.047,-37.194,"Pring__",-0.752,-16.631,"Megu3568",-20.721,-47.46,"Fresh825",-15.897,-63.052,"인생최패망자",18.479,-48.352,"HANA_ARASHI",13.486,-64.514,"IbikiKai_JP",33.96,-88.774,"Yaksok~",-3.95,-113.963,"SOM_candy",-41.855,-90.317,5681.646,-0.328,-22.298,5689.462,7,"Yaksok~",18.797,-121.194,1,0,0,0,0,0,0,2
131,8,1,2,1,0,0,0,0,1,0,255,1,255,62,5740.755,"Gonyong",R,27,104,1.658,0.957,0.188,1.792,-36.527,2,0,62.499,-103.322,-0.66,0,0,1,0,4,R,"にゃんこ3K",190,103.879,0.602,3,59,5742.021,213,117,23,228,149,93,32.608,-22.391,-0.51,0.015,-0.154,0.458,0,0,0,0.138,-37.327,"Pring__",0.116,-16.901,"Megu3568",-19.965,-47.74,"Fresh825",-13.737,-63.763,"인생최패망자",17.146,-47.223,"HANA_ARASHI",11.505,-64.496,"IbikiKai_JP",32.096,-89.168,"Yaksok~",-4.345,-113.948,"SOM_candy",-39.429,-86.331,0,0,0,5747.212,6,"IbikiKai_JP",34.53,-81.759,0,0,0,0,0,0,0,1
132,8,1,2,1,0,0,1,0,1,0,255,1,255,63,5769.185,"Gonyong",R,26,126,0.466,0.406,0.029,1.573,-36.335,0,0,42.438,-200,8.876,0,0,0,1,6,R,"sano jpn",170.1,99.636,0.323,0,59,0,0,0,0,0,0,0,0,0,0,0,0,0,0,0,0,0.312,-37.909,"Pring__",0.994,-17.421,"Megu3568",-20.125,-47.947,"Fresh825",-6.531,-60.993,"인생최패망자",18.689,-43.782,"HANA_ARASHI",10.308,-64.458,"IbikiKai_JP",33.463,-86.14,"Yaksok~",-1.028,-102.978,"SOM_candy",-38.966,-87.824,0,0,0,0,0,"",0,0,0,0,0,0,0,0,0,0
133,8,1,2,1,0,1,1,0,1,0,255,1,255,64,5791.915,"Gonyong",R,26,124,-0.055,-0.497,-0.013,1.431,-36.353,0,0,25.045,-200,12.361,0,0,0,1,6,R,"sano jpn",170.1,99.636,0.323,0,59,0,0,0,0,0,0,0,0,0,0,0,0,0,0,0,0,0.082,-37.686,"Pring__",1.184,-17.229,"Megu3568",-20.587,-47.893,"Fresh825",-14.389,-63.298,"인생최패망자",17.698,-43.254,"HANA_ARASHI",10.749,-64.294,"IbikiKai_JP",33.874,-86.203,"Yaksok~",-4.732,-116.015,"SOM_candy",-38.972,-86.921,0,0,0,0,0,"",0,0,0,0,0,0,0,0,0,0
134,8,1,2,1,0,2,1,0,0,1,255,255,1,65,5833.143,"Gonyong",R,26,130,2.038,0.014,-0.003,1.728,-36.439,2,0,44.115,-152.861,6.526,0,0,1,1,6,R,"sano jpn",170.1,99.636,0.323,3,59,5834.232,150,68,28,95,138,81,40.833,33.661,-0.33,-0.095,0.006,0,0,0,0,0.141,-37.142,"Pring__",0.044,-16.813,"Megu3568",-20.543,-47.861,"Fresh825",-13.783,-62.324,"인생최패망자",17.046,-44.129,"HANA_ARASHI",10.818,-63.807,"IbikiKai_JP",34.458,-87.089,"Yaksok~",-5.046,-115.063,"SOM_candy",-40.565,-88.14,5839.079,-37.054,-68.214,5839.979,8,"SOM_candy",-39.49,-71.343,1,0,0,0,0,0,0,2
135,8,1,3,1,0,0,1,1,0,0,6,255,255,66,5869.165,"Gonyong",R,27,121,2.554,1.514,0.196,1.776,-36.472,1,0,112.966,-128.075,2.914,0,0,0,2,3,R,"mochi_2929",174.9,94.434,0.477,0,48,0,0,0,0,0,0,0,0,0,0,0,0,0,0,0,0,0.155,-37.641,"Pring__",0.067,-16.496,"Megu3568",-18.045,-45.527,"Fresh825",-15.532,-62.531,"인생최패망자",17.622,-45.735,"HANA_ARASHI",8.883,-64.771,"IbikiKai_JP",29.994,-91.423,"Yaksok~",-4.638,-112.753,"SOM_candy",-34.498,-79.55,0,0,0,0,0,"",0,0,0,0,0,0,0,0,0,0
136,8,1,3,1,1,0,1,0,1,0,255,6,255,67,5905.157,"Gonyong",R,27,124,0.753,0.789,0.054,1.652,-36.39,0,0,45.415,-149.936,5.566,0,0,0,2,3,R,"mochi_2929",174.9,94.434,0.477,0,59,0,0,0,0,0,0,0,0,0,0,0,0,0,0,0,0,0.082,-37.953,"Pring__",0.037,-16.597,"Megu3568",-19.88,-46.584,"Fresh825",-15.434,-63.535,"인생최패망자",18.126,-44.186,"HANA_ARASHI",10.495,-63.083,"IbikiKai_JP",29.917,-91.42,"Yaksok~",-4.417,-111.495,"SOM_candy",-35.942,-83.497,0,0,0,0,0,"",0,0,0,0,0,0,0,0,0,0
137,8,1,3,1,1,1,1,0,1,0,255,6,255,68,5919.976,"Gonyong",R,33,121,3.542,0.377,0.284,1.619,-36.565,4,0,101.468,-79.965,1.02,0.261,-19.926,1,2,3,R,"mochi_2929",174.9,94.434,0.477,0,59,0,0,0,0,0,0,0,0,0,0,0,0,0,0,0,0,0.074,-37.748,"Pring__",0.308,-17.021,"Megu3568",-19.793,-46.562,"Fresh825",-14.821,-63.815,"인생최패망자",17.284,-44.992,"HANA_ARASHI",9.898,-64.231,"IbikiKai_JP",29.473,-93.416,"Yaksok~",-4.414,-111.498,"SOM_candy",-35.773,-83.34,0,0,0,0,0,"",0,0,0,0,0,0,0,0,0,0
138,8,1,3,1,1,2,1,0,1,0,255,6,255,69,5936.685,"Gonyong",R,27,120,0.414,1.504,0.008,1.768,-36.418,2,0,81.768,-149.984,2.557,0,0,1,2,3,R,"mochi_2929",174.9,94.434,0.477,3,59,5937.878,119,60,4,94,110,64,-4.995,-0.68,-0.52,-0.002,-0.048,0.128,0,0,0,-0.197,-37.129,"Pring__",0.055,-16.869,"Megu3568",-19.973,-47.102,"Fresh825",-14.825,-63.809,"인생최패망자",17.192,-47.992,"HANA_ARASHI",8.814,-65.219,"IbikiKai_JP",28.893,-95.128,"Yaksok~",-4.446,-112.832,"SOM_candy",-35.558,-82.941,5938.496,-0.332,-27.467,5939.329,0,"Gonyong",-0.668,-35.042,0,2,0,0,0,0,0,2
139,8,0,3,1,0,0,0,0,0,0,255,255,255,68,6185.901,"ゆっち一",R,26,137,1.2,-0.14,0.315,1.565,-36.476,0,0,-165.602,-200,13.23,0,0,1,8,5,R,"HANA_ARASHI",170.2,86,0.3,0,59,0,0,0,0,0,0,0,0,0,0,0,0,0,0,0,0,0.108,-37.236,"Espressο",0.198,-17.161,"CAT tourniquet",-21.978,-48.36,"mochi_2929",-11.552,-62.183,"にゃんこ3K",23.037,-52.37,"しろくま。",15.046,-64.776,"sano jpn",34.344,-85.572,"alcohol500",-0.978,-102.983,"あくせる",-35.54,-78.086,0,0,0,0,0,"",0,0,0,0,0,0,0,0,0,0
140,8,0,3,1,0,1,0,0,0,0,255,255,255,69,6205.356,"ゆっち一",R,32,131,2.228,0.69,0.27,1.705,-36.445,4,0,250,-200,18.643,-0.211,-20.824,1,8,5,R,"HANA_ARASHI",170.2,86,0.3,0,59,0,0,0,0,0,0,0,0,0,0,0,0,0,0,0,0,0.135,-37.291,"Espressο",0.148,-17.468,"CAT tourniquet",-22.051,-48.094,"mochi_2929",-12.314,-62.806,"にゃんこ3K",23.127,-52.731,"しろくま。",15.42,-64.71,"sano jpn",32.113,-86.611,"alcohol500",-1.11,-102.562,"あくせる",-35.6,-78.167,0,0,0,0,0,"",0,0,0,0,0,0,0,0,0,0
141,8,0,3,1,0,2,0,0,0,0,255,255,255,70,6227.571,"ゆっち一",R,10,117,1.017,-2.804,0.142,1.648,-36.529,2,0,0,400,10.8,0.185,-21.606,1,8,5,R,"HANA_ARASHI",170.2,86,0.3,2,59,6228.596,173,133,27,183,151,113,-30,2.62,0.84,-0.064,-0.195,0.313,0,0,0,0.13,-37.051,"Espressο",0.069,-17.57,"CAT tourniquet",-21.728,-47.237,"mochi_2929",-11.243,-60.642,"にゃんこ3K",23.093,-52.643,"しろくま。",14.964,-64.306,"sano jpn",34.033,-83.351,"alcohol500",-1.47,-103.32,"あくせる",-34.618,-82.168,6228.679,0.185,-21.241,6230.162,0,"ゆっち一",0.608,-36.406,0,0,0,0,0,0,0,2
142,8,0,3,1,0,0,1,0,0,0,255,255,255,71,6263.298,"ゆっち一",R,13,109,-3.483,-1.583,0.058,1.433,-36.436,1,0,-386.885,312.348,63.874,-1.198,-17.111,0,0,2,R,"Megu3568",174.7,86,0.404,0,86,0,0,0,0,0,0,0,0,0,0,0,0,0,0,0,0,0.004,-37.214,"Espressο",-0.823,-17.167,"CAT tourniquet",-22.526,-49.199,"mochi_2929",-10.951,-61.299,"にゃんこ3K",23.229,-53.013,"しろくま。",14.855,-64.857,"sano jpn",33.607,-88.644,"alcohol500",-3.826,-105.18,"あくせる",-35.092,-79.261,0,0,0,0,0,"",0,0,0,0,0,0,0,0,0,0
143,8,0,3,1,1,0,1,0,0,0,255,255,255,72,6281.597,"ゆっち一",R,26,140,1.719,0.188,0.086,1.503,-36.511,3,0,127.275,-193.105,17.278,-0.448,-19.167,0,0,2,R,"Megu3568",174.7,86,0.404,0,86,0,0,0,0,0,0,0,0,0,0,0,0,0,0,0,0,0.263,-37.489,"Espressο",-0.059,-17.552,"CAT tourniquet",-22.687,-49.061,"mochi_2929",-11.078,-61.749,"にゃんこ3K",23.219,-53.012,"しろくま。",15.252,-65.053,"sano jpn",33.586,-88.506,"alcohol500",-3.148,-103.219,"あくせる",-35.129,-79.21,0,0,0,0,0,"",0,0,0,0,0,0,0,0,0,6
144,8,0,3,1,1,1,1,0,0,0,255,255,255,73,6319.505,"ゆっち一",R,13,113,-1.808,-0.25,0.287,1.751,-36.515,4,0,-390.434,312.348,-56.495,-1.062,-17.587,1,0,2,R,"Megu3568",174.7,86,0.404,0,86,0,0,0,0,0,0,0,0,0,0,0,0,0,0,0,0,0.033,-37.277,"Espressο",-0.962,-17.358,"CAT tourniquet",-20.708,-47.079,"mochi_2929",-10.953,-61.362,"にゃんこ3K",22.883,-52.704,"しろくま。",15.264,-64.667,"sano jpn",34.059,-88.995,"alcohol500",-2.934,-104.098,"あくせる",-35.727,-79.441,0,0,0,0,0,"",0,0,0,0,0,0,0,0,0,0
145,8,0,3,1,1,2,1,0,0,0,255,255,255,74,6366.128,"ゆっち一",R,26,140,1.591,1.479,0.153,1.677,-36.438,1,0,-19.873,-200,23.744,0,0,0,0,2,R,"Megu3568",174.7,86,0.404,0,86,0,0,0,0,0,0,0,0,0,0,0,0,0,0,0,0,-0.007,-37.172,"Espressο",0.075,-17.025,"CAT tourniquet",-20.684,-45.002,"mochi_2929",-11.122,-61.08,"にゃんこ3K",22.886,-52.594,"しろくま。",14.576,-63.576,"sano jpn",36.054,-92.955,"alcohol500",-2.021,-102.987,"あくせる",-35.671,-81.022,0,0,0,0,0,"",0,0,0,0,0,0,0,0,0,0
146,8,0,3,1,2,2,1,0,0,0,255,255,255,75,6384.2,"ゆっち一",R,10,119,0.064,-2.735,0.009,1.615,-36.457,1,0,0,400,22.689,0.012,-21.444,0,0,2,R,"Megu3568",174.7,86,0.404,0,86,0,0,0,0,0,0,0,0,0,0,0,0,0,0,0,0,0.018,-37.299,"Espressο",0.136,-17.133,"CAT tourniquet",-21.727,-48.005,"mochi_2929",-11.001,-61.066,"にゃんこ3K",22.753,-52.562,"しろくま。",14.096,-63.673,"sano jpn",35.715,-91.51,"alcohol500",-2.301,-103.133,"あくせる",-35.985,-80.761,0,0,0,0,0,"",0,0,0,0,0,0,0,0,0,0
147,8,0,3,1,3,2,1,0,0,0,255,255,255,76,6401.376,"ゆっち一",R,13,104,0.308,-0.944,0.439,1.618,-36.422,2,0,-369.138,312.348,17.717,0,0,1,0,2,R,"Megu3568",174.7,86,0.404,3,86,6402.612,161,111,40,142,145,127,11.074,25.484,0.34,0.002,-0.07,0.483,0,0,0,0.298,-37.138,"Espressο",0.063,-17.053,"CAT tourniquet",-21.441,-48.338,"mochi_2929",-11.407,-61.233,"にゃんこ3K",22.75,-52.61,"しろくま。",14.206,-64.481,"sano jpn",35.707,-91.52,"alcohol500",-2.337,-103.184,"あくせる",-35.961,-80.909,6406.579,-50.719,-107.979,6408.445,8,"あくせる",-38.9,-99.45,1,0,0,0,0,0,0,2
148,8,0,3,1,0,0,1,1,0,0,11,255,255,77,6446.468,"ゆっち一",R,26,140,-0.333,1.838,0.179,1.739,-36.493,1,0,-134.365,-165.05,0.664,0,0,0,1,3,L,"Fresh825",172.9,86,0.8,0,59,0,0,0,0,0,0,0,0,0,0,0,0,0,0,0,0,0,-37.338,"Espressο",-0.004,-17.046,"CAT tourniquet",-20.312,-44.9,"mochi_2929",-4.754,-60.916,"にゃんこ3K",20.911,-45.422,"しろくま。",9.35,-60.437,"sano jpn",38.066,-82.159,"alcohol500",2.72,-104.023,"あくせる",-25.255,-88.331,0,0,0,0,0,"",0,0,0,0,0,0,0,0,0,0
149,8,0,3,1,1,0,1,1,0,0,11,255,255,78,6497.522,"ゆっち一",R,6,103,3.21,0.096,0.135,1.666,-36.472,4,0,468.182,0,20.164,1.613,-17.111,1,1,3,L,"Fresh825",172.9,86,0.8,0,93,0,0,0,0,0,0,0,0,0,0,0,0,0,0,0,0,-0.013,-37.295,"Espressο",1.086,-16.757,"CAT tourniquet",-20.179,-45.493,"mochi_2929",-1.832,-60.207,"にゃんこ3K",21.013,-45.217,"しろくま。",10.34,-60.305,"sano jpn",37.414,-84.053,"alcohol500",2.963,-102.996,"あくせる",-25.483,-88.62,0,0,0,0,0,"",0,0,0,0,0,0,0,0,0,0
150,8,0,3,1,1,1,1,1,0,0,11,255,255,79,6522.439,"ゆっち一",R,26,140,-0.618,1.202,0.115,1.639,-36.381,2,1,-12.225,-159.026,9.357,0,0,1,1,3,L,"Fresh825",172.9,86,0.8,3,93,6523.47,135,107,11,163,142,126,102.607,58.268,0.53,0.117,-0.074,0.114,0,0,0,0.179,-36.95,"Espressο",-0.128,-16.964,"CAT tourniquet",-19.87,-43.26,"mochi_2929",-5.41,-60.111,"にゃんこ3K",20.923,-45.655,"しろくま。",15.629,-60.126,"sano jpn",37.35,-84.123,"alcohol500",3.919,-102.11,"あくせる",-25.443,-88.598,0,0,0,0,0,"",0,0,0,0,0,0,0,0,0,3
151,8,0,3,1,1,2,1,0,1,0,255,11,255,80,6718.712,"ゆっち一",R,10,115,1.322,-2.067,0.136,1.942,-36.669,2,0,0,400,0.716,0,0,1,1,3,L,"Fresh825",172.9,86,0.8,3,93,6719.803,126,111,70,137,142,122,-30,-31.991,0.76,0.148,-0.136,0.259,0,0,0,-0.104,-37.199,"Espressο",-0.02,-17.069,"CAT tourniquet",-21.474,-48.14,"mochi_2929",-6.005,-62.665,"にゃんこ3K",20.647,-46.114,"しろくま。",17.266,-59.71,"sano jpn",49.413,-86.551,"alcohol500",6.114,-104.859,"あくせる",-25.242,-89.176,6719.879,0.423,-20.395,6721.312,4,"にゃんこ3K",15.474,-44.458,0,0,0,0,0,0,0,2
152,8,0,3,1,0,0,2,0,1,0,255,11,255,81,6750.767,"ゆっち一",R,10,115,1.284,-2.197,0.138,1.703,-36.6,1,0,0,400,-2.361,0.226,-17.699,0,2,4,R,"인생최패망자",190,94.684,0.447,0,59,0,0,0,0,0,0,0,0,0,0,0,0,0,0,0,0,-0.026,-37.61,"Espressο",0.181,-17.056,"CAT tourniquet",-21.339,-47.426,"mochi_2929",-8.498,-62.982,"にゃんこ3K",19.566,-43.008,"しろくま。",12.773,-58.249,"sano jpn",39.912,-89,"alcohol500",-4.313,-103.743,"あくせる",-36.218,-78.561,0,0,0,0,0,"",0,0,0,0,0,0,0,0,0,0
153,8,0,3,1,1,0,2,0,1,0,255,11,255,82,6772.078,"ゆっち一",R,33,140,1.861,1.338,0.133,1.725,-36.532,4,0,131.564,-82.788,5.117,0,0,1,2,4,R,"인생최패망자",190,94.684,0.447,0,59,0,0,0,0,0,0,0,0,0,0,0,0,0,0,0,0,0.199,-37.486,"Espressο",0.25,-16.848,"CAT tourniquet",-21.604,-47.731,"mochi_2929",-9.023,-62.881,"にゃんこ3K",20.447,-45.661,"しろくま。",7.339,-57.256,"sano jpn",36.222,-85.763,"alcohol500",-1.604,-103.005,"あくせる",-35.201,-79.587,0,0,0,0,0,"",0,0,0,0,0,0,0,0,0,0
154,8,0,3,1,1,1,2,0,1,0,255,11,255,83,6801.545,"ゆっち一",R,13,104,-0.908,-0.482,0.348,1.703,-36.595,0,0,-369.138,312.348,-55.669,-0.856,-17.465,1,2,4,R,"인생최패망자",190,94.684,0.447,0,59,0,0,0,0,0,0,0,0,0,0,0,0,0,0,0,0,0.001,-37.426,"Espressο",-0.858,-17.489,"CAT tourniquet",-21.408,-44.894,"mochi_2929",-10.856,-63.205,"にゃんこ3K",21.024,-43.089,"しろくま。",1.118,-60.231,"sano jpn",39.399,-87.533,"alcohol500",-2.813,-104.619,"あくせる",-35.268,-79.226,0,0,0,0,0,"",0,0,0,0,0,0,0,0,0,0
155,8,0,3,1,1,2,2,0,1,0,255,11,255,84,6824.938,"ゆっち一",R,10,114,2.104,-2.246,0.244,1.83,-36.67,4,0,0,400,-2.521,0.394,-19.858,1,2,4,R,"인생최패망자",190,94.684,0.447,0,59,0,0,0,0,0,0,0,0,0,0,0,0,0,0,0,0,-0.039,-37.366,"Espressο",0.384,-16.925,"CAT tourniquet",-22.273,-48.268,"mochi_2929",-9.937,-62.847,"にゃんこ3K",20.466,-41.15,"しろくま。",7.024,-57.344,"sano jpn",38.538,-87.561,"alcohol500",-2.865,-102.965,"あくせる",-35.206,-81.692,0,0,0,0,0,"",0,0,0,0,0,0,0,0,0,0
156,9,1,3,1,0,0,0,0,0,0,255,255,255,70,6881.711,"Gonyong",R,26,122,0.329,-1.082,0.004,1.337,-36.429,1,0,73.242,-200,8.321,0,0,0,4,5,R,"しろくま。",171.2,107,0.298,0,59,0,0,0,0,0,0,0,0,0,0,0,0,0,0,0,0,0.065,-37.829,"Pring__",-0.026,-16.747,"Megu3568",-19.957,-47.639,"Fresh825",-14.181,-60.587,"인생최패망자",17.884,-47.505,"HANA_ARASHI",12.84,-64.455,"IbikiKai_JP",35.555,-87.353,"Yaksok~",-5.299,-114.734,"SOM_candy",-35.757,-86.986,0,0,0,0,0,"",0,0,0,0,0,0,0,0,0,0
157,9,1,3,1,1,0,0,0,0,0,255,255,255,71,6896.27,"Gonyong",R,26,119,1.219,-0.225,0.091,1.442,-36.418,4,0,35.404,-188.536,5.355,0.043,-20.841,1,4,5,R,"しろくま。",171.2,107,0.298,0,59,0,0,0,0,0,0,0,0,0,0,0,0,0,0,0,0,0.311,-37.502,"Pring__",0.104,-17.148,"Megu3568",-19.637,-47.413,"Fresh825",-14.209,-60.645,"인생최패망자",17.018,-45.938,"HANA_ARASHI",14.3,-62.978,"IbikiKai_JP",35.548,-87.367,"Yaksok~",-5.162,-114.754,"SOM_candy",-37.016,-85.698,0,0,0,0,0,"",0,0,0,0,0,0,0,0,0,0
158,9,1,3,1,1,1,0,0,0,0,255,255,255,72,6916.256,"Gonyong",R,33,116,3.063,1.024,0.234,1.712,-36.618,3,0,114.572,-85.99,2.254,0.255,-21.274,0,4,5,R,"しろくま。",171.2,107,0.298,0,59,0,0,0,0,0,0,0,0,0,0,0,0,0,0,0,0,0.267,-37.45,"Pring__",0.19,-17.804,"Megu3568",-20.692,-48.019,"Fresh825",-15.498,-63.123,"인생최패망자",16.521,-46.999,"HANA_ARASHI",15.919,-63.214,"IbikiKai_JP",35.541,-87.373,"Yaksok~",-4.125,-107.424,"SOM_candy",-35.469,-82.301,0,0,0,0,0,"",0,0,0,0,0,0,0,0,0,6
159,9,1,3,1,0,0,0,1,0,0,5,255,255,73,6940.928,"Gonyong",R,3,114,0.608,-0.144,0.222,1.546,-36.418,0,0,-419.248,0,0.781,0,0,0,5,8,R,"あくせる",174.8,107,0.28,0,59,0,0,0,0,0,0,0,0,0,0,0,0,0,0,0,0,0.315,-37.848,"Pring__",-0.168,-17.052,"Megu3568",-18.642,-45.256,"Fresh825",-15.489,-63.152,"인생최패망자",19.429,-44.07,"HANA_ARASHI",11.599,-64.175,"IbikiKai_JP",33.585,-88.433,"Yaksok~",-2.789,-109.117,"SOM_candy",-36.864,-83.473,0,0,0,0,0,"",0,0,0,0,0,0,0,0,0,0
160,9,1,3,1,0,1,0,1,0,0,5,255,255,74,7211.81,"Gonyong",R,27,122,2.315,0.418,0.163,1.608,-36.437,4,0,75.326,-131.185,3.142,-0.143,-19.331,1,5,8,R,"あくせる",174.8,107,0.28,0,59,0,0,0,0,0,0,0,0,0,0,0,0,0,0,0,0,0.256,-37.913,"Pring__",0.107,-17.955,"Megu3568",-18.294,-44.893,"편하비_",-12.544,-64.846,"인생최패망자",18.329,-47.01,"HANA_ARASHI",7.963,-63.832,"IbikiKai_JP",30.551,-92.22,"Yaksok~",-1.331,-113.232,"SOM_candy",-32.48,-82.356,0,0,0,0,0,"",0,0,0,0,0,0,0,0,0,0
161,9,1,3,1,0,2,0,1,0,0,5,255,255,75,7227.004,"Gonyong",R,26,118,1.656,-0.341,0.075,1.537,-36.429,2,0,28.098,-174.246,2.58,0,0,1,5,8,R,"あくせる",174.8,107,0.28,3,59,7228.14,112,76,14,113,134,78,46.174,13.904,-0.52,-0.05,-0.132,0.218,0,0,0,0.169,-37.321,"Pring__",0.004,-16.875,"Megu3568",-19.153,-45.183,"편하비_",-13.344,-63.576,"인생최패망자",18.255,-48.894,"HANA_ARASHI",11.168,-63.786,"IbikiKai_JP",30.573,-92.225,"Yaksok~",-1.376,-113.26,"SOM_candy",-35.01,-83.263,0,0,0,7233.379,3,"편하비_",-12.592,-70.094,0,0,0,0,0,0,0,1
162,9,1,3,1,0,0,1,1,0,0,5,255,255,76,7308.906,"Gonyong",R,26,121,-1.705,0.431,-0.171,1.598,-36.404,1,0,34.998,-178.556,13.821,0,0,0,6,2,L,"CAT tourniquet",190,95.214,0.357,0,59,0,0,0,0,0,0,0,0,0,0,0,0,0,0,0,0,0.03,-37.749,"Pring__",-0.075,-17.113,"Megu3568",-18.732,-44.022,"편하비_",-14.546,-62.736,"인생최패망자",19.343,-42.66,"HANA_ARASHI",10.066,-64.178,"IbikiKai_JP",32.154,-87.18,"Yaksok~",1.928,-112.621,"SOM_candy",-35.901,-85.954,0,0,0,0,0,"",0,0,0,0,0,0,0,0,0,0
163,9,1,3,1,1,0,1,1,0,0,5,255,255,77,7327.065,"Gonyong",R,26,120,-0.528,0.735,-0.074,1.662,-36.389,0,0,67.002,-163.784,3.262,0,0,0,6,2,L,"CAT tourniquet",190,95.214,0.357,0,59,0,0,0,0,0,0,0,0,0,0,0,0,0,0,0,0,0.052,-37.837,"Pring__",-0.053,-17.087,"Megu3568",-18.883,-44.791,"편하비_",-13.882,-62.763,"인생최패망자",20.025,-43.895,"HANA_ARASHI",10.881,-64.582,"IbikiKai_JP",33.449,-88.546,"Yaksok~",2.144,-113.518,"SOM_candy",-35.67,-85.388,0,0,0,0,0,"",0,0,0,0,0,0,0,0,0,0
164,9,1,3,1,1,1,1,1,0,0,5,255,255,78,7343.632,"Gonyong",R,13,97,-2.051,-0.971,-0.081,1.578,-36.42,4,0,-280.623,385.653,3.89,0,0,1,6,2,L,"CAT tourniquet",190,95.214,0.357,0,59,0,0,0,0,0,0,0,0,0,0,0,0,0,0,0,0,-0.26,-37.866,"Pring__",-0.387,-18.075,"Megu3568",-19.743,-40.919,"편하비_",-12.768,-63.18,"인생최패망자",19.507,-43.799,"HANA_ARASHI",11.45,-60.967,"IbikiKai_JP",34.134,-88.316,"Yaksok~",1.917,-106.96,"SOM_candy",-35.686,-85.424,0,0,0,0,0,"",0,0,0,0,0,0,0,0,0,0
165,9,1,3,1,1,2,1,1,0,0,5,255,255,79,7360.373,"Gonyong",R,33,121,0.821,1.356,0.027,1.791,-36.47,2,0,134.939,-131.416,7.359,0,0,1,6,2,L,"CAT tourniquet",190,95.214,0.357,3,59,7361.424,109,76,19,105,135,127,105.558,58.545,0.68,0.026,-0.025,0.226,0,0,0,0.072,-37.242,"Pring__",0.035,-16.983,"Megu3568",-20.33,-43.116,"편하비_",-14.885,-63.746,"인생최패망자",20.472,-45.514,"HANA_ARASHI",13.511,-63.522,"IbikiKai_JP",35.334,-89.067,"Yaksok~",1.91,-107.063,"SOM_candy",-37.799,-85.525,0,0,0,0,0,"",0,0,0,0,0,0,0,0,0,3
166,9,1,3,1,1,2,1,1,0,0,5,255,255,80,7379.454,"Gonyong",R,27,121,-1.773,0.624,-0.192,1.645,-36.407,2,0,74.882,-145.455,10.033,0,0,1,6,2,L,"CAT tourniquet",190,95.214,0.357,3,59,7380.478,117,142,49,181,142,89,95.899,-82.31,-0.48,0.043,-0.121,0.431,0,0,0,0.01,-37.17,"Pring__",-0.095,-16.802,"Megu3568",-19.927,-43.727,"편하비_",-15.797,-63.347,"인생최패망자",20.576,-45.778,"HANA_ARASHI",15.262,-63.029,"IbikiKai_JP",36.705,-84.515,"Yaksok~",2.358,-107.46,"SOM_candy",-35.515,-83.354,0,0,0,0,0,"",0,0,0,0,0,0,0,0,0,3
167,9,1,3,1,1,2,1,1,0,0,5,255,255,81,7483.61,"Gonyong",R,27,117,-0.861,1.101,-0.112,1.746,-36.471,2,0,83.012,-115.384,4.388,0,0,1,6,2,L,"CAT tourniquet",190,95.214,0.357,3,59,7484.684,195,156,61,254,155,96,94.209,-78.696,-0.51,0.138,-0.134,0.579,0,0,0,-0.03,-37.122,"Pring__",-0.11,-16.776,"Megu3568",-19.313,-45.087,"편하비_",-13.815,-63.932,"인생최패망자",18.686,-43.896,"HANA_ARASHI",13.559,-64.082,"IbikiKai_JP",39.035,-87.295,"Yaksok~",3.094,-108.732,"SOM_candy",-36.421,-83.546,0,0,0,0,0,"",0,0,0,0,0,0,0,0,0,3
168,9,1,3,1,1,2,1,1,0,0,5,255,255,82,7500.993,"Gonyong",R,10,97,-1.566,-0.681,-0.203,1.675,-36.493,1,0,-20.23,400,4.354,0,0,0,6,2,L,"CAT tourniquet",190,95.214,0.357,0,59,0,0,0,0,0,0,0,0,0,0,0,0,0,0,0,0,-0.115,-38.056,"Pring__",0.1,-18.016,"Megu3568",-19.439,-43.167,"편하비_",-11.288,-63.798,"인생최패망자",19.211,-43.278,"HANA_ARASHI",10.779,-64.164,"IbikiKai_JP",37.847,-85.792,"Yaksok~",3.983,-110.098,"SOM_candy",-36.094,-84.369,0,0,0,0,0,"",0,0,0,0,0,0,0,0,0,0
169,9,1,3,1,2,2,1,1,0,0,5,255,255,83,7514.846,"Gonyong",R,33,128,-0.287,0.914,-0.076,1.707,-36.47,0,0,146.657,-133.322,7.96,0,0,1,6,2,L,"CAT tourniquet",190,95.214,0.357,3,59,7515.87,93,60,14,76,116,67,98.117,80.321,0.97,0.033,-0.059,0.034,0,0,0,0.055,-37.106,"Pring__",-0.111,-16.907,"Megu3568",-18.461,-43.95,"편하비_",-10.672,-65.709,"인생최패망자",19.331,-44.794,"HANA_ARASHI",10.344,-64.775,"IbikiKai_JP",36.233,-85.605,"Yaksok~",3.518,-107.199,"SOM_candy",-35.608,-84.5,0,0,0,7516.412,1,"Pring__",-0.019,-18.277,0,0,0,0,0,0,0,3
170,9,1,3,1,2,2,1,1,0,0,5,255,255,84,7535.574,"Gonyong",R,12,119,-0.735,0.239,-0.068,1.632,-36.391,2,0,0,56.929,3.829,0,0,1,6,2,L,"CAT tourniquet",190,95.214,0.357,3,59,7536.573,130,116,69,110,143,125,-25.312,-41.189,0.21,0.089,-0.157,0.47,0,0,0,-0.021,-37.244,"Pring__",-0.114,-16.698,"Megu3568",-19.196,-44.354,"편하비_",-13.978,-63.885,"인생최패망자",19.802,-45.817,"HANA_ARASHI",12.354,-63.759,"IbikiKai_JP",37.338,-85.062,"Yaksok~",2.523,-111.125,"SOM_candy",-35.876,-84.371,7536.762,1.779,-22.675,7538.012,4,"인생최패망자",15.617,-42.396,0,0,0,0,0,0,0,2
171,9,0,3,1,0,0,0,0,0,0,255,255,255,0,7711.843,"Espressο",R,26,140,-1.006,0.074,0.192,1.586,-36.575,2,0,105.078,-185.024,-5.041,0,0,1,3,0,R,"Gonyong",190,90.148,0.2,3,59,7712.654,169,117,20,171,145,93,22.861,-2.619,-0.13,-0.012,-0.04,0.313,0,0,0,-0.128,-37.139,"ゆっち一",-0.008,-16.679,"CAT tourniquet",-21.56,-48.306,"mochi_2929",-10.433,-62.568,"にゃんこ3K",22.591,-52.522,"しろくま。",15.724,-64.553,"sano jpn",31.52,-88.671,"alcohol500",-3.207,-101.941,"あくせる",-36.489,-80.217,0,0,0,7717.262,7,"alcohol500",-9.117,-93.257,0,0,0,0,0,0,0,1
172,9,0,3,1,0,0,1,0,0,0,255,255,255,1,7740.081,"Espressο",R,26,140,0.79,0.497,0.312,1.69,-36.636,2,0,-4.233,-155.522,-5.324,0,0,1,4,7,R,"Yaksok~",173.1,91.563,0.424,3,59,7740.843,228,63,6,106,130,77,6.107,-2.871,-0.29,-0.008,0.004,0.152,0,0,0,-0.155,-37.091,"ゆっち一",0.31,-16.711,"CAT tourniquet",-21.082,-47.794,"mochi_2929",-10.215,-61.686,"にゃんこ3K",22.017,-52.388,"しろくま。",17.992,-63.655,"sano jpn",32.526,-89.656,"alcohol500",-1.112,-100.941,"あくせる",-35.381,-77.51,0,0,0,7742.146,0,"Espressο",0.187,-36.209,0,0,0,0,0,0,0,1
173,9,0,3,1,0,0,2,0,0,0,255,255,255,2,7793.931,"Espressο",R,26,140,-1.207,1.019,0.104,1.78,-36.469,2,0,66.958,-200,-5.249,0,0,1,5,1,L,"Pring__",180.3,94.883,0.396,3,59,7794.62,122,66,18,120,130,100,-12.556,-42.603,0.12,-0.015,-0.016,0.085,0,0,0,-0.15,-37.123,"ゆっち一",-0.128,-16.676,"CAT tourniquet",-21.832,-49.223,"mochi_2929",-8.003,-61.931,"にゃんこ3K",23.399,-49.768,"しろくま。",15.719,-61.25,"sano jpn",38.819,-82.863,"alcohol500",3.114,-101.788,"あくせる",-27.787,-89.461,7795.029,4.288,-24.149,7796.629,4,"にゃんこ3K",21.916,-44.673,0,0,0,0,0,0,0,2
