id,inn,half,scoreA,scoreB,ball,strk,out,b1,b2,b3,b1Idx,b2Idx,b3Idx,pCnt,pSec,pName,pHand,pType,spdK,zoneX,zoneY,startX,startY,zDist,call,balk,sH,sV,gyro,plx,plz,bSwing,bIdx,bPos,bZone,bName,bHCm,batLen,batCen,batType,bFps,hSec,rotS,shS,lgS,impMv,batSpd,ev,ldeg,sdeg,hPos,hMoveX,hMoveY,stayCon,hitSpnX,hitSpnY,hitSpnZ,PPosX,PPosY,CName,CPosX,CPosY,1BName,1BPosX,1BPosY,2BName,2BPosX,2BPosY,3BName,3BPosX,3BPosY,SSName,SSPosX,SSPosY,LFName,LFPosX,LFPosY,CFName,CFPosX,CFPosY,RFName,RFPosX,RFPosY,ltSec,lx,lz,cSec,cPos,cPlr,cx,cz,1BSafe,tag,cpSec,sb2Sec,sb3Sec,sbhSec,ass,result
1,1,1,0,0,0,0,0,0,0,0,255,255,255,0,1742.306,"HANA_ARASHI",R,26,140,0.01,2.315,0.016,1.977,-36.46,1,0,-53.692,-200,15.955,0,0,0,0,3,R,"오띵__",165.2,90,0.405,0,59,0,0,0,0,0,0,0,0,0,0,0,0,0,0,0,0,-0.16,-37.502,"Pring__",0.048,-16.588,"Megu3568",-20.605,-46.879,"Fresh825",-14.999,-63.299,"인생최패망자",16.721,-49.121,"ʚEveɞ",11.718,-65.655,"IbikiKai_JP",38.061,-84.82,"Yaksok~",2.144,-105.411,"Gonyong",-40.672,-79.961,0,0,0,0,0,"",0,0,0,0,0,0,0,0,0,0
2,1,1,0,0,1,0,0,0,0,0,255,255,255,1,1760.87,"HANA_ARASHI",R,13,107,-2.883,-2.319,-0.305,1.722,-36.342,4,0,-155.57,400,17.486,0,0,1,0,3,R,"오띵__",165.2,90,0.405,0,59,0,0,0,0,0,0,0,0,0,0,0,0,0,0,0,0,-0.263,-37.404,"Pring__",-0.209,-16.864,"Megu3568",-20.588,-46.977,"Fresh825",-15.022,-63.234,"인생최패망자",16.375,-49.273,"ʚEveɞ",11.686,-65.662,"IbikiKai_JP",37.648,-85.631,"Yaksok~",1.627,-105.467,"Gonyong",-40.727,-79.992,0,0,0,0,0,"",0,0,0,0,0,0,0,0,0,0
3,1,1,0,0,1,1,0,0,0,0,255,255,255,2,1780.152,"HANA_ARASHI",R,26,136,-0.903,1.236,-0.066,1.821,-36.391,4,0,-66.638,-191.381,21.43,0,0,1,0,3,R,"오띵__",165.2,90,0.405,0,59,0,0,0,0,0,0,0,0,0,0,0,0,0,0,0,0,-0.047,-37.344,"Pring__",-0.007,-16.62,"Megu3568",-20.648,-46.901,"Fresh825",-14.998,-63.252,"인생최패망자",17.305,-49.528,"ʚEveɞ",11.695,-65.594,"IbikiKai_JP",37.683,-85.822,"Yaksok~",1.21,-105.929,"Gonyong",-40.78,-80.041,0,0,0,0,0,"",0,0,0,0,0,0,0,0,0,0
4,1,1,0,0,1,2,0,0,0,0,255,255,255,3,1797.96,"HANA_ARASHI",R,13,98,0.563,-0.925,0.31,2.04,-36.507,0,0,-317.498,350.708,7.431,-0.061,-17.684,0,0,3,R,"오띵__",165.2,90,0.405,0,59,0,0,0,0,0,0,0,0,0,0,0,0,0,0,0,0,-0.267,-37.544,"Pring__",-0.017,-16.785,"Megu3568",-20.592,-46.661,"Fresh825",-15.029,-63.274,"인생최패망자",16.465,-49.222,"ʚEveɞ",11.888,-65.596,"IbikiKai_JP",37.715,-85.816,"Yaksok~",1.226,-105.969,"Gonyong",-40.675,-80.1,0,0,0,0,0,"",0,0,0,0,0,0,0,0,0,0
5,1,1,0,0,0,0,1,0,0,0,255,255,255,4,1828.336,"HANA_ARASHI",R,26,140,-1.168,1.491,-0.094,1.93,-36.403,1,0,-48.893,-200,8.67,0,0,0,1,0,L,"Kr_Luna",189.9,96.932,0.451,0,59,0,0,0,0,0,0,0,0,0,0,0,0,0,0,0,0,-0.118,-37.354,"Pring__",-0.112,-16.701,"Megu3568",-19.969,-46.309,"Fresh825",-12.096,-64.71,"인생최패망자",22.827,-48.167,"ʚEveɞ",12.935,-65.092,"IbikiKai_JP",40.915,-88.398,"Yaksok~",10.37,-106.99,"Gonyong",-40.093,-93.354,0,0,0,0,0,"",0,0,0,0,0,0,0,0,0,0
6,1,1,0,0,1,0,1,0,0,0,255,255,255,5,1847.969,"HANA_ARASHI",R,10,101,-1.586,1.555,-0.147,2.195,-36.772,1,0,0,400,2.191,0,0,0,1,0,L,"Kr_Luna",189.9,96.932,0.451,0,59,0,0,0,0,0,0,0,0,0,0,0,0,0,0,0,0,-0.295,-37.475,"Pring__",-0.142,-16.701,"Megu3568",-20.035,-46.256,"Fresh825",-12.112,-65.111,"인생최패망자",25.19,-50.459,"ʚEveɞ",13.852,-64.388,"IbikiKai_JP",40.849,-88.456,"Yaksok~",10.34,-109.002,"Gonyong",-39.827,-94.593,0,0,0,0,0,"",0,0,0,0,0,0,0,0,0,0
7,1,1,0,0,2,0,1,0,0,0,255,255,255,6,1866.182,"HANA_ARASHI",R,10,122,0.773,-1,0.072,1.932,-36.455,1,0,0,400,-2.74,0,0,0,1,0,L,"Kr_Luna",189.9,96.932,0.451,0,59,0,0,0,0,0,0,0,0,0,0,0,0,0,0,0,0,-0.184,-37.502,"Pring__",0.38,-16.822,"Megu3568",-19.987,-46.241,"Fresh825",-12.295,-65.338,"인생최패망자",24.692,-50.184,"ʚEveɞ",14.037,-64.167,"IbikiKai_JP",40.866,-88.432,"Yaksok~",9.952,-109.034,"Gonyong",-39.736,-94.527,0,0,0,0,0,"",0,0,0,0,0,0,0,0,0,0
8,1,1,0,0,3,0,1,0,0,0,255,255,255,7,1885.667,"HANA_ARASHI",R,26,140,-1.44,0.758,-0.118,1.792,-36.393,2,0,-60.485,-183.125,15.984,0,0,1,1,0,L,"Kr_Luna",189.9,96.932,0.451,2,59,1886.462,113,62,9,90,118,76,20.016,-46.499,-0.14,0.036,-0.052,0.051,0,0,0,-0.007,-36.997,"Pring__",-0.11,-16.971,"Megu3568",-19.83,-46.169,"Fresh825",-12.252,-65.129,"인생최패망자",24.91,-50.258,"ʚEveɞ",13.987,-64.144,"IbikiKai_JP",40.913,-88.504,"Yaksok~",9.952,-109.041,"Gonyong",-39.937,-94.722,0,0,0,1888.895,4,"인생최패망자",25.883,-42.726,0,0,0,0,0,0,0,1
9,1,1,0,0,0,0,2,0,0,0,255,255,255,8,1918.006,"HANA_ARASHI",R,10,89,-0.086,-0.803,0.021,2.14,-36.713,0,0,0,400,-2.791,0,0,0,2,1,L,"_Chun",190,95.123,0.455,0,59,0,0,0,0,0,0,0,0,0,0,0,0,0,0,0,0,-0.329,-37.575,"Pring__",0.372,-16.895,"Megu3568",-19.502,-46.485,"Fresh825",-11.713,-64.978,"인생최패망자",20.771,-45.846,"ʚEveɞ",14.729,-63.741,"IbikiKai_JP",36.903,-84.365,"Yaksok~",2.403,-108.573,"Gonyong",-38.591,-86.293,0,0,0,0,0,"",0,0,0,0,0,0,0,0,0,0
10,1,1,0,0,0,1,2,0,0,0,255,255,255,9,1934.672,"HANA_ARASHI",R,14,101,3.426,-2.154,0.198,1.584,-36.347,2,0,351.375,321.794,9.482,0,0,1,2,1,L,"_Chun",190,95.123,0.455,3,59,1935.759,187,118,78,153,155,124,-6.628,-43.709,0.36,0.153,-0.227,0.216,0,0,0,-0.313,-36.961,"Pring__",0.448,-16.748,"Megu3568",-19.385,-46.287,"Fresh825",-11.607,-64.952,"인생최패망자",21.396,-46.299,"ʚEveɞ",14.851,-63.773,"IbikiKai_JP",36.907,-84.382,"Yaksok~",2.601,-110.758,"Gonyong",-38.636,-86.434,1935.879,1.344,-20.497,1943.445,6,"IbikiKai_JP",63.427,-75.958,0,0,0,0,0,0,0,2
11,1,1,0,0,0,2,2,0,0,0,255,255,255,10,1970.12,"HANA_ARASHI",R,26,140,-2.817,0.049,-0.24,1.662,-36.312,2,0,-74.851,-159.257,9.902,0,0,1,2,1,L,"_Chun",190,95.123,0.455,3,89,1971.031,143,63,6,97,122,76,5.372,-18.72,-0.48,0.051,-0.105,0.045,0,0,0,-0.29,-36.989,"Pring__",-0.257,-16.642,"Megu3568",-19.863,-47.489,"Fresh825",-10.91,-64.645,"인생최패망자",21.382,-46.066,"ʚEveɞ",15.443,-63.466,"IbikiKai_JP",43.307,-80.428,"Yaksok~",3.816,-109.94,"Gonyong",-39.267,-83.017,1972.529,8.417,-45.069,1973.762,5,"ʚEveɞ",12.026,-56.991,0,0,0,0,0,0,0,2
12,1,0,0,0,0,0,0,0,0,0,255,255,255,0,2140.833,"Kr_Luna",L,27,140,1.221,-1.378,0.113,1.555,-36.45,2,0,-98.752,-137.972,-3.656,0,0,1,0,3,L,"Fresh825",172.7,86,0.8,3,59,2141.873,126,119,15,153,141,104,-9.828,-5.637,0.86,0.127,-0.099,0.322,0,0,0,-0.061,-37.265,"_Chun",-0.153,-17.173,"_AKASATA_",-21.018,-45.184,"오띵__",-10.865,-66.285,"なおｐ--",21.887,-48.146,"CVPileMaki",13.553,-64.684,"SFIDA",38.26,-87.433,"mungjungh",1.856,-110.028,"M_lunatic",-38.368,-87.697,2142.095,0.443,-21.967,2144.262,5,"CVPileMaki",5.131,-65.304,1,0,0,0,0,0,0,2
13,1,0,0,0,0,0,0,1,0,0,12,255,255,1,2179.619,"Kr_Luna",L,27,140,0.117,0.471,0.145,1.749,-36.485,0,0,-96.066,-113.472,2.177,0,0,1,1,2,R,"Megu3568",174.7,86,0.404,0,59,0,0,0,0,0,0,0,0,0,0,0,0,0,0,0,0,0.336,-37.802,"_Chun",0.049,-17.149,"_AKASATA_",-19.391,-42.722,"오띵__",-12.893,-62.742,"なおｐ--",21.3,-48.605,"CVPileMaki",8.021,-64.823,"SFIDA",36.092,-85.546,"mungjungh",-2.664,-103.061,"M_lunatic",-39.179,-83.35,0,0,0,0,0,"",0,0,0,0,0,0,0,0,0,0
14,1,0,0,0,0,1,0,1,0,0,12,255,255,2,2201.121,"Kr_Luna",L,0,128,3.517,1.084,0.398,1.912,-36.688,3,0,-21.766,0,-4.526,0.2,-20.591,0,1,2,R,"Megu3568",174.7,86,0.404,0,59,0,0,0,0,0,0,0,0,0,0,0,0,0,0,0,0,0.442,-37.709,"_Chun",0.062,-17.814,"_AKASATA_",-19.322,-41.999,"오띵__",-12.756,-63.758,"なおｐ--",21.321,-48.609,"CVPileMaki",9.372,-64.922,"SFIDA",36.137,-85.509,"mungjungh",-2.681,-103.06,"M_lunatic",-39.77,-83.635,0,0,0,0,0,"",0,0,0,0,0,0,0,0,0,6
15,1,0,0,0,0,0,0,1,1,0,11,12,255,3,2241.097,"Kr_Luna",L,10,116,1.084,-1.244,0.137,1.964,-36.502,2,0,0,400,0.906,0.189,-20.83,1,2,8,R,"Gonyong",179.9,95.148,0.2,3,59,2242.037,209,122,27,158,152,93,-23.096,0.898,-0.21,-0.04,-0.004,0.27,0,0,0,0.244,-37.638,"_Chun",0.044,-17.231,"_AKASATA_",-19.153,-40.834,"오띵__",-13.495,-65.078,"なおｐ--",21.269,-47.756,"CVPileMaki",10.957,-64.474,"SFIDA",40.531,-93.672,"mungjungh",-1.514,-103.301,"M_lunatic",-40.126,-84.061,2243.145,2.204,-42.783,2244.362,5,"CVPileMaki",4.492,-59.773,0,0,0,0,0,0,0,2
16,1,0,0,0,0,0,2,0,0,1,255,255,12,4,2297.68,"Kr_Luna",L,10,109,-0.729,0.094,-0.062,1.93,-36.546,0,0,0,368.713,1.252,0,0,0,3,1,L,"Pring__",180.3,94.883,0.396,0,59,0,0,0,0,0,0,0,0,0,0,0,0,0,0,0,0,0.529,-37.891,"_Chun",0.089,-17.134,"_AKASATA_",-20.533,-44.998,"오띵__",-13.175,-65.086,"なおｐ--",19.477,-45.442,"CVPileMaki",13.598,-64.724,"SFIDA",40,-90.865,"mungjungh",0.914,-106.142,"M_lunatic",-42.921,-83.621,0,0,0,0,0,"",0,0,0,0,0,0,0,0,0,0
17,1,0,0,0,0,1,2,0,0,1,255,255,12,5,2337.645,"Kr_Luna",L,3,108,1.227,0.332,-0.1,1.746,-36.556,2,0,405.401,0,-9.188,0,0,1,3,1,L,"Pring__",180.3,94.883,0.396,3,87,2338.557,201,183,74,229,155,128,50,-35.797,0.78,-0.034,-0.106,0.395,0,0,0,0.142,-37.62,"_Chun",0.064,-17.054,"_AKASATA_",-20.481,-45.209,"오띵__",-13.05,-65.16,"なおｐ--",19.01,-43.211,"CVPileMaki",13.557,-64.794,"SFIDA",40.013,-90.84,"mungjungh",0.918,-106.135,"M_lunatic",-40.158,-82.699,2345.428,72.297,-98.899,0,0,"",0,0,0,0,0,0,0,0,0,4
18,1,0,0,2,0,0,2,0,0,0,255,255,255,6,2396.774,"Kr_Luna",L,6,115,-0.129,-1.789,0.278,1.546,-36.502,1,0,-500,0,-26.238,-0.553,-16.915,0,4,4,R,"인생최패망자",190,90,0.447,0,59,0,0,0,0,0,0,0,0,0,0,0,0,0,0,0,0,0.328,-37.884,"_Chun",-0.355,-16.408,"_AKASATA_",-21.528,-46.01,"오띵__",-12.977,-65.371,"なおｐ--",22.27,-48.304,"CVPileMaki",13.507,-64.829,"SFIDA",44.692,-92.516,"mungjungh",-0.52,-102.585,"M_lunatic",-42.332,-83.015,0,0,0,0,0,"",0,0,0,0,0,0,0,0,0,0
19,1,0,0,2,1,0,2,0,0,0,255,255,255,7,2420.059,"Kr_Luna",L,27,140,-1.53,0.455,0.002,1.773,-36.469,4,0,-104.232,-132.165,-0.038,0,0,1,4,4,R,"인생최패망자",190,90,0.447,0,59,0,0,0,0,0,0,0,0,0,0,0,0,0,0,0,0,0.33,-37.678,"_Chun",-0.111,-17.114,"_AKASATA_",-22.285,-45.708,"오띵__",-12.993,-65.279,"なおｐ--",22.14,-48.504,"CVPileMaki",13.552,-64.885,"SFIDA",44.685,-92.536,"mungjungh",-0.517,-102.605,"M_lunatic",-41.229,-82.162,0,0,0,0,0,"",0,0,0,0,0,0,0,0,0,0
20,1,0,0,2,1,1,2,0,0,0,255,255,255,8,2440.759,"Kr_Luna",L,27,140,-0.176,1.014,0.149,1.823,-36.451,2,0,-78.357,-115.319,-0.963,0,0,1,4,4,R,"인생최패망자",190,90,0.447,2,59,2441.822,140,140,48,187,144,90,63.042,48.486,-0.44,-0.09,-0.066,0.287,0,0,0,0.043,-37.327,"_Chun",0.245,-17.358,"_AKASATA_",-21.618,-45.241,"오띵__",-12.988,-65.234,"なおｐ--",22.179,-48.559,"CVPileMaki",13.517,-64.895,"SFIDA",44.686,-92.511,"mungjungh",-0.518,-102.598,"M_lunatic",-40.357,-80.938,2447.612,-39.561,-63.413,2447.762,8,"M_lunatic",-38.658,-62.381,0,0,0,0,0,0,0,1
21,2,1,0,2,0,0,0,0,0,0,255,255,255,11,2651.848,"HANA_ARASHI",R,13,105,-3.495,-1.178,-0.269,1.871,-36.421,1,0,-338.489,352.497,8.977,-0.839,-17.622,0,3,4,R,"なおｐ--",190,89.927,0.412,0,70,0,0,0,0,0,0,0,0,0,0,0,0,0,0,0,0,-0.335,-37.639,"Pring__",-0.211,-16.843,"Megu3568",-20.406,-45.845,"Fresh825",-14.628,-63.863,"인생최패망자",22.449,-54.744,"ʚEveɞ",10.911,-65.755,"IbikiKai_JP",39.904,-90.938,"Yaksok~",-3.65,-113.476,"Gonyong",-51.031,-86.098,0,0,0,0,0,"",0,0,0,0,0,0,0,0,0,0
22,2,1,0,2,1,0,0,0,0,0,255,255,255,12,2669.581,"HANA_ARASHI",R,26,136,-1.106,0.3,-0.091,1.703,-36.375,2,0,-41.847,-181.084,14.088,0,0,1,3,4,R,"なおｐ--",190,89.927,0.412,3,70,2670.61,130,98,23,139,141,130,36.427,19.855,0.47,-0.091,-0.113,0.357,0,0,0,-0.11,-37.045,"Pring__",-0.146,-16.799,"Megu3568",-20.212,-46.914,"Fresh825",-14.632,-63.776,"인생최패망자",22.561,-54.764,"ʚEveɞ",11.361,-64.353,"IbikiKai_JP",39.962,-91.005,"Yaksok~",-3.561,-113.512,"Gonyong",-56.529,-81.424,2676.095,-56.953,-114.488,0,0,"",0,0,0,0,0,0,0,0,0,4
23,2,1,1,2,0,0,0,0,0,0,255,255,255,13,2726.011,"HANA_ARASHI",R,10,102,-0.208,-0.793,0.007,2.024,-36.471,0,0,-52.599,386.166,9.362,-0.074,-17.092,0,4,6,L,"SFIDA",190,86,0.655,0,24,0,0,0,0,0,0,0,0,0,0,0,0,0,0,0,0,-0.193,-37.397,"Pring__",0.019,-16.785,"Megu3568",-19.663,-46.532,"Fresh825",-13.58,-63.887,"인생최패망자",21.319,-46.662,"ʚEveɞ",12.292,-64.912,"IbikiKai_JP",41.342,-87.31,"Yaksok~",2.347,-112.493,"Gonyong",-44.079,-87.24,0,0,0,0,0,"",0,0,0,0,0,0,0,0,0,0
24,2,1,1,2,0,1,0,0,0,0,255,255,255,14,2749.902,"HANA_ARASHI",R,26,131,-0.205,2.173,-0.019,2.055,-36.614,1,0,1.112,-200,7.078,0,0,0,4,6,L,"SFIDA",190,86,0.655,0,24,0,0,0,0,0,0,0,0,0,0,0,0,0,0,0,0,-0.076,-37.473,"Pring__",-0.02,-16.903,"Megu3568",-20.571,-47.714,"Fresh825",-13.582,-63.859,"인생최패망자",20.475,-45.812,"ʚEveɞ",12.291,-64.917,"IbikiKai_JP",41.438,-87.314,"Yaksok~",2.387,-112.485,"Gonyong",-44.237,-87.359,0,0,0,0,0,"",0,0,0,0,0,0,0,0,0,0
25,2,1,1,2,1,1,0,0,0,0,255,255,255,15,2770.751,"HANA_ARASHI",R,10,118,-1.332,-0.278,-0.124,1.786,-36.354,0,0,0,400,11.641,0,0,1,4,6,L,"SFIDA",190,86,0.655,0,24,0,0,0,0,0,0,0,0,0,0,0,0,0,0,0,0,-0.177,-37.415,"Pring__",-0.039,-16.902,"Megu3568",-20.573,-47.717,"Fresh825",-13.585,-63.894,"인생최패망자",19.977,-45.361,"ʚEveɞ",12.004,-65.272,"IbikiKai_JP",41.405,-87.268,"Yaksok~",2.268,-112.56,"Gonyong",-44.17,-87.268,0,0,0,0,0,"",0,0,0,0,0,0,0,0,0,0
26,2,1,1,2,1,2,0,0,0,0,255,255,255,16,2825.547,"HANA_ARASHI",R,26,133,-1.417,0.34,-0.115,1.717,-36.447,2,0,-52.266,-150.842,3.601,0,0,1,4,6,L,"SFIDA",190,86,0.655,2,25,2826.486,52,30,2,59,18,40,-51.049,-48.003,0.48,0.049,-0.073,0,0,0,0,-0.163,-37.1,"Pring__",-0.039,-16.718,"Megu3568",-19.384,-46.119,"Fresh825",-14.18,-63.99,"인생최패망자",21.358,-46.318,"ʚEveɞ",12.398,-65.182,"IbikiKai_JP",41.52,-87.336,"Yaksok~",3.712,-112.724,"Gonyong",-44.266,-87.369,2826.762,0.592,-19.88,2830.078,4,"인생최패망자",14.346,-34.088,0,0,0,0,0,0,0,2
27,2,1,1,2,1,2,0,0,0,0,255,255,255,17,2898.572,"HANA_ARASHI",R,10,126,-0.923,-1.032,-0.086,1.59,-36.355,2,0,0,400,23.61,0,0,1,4,6,L,"SFIDA",190,86,0.655,2,25,2899.541,124,133,49,132,142,124,-30,35.544,0.22,-0.019,-0.068,0.302,0,0,0,-0.167,-37.101,"Pring__",-0.076,-16.984,"Megu3568",-20.616,-47.16,"Fresh825",-14.203,-64.878,"인생최패망자",20.791,-45.559,"ʚEveɞ",10.644,-65.347,"IbikiKai_JP",39.716,-84.313,"Yaksok~",3.376,-104.861,"Gonyong",-38.177,-86.718,2899.745,-0.934,-22.24,2902.779,8,"Gonyong",-40.47,-77.48,1,0,0,0,0,0,0,2
28,2,1,1,2,0,0,0,1,0,0,6,255,255,18,2924.939,"HANA_ARASHI",R,26,140,-2.157,-0.296,-0.175,1.603,-36.351,1,0,-93.986,-181.744,13.633,0,0,0,5,7,R,"mungjungh",160,90,0.498,0,59,0,0,0,0,0,0,0,0,0,0,0,0,0,0,0,0,-0.225,-37.434,"Pring__",-0.113,-16.757,"Megu3568",-18.785,-44.371,"Fresh825",-13.1,-62.772,"인생최패망자",16.769,-49.089,"ʚEveɞ",9.125,-66.501,"IbikiKai_JP",38.855,-85.076,"Yaksok~",4.195,-108.917,"Gonyong",-40.143,-86.951,0,0,0,0,0,"",0,0,0,0,0,0,0,0,0,0
29,2,1,1,2,1,0,0,1,0,0,6,255,255,19,2957.344,"HANA_ARASHI",R,13,107,-2.192,-1.47,-0.196,1.932,-36.368,1,0,-172.615,400,10.463,-0.479,-18.334,0,5,7,R,"mungjungh",160,90,0.498,0,59,0,0,0,0,0,0,0,0,0,0,0,0,0,0,0,0,-0.366,-37.511,"Pring__",-0.16,-16.823,"Megu3568",-19.517,-44.251,"Fresh825",-13.142,-62.853,"인생최패망자",16.309,-48.057,"ʚEveɞ",10.514,-66.133,"IbikiKai_JP",38.706,-85.162,"Yaksok~",4.248,-111.667,"Gonyong",-46.424,-84.314,0,0,0,0,0,"",0,0,0,0,0,0,0,0,0,0
30,2,1,1,2,2,0,0,1,0,0,6,255,255,20,2976.018,"HANA_ARASHI",R,26,133,0.581,1.343,0.065,1.82,-36.32,2,0,-34.617,-200,6.546,0,0,1,5,7,R,"mungjungh",160,90,0.498,3,59,2976.952,150,30,9,41,78,61,65.5,55.054,0.13,-0.102,-0.029,0,0,0,0,-0.106,-37.009,"Pring__",0.083,-16.735,"Megu3568",-18.729,-45.324,"Fresh825",-13.128,-62.858,"인생최패망자",16.187,-48.306,"ʚEveɞ",10.501,-66.131,"IbikiKai_JP",38.693,-85.182,"Yaksok~",4.234,-112.431,"Gonyong",-46.398,-84.223,0,0,0,2981.762,2,"Megu3568",-28.477,-39.377,0,0,0,0,0,0,0,1
31,2,1,1,2,0,0,1,1,0,0,6,255,255,21,3010.139,"HANA_ARASHI",R,26,140,0.798,-0.155,0.084,1.611,-36.365,0,0,-32.564,-200,11.122,0,0,0,6,2,R,"_AKASATA_",190,100.042,0.2,0,59,0,0,0,0,0,0,0,0,0,0,0,0,0,0,0,0,0.013,-37.378,"Pring__",0.037,-16.664,"Megu3568",-19.993,-43.926,"Fresh825",-13.278,-64.323,"인생최패망자",17.873,-50.571,"ʚEveɞ",10.609,-66.02,"IbikiKai_JP",39.972,-88.413,"Yaksok~",-3.188,-107.457,"Gonyong",-44.713,-82.197,0,0,0,0,0,"",0,0,0,0,0,0,0,0,0,0
32,2,1,1,2,0,1,1,1,0,0,6,255,255,22,3027.167,"HANA_ARASHI",R,12,111,0.157,-0.301,0.022,1.978,-36.48,0,0,-0.877,139.295,6.543,0,0,0,6,2,R,"_AKASATA_",190,100.042,0.2,0,59,0,0,0,0,0,0,0,0,0,0,0,0,0,0,0,0,-0.254,-37.417,"Pring__",-0.115,-16.876,"Megu3568",-19.459,-44.17,"Fresh825",-13.91,-63.831,"인생최패망자",17.593,-50.232,"ʚEveɞ",10.363,-66.212,"IbikiKai_JP",39.857,-88.325,"Yaksok~",-3.299,-108.556,"Gonyong",-42.655,-80.107,0,0,0,0,0,"",0,0,0,0,0,0,0,0,0,0
33,2,1,1,2,0,2,1,1,0,0,6,255,255,23,3047.658,"HANA_ARASHI",R,26,135,-0.048,2.274,0.006,2.077,-36.462,1,0,-34.996,-200,12.216,0,0,0,6,2,R,"_AKASATA_",190,100.042,0.2,0,59,0,0,0,0,0,0,0,0,0,0,0,0,0,0,0,0,-0.273,-37.388,"Pring__",0.018,-17.202,"Megu3568",-18.98,-44.682,"Fresh825",-13.898,-63.771,"인생최패망자",17.604,-50.217,"ʚEveɞ",10.36,-66.253,"IbikiKai_JP",39.676,-88.365,"Yaksok~",-2.836,-108.247,"Gonyong",-42.69,-79.677,0,0,0,0,0,"",0,0,0,0,0,0,0,0,0,0
34,2,1,1,2,1,2,1,1,0,0,6,255,255,24,3069.238,"HANA_ARASHI",R,10,107,-1.284,-1.864,-0.179,1.689,-36.331,2,0,0,400,2.466,0,0,1,6,2,R,"_AKASATA_",190,100.042,0.2,3,59,3070.216,161,128,66,124,149,126,-29.968,47.965,0.8,-0.068,-0.112,0.345,0,0,0,-0.272,-37.02,"Pring__",-0.154,-17.22,"Megu3568",-18.484,-46.175,"Fresh825",-13.885,-63.755,"인생최패망자",17.397,-50.069,"ʚEveɞ",10.333,-66.123,"IbikiKai_JP",37.901,-89.66,"Yaksok~",-2.841,-108.283,"Gonyong",-43.783,-78.836,3070.378,-0.672,-20.738,3077.995,8,"Gonyong",-67.45,-73.454,0,0,0,0,0,0,0,2
35,2,1,1,2,1,2,1,1,0,0,6,255,255,25,3109.208,"HANA_ARASHI",R,6,103,2.061,-0.851,0.068,1.779,-36.328,2,0,330.113,62.536,-1.521,0,0,1,6,2,R,"_AKASATA_",190,100.042,0.2,3,59,3110.179,211,187,66,255,155,96,-30.565,30.305,-0.5,-0.068,-0.116,0.421,0,0,0,-0.289,-37.031,"Pring__",0.101,-16.957,"Megu3568",-18.421,-45.147,"Fresh825",-12.297,-61.95,"인생최패망자",17.895,-48.321,"ʚEveɞ",9.684,-65.849,"IbikiKai_JP",35.006,-87.275,"Yaksok~",-4.293,-107.024,"Gonyong",-46.28,-84.79,3110.345,-0.159,-20.916,3111.912,2,"Megu3568",-13.647,-44.189,0,0,0,0,0,0,0,2
36,2,0,1,2,0,0,0,0,0,0,255,255,255,9,3181.457,"Kr_Luna",L,6,103,-0.804,0.661,0.243,1.904,-36.776,2,0,-423.795,0,-0.478,0,0,1,5,7,R,"Yaksok~",173.1,91.563,0.502,3,59,3182.493,191,143,30,176,155,95,27.572,-5.9,0.95,-0.046,-0.036,0.547,0,0,0,0.182,-37.705,"_Chun",-0.132,-17.129,"_AKASATA_",-20.594,-45.271,"오띵__",-12.947,-65.099,"なおｐ--",21.064,-48.487,"CVPileMaki",13.509,-64.829,"SFIDA",35.621,-83.154,"mungjungh",-0.3,-108.292,"M_lunatic",-40.969,-83.998,3187.529,-3.367,-98.857,3187.695,7,"mungjungh",-3.16,-96.505,0,0,0,0,0,0,0,1
37,2,0,1,2,0,0,1,0,0,0,255,255,255,10,3214.683,"Kr_Luna",L,26,140,-0.616,-0.099,0.098,1.568,-36.399,0,0,-50.451,-187.254,-1.9,0,0,0,6,6,L,"IbikiKai_JP",175,90,0.5,0,59,0,0,0,0,0,0,0,0,0,0,0,0,0,0,0,0,0.072,-37.673,"_Chun",0.318,-17.331,"_AKASATA_",-20.934,-44.767,"오띵__",-13.267,-65.119,"なおｐ--",21.908,-47.726,"CVPileMaki",13.615,-64.811,"SFIDA",35.827,-82.258,"mungjungh",0.854,-106.129,"M_lunatic",-40.913,-82.007,0,0,0,0,0,"",0,0,0,0,0,0,0,0,0,0
38,2,0,1,2,0,1,1,0,0,0,255,255,255,11,3234.131,"Kr_Luna",L,26,140,1.919,0.115,0.32,1.66,-36.503,4,0,-57.845,-157.859,-4.147,0,0,1,6,6,L,"IbikiKai_JP",175,90,0.5,0,59,0,0,0,0,0,0,0,0,0,0,0,0,0,0,0,0,0.253,-37.99,"_Chun",0.382,-17.103,"_AKASATA_",-19.706,-44.081,"오띵__",-13.25,-65.111,"なおｐ--",21.915,-47.765,"CVPileMaki",13.658,-64.775,"SFIDA",36.475,-81.832,"mungjungh",0.849,-106.134,"M_lunatic",-40.877,-81.999,0,0,0,0,0,"",0,0,0,0,0,0,0,0,0,0
39,2,0,1,2,0,2,1,0,0,0,255,255,255,12,3254.119,"Kr_Luna",L,10,119,0.026,0.577,0.001,1.876,-36.416,0,0,0,385.566,-3.339,0,0,0,6,6,L,"IbikiKai_JP",175,90,0.5,0,59,0,0,0,0,0,0,0,0,0,0,0,0,0,0,0,0,0.249,-37.589,"_Chun",0.018,-17.403,"_AKASATA_",-19.807,-43.94,"오띵__",-13.268,-65.112,"なおｐ--",21.915,-47.742,"CVPileMaki",13.618,-64.757,"SFIDA",36.454,-81.809,"mungjungh",0.262,-105.621,"M_lunatic",-40.809,-82.139,0,0,0,0,0,"",0,0,0,0,0,0,0,0,0,0
40,2,0,1,2,0,0,2,0,0,0,255,255,255,13,3309.491,"Kr_Luna",L,34,139,-2.641,-0.36,-0.089,1.648,-36.497,1,0,-80.872,-74.65,1.988,0,0,0,7,0,R,"HANA_ARASHI",190,86,0.23,0,59,0,0,0,0,0,0,0,0,0,0,0,0,0,0,0,0,0.354,-37.674,"_Chun",-0.05,-17.086,"_AKASATA_",-21.058,-45.343,"오띵__",-13.157,-65.044,"なおｐ--",21.88,-47.956,"CVPileMaki",13.606,-64.805,"SFIDA",38.632,-92.469,"mungjungh",-3.133,-106.678,"M_lunatic",-41.194,-81.253,0,0,0,0,0,"",0,0,0,0,0,0,0,0,0,0
41,2,0,1,2,1,0,2,0,0,0,255,255,255,14,3328.451,"Kr_Luna",L,27,140,-1.395,0.57,0.007,1.787,-36.465,2,0,-90.866,-140.209,0.391,0,0,1,7,0,R,"HANA_ARASHI",190,86,0.23,2,59,3329.563,180,154,37,255,155,97,41.628,9.283,-0.45,-0.1,-0.116,0.28,0,0,0,-0.033,-37.2,"_Chun",-0.12,-17.056,"_AKASATA_",-20.796,-45.156,"오띵__",-13.114,-64.96,"なおｐ--",21.875,-47.996,"CVPileMaki",13.529,-64.813,"SFIDA",38.591,-92.521,"mungjungh",-3.124,-106.682,"M_lunatic",-42.653,-81.507,3334.995,-4.331,-93.499,3335.128,7,"mungjungh",-4.281,-91.782,0,0,0,0,0,0,0,1
42,3,1,1,2,0,0,0,0,0,0,255,255,255,26,3395.082,"HANA_ARASHI",R,26,140,-2.074,0.734,-0.178,1.753,-36.35,1,0,-58.542,-200,18.587,0,0,0,7,5,R,"CVPileMaki",169.6,94,0.395,0,59,0,0,0,0,0,0,0,0,0,0,0,0,0,0,0,0,-0.166,-37.495,"Pring__",-0.085,-16.722,"Megu3568",-20.185,-46.954,"Fresh825",-14.597,-62.362,"인생최패망자",17.244,-50.086,"ʚEveɞ",9.841,-65.712,"IbikiKai_JP",36.585,-85.973,"Yaksok~",1.746,-110.736,"Gonyong",-44.402,-84,0,0,0,0,0,"",0,0,0,0,0,0,0,0,0,0
43,3,1,1,2,1,0,0,0,0,0,255,255,255,27,3412.727,"HANA_ARASHI",R,13,98,0.999,-0.707,0.36,2.091,-36.588,2,0,-301.422,368.147,5.453,0,0,1,7,5,R,"CVPileMaki",169.6,94,0.395,3,59,3413.962,207,146,44,255,155,123,32.447,27.915,0.75,0.046,-0.073,0.223,0,0,0,-0.054,-37.095,"Pring__",0.128,-16.887,"Megu3568",-20.117,-46.862,"Fresh825",-14.592,-62.256,"인생최패망자",17.445,-50.173,"ʚEveɞ",9.766,-66.169,"IbikiKai_JP",36.602,-86.012,"Yaksok~",1.778,-110.603,"Gonyong",-45.594,-82.527,3419.045,-61.379,-95.708,3421.545,8,"Gonyong",-56.038,-86.05,1,0,0,0,0,0,0,2
44,3,1,1,2,0,0,0,0,1,0,255,5,255,28,3456.522,"HANA_ARASHI",R,26,140,-1.763,-0.019,-0.149,1.644,-36.366,1,0,-54.627,-171.158,12.511,0,0,0,8,8,L,"M_lunatic",160,107,0.444,0,59,0,0,0,0,0,0,0,0,0,0,0,0,0,0,0,0,-0.248,-37.698,"Pring__",0.094,-16.764,"Megu3568",-19.356,-46.826,"Fresh825",-5.64,-63.384,"인생최패망자",20.464,-45.476,"ʚEveɞ",11.87,-65.092,"IbikiKai_JP",39.188,-85.712,"Yaksok~",2.436,-108.602,"Gonyong",-39.332,-84.499,0,0,0,0,0,"",0,0,0,0,0,0,0,0,0,0
45,3,1,1,2,1,0,0,0,1,0,255,5,255,29,3484.78,"HANA_ARASHI",R,27,134,-1.011,-0.824,-0.078,1.545,-36.274,2,0,-57.155,-108.21,3.017,0,0,1,8,8,L,"M_lunatic",160,107,0.444,2,59,3485.776,190,90,18,111,142,80,-34.303,37.167,-0.28,0.06,-0.08,0.228,0,0,0,-0.132,-36.954,"Pring__",-0.042,-16.868,"Megu3568",-19.734,-48.025,"Fresh825",-3.888,-62.975,"인생최패망자",20.268,-45.261,"ʚEveɞ",11.804,-64.409,"IbikiKai_JP",39.179,-85.717,"Yaksok~",2.771,-109.576,"Gonyong",-39.27,-84.216,3485.995,-0.866,-22.163,3488.112,2,"Megu3568",-14.902,-44.481,1,128,0,0,0,0,0,2
46,3,1,1,2,0,0,1,1,0,0,8,255,255,30,3521.409,"HANA_ARASHI",R,26,140,-1.316,0.544,-0.106,1.719,-36.348,2,0,-64.089,-200,23.502,0,0,1,0,3,R,"오띵__",165.2,90,0.405,3,59,3522.288,173,107,31,132,145,122,57.5,33.904,0.53,0.013,-0.051,0.201,0,0,0,0.034,-36.92,"Pring__",-0.054,-16.595,"Megu3568",-18.45,-43.132,"Fresh825",-14.116,-63.373,"인생최패망자",18.256,-48.979,"ʚEveɞ",10.212,-66.266,"IbikiKai_JP",40.435,-86.267,"Yaksok~",-3.169,-109.265,"Gonyong",-44.961,-84.327,3529.612,-60.18,-80.271,3529.845,8,"Gonyong",-59.35,-79.496,0,0,0,0,0,0,0,1
47,3,1,1,2,0,0,2,1,0,0,8,255,255,31,3576.989,"HANA_ARASHI",R,14,103,1.857,-0.919,0.079,1.85,-36.359,2,0,274.568,199.946,-3.229,0,0,1,1,0,L,"Kr_Luna",189.9,96.932,0.451,2,59,3577.904,153,87,51,105,143,87,-30,-19.397,0.96,0.033,-0.081,0.326,0,0,0,-0.191,-36.93,"Pring__",0.348,-16.921,"Megu3568",-18.695,-45.419,"Fresh825",-5.884,-63.604,"인생최패망자",23.676,-48.567,"ʚEveɞ",11.828,-65.163,"IbikiKai_JP",44.916,-89.271,"Yaksok~",3.882,-109.889,"Gonyong",-42.146,-90.705,3578.079,0.705,-21.183,3580.945,7,"Yaksok~",13.611,-59.234,0,0,0,0,0,0,0,2
48,3,0,1,2,0,0,0,0,0,0,255,255,255,15,3646.152,"Kr_Luna",L,10,115,-0.109,-0.159,-0.05,1.891,-36.463,2,0,0,400,2.65,0,0,1,8,5,L,"ʚEveɞ",175.1,94.542,0.398,3,59,3647.227,200,119,14,215,147,88,-9.399,37.79,-0.18,0.064,-0.069,0.463,0,0,0,-0.08,-37.589,"_Chun",-0.143,-17.053,"_AKASATA_",-21.333,-45.653,"오띵__",-13.167,-65.138,"なおｐ--",21.77,-48.226,"CVPileMaki",13.607,-64.792,"SFIDA",36.615,-87.373,"mungjungh",-0.409,-107.122,"M_lunatic",-38.37,-85.802,3647.612,-3.328,-24.832,3649.262,2,"_AKASATA_",-18.792,-42.833,0,0,0,0,0,0,0,2
49,3,0,1,2,0,0,1,0,0,0,255,255,255,16,3674.99,"Kr_Luna",L,28,140,-2.216,0.337,-0.1,1.799,-36.602,4,0,-64.323,-94.207,1.292,0,0,1,0,3,L,"Fresh825",172.7,86,0.8,0,88,0,0,0,0,0,0,0,0,0,0,0,0,0,0,0,0,0.172,-37.758,"_Chun",-0.104,-17.105,"_AKASATA_",-21.229,-45.386,"오띵__",-13.254,-65.225,"なおｐ--",21.826,-48.282,"CVPileMaki",13.549,-64.795,"SFIDA",35.139,-85.508,"mungjungh",-0.867,-104.09,"M_lunatic",-38.593,-80.146,0,0,0,0,0,"",0,0,0,0,0,0,0,0,0,0
50,3,0,1,2,0,1,1,0,0,0,255,255,255,17,3695.978,"Kr_Luna",L,26,140,-0.493,0.813,0.085,1.809,-36.448,2,0,-89.362,-166.194,-1.69,0,0,1,0,3,L,"Fresh825",172.7,86,0.8,3,88,3697.011,109,108,16,123,139,81,40.027,-13.786,-0.38,0.146,-0.064,0.191,0,0,0,-0.226,-37.005,"_Chun",0.071,-17.053,"_AKASATA_",-20.703,-45.002,"오띵__",-13.249,-65.162,"なおｐ--",22.098,-48.447,"CVPileMaki",13.588,-64.764,"SFIDA",36.491,-85.484,"mungjungh",1.906,-105.004,"M_lunatic",-38.618,-80.163,3701.995,18.174,-75.018,3702.195,5,"CVPileMaki",17.415,-72.792,0,0,0,0,0,0,0,1
51,3,0,1,2,0,0,2,0,0,0,255,255,255,18,3729.257,"Kr_Luna",L,27,140,-0.114,0.919,0.138,1.837,-36.507,0,0,-87.25,-117.565,-0.5,0,0,0,1,2,R,"Megu3568",174.7,86,0.404,0,87,0,0,0,0,0,0,0,0,0,0,0,0,0,0,0,0,0.281,-37.717,"_Chun",0.106,-17.198,"_AKASATA_",-21.292,-45.851,"오띵__",-13.242,-65.238,"なおｐ--",21.392,-47.515,"CVPileMaki",13.561,-64.813,"SFIDA",37.58,-84.813,"mungjungh",-2.888,-102.177,"M_lunatic",-39.724,-78.032,0,0,0,0,0,"",0,0,0,0,0,0,0,0,0,0
52,3,0,1,2,0,1,2,0,0,0,255,255,255,19,3748.119,"Kr_Luna",L,14,90,-2.515,0.12,0.052,2.052,-36.814,1,0,-329.237,296.772,6.978,0,0,0,1,2,R,"Megu3568",174.7,86,0.404,0,87,0,0,0,0,0,0,0,0,0,0,0,0,0,0,0,0,0.134,-38.078,"_Chun",-0.264,-17.054,"_AKASATA_",-22.207,-45.572,"오띵__",-13.274,-65.263,"なおｐ--",21.591,-47.801,"CVPileMaki",13.583,-64.858,"SFIDA",37.245,-84.586,"mungjungh",-2.534,-101.568,"M_lunatic",-39.716,-78.032,0,0,0,0,0,"",0,0,0,0,0,0,0,0,0,0
53,3,0,1,2,0,2,2,0,0,0,255,255,255,20,3770.462,"Kr_Luna",L,10,122,1.806,0,0.134,1.734,-36.389,1,0,-1.834,400,-3.33,0.406,-14.618,0,1,2,R,"Megu3568",174.7,86,0.404,0,87,0,0,0,0,0,0,0,0,0,0,0,0,0,0,0,0,0.219,-37.997,"_Chun",0.264,-17.036,"_AKASATA_",-21.655,-46.586,"오띵__",-13.282,-65.26,"なおｐ--",21.707,-47.937,"CVPileMaki",13.534,-64.789,"SFIDA",37.229,-84.583,"mungjungh",-3.346,-101.584,"M_lunatic",-39.703,-78.01,0,0,0,0,0,"",0,0,0,0,0,0,0,0,0,0
54,3,0,1,2,1,2,2,0,0,0,255,255,255,21,3791.625,"Kr_Luna",L,27,140,0.172,1.001,0.182,1.812,-36.426,2,0,-81.036,-111.639,-1.426,0,0,1,1,2,R,"Megu3568",174.7,86,0.404,3,87,3792.693,174,87,17,142,141,127,-25.814,46.175,0.61,0.017,0.015,0.208,0,0,0,0.263,-36.998,"_Chun",0.15,-17.29,"_AKASATA_",-21.453,-45.305,"오띵__",-13.269,-65.269,"なおｐ--",21.691,-47.962,"CVPileMaki",13.544,-64.776,"SFIDA",32.47,-89.417,"mungjungh",-2.328,-100.964,"M_lunatic",-39.318,-78.033,3792.845,-2.393,-21.149,0,0,"",0,0,0,0,0,0,0,0,0,3
55,3,0,1,2,1,2,2,0,0,0,255,255,255,22,3817.924,"Kr_Luna",L,11,101,0.417,-1.91,0.048,1.851,-36.555,2,0,0,180.317,-8.159,0,0,1,1,2,R,"Megu3568",174.7,86,0.404,3,87,3819.167,219,175,68,242,155,100,25.118,0.394,0.93,-0.032,-0.159,0.409,0,0,0,-0.054,-37.536,"_Chun",0.123,-17.204,"_AKASATA_",-21.361,-44.91,"오띵__",-13.201,-65.164,"なおｐ--",21.787,-48.179,"CVPileMaki",13.542,-64.847,"SFIDA",33.068,-88.738,"mungjungh",1.361,-98.439,"M_lunatic",-39.825,-77.804,3823.762,-15.947,-102.985,3830.712,7,"mungjungh",-20.262,-129.072,1,0,0,0,0,0,0,2
56,3,0,1,2,0,0,2,0,0,1,255,255,11,23,3885.786,"Kr_Luna",L,6,90,0.2,0.49,0.479,2.058,-36.693,0,0,-406.297,0,4.093,0,0,0,2,8,R,"Gonyong",179.9,95.148,0.2,0,59,0,0,0,0,0,0,0,0,0,0,0,0,0,0,0,0,0.308,-37.979,"_Chun",0.148,-17.19,"_AKASATA_",-20.429,-45.724,"오띵__",-13.098,-65.272,"なおｐ--",19.61,-44.827,"CVPileMaki",13.58,-64.745,"SFIDA",42.518,-95.735,"mungjungh",-2.399,-106.689,"M_lunatic",-37.213,-79.966,0,0,0,0,0,"",0,0,0,0,0,0,0,0,0,0
57,3,0,1,2,0,1,2,0,0,1,255,255,11,24,3907.186,"Kr_Luna",L,10,114,4.688,0.887,0.135,1.921,-36.514,2,0,0,400,-3.725,0,0,1,2,8,R,"Gonyong",179.9,95.148,0.2,3,59,3908.125,106,60,19,84,125,76,-22.865,39.412,-0.28,-0.025,-0.03,0.129,0,0,0,0.318,-37.617,"_Chun",0.165,-17.078,"_AKASATA_",-20.54,-45.739,"오띵__",-13.094,-65.27,"なおｐ--",18.918,-42.047,"CVPileMaki",13.531,-64.784,"SFIDA",42.491,-95.755,"mungjungh",-1.646,-106.785,"M_lunatic",-37.243,-79.95,3908.345,-1.285,-21.762,3910.312,2,"_AKASATA_",-17.894,-41.993,0,0,0,0,0,0,0,2
58,4,1,1,2,0,0,0,0,0,0,255,255,255,32,3974.41,"HANA_ARASHI",R,10,111,-1.224,-1.243,-0.17,1.777,-36.393,2,0,0,263.584,11.278,0,0,1,2,1,L,"_Chun",190,95.123,0.455,3,59,3975.413,150,109,27,155,143,93,-6.26,14.801,0,0.021,-0.104,0.374,0,0,0,-0.181,-37.043,"Pring__",-0.168,-17.046,"Megu3568",-19.569,-45.706,"Fresh825",-13.883,-64.385,"인생최패망자",21.554,-47.016,"ʚEveɞ",12.374,-64.724,"IbikiKai_JP",38.429,-84.596,"Yaksok~",3.515,-111.816,"Gonyong",-39.025,-86.38,3975.612,-1.009,-23.414,3977.712,3,"Fresh825",-8.967,-59.9,0,0,0,0,0,0,0,2
59,4,1,1,2,0,0,1,0,0,0,255,255,255,33,4008.619,"HANA_ARASHI",R,10,111,-2.376,-1.372,-0.315,1.778,-36.351,1,0,-26.198,339.721,12.759,-0.467,-18.012,0,3,4,R,"なおｐ--",190,89.927,0.412,0,59,0,0,0,0,0,0,0,0,0,0,0,0,0,0,0,0,-0.141,-37.507,"Pring__",-0.095,-16.917,"Megu3568",-19.644,-45.307,"Fresh825",-14.033,-64.424,"인생최패망자",16.47,-50.117,"ʚEveɞ",10.511,-65.742,"IbikiKai_JP",36.604,-90.32,"Yaksok~",-1.988,-108.351,"Gonyong",-42.844,-87.042,0,0,0,0,0,"",0,0,0,0,0,0,0,0,0,0
60,4,1,1,2,1,0,1,0,0,0,255,255,255,34,4024.274,"HANA_ARASHI",R,10,113,-1.17,-0.874,-0.163,1.908,-36.42,2,0,0,327.693,12.724,0,0,1,3,4,R,"なおｐ--",190,89.927,0.412,3,59,4025.354,169,123,53,162,151,109,-30,44.362,0.9,-0.096,-0.139,0.438,0,0,0,-0.042,-36.937,"Pring__",-0.164,-16.917,"Megu3568",-19.566,-45.213,"Fresh825",-13.995,-64.288,"인생최패망자",17.061,-49.974,"ʚEveɞ",9.843,-65.789,"IbikiKai_JP",37.541,-92.581,"Yaksok~",-1.958,-108.418,"Gonyong",-42.716,-87.289,4025.529,-1.294,-21.62,4034.495,8,"Gonyong",-61.893,-86.747,1,0,0,0,0,0,0,2
61,4,1,1,2,0,0,1,0,1,0,255,4,255,35,4072.686,"HANA_ARASHI",R,27,140,-1.687,0.606,-0.141,1.775,-36.397,2,0,-51.729,-135.698,8.357,0,0,1,4,6,L,"SFIDA",190,86,0.655,2,25,4073.577,147,78,7,153,137,86,95.176,77.693,-0.42,-0.004,-0.039,0.06,0,0,0,-0.077,-37.051,"Pring__",-0.066,-16.785,"Megu3568",-19.304,-47.803,"Fresh825",-5.136,-63.975,"인생최패망자",20.686,-45.439,"ʚEveɞ",12.29,-64.2,"IbikiKai_JP",37.737,-86.723,"Yaksok~",5.429,-109.188,"Gonyong",-47.553,-87.316,4079.795,34.91,-10.487,0,0,"",0,0,0,0,0,0,0,0,0,3
62,4,1,1,2,0,1,1,0,1,0,255,4,255,36,4106.125,"HANA_ARASHI",R,10,109,-1.14,-0.424,-0.159,2.063,-36.584,0,0,0,317.629,3.422,0,0,1,4,6,L,"SFIDA",190,86,0.655,0,25,0,0,0,0,0,0,0,0,0,0,0,0,0,0,0,0,-0.218,-37.449,"Pring__",0.134,-17.366,"Megu3568",-20.132,-46.414,"Fresh825",-1.162,-61.653,"인생최패망자",19.667,-43.976,"ʚEveɞ",13.959,-64.385,"IbikiKai_JP",37.24,-86.595,"Yaksok~",5.49,-109.109,"Gonyong",-46.043,-86.927,0,0,0,0,0,"",0,0,0,0,0,0,0,0,0,0
63,4,1,1,2,0,2,1,0,1,0,255,4,255,37,4127.651,"HANA_ARASHI",R,26,135,-0.868,2.015,-0.071,2.027,-36.485,1,0,-32.39,-200,18.024,0,0,0,4,6,L,"SFIDA",190,86,0.655,0,25,0,0,0,0,0,0,0,0,0,0,0,0,0,0,0,0,-0.129,-37.3,"Pring__",0.173,-17.202,"Megu3568",-19.507,-46.843,"Fresh825",-2.21,-63.84,"인생최패망자",19.875,-43.249,"ʚEveɞ",14.183,-64.26,"IbikiKai_JP",37.218,-86.587,"Yaksok~",7.629,-108.249,"Gonyong",-46.148,-87.096,0,0,0,0,0,"",0,0,0,16,0,0,0,0,0,0
64,4,1,1,2,1,2,1,0,1,0,255,4,255,38,4172.475,"HANA_ARASHI",R,13,98,-1.245,-0.523,0.042,2.065,-36.521,2,0,-312.135,356.723,4.529,0,0,1,4,6,L,"SFIDA",190,86,0.655,2,25,4173.498,176,131,39,142,154,130,-30,43.209,0.41,0.045,-0.11,0.256,0,0,0,-0.256,-37.082,"Pring__",-0.1,-16.953,"Megu3568",-19.264,-45.51,"Fresh825",-3.904,-63.843,"인생최패망자",20.314,-45.453,"ʚEveɞ",14.458,-63.686,"IbikiKai_JP",37.84,-86.782,"Yaksok~",5.013,-108.558,"Gonyong",-46.264,-86.682,4173.779,-1.662,-23.158,4176.845,8,"Gonyong",-51.661,-76.467,1,0,0,0,0,0,0,2
65,4,1,2,2,0,0,1,0,1,0,255,255,255,39,4294.261,"HANA_ARASHI",R,10,102,0.821,-1.552,0.043,1.94,-36.443,4,0,104.775,400,-2.869,0,0,1,5,7,R,"mungjungh",160,90,0.498,0,59,0,0,0,0,0,0,0,0,0,0,0,0,0,0,0,0,-0.405,-37.642,"Pring__",-0.011,-16.815,"Megu3568",-22.224,-46.888,"Fresh825",-15.336,-61.435,"인생최패망자",18.57,-44.116,"ʚEveɞ",10.252,-66.145,"IbikiKai_JP",42.062,-91.604,"Yaksok~",-1.832,-105.315,"Gonyong",-47.536,-89.22,0,0,0,0,0,"",0,0,0,0,0,0,0,0,0,0
66,4,1,2,2,0,1,1,0,1,0,255,255,255,40,4313.178,"HANA_ARASHI",R,27,134,-1.298,2.533,-0.109,1.998,-36.451,1,0,-37.224,-143.838,11.025,0,0,0,5,7,R,"mungjungh",160,90,0.498,0,59,0,0,0,0,0,0,0,0,0,0,0,0,0,0,0,0,-0.113,-37.401,"Pring__",-0.039,-16.842,"Megu3568",-21.784,-46.556,"Fresh825",-14.428,-61.483,"인생최패망자",18.339,-45.918,"ʚEveɞ",10.263,-66.144,"IbikiKai_JP",39.848,-92.537,"Yaksok~",-1.579,-106.204,"Gonyong",-47.531,-89.288,0,0,0,0,0,"",0,0,0,0,0,0,0,0,0,0
67,4,1,2,2,1,1,1,0,1,0,255,255,255,41,4372.483,"HANA_ARASHI",R,10,106,1.357,-1.565,0.12,1.853,-36.402,4,0,106.079,298.938,-2.935,0.295,-18.373,1,5,7,R,"mungjungh",160,90,0.498,0,78,0,0,0,0,0,0,0,0,0,0,0,0,0,0,0,0,-0.082,-37.517,"Pring__",-0.211,-16.753,"Megu3568",-21.602,-46.587,"Fresh825",-14.416,-61.513,"인생최패망자",17.981,-45.041,"ʚEveɞ",10.331,-66.186,"IbikiKai_JP",39.72,-92.516,"Yaksok~",-1.779,-107.238,"Gonyong",-47.763,-89.214,0,0,0,0,0,"",0,0,0,0,0,0,0,0,0,0
68,4,1,2,2,1,2,1,0,1,0,255,255,255,42,4446.14,"HANA_ARASHI",R,14,95,1.258,-0.904,0.01,2.107,-36.512,2,0,216.944,400,-5.223,0,0,1,5,7,R,"mungjungh",160,90,0.498,3,78,4447.324,131,42,16,43,94,67,-30,-18.029,0.82,-0.135,-0.251,0,0,0,0,-0.229,-37.063,"Pring__",0.038,-16.902,"Megu3568",-20.972,-46.99,"Fresh825",-14.246,-61.383,"인생최패망자",17.583,-48.382,"ʚEveɞ",10.32,-66.141,"IbikiKai_JP",39.828,-92.531,"Yaksok~",-2.655,-105.758,"Gonyong",-49.732,-85.919,4447.462,0.443,-19.505,4450.629,5,"ʚEveɞ",10.523,-54.739,0,0,0,0,0,0,0,2
69,4,1,2,2,0,0,2,0,1,0,255,255,255,43,4487.369,"HANA_ARASHI",R,26,140,0.643,0.428,0.07,1.724,-36.349,0,0,-37.542,-200,14.901,0,0,0,6,2,R,"_AKASATA_",190,100.042,0.2,0,59,0,0,0,0,0,0,0,0,0,0,0,0,0,0,0,0,-0.087,-37.299,"Pring__",-0.049,-16.743,"Megu3568",-21.514,-46.219,"Fresh825",-13.1,-61.149,"인생최패망자",17.706,-45.261,"ʚEveɞ",11.427,-65.613,"IbikiKai_JP",40.228,-94.656,"Yaksok~",-5.841,-106.702,"Gonyong",-45.804,-80.237,0,0,0,0,0,"",0,0,0,0,0,0,0,0,0,0
70,4,1,2,2,0,1,2,0,1,0,255,255,255,44,4506.988,"HANA_ARASHI",R,27,133,1.043,1.582,0.106,1.958,-36.427,2,0,-27.397,-143.516,5.483,0,0,1,6,2,R,"_AKASATA_",190,100.042,0.2,3,59,4507.791,86,43,18,47,80,75,2.162,44.867,0.33,0.008,0.007,0,0,0,0,0.167,-36.86,"Pring__",0.089,-16.939,"Megu3568",-21.445,-46.094,"Fresh825",-15.48,-62.808,"인생최패망자",17.734,-47.196,"ʚEveɞ",11.353,-65.599,"IbikiKai_JP",40.266,-94.673,"Yaksok~",-4.56,-105.12,"Gonyong",-45.83,-80.325,4508.962,-14.726,-31.62,4510.129,2,"Megu3568",-24.739,-39.761,0,0,0,0,0,0,0,2
71,4,1,2,2,0,2,2,0,1,0,255,255,255,45,4536.592,"HANA_ARASHI",R,13,105,-2.503,-1.252,-0.136,1.864,-36.406,4,0,-324.07,367.068,10.597,-0.633,-17.836,1,6,2,R,"_AKASATA_",190,100.042,0.2,0,59,0,0,0,0,0,0,0,0,0,0,0,0,0,0,0,0,-0.294,-37.533,"Pring__",-0.341,-17.514,"Megu3568",-20.58,-44.027,"Fresh825",-14.638,-62.747,"인생최패망자",17.216,-45.75,"ʚEveɞ",9.495,-66.347,"IbikiKai_JP",34.64,-86.874,"Yaksok~",-3.037,-107.362,"Gonyong",-46.198,-79.894,0,0,0,0,0,"",0,0,0,0,0,0,0,0,0,0
72,4,0,2,2,0,0,0,0,0,0,255,255,255,0,4748.499,"_Chun",L,28,137,1.354,1.241,0.135,1.748,-36.504,4,0,-30.57,-71.07,-7.991,0,0,1,3,1,L,"Pring__",180.3,94.883,0.396,0,84,0,0,0,0,0,0,0,0,0,0,0,0,0,0,0,0,-0.072,-37.65,"Kr_Luna",0.03,-17.313,"_AKASATA_",-20.957,-44.589,"Multeinn",-12.363,-63.885,"なおｐ--",21.06,-47.777,"CVPileMaki",13.552,-64.86,"SFIDA",39.609,-92.563,"mungjungh",0.864,-107.399,"M_lunatic",-38.336,-81.397,0,0,0,0,0,"",0,0,0,0,0,0,0,0,0,0
73,4,0,2,2,0,1,0,0,0,0,255,255,255,1,4767.963,"_Chun",L,10,121,-1.197,-0.205,-0.147,1.707,-36.564,2,0,0,400,-1.406,0,0,1,3,1,L,"Pring__",180.3,94.883,0.396,3,84,4768.701,194,154,34,215,155,128,10.699,31.781,0.39,-0.033,-0.08,0.367,0,0,0,0.12,-36.779,"Kr_Luna",-0.063,-17.371,"_AKASATA_",-21.194,-45.847,"Multeinn",-14.256,-63.24,"なおｐ--",21.602,-47.921,"CVPileMaki",13.535,-64.722,"SFIDA",43.21,-91.171,"mungjungh",1.184,-106.351,"M_lunatic",-37.892,-81.023,4771.346,-41.515,-80.532,4771.562,8,"M_lunatic",-38.735,-76.959,0,0,0,0,0,0,0,1
74,4,0,2,2,0,0,1,0,0,0,255,255,255,2,4803.645,"_Chun",L,27,140,1.529,0.74,0.159,1.599,-36.471,2,0,-55.506,-122.769,-1.745,0,0,1,4,4,R,"인생최패망자",190,90,0.447,2,59,4804.675,133,125,29,208,142,91,24.682,2.794,-0.16,0.064,-0.076,0.412,0,0,0,0.147,-37.236,"Kr_Luna",0.06,-17.306,"_AKASATA_",-22.07,-46.877,"Multeinn",-15.694,-62.858,"なおｐ--",22.031,-48.595,"CVPileMaki",13.504,-64.733,"SFIDA",37.406,-95.885,"mungjungh",-0.287,-102.869,"M_lunatic",-39.007,-81.885,4809.612,-3.937,-97.5,4809.762,7,"mungjungh",-3.786,-94.856,0,0,0,0,0,0,0,1
75,4,0,2,2,0,0,2,0,0,0,255,255,255,3,4836.144,"_Chun",L,6,125,-1.471,0.309,-0.004,1.536,-36.506,1,0,-422.93,0,-27.408,0,0,0,5,7,R,"Yaksok~",173.1,91.563,0.502,0,59,0,0,0,0,0,0,0,0,0,0,0,0,0,0,0,0,0.153,-37.677,"Kr_Luna",-0.092,-17.337,"_AKASATA_",-21.491,-45.583,"Multeinn",-14.145,-63.05,"なおｐ--",22.44,-49.104,"CVPileMaki",13.551,-64.832,"SFIDA",36.66,-81.858,"mungjungh",-1.807,-102.899,"M_lunatic",-37.476,-78.391,0,0,0,0,0,"",0,0,0,0,0,0,0,0,0,0
76,4,0,2,2,1,0,2,0,0,0,255,255,255,4,4856.709,"_Chun",L,28,133,-3.653,0.132,-0.357,1.62,-36.652,4,0,-65.54,-90.788,2.416,0,0,1,5,7,R,"Yaksok~",173.1,91.563,0.502,0,59,0,0,0,0,0,0,0,0,0,0,0,0,0,0,0,0,-0.228,-37.91,"Kr_Luna",-0.235,-17.279,"_AKASATA_",-21.71,-46.137,"Multeinn",-14.952,-62.717,"なおｐ--",22.537,-49.172,"CVPileMaki",13.57,-64.841,"SFIDA",36.653,-81.844,"mungjungh",-1.492,-102.871,"M_lunatic",-37.272,-78.413,0,0,0,0,0,"",0,0,0,0,0,0,0,0,0,0
77,4,0,2,2,1,1,2,0,0,0,255,255,255,5,4876.548,"_Chun",L,0,119,-0.275,-0.762,-0.178,1.957,-36.884,2,0,0,0,2.359,0,0,1,5,7,R,"Yaksok~",173.1,91.563,0.502,3,74,4877.384,149,121,19,177,143,127,-15.149,-22.175,0.28,-0.082,-0.07,0.415,0,0,0,0.099,-37.099,"Kr_Luna",-0.005,-17.333,"_AKASATA_",-21.738,-46.116,"Multeinn",-14.81,-62.649,"なおｐ--",22.542,-49.062,"CVPileMaki",13.565,-64.785,"SFIDA",36.593,-81.872,"mungjungh",-1.884,-103.575,"M_lunatic",-37.31,-78.427,4877.712,0.959,-22.878,4885.579,7,"mungjungh",20.632,-112.986,1,0,0,0,0,0,0,2
78,4,0,2,2,0,0,2,0,0,1,255,255,255,6,5255.652,"_Chun",L,26,140,-1.382,0.226,-0.092,1.622,-36.514,2,0,-60.784,-153.422,-5.804,0,0,1,6,6,L,"IbikiKai_JP",175,90,0.5,3,28,5256.804,158,124,56,168,147,101,104.393,62.254,0.06,-0.038,-0.08,0.388,0,0,0,-0.048,-37.248,"Kr_Luna",-0.013,-17.311,"_AKASATA_",-20.848,-46.293,"Multeinn",-10.872,-65.283,"なおｐ--",18.769,-44.433,"CVPileMaki",13.594,-64.764,"SFIDA",38.031,-80.909,"mungjungh",0.07,-100.406,"M_lunatic",-37.821,-85.262,0,0,0,0,0,"",0,0,0,0,0,0,0,0,0,3
79,4,0,2,2,0,1,2,0,0,1,255,255,255,7,5279.71,"_Chun",L,28,137,-1.073,1.413,-0.152,1.795,-36.593,4,0,-54.777,-75.133,-3.481,0,0,1,6,6,L,"IbikiKai_JP",175,90,0.5,0,28,0,0,0,0,0,0,0,0,0,0,0,0,0,0,0,0,-0.056,-37.782,"Kr_Luna",0.129,-17.334,"_AKASATA_",-20.865,-45.269,"Multeinn",-11.466,-62.873,"なおｐ--",19.163,-45.179,"CVPileMaki",13.606,-64.747,"SFIDA",41.128,-78.124,"mungjungh",-0.633,-100.829,"M_lunatic",-36.677,-86.352,0,0,0,0,0,"",0,0,0,0,0,0,0,0,0,0
80,4,0,2,2,0,2,2,0,0,1,255,255,255,8,5353.169,"_Chun",L,13,122,3.283,-0.9,0.148,1.55,-36.498,4,0,297.476,400,-5.989,0.866,-16.437,1,6,6,L,"IbikiKai_JP",175,90,0.5,0,28,0,0,0,0,0,0,0,0,0,0,0,0,0,0,0,0,0.262,-37.893,"Kr_Luna",0.454,-15.862,"_AKASATA_",-21.966,-46.099,"Multeinn",-11.954,-63.587,"なおｐ--",19.366,-44.833,"CVPileMaki",13.681,-64.586,"SFIDA",41.424,-78.293,"mungjungh",0.246,-100.975,"M_lunatic",-35.966,-86.33,0,0,0,0,0,"",0,0,0,0,0,0,0,0,0,0
81,5,1,2,2,0,0,0,0,0,0,255,255,255,46,5427.627,"HANA_ARASHI",R,26,138,-0.761,-0.127,-0.057,1.619,-36.389,0,0,-48.642,-200,12.889,0,0,0,7,5,R,"CVPileMaki",169.6,94,0.395,0,59,0,0,0,0,0,0,0,0,0,0,0,0,0,0,0,0,-0.311,-37.629,"Pring__",-0.682,-16.84,"Megu3568",-22.116,-46.75,"Fresh825",-15.371,-63.737,"인생최패망자",16.492,-49.152,"ʚEveɞ",10.341,-66.058,"IbikiKai_JP",37.581,-86.508,"Yaksok~",-4.213,-103.879,"Gonyong",-43.875,-82.782,0,0,0,0,0,"",0,0,0,0,0,0,0,0,0,0
82,5,1,2,2,0,1,0,0,0,0,255,255,255,47,5443.168,"HANA_ARASHI",R,13,105,-2.781,-1.169,-0.154,1.929,-36.388,2,0,-357.491,331.269,7.577,0,0,1,7,5,R,"CVPileMaki",169.6,94,0.395,3,59,5444.397,110,123,54,153,141,79,-30,29.982,0.96,-0.132,-0.186,0.117,0,0,0,-0.307,-37.131,"Pring__",-0.348,-16.889,"Megu3568",-21.994,-46.614,"Fresh825",-15.361,-63.707,"인생최패망자",16.413,-48.906,"ʚEveɞ",10.325,-65.953,"IbikiKai_JP",37.576,-86.577,"Yaksok~",-3.712,-103.753,"Gonyong",-43.938,-83.046,5444.562,-0.871,-19.549,5447.629,3,"Fresh825",-13,-53.65,0,0,0,0,0,0,0,2
83,5,1,2,2,0,0,1,0,0,0,255,255,255,48,5479.447,"HANA_ARASHI",R,26,136,-1.678,-0.151,-0.135,1.906,-36.372,1,0,-68.328,-200,9.173,0,0,0,8,8,L,"M_lunatic",160,107,0.444,0,59,0,0,0,0,0,0,0,0,0,0,0,0,0,0,0,0,-0.237,-37.404,"Pring__",0.148,-16.873,"Megu3568",-21.336,-46.394,"Fresh825",-11.668,-65.495,"인생최패망자",19.957,-45.053,"ʚEveɞ",12.525,-65.046,"IbikiKai_JP",38.609,-83.19,"Yaksok~",4.741,-104.866,"Gonyong",-39.611,-90.488,0,0,0,0,0,"",0,0,0,0,0,0,0,0,0,0
84,5,1,2,2,1,0,1,0,0,0,255,255,255,49,5499.342,"HANA_ARASHI",R,13,98,-1.607,-0.723,0.013,2.079,-36.486,4,0,-329.429,336.56,6.936,0,0,1,8,8,L,"M_lunatic",160,107,0.444,0,59,0,0,0,0,0,0,0,0,0,0,0,0,0,0,0,0,-0.2,-37.35,"Pring__",0.172,-16.761,"Megu3568",-21.308,-46.423,"Fresh825",-11.608,-65.489,"인생최패망자",19.261,-43.775,"ʚEveɞ",12.653,-65.249,"IbikiKai_JP",38.509,-83.311,"Yaksok~",5.02,-104.581,"Gonyong",-39.531,-90.475,0,0,0,0,0,"",0,0,0,0,0,0,0,0,0,0
85,5,1,2,2,1,1,1,0,0,0,255,255,255,50,5518.195,"HANA_ARASHI",R,26,136,-1.46,0.478,-0.12,1.702,-36.37,2,0,-60.395,-200,15.805,0,0,1,8,8,L,"M_lunatic",160,107,0.444,2,59,5519.206,165,77,21,102,140,77,34.861,1.91,-0.53,0.053,-0.1,0.135,0,0,0,-0.209,-36.973,"Pring__",-0.138,-17.128,"Megu3568",-21.197,-46.33,"Fresh825",-11.59,-65.444,"인생최패망자",20.328,-45.267,"ʚEveɞ",12.626,-65.23,"IbikiKai_JP",38.582,-83.239,"Yaksok~",4.466,-104.549,"Gonyong",-39.64,-90.316,0,0,0,5524.012,3,"Fresh825",-3.105,-77.272,0,0,0,0,0,0,0,1
86,5,1,2,2,0,0,2,0,0,0,255,255,255,51,5557.213,"HANA_ARASHI",R,27,135,0.202,-1.149,0.036,1.479,-36.309,1,0,-54.521,-124.29,7.502,0,0,0,0,3,R,"Multeinn",170.3,95.343,0.505,0,59,0,0,0,0,0,0,0,0,0,0,0,0,0,0,0,0,0.087,-37.32,"Pring__",-0.237,-16.985,"Megu3568",-22.101,-45.995,"Fresh825",-14.69,-63.958,"인생최패망자",17.381,-48.969,"ʚEveɞ",10.528,-66.119,"IbikiKai_JP",35.25,-86.051,"Yaksok~",-2.163,-105.818,"Gonyong",-44.724,-84.324,0,0,0,0,0,"",0,0,0,0,0,0,0,0,0,0
87,5,1,2,2,1,0,2,0,0,0,255,255,255,52,5574.593,"HANA_ARASHI",R,26,140,0.306,1.252,0.047,1.834,-36.349,1,0,-66.726,-200,14.167,0,0,0,0,3,R,"Multeinn",170.3,95.343,0.505,0,59,0,0,0,0,0,0,0,0,0,0,0,0,0,0,0,0,0.032,-37.558,"Pring__",-0.095,-16.7,"Megu3568",-22.084,-45.969,"Fresh825",-14.488,-63.849,"인생최패망자",17.653,-48.126,"ʚEveɞ",10.543,-66.146,"IbikiKai_JP",34.777,-87.433,"Yaksok~",-2.173,-105.846,"Gonyong",-44.704,-84.314,0,0,0,0,0,"",0,0,0,0,0,0,0,0,0,0
88,5,1,2,2,2,0,2,0,0,0,255,255,255,53,5594.018,"HANA_ARASHI",R,10,98,0.099,-0.699,0.108,2.129,-36.607,0,0,-122.844,400,9.057,0,0,0,0,3,R,"Multeinn",170.3,95.343,0.505,0,59,0,0,0,0,0,0,0,0,0,0,0,0,0,0,0,0,-0.251,-37.602,"Pring__",-0.429,-16.705,"Megu3568",-22.061,-45.981,"Fresh825",-14.481,-63.825,"인생최패망자",17.653,-48.139,"ʚEveɞ",10.524,-66.114,"IbikiKai_JP",34.725,-87.443,"Yaksok~",-2.687,-105.786,"Gonyong",-44.686,-84.324,0,0,0,0,0,"",0,0,0,0,0,0,0,0,0,0
89,5,1,2,2,2,1,2,0,0,0,255,255,255,54,5611.031,"HANA_ARASHI",R,13,106,-3.529,-1.919,-0.339,1.796,-36.344,1,0,-232.269,393.857,19.939,-0.733,-19.186,0,0,3,R,"Multeinn",170.3,95.343,0.505,0,59,0,0,0,0,0,0,0,0,0,0,0,0,0,0,0,0,-0.389,-37.542,"Pring__",-0.262,-16.573,"Megu3568",-22.092,-46.05,"Fresh825",-14.429,-63.733,"인생최패망자",17.656,-47.993,"ʚEveɞ",10.529,-66.182,"IbikiKai_JP",34.814,-87.437,"Yaksok~",-2.707,-105.815,"Gonyong",-44.717,-84.295,0,0,0,0,0,"",0,0,0,0,0,0,0,0,0,0
90,5,1,2,2,3,1,2,0,0,0,255,255,255,55,5629.606,"HANA_ARASHI",R,26,131,0.971,2.142,0.111,1.967,-36.466,1,0,-59.457,-200,5.666,0,0,0,0,3,R,"Multeinn",170.3,95.343,0.505,0,59,0,0,0,0,0,0,0,0,0,0,0,0,0,0,0,0,-0.082,-37.409,"Pring__",0.084,-16.653,"Megu3568",-22.09,-46.037,"Fresh825",-14.397,-63.833,"인생최패망자",17.846,-48.316,"ʚEveɞ",10.526,-66.175,"IbikiKai_JP",34.791,-87.443,"Yaksok~",-2.578,-105.707,"Gonyong",-44.694,-84.339,0,0,0,0,0,"",0,0,0,0,0,0,0,0,0,5
91,5,1,2,2,0,0,2,1,0,0,3,255,255,56,5695.244,"HANA_ARASHI",R,27,140,-8.12,-2.529,-0.176,1.611,-36.33,2,0,-49.166,-146.5,7.521,0,0,1,1,1,L,"Kr_Luna",189.9,96.932,0.451,2,90,5695.997,126,58,13,78,118,74,-16.037,8.714,-0.46,0.051,-0.062,0.152,0,0,0,-0.122,-36.965,"Pring__",-0.216,-16.755,"Megu3568",-18.707,-44.412,"Fresh825",-11.919,-65.735,"인생최패망자",25.896,-49.618,"ʚEveɞ",11.112,-65.881,"IbikiKai_JP",40.562,-89.931,"Yaksok~",3.768,-111.496,"Gonyong",-40.108,-86.998,5696.312,-0.82,-22.861,5698.862,3,"Fresh825",-5.679,-57.513,0,0,0,0,0,0,0,2
92,5,0,2,2,0,0,0,0,0,0,255,255,255,9,5903.283,"_Chun",L,3,122,0.754,0.769,-0.272,1.635,-36.474,0,0,429.884,0,-2.867,0,0,0,7,0,R,"HANA_ARASHI",190,86,0.23,0,59,0,0,0,0,0,0,0,0,0,0,0,0,0,0,0,0,-0.16,-37.554,"Kr_Luna",0.065,-17.435,"_AKASATA_",-22.194,-47.533,"Multeinn",-12.845,-64.108,"なおｐ--",22.499,-48.851,"CVPileMaki",13.552,-64.87,"SFIDA",44.08,-95.242,"mungjungh",-0.919,-103.92,"M_lunatic",-39.248,-83.684,0,0,0,0,0,"",0,0,0,0,0,0,0,0,0,0
93,5,0,2,2,0,1,0,0,0,0,255,255,255,10,5923.916,"_Chun",L,10,123,-0.912,-1.3,-0.096,1.489,-36.48,2,0,0,400,-9.586,0,0,1,7,0,R,"HANA_ARASHI",190,86,0.23,2,59,5924.916,199,158,37,215,155,126,-30,-15.573,0.77,-0.094,-0.224,0.286,0,0,0,-0.065,-37.008,"Kr_Luna",0.033,-17.418,"_AKASATA_",-22.523,-46.989,"Multeinn",-12.548,-64.112,"なおｐ--",22.478,-48.892,"CVPileMaki",13.531,-64.803,"SFIDA",44.067,-95.24,"mungjungh",-0.902,-103.932,"M_lunatic",-39.298,-83.714,5925.079,0.054,-21.202,5934.712,7,"mungjungh",15.829,-123.569,1,0,0,0,0,0,0,2
94,5,0,2,2,0,0,0,0,1,0,255,9,255,11,5970.516,"_Chun",L,28,132,-2.405,0.749,-0.275,1.699,-36.568,2,0,-46.362,-82.843,-2.132,0,0,1,8,5,L,"ʚEveɞ",175.1,94.542,0.398,3,59,5971.53,216,110,0,185,143,84,60.03,47.68,-0.52,0.124,-0.046,0.447,0,0,0,-0.079,-37.089,"Kr_Luna",-0.048,-17.312,"_AKASATA_",-20.184,-44.822,"Multeinn",-8.455,-64.535,"なおｐ--",21.521,-47.652,"CVPileMaki",13.558,-64.756,"SFIDA",40.643,-92.539,"mungjungh",0.098,-106.907,"M_lunatic",-33.688,-84.693,5977.045,-42.814,-55.393,0,0,"",0,0,0,0,0,0,0,0,0,3
95,5,0,2,2,0,1,0,0,1,0,255,9,255,12,6001.69,"_Chun",L,3,120,1.441,0.046,-0.029,1.508,-36.601,2,0,469.196,0,-7.234,0,0,1,8,5,L,"ʚEveɞ",175.1,94.542,0.398,3,59,6002.715,185,154,14,218,155,66,8.201,3.401,0.29,0.105,-0.03,0.489,0,0,0,0.056,-37.589,"Kr_Luna",0.445,-17.369,"_AKASATA_",-21.285,-45.157,"Multeinn",-8.917,-63.852,"なおｐ--",21.882,-48.079,"CVPileMaki",13.558,-64.753,"SFIDA",40.041,-90.15,"mungjungh",0.115,-104.191,"M_lunatic",-36.041,-82.118,0,0,0,6004.295,0,"_Chun",0.308,-36.618,0,0,0,0,0,0,0,1
96,5,0,2,2,0,0,1,0,1,0,255,9,255,13,6036.245,"_Chun",L,10,112,-0.593,0.728,-0.118,1.876,-36.635,0,0,0,400,-1.592,0,0,0,0,3,L,"Fresh825",172.7,86,0.8,0,59,0,0,0,0,0,0,0,0,0,0,0,0,0,0,0,0,0.128,-37.784,"Kr_Luna",0.037,-17.352,"_AKASATA_",-20.995,-45.566,"Multeinn",-5.876,-63.742,"なおｐ--",21.857,-46.051,"CVPileMaki",13.613,-64.774,"SFIDA",37.395,-86.754,"mungjungh",-0.019,-103.091,"M_lunatic",-36.757,-86.244,0,0,0,0,0,"",0,0,0,0,0,0,0,0,0,0
97,5,0,2,2,0,1,1,0,1,0,255,9,255,14,6057.346,"_Chun",L,13,121,1.068,0.38,-0.087,1.776,-36.623,0,0,209.718,380.743,-3.612,0,0,1,0,3,L,"Fresh825",172.7,86,0.8,0,59,0,0,0,0,0,0,0,0,0,0,0,0,0,0,0,0,0.075,-37.84,"Kr_Luna",0.672,-17.362,"_AKASATA_",-20.984,-45.594,"Multeinn",-6.593,-62.011,"なおｐ--",21.316,-46.193,"CVPileMaki",13.629,-64.729,"SFIDA",37.421,-86.745,"mungjungh",-0.016,-103.083,"M_lunatic",-36.171,-87.091,0,0,0,0,0,"",0,0,0,0,0,0,0,0,0,0
98,5,0,2,2,0,2,1,0,1,0,255,9,255,15,6077.704,"_Chun",L,28,131,-1.067,1.548,-0.151,1.812,-36.622,4,0,-33.498,-58.195,-2.388,0,0,1,0,3,L,"Fresh825",172.7,86,0.8,0,59,0,0,0,0,0,0,0,0,0,0,0,0,0,0,0,0,0.18,-37.73,"Kr_Luna",0.086,-17.305,"_AKASATA_",-20.929,-45.393,"Multeinn",-6.275,-63.126,"なおｐ--",21.014,-44.932,"CVPileMaki",13.523,-64.818,"SFIDA",37.419,-86.74,"mungjungh",-0.553,-102.904,"M_lunatic",-36.378,-86.463,0,0,0,0,0,"",0,0,0,0,0,0,0,0,0,0
99,5,0,2,2,0,0,2,0,1,0,255,9,255,16,6109.506,"_Chun",L,28,132,1.667,0.422,0.009,1.666,-36.621,2,0,-54.391,-59.945,-3.644,0,0,0,1,2,R,"Megu3568",174.7,86,0.404,3,59,6110.632,141,83,20,127,140,85,-28.999,13.512,-0.08,0.02,-0.032,0.098,0,0,0,0.279,-36.918,"Kr_Luna",0.205,-17.32,"_AKASATA_",-21.324,-45.15,"Multeinn",-10.965,-61.953,"なおｐ--",20.962,-47.15,"CVPileMaki",13.53,-64.778,"SFIDA",38.235,-86.424,"mungjungh",0.654,-104.889,"M_lunatic",-40.531,-82.96,6110.812,-0.087,-21.031,6113.195,3,"Multeinn",-8.703,-54.515,0,0,0,0,0,0,0,2
100,6,1,2,2,0,0,0,0,0,0,255,255,255,57,6225.938,"HANA_ARASHI",R,10,118,-0.865,-0.252,-0.08,2.087,-36.491,0,0,0,400,7.652,0,0,0,2,0,L,"_Chun",190,95.123,0.455,0,59,0,0,0,0,0,0,0,0,0,0,0,0,0,0,0,0,-0.22,-37.461,"Pring__",0.011,-16.755,"Megu3568",-21.574,-45.858,"Fresh825",-12.916,-64.569,"인생최패망자",20.467,-44.951,"ʚEveɞ",11.449,-65.854,"IbikiKai_JP",40.38,-83.529,"Yaksok~",3.968,-112.624,"Gonyong",-44.173,-90.595,0,0,0,0,0,"",0,0,0,0,0,0,0,0,0,0
101,6,1,2,2,0,1,0,0,0,0,255,255,255,58,6245.221,"HANA_ARASHI",R,28,129,-1.144,0.006,-0.096,1.666,-36.351,0,0,-31.335,-97.631,3.956,0,0,1,2,0,L,"_Chun",190,95.123,0.455,0,59,0,0,0,0,0,0,0,0,0,0,0,0,0,0,0,0,-0.09,-37.349,"Pring__",0.224,-17.019,"Megu3568",-21.558,-45.788,"Fresh825",-12.871,-64.476,"인생최패망자",20.251,-45.196,"ʚEveɞ",11.241,-65.844,"IbikiKai_JP",40.406,-83.566,"Yaksok~",4.242,-111.955,"Gonyong",-44.246,-91.496,0,0,0,0,0,"",0,0,0,0,0,0,0,0,0,0
102,6,1,2,2,0,2,0,0,0,0,255,255,255,59,6266.265,"HANA_ARASHI",R,3,103,-1.715,-0.415,-0.002,2.002,-36.413,2,0,-252.135,47.224,7.043,0,0,1,2,0,L,"_Chun",190,95.123,0.455,3,59,6267.332,132,115,45,160,142,88,32.152,-0.386,-0.5,0.073,-0.169,0.227,0,0,0,-0.27,-37.016,"Pring__",0.122,-16.938,"Megu3568",-21.514,-45.737,"Fresh825",-12.874,-64.404,"인생최패망자",20.446,-45.247,"ʚEveɞ",11.166,-65.818,"IbikiKai_JP",40.374,-83.575,"Yaksok~",4.196,-112.222,"Gonyong",-44.351,-91.661,6272.329,5.093,-89.946,6273.579,4,"なおｐ--",4.757,-95.178,1,0,0,0,0,0,0,2
103,6,1,2,2,0,0,0,1,0,0,0,255,255,60,6306.658,"HANA_ARASHI",R,26,130,-1.587,1.772,-0.13,1.978,-36.406,2,0,-57.833,-200,10.978,0,0,1,3,4,R,"なおｐ--",190,90.021,0.415,3,59,6307.679,204,150,30,213,155,130,36.335,33.142,0.53,-0.036,-0.014,0.559,0,0,0,-0.136,-37.075,"Pring__",-0.059,-16.75,"Megu3568",-19.175,-45.554,"Fresh825",-16.365,-63.004,"인생최패망자",23.413,-55.215,"ʚEveɞ",10.372,-65.93,"IbikiKai_JP",37.82,-93.447,"Yaksok~",-1.73,-109.107,"Gonyong",-44.625,-83.318,6313.212,-78.344,-103.293,0,0,"",0,0,0,0,0,0,0,0,0,4
104,6,1,4,2,0,0,0,0,0,0,255,255,255,0,6613.169,"ʚEveɞ",R,27,140,-0.583,0.594,-0.063,1.522,-36.515,2,0,28.782,-126.705,11.139,0,0,1,4,6,L,"SFIDA",190,86,0.655,2,59,6614.147,140,102,19,161,142,89,40.675,22.113,-0.5,0.008,-0.021,0.21,0,0,0,-0.179,-36.893,"Pring__",-0.095,-16.388,"Megu3568",-21.925,-46.948,"Fresh825",-12.453,-64.586,"HANA_ARASHI",23.737,-47.593,"인생최패망자",15.725,-60.304,"IbikiKai_JP",39.101,-91.754,"Yaksok~",1.747,-104.424,"Gonyong",-50.546,-89.188,6619.362,-29.444,-80.915,6619.496,8,"Gonyong",-28.563,-79.156,0,0,0,0,0,0,0,1
105,6,1,4,2,0,0,1,0,0,0,255,255,255,1,6651.849,"ʚEveɞ",R,10,112,-0.437,-1.799,-0.041,1.364,-36.666,4,0,0,400,12.165,0,0,1,5,7,R,"mungjungh",160,90,0.498,0,78,0,0,0,0,0,0,0,0,0,0,0,0,0,0,0,0,0.045,-37.307,"Pring__",-0.099,-16.862,"Megu3568",-21.694,-46.642,"Fresh825",-15.797,-62.977,"HANA_ARASHI",24.299,-48.01,"인생최패망자",10.23,-64.566,"IbikiKai_JP",37.493,-87.962,"Yaksok~",-2.443,-106.158,"Gonyong",-56.642,-91.479,0,0,0,0,0,"",0,0,0,0,0,0,0,0,0,0
106,6,1,4,2,0,1,1,0,0,0,255,255,255,2,6669.56,"ʚEveɞ",R,26,140,-0.43,0.8,-0.053,1.504,-36.485,2,0,46.158,-178.478,12.147,0,0,1,5,7,R,"mungjungh",160,90,0.498,3,78,6670.602,162,58,22,82,133,115,103.353,-64.328,0.48,-0.182,-0.103,0.062,0,0,0,-0.18,-36.858,"Pring__",-0.132,-16.733,"Megu3568",-21.538,-46.394,"Fresh825",-15.715,-62.961,"HANA_ARASHI",24.09,-48.823,"인생최패망자",9.892,-65.258,"IbikiKai_JP",37.3,-88.012,"Yaksok~",-2.417,-106.177,"Gonyong",-56.871,-91.794,0,0,0,0,0,"",0,0,0,0,0,0,0,0,0,3
107,6,1,4,2,0,2,1,0,0,0,255,255,255,3,6692.516,"ʚEveɞ",R,10,113,0.46,-2.334,0.043,1.286,-36.604,1,0,0,400,11.765,0,0,0,5,7,R,"mungjungh",160,90,0.498,0,78,0,0,0,0,0,0,0,0,0,0,0,0,0,0,0,0,0.001,-37.356,"Pring__",-0.167,-16.764,"Megu3568",-21.217,-44.352,"Fresh825",-15.813,-62.468,"HANA_ARASHI",23.133,-47.867,"인생최패망자",8.623,-65.724,"IbikiKai_JP",34.349,-87.301,"Yaksok~",-1.926,-103.841,"Gonyong",-52.477,-93.799,0,0,0,0,0,"",0,0,0,0,0,0,0,0,0,0
108,6,1,4,2,1,2,1,0,0,0,255,255,255,4,6710.841,"ʚEveɞ",R,26,140,0.527,-0.505,0.028,1.325,-36.499,2,0,69.123,-176.277,7.14,0,0,1,5,7,R,"mungjungh",160,90,0.498,3,78,6711.908,150,55,21,64,126,109,-9.453,-4.051,0.37,-0.17,-0.113,0,0,0,0,-0.243,-36.989,"Pring__",0.088,-17.064,"Megu3568",-22.127,-47.149,"Fresh825",-15.604,-62.59,"HANA_ARASHI",22.783,-50.579,"인생최패망자",8.643,-65.302,"IbikiKai_JP",34.417,-87.3,"Yaksok~",-2.171,-103.675,"Gonyong",-52.659,-94.042,6712.196,0.374,-24.143,6714.062,5,"인생최패망자",3.076,-60.909,0,0,0,0,0,0,0,2
109,6,1,4,2,0,0,2,0,0,0,255,255,255,5,6766.692,"ʚEveɞ",R,6,114,0.406,-0.244,-0.101,1.397,-36.553,0,0,500,0,62.047,0.717,-17.464,0,6,2,R,"_AKASATA_",190,100.042,0.2,0,59,0,0,0,0,0,0,0,0,0,0,0,0,0,0,0,0,0.101,-37.265,"Pring__",0.445,-16.778,"Megu3568",-21.95,-46.478,"Fresh825",-16.131,-63.455,"HANA_ARASHI",24.092,-50.408,"인생최패망자",9.71,-66.223,"IbikiKai_JP",36.729,-87.662,"Yaksok~",-4.2,-105.545,"Gonyong",-48.097,-87.729,0,0,0,0,0,"",0,0,0,0,0,0,0,0,0,0
110,6,1,4,2,0,1,2,0,0,0,255,255,255,6,6787.174,"ʚEveɞ",R,27,140,-1.318,-0.749,-0.129,1.267,-36.469,2,0,21.272,-119.486,9.177,0,0,1,6,2,R,"_AKASATA_",190,100.042,0.2,3,59,6788.137,129,66,22,79,133,130,-25.519,-21.21,0.52,-0.077,-0.067,0.027,0,0,0,-0.161,-36.875,"Pring__",-0.333,-16.803,"Megu3568",-21.968,-46.281,"Fresh825",-16.14,-63.372,"HANA_ARASHI",23.821,-50.21,"인생최패망자",9.656,-66.125,"IbikiKai_JP",36.639,-86.483,"Yaksok~",-3.798,-105.566,"Gonyong",-48.427,-87.885,6788.362,0.134,-19.93,6790.162,5,"인생최패망자",9.867,-59.731,0,64,0,0,0,0,0,2
111,6,0,4,2,0,0,0,0,0,0,255,255,255,17,6854.572,"_Chun",L,3,127,-2.391,1.404,-0.401,1.814,-36.62,1,0,369.66,104.855,-0.016,0,0,0,2,8,R,"Gonyong",179.9,90.148,0.2,0,59,0,0,0,0,0,0,0,0,0,0,0,0,0,0,0,0,0.287,-37.686,"Kr_Luna",-0.104,-17.367,"_AKASATA_",-20.818,-45.49,"Multeinn",-14.544,-63.365,"なおｐ--",21.822,-47.988,"CVPileMaki",13.502,-64.79,"SFIDA",42.841,-93.961,"mungjungh",0.836,-108.559,"M_lunatic",-37.845,-85.941,0,0,0,0,0,"",0,0,0,0,0,0,0,0,0,0
112,6,0,4,2,1,0,0,0,0,0,255,255,255,18,6875.122,"_Chun",L,27,130,-2.25,0.429,-0.263,1.659,-36.583,1,0,-16.025,-101.077,-5.616,0,0,0,2,8,R,"Gonyong",179.9,90.148,0.2,0,59,0,0,0,0,0,0,0,0,0,0,0,0,0,0,0,0,0.005,-37.879,"Kr_Luna",-0.18,-17.34,"_AKASATA_",-20.836,-45.507,"Multeinn",-13.81,-63.677,"なおｐ--",22.09,-48.676,"CVPileMaki",13.528,-64.801,"SFIDA",42.759,-93.888,"mungjungh",0.372,-107.385,"M_lunatic",-37.848,-85.988,0,0,0,0,0,"",0,0,0,0,0,0,0,0,0,0
113,6,0,4,2,2,0,0,0,0,0,255,255,255,19,6891.608,"_Chun",L,3,125,-0.017,1.091,-0.388,1.723,-36.562,2,0,342.858,0,-0.309,0,0,1,2,8,R,"Gonyong",179.9,90.148,0.2,3,59,6892.489,91,84,26,89,129,78,90.103,-89.511,-0.44,-0.058,-0.006,0.128,0,0,0,-0.125,-37.129,"Kr_Luna",0.043,-17.373,"_AKASATA_",-20.908,-45.427,"Multeinn",-13.071,-64.615,"なおｐ--",22.431,-48.59,"CVPileMaki",13.534,-64.763,"SFIDA",42.753,-93.882,"mungjungh",0.371,-107.379,"M_lunatic",-37.883,-86.021,6898.612,-17.833,-21.718,6898.729,2,"_AKASATA_",-17.406,-21.658,0,0,0,0,0,0,0,1
114,6,0,4,2,0,0,1,0,0,0,255,255,255,20,6941.964,"_Chun",L,13,104,2.404,-0.235,-0.197,1.767,-36.582,4,0,340.267,347.094,-4.886,0,0,1,3,1,L,"Pring__",180.3,94.883,0.396,0,59,0,0,0,0,0,0,0,0,0,0,0,0,0,0,0,0,0.082,-37.81,"Kr_Luna",0.419,-17.297,"_AKASATA_",-20.535,-45.447,"Multeinn",-11.811,-64.624,"なおｐ--",20.823,-47.205,"CVPileMaki",13.649,-64.73,"SFIDA",44.39,-100.992,"mungjungh",0.99,-101.819,"M_lunatic",-35.762,-77.884,0,0,0,0,0,"",0,0,0,0,0,0,0,0,0,0
115,6,0,4,2,0,1,1,0,0,0,255,255,255,21,6963.155,"_Chun",L,28,128,1.2,0.838,0.062,1.717,-36.535,2,0,-42.213,-65.4,-2.36,0,0,1,3,1,L,"Pring__",180.3,94.883,0.396,3,59,6963.887,179,118,39,180,151,128,31.281,9.581,0.34,-0.047,-0.081,0.21,0,0,0,0.174,-36.998,"Kr_Luna",0.181,-17.334,"_AKASATA_",-20.627,-45.293,"Multeinn",-11.981,-64.687,"なおｐ--",20.942,-47.358,"CVPileMaki",13.585,-64.748,"SFIDA",44.4,-100.988,"mungjungh",-1.794,-102.001,"M_lunatic",-35.256,-77.899,6969.762,2.913,-134.681,6971.396,7,"mungjungh",0.984,-127.126,1,0,0,0,0,0,0,2
116,6,0,4,2,0,0,1,0,1,0,255,10,255,22,7007.73,"_Chun",L,28,131,-3.038,0.185,-0.304,1.625,-36.622,1,0,-17.849,-81.317,-0.357,0,0,0,4,5,R,"인생최패망자",190,90,0.447,0,59,0,0,0,0,0,0,0,0,0,0,0,0,0,0,0,0,-0.141,-37.955,"Kr_Luna",-0.261,-17.347,"_AKASATA_",-20.206,-45.101,"Multeinn",-9.663,-63.993,"なおｐ--",21.568,-45.785,"CVPileMaki",13.422,-64.732,"SFIDA",44.137,-101.618,"mungjungh",-2.7,-109.889,"M_lunatic",-37.889,-82.432,0,0,0,0,0,"",0,0,0,0,0,0,0,0,0,0
117,6,0,4,2,1,0,1,0,1,0,255,10,255,23,7029.234,"_Chun",L,28,132,1.493,-0.018,0.138,1.544,-36.465,2,0,-36.351,-54.341,-4.054,0,0,1,4,5,R,"인생최패망자",190,90,0.447,3,59,7030.308,142,140,72,155,144,130,-27.962,14.79,0.7,0.028,-0.123,0.239,0,0,0,0.082,-37.111,"Kr_Luna",0.264,-17.316,"_AKASATA_",-19.885,-45.472,"Multeinn",-7.845,-63.152,"なおｐ--",20.753,-46.892,"CVPileMaki",13.405,-64.701,"SFIDA",44.137,-101.633,"mungjungh",0.445,-108.023,"M_lunatic",-37.829,-82.38,7030.579,-0.202,-22.532,7032.346,3,"Multeinn",-9.534,-58.709,1,8,0,0,0,0,0,2
118,6,0,4,2,0,0,2,1,0,0,14,255,255,24,7068.737,"_Chun",L,6,125,-2.179,0.189,-0.008,1.591,-36.547,1,0,-420.176,36.012,-30.308,0,0,0,5,7,R,"Yaksok~",173.1,91.563,0.502,0,59,0,0,0,0,0,0,0,0,0,0,0,0,0,0,0,0,0.156,-38.055,"Kr_Luna",-0.525,-17.366,"_AKASATA_",-18.885,-40.696,"Multeinn",-11.808,-62.036,"なおｐ--",22.048,-46.75,"CVPileMaki",11.138,-62.898,"SFIDA",33.387,-92.325,"mungjungh",-1.883,-100.46,"M_lunatic",-42.807,-86.538,0,0,0,0,0,"",0,0,0,0,0,0,0,0,0,0
119,6,0,4,2,1,0,2,1,0,0,14,255,255,25,7086.237,"_Chun",L,3,120,1.596,0.522,-0.296,1.614,-36.557,4,0,414.428,0,-2.206,0.238,-20.85,1,5,7,R,"Yaksok~",173.1,91.563,0.502,0,59,0,0,0,0,0,0,0,0,0,0,0,0,0,0,0,0,0.144,-37.809,"Kr_Luna",0.157,-17.353,"_AKASATA_",-20.027,-43.089,"Multeinn",-14.551,-63.541,"なおｐ--",21.713,-47.878,"CVPileMaki",12.645,-64.196,"SFIDA",33.367,-92.266,"mungjungh",-1.717,-102.707,"M_lunatic",-42.837,-86.549,0,0,0,0,0,"",0,0,0,0,0,0,0,0,0,0
120,6,0,4,2,1,1,2,1,0,0,14,255,255,26,7154.976,"_Chun",L,28,129,1.155,1.368,0.04,1.789,-36.585,2,0,-39.339,-99.335,-5.422,0,0,1,5,7,R,"Yaksok~",173.1,91.563,0.502,3,72,7155.807,204,52,6,113,117,96,-26.275,43.559,0.2,0.003,0.023,0,0,0,0,0.217,-37.205,"Kr_Luna",0.157,-17.489,"_AKASATA_",-19.048,-43.842,"Multeinn",-14.096,-62.784,"なおｐ--",22.13,-48.635,"CVPileMaki",12.26,-64.695,"SFIDA",35.592,-93.91,"mungjungh",0.761,-101.877,"M_lunatic",-37.145,-79.025,7156.179,-2.045,-21.318,7160.029,8,"M_lunatic",-44.659,-67.057,1,16,0,0,0,0,0,2
121,7,1,4,2,0,0,0,0,0,0,255,255,255,7,7283.231,"ʚEveɞ",R,6,100,-1.131,-0.87,-0.275,1.314,-36.61,0,0,454.546,0,47.205,0.168,-17.32,0,7,5,R,"CVPileMaki",169.6,94,0.395,0,59,0,0,0,0,0,0,0,0,0,0,0,0,0,0,0,0,0.188,-37.367,"Pring__",0.071,-17.024,"Megu3568",-22.088,-45.88,"Fresh825",-15.337,-63.63,"HANA_ARASHI",24.112,-50.766,"인생최패망자",7.726,-64.818,"IbikiKai_JP",36.018,-86.365,"Yaksok~",-1.582,-101.199,"Gonyong",-41.245,-82.009,0,0,0,0,0,"",0,0,0,0,0,0,0,0,0,0
122,7,1,4,2,0,1,0,0,0,0,255,255,255,8,7305.3,"ʚEveɞ",R,6,108,1.201,-0.053,-0.031,1.438,-36.557,2,0,490.909,0,59.042,0,0,1,7,5,R,"CVPileMaki",169.6,94,0.395,3,59,7306.481,233,137,53,153,155,88,19.279,-46.075,-0.52,-0.121,-0.039,0.188,0,0,0,-0.053,-37.029,"Pring__",0.368,-16.793,"Megu3568",-21.974,-46.003,"Fresh825",-15.303,-63.576,"HANA_ARASHI",25.121,-51.903,"인생최패망자",8.213,-65.074,"IbikiKai_JP",36.219,-86.398,"Yaksok~",-2.152,-102.112,"Gonyong",-41.521,-82.174,7309.179,40.816,-49.968,0,0,"",0,0,0,0,0,0,0,0,0,3
123,7,1,4,2,0,2,0,0,0,0,255,255,255,9,7511.996,"ʚEveɞ",R,10,109,0.55,-1.875,0.051,1.332,-36.674,2,0,0.36,400,6.35,0,0,1,7,5,R,"CVPileMaki",169.6,94,0.395,3,59,7513.23,137,103,44,97,142,123,-30,-24.872,0.65,-0.141,-0.082,0.155,0,0,0,0.166,-37.612,"Pring__",0.023,-17.09,"Megu3568",-22.134,-46.939,"Fresh825",-17.825,-61.869,"HANA_ARASHI",24.222,-50.465,"인생최패망자",8.266,-65.198,"IbikiKai_JP",39.404,-88.992,"Yaksok~",-1.909,-96.53,"Gonyong",-44.787,-79.808,7513.429,0.201,-19.548,7516.629,6,"IbikiKai_JP",28.782,-82.984,1,0,0,0,0,0,0,2
124,7,1,4,2,0,0,0,1,0,0,5,255,255,10,7550.204,"ʚEveɞ",R,26,140,-0.541,-0.312,-0.07,1.346,-36.531,0,0,73.78,-200,19.432,0,0,0,8,8,L,"M_lunatic",160,107,0.444,0,59,0,0,0,0,0,0,0,0,0,0,0,0,0,0,0,0,-0.054,-37.411,"Pring__",-0.045,-16.825,"Megu3568",-20.255,-43.512,"Fresh825",-5.889,-62.296,"HANA_ARASHI",22.813,-49.376,"인생최패망자",16.216,-60.372,"IbikiKai_JP",37.13,-85.697,"Yaksok~",5.892,-99.368,"Gonyong",-38.617,-88.42,0,0,0,0,0,"",0,0,0,0,0,0,0,0,0,0
125,7,1,4,2,0,1,0,1,0,0,5,255,255,11,7569.288,"ʚEveɞ",R,6,112,0.23,-0.25,-0.118,1.409,-36.614,0,0,500,0,79.726,0.656,-17.515,1,8,8,L,"M_lunatic",160,107,0.444,0,59,0,0,0,0,0,0,0,0,0,0,0,0,0,0,0,0,0.041,-37.536,"Pring__",0.458,-16.861,"Megu3568",-20.123,-42.862,"Fresh825",-5.953,-62.386,"HANA_ARASHI",23.57,-48.155,"인생최패망자",14.771,-60.12,"IbikiKai_JP",38.055,-85.244,"Yaksok~",4.748,-102.91,"Gonyong",-38.608,-88.432,0,0,0,0,0,"",0,0,0,0,0,0,0,0,0,0
126,7,1,4,2,0,2,0,1,0,0,5,255,255,12,7589.062,"ʚEveɞ",R,10,110,-0.412,-1.513,-0.038,1.371,-36.584,2,0,0,400,20.274,0,0,1,8,8,L,"M_lunatic",160,107,0.444,2,59,7590.207,48,57,100,53,67,62,-4.181,-15.186,1,-0.037,-0.135,0.15,0,0,0,-0.002,-36.741,"Pring__",-0.061,-17.098,"Megu3568",-20.265,-44.083,"Fresh825",-5.88,-62.329,"HANA_ARASHI",23.563,-48.903,"인생최패망자",15.407,-62.19,"IbikiKai_JP",38.221,-85.337,"Yaksok~",3.555,-102.612,"Gonyong",-38.93,-88.35,7590.679,1.225,-26.39,7593.262,5,"인생최패망자",9.995,-52.18,1,0,0,0,0,0,0,2
127,7,1,4,2,0,0,1,1,0,0,8,255,255,13,7631.071,"ʚEveɞ",R,27,140,0.405,1.089,0.019,1.576,-36.534,0,0,57.597,-137.562,4.471,0,0,0,0,3,R,"Multeinn",170.3,95.343,0.505,0,59,0,0,0,0,0,0,0,0,0,0,0,0,0,0,0,0,-0.118,-37.183,"Pring__",-0.05,-16.643,"Megu3568",-20.645,-43.41,"Fresh825",-13.572,-64.075,"HANA_ARASHI",23.82,-49.823,"인생최패망자",10.244,-64.867,"IbikiKai_JP",37.902,-85.628,"Yaksok~",-2.505,-105.167,"Gonyong",-40.427,-80.923,0,0,0,0,0,"",0,0,0,0,0,0,0,0,0,0
128,7,1,4,2,0,1,1,0,1,0,255,8,255,14,7676.407,"ʚEveɞ",R,27,135,0.999,1.09,0.074,1.579,-36.547,2,0,57.467,-112.646,10.473,0,0,1,0,3,R,"Multeinn",170.3,95.343,0.505,3,59,7677.315,187,80,23,103,141,83,60.67,23.704,-0.22,-0.108,-0.092,0,0,0,0,0.036,-36.932,"Pring__",-0.208,-16.618,"Megu3568",-21.97,-46.378,"Fresh825",-15.188,-62.327,"HANA_ARASHI",22.205,-46.65,"인생최패망자",9.314,-63.882,"IbikiKai_JP",38.677,-87.368,"Yaksok~",-3.162,-105.196,"Gonyong",-41.556,-75.646,0,0,0,7682.996,3,"Fresh825",-17.435,-64.519,0,0,0,0,0,0,0,1
129,7,1,4,2,0,0,2,0,1,0,255,8,255,15,7731.041,"ʚEveɞ",R,6,109,2.101,-1.072,0.051,1.24,-36.58,1,0,495.455,0,92.691,0,0,0,1,1,L,"Kr_Luna",189.9,96.932,0.451,0,87,0,0,0,0,0,0,0,0,0,0,0,0,0,0,0,0,0.097,-37.226,"Pring__",-0.31,-16.58,"Megu3568",-21.196,-47.054,"Fresh825",-5.471,-62.646,"HANA_ARASHI",23.566,-47.205,"인생최패망자",14.924,-60.437,"IbikiKai_JP",43.357,-87.845,"Yaksok~",6.031,-105.714,"Gonyong",-41.287,-89.092,0,0,0,0,0,"",0,0,0,0,0,0,0,0,0,0
130,7,1,4,2,1,0,2,0,1,0,255,8,255,16,7748.521,"ʚEveɞ",R,27,140,-0.72,0.438,-0.077,1.5,-36.454,2,0,36.121,-106.482,11.156,0,0,1,1,1,L,"Kr_Luna",189.9,96.932,0.451,2,87,7749.354,189,110,29,144,146,95,42.055,-44.042,-0.03,0.065,-0.058,0.332,0,0,0,-0.171,-36.803,"Pring__",-0.068,-16.648,"Megu3568",-21.774,-47.992,"Fresh825",-11.371,-65.568,"HANA_ARASHI",23.979,-47.753,"인생최패망자",14.704,-61.068,"IbikiKai_JP",43.005,-87.897,"Yaksok~",5.386,-103.432,"Gonyong",-41.364,-89.242,7754.512,58.253,-68.517,0,0,"",0,0,0,0,0,0,0,0,0,3
131,7,1,4,2,1,1,2,0,0,1,255,255,8,17,7774.968,"ʚEveɞ",R,6,111,1.293,-0.508,-0.017,1.348,-36.527,0,0,500,0,89.578,0,0,1,1,1,L,"Kr_Luna",189.9,96.932,0.451,0,87,0,0,0,0,0,0,0,0,0,0,0,0,0,0,0,0,0.021,-37.043,"Pring__",0.352,-16.601,"Megu3568",-21.922,-45.878,"Fresh825",-12.267,-65.711,"HANA_ARASHI",25.834,-50.143,"인생최패망자",14.476,-59.1,"IbikiKai_JP",44.665,-89.016,"Yaksok~",9.039,-101.457,"Gonyong",-37.6,-91.481,0,0,0,0,0,"",0,0,0,0,0,0,0,0,0,0
132,7,1,4,2,1,2,2,0,1,0,255,255,255,18,7817.939,"ʚEveɞ",R,13,108,0.702,-1.518,0.177,1.317,-36.552,1,0,-276.133,400,28.914,0,0,0,1,1,L,"Kr_Luna",189.9,96.932,0.451,0,87,0,0,0,0,0,0,0,0,0,0,0,0,0,0,0,0,0.076,-36.982,"Pring__",0.023,-16.737,"Megu3568",-21.981,-46.569,"Fresh825",-12.034,-65.791,"HANA_ARASHI",23.906,-48.096,"인생최패망자",13.867,-61.75,"IbikiKai_JP",45.314,-88.249,"Yaksok~",5.8,-103.764,"Gonyong",-37.582,-91.313,0,0,0,0,0,"",0,0,0,0,0,0,0,0,0,0
133,7,1,4,2,2,2,2,0,1,0,255,255,255,19,7836.104,"ʚEveɞ",R,10,112,1.549,-1.075,0.144,1.396,-36.569,2,0,0,400,13.589,0,0,1,1,1,L,"Kr_Luna",189.9,96.932,0.451,2,87,7837.044,147,95,42,113,143,70,-30,18.251,0.99,0.046,-0.082,0.335,0,0,0,0.072,-36.959,"Pring__",0.132,-16.861,"Megu3568",-22.818,-47.424,"Fresh825",-12.233,-65.625,"HANA_ARASHI",24.71,-48.812,"인생최패망자",13.299,-64.652,"IbikiKai_JP",45.361,-88.349,"Yaksok~",6.718,-105.317,"Gonyong",-39.876,-95.725,7837.329,0.012,-21.016,7838.579,0,"ʚEveɞ",-2.612,-35.819,0,0,0,0,0,0,0,2
134,7,0,4,2,0,0,0,0,0,0,255,255,255,0,8009.006,"なおｐ--",R,4,89,-2.252,-0.27,-0.098,1.437,-36.886,1,0,-248.243,0,155.418,0,0,0,5,7,R,"Yaksok~",173.1,91.563,0.502,0,59,0,0,0,0,0,0,0,0,0,0,0,0,0,0,0,0,-0.175,-37.449,"Kr_Luna",-0.349,-17.185,"_Chun",-22.307,-51.569,"Multeinn",-13.314,-63.936,"_AKASATA_",24.936,-51.915,"CVPileMaki",13.55,-64.761,"SFIDA",35.867,-89.302,"mungjungh",1.815,-107.326,"M_lunatic",-36.764,-86.382,0,0,0,0,0,"",0,0,0,0,0,0,0,0,0,0
135,7,0,4,2,1,0,0,0,0,0,255,255,255,1,8026.917,"なおｐ--",R,13,88,-1.867,-0.49,0.015,1.662,-36.892,4,0,-312.348,312.348,-19.154,0,0,1,5,7,R,"Yaksok~",173.1,91.563,0.502,0,59,0,0,0,0,0,0,0,0,0,0,0,0,0,0,0,0,0.018,-37.905,"Kr_Luna",-0.013,-17.265,"_Chun",-22.334,-51.437,"Multeinn",-12.957,-64.017,"_AKASATA_",24.755,-51.979,"CVPileMaki",13.541,-64.782,"SFIDA",35.885,-89.315,"mungjungh",-2.228,-106.056,"M_lunatic",-37.39,-86.133,0,0,0,0,0,"",0,0,0,0,0,0,0,0,0,0
136,7,0,4,2,1,1,0,0,0,0,255,255,255,2,8047.388,"なおｐ--",R,0,135,0.49,1.355,0.046,1.71,-36.621,2,0,0,0,0,0,0,1,5,7,R,"Yaksok~",173.1,91.563,0.502,3,59,8048.248,234,44,3,83,104,100,3.641,34.924,0.45,0.013,0.037,0.034,0,0,0,-0.05,-37.511,"Kr_Luna",0.032,-17.247,"_Chun",-22.315,-51.517,"Multeinn",-12.931,-63.965,"_AKASATA_",24.897,-51.799,"CVPileMaki",13.559,-64.821,"SFIDA",35.556,-92.179,"mungjungh",0.241,-105.438,"M_lunatic",-36.449,-86.046,8049.646,-16.549,-43.535,8050.262,2,"_Chun",-20.009,-48.577,0,0,0,0,0,0,0,2
137,7,0,4,2,1,0,1,0,0,0,255,255,255,4,8123.839,"なおｐ--",R,10,116,1.308,-0.633,0.122,1.552,-36.674,2,0,0,400,28.884,0,0,1,6,6,L,"IbikiKai_JP",175,90,0.5,3,59,8125.035,228,135,24,185,155,71,-30,-21.329,0.99,-0.039,-0.014,0.445,0,0,0,-0.056,-37.172,"Kr_Luna",0.049,-17.315,"_Chun",-22.205,-51.492,"Multeinn",-13.282,-64.675,"_AKASATA_",25.869,-51.084,"CVPileMaki",13.527,-64.765,"SFIDA",41.771,-87.474,"mungjungh",0.617,-105.265,"M_lunatic",-37.282,-85.264,8125.279,0.536,-19.274,8128.412,5,"CVPileMaki",12.62,-54.017,0,64,0,0,0,0,0,2
138,7,0,4,2,0,0,2,0,0,0,255,255,255,5,8159.709,"なおｐ--",R,10,110,-0.006,-1.861,0.074,2.008,-36.74,1,0,0,400,18.473,-0.007,-19.132,0,7,4,R,"HANA_ARASHI",190,86,0.23,0,59,0,0,0,0,0,0,0,0,0,0,0,0,0,0,0,0,-0.257,-37.928,"Kr_Luna",0.086,-17.247,"_Chun",-22.951,-51.152,"Multeinn",-12.375,-64.726,"_AKASATA_",24.352,-50.417,"CVPileMaki",13.543,-64.822,"SFIDA",41.506,-97.626,"mungjungh",-2.605,-105.937,"M_lunatic",-37.868,-83.709,0,0,0,0,0,"",0,0,0,0,0,0,0,0,0,0
139,7,0,4,2,1,0,2,0,0,0,255,255,255,6,8179.518,"なおｐ--",R,0,127,-0.319,0.8,-0.03,1.648,-36.66,2,0,0,0,0,0,0,1,7,4,R,"HANA_ARASHI",190,86,0.23,2,59,8180.565,223,159,40,255,155,96,90,-90,-0.5,-0.056,-0.138,0.31,0,0,0,-0.025,-37.527,"Kr_Luna",-0.112,-17.206,"_Chun",-22.9,-51.245,"Multeinn",-12.601,-64.531,"_AKASATA_",24.158,-50.339,"CVPileMaki",13.563,-64.777,"SFIDA",41.51,-97.631,"mungjungh",-2.601,-105.93,"M_lunatic",-37.623,-83.508,8187.629,-17.845,-17.485,8187.796,1,"Kr_Luna",-17.543,-17.526,0,0,0,0,0,0,0,1
140,8,1,4,2,0,0,0,0,0,0,255,255,255,20,8246.033,"ʚEveɞ",R,6,105,1.244,0.491,-0.034,1.543,-36.51,0,0,477.273,0,51.631,0,0,1,2,2,L,"_Chun",190,95.123,0.455,0,59,0,0,0,0,0,0,0,0,0,0,0,0,0,0,0,0,-0.101,-37.085,"Pring__",0.444,-16.761,"Megu3568",-21.534,-45.548,"Fresh825",-12.264,-65.44,"HANA_ARASHI",23.359,-49.523,"인생최패망자",13.684,-62.735,"IbikiKai_JP",41.193,-81.98,"Yaksok~",2.19,-107.079,"Gonyong",-44.099,-88.799,0,0,0,0,0,"",0,0,0,0,0,0,0,0,0,0
141,8,1,4,2,0,1,0,0,0,0,255,255,255,21,8264.047,"ʚEveɞ",R,6,110,1.309,-0.678,-0.061,1.271,-36.516,2,0,483.092,-128.928,29.09,0,0,1,2,2,L,"_Chun",190,95.123,0.455,3,59,8265.16,209,159,33,227,155,69,30.488,-45.459,1,0.073,-0.143,0.399,0,0,0,0.096,-36.995,"Pring__",0.552,-16.966,"Megu3568",-21.445,-45.354,"Fresh825",-12.232,-65.372,"HANA_ARASHI",23.373,-51.448,"인생최패망자",13.731,-63.232,"IbikiKai_JP",41.241,-82.009,"Yaksok~",1.945,-107.58,"Gonyong",-44.19,-88.849,0,0,0,8268.362,4,"HANA_ARASHI",27.715,-49.3,0,0,0,0,0,0,0,1
142,8,1,4,2,0,0,1,0,0,0,255,255,255,22,8357.842,"ʚEveɞ",R,9,103,-2.505,-0.458,-0.349,1.25,-36.572,1,0,365.589,-312.348,67.879,0,0,0,3,0,R,"なおｐ--",190,90.021,0.415,0,59,0,0,0,0,0,0,0,0,0,0,0,0,0,0,0,0,0.171,-37.634,"Pring__",-0.058,-16.896,"Megu3568",-21.63,-47.03,"Fresh825",-14.924,-64.023,"HANA_ARASHI",25.213,-51.191,"인생최패망자",11.646,-64.769,"IbikiKai_JP",38.826,-92.848,"Yaksok~",0.231,-103.405,"Gonyong",-46.011,-87.583,0,0,0,0,0,"",0,0,0,0,0,0,0,0,0,0
143,8,1,4,2,1,0,1,0,0,0,255,255,255,23,8376.796,"ʚEveɞ",R,10,113,-1.564,-1.147,-0.145,1.378,-36.497,2,0,0,400,4.064,0,0,1,3,0,R,"なおｐ--",190,90.021,0.415,3,59,8377.991,176,129,55,161,155,107,-11.066,13.54,0.92,-0.085,-0.094,0.393,0,0,0,-0.229,-36.805,"Pring__",-0.085,-17.255,"Megu3568",-21.603,-46.853,"Fresh825",-14.924,-64.023,"HANA_ARASHI",24.22,-51.42,"인생최패망자",11.525,-64.535,"IbikiKai_JP",38.919,-92.903,"Yaksok~",0.015,-103.341,"Gonyong",-46.272,-87.679,8378.262,-0.93,-23.211,8380.212,3,"Fresh825",-7.99,-62.247,0,0,0,0,0,0,0,2
144,8,1,4,2,0,0,2,0,0,0,255,255,255,24,8411.413,"ʚEveɞ",R,9,80,-0.867,1.226,-0.41,1.641,-36.558,1,0,317.272,-244.309,-5.823,0,0,0,4,6,L,"SFIDA",190,86,0.655,0,59,0,0,0,0,0,0,0,0,0,0,0,0,0,0,0,0,0.028,-37.113,"Pring__",-0.027,-16.785,"Megu3568",-22.242,-47.282,"Fresh825",-12.907,-65.5,"HANA_ARASHI",25.204,-50.195,"인생최패망자",15.163,-63.816,"IbikiKai_JP",40.577,-82.528,"Yaksok~",3.3,-104.687,"Gonyong",-48.379,-93.027,0,0,0,0,0,"",0,0,0,0,0,0,0,0,0,0
145,8,1,4,2,1,0,2,0,0,0,255,255,255,25,8428.287,"ʚEveɞ",R,9,84,-1.286,1.391,-0.438,1.652,-36.556,1,0,298.15,-312.348,4.318,0,0,0,4,6,L,"SFIDA",190,86,0.655,0,59,0,0,0,0,0,0,0,0,0,0,0,0,0,0,0,0,0.054,-36.951,"Pring__",-0.047,-16.716,"Megu3568",-22.22,-47.378,"Fresh825",-12.987,-65.27,"HANA_ARASHI",25.292,-50.006,"인생최패망자",15.178,-63.848,"IbikiKai_JP",40.591,-82.564,"Yaksok~",3.559,-104.413,"Gonyong",-48.244,-93.023,0,0,0,0,0,"",0,0,0,0,0,0,0,0,0,0
146,8,1,4,2,2,0,2,0,0,0,255,255,255,26,8449.932,"ʚEveɞ",R,28,140,-0.924,-1.308,-0.095,1.163,-36.435,2,0,30.813,-77.581,7.681,0,0,1,4,6,L,"SFIDA",190,86,0.655,2,59,8450.837,118,107,26,113,141,89,0.665,14.753,-0.26,0.028,-0.098,0.189,0,0,0,-0.235,-36.723,"Pring__",0.282,-16.761,"Megu3568",-22.175,-47.156,"Fresh825",-13.029,-65.262,"HANA_ARASHI",24.605,-50.978,"인생최패망자",15.118,-63.76,"IbikiKai_JP",40.612,-82.556,"Yaksok~",3.569,-107.166,"Gonyong",-46.526,-94.869,8451.596,-3.683,-34.172,8453.195,3,"Fresh825",-10.653,-59.443,0,0,0,0,0,0,0,2
147,8,0,4,2,0,0,0,0,0,0,255,255,255,7,8517.633,"なおｐ--",R,9,94,1.381,0.645,-0.035,1.527,-36.71,0,0,302.127,-353.554,5.623,0,0,1,8,0,L,"ʚEveɞ",175.1,94.542,0.398,0,59,0,0,0,0,0,0,0,0,0,0,0,0,0,0,0,0,-0.225,-37.345,"Kr_Luna",0.145,-17.446,"_Chun",-22.338,-51.28,"Multeinn",-14.45,-61.641,"_AKASATA_",23.941,-51.411,"CVPileMaki",13.534,-64.754,"SFIDA",40.332,-90.805,"mungjungh",1.946,-111,"M_lunatic",-37.41,-84.74,0,0,0,0,0,"",0,0,0,0,0,0,0,0,0,0
148,8,0,4,2,0,1,0,0,0,0,255,255,255,8,8539.368,"なおｐ--",R,14,100,0.856,-0.553,-0.136,1.604,-36.728,0,0,345.06,325.469,10.992,0,0,1,8,0,L,"ʚEveɞ",175.1,94.542,0.398,0,59,0,0,0,0,0,0,0,0,0,0,0,0,0,0,0,0,-0.212,-37.961,"Kr_Luna",0.148,-17.395,"_Chun",-22.394,-51.263,"Multeinn",-13.102,-64.193,"_AKASATA_",24.955,-50.601,"CVPileMaki",13.547,-64.806,"SFIDA",40.362,-90.804,"mungjungh",1.419,-110.627,"M_lunatic",-37.393,-84.517,0,0,0,0,0,"",0,0,0,0,0,0,0,0,0,0
149,8,0,4,2,0,2,0,0,0,0,255,255,255,9,8560.276,"なおｐ--",R,6,105,2.059,-1.476,0.049,1.864,-36.649,1,0,349.956,0,14.315,0,0,0,8,0,L,"ʚEveɞ",175.1,94.542,0.398,0,59,0,0,0,0,0,0,0,0,0,0,0,0,0,0,0,0,-0.088,-37.63,"Kr_Luna",0.118,-17.422,"_Chun",-22.272,-51.175,"Multeinn",-13.528,-63.475,"_AKASATA_",24.961,-50.567,"CVPileMaki",13.573,-64.79,"SFIDA",40.394,-90.848,"mungjungh",1.421,-110.635,"M_lunatic",-37.885,-85.899,0,0,0,0,0,"",0,0,0,0,0,0,0,0,0,0
150,8,0,4,2,1,2,0,0,0,0,255,255,255,10,8579.397,"なおｐ--",R,3,100,-0.085,-0.335,0.21,1.445,-36.933,2,0,-425.871,0,-7.043,0,0,0,8,0,L,"ʚEveɞ",175.1,94.542,0.398,3,59,8580.58,160,121,11,202,144,77,-3.552,-6.876,-0.45,0.242,-0.141,0.409,0,0,0,-0.008,-37.341,"Kr_Luna",0.153,-17.448,"_Chun",-22.247,-51.398,"Multeinn",-12.329,-63.97,"_AKASATA_",24.602,-50.601,"CVPileMaki",13.531,-64.726,"SFIDA",40.372,-90.752,"mungjungh",1.421,-110.636,"M_lunatic",-37.313,-85.464,8581.195,0.847,-27.096,8583.929,5,"CVPileMaki",3.187,-62.307,1,0,0,0,0,0,0,2
151,8,0,4,2,0,0,0,1,0,0,9,255,255,11,8837.064,"なおｐ--",R,13,93,-1.448,-0.65,0.074,1.608,-36.96,2,0,-330.095,312.348,41.982,0,0,1,0,3,L,"Fresh825",172.7,86,0.8,3,86,8838.356,103,81,54,102,137,81,-40.204,35.918,-0.28,0.118,-0.1,0.109,0,0,0,-0.022,-37.614,"Kr_Luna",0.005,-17.398,"_Chun",-19.837,-41.921,"Multeinn",-8.826,-63.66,"_AKASATA_",24.752,-50.565,"CVPileMaki",13.573,-64.761,"SFIDA",37.616,-89.176,"mungjungh",0.384,-112.282,"M_lunatic",-36.141,-87.06,8838.579,-0.818,-20.955,8840.445,2,"_Chun",-15.404,-40.93,0,256,0,0,0,0,0,2
152,8,0,4,2,0,0,2,0,0,0,255,255,255,12,8881.144,"なおｐ--",R,0,135,-3.163,-0.393,-0.294,1.429,-36.653,1,0,0,0,0,0,0,0,1,2,R,"Megu3568",174.7,86,0.404,0,85,0,0,0,0,0,0,0,0,0,0,0,0,0,0,0,0,-0.168,-37.767,"Kr_Luna",-0.491,-17.267,"_Chun",-21.937,-51.191,"Multeinn",-13.652,-64.45,"_AKASATA_",24.854,-50.681,"CVPileMaki",13.508,-64.757,"SFIDA",40.2,-90.772,"mungjungh",0.201,-106.796,"M_lunatic",-37.607,-83.848,0,0,0,0,0,"",0,0,0,0,0,0,0,0,0,0
153,8,0,4,2,1,0,2,0,0,0,255,255,255,13,8917.126,"なおｐ--",R,0,130,1.833,0.924,0.171,1.643,-36.501,1,0,0,0,0,0,0,0,1,2,R,"Megu3568",174.7,86,0.404,0,85,0,0,0,0,0,0,0,0,0,0,0,0,0,0,0,0,0.048,-37.593,"Kr_Luna",-0.086,-17.385,"_Chun",-21.879,-51.101,"Multeinn",-13.998,-62.858,"_AKASATA_",25.031,-50.616,"CVPileMaki",13.521,-64.776,"SFIDA",39.316,-92.591,"mungjungh",0.425,-105.625,"M_lunatic",-37.565,-83.856,0,0,0,0,0,"",0,0,0,0,0,0,0,0,0,0
154,8,0,4,2,2,0,2,0,0,0,255,255,255,14,8935.998,"なおｐ--",R,0,109,1.961,0.811,0.182,1.629,-36.511,1,0,0,0,0,0,0,0,1,2,R,"Megu3568",174.7,86,0.404,0,85,0,0,0,0,0,0,0,0,0,0,0,0,0,0,0,0,-0.243,-37.801,"Kr_Luna",0.047,-17.299,"_Chun",-21.836,-51.175,"Multeinn",-11.418,-64.199,"_AKASATA_",24.952,-50.599,"CVPileMaki",13.534,-64.788,"SFIDA",38.962,-91.953,"mungjungh",0.428,-105.45,"M_lunatic",-38.627,-84.583,0,0,0,0,0,"",0,0,0,0,0,0,0,0,0,0
155,8,0,4,2,3,0,2,0,0,0,255,255,255,15,8955.957,"なおｐ--",R,14,103,2.416,-2.415,0.082,1.871,-36.72,1,0,358.273,321.87,0.833,0.481,-19.887,0,1,2,R,"Megu3568",174.7,86,0.404,0,85,0,0,0,0,0,0,0,0,0,0,0,0,0,0,0,0,-0.128,-37.649,"Kr_Luna",0.674,-16.69,"_Chun",-21.824,-51.153,"Multeinn",-11.51,-63.973,"_AKASATA_",24.929,-50.567,"CVPileMaki",13.53,-64.791,"SFIDA",39.571,-92.629,"mungjungh",0.532,-105.534,"M_lunatic",-38.518,-84.547,0,0,0,0,0,"",0,0,0,0,0,0,0,0,0,5
156,8,0,4,2,0,0,2,1,0,0,11,255,255,16,8992.278,"なおｐ--",R,0,138,-1.475,0.146,-0.137,1.519,-36.686,1,0,0,0,0,0,0,0,2,8,R,"Gonyong",179.9,90.148,0.2,0,59,0,0,0,0,0,0,0,0,0,0,0,0,0,0,0,0,-0.288,-37.674,"Kr_Luna",-0.299,-17.39,"_Chun",-19.562,-44.326,"Multeinn",-6.115,-61.899,"_AKASATA_",22.36,-47.627,"CVPileMaki",0.435,-59.106,"SFIDA",46.345,-94.843,"mungjungh",-3.608,-101.505,"M_lunatic",-38.451,-85.761,0,0,0,0,0,"",0,0,0,0,0,0,0,0,0,0
157,8,0,4,2,1,0,2,0,1,0,255,11,255,17,9015.825,"なおｐ--",R,6,110,2.901,1.692,0.133,1.929,-36.635,1,0,417.315,0,-4.911,0,0,0,2,8,R,"Gonyong",179.9,90.148,0.2,0,59,0,0,0,0,0,0,0,0,0,0,0,0,0,0,0,0,-0.003,-37.81,"Kr_Luna",0.589,-17.538,"_Chun",-22.352,-49.886,"Multeinn",-12.081,-63.989,"_AKASATA_",19.494,-40.189,"CVPileMaki",10.796,-63.025,"SFIDA",47.634,-88.992,"mungjungh",-0.547,-108.757,"M_lunatic",-38.004,-86.693,0,0,0,0,0,"",0,0,0,0,0,0,0,0,0,0
158,8,0,4,2,2,0,2,0,0,1,255,255,11,18,9041.371,"なおｐ--",R,0,124,-0.035,1.009,-0.003,1.667,-36.578,0,0,0,0,0,0,0,0,2,8,R,"Gonyong",179.9,90.148,0.2,0,59,0,0,0,0,0,0,0,0,0,0,0,0,0,0,0,0,0.035,-37.89,"Kr_Luna",0.038,-17.383,"_Chun",-22.405,-49.788,"Multeinn",-11.469,-63.649,"_AKASATA_",19.564,-43.058,"CVPileMaki",11.428,-63.177,"SFIDA",47.117,-96.383,"mungjungh",0.68,-108.03,"M_lunatic",-36.864,-85.964,0,0,0,0,0,"",0,0,0,0,0,0,0,0,0,0
159,8,0,4,2,2,1,2,0,0,1,255,255,11,19,9063.406,"なおｐ--",R,10,99,-0.313,-1.744,-0.015,1.346,-36.697,2,0,-37.929,400,11.096,0,0,1,2,8,R,"Gonyong",179.9,90.148,0.2,3,59,9064.436,129,95,37,129,141,83,11.298,3.57,0.96,-0.024,-0.06,0.198,0,0,0,-0.027,-37.337,"Kr_Luna",0.046,-17.383,"_Chun",-22.394,-49.907,"Multeinn",-11.402,-63.669,"_AKASATA_",20.016,-41.224,"CVPileMaki",13.419,-64.654,"SFIDA",46.74,-96.759,"mungjungh",0.674,-108.03,"M_lunatic",-39.286,-84.263,9066.579,-6.516,-58.949,9067.046,3,"Multeinn",-6.394,-58.365,0,0,0,0,0,0,0,2
160,9,1,4,2,0,0,0,0,0,0,255,255,255,27,9136.285,"ʚEveɞ",R,9,108,-0.934,0.488,-0.213,1.423,-36.51,2,0,420.036,-258.795,46.762,0,0,1,5,7,R,"mungjungh",160,86,0.498,3,59,9137.381,102,89,55,123,138,84,-5.063,29.278,0.9,-0.212,-0.11,0.295,0,0,0,0.04,-36.879,"Pring__",0.06,-16.976,"Megu3568",-21.258,-46.51,"Fresh825",-12.428,-65.017,"HANA_ARASHI",24.605,-49.829,"인생최패망자",12.089,-64.631,"IbikiKai_JP",34.516,-88.456,"Yaksok~",3.025,-104.118,"Gonyong",-41.718,-83.51,9137.945,-4.348,-28.302,9139.379,2,"Megu3568",-15.234,-47.19,0,0,0,0,0,0,0,2
161,9,1,4,2,0,0,1,0,0,0,255,255,255,28,9171.895,"ʚEveɞ",R,6,99,-0.21,0.647,-0.19,1.575,-36.534,0,0,450,0,46.8,0,0,0,6,4,R,"_AKASATA_",190,100.042,0.2,0,59,0,0,0,0,0,0,0,0,0,0,0,0,0,0,0,0,0.121,-37.236,"Pring__",-0.088,-16.848,"Megu3568",-21.783,-46.469,"Fresh825",-15.578,-63.455,"HANA_ARASHI",25.293,-50.492,"인생최패망자",11.65,-64.396,"IbikiKai_JP",35.725,-87.278,"Yaksok~",-2.355,-102.612,"Gonyong",-43.429,-83.153,0,0,0,0,0,"",0,0,0,0,0,0,0,0,0,0
162,9,1,4,2,0,1,1,0,0,0,255,255,255,29,9192.801,"ʚEveɞ",R,6,98,-0.325,1.332,-0.217,1.702,-36.619,2,0,445.455,0,39.108,0,0,1,6,4,R,"_AKASATA_",190,100.042,0.2,3,59,9193.831,189,151,34,233,155,69,-30,20.716,1,-0.01,0.007,0.395,0,0,0,0.035,-37.325,"Pring__",0.107,-17.149,"Megu3568",-21.57,-46.343,"Fresh825",-15.64,-63.456,"HANA_ARASHI",24.022,-51.148,"인생최패망자",11.91,-64.382,"IbikiKai_JP",36.001,-87.321,"Yaksok~",-2.648,-102.96,"Gonyong",-43.621,-83.263,9194.212,-1.014,-23.172,9196.962,3,"Fresh825",-12.202,-53.621,0,0,0,0,0,0,0,2
163,9,1,4,2,0,0,2,0,0,0,255,255,255,30,9230.151,"ʚEveɞ",R,10,111,1.429,-2.015,0.07,1.377,-36.582,2,0,0,400,9.344,0,0,1,7,5,R,"CVPileMaki",169.6,94,0.395,3,59,9231.334,175,102,26,141,143,85,27.513,-35.835,-0.06,-0.07,-0.121,0.233,0,0,0,-0.038,-36.936,"Pring__",0.175,-16.982,"Megu3568",-22.104,-47.142,"Fresh825",-15.081,-64.44,"HANA_ARASHI",24.281,-50.399,"인생최패망자",12.402,-63.297,"IbikiKai_JP",35.298,-87.791,"Yaksok~",-4.092,-102.87,"Gonyong",-46.539,-89.535,9235.046,31.847,-71.22,9235.662,6,"IbikiKai_JP",33.363,-73.857,1,0,0,0,0,0,0,2
164,9,1,4,2,0,0,2,1,0,0,5,255,255,31,9291.313,"ʚEveɞ",R,28,140,-1.584,-0.101,-0.147,1.413,-36.504,1,0,-1.746,-54.721,5.79,0,0,0,8,8,L,"M_lunatic",160,107,0.444,0,59,0,0,0,0,0,0,0,0,0,0,0,0,0,0,0,0,0.037,-37.401,"Pring__",0.126,-16.695,"Megu3568",-19.691,-43.708,"Fresh825",-5.961,-63.745,"HANA_ARASHI",25.045,-51.435,"인생최패망자",15.504,-61.631,"IbikiKai_JP",38.492,-81.11,"Yaksok~",4.487,-103.397,"Gonyong",-41.621,-83.576,0,0,0,0,0,"",0,0,0,0,0,0,0,0,0,0
165,9,1,4,2,1,0,2,1,0,0,5,255,255,32,9302.724,"ʚEveɞ",R,28,140,-1.319,-0.312,-0.131,1.372,-36.492,0,0,27.151,-99.223,10.463,0,0,0,8,8,L,"M_lunatic",160,107,0.444,0,59,0,0,0,0,0,0,0,0,0,0,0,0,0,0,0,0,-0.001,-37.295,"Pring__",0.206,-16.755,"Megu3568",-20.25,-41.738,"Fresh825",-4.195,-63.106,"HANA_ARASHI",25.256,-52.634,"인생최패망자",15.164,-62.094,"IbikiKai_JP",38.513,-81.166,"Yaksok~",4.605,-103.289,"Gonyong",-39.486,-95.394,0,0,0,0,0,"",0,0,0,0,0,0,0,0,0,0
166,9,1,4,2,1,1,2,1,0,0,5,255,255,33,9316.323,"ʚEveɞ",R,26,135,-1.121,0.891,-0.117,1.517,-36.474,2,0,45.114,-169.065,21.568,0,0,1,8,8,L,"M_lunatic",160,107,0.444,2,59,9317.395,203,92,15,146,142,79,43.356,13.989,-0.48,0.05,-0.067,0.148,0,0,0,-0.268,-36.887,"Pring__",-0.121,-16.819,"Megu3568",-19.627,-45.299,"Fresh825",-1.037,-61.031,"HANA_ARASHI",23.917,-51.993,"인생최패망자",14.983,-62.112,"IbikiKai_JP",39.427,-81.425,"Yaksok~",4.358,-103.385,"Gonyong",-39.478,-95.408,9322.346,-9.351,-75.652,9324.279,8,"Gonyong",-10.998,-86.513,1,0,0,0,0,0,0,2
167,9,1,4,2,0,0,2,1,0,1,8,255,5,34,9372.515,"ʚEveɞ",R,14,100,1.865,-2.484,0.032,1.26,-36.629,4,0,282.718,391.517,6.057,0.645,-17.324,1,0,3,R,"Multeinn",170.3,95.343,0.505,0,59,0,0,0,0,0,0,0,0,0,0,0,0,0,0,0,0,0.123,-37.119,"Pring__",0.253,-16.96,"Megu3568",-19.823,-42.262,"Fresh825",-13.189,-64.553,"HANA_ARASHI",20.915,-45.438,"인생최패망자",8.118,-61.085,"IbikiKai_JP",35.103,-87.461,"Yaksok~",1.66,-104.437,"Gonyong",-44.907,-79.26,0,0,0,0,0,"",0,0,0,0,0,0,0,0,0,0
168,9,1,4,2,0,1,2,1,0,1,8,255,5,35,9394.295,"ʚEveɞ",R,26,140,-2.673,-0.255,-0.245,1.357,-36.482,1,0,-14.518,-169.254,28.706,0,0,0,0,3,R,"Multeinn",170.3,95.343,0.505,0,59,0,0,0,0,0,0,0,0,0,0,0,0,0,0,0,0,0.027,-37.242,"Pring__",-0.447,-16.714,"Megu3568",-20.565,-43.701,"Fresh825",-13.131,-64.411,"HANA_ARASHI",21.682,-46.915,"인생최패망자",7.149,-62.144,"IbikiKai_JP",35.283,-87.574,"Yaksok~",-1.202,-104.382,"Gonyong",-43.813,-81.246,0,0,0,0,0,"",0,0,0,0,0,0,0,0,0,0
169,9,1,4,2,1,1,2,1,0,1,8,255,5,36,9411.825,"ʚEveɞ",R,6,94,1.3,1.901,-0.046,1.649,-36.487,2,0,371.428,-247.142,43.31,0,0,1,0,3,R,"Multeinn",170.3,95.343,0.505,3,59,9412.926,154,118,16,165,144,83,66.651,-58.71,-0.52,-0.06,-0.106,0,0,0,0,-0.024,-36.879,"Pring__",0.199,-16.868,"Megu3568",-21.234,-45.65,"Fresh825",-13.291,-64.506,"HANA_ARASHI",21.808,-44.855,"인생최패망자",10.112,-62.339,"IbikiKai_JP",36.191,-89.759,"Yaksok~",-1.727,-104.05,"Gonyong",-43.831,-81.558,9418.346,43.782,-52.057,0,0,"",0,0,0,0,0,0,0,0,0,3
170,9,1,4,2,1,2,2,1,0,1,8,255,5,37,9440.075,"ʚEveɞ",R,12,117,0.322,-1.119,-0.008,1.318,-36.551,2,0,100.908,141.007,11.272,0,0,1,0,3,R,"Multeinn",170.3,95.343,0.505,3,59,9441.029,253,190,42,169,155,90,7.446,24.536,-0.28,-0.137,-0.173,0.281,0,0,0,0.067,-36.664,"Pring__",-0.132,-17.24,"Megu3568",-20.126,-43.905,"Fresh825",-13.109,-64.814,"HANA_ARASHI",21.631,-48.081,"인생최패망자",12.788,-62.095,"IbikiKai_JP",34.985,-87.733,"Yaksok~",-3.266,-100.842,"Gonyong",-44.239,-75.538,9442.445,-13.65,-46.022,9444.662,8,"Gonyong",-30.941,-72.734,1,0,0,0,0,0,0,2
171,9,1,5,2,0,0,2,1,1,0,255,8,255,0,9617.563,"Pring__",R,14,90,-1.165,0.197,-0.31,1.831,-36.547,0,0,185.671,400,-6.24,0,0,0,1,1,L,"Kr_Luna",189.9,96.932,0.501,0,59,0,0,0,0,0,0,0,0,0,0,0,0,0,0,0,0,-0.206,-37.961,"HANA_ARASHI",-0.215,-17.055,"Megu3568",-21.38,-45.571,"Fresh825",-10.959,-65.959,"인생최패망자",21.416,-46.446,"ʚEveɞ",13.976,-64.02,"IbikiKai_JP",43.225,-86.789,"Yaksok~",6.583,-106.286,"Gonyong",-35.106,-98.543,0,0,0,0,0,"",0,0,0,0,0,0,0,0,0,0
172,9,1,5,2,0,1,2,1,1,0,255,8,255,1,9635.28,"Pring__",R,26,133,-1.191,0.718,-0.166,1.531,-36.44,2,0,176.386,-191.414,4.836,0,0,1,1,1,L,"Kr_Luna",189.9,96.932,0.501,2,87,9636.071,216,135,48,165,155,130,57.178,-27.268,0.44,0.043,-0.054,0.421,0,0,0,-0.583,-37.234,"HANA_ARASHI",-0.18,-17.043,"Megu3568",-21.465,-46.405,"Fresh825",-10.948,-65.905,"인생최패망자",22.454,-47.497,"ʚEveɞ",13.948,-64.042,"IbikiKai_JP",42.75,-86.873,"Yaksok~",3.977,-102.513,"Gonyong",-34.057,-96.417,9643.929,51.108,-95.886,9644.129,6,"IbikiKai_JP",50.25,-94.694,0,0,0,0,0,0,0,1
173,9,0,5,2,0,0,0,0,0,0,255,255,255,20,9699.369,"なおｐ--",R,0,131,-0.682,0.816,-0.063,1.635,-36.56,0,0,0,0,0,0,0,0,3,0,L,"Pring__",180.3,94.883,0.396,0,59,0,0,0,0,0,0,0,0,0,0,0,0,0,0,0,0,0.027,-37.877,"Kr_Luna",0.02,-17.271,"_Chun",-21.732,-49.455,"Multeinn",-11.662,-64.554,"_AKASATA_",25.328,-51.712,"CVPileMaki",13.564,-64.782,"SFIDA",43.789,-98.806,"mungjungh",3.289,-109.61,"M_lunatic",-38.14,-86.835,0,0,0,0,0,"",0,0,0,0,0,0,0,0,0,0
174,9,0,5,2,0,1,0,0,0,0,255,255,255,21,9717.83,"なおｐ--",R,0,101,-0.736,2.456,-0.044,2.079,-36.882,1,0,0,0,6.367,0,0,0,3,0,L,"Pring__",180.3,94.883,0.396,0,59,0,0,0,0,0,0,0,0,0,0,0,0,0,0,0,0,-0.137,-37.791,"Kr_Luna",-0.084,-17.244,"_Chun",-22.06,-49.715,"Multeinn",-11.968,-64.322,"_AKASATA_",25.33,-51.788,"CVPileMaki",13.581,-64.816,"SFIDA",43.779,-98.802,"mungjungh",3.073,-108.765,"M_lunatic",-39.328,-89.343,0,0,0,0,0,"",0,0,0,0,0,0,0,0,0,0
175,9,0,5,2,1,1,0,0,0,0,255,255,255,22,9737.401,"なおｐ--",R,14,78,3.343,-0.905,0.171,1.502,-36.636,4,0,310.182,242.177,9.645,0,0,1,3,0,L,"Pring__",180.3,94.883,0.396,0,59,0,0,0,0,0,0,0,0,0,0,0,0,0,0,0,0,-0.063,-37.479,"Kr_Luna",0.606,-17.271,"_Chun",-22.03,-49.886,"Multeinn",-12.16,-64.324,"_AKASATA_",25.287,-51.187,"CVPileMaki",13.629,-64.802,"SFIDA",43.785,-98.795,"mungjungh",4.766,-111.707,"M_lunatic",-38.751,-88.704,0,0,0,0,0,"",0,0,0,0,0,0,0,0,0,0
176,9,0,5,2,1,2,0,0,0,0,255,255,255,23,9756.898,"なおｐ--",R,10,86,-0.685,-0.076,-0.095,1.821,-36.775,2,0,0,400,7.485,0,0,1,3,0,L,"Pring__",180.3,94.883,0.396,3,59,9757.857,169,138,47,202,153,128,94.548,76.528,0.64,-0.043,-0.101,0.397,0,0,0,-0.117,-37.407,"Kr_Luna",-0.055,-17.275,"_Chun",-21.852,-49.917,"Multeinn",-12.05,-64.203,"_AKASATA_",25.231,-51.302,"CVPileMaki",13.618,-64.769,"SFIDA",43.759,-98.749,"mungjungh",1.308,-109.021,"M_lunatic",-39.443,-89.006,9766.529,46.988,-11.611,0,0,"",0,0,0,0,0,0,0,0,0,3
177,9,0,5,2,1,2,0,0,0,0,255,255,255,24,9784.882,"なおｐ--",R,12,112,-0.218,-1.153,-0.03,2.009,-36.709,4,0,0,135.719,11.923,0,0,1,3,0,L,"Pring__",180.3,94.883,0.396,0,83,0,0,0,0,0,0,0,0,0,0,0,0,0,0,0,0,-0.369,-37.85,"Kr_Luna",-0.12,-18.24,"_Chun",-22.596,-49.909,"Multeinn",-15.184,-62.468,"_AKASATA_",25.503,-50.774,"CVPileMaki",13.518,-64.762,"SFIDA",46.668,-94.974,"mungjungh",0.586,-111.937,"M_lunatic",-39.869,-87.897,0,0,0,0,0,"",0,0,0,8,0,0,0,0,0,0
178,9,0,5,2,0,0,1,0,0,0,255,255,255,25,9819.941,"なおｐ--",R,13,91,-2.487,-0.817,-0.073,1.533,-36.773,1,0,-322.996,312.348,-8.046,0,0,0,4,4,R,"인생최패망자",190,90,0.447,0,59,0,0,0,0,0,0,0,0,0,0,0,0,0,0,0,0,-0.176,-37.845,"Kr_Luna",-0.219,-17.269,"_Chun",-22.477,-50.286,"Multeinn",-12.507,-64.226,"_AKASATA_",25.613,-50.759,"CVPileMaki",13.494,-64.742,"SFIDA",44.959,-99.77,"mungjungh",3.03,-111.445,"M_lunatic",-40.055,-85.074,0,0,0,0,0,"",0,0,0,0,0,0,0,0,0,0
179,9,0,5,2,1,0,1,0,0,0,255,255,255,26,9839.849,"なおｐ--",R,0,129,1.552,0.664,0.144,1.618,-36.506,2,0,0,0,0,0,0,1,4,4,R,"인생최패망자",190,90,0.447,3,59,9840.918,174,150,71,163,155,109,2.26,36.105,0.91,-0.062,-0.056,0.312,0,0,0,0.134,-37.617,"Kr_Luna",0.135,-17.447,"_Chun",-22.099,-51.045,"Multeinn",-11.725,-64.488,"_AKASATA_",25.485,-50.866,"CVPileMaki",13.48,-64.702,"SFIDA",40.758,-91.773,"mungjungh",2.231,-110.014,"M_lunatic",-40.068,-85.101,9842.229,-16.768,-47.208,9842.713,2,"_Chun",-18.496,-50.287,0,0,0,0,0,0,0,2
180,9,0,5,2,0,0,2,0,0,0,255,255,255,27,9876.493,"なおｐ--",R,13,82,-1.892,-1.02,0.013,1.558,-36.91,1,0,-291.051,312.348,-50.109,0,0,0,5,7,R,"Yaksok~",173.1,91.563,0.502,0,72,0,0,0,0,0,0,0,0,0,0,0,0,0,0,0,0,-0.154,-37.667,"Kr_Luna",0.004,-17.309,"_Chun",-23.029,-51.52,"Multeinn",-13.379,-63.067,"_AKASATA_",25.176,-51.236,"CVPileMaki",13.524,-64.862,"SFIDA",37.871,-90.705,"mungjungh",0.531,-111.354,"M_lunatic",-42.179,-84.189,0,0,0,0,0,"",0,0,0,0,0,0,0,0,0,0
181,9,0,5,2,1,0,2,0,0,0,255,255,255,28,9926.899,"なおｐ--",R,0,140,-1.948,-0.804,-0.181,1.364,-36.615,1,0,0,0,0,0,0,0,5,7,R,"Yaksok~",173.1,91.563,0.502,0,72,0,0,0,0,0,0,0,0,0,0,0,0,0,0,0,0,-0.22,-37.932,"Kr_Luna",-0.24,-17.244,"_Chun",-22.4,-51.338,"Multeinn",-12.898,-64.151,"_AKASATA_",20.395,-44.863,"CVPileMaki",13.556,-64.837,"SFIDA",36.792,-85.611,"mungjungh",0.006,-98.25,"M_lunatic",-40.676,-83.255,0,0,0,0,0,"",0,0,0,0,0,0,0,0,0,0
182,9,0,5,2,2,0,2,0,0,0,255,255,255,29,10229.64,"なおｐ--",R,0,117,1.629,-0.075,0.152,1.482,-36.577,1,0,0,0,0,0,0,0,5,7,R,"Yaksok~",173.1,91.563,0.502,0,80,0,0,0,0,0,0,0,0,0,0,0,0,0,0,0,0,0.017,-38.03,"Kr_Luna",0.237,-17.268,"_Chun",-22.501,-51.502,"Multeinn",-12.98,-64.403,"_AKASATA_",21.714,-46.604,"CVPileMaki",13.543,-64.771,"SFIDA",36.528,-87.883,"mungjungh",0.568,-94.774,"M_lunatic",-38.332,-80.474,0,0,0,0,0,"",0,0,0,0,0,0,0,0,0,0
183,9,0,5,2,3,0,2,0,0,0,255,255,255,30,10249,"なおｐ--",R,9,79,1.588,0.891,-0.014,1.472,-36.617,2,0,252.335,-355.741,1.727,0,0,0,5,7,R,"Yaksok~",173.1,91.563,0.502,3,82,10250.23,13,0,11,22,0,23,42.538,27.223,-0.39,0.016,-0.13,0,0,0,0,-0.14,-37.435,"Kr_Luna",0.12,-17.328,"_Chun",-22.529,-51.516,"Multeinn",-12.229,-64.601,"_AKASATA_",21.672,-46.597,"CVPileMaki",13.532,-64.783,"SFIDA",36.528,-87.896,"mungjungh",0.044,-94.912,"M_lunatic",-36.911,-80.619,10252.53,-3.679,-27.378,10254.11,0,"なおｐ--",-5.729,-29.207,0,0,0,0,0,0,0,2
