id,inn,half,scoreA,scoreB,ball,strk,out,b1,b2,b3,b1Idx,b2Idx,b3Idx,pCnt,pSec,pName,pHand,pType,spdK,zoneX,zoneY,startX,startY,zDist,call,balk,sH,sV,gyro,plx,plz,bSwing,bIdx,bPos,bZone,bName,bHCm,batLen,batCen,batType,bFps,hSec,rotS,shS,lgS,impMv,batSpd,ev,ldeg,sdeg,hPos,hMoveX,hMoveY,stayCon,hitSpnX,hitSpnY,hitSpnZ,PPosX,PPosY,CName,CPosX,CPosY,1BName,1BPosX,1BPosY,2BName,2BPosX,2BPosY,3BName,3BPosX,3BPosY,SSName,SSPosX,SSPosY,LFName,LFPosX,LFPosY,CFName,CFPosX,CFPosY,RFName,RFPosX,RFPosY,ltSec,lx,lz,cSec,cPos,cPlr,cx,cz,1BSafe,tag,cpSec,sb2Sec,sb3Sec,sbhSec,ass,result
1,1,1,0,0,0,0,0,0,0,0,255,255,255,0,1585.568,"なおｐ--",R,10,89,0.987,0.157,0.137,1.884,-36.703,0,0,0,400,11.042,0,0,0,0,6,R,"muyang_",172.1,90.462,0.5,0,59,0,0,0,0,0,0,0,0,0,0,0,0,0,0,0,0,-0.051,-37.374,"Kr_Luna",0.023,-17.336,"_Chun",-22.703,-51.894,"오띵__",-10.734,-66.283,"NABIMan",21.766,-50.621,"CVPileMaki",13.616,-64.861,"SFIDA",36.778,-86.658,"Multeinn",0.077,-101.448,"M_lunatic",-37.372,-85.937,0,0,0,0,0,"",0,0,0,0,0,0,0,0,0,0
2,1,1,0,0,0,1,0,0,0,0,255,255,255,1,1603.542,"なおｐ--",R,0,140,1.916,0.927,0.166,1.668,-36.579,4,0,0,0,0,0.11,-20.457,1,0,6,R,"muyang_",172.1,90.462,0.5,0,59,0,0,0,0,0,0,0,0,0,0,0,0,0,0,0,0,-0.03,-37.446,"Kr_Luna",0.056,-17.891,"_Chun",-22.701,-51.81,"오띵__",-10.75,-66.307,"NABIMan",21.562,-49.558,"CVPileMaki",13.679,-64.772,"SFIDA",36.424,-85.543,"Multeinn",0.191,-100.705,"M_lunatic",-36.385,-83.416,0,0,0,0,0,"",0,0,0,0,0,0,0,0,0,0
3,1,1,0,0,0,2,0,0,0,0,255,255,255,2,1626.876,"なおｐ--",R,0,131,0.447,1.318,0.042,1.704,-36.525,4,0,0,0,0,0,0,1,0,6,R,"muyang_",172.1,90.462,0.5,0,59,0,0,0,0,0,0,0,0,0,0,0,0,0,0,0,0,-0.106,-37.383,"Kr_Luna",0.046,-17.371,"_Chun",-22.828,-51.493,"오띵__",-10.724,-66.252,"NABIMan",21.49,-49.558,"CVPileMaki",13.577,-64.852,"SFIDA",36.451,-85.588,"Multeinn",0.682,-100.722,"M_lunatic",-36.39,-83.4,0,0,0,0,0,"",0,0,0,0,0,0,0,0,0,0
4,1,1,0,0,0,0,1,0,0,0,255,255,255,3,1658.396,"なおｐ--",R,0,125,-2.19,-0.043,-0.204,1.487,-36.613,1,0,0,0,0,0,0,0,1,8,R,"-라후이-",190,95.263,0.498,0,59,0,0,0,0,0,0,0,0,0,0,0,0,0,0,0,0,-0.268,-37.201,"Kr_Luna",-0.029,-17.191,"_Chun",-22.817,-51.057,"오띵__",-11.065,-66.089,"NABIMan",22.556,-50.974,"CVPileMaki",13.592,-64.831,"SFIDA",38.829,-88.403,"Multeinn",-0.368,-106.724,"M_lunatic",-40.211,-85.59,0,0,0,0,0,"",0,0,0,0,0,0,0,0,0,0
5,1,1,0,0,1,0,1,0,0,0,255,255,255,4,1677.183,"なおｐ--",R,0,133,1.91,1.275,0.178,1.74,-36.592,2,0,0,0,0,0,0,1,1,8,R,"-라후이-",190,95.263,0.498,2,59,1678.101,205,178,80,242,155,98,33.592,34.665,-0.33,-0.011,-0.043,0.344,0,0,0,0.015,-37.237,"Kr_Luna",0.067,-17.278,"_Chun",-22.859,-51.081,"오띵__",-10.963,-66.167,"NABIMan",23.43,-51.253,"CVPileMaki",13.577,-64.809,"SFIDA",38,-88.59,"Multeinn",1.142,-107.525,"M_lunatic",-40.188,-85.625,0,0,0,1683.297,8,"M_lunatic",-45.644,-83.773,0,0,0,0,0,0,0,1
6,1,1,0,0,0,0,2,0,0,0,255,255,255,5,1716.652,"なおｐ--",R,10,97,0.41,-2.517,0.057,1.827,-36.85,1,0,0,400,6.602,0.076,-20.394,0,2,1,R,"Dοpi",190,90,0.3,0,59,0,0,0,0,0,0,0,0,0,0,0,0,0,0,0,0,-0.173,-37.443,"Kr_Luna",-0.018,-17.258,"_Chun",-22.336,-51.78,"오띵__",-11.01,-66.246,"NABIMan",22.047,-50.943,"CVPileMaki",13.547,-64.797,"SFIDA",37.31,-90.233,"Multeinn",-4.236,-104.984,"M_lunatic",-38.915,-86.75,0,0,0,0,0,"",0,0,0,0,0,0,0,0,0,0
7,1,1,0,0,1,0,2,0,0,0,255,255,255,6,1735.837,"なおｐ--",R,0,140,-0.13,1.332,-0.012,1.754,-36.594,4,0,0,0,0,0,0,1,2,1,R,"Dοpi",190,90,0.3,0,59,0,0,0,0,0,0,0,0,0,0,0,0,0,0,0,0,-0.213,-37.241,"Kr_Luna",-0.09,-17.226,"_Chun",-22.29,-51.831,"오띵__",-11.04,-66.217,"NABIMan",22.213,-49.295,"CVPileMaki",13.521,-64.79,"SFIDA",37.309,-90.242,"Multeinn",-3,-104.154,"M_lunatic",-38.373,-86.67,0,0,0,0,0,"",0,0,0,0,0,0,0,0,0,0
8,1,1,0,0,1,1,2,0,0,0,255,255,255,7,1755.348,"なおｐ--",R,0,126,2.888,-0.075,0.231,1.487,-36.583,2,0,0,0,0,0,0,1,2,1,R,"Dοpi",190,90,0.3,3,59,1756.212,189,103,25,105,144,90,-40.781,-50.47,-0.48,-0.025,-0.052,0.041,0,0,0,-0.043,-37.057,"Kr_Luna",0.108,-17.251,"_Chun",-22.341,-51.906,"오띵__",-10.981,-66.144,"NABIMan",22.413,-50.238,"CVPileMaki",13.449,-64.732,"SFIDA",36.415,-88.273,"Multeinn",-3.382,-104.076,"M_lunatic",-38.382,-86.649,1756.413,1.937,-21.349,0,0,"",0,0,0,0,0,0,0,0,0,3
9,1,1,0,0,1,2,2,0,0,0,255,255,255,8,1778.356,"なおｐ--",R,3,99,0.139,0.042,0.284,1.576,-36.684,0,0,-356.946,83.245,1.164,0,0,1,2,1,R,"Dοpi",190,90,0.3,0,51,0,0,0,0,0,0,0,0,0,0,0,0,0,0,0,0,-0.229,-37.806,"Kr_Luna",0.013,-17.203,"_Chun",-22.597,-50.843,"오띵__",-10.564,-66.174,"NABIMan",20.623,-48.679,"CVPileMaki",13.539,-64.818,"SFIDA",35.675,-84.596,"Multeinn",-2.179,-105.141,"M_lunatic",-38.593,-86.013,0,0,0,0,0,"",0,0,0,0,0,0,0,0,0,0
10,1,0,0,0,0,0,0,0,0,0,255,255,255,0,1979.606,"Roscosmos",L,26,139,1.471,0.145,0.189,1.558,-36.651,0,0,-163.371,-200,-12.647,0,0,0,0,5,R,"CVPileMaki",169.7,94,0.395,0,59,0,0,0,0,0,0,0,0,0,0,0,0,0,0,0,0,0.091,-37.706,"Dοpi",0.073,-17.034,"siesta_aves",-22.041,-47.78,"_앰프_",-13.866,-64.199,"ByeolBam",23.482,-51.516,"즉석카레",11.103,-65.449,"muyang_",36.826,-84.712,"vovopo 보보포",-1.866,-104.314,"-라후이-",-40.519,-89.008,0,0,0,0,0,"",0,0,0,0,0,0,0,0,0,0
11,1,0,0,0,0,1,0,0,0,0,255,255,255,1,1999.204,"Roscosmos",L,26,140,1.703,-0.844,0.174,1.406,-36.682,2,0,-48.301,-200,-30.904,0,0,1,0,5,R,"CVPileMaki",169.7,94,0.395,3,59,2000.256,133,89,30,123,141,117,36.728,49.802,0.22,-0.033,-0.154,0.211,0,0,0,0.745,-37.22,"Dοpi",0.079,-17.078,"siesta_aves",-22.033,-47.762,"_앰프_",-13.842,-64.069,"ByeolBam",23.456,-51.563,"즉석카레",11.068,-65.384,"muyang_",36.948,-84.71,"vovopo 보보포",0.38,-103.974,"-라후이-",-39.62,-88.604,2005.513,-87.795,-72.599,0,0,"",0,0,0,0,0,0,0,0,0,3
12,1,0,0,0,0,2,0,0,0,0,255,255,255,2,2023.801,"Roscosmos",L,13,118,-0.823,0.053,-0.217,1.736,-36.706,2,0,357.372,349.694,-40.406,0,0,1,0,5,R,"CVPileMaki",169.7,94,0.395,3,59,2024.96,139,88,32,110,142,83,-15.916,36.235,-0.2,-0.062,-0.045,0.217,0,0,0,-0.136,-37.36,"Dοpi",-0.515,-17.162,"siesta_aves",-22.811,-47.884,"_앰프_",-14.315,-64.042,"ByeolBam",23.45,-51.624,"즉석카레",10.037,-65.441,"muyang_",37.668,-82.791,"vovopo 보보포",-6.23,-102.096,"-라후이-",-42.894,-85.183,2025.23,-1.905,-21.281,2027.13,2,"siesta_aves",-19.031,-44.595,0,0,0,0,0,0,0,2
13,1,0,0,0,0,0,1,0,0,0,255,255,255,3,2053.975,"Roscosmos",L,26,135,1.007,-0.02,0.155,1.532,-36.684,2,0,-189.962,-200,-16.982,0,0,1,1,0,R,"なおｐ--",190,90.37,0.412,3,59,2054.986,155,90,17,159,141,90,39.704,42.198,-0.19,-0.089,-0.114,0.261,0,0,0,0.349,-37.205,"Dοpi",0.11,-16.958,"siesta_aves",-22.241,-48.207,"_앰프_",-14.098,-64.216,"ByeolBam",22.882,-50.635,"즉석카레",11.216,-64.893,"muyang_",36.434,-81.059,"vovopo 보보포",-2.236,-106.1,"-라후이-",-40.62,-86.386,2059.863,-52.95,-68.924,2060.396,2,"siesta_aves",-53.838,-69.708,0,0,0,0,0,0,0,2
14,1,0,0,0,0,1,1,0,0,0,255,255,255,4,2085.083,"Roscosmos",L,3,122,-0.336,0.826,-0.151,1.819,-36.772,2,0,337.006,222.955,-5.235,0,0,1,1,0,R,"なおｐ--",190,90.37,0.412,3,59,2086.156,141,97,41,115,142,91,-8.031,12.405,-0.1,-0.14,-0.048,0.292,0,0,0,0.191,-37.237,"Dοpi",0.084,-16.991,"siesta_aves",-23.159,-48.203,"_앰프_",-13.421,-64.233,"ByeolBam",22.703,-50.31,"즉석카레",11.605,-64.683,"muyang_",35.783,-83.402,"vovopo 보보포",-0.185,-106.285,"-라후이-",-43.336,-84.712,2086.58,-1.743,-27.756,2088.83,3,"_앰프_",-10.519,-60.242,0,0,0,0,0,0,0,2
15,1,0,0,0,0,0,2,0,0,0,255,255,255,5,2116.425,"Roscosmos",L,32,133,-1.05,-0.079,-0.028,1.524,-36.638,0,0,-209.479,-181.398,-36.136,0,0,0,2,2,L,"_Chun",190,95.123,0.455,0,59,0,0,0,0,0,0,0,0,0,0,0,0,0,0,0,0,-0.555,-37.617,"Dοpi",-0.057,-16.898,"siesta_aves",-22.895,-47.368,"_앰프_",-13.583,-64.655,"ByeolBam",22.931,-50.505,"즉석카레",11.135,-65.164,"muyang_",40.043,-91.503,"vovopo 보보포",2.232,-109.129,"-라후이-",-41.331,-86.232,0,0,0,0,0,"",0,0,0,0,0,0,0,0,0,0
16,1,0,0,0,0,1,2,0,0,0,255,255,255,6,2134.695,"Roscosmos",L,1,93,-2.081,0.199,-0.134,1.779,-36.621,2,0,0,0,4.607,0,0,1,2,2,L,"_Chun",190,95.123,0.455,3,59,2135.785,173,126,55,159,154,116,50,-15.946,0.09,-0.043,0.009,0.255,0,0,0,-0.178,-37.54,"Dοpi",-0.266,-16.987,"siesta_aves",-22.926,-47.377,"_앰프_",-13.475,-64.477,"ByeolBam",22.495,-52.197,"즉석카레",10.129,-65.362,"muyang_",39.834,-90.237,"vovopo 보보포",3.906,-109.541,"-라후이-",-40.669,-85.8,2142.597,32.416,-100.193,2142.78,6,"muyang_",31.61,-98.368,0,0,0,0,0,0,0,1
17,2,1,0,0,0,0,0,0,0,0,255,255,255,9,2204.614,"なおｐ--",R,0,140,-0.844,-1.458,-0.079,1.243,-36.628,1,0,0,0,0,0,0,0,3,4,R,"ByeolBam",180.2,90.291,0.496,0,58,0,0,0,0,0,0,0,0,0,0,0,0,0,0,0,0,-0.291,-37.384,"Kr_Luna",-0.137,-17.24,"_Chun",-22.704,-52.034,"오띵__",-10.708,-66.384,"NABIMan",21.607,-49.109,"CVPileMaki",13.483,-64.865,"SFIDA",39.109,-89.123,"Multeinn",-0.896,-106.884,"M_lunatic",-37.78,-84.868,0,0,0,0,0,"",0,0,0,0,0,0,0,0,0,0
18,2,1,0,0,1,0,0,0,0,0,255,255,255,10,2224.285,"なおｐ--",R,0,120,1.377,-0.861,0.128,1.345,-36.595,2,0,0,0,0,0,0,1,3,4,R,"ByeolBam",180.2,90.291,0.496,3,58,2225.209,223,143,39,184,155,96,1.918,-6.948,-0.03,-0.057,-0.159,0.395,0,0,0,-0.057,-37.235,"Kr_Luna",0.115,-17.318,"_Chun",-22.668,-52.114,"오띵__",-10.717,-66.319,"NABIMan",23.056,-50.282,"CVPileMaki",13.491,-64.848,"SFIDA",39.056,-89.134,"Multeinn",-1.121,-106.874,"M_lunatic",-37.765,-84.834,2226.13,2.543,-39.125,2227.83,5,"CVPileMaki",5.512,-64.734,0,8,0,0,0,0,0,2
19,2,1,0,0,0,0,1,0,0,0,255,255,255,11,2259.695,"なおｐ--",R,0,134,2.884,0.747,0.268,1.64,-36.621,1,0,0,0,0,0,0,0,4,2,R,"siesta_aves",190,107,0.455,0,58,0,0,0,0,0,0,0,0,0,0,0,0,0,0,0,0,0.121,-37.426,"Kr_Luna",0.074,-17.23,"_Chun",-23.462,-52.323,"오띵__",-10.569,-66.432,"NABIMan",21.991,-50.134,"CVPileMaki",13.546,-64.85,"SFIDA",33.242,-99.241,"Multeinn",-7.474,-109.37,"M_lunatic",-39,-86.598,0,0,0,0,0,"",0,0,0,0,0,0,0,0,0,0
20,2,1,0,0,1,0,1,0,0,0,255,255,255,12,2274.603,"なおｐ--",R,3,86,-0.132,0.646,0.336,1.692,-36.872,0,0,-390.909,0,-19.671,0,0,0,4,2,R,"siesta_aves",190,107,0.455,0,58,0,0,0,0,0,0,0,0,0,0,0,0,0,0,0,0,-0.034,-37.279,"Kr_Luna",0.059,-17.24,"_Chun",-23.437,-52.446,"오띵__",-10.571,-66.48,"NABIMan",22.338,-49.944,"CVPileMaki",13.518,-64.837,"SFIDA",33.234,-99.246,"Multeinn",-8.018,-109.608,"M_lunatic",-38.876,-86.305,0,0,0,0,0,"",0,0,0,0,0,0,0,0,0,0
21,2,1,0,0,1,1,1,0,0,0,255,255,255,13,2293.064,"なおｐ--",R,0,138,1.994,1.291,0.185,1.746,-36.567,1,0,0,0,0,0,0,0,4,2,R,"siesta_aves",190,107,0.455,0,58,0,0,0,0,0,0,0,0,0,0,0,0,0,0,0,0,-0.125,-37.703,"Kr_Luna",0.072,-17.245,"_Chun",-23.417,-52.479,"오띵__",-10.583,-66.4,"NABIMan",22.223,-49.422,"CVPileMaki",13.54,-64.853,"SFIDA",33.213,-99.248,"Multeinn",-6.78,-107.898,"M_lunatic",-38.877,-86.306,0,0,0,0,0,"",0,0,0,0,0,0,0,0,0,0
22,2,1,0,0,2,1,1,0,0,0,255,255,255,14,2314.184,"なおｐ--",R,13,89,-1.038,-0.718,0.101,1.643,-36.958,2,0,-315.897,312.348,1.91,0,0,1,4,2,R,"siesta_aves",190,107,0.455,2,58,2315.516,174,129,27,212,151,130,50,42.058,0.76,0.064,-0.12,0.153,0,0,0,-0.208,-37.657,"Kr_Luna",-0.39,-17.292,"_Chun",-23.201,-51.903,"오띵__",-10.553,-66.313,"NABIMan",22.85,-50.985,"CVPileMaki",13.506,-64.798,"SFIDA",33.203,-99.255,"Multeinn",-6.486,-108.348,"M_lunatic",-38.875,-86.298,2322.28,-87.33,-87.713,0,0,"",0,0,0,0,0,0,0,0,0,3
23,2,1,0,0,2,2,1,0,0,0,255,255,255,15,2347.843,"なおｐ--",R,10,93,0.039,-2.441,0.005,1.795,-36.789,2,0,0,400,8.716,0.007,-20.788,1,4,2,R,"siesta_aves",190,107,0.455,2,36,2349.131,177,125,53,172,155,111,-30,-10.01,0.89,0.112,-0.219,0.076,0,0,0,-0.078,-37.273,"Kr_Luna",-0.056,-17.457,"_Chun",-22.95,-51.656,"오띵__",-10.714,-66.203,"NABIMan",21.063,-50.083,"CVPileMaki",13.521,-64.802,"SFIDA",32.058,-100.693,"Multeinn",-6.551,-107.254,"M_lunatic",-37.899,-85.338,2349.247,0.026,-20.229,2351.33,5,"CVPileMaki",7.152,-60.598,0,0,0,0,0,0,0,2
24,2,1,0,0,0,0,2,0,0,0,255,255,255,16,2388.449,"なおｐ--",R,0,138,0.599,1.796,0.056,1.772,-36.649,2,0,0,0,0,0,0,1,5,5,R,"즉석카레",169.8,94.808,0.397,2,58,2389.289,198,135,64,183,155,88,21.827,0.805,-0.53,-0.143,-0.044,0.264,0,0,0,-0.083,-37.129,"Kr_Luna",0.022,-17.441,"_Chun",-23.441,-51.827,"오띵__",-10.639,-66.302,"NABIMan",22.535,-51.379,"CVPileMaki",13.554,-64.752,"SFIDA",38.039,-85.276,"Multeinn",3.308,-101.693,"M_lunatic",-35.019,-80.915,2394.296,-5.862,-95.757,2394.48,7,"Multeinn",-5.551,-92.622,0,0,0,0,0,0,0,1
25,2,0,0,0,0,0,0,0,0,0,255,255,255,7,2448.49,"Roscosmos",L,32,139,0.199,-0.576,0.09,1.441,-36.653,0,0,-230.166,-145.743,-48.118,0,0,0,3,1,L,"Kr_Luna",190,94.779,0.501,0,58,0,0,0,0,0,0,0,0,0,0,0,0,0,0,0,0,-0.308,-37.62,"Dοpi",-0.105,-16.83,"siesta_aves",-22.666,-48.391,"_앰프_",-13.401,-63.881,"ByeolBam",22.092,-51.217,"즉석카레",11.675,-65.241,"muyang_",41.568,-93.096,"vovopo 보보포",11.791,-110.498,"-라후이-",-36.232,-85.907,0,0,0,0,0,"",0,0,0,0,0,0,0,0,0,0
26,2,0,0,0,0,1,0,0,0,0,255,255,255,8,2467.059,"Roscosmos",L,13,117,-0.111,0.913,-0.159,1.899,-36.793,2,0,375.283,330.398,-12.175,0,0,1,3,1,L,"Kr_Luna",190,94.779,0.501,2,58,2467.885,207,135,41,169,155,130,4.173,-9.874,0.64,-0.02,-0.02,0.454,0,0,0,0.114,-37.188,"Dοpi",0.233,-16.983,"siesta_aves",-22.65,-48.404,"_앰프_",-13.767,-64.306,"ByeolBam",22.117,-50.785,"즉석카레",11.688,-65.178,"muyang_",42.963,-95.095,"vovopo 보보포",11.761,-110.619,"-라후이-",-42.018,-91.765,2469.313,7.967,-60.774,2471.296,7,"vovopo 보보포",17.294,-100.04,1,0,0,0,0,0,0,2
27,2,0,0,0,0,0,0,1,0,0,10,255,255,9,2561.63,"Roscosmos",L,12,112,1.516,0.035,0.141,1.65,-36.733,1,0,0,118.838,-21.432,0,0,0,4,4,R,"NABIMan",190,99,0.55,0,35,0,0,0,0,0,0,0,0,0,0,0,0,0,0,0,0,-0.04,-37.584,"Dοpi",0.142,-16.931,"siesta_aves",-19.851,-40.633,"_앰프_",-11.981,-63.747,"ByeolBam",22.603,-50.999,"즉석카레",11.935,-64.798,"muyang_",30.88,-94.055,"vovopo 보보포",-11.762,-105.539,"-라후이-",-40.736,-88.74,0,0,0,0,0,"",0,0,0,0,0,0,0,0,0,0
28,2,0,0,0,1,0,0,1,0,0,10,255,255,10,2608.291,"Roscosmos",L,26,130,0.735,-0.156,0.136,1.503,-36.643,0,0,-196.164,-200,-41.686,0,0,0,4,4,R,"NABIMan",190,99,0.55,0,35,0,0,0,0,0,0,0,0,0,0,0,0,0,0,0,0,0.11,-37.938,"Dοpi",0.117,-16.798,"siesta_aves",-19.621,-41.181,"_앰프_",-11.962,-63.223,"ByeolBam",23.056,-50.74,"즉석카레",11.917,-64.763,"muyang_",31.087,-92.775,"vovopo 보보포",-12.629,-105.471,"-라후이-",-43.671,-86.49,0,0,0,0,0,"",0,0,0,0,0,0,0,0,0,0
29,2,0,0,0,1,1,0,1,0,0,10,255,255,11,2628.903,"Roscosmos",L,13,111,1.392,0.364,-0.029,1.811,-36.766,0,0,367.683,338.835,-9.819,0,0,1,4,4,R,"NABIMan",190,99,0.55,0,35,0,0,0,0,0,0,0,0,0,0,0,0,0,0,0,0,0.203,-37.786,"Dοpi",0.183,-16.966,"siesta_aves",-19.76,-40.402,"_앰프_",-13.201,-64.269,"ByeolBam",23.514,-51.77,"즉석카레",11.782,-64.905,"muyang_",30.333,-92.588,"vovopo 보보포",-11.399,-105.671,"-라후이-",-43.353,-85.597,0,0,0,0,0,"",0,0,0,0,0,0,0,0,0,0
30,2,0,0,0,1,2,0,1,0,0,10,255,255,12,2669.782,"Roscosmos",L,6,91,-2.919,1.607,-0.146,1.94,-36.817,4,0,-269.979,0,-1.254,0,0,1,4,4,R,"NABIMan",190,99,0.55,0,36,0,0,0,0,0,0,0,0,0,0,0,0,0,0,0,0,0.408,-38.009,"Dοpi",-0.631,-16.756,"siesta_aves",-19.489,-42.263,"_앰프_",-14.527,-63.781,"ByeolBam",24.583,-52.279,"즉석카레",9.86,-64.836,"muyang_",30.404,-92.109,"vovopo 보보포",-11.41,-105.647,"-라후이-",-40.798,-85.213,0,0,0,0,0,"",0,0,0,0,0,0,0,0,0,0
31,2,0,0,0,0,0,1,1,0,0,10,255,255,13,2700.477,"Roscosmos",L,0,113,-0.025,-0.027,-0.002,1.587,-36.616,0,0,0,0,-9.539,0,0,0,5,6,L,"SFIDA",190,86,0.655,0,58,0,0,0,0,0,0,0,0,0,0,0,0,0,0,0,0,-0.4,-37.987,"Dοpi",-0.172,-16.88,"siesta_aves",-19.369,-43.59,"_앰프_",-13.315,-62.036,"ByeolBam",22,-49.773,"즉석카레",9.725,-64.904,"muyang_",30.841,-86.556,"vovopo 보보포",5.388,-105.135,"-라후이-",-40.936,-85.681,0,0,0,0,0,"",0,0,0,0,0,0,0,0,0,0
32,2,0,0,0,0,1,1,1,0,0,10,255,255,14,2719.759,"Roscosmos",L,32,128,3.222,-0.959,-0.059,1.582,-36.654,2,0,-208.533,-157.111,-46.101,0,0,1,5,6,L,"SFIDA",190,86,0.655,2,58,2720.653,131,80,10,54,136,85,16.392,12.065,-0.54,0.022,-0.042,0.124,0,0,0,-0.214,-37.328,"Dοpi",-0.196,-17.015,"siesta_aves",-19.979,-40.897,"_앰프_",-14.543,-61.789,"ByeolBam",22.127,-49.768,"즉석카레",11.775,-65.383,"muyang_",36.881,-84.874,"vovopo 보보포",7.117,-104.013,"-라후이-",-41.415,-87.139,0,0,0,2723.697,3,"_앰프_",-11.708,-66.59,0,0,0,0,0,0,0,1
33,3,1,0,0,0,0,0,0,0,0,255,255,255,17,2791.353,"なおｐ--",R,15,81,-0.695,0.468,-0.168,1.339,-36.752,0,0,75.572,-400,-48.727,0,0,0,6,3,R,"_앰프_",170.6,89.947,0.4,0,58,0,0,0,0,0,0,0,0,0,0,0,0,0,0,0,0,-0.323,-37.491,"Kr_Luna",0.008,-17.293,"_Chun",-22.954,-51.646,"오띵__",-10.942,-66.275,"NABIMan",21.595,-47.599,"CVPileMaki",12.933,-64.683,"SFIDA",34.762,-85.054,"Multeinn",0.388,-107.166,"M_lunatic",-38.575,-85.327,0,0,0,0,0,"",0,0,0,0,0,0,0,0,0,0
34,3,1,0,0,0,1,0,0,0,0,255,255,255,18,2811.95,"なおｐ--",R,0,140,1.517,1.9,0.141,1.791,-36.567,1,0,0,0,0,0,0,0,6,3,R,"_앰프_",170.6,89.947,0.4,0,58,0,0,0,0,0,0,0,0,0,0,0,0,0,0,0,0,-0.043,-37.703,"Kr_Luna",-0.053,-17.17,"_Chun",-22.978,-51.65,"오띵__",-10.923,-66.262,"NABIMan",21.314,-48.438,"CVPileMaki",13.512,-64.83,"SFIDA",34.734,-85.071,"Multeinn",-0.719,-105.98,"M_lunatic",-38.927,-85.724,0,0,0,0,0,"",0,0,0,0,0,0,0,0,0,0
35,3,1,0,0,1,1,0,0,0,0,255,255,255,19,2831.722,"なおｐ--",R,10,100,0.894,0.742,0.124,1.967,-36.633,0,0,0,400,-4.284,0,0,0,6,3,R,"_앰프_",170.6,89.947,0.4,0,58,0,0,0,0,0,0,0,0,0,0,0,0,0,0,0,0,-0.048,-37.551,"Kr_Luna",0.004,-17.197,"_Chun",-22.934,-51.741,"오띵__",-10.903,-66.252,"NABIMan",20.499,-47.625,"CVPileMaki",13.523,-64.823,"SFIDA",34.743,-85.079,"Multeinn",-2.769,-107.866,"M_lunatic",-39.448,-86.303,0,0,0,0,0,"",0,0,0,0,0,0,0,0,0,0
36,3,1,0,0,1,2,0,0,0,0,255,255,255,20,2850.46,"なおｐ--",R,0,137,1.504,1.39,0.14,1.712,-36.583,4,0,0,0,0,0,0,1,6,3,R,"_앰프_",170.6,89.947,0.4,0,58,0,0,0,0,0,0,0,0,0,0,0,0,0,0,0,0,-0.054,-37.428,"Kr_Luna",-0.011,-17.192,"_Chun",-22.983,-50.988,"오띵__",-10.935,-66.213,"NABIMan",20.503,-47.29,"CVPileMaki",13.496,-64.85,"SFIDA",34.751,-85.078,"Multeinn",-3.44,-106.479,"M_lunatic",-39.318,-86.409,0,0,0,0,0,"",0,0,0,0,0,0,0,0,0,0
37,3,1,0,0,0,0,1,0,0,0,255,255,255,21,2880.954,"なおｐ--",R,0,140,0.047,1.296,0.004,1.708,-36.568,1,0,0,0,0,0,0,0,7,0,R,"Roscosmos",175.1,93,0.35,0,58,0,0,0,0,0,0,0,0,0,0,0,0,0,0,0,0,-0.121,-37.765,"Kr_Luna",-0.032,-17.248,"_Chun",-22.971,-51.148,"오띵__",-10.932,-66.201,"NABIMan",20.974,-47.393,"CVPileMaki",13.613,-64.78,"SFIDA",36.305,-86.194,"Multeinn",-0.214,-107.201,"M_lunatic",-38.925,-86.42,0,0,0,0,0,"",0,0,0,0,0,0,0,0,0,0
38,3,1,0,0,1,0,1,0,0,0,255,255,255,22,2901.125,"なおｐ--",R,13,90,-3.209,-1.21,-0.171,1.48,-36.837,4,0,-319.446,312.348,15.383,0,0,1,7,0,R,"Roscosmos",175.1,93,0.35,0,58,0,0,0,0,0,0,0,0,0,0,0,0,0,0,0,0,-0.26,-37.416,"Kr_Luna",-0.298,-17.208,"_Chun",-23.012,-51.102,"오띵__",-10.955,-66.192,"NABIMan",20.582,-48.446,"CVPileMaki",13.621,-64.753,"SFIDA",37.712,-90.468,"Multeinn",-2.363,-107.969,"M_lunatic",-40.701,-87.173,0,0,0,0,0,"",0,0,0,0,0,0,0,0,0,0
39,3,1,0,0,1,1,1,0,0,0,255,255,255,23,2921.123,"なおｐ--",R,9,78,-1.607,-0.067,-0.311,1.466,-36.976,4,0,276.854,-312.348,-24.467,0,0,1,7,0,R,"Roscosmos",175.1,93,0.35,0,58,0,0,0,0,0,0,0,0,0,0,0,0,0,0,0,0,-0.369,-37.367,"Kr_Luna",-0.051,-17.217,"_Chun",-22.98,-51.051,"오띵__",-10.94,-66.201,"NABIMan",21.055,-48.185,"CVPileMaki",13.579,-64.752,"SFIDA",37.709,-90.433,"Multeinn",-2.62,-107.38,"M_lunatic",-39.716,-86.057,0,0,0,0,0,"",0,0,0,0,0,0,0,0,0,0
40,3,1,0,0,1,2,1,0,0,0,255,255,255,24,2941.095,"なおｐ--",R,0,120,0.444,0.312,0.041,1.545,-36.535,2,0,0,0,0,0,0,1,7,0,R,"Roscosmos",175.1,93,0.35,3,58,2942.047,155,131,113,140,147,126,94.012,-84.159,0.73,0.009,-0.12,0,0,0,0,-0.082,-37.067,"Kr_Luna",0.23,-17.262,"_Chun",-22.963,-51.033,"오띵__",-10.937,-66.16,"NABIMan",22.299,-50.859,"CVPileMaki",13.527,-64.775,"SFIDA",37.717,-90.479,"Multeinn",-1.341,-105.205,"M_lunatic",-39.741,-86.038,0,0,0,0,0,"",0,0,0,0,0,0,0,0,0,3
41,3,1,0,0,1,2,1,0,0,0,255,255,255,25,2963.817,"なおｐ--",R,0,134,1.064,0.651,0.099,1.602,-36.499,2,0,0,0,0,0,0,1,7,0,R,"Roscosmos",175.1,93,0.35,3,58,2964.696,174,134,16,238,151,88,9.831,-16.62,-0.52,-0.048,-0.1,0,0,0,0,-0.03,-37.356,"Kr_Luna",0.022,-17.427,"_Chun",-22.677,-50.135,"오띵__",-10.942,-66.048,"NABIMan",22.583,-51.525,"CVPileMaki",13.592,-64.731,"SFIDA",39.56,-89.272,"Multeinn",-2.488,-106.029,"M_lunatic",-37.844,-86.392,2967.796,14.77,-75.593,2970.863,7,"Multeinn",20.888,-103.707,1,0,0,0,0,0,0,2
42,3,1,0,0,0,0,1,1,0,0,0,255,255,26,3004.987,"なおｐ--",R,9,90,2.505,0.562,0.08,1.424,-36.766,1,0,319.446,-312.348,-17.507,0,0,0,8,7,L,"vovopo 보보포",160,90,0.6,0,38,0,0,0,0,0,0,0,0,0,0,0,0,0,0,0,0,-0.132,-37.487,"Kr_Luna",0.387,-17.397,"_Chun",-20.071,-42.929,"오띵__",-6.945,-63.087,"NABIMan",21.148,-47.194,"CVPileMaki",12.177,-64.018,"SFIDA",38.074,-86.485,"Multeinn",1.727,-101.072,"M_lunatic",-37.048,-80.577,0,0,0,0,0,"",0,0,0,0,0,0,0,0,0,0
43,3,1,0,0,1,0,1,1,0,0,0,255,255,27,3022.534,"なおｐ--",R,0,134,-0.362,0.564,-0.034,1.571,-36.569,0,1,0,0,0,0,0,0,8,7,L,"vovopo 보보포",160,90,0.6,0,38,0,0,0,0,0,0,0,0,0,0,0,0,0,0,0,0,-0.143,-37.718,"Kr_Luna",-0.032,-17.313,"_Chun",-20.196,-44.096,"오띵__",-6.931,-64.083,"NABIMan",21.684,-47.747,"CVPileMaki",14.407,-64.163,"SFIDA",38.101,-86.505,"Multeinn",1.668,-100.906,"M_lunatic",-33.426,-82.729,0,0,0,0,0,"",0,0,0,0,0,0,0,0,0,0
44,3,1,0,0,1,1,1,0,1,0,255,0,255,28,3089.674,"なおｐ--",R,0,114,-0.065,-0.815,0.08,2.056,-36.841,0,0,0,0,5.373,0,0,1,8,7,L,"vovopo 보보포",160,90,0.6,0,38,0,0,0,0,0,0,0,0,0,0,0,0,0,0,0,0,-0.247,-37.9,"Kr_Luna",0.08,-17.321,"_Chun",-22.58,-52,"오띵__",-8.417,-65.834,"NABIMan",19.79,-46.448,"CVPileMaki",14.235,-64.239,"SFIDA",38.543,-87.197,"Multeinn",4.756,-103.803,"M_lunatic",-34.312,-83.391,0,0,0,0,0,"",0,0,0,0,0,0,0,0,0,0
45,3,1,0,0,1,2,1,0,1,0,255,0,255,29,3107.496,"なおｐ--",R,0,135,-0.432,2.458,-0.04,1.831,-36.644,1,0,0,0,11.812,0,0,0,8,7,L,"vovopo 보보포",160,90,0.6,0,38,0,0,0,0,0,0,0,0,0,0,0,0,0,0,0,0,-0.352,-37.696,"Kr_Luna",-0.09,-17.358,"_Chun",-22.62,-51.995,"오띵__",-6.171,-65.604,"NABIMan",21.249,-44.826,"CVPileMaki",14.217,-64.291,"SFIDA",38.55,-87.205,"Multeinn",2.229,-98.743,"M_lunatic",-34.328,-83.383,0,0,0,0,0,"",0,0,0,0,0,0,0,0,0,0
46,3,1,0,0,2,2,1,0,1,0,255,0,255,30,3123.671,"なおｐ--",R,1,112,-0.111,1.785,-0.065,1.968,-36.758,4,0,0,0,8.906,0,0,1,8,7,L,"vovopo 보보포",160,90,0.6,0,38,0,0,0,0,0,0,0,0,0,0,0,0,0,0,0,0,-0.256,-37.363,"Kr_Luna",0.018,-17.376,"_Chun",-22.669,-51.95,"오띵__",-6.328,-65.244,"NABIMan",20.252,-44.553,"CVPileMaki",14.16,-64.28,"SFIDA",38.526,-87.216,"Multeinn",3.167,-98.374,"M_lunatic",-34.31,-83.39,0,0,0,0,0,"",0,0,0,0,0,0,0,0,0,0
47,3,1,0,0,0,0,2,0,1,0,255,0,255,31,3153.616,"なおｐ--",R,0,114,1.039,0.935,0.097,1.645,-36.638,0,0,0,0,0,0,0,0,0,6,R,"muyang_",172.1,90.462,0.5,0,58,0,0,0,0,0,0,0,0,0,0,0,0,0,0,0,0,-0.163,-37.297,"Kr_Luna",0.116,-17.375,"_Chun",-23.098,-52.638,"오띵__",-10.222,-66.091,"NABIMan",19.72,-45.809,"CVPileMaki",13.06,-64.768,"SFIDA",38.614,-87.301,"Multeinn",1.466,-103.086,"M_lunatic",-34.316,-83.417,0,0,0,0,0,"",0,0,0,0,0,0,0,0,0,0
48,3,1,0,0,0,1,2,0,1,0,255,0,255,32,3173.398,"なおｐ--",R,0,124,2.718,1.057,0.237,1.657,-36.564,3,0,0,0,0,0.242,-20.213,0,0,6,R,"muyang_",172.1,90.462,0.5,0,58,0,0,0,0,0,0,0,0,0,0,0,0,0,0,0,0,0.04,-37.538,"Kr_Luna",-0.119,-17.865,"_Chun",-23,-52.572,"오띵__",-10.66,-66.329,"NABIMan",20.618,-45.419,"CVPileMaki",10.357,-64.688,"SFIDA",38.616,-87.303,"Multeinn",-0.54,-101.771,"M_lunatic",-34.302,-83.394,0,0,0,0,0,"",0,0,0,0,0,0,0,0,0,6
49,3,1,0,0,0,0,2,1,1,0,6,0,255,33,3209.182,"なおｐ--",R,3,99,-2.051,-0.207,0.024,1.601,-36.772,4,0,-408.767,209.082,-9.519,0,0,1,1,8,R,"-라후이-",190,95.263,0.498,0,58,0,0,0,0,0,0,0,0,0,0,0,0,0,0,0,0,-0.206,-37.406,"Kr_Luna",-0.185,-17.273,"_Chun",-20.298,-44.411,"오띵__",-14.403,-64.404,"NABIMan",20.801,-45.775,"CVPileMaki",10.314,-63.768,"SFIDA",39.5,-89.107,"Multeinn",-0.614,-107.956,"M_lunatic",-39.275,-83.489,0,0,0,0,0,"",0,0,0,0,0,0,0,0,0,0
50,3,1,0,0,0,1,2,1,1,0,6,0,255,34,3226.503,"なおｐ--",R,0,127,1.047,0.733,0.097,1.634,-36.5,2,0,0,0,0,0,0,1,1,8,R,"-라후이-",190,95.263,0.498,2,58,3227.409,185,147,34,255,155,119,21.905,21.473,0.11,0.095,-0.027,0.295,0,0,0,-0.301,-37.102,"Kr_Luna",-0.002,-17.259,"_Chun",-19.845,-42.297,"오띵__",-14.354,-64.505,"NABIMan",22.779,-50.212,"CVPileMaki",13.353,-64.441,"SFIDA",39.502,-89.09,"Multeinn",0.37,-103.989,"M_lunatic",-39.283,-83.482,3232.646,-42.158,-111.479,3234.13,8,"M_lunatic",-36.838,-107.44,1,0,0,0,0,0,0,2
51,3,1,1,0,0,0,2,1,0,1,8,255,6,35,3275.074,"なおｐ--",R,0,131,1.141,0.725,0.106,1.635,-36.544,2,0,0,0,0,0,0,1,2,1,R,"Dοpi",190,90,0.3,3,58,3276.008,137,118,60,139,143,90,34.099,-12.464,-0.35,-0.006,-0.016,0.077,0,0,0,-0.178,-37.194,"Kr_Luna",0.06,-17.266,"_Chun",-19.824,-42.415,"오띵__",-13.689,-64.529,"NABIMan",23.401,-50.883,"CVPileMaki",13.562,-64.674,"SFIDA",41.19,-92.263,"Multeinn",0.874,-106.835,"M_lunatic",-41.692,-90.692,3281.213,15.56,-89.377,3281.613,7,"Multeinn",15.344,-88.396,0,0,0,0,0,0,0,1
52,3,0,1,0,0,0,0,0,0,0,255,255,255,15,3339.157,"Roscosmos",L,26,125,1.419,-0.162,0.184,1.511,-36.719,2,0,-143.983,-172.501,-38.567,0,0,1,6,3,R,"오띵__",164.9,90,0.405,3,58,3340.082,156,108,67,118,146,122,-23.531,-39.912,0.65,0.051,-0.12,0.128,0,0,0,0.167,-36.952,"Dοpi",0.1,-16.863,"siesta_aves",-23.257,-50.368,"_앰프_",-12.874,-64.46,"ByeolBam",22.542,-51.975,"즉석카레",10.782,-65.278,"muyang_",30.148,-89.307,"vovopo 보보포",-6.678,-102.961,"-라후이-",-34.64,-87.203,3340.263,1.87,-22.817,3341.813,4,"ByeolBam",23.093,-48.58,0,0,0,0,0,0,0,2
53,3,0,1,0,0,0,1,0,0,0,255,255,255,16,3375.49,"Roscosmos",L,32,123,0.891,-0.347,0.172,1.536,-36.677,0,0,-244.117,-11.81,-49.775,0,0,0,7,8,L,"M_lunatic",160,107,0.444,0,58,0,0,0,0,0,0,0,0,0,0,0,0,0,0,0,0,-0.036,-37.769,"Dοpi",-0.023,-16.881,"siesta_aves",-23.003,-47.964,"_앰프_",-12.259,-64.703,"ByeolBam",21.463,-49.663,"즉석카레",12.362,-64.589,"muyang_",33.52,-80.529,"vovopo 보보포",7.578,-100.131,"-라후이-",-35.721,-82.842,0,0,0,0,0,"",0,0,0,0,0,0,0,0,0,0
54,3,0,1,0,0,1,1,0,0,0,255,255,255,17,3388.511,"Roscosmos",L,33,117,0.687,-0.798,0.102,1.456,-36.67,2,0,-104.815,-47.65,-35.118,0,0,1,7,8,L,"M_lunatic",160,107,0.444,2,58,3389.518,190,100,59,113,150,117,-7.016,-14.743,0.8,0.096,-0.125,0.331,0,0,0,-0.186,-37.315,"Dοpi",-0.184,-16.918,"siesta_aves",-22.994,-47.972,"_앰프_",-13.123,-64.296,"ByeolBam",21.424,-49.693,"즉석카레",12.408,-64.412,"muyang_",33.567,-80.71,"vovopo 보보포",7.592,-100.222,"-라후이-",-36.145,-83.854,3389.93,1.424,-26.408,3391.63,5,"즉석카레",11.829,-60.351,1,0,0,0,0,0,0,2
55,3,0,1,0,0,0,2,0,0,0,255,255,255,18,3488.5,"Roscosmos",L,26,140,0.765,0.182,0.112,1.559,-36.665,0,0,-126.143,-200,-20.966,0,0,0,8,7,R,"Multeinn",160,95.343,0.505,0,58,0,0,0,0,0,0,0,0,0,0,0,0,0,0,0,0,0.091,-37.519,"Dοpi",0.155,-16.873,"siesta_aves",-23.23,-48.192,"_앰프_",-14.512,-63.607,"ByeolBam",22.123,-50.501,"즉석카레",12.935,-64.108,"muyang_",28.51,-91.658,"vovopo 보보포",-4.168,-109.839,"-라후이-",-40.528,-85.776,0,0,0,0,0,"",0,0,0,0,0,0,0,0,0,0
56,3,0,1,0,0,1,2,0,0,0,255,255,255,19,3507.38,"Roscosmos",L,10,120,2.075,-2.97,0.178,1.432,-36.667,2,0,0,400,-44.592,0.381,-20.645,1,8,7,R,"Multeinn",160,95.343,0.505,3,58,3508.286,253,117,22,121,148,85,-30,-5.325,0,-0.121,-0.121,0.347,0,0,0,0.194,-37.089,"Dοpi",0.188,-17.005,"siesta_aves",-23.337,-48.739,"_앰프_",-14.461,-63.449,"ByeolBam",22.062,-50.478,"즉석카레",13.189,-64.141,"muyang_",28.301,-92.539,"vovopo 보보포",-4.326,-109.155,"-라후이-",-40.413,-85.994,3508.43,0.451,-20.816,3509.663,0,"Roscosmos",1.908,-36.435,0,256,0,0,0,0,0,2
57,4,1,1,0,0,0,0,0,0,0,255,255,255,36,3566.306,"なおｐ--",R,15,95,-0.263,1.294,-0.037,1.606,-36.727,1,0,0,-400,2.435,0,0,0,3,4,R,"ByeolBam",180.2,90.291,0.496,0,58,0,0,0,0,0,0,0,0,0,0,0,0,0,0,0,0,-0.256,-37.313,"Kr_Luna",0.051,-17.305,"_Chun",-22.933,-51.653,"오띵__",-10.59,-66.451,"NABIMan",21.813,-50.024,"CVPileMaki",13.52,-64.824,"SFIDA",39.595,-87.226,"Multeinn",-1.654,-106.701,"M_lunatic",-37.976,-87.843,0,0,0,0,0,"",0,0,0,0,0,0,0,0,0,0
58,4,1,1,0,1,0,0,0,0,0,255,255,255,37,3587.904,"なおｐ--",R,0,121,2.063,0.419,0.192,1.567,-36.656,2,0,0,0,0,0,0,1,3,4,R,"ByeolBam",180.2,90.291,0.496,3,58,3588.847,182,121,37,152,152,94,54.515,58.815,-0.22,-0.019,-0.113,0.285,0,0,0,-0.078,-37.2,"Kr_Luna",0.175,-17.324,"_Chun",-23.353,-50.807,"오띵__",-10.565,-66.36,"NABIMan",22.703,-50.034,"CVPileMaki",13.503,-64.813,"SFIDA",38.998,-87.492,"Multeinn",-1.911,-105.018,"M_lunatic",-37.964,-87.814,3593.98,-67.587,-48.468,0,0,"",0,0,0,0,0,0,0,0,0,3
59,4,1,1,0,1,1,0,0,0,0,255,255,255,38,3613.775,"なおｐ--",R,0,140,1.974,1.038,0.184,1.677,-36.541,2,0,0,0,0,0,0,1,3,4,R,"ByeolBam",180.2,90.291,0.496,3,81,3614.66,205,126,42,171,155,94,13.961,-21.924,-0.32,-0.012,-0.123,0.235,0,0,0,-0.261,-37.154,"Kr_Luna",0.017,-17.326,"_Chun",-23.227,-51.697,"오띵__",-10.618,-66.263,"NABIMan",23.176,-50.592,"CVPileMaki",13.53,-64.809,"SFIDA",40.767,-88.121,"Multeinn",-1.651,-106.189,"M_lunatic",-37.131,-87.898,3618.597,20.5,-89.272,3624.38,7,"Multeinn",26.131,-126.925,1,0,0,0,0,0,0,2
60,4,1,1,0,0,0,0,0,1,0,255,4,255,39,3654.569,"なおｐ--",R,3,93,-0.036,0.552,0.286,1.662,-36.836,0,0,-349.488,0,-11.744,0,0,0,4,2,R,"siesta_aves",190,107,0.455,0,58,0,0,0,0,0,0,0,0,0,0,0,0,0,0,0,0,-0.108,-37.715,"Kr_Luna",0.007,-17.354,"_Chun",-22.762,-51.781,"오띵__",-11.016,-66.017,"NABIMan",19.944,-43.139,"CVPileMaki",10.398,-64.983,"SFIDA",31.45,-103.146,"Multeinn",-4.703,-104.314,"M_lunatic",-39.454,-85.64,0,0,0,0,0,"",0,0,0,0,0,0,0,0,0,0
61,4,1,1,0,0,1,0,0,1,0,255,4,255,40,3677.331,"なおｐ--",R,0,134,1.758,0.845,0.147,1.693,-36.514,2,0,0,0,0,0,0,1,4,2,R,"siesta_aves",190,107,0.455,2,58,3678.418,127,89,45,146,141,84,90.438,-88.929,-0.49,0.192,-0.051,0.142,0,0,0,-0.003,-37.389,"Kr_Luna",0.058,-17.314,"_Chun",-22.792,-51.783,"오띵__",-11.135,-66.04,"NABIMan",20.926,-46.367,"CVPileMaki",9.451,-65.38,"SFIDA",31.346,-103.334,"Multeinn",-5.059,-106.425,"M_lunatic",-39.582,-85.982,3684.597,-33.33,-16.531,0,0,"",0,0,0,0,0,0,0,0,0,3
62,4,1,1,0,0,2,0,0,1,0,255,4,255,41,3716.638,"なおｐ--",R,0,140,0.728,1.413,0.068,1.769,-36.572,1,0,0,0,0,0,0,0,4,2,R,"siesta_aves",190,107,0.455,0,36,0,0,0,0,0,0,0,0,0,0,0,0,0,0,0,0,-0.05,-37.584,"Kr_Luna",-0.042,-17.389,"_Chun",-22.691,-51.019,"오띵__",-10.865,-66.192,"NABIMan",20.697,-45.342,"CVPileMaki",7.152,-64.85,"SFIDA",26.72,-104.759,"Multeinn",-8.037,-107.276,"M_lunatic",-39.718,-87.78,0,0,0,0,0,"",0,0,0,0,0,0,0,0,0,0
63,4,1,1,0,1,2,0,0,1,0,255,4,255,42,3739.122,"なおｐ--",R,6,101,3.019,-1.681,0.1,1.839,-36.636,3,0,367.239,0,-10.749,0.564,-19.711,0,4,2,R,"siesta_aves",190,107,0.455,0,36,0,0,0,0,0,0,0,0,0,0,0,0,0,0,0,0,-0.048,-37.278,"Kr_Luna",0.126,-17.737,"_Chun",-22.728,-50.865,"오띵__",-10.809,-66.173,"NABIMan",20.144,-44.385,"CVPileMaki",6.859,-64.795,"SFIDA",28.442,-104.149,"Multeinn",-3.859,-107.067,"M_lunatic",-39.718,-87.784,0,0,0,0,0,"",0,0,0,0,0,0,0,0,0,6
64,4,1,1,0,0,0,0,1,1,0,2,4,255,43,3808.039,"なおｐ--",R,14,103,2.444,0.653,0.169,1.896,-36.601,2,0,260.323,400,-11.72,0,0,1,5,5,R,"즉석카레",169.8,94.808,0.397,2,58,3808.967,212,142,95,173,155,103,-30,-3.765,0.06,-0.139,-0.065,0.294,0,0,0,0.004,-37.268,"Kr_Luna",0.073,-17.221,"_Chun",-19.945,-42.235,"오띵__",-12.525,-65.228,"NABIMan",23.395,-49.867,"CVPileMaki",13.536,-64.641,"SFIDA",40.209,-84.59,"Multeinn",0.833,-101.035,"M_lunatic",-36.747,-84.244,3809.13,0.535,-23.646,3812.88,7,"Multeinn",4.868,-86.634,1,0,0,0,0,0,0,2
65,4,1,1,0,0,0,0,1,1,1,5,2,4,44,3849.093,"なおｐ--",R,0,136,0.893,0.687,0.083,1.602,-36.578,2,0,0,0,0,0,0,1,6,3,R,"_앰프_",170.6,89.947,0.4,2,58,3850.06,133,96,51,115,142,82,30.549,-25.605,-0.47,-0.011,-0.101,0.363,0,0,0,-0.036,-37.551,"Kr_Luna",0.059,-17.328,"_Chun",-19.825,-41.856,"오띵__",-12.674,-62.89,"NABIMan",22.294,-47.706,"CVPileMaki",13.672,-63.488,"SFIDA",38.756,-84.831,"Multeinn",1.916,-102.039,"M_lunatic",-37.186,-85.132,3855.08,23.987,-84.047,3855.313,6,"SFIDA",22.828,-80.679,0,0,0,0,0,0,0,1
66,4,1,1,0,0,0,1,1,1,1,5,2,4,45,3892.636,"なおｐ--",R,3,82,-0.522,0.695,0.274,1.675,-36.913,0,0,-362.488,0,-22.455,0,0,0,7,0,R,"Roscosmos",175.1,93,0.35,0,58,0,0,0,0,0,0,0,0,0,0,0,0,0,0,0,0,-0.122,-37.478,"Kr_Luna",0.016,-17.37,"_Chun",-20.307,-43.575,"오띵__",-13.223,-63.841,"NABIMan",20.094,-43.577,"CVPileMaki",12.146,-64.725,"SFIDA",35.832,-87.795,"Multeinn",2.852,-103.465,"M_lunatic",-36.857,-84.744,0,0,0,0,0,"",0,0,0,0,0,0,0,0,0,0
67,4,1,1,0,0,1,1,1,1,1,5,2,4,46,3916.358,"なおｐ--",R,0,139,1.001,1.138,0.093,1.682,-36.549,2,0,0,0,0,0,0,1,7,0,R,"Roscosmos",175.1,93,0.35,3,58,3917.184,152,105,13,146,142,83,-18.201,-22.861,-0.52,-0.009,-0.094,0,0,0,0,-0.287,-36.999,"Kr_Luna",-0.002,-17.366,"_Chun",-20.721,-46.187,"오띵__",-13.299,-63.802,"NABIMan",22.466,-48.334,"CVPileMaki",13.467,-64.594,"SFIDA",34.185,-85.612,"Multeinn",1.986,-107.59,"M_lunatic",-36.369,-85.072,3917.463,1.791,-23.198,3919.497,4,"NABIMan",15.145,-47.94,0,16,0,0,0,0,0,2
68,4,0,1,0,0,0,0,0,0,0,255,255,255,20,3997.765,"Roscosmos",L,26,130,-0.516,0.627,0.014,1.627,-36.736,0,0,-176.683,-200,-16.644,0,0,1,0,5,R,"CVPileMaki",169.7,94,0.395,0,58,0,0,0,0,0,0,0,0,0,0,0,0,0,0,0,0,-0.084,-37.368,"Dοpi",-0.006,-16.751,"siesta_aves",-21.869,-47.262,"_앰프_",-13.86,-63.538,"ByeolBam",23.815,-53.626,"즉석카레",10.896,-65.053,"muyang_",24.718,-87.006,"vovopo 보보포",-11.257,-102.985,"-라후이-",-38.529,-84.699,0,0,0,0,0,"",0,0,0,0,0,0,0,0,0,0
69,4,0,1,0,0,1,0,0,0,0,255,255,255,21,4015.494,"Roscosmos",L,26,129,-1.045,2.615,-0.048,1.943,-36.826,4,0,-138.687,-162.689,-2.528,0,0,1,0,5,R,"CVPileMaki",169.7,94,0.395,0,58,0,0,0,0,0,0,0,0,0,0,0,0,0,0,0,0,0.273,-37.334,"Dοpi",-0.161,-16.651,"siesta_aves",-21.2,-46.719,"_앰프_",-13.828,-63.542,"ByeolBam",21.704,-51.346,"즉석카레",11.237,-65.171,"muyang_",24.414,-86.049,"vovopo 보보포",-11.254,-103.152,"-라후이-",-38.499,-84.729,0,0,0,0,0,"",0,0,0,0,0,0,0,0,0,0
70,4,0,1,0,0,2,0,0,0,0,255,255,255,22,4035.383,"Roscosmos",L,26,129,-1.687,1.495,-0.112,1.76,-36.773,2,0,-127.305,-200,-23.466,0,0,1,0,5,R,"CVPileMaki",169.7,94,0.395,3,58,4036.456,154,90,24,164,142,126,104.192,-37.717,0.73,0.005,-0.062,0.14,0,0,0,0.241,-37.151,"Dοpi",-0.714,-16.878,"siesta_aves",-21.147,-46.72,"_앰프_",-16.52,-62.539,"ByeolBam",22.081,-51.836,"즉석카레",11.394,-64.852,"muyang_",23.138,-87.489,"vovopo 보보포",-11.238,-103.138,"-라후이-",-38.794,-84.245,0,0,0,0,0,"",0,0,0,0,0,0,0,0,0,3
71,4,0,1,0,0,2,0,0,0,0,255,255,255,23,4057.438,"Roscosmos",L,26,128,1.678,0.57,0.209,1.623,-36.729,2,0,-148.223,-182.241,-47.939,0,0,1,0,5,R,"CVPileMaki",169.7,94,0.395,3,58,4058.52,118,90,31,100,140,80,65.447,-17.903,-0.49,-0.011,-0.086,0.133,0,0,0,0.229,-37.022,"Dοpi",0.055,-17.03,"siesta_aves",-21.7,-46.447,"_앰프_",-13.709,-64.506,"ByeolBam",21.956,-50.871,"즉석카레",10.834,-64.738,"muyang_",28.233,-86.641,"vovopo 보보포",-12.073,-101.917,"-라후이-",-37.005,-86.815,0,0,0,4064.513,4,"ByeolBam",13.328,-54.077,0,0,0,0,0,0,0,1
72,4,0,1,0,0,0,1,0,0,0,255,255,255,24,4091.991,"Roscosmos",L,13,122,1.533,-0.163,0.012,1.682,-36.665,2,0,361.704,345.211,-25.923,0,0,1,1,0,R,"なおｐ--",190,90.37,0.412,3,58,4093.021,187,130,55,144,155,112,26.952,17.996,0.9,-0.064,-0.063,0.512,0,0,0,0.136,-37.245,"Dοpi",0.103,-17.001,"siesta_aves",-20.562,-45.453,"_앰프_",-14.377,-63.224,"ByeolBam",21.756,-50.414,"즉석카레",12.381,-64.732,"muyang_",34.567,-88.844,"vovopo 보보포",-13.179,-103.925,"-라후이-",-39.236,-88.234,0,0,0,4098.08,8,"-라후이-",-42.957,-101.53,0,0,0,0,0,0,0,1
73,4,0,1,0,0,0,2,0,0,0,255,255,255,25,4127.513,"Roscosmos",L,26,133,0.075,0.222,0.03,1.585,-36.614,0,0,-69.044,-172.888,-49.961,0,0,1,2,2,L,"_Chun",190,95.123,0.455,0,58,0,0,0,0,0,0,0,0,0,0,0,0,0,0,0,0,-0.077,-37.608,"Dοpi",-0.329,-16.852,"siesta_aves",-20.825,-46.029,"_앰프_",-12.113,-64.036,"ByeolBam",22.316,-51.672,"즉석카레",11.779,-64.772,"muyang_",41.304,-92.934,"vovopo 보보포",10.017,-106.181,"-라후이-",-39.675,-87.734,0,0,0,0,0,"",0,0,0,0,0,0,0,0,0,0
74,4,0,1,0,0,1,2,0,0,0,255,255,255,26,4146.645,"Roscosmos",L,10,113,-1.099,-0.471,-0.126,1.673,-36.798,2,0,55.857,400,-22.305,0,0,1,2,2,L,"_Chun",190,95.123,0.455,3,58,4147.635,163,107,22,157,143,92,-31.746,8.302,-0.04,0.117,-0.068,0.308,0,0,0,-0.037,-37.303,"Dοpi",-0.231,-17.011,"siesta_aves",-21.222,-46.097,"_앰프_",-12.139,-63.972,"ByeolBam",22.206,-51.426,"즉석카레",11.425,-65.082,"muyang_",39.824,-93.23,"vovopo 보보포",10.103,-106.864,"-라후이-",-41.369,-89.811,4147.797,-0.376,-21.279,4148.963,0,"Roscosmos",-2.739,-37.343,0,0,0,0,0,0,0,2
75,5,1,1,0,0,0,0,0,0,0,255,255,255,47,4207.48,"なおｐ--",R,0,116,-0.728,0.396,-0.068,1.55,-36.659,0,0,0,0,0,0,0,0,8,7,L,"vovopo 보보포",160,90,0.6,0,58,0,0,0,0,0,0,0,0,0,0,0,0,0,0,0,0,-0.148,-37.902,"Kr_Luna",0.051,-17.351,"_Chun",-22.688,-51.141,"오띵__",-10.536,-66.367,"NABIMan",21.498,-48.805,"CVPileMaki",13.728,-64.743,"SFIDA",33.832,-83.297,"Multeinn",1.811,-104.76,"M_lunatic",-37.298,-86.51,0,0,0,0,0,"",0,0,0,0,0,0,0,0,0,0
76,5,1,1,0,0,1,0,0,0,0,255,255,255,48,4227.415,"なおｐ--",R,12,105,-0.257,1.346,-0.036,1.859,-36.573,1,0,0,131.853,-5.832,0,0,0,8,7,L,"vovopo 보보포",160,90,0.6,0,58,0,0,0,0,0,0,0,0,0,0,0,0,0,0,0,0,-0.106,-37.599,"Kr_Luna",0.008,-17.336,"_Chun",-22.681,-51.103,"오띵__",-10.578,-66.377,"NABIMan",21.395,-48.575,"CVPileMaki",13.598,-64.784,"SFIDA",33.848,-83.295,"Multeinn",2.484,-105.655,"M_lunatic",-37.078,-86.486,0,0,0,0,0,"",0,0,0,0,0,0,0,0,0,0
77,5,1,1,0,1,1,0,0,0,0,255,255,255,49,4359.565,"なおｐ--",R,9,80,3.346,0.789,0.193,1.447,-36.856,4,0,283.952,-312.348,-13.133,0,0,1,8,7,L,"vovopo 보보포",160,90,0.6,0,39,0,0,0,0,0,0,0,0,0,0,0,0,0,0,0,0,-0.143,-37.2,"Kr_Luna",-0.056,-17.292,"_Chun",-22.634,-50.748,"오띵__",-10.548,-66.392,"NABIMan",22.563,-49.047,"CVPileMaki",13.608,-64.821,"SFIDA",34.003,-83.824,"Multeinn",3.16,-104.601,"M_lunatic",-37.107,-86.554,0,0,0,0,0,"",0,0,0,0,0,0,0,0,0,0
78,5,1,1,0,1,2,0,0,0,0,255,255,255,50,4381.979,"なおｐ--",R,0,0,0,0,0,0,0,0,0,0,0,0,0,0,0,8,7,L,"vovopo 보보포",160,90,0.6,0,39,0,0,0,0,0,0,0,0,0,0,0,0,0,0,0,0,0,0,"",0,0,"",0,0,"",0,0,"",0,0,"",0,0,"",0,0,"",0,0,"",0,0,0,0,0,0,0,"",0,0,0,0,0,0,0,0,0,0
79,5,1,1,0,2,2,0,0,0,0,255,255,255,51,4415.349,"なおｐ--",R,15,85,0.025,1.861,0.003,1.624,-36.711,4,0,0,-400,-28.63,0,0,1,8,7,L,"vovopo 보보포",160,90,0.6,0,39,0,0,0,0,0,0,0,0,0,0,0,0,0,0,0,0,-0.083,-37.527,"Kr_Luna",0.141,-17.354,"_Chun",-22.586,-50.778,"오띵__",-10.577,-66.424,"NABIMan",23.054,-49.766,"CVPileMaki",13.635,-64.783,"SFIDA",34.039,-83.846,"Multeinn",3.234,-102.641,"M_lunatic",-37.506,-87.592,0,0,0,0,0,"",0,0,0,0,0,0,0,0,0,0
80,5,1,1,0,0,0,1,0,0,0,255,255,255,0,4575.789,"_Chun",L,6,119,0.87,0.136,0.283,1.53,-36.521,2,0,-464.768,0,-33.245,0,0,1,0,6,R,"muyang_",172.1,90.462,0.5,2,58,4576.846,150,143,62,189,146,85,34.784,-13.721,-0.47,-0.022,-0.078,0.269,0,0,0,0.066,-36.825,"Kr_Luna",0.052,-17.316,"NABIMan",-22.967,-48.18,"오띵__",-12.702,-65.276,"なおｐ--",19.755,-46.283,"CVPileMaki",13.536,-64.835,"SFIDA",36.297,-85.853,"Multeinn",1.841,-104.468,"M_lunatic",-37.055,-86.381,4581.697,21.323,-81.478,4581.88,5,"CVPileMaki",20.475,-79.158,0,0,0,0,0,0,0,1
81,5,1,1,0,0,0,2,0,0,0,255,255,255,1,4615.128,"_Chun",L,10,119,-1.305,-1.072,-0.188,1.603,-36.646,4,0,0,400,0.81,0,0,1,1,8,R,"-라후이-",190,95.263,0.498,0,58,0,0,0,0,0,0,0,0,0,0,0,0,0,0,0,0,-0.068,-37.586,"Kr_Luna",0.093,-17.26,"NABIMan",-22.152,-47.381,"오띵__",-12.682,-65.346,"なおｐ--",20.747,-46.778,"CVPileMaki",13.611,-64.84,"SFIDA",35.239,-89.032,"Multeinn",-2.727,-108.06,"M_lunatic",-40.506,-85.897,0,0,0,0,0,"",0,0,0,0,0,0,0,0,0,0
82,5,1,1,0,0,1,2,0,0,0,255,255,255,2,4634.094,"_Chun",L,10,116,2.573,-0.704,0.204,1.668,-36.565,2,0,0,400,-7.809,0,0,1,1,8,R,"-라후이-",190,95.263,0.498,2,58,4635.062,184,146,30,230,155,97,-38.858,-43.744,-0.38,0.054,-0.142,0.366,0,0,0,0.188,-36.883,"Kr_Luna",0.112,-17.313,"NABIMan",-23.505,-48.406,"오띵__",-12.655,-65.32,"なおｐ--",20.263,-47.051,"CVPileMaki",13.577,-64.794,"SFIDA",32.327,-89.853,"Multeinn",-3.117,-108.336,"M_lunatic",-40.639,-85.94,4635.264,1.287,-21.26,4636.997,4,"なおｐ--",22.12,-43.071,0,0,0,0,0,0,0,2
83,5,0,1,0,0,0,0,0,0,0,255,255,255,27,4699.171,"Roscosmos",L,26,130,-1.086,1.257,-0.047,1.774,-36.768,2,0,-158.047,-200,-18.608,0,0,1,3,1,L,"Kr_Luna",190,94.779,0.501,2,58,4699.907,180,137,33,195,155,100,39.474,-23.784,-0.02,0.032,-0.034,0.382,0,0,0,0.077,-37.279,"Dοpi",-0.116,-16.461,"siesta_aves",-23.665,-49.688,"_앰프_",-10.786,-65.266,"ByeolBam",23.331,-53.036,"즉석카레",11.915,-64.99,"muyang_",40.628,-89.63,"vovopo 보보포",12.131,-107.994,"-라후이-",-41.871,-95.831,4705.48,38.359,-89.704,4705.78,6,"muyang_",37.548,-88.322,0,0,0,0,0,0,0,1
84,5,0,1,0,0,0,1,0,0,0,255,255,255,28,4735.944,"Roscosmos",L,28,129,0.046,-0.196,0.018,1.533,-36.608,0,0,-39.942,-64.165,-21.329,0,0,0,4,2,L,"NABIMan",190,99,0.55,0,58,0,0,0,0,0,0,0,0,0,0,0,0,0,0,0,0,-0.318,-37.417,"Dοpi",-0.011,-16.872,"siesta_aves",-24.125,-48.698,"_앰프_",-11.504,-65.104,"ByeolBam",22.107,-53.239,"즉석카레",11.238,-65.543,"muyang_",40.167,-90,"vovopo 보보포",11.315,-107.545,"-라후이-",-44.597,-92.929,0,0,0,0,0,"",0,0,0,0,0,0,0,0,0,0
85,5,0,1,0,0,1,1,0,0,0,255,255,255,29,4753.509,"Roscosmos",L,27,124,-0.246,-0.281,0.009,1.488,-36.561,2,0,-84.211,-130.449,-36.145,0,0,1,4,2,L,"NABIMan",190,99,0.55,3,58,4754.334,213,147,56,199,155,90,13.434,0.411,-0.51,0.131,-0.278,0.505,0,0,0,-0.014,-37.106,"Dοpi",-0.152,-16.854,"siesta_aves",-24.151,-48.686,"_앰프_",-11.543,-65.038,"ByeolBam",22.09,-53.303,"즉석카레",11.223,-65.439,"muyang_",37.974,-90.583,"vovopo 보보포",11.308,-107.643,"-라후이-",-43.131,-92.27,4757.914,7.287,-86.085,4758.897,7,"vovopo 보보포",8.86,-94.009,1,0,0,0,0,0,0,2
86,5,0,1,0,0,0,1,1,0,0,11,255,255,30,4849.16,"Roscosmos",L,28,121,0.039,-0.185,0.009,1.537,-36.746,0,0,-13.649,-53.935,-24.04,0,0,0,5,6,L,"SFIDA",190,86,0.655,0,58,0,0,0,0,0,0,0,0,0,0,0,0,0,0,0,0,1.783,-38.495,"Dοpi",-0.2,-16.778,"siesta_aves",-19.808,-40.44,"_앰프_",-10.677,-64.417,"ByeolBam",22.665,-52.701,"즉석카레",10.048,-65.053,"muyang_",37.866,-89.852,"vovopo 보보포",9.5,-106.981,"-라후이-",-36.067,-85.951,0,0,0,0,0,"",0,0,0,0,0,0,0,0,0,0
87,5,0,1,0,0,1,1,1,0,0,11,255,255,31,4867.569,"Roscosmos",L,32,136,-1.111,0.416,-0.02,1.615,-36.743,2,0,-250,-200,-46.496,0,0,1,5,6,L,"SFIDA",190,86,0.655,2,58,4868.499,167,108,48,154,147,92,23.493,3.4,-0.51,0.06,0.006,0.277,0,0,0,-0.156,-37.228,"Dοpi",-0.152,-16.994,"siesta_aves",-19.76,-40.799,"_앰프_",-11.941,-62.462,"ByeolBam",23.078,-52.115,"즉석카레",12.464,-64.774,"muyang_",39.916,-88.214,"vovopo 보보포",9.515,-107.055,"-라후이-",-30.8,-86.74,4872.463,-2.389,-89.303,4873.147,7,"vovopo 보보포",-2.446,-92.932,1,16,0,0,0,0,0,2
88,5,0,1,0,0,0,2,1,0,0,15,255,255,32,4915.204,"Roscosmos",L,13,113,1.768,-0.787,0.008,1.617,-36.72,4,0,373.344,332.587,-33.861,0.625,-17.658,1,6,3,R,"오띵__",164.9,90,0.405,0,58,0,0,0,0,0,0,0,0,0,0,0,0,0,0,0,0,-0.034,-37.746,"Dοpi",0.212,-16.863,"siesta_aves",-19.178,-42.095,"_앰프_",-10.994,-64.323,"ByeolBam",21.616,-50.482,"즉석카레",6.413,-64.497,"muyang_",35.289,-89.428,"vovopo 보보포",-5.682,-100.202,"-라후이-",-39.024,-88.911,0,0,0,0,0,"",0,0,0,0,0,0,0,0,0,0
89,5,0,1,0,0,1,2,1,0,0,15,255,255,33,4935.567,"Roscosmos",L,32,124,-0.346,0.621,0.05,1.616,-36.768,2,0,-223.866,-200,-23.792,0,0,1,6,3,R,"오띵__",164.9,90,0.405,3,58,4936.415,118,119,48,136,142,122,36.367,-47.046,0.35,0.065,-0.085,0.149,0,0,0,0.147,-37.284,"Dοpi",0.086,-16.9,"siesta_aves",-19.85,-42.313,"_앰프_",-13.771,-63.762,"ByeolBam",22.536,-51.44,"즉석카레",7.905,-65.275,"muyang_",26.305,-87.795,"vovopo 보보포",-7.417,-101.895,"-라후이-",-37.493,-86.871,4941.447,73.021,-96.16,0,0,"",0,0,0,0,0,0,0,0,0,4
90,5,0,1,2,0,0,2,0,0,0,255,255,255,34,4986.93,"Roscosmos",L,27,135,-0.613,-0.548,-0.014,1.476,-36.696,0,0,-131.603,-135.713,-37.93,0,0,0,7,8,L,"M_lunatic",160,107,0.444,0,30,0,0,0,0,0,0,0,0,0,0,0,0,0,0,0,0,-0.284,-37.698,"Dοpi",-0.059,-16.813,"siesta_aves",-21.163,-47.375,"_앰프_",-11.492,-63.48,"ByeolBam",21.623,-49.69,"즉석카레",11.925,-64.031,"muyang_",37.585,-84.887,"vovopo 보보포",6.166,-104.469,"-라후이-",-36.261,-90.083,0,0,0,0,0,"",0,0,0,0,0,0,0,0,0,0
91,5,0,1,2,0,1,2,0,0,0,255,255,255,35,5001.811,"Roscosmos",L,27,125,-2.802,0.298,0.006,1.693,-36.714,2,0,-102.825,-114.118,-11.097,0,0,1,7,8,L,"M_lunatic",160,107,0.444,2,30,5002.769,160,82,18,80,140,78,95.505,83.96,-0.47,0.06,-0.083,0.14,0,0,0,-0.119,-37.213,"Dοpi",-0.066,-16.958,"siesta_aves",-21.162,-47.399,"_앰프_",-11.439,-63.339,"ByeolBam",21.504,-50.346,"즉석카레",11.337,-64.873,"muyang_",39.253,-82.233,"vovopo 보보포",4.656,-107.439,"-라후이-",-38.484,-90.526,0,0,0,0,0,"",0,0,0,0,0,0,0,0,0,3
92,5,0,1,2,0,2,2,0,0,0,255,255,255,36,5021.974,"Roscosmos",L,13,118,2.468,0.202,0.081,1.733,-36.781,2,0,390.434,312.348,-44.961,0,0,1,7,8,L,"M_lunatic",160,107,0.444,2,58,5023.067,172,104,34,161,144,111,-30,-22.746,0.18,0.072,-0.098,0.257,0,0,0,0.091,-37.36,"Dοpi",0.543,-17.039,"siesta_aves",-22.42,-47.579,"_앰프_",-13.251,-64.082,"ByeolBam",22.651,-50.208,"즉석카레",11.631,-65.051,"muyang_",43.588,-85.477,"vovopo 보보포",5.194,-106.946,"-라후이-",-38.924,-88.426,5023.297,0.959,-21.5,5026.847,6,"muyang_",28.372,-83.428,1,0,0,0,0,0,0,2
93,5,0,1,2,0,0,2,1,0,0,17,255,255,37,5057.363,"Roscosmos",L,26,135,1.036,1.192,0.083,1.583,-36.791,1,0,-187.281,-200,-39.256,0,0,0,8,7,R,"Multeinn",160,95.343,0.505,0,58,0,0,0,0,0,0,0,0,0,0,0,0,0,0,0,0,0.131,-37.691,"Dοpi",-0.041,-16.665,"siesta_aves",-19.817,-41.887,"_앰프_",-13.601,-63.511,"ByeolBam",22.888,-52.836,"즉석카레",5.697,-64.528,"muyang_",34.102,-92.134,"vovopo 보보포",-7.561,-107.876,"-라후이-",-37.802,-84.59,0,0,0,0,0,"",0,0,0,0,0,0,0,0,0,0
94,5,0,1,2,0,1,2,1,0,0,17,255,255,38,5255.482,"Roscosmos",L,0,85,0.609,0.383,0.057,1.64,-36.6,2,0,0,0,2.958,0,0,1,8,7,R,"Multeinn",160,95.343,0.505,3,34,5256.528,224,117,36,146,153,118,95.864,3.182,0.25,-0.035,-0.07,0.405,0,0,0,0.258,-37.276,"Dοpi",0.035,-17.025,"siesta_aves",-19.763,-40.513,"_앰프_",-13.365,-63.177,"ByeolBam",22.426,-52.31,"즉석카레",10.286,-65.157,"muyang_",32.713,-97.286,"vovopo 보보포",-8.223,-107.454,"-라후이-",-38.571,-84.685,5268.28,-11.499,2.983,0,0,"",0,0,0,0,0,0,0,0,0,3
95,5,0,1,2,0,2,2,1,0,0,17,255,255,39,5289.038,"Roscosmos",L,27,124,-0.951,2.646,-0.056,1.917,-36.825,4,0,-84.007,-102.361,-4.247,0,0,1,8,7,R,"Multeinn",160,95.343,0.505,0,34,0,0,0,0,0,0,0,0,0,0,0,0,0,0,0,0,0.114,-37.165,"Dοpi",-0.3,-16.675,"siesta_aves",-19.556,-41.999,"_앰프_",-14.585,-62.949,"ByeolBam",21.88,-51.112,"즉석카레",9.08,-64.624,"muyang_",36.999,-99.365,"vovopo 보보포",-7.083,-108.252,"-라후이-",-41.685,-88.671,0,0,0,0,0,"",0,0,0,0,0,0,0,0,0,0
96,6,1,1,2,0,0,0,0,0,0,255,255,255,3,5348.524,"_Chun",L,6,118,1.47,-0.115,0.289,1.467,-36.46,0,0,-446.055,0,-28.006,-1.315,-10.301,0,2,1,R,"Dοpi",190,90,0.3,0,58,0,0,0,0,0,0,0,0,0,0,0,0,0,0,0,0,-0.077,-37.555,"Kr_Luna",-0.898,-16.62,"NABIMan",-23.653,-47.929,"오띵__",-12.783,-65.331,"なおｐ--",20.341,-46.359,"CVPileMaki",13.504,-64.819,"SFIDA",37.636,-88.88,"Multeinn",-1.861,-106.378,"M_lunatic",-38.379,-83.721,0,0,0,0,0,"",0,0,0,0,0,0,0,0,0,0
97,6,1,1,2,0,1,0,0,0,0,255,255,255,4,5372.502,"_Chun",L,6,116,-3.092,0.244,-0.096,1.537,-36.54,1,0,-490.475,0,-33.942,0,0,0,2,1,R,"Dοpi",190,90,0.3,0,58,0,0,0,0,0,0,0,0,0,0,0,0,0,0,0,0,0.135,-37.669,"Kr_Luna",-0.081,-17.286,"NABIMan",-22.677,-48.359,"오띵__",-12.75,-65.296,"なおｐ--",20.456,-46.596,"CVPileMaki",13.529,-64.832,"SFIDA",38.826,-90.043,"Multeinn",-1.502,-108.486,"M_lunatic",-38.086,-83.384,0,0,0,0,0,"",0,0,0,0,0,0,0,0,0,0
98,6,1,1,2,1,1,0,0,0,0,255,255,255,5,5393.767,"_Chun",L,10,116,1.899,-0.368,0.177,1.573,-36.441,4,0,0,400,-3.413,0,0,1,2,1,R,"Dοpi",190,90,0.3,0,58,0,0,0,0,0,0,0,0,0,0,0,0,0,0,0,0,-0.054,-37.684,"Kr_Luna",0.198,-17.236,"NABIMan",-21.682,-47.162,"오띵__",-12.78,-65.258,"なおｐ--",20.814,-46.79,"CVPileMaki",13.491,-64.876,"SFIDA",38.824,-90.067,"Multeinn",-1.834,-106.576,"M_lunatic",-38.511,-83.566,0,0,0,0,0,"",0,0,0,0,0,0,0,0,0,0
99,6,1,1,2,1,2,0,0,0,0,255,255,255,6,5415.371,"_Chun",L,26,127,1.263,1.2,0.104,1.662,-36.438,4,0,38.486,-200,-6.103,0,0,1,2,1,R,"Dοpi",190,90,0.3,0,58,0,0,0,0,0,0,0,0,0,0,0,0,0,0,0,0,0.046,-37.618,"Kr_Luna",0.032,-17.201,"NABIMan",-21.325,-45.486,"오띵__",-12.76,-65.32,"なおｐ--",20.563,-46.663,"CVPileMaki",13.513,-64.838,"SFIDA",38.811,-90.037,"Multeinn",-2.834,-105.358,"M_lunatic",-38.626,-83.58,0,0,0,0,0,"",0,0,0,0,0,0,0,0,0,0
100,6,1,1,2,0,0,1,0,0,0,255,255,255,7,5449.673,"_Chun",L,28,140,1.471,-0.051,0.182,1.52,-36.472,1,0,-65.672,-73.958,-1.733,0,0,0,3,4,R,"ByeolBam",180.2,90.291,0.496,0,58,0,0,0,0,0,0,0,0,0,0,0,0,0,0,0,0,-0.024,-37.656,"Kr_Luna",0.187,-17.23,"NABIMan",-22.045,-49.109,"오띵__",-12.856,-65.214,"なおｐ--",20.945,-46.829,"CVPileMaki",13.542,-64.823,"SFIDA",39.005,-90.184,"Multeinn",3.601,-107.67,"M_lunatic",-38.633,-82.752,0,0,0,0,0,"",0,0,0,0,0,0,0,0,0,0
101,6,1,1,2,1,0,1,0,0,0,255,255,255,8,5469.913,"_Chun",L,3,118,1.406,0.649,-0.089,1.643,-36.456,2,0,421.091,0,-3.595,0,0,1,3,4,R,"ByeolBam",180.2,90.291,0.496,3,58,5470.768,128,123,40,165,142,110,-30,-46.056,0.13,0.04,-0.073,0.232,0,0,0,-0.029,-36.97,"Kr_Luna",0.094,-17.29,"NABIMan",-22.534,-49.847,"오띵__",-12.855,-65.259,"なおｐ--",20.83,-46.813,"CVPileMaki",13.518,-64.826,"SFIDA",39.145,-90.311,"Multeinn",4.129,-108.143,"M_lunatic",-38.633,-82.756,5471.047,2.275,-22.964,5475.797,6,"SFIDA",47.476,-81.552,1,0,0,0,0,0,0,2
102,6,1,1,2,0,0,1,1,0,0,4,255,255,9,5510.764,"_Chun",L,10,110,0.884,0.623,0.082,1.769,-36.46,2,0,0,400,-7.528,0,0,1,4,2,R,"siesta_aves",190,107,0.455,2,58,5511.882,239,128,54,164,155,126,-30,-26.274,0.49,0.168,0.009,0.136,0,0,0,0.057,-37.198,"Kr_Luna",0.095,-17.203,"NABIMan",-18.613,-42.922,"오띵__",-14.162,-64.448,"なおｐ--",21.729,-48.021,"CVPileMaki",10.592,-64.871,"SFIDA",38.467,-89.812,"Multeinn",-4.92,-103.854,"M_lunatic",-37.61,-80.212,5512.13,1.191,-22.871,5515.213,6,"SFIDA",31.127,-83.438,1,0,0,0,0,0,0,2
103,6,1,1,2,0,0,1,1,1,0,2,4,255,10,5546.827,"_Chun",L,28,137,-0.47,1.56,-0.04,1.775,-36.535,1,0,-62.014,-77.478,-4.564,0,0,0,5,5,R,"즉석카레",169.8,94.808,0.397,0,58,0,0,0,0,0,0,0,0,0,0,0,0,0,0,0,0,0.038,-37.773,"Kr_Luna",-0.004,-17.189,"NABIMan",-19.533,-40.503,"오띵__",-13.344,-64.861,"なおｐ--",21.314,-43.923,"CVPileMaki",8.035,-65.769,"SFIDA",35.779,-83.487,"Multeinn",0.72,-101.52,"M_lunatic",-37.142,-79.09,0,0,0,0,0,"",0,0,0,0,0,0,0,0,0,0
104,6,1,1,2,1,0,1,1,1,0,2,4,255,11,5565.262,"_Chun",L,6,119,1.244,-0.27,0.274,1.445,-36.478,0,0,-489.824,0,-34.986,0,0,0,5,5,R,"즉석카레",169.8,94.808,0.397,0,58,0,0,0,0,0,0,0,0,0,0,0,0,0,0,0,0,0.238,-37.433,"Kr_Luna",-0.006,-17.166,"NABIMan",-19.275,-40.052,"오띵__",-13.358,-64.819,"なおｐ--",21.457,-45.307,"CVPileMaki",7.489,-64.815,"SFIDA",35.45,-83.092,"Multeinn",1.068,-101.836,"M_lunatic",-37.167,-78.895,0,0,0,0,0,"",0,0,0,0,0,0,0,0,0,0
105,6,1,1,2,1,1,1,1,1,0,2,4,255,12,5585.219,"_Chun",L,10,112,-1.279,-0.429,-0.119,1.576,-36.499,2,0,0,400,2.877,0,0,1,5,5,R,"즉석카레",169.8,94.808,0.397,2,58,5586.102,163,121,75,131,150,86,-31.86,45.737,-0.47,-0.132,-0.037,0.252,0,0,0,0.021,-36.989,"Kr_Luna",-0.089,-17.162,"NABIMan",-19.29,-41.644,"오띵__",-14.104,-63.986,"なおｐ--",20.146,-45.961,"CVPileMaki",9.119,-64.228,"SFIDA",34.711,-82.998,"Multeinn",0.795,-103.934,"M_lunatic",-37.721,-80.003,5586.33,-1.511,-22.393,5587.88,2,"NABIMan",-17.649,-38.258,0,16,0,0,0,0,0,2
106,6,0,1,2,0,0,0,0,0,0,255,255,255,40,5728.391,"Roscosmos",L,26,129,1.491,-0.492,0.188,1.454,-36.781,2,0,-139.91,-200,-39.458,0,0,0,0,5,R,"CVPileMaki",169.7,94,0.395,3,58,5729.476,201,161,37,224,155,91,53.307,53.953,-0.25,0.007,-0.094,0.252,0,0,0,0.248,-37.285,"Dοpi",0.107,-16.886,"siesta_aves",-23.187,-47.988,"_앰프_",-13.013,-64.251,"ByeolBam",22.55,-51.903,"즉석카레",10.856,-65.434,"muyang_",28.929,-89.984,"vovopo 보보포",-8.893,-107.255,"-라후이-",-37.493,-80.164,5734.647,-60.52,-52.663,0,0,"",0,0,0,0,0,0,0,0,0,3
107,6,0,1,2,0,1,0,0,0,0,255,255,255,41,5753.161,"Roscosmos",L,26,137,1.62,0.28,0.195,1.578,-36.648,2,0,-137.742,-200,-38.345,0,0,1,0,5,R,"CVPileMaki",169.7,94,0.395,3,58,5754.208,76,76,27,97,107,68,33.009,49.081,0.03,-0.018,-0.085,0.08,0,0,0,0.258,-37.112,"Dοpi",0.153,-16.912,"siesta_aves",-22.548,-46.852,"_앰프_",-12.587,-64.935,"ByeolBam",23.557,-52.9,"즉석카레",12.343,-64.788,"muyang_",36.698,-85.086,"vovopo 보보포",-4.003,-107.937,"-라후이-",-37.557,-85.705,0,0,0,5759.33,-1,"집으로_",-29.433,-42.975,0,0,0,0,0,0,0,1
108,6,0,1,2,0,0,1,0,0,0,255,255,255,42,5785.821,"Roscosmos",L,26,121,0.835,-0.484,0.111,1.435,-36.645,2,0,-90.846,-200,-48.279,0,0,1,1,4,R,"なおｐ--",190,90.37,0.412,3,58,5786.858,192,120,44,164,155,130,28.568,-26.048,0.63,-0.063,-0.104,0.501,0,0,0,0.332,-37.155,"Dοpi",0.12,-16.87,"siesta_aves",-21.614,-46.64,"_앰프_",-13.895,-64.03,"ByeolBam",23.685,-52.957,"즉석카레",12.08,-64.883,"muyang_",36.593,-88.533,"vovopo 보보포",-6.472,-105.183,"-라후이-",-41.879,-90.412,5792.48,30.538,-135.548,0,0,"",0,0,0,0,0,0,0,0,0,4
109,6,0,1,3,0,0,1,0,0,0,255,255,255,43,5835.678,"Roscosmos",L,27,140,0.027,0.274,0.042,1.605,-36.668,0,0,-125.571,-145.401,-23.902,0,0,0,2,0,L,"_Chun",190,95.123,0.455,0,58,0,0,0,0,0,0,0,0,0,0,0,0,0,0,0,0,-0.141,-37.256,"Dοpi",-0.157,-16.854,"siesta_aves",-22.179,-47.789,"_앰프_",-12.835,-64.517,"ByeolBam",22.509,-52.088,"즉석카레",11.306,-65.415,"muyang_",38.012,-92.933,"vovopo 보보포",5.378,-108.803,"-라후이-",-39.554,-89.179,0,0,0,0,0,"",0,0,0,0,0,0,0,0,0,0
110,6,0,1,3,0,1,1,0,0,0,255,255,255,44,5853.867,"Roscosmos",L,27,128,-0.12,-0.241,-0.012,1.501,-36.723,2,0,3.371,-142.809,-28.489,0,0,1,2,0,L,"_Chun",190,95.123,0.455,3,58,5854.834,172,108,24,158,144,98,35.276,-24.542,0.03,0.129,-0.163,0.182,0,0,0,-0.045,-37.007,"Dοpi",-0.382,-17.008,"siesta_aves",-22.244,-47.321,"_앰프_",-12.803,-64.492,"ByeolBam",23.22,-54.17,"즉석카레",11.175,-65.234,"muyang_",36.619,-92.333,"vovopo 보보포",4.706,-108.934,"-라후이-",-42.373,-87.5,5859.647,41.466,-86.045,5859.914,6,"muyang_",39.908,-83.841,0,0,0,0,0,0,0,1
111,6,0,1,3,0,0,2,0,0,0,255,255,255,45,5891.583,"Roscosmos",L,26,123,-0.43,0.805,-0.012,1.683,-36.786,2,0,-75.708,-200,-43.245,0,0,1,3,1,L,"Kr_Luna",190,94.779,0.501,2,58,5892.426,213,110,28,161,147,119,16.259,-32.202,0.15,0.013,-0.036,0.415,0,0,0,-0.178,-37.182,"Dοpi",-0.08,-16.755,"siesta_aves",-22.402,-46.099,"_앰프_",-12.235,-64.416,"ByeolBam",23.372,-54.111,"즉석카레",12.335,-64.808,"muyang_",39.187,-93.956,"vovopo 보보포",7.751,-110.528,"-라후이-",-38.718,-86.184,5895.264,42.044,-79.512,5898.297,6,"muyang_",54.424,-95.282,1,0,0,0,0,0,0,2
112,6,0,1,3,0,0,2,1,0,0,10,255,255,46,5935.29,"Roscosmos",L,13,116,4.747,-0.806,0.286,1.57,-36.68,1,0,380.186,324.744,-43.776,0,0,0,4,2,L,"NABIMan",190,99,0.55,0,58,0,0,0,0,0,0,0,0,0,0,0,0,0,0,0,0,-0.006,-37.655,"Dοpi",0.316,-16.935,"siesta_aves",-18.3,-42.999,"_앰프_",-10.592,-65.046,"ByeolBam",22.848,-54.558,"즉석카레",10.748,-64.189,"muyang_",44.817,-94.606,"vovopo 보보포",12.631,-112.98,"-라후이-",-37.659,-89.989,0,0,0,0,0,"",0,0,0,0,0,0,0,0,0,0
113,6,0,1,3,1,0,2,1,0,0,10,255,255,47,5954.08,"Roscosmos",L,26,131,-1.299,0.162,-0.079,1.563,-36.644,2,0,-122.118,-200,-41.136,0,0,1,4,2,L,"NABIMan",190,99,0.55,3,58,5954.952,195,148,48,255,155,95,18.428,8.408,-0.5,0.081,-0.188,0.571,0,0,0,0.18,-37.173,"Dοpi",-0.09,-16.98,"siesta_aves",-19.76,-41.956,"_앰프_",-12.208,-63.007,"ByeolBam",22.701,-53.771,"즉석카레",11.158,-65.328,"muyang_",43.026,-92.869,"vovopo 보보포",11.217,-110.027,"-라후이-",-42.197,-90.161,5959.713,-1.947,-103.027,5959.864,7,"vovopo 보보포",-2.073,-100.328,0,0,0,0,0,0,0,1
114,7,1,1,3,0,0,0,0,0,0,255,255,255,13,6022.835,"_Chun",L,3,115,1.43,0.884,-0.093,1.678,-36.506,0,0,399.709,16.801,1.793,0,0,0,6,3,R,"_앰프_",170.6,89.947,0.4,0,58,0,0,0,0,0,0,0,0,0,0,0,0,0,0,0,0,-0.045,-37.657,"Kr_Luna",0.106,-17.216,"NABIMan",-22.305,-47.801,"오띵__",-13.094,-65.175,"なおｐ--",21.146,-47.431,"CVPileMaki",13.607,-64.739,"SFIDA",36.097,-83.446,"Multeinn",1.712,-99.406,"M_lunatic",-37.24,-85.348,0,0,0,0,0,"",0,0,0,0,0,0,0,0,0,0
115,7,1,1,3,0,1,0,0,0,0,255,255,255,14,6045.046,"_Chun",L,3,113,-2.551,0.36,-0.428,1.548,-36.538,2,0,479.394,16.236,2.319,0,0,1,6,3,R,"_앰프_",170.6,89.947,0.4,2,58,6046.052,142,93,27,101,142,85,55.755,23.945,-0.08,-0.083,-0.091,0.416,0,0,0,-0.136,-37.23,"Kr_Luna",-0.116,-17.196,"NABIMan",-23.11,-47.921,"오띵__",-13.076,-65.141,"なおｐ--",21.417,-47.584,"CVPileMaki",13.475,-64.761,"SFIDA",36.21,-83.565,"Multeinn",-1.651,-98.447,"M_lunatic",-35.57,-83.649,6051.813,-23.008,-67.331,6052.047,8,"M_lunatic",-22.355,-65.981,0,0,0,0,0,0,0,1
116,7,1,1,3,0,0,1,0,0,0,255,255,255,15,6086.253,"_Chun",L,0,0,0,0,0,0,0,0,0,0,0,0,0,0,0,7,0,R,"Roscosmos",175.1,93,0.35,0,58,0,0,0,0,0,0,0,0,0,0,0,0,0,0,0,0,0,0,"",0,0,"",0,0,"",0,0,"",0,0,"",0,0,"",0,0,"",0,0,"",0,0,0,0,0,0,0,"",0,0,0,0,0,0,0,0,0,0
117,7,1,1,3,1,0,1,0,0,0,255,255,255,15,6107.398,"_Chun",L,10,114,1.568,0.122,0.146,1.668,-36.435,1,0,0,400,-10.878,0,0,0,7,0,R,"Roscosmos",175.1,93,0.35,0,58,0,0,0,0,0,0,0,0,0,0,0,0,0,0,0,0,0.075,-37.742,"Kr_Luna",0.137,-17.19,"NABIMan",-23.124,-48.342,"오띵__",-13.021,-65.116,"なおｐ--",21.937,-48.293,"CVPileMaki",13.713,-64.854,"SFIDA",39.299,-88.336,"Multeinn",3.122,-101.646,"M_lunatic",-36.372,-81.625,0,0,0,0,0,"",0,0,0,0,0,0,0,0,0,0
118,7,1,1,3,2,0,1,0,0,0,255,255,255,16,6125.673,"_Chun",L,6,122,0.802,-0.105,0.222,1.51,-36.524,0,0,-269.932,0,-17.291,0,0,0,7,0,R,"Roscosmos",175.1,93,0.35,0,58,0,0,0,0,0,0,0,0,0,0,0,0,0,0,0,0,0.201,-37.433,"Kr_Luna",0.08,-17.299,"NABIMan",-22.656,-48.382,"오띵__",-12.973,-65.143,"なおｐ--",21.915,-48.403,"CVPileMaki",13.681,-64.778,"SFIDA",39.277,-88.34,"Multeinn",3.747,-101.752,"M_lunatic",-36.105,-81.642,0,0,0,0,0,"",0,0,0,0,0,0,0,0,0,0
119,7,1,1,3,2,1,1,0,0,0,255,255,255,17,6144.656,"_Chun",L,10,118,-0.455,-1.954,-0.042,1.318,-36.471,2,0,0,400,-12.24,0,0,1,7,0,R,"Roscosmos",175.1,93,0.35,3,58,6145.586,126,100,22,76,141,127,-30,42.271,0.5,-0.078,-0.155,0.176,0,0,0,-0.162,-37.029,"Kr_Luna",-0.01,-17.258,"NABIMan",-23.844,-49.448,"오띵__",-13.004,-65.132,"なおｐ--",21.888,-48.343,"CVPileMaki",13.554,-64.862,"SFIDA",39.237,-88.339,"Multeinn",0.9,-101.933,"M_lunatic",-36.159,-81.727,6145.73,-0.259,-19.652,6147.213,2,"NABIMan",-22.214,-43.804,0,0,0,0,0,0,0,2
120,7,1,1,3,0,0,2,0,0,0,255,255,255,18,6179,"_Chun",L,3,102,1.343,1.534,-0.046,1.826,-36.549,1,0,274.289,0,-2.776,0,0,0,8,7,L,"vovopo 보보포",160,90,0.6,0,58,0,0,0,0,0,0,0,0,0,0,0,0,0,0,0,0,-0.05,-37.709,"Kr_Luna",0.258,-17.294,"NABIMan",-21.851,-47.806,"오띵__",-13.205,-65.122,"なおｐ--",22.236,-48.968,"CVPileMaki",13.659,-64.762,"SFIDA",35.027,-84.322,"Multeinn",-0.246,-101.294,"M_lunatic",-35.24,-79.279,0,0,0,0,0,"",0,0,0,0,0,0,0,0,0,0
121,7,1,1,3,1,0,2,0,0,0,255,255,255,19,6199.428,"_Chun",L,6,112,-2.761,1.78,0.054,1.748,-36.549,4,0,-410.56,0,-15.926,0.063,-20.193,1,8,7,L,"vovopo 보보포",160,90,0.6,0,58,0,0,0,0,0,0,0,0,0,0,0,0,0,0,0,0,-0.173,-37.794,"Kr_Luna",0.073,-17.896,"NABIMan",-21.507,-49.054,"오띵__",-13.245,-65.131,"なおｐ--",22.277,-49.015,"CVPileMaki",13.567,-64.784,"SFIDA",35.015,-84.303,"Multeinn",0.515,-100.851,"M_lunatic",-36.319,-80.559,0,0,0,0,0,"",0,0,0,0,0,0,0,0,0,0
122,7,1,1,3,1,1,2,0,0,0,255,255,255,20,6224.272,"_Chun",L,28,137,2.836,-0.086,0.228,1.587,-36.578,4,0,-35.2,-68.244,-6.637,0,0,1,8,7,L,"vovopo 보보포",160,90,0.6,0,58,0,0,0,0,0,0,0,0,0,0,0,0,0,0,0,0,0.134,-37.802,"Kr_Luna",0.146,-17.311,"NABIMan",-22.315,-46.892,"오띵__",-13.187,-65.122,"なおｐ--",22.258,-49.004,"CVPileMaki",13.865,-63.874,"SFIDA",35.022,-84.339,"Multeinn",1.425,-100.696,"M_lunatic",-36.235,-80.526,0,0,0,0,0,"",0,0,0,0,0,0,0,0,0,0
123,7,1,1,3,1,2,2,0,0,0,255,255,255,21,6247.768,"_Chun",L,6,115,-1.657,0.632,0.077,1.718,-36.583,4,0,-500,0,-32.673,0.196,-19.855,1,8,7,L,"vovopo 보보포",160,90,0.6,0,39,0,0,0,0,0,0,0,0,0,0,0,0,0,0,0,0,-0.196,-37.812,"Kr_Luna",0.034,-17.667,"NABIMan",-20.215,-45.865,"오띵__",-13.166,-65.149,"なおｐ--",22.202,-48.936,"CVPileMaki",13.577,-64.833,"SFIDA",35.016,-84.28,"Multeinn",1.541,-101.468,"M_lunatic",-36.263,-80.518,0,0,0,0,0,"",0,0,0,0,0,0,0,0,0,0
124,7,0,1,3,0,0,0,0,0,0,255,255,255,48,6309.59,"Roscosmos",L,26,140,-1.001,1.057,-0.044,1.741,-36.727,4,0,-152.221,-200,-45.235,0,0,1,5,6,L,"SFIDA",190,86,0.655,0,58,0,0,0,0,0,0,0,0,0,0,0,0,0,0,0,0,0.177,-37.81,"Dοpi",-0.235,-16.886,"siesta_aves",-22.144,-48.367,"_앰프_",-12.15,-64.566,"ByeolBam",23.185,-55.118,"즉석카레",11.917,-64.949,"muyang_",33.232,-88.213,"vovopo 보보포",3.095,-107.198,"-라후이-",-39.865,-85.677,0,0,0,0,0,"",0,0,0,0,0,0,0,0,0,0
125,7,0,1,3,0,1,0,0,0,0,255,255,255,49,6329.04,"Roscosmos",L,26,138,42.885,5.134,0.052,1.729,-36.715,2,0,-123.313,-200,-31.14,0,0,1,5,6,L,"SFIDA",190,86,0.655,2,58,6329.901,88,30,0,61,46,46,22.494,-38.799,0.32,0.013,-0.044,0.009,0,0,0,0.304,-36.944,"Dοpi",-0.143,-16.859,"siesta_aves",-22.074,-48.079,"_앰프_",-12.125,-64.559,"ByeolBam",22.664,-55.655,"즉석카레",11.097,-64.851,"muyang_",35.508,-89.032,"vovopo 보보포",2.426,-107.554,"-라후이-",-40.184,-85.788,6332.097,13.804,-36.899,6333.713,4,"ByeolBam",18.808,-43.667,0,32,0,0,0,0,0,2
126,7,0,1,3,0,0,1,0,0,0,255,255,255,50,6363.415,"Roscosmos",L,13,123,1.455,-0.685,0.02,1.629,-36.621,2,0,316.954,386.704,-26.417,0,0,1,6,3,R,"오띵__",164.9,90,0.405,3,58,6364.282,103,153,77,175,141,122,-30,14.098,0.63,0.033,-0.1,0.196,0,0,0,0.052,-37.222,"Dοpi",0.131,-16.935,"siesta_aves",-21.365,-46.186,"_앰프_",-14.373,-63.229,"ByeolBam",21.048,-51.56,"즉석카레",11.487,-64.556,"muyang_",32.322,-87.142,"vovopo 보보포",-0.618,-106.6,"-라후이-",-36.933,-83.823,6364.414,0.022,-21.226,6366.547,3,"_앰프_",-10.421,-62.589,0,0,0,0,0,0,0,2
127,7,0,1,3,0,0,2,0,0,0,255,255,255,51,6392.78,"Roscosmos",L,26,140,-1.042,0.188,-0.04,1.561,-36.66,0,0,-186.082,-200,-71.305,0,0,0,7,8,L,"M_lunatic",160,107,0.444,0,58,0,0,0,0,0,0,0,0,0,0,0,0,0,0,0,0,-0.408,-37.367,"Dοpi",-0.145,-16.763,"siesta_aves",-21.199,-45.71,"_앰프_",-12.707,-64.841,"ByeolBam",21.688,-52.091,"즉석카레",12.127,-64.558,"muyang_",33.668,-89.125,"vovopo 보보포",-0.047,-104.428,"-라후이-",-36.725,-88.922,0,0,0,0,0,"",0,0,0,0,0,0,0,0,0,0
128,7,0,1,3,0,1,2,0,0,0,255,255,255,52,6410.889,"Roscosmos",L,26,130,-0.497,1.575,-0.001,1.746,-36.738,4,0,-131.932,-200,-42.291,0,0,1,7,8,L,"M_lunatic",160,107,0.444,0,58,0,0,0,0,0,0,0,0,0,0,0,0,0,0,0,0,-0.039,-37.089,"Dοpi",-0.103,-16.759,"siesta_aves",-21.113,-45.048,"_앰프_",-13.63,-64.656,"ByeolBam",21.709,-52.107,"즉석카레",11.87,-64.944,"muyang_",33.083,-88.731,"vovopo 보보포",-0.056,-104.37,"-라후이-",-35.868,-89.83,0,0,0,0,0,"",0,0,0,0,0,0,0,0,0,0
129,7,0,1,3,0,2,2,0,0,0,255,255,255,53,6428.644,"Roscosmos",L,26,137,0.31,0.877,0.067,1.653,-36.678,2,0,-123.983,-200,-45.931,0,0,1,7,8,L,"M_lunatic",160,107,0.444,2,58,6429.623,71,94,44,145,110,62,98.033,78.825,-0.47,0.06,-0.128,0.19,0,0,0,0.037,-37.113,"Dοpi",-0.089,-16.765,"siesta_aves",-22.174,-46.803,"_앰프_",-13.586,-64.219,"ByeolBam",23.571,-54.7,"즉석카레",11.802,-64.884,"muyang_",37.679,-95.19,"vovopo 보보포",-0.347,-104.599,"-라후이-",-35.499,-89.82,6434.63,33.773,-13.418,0,0,"",0,0,0,0,0,0,0,0,0,3
130,7,0,1,3,0,2,2,0,0,0,255,255,255,54,6450.377,"Roscosmos",L,26,127,-0.126,1.435,-0.004,1.722,-36.679,2,0,-24.537,-200,-46.601,0,0,1,7,8,L,"M_lunatic",160,107,0.444,2,58,6451.362,215,76,27,122,142,78,97.438,-80.508,-0.52,0.078,-0.105,0.175,0,0,0,0.06,-37.224,"Dοpi",-0.002,-16.758,"siesta_aves",-22.948,-48.402,"_앰프_",-13.012,-63.926,"ByeolBam",21.765,-51.521,"즉석카레",12.803,-64.286,"muyang_",41.137,-93.073,"vovopo 보보포",1.761,-105.998,"-라후이-",-40.476,-87.054,0,0,0,0,0,"",0,0,0,0,0,0,0,0,0,3
131,7,0,1,3,0,2,2,0,0,0,255,255,255,55,6468.741,"Roscosmos",L,10,116,0.717,-2.97,0.041,1.275,-36.639,1,0,67.964,400,-37.626,0.125,-21.154,0,7,8,L,"M_lunatic",160,107,0.444,0,58,0,0,0,0,0,0,0,0,0,0,0,0,0,0,0,0,-0.119,-37.558,"Dοpi",-0.045,-16.896,"siesta_aves",-22.152,-47.933,"_앰프_",-12.934,-63.618,"ByeolBam",21.901,-52.477,"즉석카레",12.738,-62.923,"muyang_",44.481,-93.539,"vovopo 보보포",0.978,-104.165,"-라후이-",-37.754,-91.761,0,0,0,0,0,"",0,0,0,0,0,0,0,0,0,0
132,7,0,1,3,1,2,2,0,0,0,255,255,255,56,6485.794,"Roscosmos",L,26,121,-0.501,0.26,-0.045,1.559,-36.727,2,0,-46.029,-151.199,-27.489,0,0,1,7,8,L,"M_lunatic",160,107,0.444,2,58,6486.802,153,89,19,84,141,78,16.612,-5.626,-0.48,0.05,-0.126,0.177,0,0,0,-0.089,-37.159,"Dοpi",-0.137,-16.789,"siesta_aves",-22.335,-46.849,"_앰프_",-13.629,-64.417,"ByeolBam",23.349,-52.806,"즉석카레",11.779,-64.764,"muyang_",40.718,-93.454,"vovopo 보보포",1.596,-104.361,"-라후이-",-37.988,-91.995,6490.114,-0.573,-72.789,6491.697,7,"vovopo 보보포",-1.368,-86.227,1,0,0,0,0,0,0,2
133,7,0,1,3,0,0,2,1,0,0,17,255,255,57,6567.757,"Roscosmos",L,26,132,0.568,0.61,0.096,1.614,-36.694,2,0,-123,-200,-55.656,0,0,1,8,7,R,"Multeinn",160,95.343,0.505,3,33,6568.641,189,112,12,228,144,102,37.37,22.158,0.13,-0.039,-0.057,0.331,0,0,0,0.308,-37.218,"Dοpi",0.041,-17.086,"siesta_aves",-19.968,-41.162,"_앰프_",-13.784,-62.241,"ByeolBam",24.092,-52.739,"즉석카레",8.888,-63.648,"muyang_",39.639,-91.461,"vovopo 보보포",-5.807,-102.183,"-라후이-",-40.143,-80.864,0,0,0,6569.114,1,"Dοpi",0.112,-21.52,0,0,0,0,0,0,0,3
134,7,0,1,3,0,1,2,1,0,0,17,255,255,58,6663.701,"Roscosmos",L,26,134,1.187,0.368,0.132,1.582,-36.719,0,0,-61.92,-200,-48.385,0,0,1,8,7,R,"Multeinn",160,95.343,0.505,0,33,0,0,0,0,0,0,0,0,0,0,0,0,0,0,0,0,-0.023,-37.676,"Dοpi",-0.207,-17.101,"siesta_aves",-19.588,-42.394,"_앰프_",-13.543,-64.241,"ByeolBam",23.487,-52.496,"즉석카레",7.719,-62.357,"muyang_",32.776,-93.388,"vovopo 보보포",-4.389,-104.419,"-라후이-",-40.452,-86.92,0,0,0,0,0,"",0,0,0,0,0,0,0,0,0,0
135,7,0,1,3,0,2,2,1,0,0,17,255,255,59,6688.679,"Roscosmos",L,26,131,0.856,2.274,0.099,1.841,-36.765,1,0,-54.48,-200,-41.144,0,0,0,8,7,R,"Multeinn",160,95.343,0.505,0,33,0,0,0,0,0,0,0,0,0,0,0,0,0,0,0,0,0.156,-37.738,"Dοpi",-0.579,-17.299,"siesta_aves",-19.925,-42.18,"_앰프_",-12.278,-63.889,"ByeolBam",23.357,-52.495,"즉석카레",8.612,-62.919,"muyang_",35.406,-91.237,"vovopo 보보포",-4.637,-104.18,"-라후이-",-41.235,-89.51,0,0,0,0,0,"",0,0,0,0,0,0,0,0,0,0
136,7,0,1,3,1,2,2,1,0,0,17,255,255,60,6714.742,"Roscosmos",L,26,128,0.83,1.607,0.112,1.748,-36.731,2,0,-94.737,-200,-22.247,0,0,1,8,7,R,"Multeinn",160,95.343,0.505,3,33,6715.658,154,105,21,193,143,119,57.5,-35.809,0.68,-0.08,-0.079,0.152,0,0,0,0.154,-37.359,"Dοpi",-0.013,-16.723,"siesta_aves",-19.77,-40.481,"_앰프_",-13.301,-64.332,"ByeolBam",22.804,-51.3,"즉석카레",8.912,-63.232,"muyang_",37.137,-93.888,"vovopo 보보포",-5.276,-103.905,"-라후이-",-38.363,-84.319,6722.664,42.486,-94.879,6722.963,6,"muyang_",41.853,-93.654,0,0,0,0,0,0,0,1
137,8,1,1,3,0,0,0,0,0,0,255,255,255,22,6783.696,"_Chun",L,6,116,0.487,0.373,0.255,1.583,-36.536,0,0,-429.402,0,-22.712,-1.473,-10.314,0,0,6,R,"muyang_",172.1,90.462,0.5,0,58,0,0,0,0,0,0,0,0,0,0,0,0,0,0,0,0,-0.179,-37.645,"Kr_Luna",-0.259,-16.931,"NABIMan",-22.453,-48.124,"오띵__",-13.058,-65.212,"なおｐ--",21.222,-47.351,"CVPileMaki",13.486,-64.815,"SFIDA",34.627,-83.059,"Multeinn",0.737,-98.982,"M_lunatic",-35.93,-80.401,0,0,0,0,0,"",0,0,0,0,0,0,0,0,0,0
138,8,1,1,3,0,1,0,0,0,0,255,255,255,23,6808.321,"_Chun",L,3,122,1.985,0.865,-0.003,1.624,-36.46,3,0,407.731,1.668,-4.798,-0.232,-19.652,0,0,6,R,"muyang_",172.1,90.462,0.5,0,58,0,0,0,0,0,0,0,0,0,0,0,0,0,0,0,0,0.043,-37.8,"Kr_Luna",0.114,-17.364,"NABIMan",-22.87,-47.741,"오띵__",-13.056,-65.241,"なおｐ--",21.147,-47.234,"CVPileMaki",13.517,-64.79,"SFIDA",34.592,-83.084,"Multeinn",0.56,-99.841,"M_lunatic",-34.772,-79.253,0,0,0,0,0,"",0,0,0,0,0,0,0,0,0,6
139,8,1,1,3,0,0,0,1,0,0,6,255,255,24,6840.339,"_Chun",L,26,137,0.264,1.114,0.012,1.65,-36.497,2,0,40.312,-200,-15.81,0,0,1,1,8,R,"-라후이-",190,95.263,0.498,2,58,6841.189,163,115,31,126,146,94,112.969,-49.605,-0.1,0.03,-0.084,0.159,0,0,0,0.022,-37.065,"Kr_Luna",-0.012,-17.359,"NABIMan",-20.681,-45.655,"오띵__",-13.91,-64.898,"なおｐ--",21.224,-47.363,"CVPileMaki",8.559,-65.641,"SFIDA",38.081,-90.564,"Multeinn",-3.868,-108.96,"M_lunatic",-41.053,-85.539,0,0,0,0,0,"",0,0,0,1,0,0,0,0,0,3
140,8,1,1,3,0,1,1,0,0,0,255,255,255,25,6890.928,"_Chun",L,28,133,1.527,-0.219,0.142,1.515,-36.504,2,0,-37.137,-55.745,-4.251,0,0,1,1,8,R,"-라후이-",190,95.263,0.498,2,58,6891.834,177,129,24,190,151,94,29.005,-2.371,-0.47,-0.025,-0.159,0.299,0,0,0,0.134,-36.851,"Kr_Luna",0.079,-17.332,"NABIMan",-23.247,-48.008,"오띵__",-13.32,-65.112,"なおｐ--",21.587,-47.502,"CVPileMaki",13.483,-64.693,"SFIDA",38.727,-90.599,"Multeinn",-2.321,-106.761,"M_lunatic",-39.998,-84.938,6896.713,4.806,-98.359,6896.864,7,"Multeinn",4.617,-95.217,0,0,0,0,0,0,0,1
141,8,1,1,3,0,0,2,0,0,0,255,255,255,26,6954.034,"_Chun",L,10,115,1.58,-0.286,0.147,1.592,-36.456,4,0,0,400,-8.336,0,0,1,2,1,R,"Dοpi",190,90,0.3,0,47,0,0,0,0,0,0,0,0,0,0,0,0,0,0,0,0,0.019,-37.812,"Kr_Luna",0.185,-17.198,"NABIMan",-21.635,-47.377,"오띵__",-13.13,-65.211,"なおｐ--",21.044,-47.411,"CVPileMaki",13.683,-64.72,"SFIDA",36.215,-96.611,"Multeinn",-1.369,-106.411,"M_lunatic",-35.882,-82.564,0,0,0,0,0,"",0,0,0,0,0,0,0,0,0,0
142,8,1,1,3,0,1,2,0,0,0,255,255,255,27,6973.413,"_Chun",L,3,119,-0.054,0.808,-0.186,1.677,-36.526,2,0,427.172,4.983,0.158,0,0,1,2,1,R,"Dοpi",190,90,0.3,3,47,6974.339,106,121,79,129,141,90,-15.764,-6.257,-0.25,-0.064,-0.014,0.011,0,0,0,-0.082,-36.876,"Kr_Luna",0.063,-17.303,"NABIMan",-23.758,-48.965,"오띵__",-13.136,-65.17,"なおｐ--",21.005,-47.301,"CVPileMaki",13.521,-64.807,"SFIDA",36.189,-96.626,"Multeinn",-1.62,-106.518,"M_lunatic",-35.897,-82.561,6974.63,0.446,-24.4,6978.797,7,"Multeinn",6.088,-91.416,1,0,0,0,0,0,0,2
143,8,1,1,3,0,0,2,1,0,0,1,255,255,28,7016.427,"_Chun",L,29,127,2.535,0.657,0.162,1.58,-36.476,1,0,250,-75.737,-26.69,2.091,-6.126,0,3,4,R,"ByeolBam",180.2,88,0.396,0,58,0,0,0,0,0,0,0,0,0,0,0,0,0,0,0,0,0.323,-37.728,"Kr_Luna",0.48,-15.656,"NABIMan",-18.903,-40.738,"오띵__",-14.353,-64.456,"なおｐ--",20.739,-46.744,"CVPileMaki",10.207,-64.69,"SFIDA",42.904,-93.336,"Multeinn",1.058,-106.241,"M_lunatic",-37.926,-81.204,0,0,0,0,0,"",0,0,0,4,0,0,0,0,0,0
144,8,0,1,3,0,0,0,0,0,0,255,255,255,61,7092.01,"Roscosmos",L,26,137,1.349,0.7,0.165,1.642,-36.774,0,0,-120.55,-200,-36.226,0,0,0,0,5,R,"CVPileMaki",169.7,94,0.395,0,58,0,0,0,0,0,0,0,0,0,0,0,0,0,0,0,0,0.381,-37.516,"Dοpi",0.115,-16.837,"siesta_aves",-23.328,-48.456,"_앰프_",-13.151,-63.367,"ByeolBam",21.477,-51.169,"즉석카레",11.641,-64.796,"muyang_",30.751,-85.691,"vovopo 보보포",-6.487,-106.38,"-라후이-",-41.001,-87.399,0,0,0,0,0,"",0,0,0,0,0,0,0,0,0,0
145,8,0,1,3,0,1,0,0,0,0,255,255,255,62,7110.374,"Roscosmos",L,26,140,0.716,1.285,0.1,1.733,-36.777,4,0,-105.701,-200,-34.12,0,0,1,0,5,R,"CVPileMaki",169.7,94,0.395,0,58,0,0,0,0,0,0,0,0,0,0,0,0,0,0,0,0,-0.059,-37.675,"Dοpi",0.038,-16.921,"siesta_aves",-23.095,-47.475,"_앰프_",-13.229,-63.602,"ByeolBam",21.633,-51.13,"즉석카레",11.684,-64.789,"muyang_",38.201,-85.537,"vovopo 보보포",-6.575,-106.38,"-라후이-",-40.999,-87.408,0,0,0,0,0,"",0,0,0,0,0,0,0,0,0,0
146,8,0,1,3,0,2,0,0,0,0,255,255,255,63,7129.604,"Roscosmos",L,26,128,1.315,1.08,0.163,1.696,-36.67,0,0,-115.296,-200,-40.769,0,0,0,0,5,R,"CVPileMaki",169.7,94,0.395,0,58,0,0,0,0,0,0,0,0,0,0,0,0,0,0,0,0,-0.046,-37.61,"Dοpi",0.044,-17.195,"siesta_aves",-23.466,-48.151,"_앰프_",-13.226,-63.696,"ByeolBam",21.42,-51.22,"즉석카레",10.867,-64.462,"muyang_",36.698,-84.667,"vovopo 보보포",-4.549,-107.166,"-라후이-",-40.101,-87.497,0,0,0,0,0,"",0,0,0,0,0,0,0,0,0,0
147,8,0,1,3,0,0,1,0,0,0,255,255,255,64,7158.167,"Roscosmos",L,13,114,-0.381,0.389,-0.151,1.829,-36.746,2,0,288.212,400,-13.13,0,0,1,1,4,R,"なおｐ--",190,90.37,0.412,3,58,7159.237,133,98,39,152,142,130,9.062,11.975,0.41,-0.096,-0.053,0.421,0,0,0,0.082,-37.231,"Dοpi",-0.174,-16.994,"siesta_aves",-22.665,-48.136,"_앰프_",-14.237,-64.242,"ByeolBam",22.708,-51.576,"즉석카레",11.597,-64.977,"muyang_",42.513,-89.868,"vovopo 보보포",-3.208,-106.67,"-라후이-",-40.045,-88.959,7162.33,-16.16,-103.558,7168.764,7,"vovopo 보보포",-7.807,-130.66,1,0,0,0,0,0,0,2
148,8,0,1,3,0,0,1,0,1,0,255,13,255,65,7203.928,"Roscosmos",L,26,119,-2.599,2.337,-0.19,1.977,-36.924,1,0,-128.076,-200,-26.241,0,0,0,2,0,L,"_Chun",190,95.123,0.455,0,58,0,0,0,0,0,0,0,0,0,0,0,0,0,0,0,0,-0.138,-37.688,"Dοpi",-0.207,-16.898,"siesta_aves",-22.176,-47.128,"_앰프_",-6.455,-64.136,"ByeolBam",20.525,-47.065,"즉석카레",11.677,-64.706,"muyang_",42.696,-89.784,"vovopo 보보포",5.249,-109.726,"-라후이-",-40.076,-93.732,0,0,0,0,0,"",0,0,0,0,0,0,0,0,0,0
149,8,0,1,3,1,0,1,0,1,0,255,13,255,66,7231.252,"Roscosmos",L,10,117,-0.54,-0.311,-0.055,1.687,-36.683,2,0,11.668,400,-38.93,0,0,1,2,0,L,"_Chun",190,95.123,0.455,3,58,7232.222,199,119,25,171,150,129,-30,1.706,0.78,0.025,-0.059,0.263,0,0,0,0.072,-37.312,"Dοpi",-0.086,-16.951,"siesta_aves",-21.778,-47.096,"_앰프_",-7.299,-64.187,"ByeolBam",21.277,-47.877,"즉석카레",12.733,-64.1,"muyang_",40.207,-88.521,"vovopo 보보포",2.828,-108.526,"-라후이-",-37.199,-96.007,7232.43,-0.142,-22.217,7235.963,7,"vovopo 보보포",-2.742,-100.787,1,0,0,0,0,0,0,2
150,8,0,1,3,0,0,1,1,0,1,9,255,13,67,7345.589,"Roscosmos",L,26,131,-1.199,0.878,-0.038,1.755,-36.689,2,0,-96.616,-200,-23.407,0,0,1,3,1,L,"Kr_Luna",190,94.779,0.501,2,58,7346.41,226,121,24,164,151,120,57.5,-46.595,0.14,-0.005,-0.026,0.337,0,0,0,-0.068,-36.975,"Dοpi",-0.116,-16.944,"siesta_aves",-19.755,-40.174,"_앰프_",-10.312,-62.26,"ByeolBam",20.632,-43.771,"즉석카레",11.536,-64.3,"muyang_",36.096,-91.767,"vovopo 보보포",6.781,-104.119,"-라후이-",-37.956,-86.898,7353.347,77.581,-70.111,0,0,"",0,0,0,0,0,0,0,0,0,3
151,8,0,1,3,0,1,1,1,0,1,9,255,13,68,7371.644,"Roscosmos",L,26,136,-1.212,1.605,-0.073,1.845,-36.804,1,0,-119.754,-200,-36.882,0,0,0,3,1,L,"Kr_Luna",190,94.779,0.501,0,75,0,0,0,0,0,0,0,0,0,0,0,0,0,0,0,0,-0.42,-37.465,"Dοpi",-0.217,-16.888,"siesta_aves",-19.288,-40.68,"_앰프_",-9.868,-63.124,"ByeolBam",20.399,-43.909,"즉석카레",11.372,-64.543,"muyang_",37.95,-88.757,"vovopo 보보포",4.242,-103.821,"-라후이-",-36.576,-80.654,0,0,0,0,0,"",0,0,0,0,0,0,0,0,0,0
152,8,0,1,3,1,1,1,1,0,1,9,255,13,69,7397.61,"Roscosmos",L,0,83,-1.328,0.737,-0.123,1.742,-36.637,2,0,-0.942,0,14.443,0,0,1,3,1,L,"Kr_Luna",190,94.779,0.501,2,75,7398.681,162,97,44,132,144,130,101.512,70.597,0.32,-0.034,-0.003,0.379,0,0,0,-0.17,-37.349,"Dοpi",-0.18,-16.98,"siesta_aves",-19.76,-41.027,"_앰프_",-8.616,-61.193,"ByeolBam",20.482,-47.684,"즉석카레",11.749,-64.962,"muyang_",37.951,-90.073,"vovopo 보보포",2.465,-104.867,"-라후이-",-37.759,-86.378,0,0,0,0,0,"",0,0,0,0,0,0,0,0,0,3
153,8,0,1,3,1,2,1,1,0,1,9,255,13,70,7416.144,"Roscosmos",L,26,126,-1.405,2.096,-0.083,1.934,-36.799,2,0,-132.915,-200,-29.18,0,0,1,3,1,L,"Kr_Luna",190,94.779,0.501,2,75,7416.944,198,102,31,105,145,130,36.842,9.863,0.36,-0.027,0.001,0.276,0,0,0,-0.178,-37.363,"Dοpi",-0.133,-17.059,"siesta_aves",-19.702,-41.164,"_앰프_",-10.288,-64.601,"ByeolBam",21.017,-47.556,"즉석카레",11.706,-64.739,"muyang_",38.822,-92.48,"vovopo 보보포",3.089,-107.095,"-라후이-",-40.131,-86.486,7423.58,-20.701,-132.687,7425.13,7,"vovopo 보보포",-15.769,-130.627,1,0,0,0,0,0,0,2
154,8,0,1,4,0,0,1,0,1,1,255,10,9,71,7469.348,"Roscosmos",L,26,128,0.138,0.049,0.05,1.54,-36.686,2,0,-104.452,-200,-31.347,0,0,1,4,2,L,"NABIMan",190,99,0.55,3,58,7470.197,255,177,46,217,155,97,61.133,-52.68,-0.27,0.151,-0.158,0.617,0,0,0,-0.147,-37.134,"Dοpi",0.002,-16.769,"siesta_aves",-19.796,-40.699,"_앰프_",-9.165,-62.349,"ByeolBam",20.168,-43.488,"즉석카레",11.764,-63.381,"muyang_",41.602,-92.003,"vovopo 보보포",5.776,-112.602,"-라후이-",-40.248,-90.244,7476.147,53.128,-63.167,7480.063,6,"muyang_",68.026,-73.453,0,0,0,0,0,0,0,2
155,8,0,1,4,0,1,1,0,1,1,255,10,9,72,7504.421,"Roscosmos",L,26,128,-0.466,-0.638,0.018,1.405,-36.635,2,0,-179.706,-200,-49.466,0,0,1,4,2,L,"NABIMan",190,99,0.55,3,36,7505.293,227,158,64,147,155,96,-3.684,-34.806,0.02,0.151,-0.371,0.439,0,0,0,-0.099,-36.925,"Dοpi",0.017,-16.76,"siesta_aves",-19.597,-41.434,"_앰프_",-11.641,-63.011,"ByeolBam",20.218,-44.434,"즉석카레",12.239,-64.617,"muyang_",34.616,-96.454,"vovopo 보보포",4.839,-112.224,"-라후이-",-42.697,-85.064,7505.83,5.432,-29.122,7507.014,4,"ByeolBam",16.189,-43.491,1,4,0,0,0,0,0,2
156,8,0,1,4,0,0,2,1,1,0,11,10,255,73,7546.683,"Roscosmos",L,26,136,0.205,0.024,0.063,1.534,-36.744,2,0,-142.351,-200,-38.901,0,0,1,5,6,L,"SFIDA",190,86,0.655,2,58,7547.506,160,123,5,225,144,126,1.554,-15.369,0.23,0.063,0.001,0.217,0,0,0,0.234,-37.702,"Dοpi",-0.041,-16.862,"siesta_aves",-19.767,-40.797,"_앰프_",-12.033,-63.556,"ByeolBam",20.402,-48.231,"즉석카레",12.943,-63.405,"muyang_",40.825,-86.57,"vovopo 보보포",6.587,-115.663,"-라후이-",-37.897,-82.584,7548.664,8.19,-49.837,7549.364,5,"즉석카레",11.074,-60.283,0,0,0,0,0,0,0,2
157,9,1,1,4,0,0,0,0,0,0,255,255,255,29,7679.378,"_Chun",L,6,116,1.267,0.095,0.316,1.547,-36.535,0,0,-463.174,0,-29.962,0,0,0,3,4,R,"ByeolBam",180.2,88,0.396,0,81,0,0,0,0,0,0,0,0,0,0,0,0,0,0,0,0,0.058,-37.586,"Kr_Luna",0.03,-17.159,"NABIMan",-22.968,-46.021,"오띵__",-13.228,-65.087,"なおｐ--",19.955,-46.087,"Multeinn",14.678,-61.388,"SFIDA",39.161,-97.246,"M_lunatic",-4.738,-109.566,"mungjungh",-36.157,-87.541,0,0,0,0,0,"",0,0,0,0,0,0,0,0,0,0
158,9,1,1,4,0,1,0,0,0,0,255,255,255,30,7701.158,"_Chun",L,10,121,-1.249,-1.269,-0.081,1.48,-36.564,1,0,0,400,-5.092,0,0,0,3,4,R,"ByeolBam",180.2,88,0.396,0,81,0,0,0,0,0,0,0,0,0,0,0,0,0,0,0,0,-0.099,-37.684,"Kr_Luna",0.08,-17.122,"NABIMan",-22.104,-47.796,"오띵__",-13.233,-65.091,"なおｐ--",19.967,-46.078,"Multeinn",13.645,-61.324,"SFIDA",39.181,-97.279,"M_lunatic",-4.067,-107.854,"mungjungh",-36.256,-87.582,0,0,0,0,0,"",0,0,0,0,0,0,0,0,0,0
159,9,1,1,4,1,1,0,0,0,0,255,255,255,31,7722.405,"_Chun",L,10,114,1.304,0.681,0.121,1.755,-36.445,2,0,0,400,-14.196,0,0,1,3,4,R,"ByeolBam",180.2,88,0.396,3,81,7723.368,158,123,38,154,146,89,-30.1,-22.912,-0.25,0.091,-0.063,0.272,0,0,0,0.153,-36.927,"Kr_Luna",0.064,-17.151,"NABIMan",-22.774,-48.559,"오띵__",-13.139,-65.127,"なおｐ--",20.102,-46.298,"Multeinn",13.635,-63.312,"SFIDA",39.181,-97.254,"M_lunatic",-4.064,-107.857,"mungjungh",-36.316,-87.696,7723.597,1.077,-22.647,7726.047,5,"Multeinn",15.163,-56.315,0,0,0,0,0,0,0,2
160,9,1,1,4,0,0,1,0,0,0,255,255,255,0,7965.059,"Kr_Luna",L,10,122,1.291,-0.065,0.173,1.903,-36.489,0,0,0,400,-2.352,0,0,0,4,2,R,"siesta_aves",190,107,0.455,0,58,0,0,0,0,0,0,0,0,0,0,0,0,0,0,0,0,0.313,-37.825,"_Chun",0.265,-17.184,"NABIMan",-22.314,-48.353,"오띵__",-13.099,-65.154,"なおｐ--",21.159,-46.872,"Multeinn",14.625,-63.842,"SFIDA",28.697,-103.945,"M_lunatic",-5.649,-102.343,"mungjungh",-35.491,-86.626,0,0,0,0,0,"",0,0,0,0,0,0,0,0,0,0
161,9,1,1,4,0,1,1,0,0,0,255,255,255,1,7985.814,"Kr_Luna",L,26,140,1.132,0.769,0.192,1.826,-36.402,0,0,-55.074,-172.377,2.372,0,0,1,4,2,R,"siesta_aves",190,107,0.455,0,58,0,0,0,0,0,0,0,0,0,0,0,0,0,0,0,0,0.125,-37.807,"_Chun",0.295,-17.036,"NABIMan",-22.087,-47.474,"오띵__",-13.117,-65.093,"なおｐ--",20.847,-47.48,"Multeinn",14.125,-63.303,"SFIDA",28.694,-103.959,"M_lunatic",-5.625,-102.059,"mungjungh",-35.522,-86.639,0,0,0,0,0,"",0,0,0,0,0,0,0,0,0,0
162,9,1,1,4,0,2,1,0,0,0,255,255,255,2,8007.64,"Kr_Luna",L,14,101,-0.052,-0.363,0.207,2.075,-36.773,2,0,-216.023,400,-9.218,0,0,1,4,2,R,"siesta_aves",190,107,0.455,2,58,8008.918,255,118,43,128,155,98,99.602,-73.541,-0.23,0.131,-0.088,0.145,0,0,0,0.317,-37.752,"_Chun",-0.201,-17.02,"NABIMan",-23.403,-49.04,"오띵__",-13.078,-65.248,"なおｐ--",21.138,-47.505,"Multeinn",13.879,-63.316,"SFIDA",28.712,-103.956,"M_lunatic",-6.863,-105.533,"mungjungh",-37.826,-88.974,0,0,0,0,0,"",0,0,0,0,0,0,0,0,0,3
163,9,1,1,4,0,2,1,0,0,0,255,255,255,3,8033.386,"Kr_Luna",L,14,109,-2.56,-0.529,0.026,1.762,-36.557,2,0,-376.784,324.68,-0.428,0,0,1,4,2,R,"siesta_aves",190,107,0.455,2,36,8034.605,212,133,38,141,155,130,-1.366,35.386,0.28,0.052,-0.004,0.116,0,0,0,0.273,-37.939,"_Chun",-0.421,-17.053,"NABIMan",-22.123,-47.87,"오띵__",-13.113,-64.983,"なおｐ--",20.772,-46.938,"Multeinn",14.577,-62.318,"SFIDA",28.283,-106.501,"M_lunatic",-6.071,-106.153,"mungjungh",-35.365,-87.361,8035.214,-10.274,-33.876,8036.147,2,"NABIMan",-18.547,-45.137,0,0,0,0,0,0,0,2
164,9,1,1,4,0,0,2,0,0,0,255,255,255,4,8066.284,"Kr_Luna",L,10,119,1.346,-0.716,0.15,1.887,-36.432,2,0,0,400,7.256,0,0,1,5,5,R,"즉석카레",169.8,94.808,0.397,2,58,8067.2,123,104,28,144,141,120,-7.747,-7.304,0.25,-0.063,0.012,0.295,0,0,0,0.084,-37.347,"_Chun",0.124,-17.043,"NABIMan",-23.006,-48.626,"오띵__",-13.06,-65.242,"なおｐ--",20.794,-46.835,"Multeinn",14.087,-62.965,"SFIDA",39.403,-87.383,"M_lunatic",-3.183,-99.643,"mungjungh",-34.601,-86.009,8067.447,0.873,-25.72,8076.28,7,"M_lunatic",16.679,-121.451,1,0,0,0,0,0,0,2
165,9,1,1,4,0,0,2,0,1,0,255,5,255,5,8113.25,"Kr_Luna",L,26,140,0.876,0.89,0.154,1.829,-36.476,0,0,-69.308,-198.117,1.627,0.254,-17.614,1,6,3,R,"_앰프_",170.6,89.947,0.4,0,58,0,0,0,0,0,0,0,0,0,0,0,0,0,0,0,0,0.16,-37.624,"_Chun",0.188,-17.04,"NABIMan",-21.406,-46.374,"오띵__",-12.881,-65.256,"なおｐ--",20.919,-45.869,"Multeinn",10.957,-61.821,"SFIDA",34.204,-82.388,"M_lunatic",-3.018,-107.788,"mungjungh",-35.064,-86.935,0,0,0,0,0,"",0,0,0,0,0,0,0,0,0,0
166,9,1,1,4,0,1,2,0,1,0,255,5,255,6,8133.881,"Kr_Luna",L,14,96,-2.299,-0.59,0.016,1.94,-36.75,4,0,-306.32,356.097,-2.309,0,0,1,6,3,R,"_앰프_",170.6,89.947,0.4,0,58,0,0,0,0,0,0,0,0,0,0,0,0,0,0,0,0,0.36,-37.971,"_Chun",-0.327,-16.995,"NABIMan",-20.981,-47.1,"오띵__",-12.857,-65.219,"なおｐ--",20.306,-44.875,"Multeinn",7.649,-62.011,"SFIDA",34.367,-84.037,"M_lunatic",-2.97,-107.545,"mungjungh",-35.333,-85.88,0,0,0,0,0,"",0,0,0,0,0,0,0,0,0,0
167,9,1,1,4,0,2,2,0,1,0,255,5,255,7,8157.808,"Kr_Luna",L,27,136,1.073,1.459,0.108,2.085,-36.59,4,0,-52.349,-143.292,0.781,0,0,1,6,3,R,"_앰프_",170.6,89.947,0.4,0,58,0,0,0,0,0,0,0,0,0,0,0,0,0,0,0,0,0.268,-37.587,"_Chun",0.098,-17.091,"NABIMan",-21.483,-45.375,"오띵__",-12.86,-65.238,"なおｐ--",21.039,-44.809,"Multeinn",9.665,-60.013,"SFIDA",34.401,-84.25,"M_lunatic",-4.368,-108.068,"mungjungh",-35.255,-85.906,0,0,0,0,0,"",0,0,0,64,0,0,0,0,0,0
