id,inn,half,scoreA,scoreB,ball,strk,out,b1,b2,b3,b1Idx,b2Idx,b3Idx,pCnt,pSec,pName,pHand,pType,pPow,spdK,zoneX,zoneY,startX,startY,zDist,call,balk,sH,sV,gyro,plx,plz,bSwing,bIdx,bPos,bZone,bName,bHCm,batLen,batCen,batType,bFps,hSec,rotS,rotL,shS,lgS,prepS,batSpd,ev,ldeg,sdeg,hPos,hMoveX,hMoveY,stayCon,buntGrip,handDist,PPosX,PPosY,PThrSpd,CName,CPosX,CPosY,CThrSpd,1BName,1BPosX,1BPosY,1BThrSpd,2BName,2BPosX,2BPosY,2BThrSpd,3BName,3BPosX,3BPosY,3BThrSpd,SSName,SSPosX,SSPosY,SSThrSpd,LFName,LFPosX,LFPosY,LFThrSpd,CFName,CFPosX,CFPosY,CFThrSpd,RFName,RFPosX,RFPosY,RFThrSpd,ltSec,lx,lz,cSec,cPos,cPlr,cx,cz,1BSafe,tag,cpSec,sb2Sec,sb3Sec,sbhSec,ass,result
1,1,1,0,0,0,0,0,0,0,0,255,255,255,0,1089.351,"눈꽃",R,0,98,140,-0.648,0.039,0.016,1.922,-36.643,0,0,7.069,-11.073,3.145,0,0,0,0,5,R,"CVPileMaki",169.6,94,0.399,0,139,0,0,0,0,0,0,0,0,0,0,0,0,0,0,0,0,0.329,-37.072,0,"encounter v",-0.069,-16.948,0,"_이누_",-20.597,-48.44,0,"아침땅_",-14.633,-63.93,0,"Slaris",21.144,-48.76,0,"coder_",11.348,-65.777,0,"소솨소솨",36.64,-84.361,0,"ke ro",0.561,-106.295,0,"Sabo_10",-40.381,-90.755,0,0,0,0,0,0,"",0,0,0,0,0,0,0,0,0,0
2,1,1,0,0,0,1,0,0,0,0,255,255,255,1,1104.023,"눈꽃",R,28,84,137,2.153,0.694,0.044,1.89,-36.46,2,0,72.37,-89.452,16.637,0,0,1,0,5,R,"CVPileMaki",169.6,94,0.399,3,139,1105.138,107,9,79,62,44,138,73,36.279,9.005,0.96,0.009,-0.01,0.088,0,0.194,0.251,-36.993,0,"encounter v",-0.055,-17.145,120,"_이누_",-19.874,-47.762,0,"아침땅_",-14.618,-63.943,88,"Slaris",21.299,-48.8,0,"coder_",11.454,-65.72,0,"소솨소솨",36.679,-84.427,0,"ke ro",0.737,-106.257,0,"Sabo_10",-41.396,-89.396,0,1109.635,-12.421,-70.698,1110.211,0,"HANA_ARASHI",-12.334,-70.343,0,0,0,0,0,0,0,1
3,1,1,0,0,0,0,1,0,0,0,255,255,255,2,1189.502,"눈꽃",R,28,81,133,-1.725,0.079,-0.12,1.926,-36.684,1,0,23.859,-53.111,10.89,0,0,0,1,2,L,"Kr_Luna",190,95.367,0.505,0,137,0,0,0,0,0,0,0,0,0,0,0,0,0,0,0,0,-0.028,-37.197,0,"encounter v",0.015,-16.977,0,"_이누_",-19.029,-50.542,0,"아침땅_",-12.418,-65.187,0,"Slaris",23.887,-52.297,0,"coder_",12.682,-65.415,0,"소솨소솨",47.213,-91.644,0,"ke ro",11.063,-117.45,0,"Sabo_10",-33.001,-83.322,0,0,0,0,0,0,"",0,0,0,0,0,0,0,0,0,0
4,1,1,0,0,1,0,1,0,0,0,255,255,255,3,1203.663,"눈꽃",R,27,83,136,-0.628,0.468,-0.122,1.919,-36.632,2,0,91.146,-123.457,32.556,0,0,1,1,2,L,"Kr_Luna",190,95.367,0.505,2,137,1204.442,179,17,170,91,52,150,118,11.327,-24.39,0.18,0.006,-0.026,0.331,0,0.133,-0.136,-37.075,0,"encounter v",-0.109,-17.063,0,"_이누_",-19.222,-49.788,0,"아침땅_",-12.423,-65.184,0,"Slaris",23.837,-52.231,85,"coder_",12.202,-65.613,0,"소솨소솨",48.013,-92.827,0,"ke ro",8.574,-113.867,87,"Sabo_10",-32.561,-85.725,0,1206.878,30.1,-87.119,1211.288,7,"ke ro",40.454,-113.004,1,0,0,0,0,0,0,2
5,1,1,0,0,0,0,1,0,1,0,255,2,255,4,1240.492,"눈꽃",R,32,90,140,1.946,-0.708,0.108,1.718,-36.518,1,0,221.838,-157.914,18.275,0,0,0,2,1,L,"_Chun",190,80,0.455,0,136,0,0,0,0,0,0,0,0,0,0,0,0,0,0,0,0,0.272,-37.39,0,"encounter v",-0.071,-16.983,0,"_이누_",-18.871,-46.803,0,"아침땅_",-7.676,-64.128,0,"Slaris",22.537,-47.648,0,"coder_",13.325,-67.274,0,"소솨소솨",45.467,-90.528,0,"ke ro",3.056,-114.858,0,"Sabo_10",-31.387,-82.488,0,0,0,0,0,0,"",0,0,0,0,0,0,0,0,0,0
6,1,1,0,0,1,0,1,0,1,0,255,2,255,5,1256.289,"눈꽃",R,14,71,112,2.394,-1.229,0.124,1.723,-36.433,1,0,357.374,349.691,2.499,0,0,0,2,1,L,"_Chun",190,80,0.455,0,136,0,0,0,0,0,0,0,0,0,0,0,0,0,0,0,0,0.139,-37.552,0,"encounter v",0.065,-17.499,0,"_이누_",-18.727,-48.834,0,"아침땅_",-8.677,-65.92,0,"Slaris",22.344,-48.001,0,"coder_",12.47,-66.621,0,"소솨소솨",46.558,-88.316,0,"ke ro",3.147,-114.909,0,"Sabo_10",-30.401,-80.405,0,0,0,0,0,0,"",0,0,0,0,0,0,0,0,0,0
7,1,1,0,0,2,0,1,0,1,0,255,2,255,6,1274.949,"눈꽃",R,34,89,140,0.018,0.552,-0.042,1.971,-36.491,2,0,83.102,-57.712,12.691,0,0,1,2,1,L,"_Chun",190,80,0.455,3,136,1275.822,154,13,72,64,24,143,76,-9.02,-32.037,0.97,-0.101,0.015,0.018,0,0.103,-0.04,-37.093,0,"encounter v",-0.067,-17.085,0,"_이누_",-18.639,-48.663,69,"아침땅_",-6.837,-65.914,0,"Slaris",21.148,-50.823,120,"coder_",12.13,-65.438,0,"소솨소솨",45.81,-88.92,0,"ke ro",3.369,-114.952,0,"Sabo_10",-31.691,-85.451,0,1275.767,3.274,-24.36,1277.475,4,"Slaris",18.511,-45.165,0,0,0,0,0,0,0,2
8,1,1,0,0,0,0,2,0,1,0,255,2,255,7,1303.705,"눈꽃",R,0,87,140,2.141,-0.246,0.123,1.814,-36.536,2,0,16.069,-14.813,2.014,0,0,1,3,4,R,"なおｐ--",190,90.37,0.445,3,134,1304.741,255,13,84,38,34,144,107,-11.318,-6.644,0.04,-0.068,-0.058,0.475,0,0.414,0.325,-37.198,0,"encounter v",0.058,-17.032,0,"_이누_",-20.977,-48.74,57,"아침땅_",-14.887,-63.787,0,"Slaris",21.483,-50.135,0,"coder_",9.313,-65.246,97,"소솨소솨",32.481,-87.296,0,"ke ro",-7.584,-115.024,0,"Sabo_10",-46.842,-103.906,0,1304.545,0.776,-25.132,1306.399,5,"coder_",4.555,-60.659,0,0,0,0,0,0,0,2
9,1,0,0,0,0,0,0,0,0,0,255,255,255,0,1418.27,"HANA_ARASHI",R,13,77,116,1.224,0.458,0.254,1.836,-36.48,0,0,-384.274,319.897,0,0,0,0,0,5,R,"coder_",163.5,107,0.503,0,132,0,0,0,0,0,0,0,0,0,0,0,0,0,0,0,0,0.01,-36.939,0,"_Chun",-0.002,-17.131,0,"Kr_Luna",-19.809,-46.188,0,"오띵__",-11,-65.855,0,"なおｐ--",20.814,-46.641,0,"CVPileMaki",9.901,-59.743,0,"tsubasa_jp",42.98,-93.578,0,"_AKASATA_",-4.754,-112.79,0,"M_lunatic",-45.084,-91.713,0,0,0,0,0,0,"",0,0,0,0,0,0,0,0,0,0
10,1,0,0,0,0,1,0,0,0,0,255,255,255,1,1431.028,"HANA_ARASHI",R,0,81,132,1.249,-0.467,0.116,1.584,-36.365,2,0,0,0,0,0,0,1,0,5,R,"coder_",163.5,107,0.503,3,132,1432.125,3,1,9,0,0,0,31,111.847,51.934,0.52,0.038,-0.136,0,1,0.67,0.05,-36.358,0,"_Chun",0.039,-17.266,120,"Kr_Luna",-20.178,-47.337,0,"오띵__",-11.026,-65.788,0,"なおｐ--",20.829,-46.664,0,"CVPileMaki",12.115,-61.723,0,"tsubasa_jp",42.996,-93.603,0,"_AKASATA_",-5.234,-112.579,0,"M_lunatic",-45.277,-92.771,0,1435.1,10.017,-11.069,1435.225,1,"_Chun",9.571,-11.418,0,0,0,0,0,0,0,1
11,1,0,0,0,0,0,1,0,0,0,255,255,255,2,1465.452,"HANA_ARASHI",R,0,84,137,-1.216,-0.238,-0.113,1.607,-36.384,2,0,0,0,0,0,0,1,1,1,L,"encounter v",190,90,0.547,3,131,1466.549,228,20,108,131,75,150,103,16.791,-43.777,-0.2,0.002,-0.109,0.061,0,0.551,-0.141,-36.977,0,"_Chun",-0.316,-17.336,0,"Kr_Luna",-20.692,-48.913,0,"오띵__",-11.237,-65.972,0,"なおｐ--",20.137,-46.141,0,"CVPileMaki",15.981,-62.594,0,"tsubasa_jp",44.964,-86.786,88,"_AKASATA_",-2.771,-107.979,0,"M_lunatic",-39.623,-96.591,0,0,0,0,1469.829,6,"tsubasa_jp",43.7,-74.725,0,0,0,0,0,0,0,1
12,1,0,0,0,0,0,2,0,0,0,255,255,255,3,1490.61,"HANA_ARASHI",R,0,80,131,0.84,0.459,0.078,1.741,-36.393,2,0,0,0,0,0,0,1,2,4,R,"Slaris",190,86.36,0.452,3,130,1491.539,114,10,88,87,64,139,96,49.59,8.296,-0.38,-0.056,-0.047,0.282,0,0.278,-0.094,-37.042,0,"_Chun",0.034,-17.252,0,"Kr_Luna",-20.624,-49.73,0,"오띵__",-11.026,-66.141,88,"なおｐ--",20.207,-46.064,0,"CVPileMaki",12.939,-64.64,0,"tsubasa_jp",43.084,-94.666,0,"_AKASATA_",0.599,-112.649,0,"M_lunatic",-40.444,-91.697,0,1497.079,-15.705,-83.489,1497.274,3,"오띵__",-15.352,-82.183,0,0,0,0,0,0,0,1
13,2,1,0,0,0,0,0,0,0,0,255,255,255,8,1550.396,"눈꽃",R,0,80,132,0.005,0.773,0.259,2.068,-36.764,0,0,43.997,-34.548,5.073,0,0,0,4,0,R,"HANA_ARASHI",190,85.084,0.253,0,129,0,0,0,0,0,0,0,0,0,0,0,0,0,0,0,0,0.083,-37.104,0,"encounter v",-0.05,-16.917,0,"_이누_",-21.021,-47.825,0,"아침땅_",-14.675,-63.866,0,"Slaris",21.886,-50.24,0,"coder_",11.884,-67.711,0,"소솨소솨",37.644,-86.67,0,"ke ro",-8.337,-104.813,0,"Sabo_10",-48.318,-98.615,0,0,0,0,0,0,"",0,0,0,0,0,0,0,0,0,0
14,2,1,0,0,0,1,0,0,0,0,255,255,255,9,1565.422,"눈꽃",R,0,87,140,1.774,0.352,0.052,1.843,-36.52,2,0,40.87,-38.32,5.521,0,0,1,4,0,R,"HANA_ARASHI",190,85.084,0.253,3,129,1566.406,255,7,0,0,0,10,50,-6.657,-18.957,-0.38,-0.108,-0.033,0.037,0,0.438,0.394,-37.016,120,"encounter v",-0.033,-17.074,0,"_이누_",-20.586,-47.906,85,"아침땅_",-14.948,-63.719,0,"Slaris",21.698,-50.161,0,"coder_",11.169,-66.137,0,"소솨소솨",37.724,-86.656,0,"ke ro",-8.349,-104.798,0,"Sabo_10",-48.594,-98.305,0,1566.524,2.209,-24.889,1568.031,0,"눈꽃",5.407,-37.552,0,0,0,0,0,0,0,2
15,2,1,0,0,0,0,1,0,0,0,255,255,255,10,1590.457,"눈꽃",R,0,77,129,-0.173,0.572,-0.026,1.897,-36.601,2,0,39.68,-35.535,8.387,0,0,1,5,3,R,"오띵__",166.9,80,0.402,3,76,1591.446,255,13,175,35,26,150,122,114.749,-23.743,0.69,0.044,-0.009,0.101,0.048,0.311,0.394,-36.846,0,"encounter v",-0.07,-17.237,0,"_이누_",-20.002,-48.268,0,"아침땅_",-14.84,-63.583,0,"Slaris",20.512,-49.739,0,"coder_",10.25,-66.414,0,"소솨소솨",35.04,-87.825,0,"ke ro",0.034,-103.609,0,"Sabo_10",-40.827,-90.488,0,0,0,0,0,0,"",0,0,0,0,0,0,0,0,0,3
16,2,1,0,0,0,1,1,0,0,0,255,255,255,11,1606.935,"눈꽃",R,0,98,140,0.411,0.092,0.199,1.925,-36.655,2,0,25.617,-17.353,2.832,0,0,1,5,3,R,"오띵__",166.9,80,0.402,3,76,1607.897,255,15,144,8,35,150,123,10.339,29.763,0.44,0.025,-0.054,0.132,0,0.209,-0.094,-37.21,0,"encounter v",-0.026,-17.289,0,"_이누_",-20.768,-48.306,0,"아침땅_",-14.964,-63.721,0,"Slaris",21.875,-49.519,0,"coder_",10.219,-66.321,80,"소솨소솨",35.12,-88.252,0,"ke ro",0.345,-105.728,0,"Sabo_10",-42.514,-93.07,87,1610.836,-52.665,-87.179,1614.267,8,"Sabo_10",-58.595,-95.523,1,0,0,0,0,0,0,2
17,2,1,0,0,0,0,1,0,1,0,255,3,255,12,1640.906,"눈꽃",R,33,42,102,-0.164,0.966,0.02,1.969,-36.657,0,0,126.251,-111.426,11.356,0,0,0,6,8,L,"M_lunatic",160,95.162,0.444,0,127,0,0,0,0,0,0,0,0,0,0,0,0,0,0,0,0,-0.835,-37.816,0,"encounter v",-0.017,-17.052,0,"_이누_",-18.926,-46.647,0,"아침땅_",-8.59,-63.235,85,"Slaris",21.594,-45.484,115,"coder_",12.296,-61.451,97,"소솨소솨",40.395,-85.011,0,"ke ro",7.144,-104.693,0,"Sabo_10",-37.125,-88.574,0,0,0,0,0,0,"",0,0,0,0,0,0,0,0,0,0
18,2,1,0,0,0,1,1,0,0,1,255,255,3,13,1688.995,"눈꽃",R,33,65,120,-1.082,0.744,0.049,1.959,-36.596,2,0,137.453,-76.983,11.307,0,0,1,6,8,L,"M_lunatic",160,95.162,0.444,3,127,1690.041,255,19,115,101,41,150,80,23.039,-14.843,-0.81,0.065,-0.058,0.111,0,0.44,-0.048,-37.134,0,"encounter v",-0.098,-17.204,0,"_이누_",-18.029,-47.549,0,"아침땅_",-12.128,-65.179,0,"Slaris",20.912,-47.56,87,"coder_",11.374,-60.289,0,"소솨소솨",40.212,-82.217,0,"ke ro",3.891,-93.295,95,"Sabo_10",-37.028,-86.888,0,1693.829,10.304,-81.612,1694.079,7,"ke ro",9.958,-79.252,0,0,0,0,0,0,0,1
19,2,1,0,0,0,0,2,0,0,1,255,255,3,14,1764.386,"눈꽃",R,33,87,140,1.57,0.521,0.109,1.903,-36.541,4,0,118.103,-70.437,11.259,0.271,-20.587,1,7,6,R,"tsubasa_jp",174.6,89.942,0.25,0,50,0,0,0,0,0,0,0,0,0,0,0,0,0,0,0,0,0.202,-37.425,0,"encounter v",-0.115,-17.89,0,"_이누_",-19.751,-45.987,0,"아침땅_",-14.924,-63.551,0,"Slaris",20.2,-49.369,0,"coder_",11.104,-65.65,0,"소솨소솨",37.107,-84.073,0,"ke ro",-4.483,-103.845,0,"Sabo_10",-40.007,-84.716,0,0,0,0,0,0,"",0,0,0,0,0,0,0,0,0,0
20,2,1,0,0,0,1,2,0,0,1,255,255,3,15,1781.959,"눈꽃",R,34,86,139,1.422,0.795,0.085,1.9,-36.579,2,0,87.917,-72.073,7.834,0,0,1,7,6,R,"tsubasa_jp",174.6,89.942,0.25,3,50,1782.755,136,10,58,47,13,137,81,39.405,-42.77,-0.81,-0.024,0.005,0.063,0,0.101,0.239,-37.043,0,"encounter v",-0.005,-17.146,0,"_이누_",-19.248,-47.211,0,"아침땅_",-14.872,-63.566,0,"Slaris",20.579,-49.063,0,"coder_",11.734,-65.728,0,"소솨소솨",36.283,-81.951,0,"ke ro",-4.302,-103.048,0,"Sabo_10",-40.616,-85.79,0,1787.17,49.097,-62.317,0,0,"",0,0,0,0,0,0,0,0,0,3
21,2,1,0,0,0,2,2,0,0,1,255,255,3,16,1833.991,"눈꽃",R,34,91,140,1.391,0.343,-0.026,1.885,-36.52,4,0,92.271,-66.35,12.505,-0.354,-19.894,1,7,6,R,"tsubasa_jp",174.6,89.942,0.25,0,124,0,0,0,0,0,0,0,0,0,0,0,0,0,0,0,0,0.132,-37.418,0,"encounter v",-0.433,-19.333,0,"_이누_",-19.912,-45.735,0,"아침땅_",-14.988,-63.652,0,"Slaris",20.466,-49.631,0,"coder_",12.155,-65.263,0,"소솨소솨",36.012,-78.568,0,"ke ro",0.807,-99.765,0,"Sabo_10",-40.034,-84.474,0,0,0,0,0,0,"",0,0,0,0,0,0,0,0,0,0
22,2,0,0,0,0,0,0,0,0,0,255,255,255,4,1884.997,"HANA_ARASHI",R,8,68,121,2.416,-1.143,0.208,1.612,-36.272,4,0,50.602,0,0,0,0,1,3,0,L,"눈꽃",190,85,0.496,0,123,0,0,0,0,0,0,0,0,0,0,0,0,0,0,0,0,-0.039,-37.038,0,"_Chun",0.191,-17.272,0,"Kr_Luna",-20.28,-48.918,0,"오띵__",-10.52,-65.948,0,"なおｐ--",22.054,-47.956,0,"CVPileMaki",14.416,-64.209,0,"tsubasa_jp",43.515,-92.367,0,"_AKASATA_",0.631,-107.655,0,"M_lunatic",-43.816,-94.737,0,0,0,0,0,0,"",0,0,0,0,0,0,0,0,0,0
23,2,0,0,0,0,1,0,0,0,0,255,255,255,5,1898.47,"HANA_ARASHI",R,0,72,125,-0.703,2.397,-0.065,2.098,-36.548,1,0,0,0,0,0,0,0,3,0,L,"눈꽃",190,85,0.496,0,123,0,0,0,0,0,0,0,0,0,0,0,0,0,0,0,0,-0.28,-37.445,0,"_Chun",0.017,-17.074,0,"Kr_Luna",-20.341,-48.962,0,"오띵__",-11.141,-65.929,0,"なおｐ--",22.105,-48.051,0,"CVPileMaki",14.379,-64.12,0,"tsubasa_jp",43.5,-92.365,0,"_AKASATA_",-0.324,-116.851,0,"M_lunatic",-43.152,-95.369,0,0,0,0,0,0,"",0,0,0,0,0,0,0,0,0,0
24,2,0,0,0,1,1,0,0,0,0,255,255,255,6,1913.911,"HANA_ARASHI",R,0,78,129,-0.897,1.13,-0.083,1.854,-36.43,2,0,0,0,0,0,0,1,3,0,L,"눈꽃",190,85,0.496,3,123,1915.03,248,14,43,121,68,133,130,25.699,-18.209,0.44,0.004,-0.007,0.069,0,0.208,-0.186,-37,0,"_Chun",-0.197,-17.163,0,"Kr_Luna",-19.868,-50.759,0,"오띵__",-11.226,-65.893,0,"なおｐ--",22.086,-48.038,0,"CVPileMaki",14.413,-64.187,88,"tsubasa_jp",43.97,-93.801,0,"_AKASATA_",-0.42,-117.727,90,"M_lunatic",-43.215,-95.382,0,1920.281,18.654,-132.855,1923.079,7,"_AKASATA_",18.921,-119.066,1,0,0,0,0,0,0,2
25,2,0,0,0,0,0,0,0,1,0,255,9,255,7,1950.762,"HANA_ARASHI",R,0,83,136,-0.911,1.141,-0.085,1.843,-36.418,2,0,0,0,0,0,0,1,4,8,L,"Sabo_10",184.6,90,0.602,3,122,1951.723,184,12,116,95,50,150,115,25.34,-29.422,0.15,0.007,-0.019,0.263,0,0.537,-0.144,-36.963,0,"_Chun",-0.028,-17.076,0,"Kr_Luna",-19.32,-51.185,0,"오띵__",-3.324,-62.742,93,"なおｐ--",21.652,-47.876,0,"CVPileMaki",14.015,-64.358,0,"tsubasa_jp",45.873,-93.511,91,"_AKASATA_",4.332,-114.949,0,"M_lunatic",-36.504,-101.738,0,0,0,0,1956.246,6,"tsubasa_jp",51.228,-103.051,0,0,0,0,0,0,0,1
26,2,0,0,0,0,0,1,0,1,0,255,9,255,8,1975.872,"HANA_ARASHI",R,13,85,124,-0.749,-1.888,0.034,1.365,-36.318,1,0,-370.589,335.655,0,0,0,0,5,2,R,"_이누_",190,90.187,0.45,0,122,0,0,0,0,0,0,0,0,0,0,0,0,0,0,0,0,-0.315,-37.254,0,"_Chun",0.041,-17.125,0,"Kr_Luna",-19.814,-43.166,0,"오띵__",-11.06,-65.86,0,"なおｐ--",21.766,-47.301,0,"CVPileMaki",8.38,-65.491,0,"tsubasa_jp",45.843,-94.447,0,"_AKASATA_",0.339,-111.803,0,"M_lunatic",-37.705,-86.395,0,0,0,0,0,0,"",0,0,0,0,0,0,0,0,0,0
27,2,0,0,0,1,0,1,0,1,0,255,9,255,9,1989.159,"HANA_ARASHI",R,13,80,119,-3.09,-1.63,-0.158,1.636,-36.316,1,0,-373.293,332.645,0,-0.713,-18.143,0,5,2,R,"_이누_",190,90.187,0.45,0,122,0,0,0,0,0,0,0,0,0,0,0,0,0,0,0,0,-0.377,-37.13,0,"_Chun",0.005,-17.152,0,"Kr_Luna",-21.541,-49.164,0,"오띵__",-11.092,-66.041,0,"なおｐ--",20.434,-44.781,0,"CVPileMaki",4.765,-64.983,0,"tsubasa_jp",43.742,-93.685,0,"_AKASATA_",4.456,-110.887,0,"M_lunatic",-40.935,-90.489,0,0,0,0,0,0,"",0,0,0,0,0,0,0,0,0,0
28,2,0,0,0,2,0,1,0,1,0,255,9,255,10,2001.987,"HANA_ARASHI",R,10,60,107,-0.21,0.201,-0.02,2.047,-36.65,0,0,0,400,0,0,0,1,5,2,R,"_이누_",190,90.187,0.45,0,122,0,0,0,0,0,0,0,0,0,0,0,0,0,0,0,0,0.104,-37.187,0,"_Chun",0.052,-17.19,0,"Kr_Luna",-21.609,-48.956,0,"오띵__",-11.19,-65.957,0,"なおｐ--",20.361,-43.707,0,"CVPileMaki",6.626,-65.228,0,"tsubasa_jp",43.626,-93.774,0,"_AKASATA_",4.413,-111.047,0,"M_lunatic",-41.764,-91.859,0,0,0,0,0,0,"",0,0,0,0,0,0,0,0,0,0
29,2,0,0,0,2,1,1,0,1,0,255,9,255,11,2016.925,"HANA_ARASHI",R,27,73,126,-0.988,-0.178,-0.058,1.735,-36.359,0,0,-106.152,-127.336,0,0,0,0,5,2,R,"_이누_",190,90.187,0.45,0,122,0,0,0,0,0,0,0,0,0,0,0,0,0,0,0,0,-0.314,-37.401,0,"_Chun",0.02,-17.193,0,"Kr_Luna",-19.823,-49,0,"오띵__",-11.095,-65.999,0,"なおｐ--",20.745,-42.835,0,"CVPileMaki",10.403,-65.074,0,"tsubasa_jp",43.676,-93.677,0,"_AKASATA_",4.728,-112.648,0,"M_lunatic",-42.319,-91.058,0,0,0,0,0,0,"",0,0,0,0,0,0,0,0,0,0
30,2,0,0,0,2,2,1,0,1,0,255,9,255,12,2032.957,"HANA_ARASHI",R,14,70,112,1.634,-0.834,0.064,1.826,-36.284,2,0,238.578,400,0,0,0,1,5,2,R,"_이누_",190,90.187,0.45,3,122,2034.152,156,17,109,45,26,150,125,-30,-22.138,0.28,-0.028,-0.148,0.226,0,0.23,0.012,-36.752,0,"_Chun",0.119,-17.265,0,"Kr_Luna",-19.77,-48.869,119,"오띵__",-11.081,-66.028,0,"なおｐ--",20.383,-46.125,85,"CVPileMaki",13.435,-64.351,103,"tsubasa_jp",43.686,-93.681,0,"_AKASATA_",5.522,-113.887,0,"M_lunatic",-42.048,-90.916,0,2033.815,0.687,-20.281,2035.718,5,"CVPileMaki",15.978,-57.985,0,0,0,0,0,0,0,2
31,2,0,0,0,0,0,2,0,0,1,255,255,9,13,2062.682,"HANA_ARASHI",R,13,81,120,0.249,-1.34,0.124,1.793,-36.371,2,0,-346.598,360.374,0,0,0,1,6,3,R,"아침땅_",160,94.757,0.5,2,120,2063.682,160,11,121,113,47,150,108,-10.677,-1.878,0.1,-0.026,-0.059,0.102,0.048,0.305,-0.048,-36.834,0,"_Chun",0.045,-17.318,0,"Kr_Luna",-21.589,-50.594,89,"오띵__",-10.839,-66.194,0,"なおｐ--",18.971,-44.633,0,"CVPileMaki",9.929,-65.386,0,"tsubasa_jp",41.08,-93.704,0,"_AKASATA_",3.999,-111.029,91,"M_lunatic",-40.252,-92.311,0,2063.427,0.104,-22.149,2066.982,7,"_AKASATA_",3.118,-96.125,0,0,0,0,0,0,0,2
32,3,1,0,0,0,0,0,0,0,0,255,255,255,17,2123.595,"눈꽃",R,28,91,140,0.414,0.479,-0.075,1.856,-36.541,0,0,19.743,-51.877,25.165,0,0,0,8,7,R,"_AKASATA_",160,80,0.2,0,120,0,0,0,0,0,0,0,0,0,0,0,0,0,0,0,0,0.131,-37.274,0,"encounter v",-0.132,-17.037,0,"_이누_",-19.513,-44.371,0,"아침땅_",-15.087,-63.805,0,"Slaris",17.779,-47.497,0,"coder_",9.759,-64.102,0,"소솨소솨",34.831,-82.941,0,"ke ro",-1.379,-97.652,0,"Sabo_10",-38.151,-83.272,0,0,0,0,0,0,"",0,0,0,0,0,0,0,0,0,0
33,3,1,0,0,0,1,0,0,0,0,255,255,255,18,2137.905,"눈꽃",R,34,86,140,0.117,1.26,0.023,1.965,-36.647,2,0,70.26,-36.486,10.758,0,0,1,8,7,R,"_AKASATA_",160,80,0.2,3,120,2138.702,255,5,54,28,17,134,79,-64.578,57.645,-0.5,0.001,0.009,0.137,0,0.137,0.184,-37.169,0,"encounter v",-0.063,-17.175,0,"_이누_",-18.361,-45.765,0,"아침땅_",-15.017,-63.701,0,"Slaris",19.189,-47.1,0,"coder_",10.878,-64.661,0,"소솨소솨",34.93,-82.924,0,"ke ro",-0.701,-101.594,0,"Sabo_10",-37.301,-83.018,0,2138.434,-0.884,-20.033,0,0,"",0,0,0,0,0,0,0,0,0,3
34,3,1,0,0,0,2,0,0,0,0,255,255,255,19,2163.376,"눈꽃",R,32,93,140,1.426,0.467,0.04,1.848,-36.55,4,0,155.385,-136.723,15.896,-0.088,-20.004,1,8,7,R,"_AKASATA_",160,80,0.2,0,119,0,0,0,0,0,0,0,0,0,0,0,0,0,0,0,0,0.352,-37.343,0,"encounter v",-0.351,-17.988,0,"_이누_",-19.101,-43.857,0,"아침땅_",-14.881,-63.66,0,"Slaris",18.684,-47.583,0,"coder_",10.322,-65.748,0,"소솨소솨",34.833,-79.389,0,"ke ro",-0.574,-96.938,0,"Sabo_10",-36.562,-79.372,0,0,0,0,0,0,"",0,0,0,0,0,0,0,0,0,0
35,3,1,0,0,0,0,1,0,0,0,255,255,255,20,2189.394,"눈꽃",R,27,94,140,1.492,1.577,0.104,2.026,-36.599,4,0,103.198,-110.112,16.619,0,0,1,0,5,R,"CVPileMaki",169.6,94,0.399,0,119,0,0,0,0,0,0,0,0,0,0,0,0,0,0,0,0,0.474,-37.356,0,"encounter v",-0.07,-16.972,0,"_이누_",-18.368,-44.567,0,"아침땅_",-14.937,-63.618,0,"Slaris",18.309,-49.747,0,"coder_",11.469,-65.926,0,"소솨소솨",36.07,-83.559,0,"ke ro",-0.942,-102.726,0,"Sabo_10",-40.834,-88.979,0,0,0,0,0,0,"",0,0,0,0,0,0,0,0,0,0
36,3,1,0,0,0,1,1,0,0,0,255,255,255,21,2208.282,"눈꽃",R,0,77,129,-0.846,0.256,-0.092,1.857,-36.423,2,0,0,0,19.667,0,0,1,0,5,R,"CVPileMaki",169.6,94,0.399,3,119,2209.337,195,15,125,91,39,150,126,-30,45.313,0.51,0.045,0.001,0.13,0,0.203,0.222,-36.826,0,"encounter v",-0.691,-17.155,0,"_이누_",-18.687,-46.284,0,"아침땅_",-14.879,-63.685,0,"Slaris",18.766,-49.795,0,"coder_",10.962,-65.946,0,"소솨소솨",36.127,-83.534,0,"ke ro",-0.945,-102.809,0,"Sabo_10",-42.051,-87.659,0,2209.073,-1.589,-18.81,0,0,"",0,0,0,0,0,0,0,0,0,0
37,3,1,0,0,0,2,1,0,0,0,255,255,255,22,2233.578,"눈꽃",R,34,92,140,-0.297,1.028,0.002,1.968,-36.643,0,0,50.655,-31.185,8.65,0,0,0,0,5,R,"CVPileMaki",169.6,94,0.399,0,119,0,0,0,0,0,0,0,0,0,0,0,0,0,0,0,0,0.302,-37.249,0,"encounter v",-0.067,-16.896,0,"_이누_",-21.501,-48.332,0,"아침땅_",-14.839,-63.668,0,"Slaris",19.386,-48.707,0,"coder_",11.605,-65.778,0,"소솨소솨",34.252,-81.836,0,"ke ro",-0.036,-100.113,0,"Sabo_10",-41.139,-82.276,0,0,0,0,0,0,"",0,0,0,0,0,0,0,0,0,0
38,3,1,0,0,0,0,2,0,0,0,255,255,255,23,2256.585,"눈꽃",R,0,83,136,1.509,-0.637,0.237,1.703,-36.592,1,0,0,0,7.777,0,0,0,1,2,L,"Kr_Luna",190,95.367,0.505,0,119,0,0,0,0,0,0,0,0,0,0,0,0,0,0,0,0,0.173,-37.701,0,"encounter v",-0.072,-16.929,0,"_이누_",-19.386,-50.748,0,"아침땅_",-12.155,-65.351,0,"Slaris",22.394,-52.536,0,"coder_",12.833,-68.701,0,"소솨소솨",48.4,-91.885,0,"ke ro",9.623,-112.538,0,"Sabo_10",-31.587,-91.755,0,0,0,0,0,0,"",0,0,0,0,0,0,0,0,0,0
39,3,1,0,0,1,0,2,0,0,0,255,255,255,24,2270.836,"눈꽃",R,33,79,131,-1.73,0.298,-0.085,1.887,-36.64,1,0,114.716,-52.281,21.129,0,0,0,1,2,L,"Kr_Luna",190,95.367,0.505,0,119,0,0,0,0,0,0,0,0,0,0,0,0,0,0,0,0,0.257,-37.663,0,"encounter v",-0.053,-16.906,0,"_이누_",-20.136,-50.075,0,"아침땅_",-12.165,-65.36,0,"Slaris",22.401,-52.511,0,"coder_",13.505,-69.135,0,"소솨소솨",49.92,-91.211,0,"ke ro",9.72,-112.546,0,"Sabo_10",-32.209,-90.303,0,0,0,0,0,0,"",0,0,0,0,0,0,0,0,0,0
40,3,1,0,0,2,0,2,0,0,0,255,255,255,25,2286.671,"눈꽃",R,28,84,137,-16.852,0.959,-0.115,1.874,-36.558,2,0,67.563,-94.348,13.596,0,0,1,1,2,L,"Kr_Luna",190,95.367,0.505,2,119,2287.409,163,14,165,83,53,150,118,-15.019,-39.203,0.13,0.03,-0.036,0.29,0,0.133,0.046,-36.983,0,"encounter v",-0.134,-17.113,0,"_이누_",-19.853,-49.464,90,"아침땅_",-12.152,-65.326,0,"Slaris",22.35,-52.392,111,"coder_",9.054,-66.892,0,"소솨소솨",49.945,-91.167,0,"ke ro",9.795,-111.819,0,"Sabo_10",-32.964,-92.42,0,2287.26,3.102,-23.709,2288.753,4,"Slaris",24.225,-48.694,0,0,0,0,0,0,0,2
41,3,0,0,0,0,0,0,0,0,0,255,255,255,14,2339.063,"HANA_ARASHI",R,26,81,133,1.212,-0.855,0.128,1.504,-36.395,2,0,-84.67,-177.692,0,0,0,1,7,7,R,"ke ro",164.6,85.04,0.421,2,118,2339.969,124,12,72,64,43,140,80,104.818,-47.289,-0.74,-0.055,-0.106,0.18,0,0.381,0.042,-37.035,0,"_Chun",0.189,-17.267,0,"Kr_Luna",-20.483,-51.791,0,"오띵__",-10.702,-66.354,0,"なおｐ--",21.842,-47.759,0,"CVPileMaki",8.4,-66.493,0,"tsubasa_jp",35.813,-78.248,0,"_AKASATA_",-0.784,-106.657,0,"M_lunatic",-39.361,-92.723,0,0,0,0,0,0,"",0,0,0,0,0,0,0,0,0,3
42,3,0,0,0,0,1,0,0,0,0,255,255,255,15,2365.267,"HANA_ARASHI",R,13,76,103,-4.211,-2.112,-0.259,1.573,-36.328,4,0,-365.589,312.348,0,-0.874,-19.1,1,7,7,R,"ke ro",164.6,85.04,0.421,0,117,0,0,0,0,0,0,0,0,0,0,0,0,0,0,0,0,-0.492,-37.514,0,"_Chun",-0.498,-17.396,0,"Kr_Luna",-20.558,-44.236,0,"오띵__",-10.845,-66.227,0,"なおｐ--",19.691,-45.712,0,"CVPileMaki",7.101,-66.755,0,"tsubasa_jp",33.062,-79.933,0,"_AKASATA_",-0.415,-107.955,0,"M_lunatic",-35.486,-93.909,0,0,0,0,0,0,"",0,0,0,0,0,0,0,0,0,0
43,3,0,0,0,0,2,0,0,0,0,255,255,255,16,2381.579,"HANA_ARASHI",R,0,78,129,-2.905,0.102,-0.196,1.649,-36.361,1,0,0,0,0,0,0,0,7,7,R,"ke ro",164.6,85.04,0.421,0,117,0,0,0,0,0,0,0,0,0,0,0,0,0,0,0,0,-0.351,-37.441,0,"_Chun",-0.53,-17.109,0,"Kr_Luna",-21.424,-47.591,0,"오띵__",-10.882,-66.216,0,"なおｐ--",20.467,-46.501,0,"CVPileMaki",7.523,-66.635,0,"tsubasa_jp",28.156,-84.299,0,"_AKASATA_",-2.504,-108.393,0,"M_lunatic",-38.142,-95.645,0,0,0,0,0,0,"",0,0,0,0,0,0,0,0,0,0
44,3,0,0,0,1,2,0,0,0,0,255,255,255,17,2396.22,"HANA_ARASHI",R,0,80,132,1.299,0.696,0.121,1.735,-36.32,2,0,0,0,0,0,0,1,7,7,R,"ke ro",164.6,85.04,0.421,2,117,2397.17,143,6,94,49,18,145,82,113.892,63.929,-0.8,-0.042,-0.041,0.134,0,0.207,0.19,-36.698,0,"_Chun",0.209,-17.264,0,"Kr_Luna",-21.028,-48.344,0,"오띵__",-10.772,-66.235,0,"なおｐ--",20.458,-46.507,0,"CVPileMaki",7.619,-66.821,0,"tsubasa_jp",28.157,-84.344,0,"_AKASATA_",-2.58,-107.487,0,"M_lunatic",-37.103,-95.002,0,0,0,0,0,0,"",0,0,0,0,0,0,0,0,0,3
45,3,0,0,0,1,2,0,0,0,0,255,255,255,18,2418.108,"HANA_ARASHI",R,27,76,128,1.143,0.614,0.123,1.69,-36.341,2,0,-51.732,-118.815,0,0,0,1,7,7,R,"ke ro",164.6,85.04,0.421,2,117,2419.046,127,4,69,46,21,139,78,23.444,3.982,-0.85,-0.018,-0.037,0,0,0.252,-0.025,-36.961,0,"_Chun",0.285,-17.285,0,"Kr_Luna",-22.447,-52.209,0,"오띵__",-10.488,-66.296,0,"なおｐ--",21.258,-47.415,0,"CVPileMaki",7.256,-66.799,98,"tsubasa_jp",27.37,-83.947,0,"_AKASATA_",-1.391,-105.101,0,"M_lunatic",-40.574,-97.849,0,2422.795,-4.04,-80.414,2422.92,5,"CVPileMaki",-3.813,-77.174,0,0,0,0,0,0,0,1
46,3,0,0,0,0,0,1,0,0,0,255,255,255,19,2446.835,"HANA_ARASHI",R,26,81,133,0.381,1.666,0.052,1.808,-36.416,2,0,-62.692,-200,0,0,0,1,8,6,R,"소솨소솨",160,80,0.2,2,116,2447.656,255,7,83,72,45,150,77,25.914,11.798,0.95,0.03,-0.078,0.066,0,0.385,-0.231,-37.118,0,"_Chun",0.075,-17.208,0,"Kr_Luna",-19.603,-52.594,0,"오띵__",-10.226,-66.504,89,"なおｐ--",20.88,-46.893,0,"CVPileMaki",12.629,-64.712,0,"tsubasa_jp",40.127,-92.09,0,"_AKASATA_",-4.337,-111.832,0,"M_lunatic",-39.573,-89.066,0,2450.968,-16.201,-72.358,2451.107,3,"오띵__",-15.235,-69.399,0,0,0,0,0,0,0,1
47,3,0,0,0,0,0,2,0,0,0,255,255,255,20,2476.133,"HANA_ARASHI",R,10,75,117,-0.121,-0.272,-0.011,1.741,-36.403,2,0,0,400,0,0,0,1,0,5,R,"coder_",163.5,80,0.503,3,116,2477.214,255,8,156,67,37,150,90,113.465,-58.581,0.1,-0.206,-0.059,0.165,0,0.221,-0.206,-37.164,0,"_Chun",0.042,-17.286,0,"Kr_Luna",-17.229,-44.995,0,"오띵__",-10.696,-65.733,0,"なおｐ--",19.298,-45.206,0,"CVPileMaki",11.543,-56.26,0,"tsubasa_jp",39.993,-92.64,0,"_AKASATA_",-5.909,-111.973,0,"M_lunatic",-39.301,-85.882,0,0,0,0,0,0,"",0,0,0,0,0,0,0,0,0,3
48,3,0,0,0,0,1,2,0,0,0,255,255,255,21,2492.629,"HANA_ARASHI",R,13,63,107,-2.539,-1.462,0.007,1.761,-36.325,4,0,-363.517,332.178,0,0,0,1,0,5,R,"coder_",163.5,80,0.503,0,57,0,0,0,0,0,0,0,0,0,0,0,0,0,0,0,0,-0.509,-37.302,0,"_Chun",0.084,-17.107,0,"Kr_Luna",-19.881,-48.648,0,"오띵__",-10.943,-66.037,0,"なおｐ--",19.703,-45.962,0,"CVPileMaki",12.177,-59.985,0,"tsubasa_jp",41.244,-93.866,0,"_AKASATA_",-10.306,-112.394,0,"M_lunatic",-41.003,-87.92,0,0,0,0,0,0,"",0,0,0,0,0,0,0,0,0,0
49,3,0,0,0,0,2,2,0,0,0,255,255,255,22,2507.405,"HANA_ARASHI",R,26,72,125,-3.468,2.137,-0.169,1.886,-36.371,2,0,-165.154,-200,0,0,0,1,0,5,R,"coder_",163.5,80,0.503,3,57,2508.525,255,7,121,100,20,150,106,25.227,27.029,0.68,-0.336,-0.015,0.238,0,0.527,-0.376,-37.047,0,"_Chun",0.072,-17.214,0,"Kr_Luna",-20.279,-50.091,0,"오띵__",-10.918,-66.078,0,"なおｐ--",19.755,-45.91,0,"CVPileMaki",12.823,-64.532,63,"tsubasa_jp",41.149,-93.885,0,"_AKASATA_",-9.562,-112.628,0,"M_lunatic",-40.541,-88.441,86,2513.01,-57.985,-93.232,2515.343,8,"M_lunatic",-63.971,-99.989,1,0,0,0,0,0,0,2
50,3,0,0,0,0,0,2,0,1,0,255,14,255,23,2602.983,"HANA_ARASHI",R,26,75,127,-1.677,0.322,0.023,1.692,-36.417,2,0,-89.074,-200,0,0,0,1,1,1,L,"encounter v",190,90,0.547,3,115,2604.071,245,15,127,109,61,150,89,43.558,14.02,-0.86,0.025,-0.098,0.228,0,0.654,-0.127,-37.075,0,"_Chun",-0.166,-17.227,0,"Kr_Luna",-20.448,-54.474,0,"오띵__",-5.708,-64.545,0,"なおｐ--",19.834,-45.968,0,"CVPileMaki",14.41,-63.81,69,"tsubasa_jp",47.512,-84.838,0,"_AKASATA_",7.556,-107.526,0,"M_lunatic",-40.047,-99.879,95,2609.142,-18.605,-81.032,2611.614,8,"M_lunatic",-22.374,-93.007,1,0,0,0,0,0,0,2
51,3,0,0,1,0,0,2,1,0,0,10,255,255,24,2637.378,"HANA_ARASHI",R,26,75,127,-4.668,1.081,-0.252,1.878,-36.506,1,0,-8.095,-200,0,-1.729,-16.717,0,2,4,R,"Slaris",190,86.36,0.452,0,115,0,0,0,0,0,0,0,0,0,0,0,0,0,0,0,0,-0.372,-37.729,0,"_Chun",-1.424,-16.57,0,"Kr_Luna",-20.248,-44.776,0,"오띵__",-12.732,-65.071,0,"なおｐ--",21.386,-47.507,0,"CVPileMaki",5.133,-65.387,0,"tsubasa_jp",42.802,-89.611,0,"_AKASATA_",-1.467,-111.633,0,"M_lunatic",-41.794,-90.165,0,0,0,0,0,0,"",0,0,0,0,0,0,0,0,0,0
52,3,0,0,1,1,0,2,1,0,0,10,255,255,25,2657.395,"HANA_ARASHI",R,26,81,133,1.721,0.918,0.253,1.759,-36.426,2,0,-89.782,-200,0,0,0,1,2,4,R,"Slaris",190,86.36,0.452,3,115,2658.366,147,11,80,55,39,144,121,28.247,27.158,0.22,-0.044,-0.025,0.279,0,0.349,0.225,-36.852,0,"_Chun",0.212,-17.085,0,"Kr_Luna",-19.101,-46.157,0,"오띵__",-12.709,-65.103,0,"なおｐ--",21.391,-47.515,0,"CVPileMaki",8.296,-66.625,103,"tsubasa_jp",43.574,-92.984,0,"_AKASATA_",-2.111,-113.64,0,"M_lunatic",-40.72,-89.475,88,2662.017,-35.838,-107.877,2664.85,8,"M_lunatic",-36.81,-118.517,1,0,0,0,0,0,0,2
53,3,0,0,2,0,0,2,0,1,0,255,13,255,26,2766.024,"HANA_ARASHI",R,26,80,132,2.82,0.248,0.297,1.629,-36.409,1,0,-113.696,-200,0,0,0,0,3,0,L,"눈꽃",190,85,0.496,0,91,0,0,0,0,0,0,0,0,0,0,0,0,0,0,0,0,-0.188,-37.132,0,"_Chun",0.416,-17.22,0,"Kr_Luna",-20.808,-56.554,0,"오띵__",-5.874,-67.161,0,"なおｐ--",21.414,-44.681,0,"CVPileMaki",13.587,-64.221,0,"tsubasa_jp",42.322,-92.707,0,"_AKASATA_",-4.01,-117.283,0,"M_lunatic",-39.611,-95.179,0,0,0,0,0,0,"",0,0,0,0,0,0,0,0,0,0
54,3,0,0,2,1,0,2,0,1,0,255,13,255,27,2785.514,"HANA_ARASHI",R,10,67,99,2.087,-1.357,0.245,1.713,-36.369,1,0,69.077,400,0,0.428,-18.021,0,3,0,L,"눈꽃",190,85,0.496,0,91,0,0,0,0,0,0,0,0,0,0,0,0,0,0,0,0,0.077,-37.409,0,"_Chun",0.429,-17.172,0,"Kr_Luna",-20.61,-51.729,0,"오띵__",-7.39,-66.139,0,"なおｐ--",20.911,-45.125,0,"CVPileMaki",13.985,-64.148,0,"tsubasa_jp",42.294,-92.703,0,"_AKASATA_",-4.103,-117.333,0,"M_lunatic",-39.548,-95.315,0,0,0,0,0,0,"",0,0,0,0,0,0,0,0,0,0
55,3,0,0,2,2,0,2,0,1,0,255,13,255,28,2800.763,"HANA_ARASHI",R,14,67,97,2.602,-1.53,0.162,1.644,-36.255,1,0,300.262,366.138,0,0.596,-18.411,0,3,0,L,"눈꽃",190,85,0.496,0,91,0,0,0,0,0,0,0,0,0,0,0,0,0,0,0,0,-0.294,-37.483,0,"_Chun",0.257,-17.167,0,"Kr_Luna",-22.631,-52.846,0,"오띵__",-7.509,-64.997,0,"なおｐ--",20.47,-42.422,0,"CVPileMaki",14.2,-64.097,0,"tsubasa_jp",42.455,-92.834,0,"_AKASATA_",-3.008,-115.373,0,"M_lunatic",-39.539,-95.319,0,0,0,0,0,0,"",0,0,0,0,0,0,0,0,0,0
56,3,0,0,2,3,0,2,0,1,0,255,13,255,29,2819.713,"HANA_ARASHI",R,0,83,135,-1.571,-0.728,-0.146,1.496,-36.322,1,0,0,0,0,0,0,0,3,0,L,"눈꽃",190,85,0.496,0,91,0,0,0,0,0,0,0,0,0,0,0,0,0,0,0,0,-0.171,-36.981,0,"_Chun",-0.165,-17.166,0,"Kr_Luna",-21.461,-47.382,0,"오띵__",-6.792,-64.405,0,"なおｐ--",20.957,-45.807,0,"CVPileMaki",14.152,-64.126,0,"tsubasa_jp",42.296,-92.706,0,"_AKASATA_",-3.21,-116.059,0,"M_lunatic",-40.371,-95.976,0,0,0,0,0,0,"",0,0,0,0,0,0,0,0,0,5
57,3,0,0,2,0,0,2,1,1,0,9,13,255,30,2847.096,"HANA_ARASHI",R,13,82,122,-0.601,-0.93,0.037,1.603,-36.438,0,0,-272.82,400,0,0,0,1,4,8,L,"Sabo_10",184.6,90,0.602,0,113,0,0,0,0,0,0,0,0,0,0,0,0,0,0,0,0,-0.033,-37.062,0,"_Chun",0.172,-17.17,0,"Kr_Luna",-20.925,-44.305,0,"오띵__",-5.038,-64.857,0,"なおｐ--",21.304,-45.666,0,"CVPileMaki",15.175,-63.249,0,"tsubasa_jp",40.455,-96.201,0,"_AKASATA_",-6.302,-115.109,0,"M_lunatic",-37.177,-103.768,0,0,0,0,0,0,"",0,0,0,0,0,0,0,0,0,0
58,3,0,0,2,0,1,2,1,1,0,9,13,255,31,2863.821,"HANA_ARASHI",R,0,83,135,-1.884,-0.197,-0.159,1.601,-36.345,2,0,0,0,0,0,0,1,4,8,L,"Sabo_10",184.6,90,0.602,3,113,2864.804,185,12,121,73,26,150,105,62.956,-60.34,-0.02,0.047,-0.082,0.234,0,0.446,-0.221,-36.973,0,"_Chun",-0.309,-17.295,0,"Kr_Luna",-20.147,-48.902,0,"오띵__",-4.483,-64.708,0,"なおｐ--",20.343,-45.599,0,"CVPileMaki",15.4,-63.485,0,"tsubasa_jp",40.089,-94.185,0,"_AKASATA_",-5.186,-112.706,0,"M_lunatic",-37.758,-101.992,0,0,0,0,0,0,"",0,0,0,0,0,0,0,0,0,3
59,3,0,0,2,0,2,2,1,1,0,9,13,255,32,2886.768,"HANA_ARASHI",R,26,75,127,-0.711,2.421,-0.049,2.02,-36.485,4,0,-51.398,-200,0,0,0,1,4,8,L,"Sabo_10",184.6,90,0.602,0,85,0,0,0,0,0,0,0,0,0,0,0,0,0,0,0,0,-0.301,-37.548,0,"_Chun",-0.171,-17.324,0,"Kr_Luna",-21.058,-48.454,0,"오띵__",-8.1,-66.297,0,"なおｐ--",20.522,-43.392,0,"CVPileMaki",14.898,-63.157,0,"tsubasa_jp",38.281,-94.63,0,"_AKASATA_",1.011,-112.203,0,"M_lunatic",-35.022,-106.267,0,0,0,0,0,0,"",0,0,0,0,0,0,0,0,0,0
60,4,1,0,2,0,0,0,0,0,0,255,255,255,26,2940.437,"눈꽃",R,33,81,133,0.037,0.757,0.052,1.955,-36.629,0,0,136.34,-134.395,21.21,0,0,0,2,1,L,"_Chun",190,80,0.455,0,112,0,0,0,0,0,0,0,0,0,0,0,0,0,0,0,0,0.223,-37.448,0,"encounter v",-0.027,-16.925,0,"_이누_",-20.538,-47.478,0,"아침땅_",-12.003,-65.266,0,"Slaris",23.25,-51.431,0,"coder_",14.005,-68.01,0,"소솨소솨",49.686,-89.419,0,"ke ro",18.445,-110.565,0,"Sabo_10",-32.312,-84.385,0,0,0,0,0,0,"",0,0,0,0,0,0,0,0,0,0
61,4,1,0,2,0,1,0,0,0,0,255,255,255,27,2954.955,"눈꽃",R,6,65,111,4.333,-1.064,0.231,1.616,-36.464,1,0,373.944,0,5.442,0,0,0,2,1,L,"_Chun",190,80,0.455,0,112,0,0,0,0,0,0,0,0,0,0,0,0,0,0,0,0,0.306,-37.503,0,"encounter v",0.148,-17.016,0,"_이누_",-19.445,-49.767,0,"아침땅_",-11.401,-65.481,0,"Slaris",23.237,-52.005,0,"coder_",12.747,-67.198,0,"소솨소솨",51.422,-90.818,0,"ke ro",18.445,-110.57,0,"Sabo_10",-31.848,-86.314,0,0,0,0,0,0,"",0,0,0,0,0,0,0,0,0,0
62,4,1,0,2,1,1,0,0,0,0,255,255,255,28,2972.924,"눈꽃",R,0,70,124,-1.624,0.509,-0.158,1.911,-36.598,2,0,28.651,-45.881,14.56,0,0,1,2,1,L,"_Chun",190,80,0.455,3,112,2973.889,255,13,114,67,37,150,123,-4.64,27.266,0.48,-0.131,0,0.167,0,0.226,-0.159,-37.165,0,"encounter v",-0.089,-17.082,0,"_이누_",-18.968,-48.814,73,"아침땅_",-11.972,-65.322,0,"Slaris",22.069,-51.836,105,"coder_",10.627,-66.992,0,"소솨소솨",51.417,-90.855,0,"ke ro",16.161,-111.011,0,"Sabo_10",-32.037,-86.076,99,2973.864,-5.339,-30.459,2976.142,8,"Sabo_10",-25.918,-77.07,0,0,0,0,0,0,0,2
63,4,1,0,2,0,0,1,0,0,0,255,255,255,29,3002.599,"눈꽃",R,28,79,129,2.462,-0.084,0.028,1.731,-36.431,2,0,41.178,-61.014,22.897,0,0,0,3,4,R,"なおｐ--",190,90.37,0.445,3,112,3003.703,82,19,36,49,38,90,73,-30,17.327,0.92,-0.061,-0.055,0.034,0,0.466,0.356,-37.11,0,"encounter v",0.052,-17.181,0,"_이누_",-21.534,-49.218,86,"아침땅_",-15.067,-63.424,0,"Slaris",21.015,-50.677,0,"coder_",9.942,-66.006,0,"소솨소솨",29.479,-82.302,0,"ke ro",-11.024,-116.764,0,"Sabo_10",-49.083,-100.196,0,3003.392,0.05,-20.602,3004.718,0,"눈꽃",-2.546,-36.867,0,0,0,0,0,0,0,2
64,4,1,0,2,0,0,2,0,0,0,255,255,255,30,3029.874,"눈꽃",R,34,85,139,0.423,0.773,0.052,1.965,-36.599,0,0,67.478,-61.144,18.097,0,0,0,4,0,R,"HANA_ARASHI",190,85.084,0.253,0,111,0,0,0,0,0,0,0,0,0,0,0,0,0,0,0,0,0.297,-37.533,0,"encounter v",-0.14,-17.019,0,"_이누_",-21.667,-45.8,0,"아침땅_",-15.039,-63.773,0,"Slaris",20.615,-50.406,0,"coder_",11.355,-69.718,0,"소솨소솨",43.338,-89.502,0,"ke ro",-6.651,-106.745,0,"Sabo_10",-40.818,-93.457,0,0,0,0,0,0,"",0,0,0,0,0,0,0,0,0,0
65,4,1,0,2,0,1,2,0,0,0,255,255,255,31,3041.795,"눈꽃",R,34,88,140,0.341,1.281,0.062,2.045,-36.624,1,0,79.266,-66.537,11.457,0,0,0,4,0,R,"HANA_ARASHI",190,85.084,0.253,0,111,0,0,0,0,0,0,0,0,0,0,0,0,0,0,0,0,0.183,-37.446,0,"encounter v",-0.079,-16.968,0,"_이누_",-20.552,-46.987,0,"아침땅_",-15.035,-63.767,0,"Slaris",20.846,-50.233,0,"coder_",10.757,-70.365,0,"소솨소솨",43.38,-86.888,0,"ke ro",-6.604,-106.792,0,"Sabo_10",-39.029,-91.623,0,0,0,0,0,0,"",0,0,0,0,0,0,0,0,0,0
66,4,1,0,2,1,1,2,0,0,0,255,255,255,32,3054.707,"눈꽃",R,0,90,140,0.847,-0.476,-0.007,1.731,-36.478,0,0,46.48,-41.651,9.515,0,0,0,4,0,R,"HANA_ARASHI",190,85.084,0.253,0,111,0,0,0,0,0,0,0,0,0,0,0,0,0,0,0,0,0.218,-37.516,0,"encounter v",-0.094,-17.343,0,"_이누_",-20.092,-45.841,0,"아침땅_",-15.11,-63.507,0,"Slaris",20.265,-50.717,0,"coder_",10.246,-69.516,0,"소솨소솨",43.42,-86.873,0,"ke ro",-6.133,-106.965,0,"Sabo_10",-37.792,-88.802,0,0,0,0,0,0,"",0,0,0,0,0,0,0,0,0,0
67,4,1,0,2,1,2,2,0,0,0,255,255,255,33,3070.563,"눈꽃",R,13,66,109,-4.36,-0.983,-0.097,1.649,-36.421,2,0,-386.885,312.348,6.185,0,0,1,4,0,R,"HANA_ARASHI",190,85.084,0.253,3,111,3071.698,239,15,138,103,0,150,130,5.837,32.815,0.57,-0.043,-0.085,0.171,0,0.425,0.003,-37.231,0,"encounter v",-0.5,-17.282,0,"_이누_",-19.718,-47.066,0,"아침땅_",-15.268,-62.813,0,"Slaris",20.741,-50.272,0,"coder_",10.491,-66.55,0,"소솨소솨",43.432,-86.863,0,"ke ro",-5.275,-106.986,0,"Sabo_10",-38.37,-88.231,105,3073.198,-36.173,-65.459,3077.468,8,"Sabo_10",-59.084,-91.132,1,16,0,0,0,0,0,2
68,4,0,0,2,0,0,0,0,0,0,255,255,255,33,3134.628,"HANA_ARASHI",R,14,75,114,2.331,-1.974,0.083,1.54,-36.282,2,0,369.148,337.239,0,0,0,1,5,2,R,"_이누_",190,90.187,0.45,3,111,3135.825,255,27,141,76,48,150,129,-30,-37.538,0.33,-0.039,-0.114,0.094,0,0.348,0.072,-36.781,0,"_Chun",0.051,-17.187,0,"Kr_Luna",-21.155,-50.462,90,"오띵__",-11.096,-66.041,0,"なおｐ--",21.17,-46.808,119,"CVPileMaki",10.155,-65.803,0,"tsubasa_jp",42.161,-90.536,0,"_AKASATA_",-0.005,-104.694,0,"M_lunatic",-43.603,-90.838,0,3135.475,0.663,-20.332,3136.85,4,"なおｐ--",20.223,-45.718,0,0,0,0,0,0,0,2
69,4,0,0,2,0,0,1,0,0,0,255,255,255,34,3203.208,"HANA_ARASHI",R,14,68,110,1.527,-0.143,0.007,1.755,-36.36,2,0,352.895,354.211,0,0,0,1,6,3,R,"아침땅_",160,94.757,0.5,2,110,3204.289,153,11,122,102,69,150,90,-64.304,-62.559,-0.24,0.004,-0.03,0.061,0.048,0.442,0.078,-36.748,0,"_Chun",0.069,-17.172,0,"Kr_Luna",-20.553,-49.095,0,"오띵__",-10.865,-66.147,0,"なおｐ--",21.04,-47.56,0,"CVPileMaki",10.487,-65.553,0,"tsubasa_jp",38.529,-94.493,0,"_AKASATA_",3.863,-115.707,0,"M_lunatic",-38.44,-90.085,0,3203.975,0.934,-20.041,0,0,"",0,0,0,0,0,0,0,0,0,3
70,4,0,0,2,0,1,1,0,0,0,255,255,255,35,3228.536,"HANA_ARASHI",R,13,76,103,-3.168,-1.668,-0.131,1.708,-36.32,1,0,-338.765,345.123,0,0,0,0,6,3,R,"아침땅_",160,94.757,0.5,0,110,0,0,0,0,0,0,0,0,0,0,0,0,0,0,0,0,-0.076,-37.372,0,"_Chun",-0.259,-17.165,0,"Kr_Luna",-20.25,-49.977,0,"오띵__",-10.869,-66.08,0,"なおｐ--",21.297,-47.056,0,"CVPileMaki",13.919,-64.243,0,"tsubasa_jp",36.831,-94.429,0,"_AKASATA_",6.611,-113.163,0,"M_lunatic",-41.457,-92.301,0,0,0,0,0,0,"",0,0,0,0,0,0,0,0,0,0
71,4,0,0,2,1,1,1,0,0,0,255,255,255,36,3243.547,"HANA_ARASHI",R,26,82,134,1.294,-0.052,0.15,1.573,-36.349,0,0,-100.839,-200,0,0,0,0,6,3,R,"아침땅_",160,94.757,0.5,0,110,0,0,0,0,0,0,0,0,0,0,0,0,0,0,0,0,0.23,-36.809,0,"_Chun",0.165,-17.163,0,"Kr_Luna",-20.18,-49.607,0,"오띵__",-10.277,-66.218,0,"なおｐ--",21.177,-47.216,0,"CVPileMaki",14.45,-64.11,0,"tsubasa_jp",36.75,-94.337,0,"_AKASATA_",6.708,-113.212,0,"M_lunatic",-40.587,-93.025,0,0,0,0,0,0,"",0,0,0,0,0,0,0,0,0,0
72,4,0,0,2,1,2,1,0,0,0,255,255,255,37,3260.223,"HANA_ARASHI",R,26,88,140,0.74,1.385,0.085,1.773,-36.355,4,0,-57.69,-200,0,0,0,1,6,3,R,"아침땅_",160,94.757,0.5,0,110,0,0,0,0,0,0,0,0,0,0,0,0,0,0,0,0,-0.207,-37.283,0,"_Chun",0.138,-17.135,0,"Kr_Luna",-20.347,-49.673,0,"오띵__",-10.614,-66.176,0,"なおｐ--",21.278,-47.494,0,"CVPileMaki",14.607,-64.115,0,"tsubasa_jp",39.525,-94.101,0,"_AKASATA_",6.736,-113.151,0,"M_lunatic",-41.519,-93.627,0,0,0,0,0,0,"",0,0,0,0,0,0,0,0,0,0
73,4,0,0,2,0,0,2,0,0,0,255,255,255,38,3282.512,"HANA_ARASHI",R,13,67,109,-4.917,-1.833,-0.216,1.503,-36.286,4,0,-368.046,334.731,0,0,0,1,7,7,R,"ke ro",164.6,82.918,0.312,0,110,0,0,0,0,0,0,0,0,0,0,0,0,0,0,0,0,-0.146,-36.905,0,"_Chun",-0.357,-17.049,0,"Kr_Luna",-20.891,-48.013,0,"오띵__",-10.633,-66.185,0,"なおｐ--",21.532,-47.881,0,"CVPileMaki",5.932,-66.86,0,"tsubasa_jp",29.56,-86.924,0,"_AKASATA_",-0.294,-105.891,0,"M_lunatic",-40.694,-92.921,0,0,0,0,0,0,"",0,0,0,0,0,0,0,0,0,0
74,4,0,0,2,0,1,2,0,0,0,255,255,255,39,3297.824,"HANA_ARASHI",R,26,81,133,0.974,1.381,0.117,1.78,-36.403,2,0,-87.784,-200,0,0,0,1,7,7,R,"ke ro",164.6,82.918,0.312,2,110,3298.905,127,4,91,49,20,140,81,108.129,-8.223,-0.68,-0.011,-0.037,0.106,0,0.244,-0.102,-36.99,0,"_Chun",0.167,-17.144,0,"Kr_Luna",-21.374,-49.236,0,"오띵__",-10.543,-66.255,0,"なおｐ--",21.283,-47.636,0,"CVPileMaki",6.004,-66.835,0,"tsubasa_jp",29.666,-87.206,0,"_AKASATA_",-2.578,-107.547,0,"M_lunatic",-41.193,-92.39,0,0,0,0,0,0,"",0,0,0,0,0,0,0,0,0,3
75,4,0,0,2,0,2,2,0,0,0,255,255,255,40,3317.883,"HANA_ARASHI",R,13,68,97,0.79,-0.256,0.328,1.814,-36.409,2,0,-322.62,340.806,0,0,0,1,7,7,R,"ke ro",164.6,82.918,0.312,2,110,3318.99,237,6,76,58,81,148,125,27.611,46.458,0.41,-0.018,-0.053,0.291,0,0.404,-0.026,-36.724,0,"_Chun",0.152,-17.261,0,"Kr_Luna",-20.424,-50.761,0,"오띵__",-10.775,-66.214,0,"なおｐ--",22.103,-48.068,0,"CVPileMaki",6.616,-66.731,0,"tsubasa_jp",30.726,-87.276,0,"_AKASATA_",-2.398,-106.713,0,"M_lunatic",-39.57,-91.804,0,3325.607,-72.016,-125.148,0,0,"",0,0,0,0,0,0,0,0,0,4
76,4,0,0,3,0,0,2,0,0,0,255,255,255,41,3357.588,"HANA_ARASHI",R,13,72,114,-0.385,0.777,0.027,1.891,-36.497,2,0,-168.267,400,0,0,0,1,8,6,R,"소솨소솨",160,80,0.2,2,109,3358.486,223,14,79,114,74,150,123,23.994,12.295,0.42,0.045,-0.039,0.05,0,0.535,-0.192,-36.72,0,"_Chun",0.141,-17.285,0,"Kr_Luna",-19.441,-49.347,0,"오띵__",-11.314,-65.968,0,"なおｐ--",21.827,-47.731,0,"CVPileMaki",11.09,-65.046,56,"tsubasa_jp",38.867,-94.759,0,"_AKASATA_",-1.245,-106.883,87,"M_lunatic",-40.502,-90.919,0,3363.378,-30.246,-128.448,3365.552,7,"_AKASATA_",-25.723,-123.637,1,0,0,0,0,0,0,2
77,4,0,0,3,0,0,2,0,1,0,255,15,255,42,3391.299,"HANA_ARASHI",R,14,75,114,1.714,-1.08,0.029,1.803,-36.326,2,0,362.179,344.712,0,0,0,1,0,5,R,"coder_",163.5,80,0.503,3,109,3392.444,230,10,146,111,30,150,78,-0.871,-2.386,-0.41,-0.239,-0.081,0.224,0,0.262,0.012,-35.77,0,"_Chun",0.032,-17.232,0,"Kr_Luna",-17.351,-45.168,0,"오띵__",-10.638,-61.668,100,"なおｐ--",21.612,-47.597,0,"CVPileMaki",7.672,-66.387,0,"tsubasa_jp",39.76,-90.679,0,"_AKASATA_",-0.3,-112.342,95,"M_lunatic",-43.427,-97.234,0,3392.538,0.411,-29.282,3398.128,7,"_AKASATA_",5.518,-91.456,1,0,0,0,0,0,0,2
78,4,0,0,4,0,0,2,1,1,0,14,255,255,43,3420.223,"HANA_ARASHI",R,26,79,130,-2.698,-0.778,-0.227,1.626,-36.332,2,0,-81.062,-200,0,0,0,0,1,1,L,"encounter v",190,90,0.547,3,109,3421.331,255,11,214,57,74,150,90,13.604,21.631,-0.84,0.008,-0.104,0.249,0,0.676,-0.594,-37.119,0,"_Chun",-0.33,-17.351,0,"Kr_Luna",-19.463,-47.088,0,"오띵__",-7.801,-65.953,0,"なおｐ--",22.573,-48.837,0,"CVPileMaki",15.178,-63.513,0,"tsubasa_jp",46.201,-84.906,0,"_AKASATA_",2.055,-112.197,0,"M_lunatic",-36.679,-91.653,89,3424.406,-29.238,-79.188,3424.649,8,"M_lunatic",-28.325,-77.582,0,0,0,0,0,0,0,1
79,5,1,0,4,0,0,0,0,0,0,255,255,255,34,3475.775,"눈꽃",R,0,90,140,0.882,0.614,0.096,1.91,-36.592,0,0,46.398,-40.505,5.519,0,0,1,5,3,R,"오띵__",166.9,80,0.402,0,109,0,0,0,0,0,0,0,0,0,0,0,0,0,0,0,0,0.179,-37.717,0,"encounter v",-0.019,-16.976,0,"_이누_",-20.94,-45.313,0,"아침땅_",-14.871,-63.79,0,"Slaris",20.619,-50.369,0,"coder_",10.53,-66.172,0,"소솨소솨",33.952,-81.015,0,"ke ro",-3.04,-106.1,0,"Sabo_10",-38.492,-81.505,0,0,0,0,0,0,"",0,0,0,0,0,0,0,0,0,0
80,5,1,0,4,0,1,0,0,0,0,255,255,255,35,3490.845,"눈꽃",R,0,81,133,1.097,1.396,0.126,2.039,-36.656,2,0,-14.472,-43.137,10.178,0,0,1,5,3,R,"오띵__",166.9,80,0.402,3,109,3491.841,228,12,115,22,13,150,107,26.868,36.615,0.14,0.068,0.018,0.125,0,0.262,0.226,-37.202,0,"encounter v",0.045,-17.04,0,"_이누_",-20.101,-46.947,0,"아침땅_",-14.856,-63.786,0,"Slaris",20.566,-50.256,0,"coder_",10.581,-66.205,0,"소솨소솨",33.96,-80.989,0,"ke ro",-3.029,-105.822,0,"Sabo_10",-41.552,-85.289,0,3496.434,-68.631,-83.771,0,0,"",0,0,0,0,0,0,0,0,0,3
81,5,1,0,4,0,2,0,0,0,0,255,255,255,36,3515.013,"눈꽃",R,28,78,129,2.652,1.089,0.146,1.975,-36.524,4,0,21.234,-70.4,13.096,-0.234,-19.663,1,5,3,R,"오띵__",166.9,80,0.402,0,78,0,0,0,0,0,0,0,0,0,0,0,0,0,0,0,0,0.364,-37.288,0,"encounter v",-0.297,-18.712,0,"_이누_",-20.803,-46.885,0,"아침땅_",-15.07,-63.609,0,"Slaris",20.426,-50.742,0,"coder_",10.409,-66.185,0,"소솨소솨",31.798,-82.349,0,"ke ro",-10.93,-100.942,0,"Sabo_10",-45.984,-80.63,0,0,0,0,0,0,"",0,0,0,0,0,0,0,0,0,0
82,5,1,0,4,0,0,1,0,0,0,255,255,255,37,3541.313,"눈꽃",R,28,76,128,-1.162,0.668,-0.158,1.888,-36.557,0,0,52.5,-53.823,12.52,0,0,0,6,8,L,"M_lunatic",160,95.162,0.444,0,108,0,0,0,0,0,0,0,0,0,0,0,0,0,0,0,0,0.246,-37.33,0,"encounter v",-0.083,-17.022,0,"_이누_",-15.17,-47.322,0,"아침땅_",-13.015,-64.974,0,"Slaris",20.296,-48.779,0,"coder_",11.674,-64.024,0,"소솨소솨",36.507,-78.492,0,"ke ro",1.593,-95.415,0,"Sabo_10",-35.489,-79.161,0,0,0,0,0,0,"",0,0,0,0,0,0,0,0,0,0
83,5,1,0,4,0,1,1,0,0,0,255,255,255,38,3554.178,"눈꽃",R,0,96,140,-0.89,0.002,-0.111,1.817,-36.563,2,0,28.216,-23.761,4.083,0,0,1,6,8,L,"M_lunatic",160,95.162,0.444,3,108,3555.147,109,20,118,49,30,139,84,-4.229,-30.696,-0.4,0.036,-0.037,0.279,0,0.362,0.144,-37.057,0,"encounter v",-0.033,-17.126,0,"_이누_",-16.613,-49.316,85,"아침땅_",-13.002,-64.987,0,"Slaris",20.143,-48.757,113,"coder_",11.582,-63.937,0,"소솨소솨",36.5,-78.477,0,"ke ro",2.614,-98.457,0,"Sabo_10",-35.745,-80.922,0,3555.198,4.209,-27.287,3556.857,4,"Slaris",15.79,-47.247,0,0,0,0,0,0,0,2
84,5,1,0,4,0,0,2,0,0,0,255,255,255,39,3580.538,"눈꽃",R,28,84,137,4.088,1.802,-0.008,1.857,-36.517,2,0,77.845,-96.534,14.927,0,0,1,7,6,R,"tsubasa_jp",174.6,89.942,0.25,3,49,3581.344,147,14,109,61,37,150,83,21.887,-19.192,-0.93,-0.032,0.005,0.227,0,0.125,0.091,-37.04,0,"encounter v",-0.01,-16.985,0,"_이누_",-20.861,-48.494,0,"아침땅_",-14.815,-63.88,0,"Slaris",20.519,-49.725,0,"coder_",11.615,-65.468,0,"소솨소솨",35.367,-77.312,85,"ke ro",-4.423,-98.815,0,"Sabo_10",-39.064,-81.869,0,3585.288,27.079,-82.014,3585.461,6,"소솨소솨",26.025,-79.686,0,0,0,0,0,0,0,1
85,5,0,0,4,0,0,0,0,0,0,255,255,255,44,3634.993,"HANA_ARASHI",R,10,58,106,1.539,0.403,0.143,2.083,-36.521,1,0,0,400,0,0,0,0,2,4,R,"Slaris",190,86.36,0.452,0,108,0,0,0,0,0,0,0,0,0,0,0,0,0,0,0,0,0.018,-37.019,0,"_Chun",0.129,-17.297,0,"Kr_Luna",-19.187,-50.735,0,"오띵__",-10.697,-66.3,0,"なおｐ--",21.983,-48.001,0,"CVPileMaki",7.666,-66.63,0,"tsubasa_jp",39.649,-93.027,0,"_AKASATA_",-1.319,-115.312,0,"M_lunatic",-44.368,-94.951,0,0,0,0,0,0,"",0,0,0,0,0,0,0,0,0,0
86,5,0,0,4,1,0,0,0,0,0,255,255,255,45,3649.755,"HANA_ARASHI",R,10,76,118,1.261,-0.898,0.109,1.65,-36.329,2,0,24.749,400,0,0,0,1,2,4,R,"Slaris",190,86.36,0.452,3,108,3650.747,174,14,100,73,40,150,130,-30,8.251,0.61,-0.039,-0.091,0.295,0,0.354,-0.054,-36.878,0,"_Chun",0.065,-17.152,0,"Kr_Luna",-19.924,-51.802,92,"오띵__",-10.674,-66.335,0,"なおｐ--",21.994,-47.996,0,"CVPileMaki",8.182,-66.436,0,"tsubasa_jp",39.743,-93.197,0,"_AKASATA_",-2.23,-117.739,0,"M_lunatic",-46.573,-96.363,0,3650.392,0.061,-22.069,3652.295,3,"오띵__",-5.754,-62.56,0,0,0,0,0,0,0,2
87,5,0,0,4,0,0,1,0,0,0,255,255,255,46,3678.396,"HANA_ARASHI",R,13,92,126,-4.391,-2.504,-0.236,1.239,-36.268,4,0,-349.755,357.311,0,-0.778,-20.747,1,3,0,L,"눈꽃",190,85,0.496,3,107,3681.124,98,4,30,21,18,49,6,-12.447,-5.993,0.84,-0.016,0.027,0,0,0.605,-0.172,-37.003,0,"_Chun",-0.206,-18.214,0,"Kr_Luna",-20.097,-47.763,0,"오띵__",-7.894,-66.371,0,"なおｐ--",22.433,-48.581,0,"CVPileMaki",14.864,-63.29,0,"tsubasa_jp",44.37,-82.576,0,"_AKASATA_",-3.248,-122.279,0,"M_lunatic",-39.409,-94.438,0,0,0,0,0,0,"",0,0,0,0,0,0,0,0,0,0
88,5,0,0,4,0,1,1,0,0,0,255,255,255,47,3700.196,"HANA_ARASHI",R,10,83,125,-0.598,-1.413,-0.002,1.493,-36.312,4,0,0,400,0,0,0,1,3,0,L,"눈꽃",190,85,0.496,0,107,0,0,0,0,0,0,0,0,0,0,0,0,0,0,0,0,-0.157,-37.018,0,"_Chun",-0.016,-17.149,0,"Kr_Luna",-21.645,-48.386,0,"오띵__",-10.255,-66.445,0,"なおｐ--",22.869,-49.058,0,"CVPileMaki",15.4,-63.112,0,"tsubasa_jp",45.079,-85.068,0,"_AKASATA_",-4.408,-119.28,0,"M_lunatic",-39.465,-94.716,0,0,0,0,3702.323,0,"HANA_ARASHI",0.026,-17.713,0,0,0,0,0,0,0,0
89,5,0,0,4,0,2,1,0,0,0,255,255,255,48,3720.478,"HANA_ARASHI",R,26,84,137,-2.342,-0.18,-0.124,1.544,-36.293,4,0,-44.461,-200,0,0.079,-20.255,1,3,0,L,"눈꽃",190,85,0.496,0,107,0,0,0,0,0,0,0,0,0,0,0,0,0,0,0,0,-0.125,-36.782,0,"_Chun",-0.033,-17.633,0,"Kr_Luna",-21.264,-48.333,0,"오띵__",-10.554,-66.345,0,"なおｐ--",22.824,-49.077,0,"CVPileMaki",15.522,-63.085,0,"tsubasa_jp",44.83,-85.04,0,"_AKASATA_",-2.206,-119.638,0,"M_lunatic",-39.458,-94.711,0,0,0,0,0,0,"",0,0,0,0,0,0,0,0,0,0
90,5,0,0,4,0,0,2,0,0,0,255,255,255,49,3748.274,"HANA_ARASHI",R,0,73,126,2.083,-1.11,0.194,1.433,-36.255,1,0,0,0,0,0,0,0,4,8,L,"Sabo_10",184.6,90,0.602,0,107,0,0,0,0,0,0,0,0,0,0,0,0,0,0,0,0,0.022,-37.226,0,"_Chun",0.35,-17.188,0,"Kr_Luna",-20.722,-47.665,0,"오띵__",-8.283,-67.398,0,"なおｐ--",22.863,-48.976,0,"CVPileMaki",18.163,-61.504,0,"tsubasa_jp",45.149,-99.488,0,"_AKASATA_",11.107,-116.876,0,"M_lunatic",-37.052,-101.65,0,0,0,0,0,0,"",0,0,0,0,0,0,0,0,0,0
91,5,0,0,4,1,0,2,0,0,0,255,255,255,50,3766.031,"HANA_ARASHI",R,26,87,140,-1.603,-0.124,-0.115,1.563,-36.311,2,0,-122.717,-200,0,0,0,1,4,8,L,"Sabo_10",184.6,90,0.602,3,107,3767.028,142,12,105,83,35,150,117,9.567,-11.686,0.17,0.026,-0.046,0.199,0,0.523,-0.19,-36.788,0,"_Chun",-0.076,-17.077,0,"Kr_Luna",-20.016,-51.549,0,"오띵__",-10.093,-66.421,86,"なおｐ--",23.012,-49.179,0,"CVPileMaki",18.077,-61.567,0,"tsubasa_jp",45.198,-99.513,0,"_AKASATA_",11.135,-117.081,0,"M_lunatic",-37.033,-101.675,0,3769.246,14.569,-88.827,3770.399,7,"_AKASATA_",17.858,-102.904,1,0,0,0,0,0,0,2
92,5,0,0,4,0,0,2,1,0,0,17,255,255,51,3795.399,"HANA_ARASHI",R,26,78,129,1.767,0.357,0.187,1.649,-36.451,2,0,-72.327,-200,0,0,0,1,5,2,R,"_이누_",190,90.187,0.45,3,107,3796.568,255,22,144,73,28,150,90,36.646,30.653,-0.83,-0.006,-0.087,0.232,0,0.297,-0.068,-36.71,0,"_Chun",0.139,-17.264,0,"Kr_Luna",-20.295,-46.822,0,"오띵__",-6.556,-65.403,0,"なおｐ--",22.337,-48.541,0,"CVPileMaki",1.737,-61.231,0,"tsubasa_jp",46.225,-95.505,0,"_AKASATA_",-6.853,-116.343,0,"M_lunatic",-38.951,-90.442,85,3800.871,-29.443,-84.6,3801.107,8,"M_lunatic",-28.445,-82.232,0,0,0,0,0,0,0,1
93,6,1,0,4,0,0,0,0,0,0,255,255,255,40,3959.31,"눈꽃",R,0,93,140,0.775,0.53,0.095,1.917,-36.639,2,0,17.959,-12.79,1.561,0,0,1,8,7,R,"_AKASATA_",160,80,0.2,3,107,3960.101,255,7,70,43,15,140,78,-50.796,-23.252,-0.79,-0.004,-0.009,0.154,0,0.214,0.042,-37.142,0,"encounter v",-0.069,-17.086,0,"_이누_",-19.441,-46.457,74,"아침땅_",-14.885,-63.673,0,"Slaris",19.116,-49.032,0,"coder_",10.784,-64.995,0,"소솨소솨",37.075,-80.831,0,"ke ro",-0.675,-102.687,0,"Sabo_10",-41.015,-83.015,0,3959.781,0.452,-19.819,3963.302,5,"coder_",14.456,-52.749,1,0,0,0,0,0,0,2
94,6,1,0,4,0,0,0,1,0,0,7,255,255,41,4035.662,"눈꽃",R,0,86,140,-0.06,0.123,-0.116,1.834,-36.496,0,0,49.205,-32.645,7.647,0,0,1,0,5,R,"CVPileMaki",169.6,94,0.399,0,107,0,0,0,0,0,0,0,0,0,0,0,0,0,0,0,0,-0.029,-38.185,0,"encounter v",-0.406,-17.315,0,"_이누_",-19.571,-42.419,82,"아침땅_",-14.952,-63.763,95,"Slaris",20.911,-50.722,0,"coder_",7.649,-63.785,0,"소솨소솨",35.684,-81.437,0,"ke ro",0.046,-105.985,0,"Sabo_10",-41.445,-81.264,0,0,0,0,0,0,"",0,0,0,0,0,0,0,0,0,0
95,6,1,0,4,0,1,0,0,1,0,255,7,255,42,4253.956,"눈꽃",R,33,88,140,0.454,0.104,0.116,1.855,-36.623,2,0,111.325,-76.548,14.782,0,0,1,0,5,R,"CVPileMaki",169.6,94,0.399,3,106,4254.982,179,8,97,69,47,150,120,96.386,-75.017,0.26,0.023,-0.023,0.109,0,0.127,0.21,-37.178,0,"encounter v",-0.041,-17.175,0,"_이누_",-21.026,-47.504,0,"아침땅_",-14.819,-63.76,0,"Slaris",20.263,-46.499,0,"coder_",8.824,-64.678,0,"소솨소솨",33.109,-82.051,0,"ke ro",0.9,-108.27,0,"Sabo_10",-38.247,-83.1,0,0,0,0,0,0,"",0,0,0,0,0,0,0,0,0,3
96,6,1,0,4,0,2,0,0,1,0,255,7,255,43,4274.135,"눈꽃",R,0,94,140,0.818,0.845,0.049,1.937,-36.561,2,0,17.135,-15.669,2.789,0,0,1,0,5,R,"CVPileMaki",169.6,94,0.399,3,106,4275.13,147,7,115,67,41,150,91,50.894,55.182,-0.42,0.035,-0.003,0.145,0,0.123,-0.05,-37.105,0,"encounter v",-0.004,-17.196,0,"_이누_",-20.873,-47.504,0,"아침땅_",-15.006,-63.648,0,"Slaris",20.402,-46.578,0,"coder_",9.35,-64.911,0,"소솨소솨",35.742,-82.929,0,"ke ro",0.195,-105.124,0,"Sabo_10",-41.874,-86.91,0,4279.795,-62.888,-51.376,0,0,"",0,0,0,0,0,0,0,0,0,3
97,6,1,0,4,0,2,0,0,1,0,255,7,255,44,4294.438,"눈꽃",R,34,78,129,0.327,1.5,-0.059,2.003,-36.613,2,1,52.686,-15.908,9.128,0,0,1,0,5,R,"CVPileMaki",169.6,94,0.399,3,106,4295.535,185,5,106,82,54,150,114,104.958,48.308,0.77,0.056,0.02,0.112,0,0.163,-0.005,-37.164,0,"encounter v",-0.069,-17.18,0,"_이누_",-20.641,-47.595,0,"아침땅_",-15.291,-63.44,0,"Slaris",19.942,-46.737,0,"coder_",9.617,-64.497,0,"소솨소솨",33.796,-82.201,0,"ke ro",-1.235,-105.269,0,"Sabo_10",-43.791,-87.073,0,0,0,0,0,0,"",0,0,0,0,0,0,0,0,0,3
98,6,1,0,4,0,2,0,0,1,0,255,7,255,45,4304.729,"눈꽃",R,38,18,86,-3.818,-2.813,0.091,1.613,-38.205,4,1,44.88,-22.507,-0.466,-0.943,-17.491,1,0,5,R,"CVPileMaki",169.6,94,0.399,0,106,0,0,0,0,0,0,0,0,0,0,0,0,0,0,0,0,0.043,-34.418,0,"encounter v",-1.178,-17.033,0,"_이누_",-18.691,-48.219,0,"아침땅_",-15.264,-63.751,0,"Slaris",19.955,-46.807,0,"coder_",4.163,-63.877,0,"소솨소솨",36.153,-83.785,0,"ke ro",0.149,-103.471,0,"Sabo_10",-41.876,-87.368,0,0,0,0,0,0,"",0,0,0,0,0,0,0,0,0,0
99,6,1,0,4,0,2,0,0,0,1,255,255,7,45,4452.27,"눈꽃",R,34,41,101,-35.268,2.426,0.012,1.717,-37.156,1,0,53.995,45.696,5.59,-9.882,-11.38,0,0,5,R,"CVPileMaki",169.6,94,0.399,0,105,0,0,0,0,0,0,0,0,0,0,0,0,0,0,0,0,-1.089,-31.641,0,"encounter v",-3.807,-14.65,0,"_이누_",-20.764,-42.829,0,"아침땅_",-12.587,-64.355,0,"Slaris",20.19,-43.715,0,"coder_",11.031,-63.434,0,"소솨소솨",37.336,-83.886,0,"ke ro",-1.141,-101.851,0,"Sabo_10",-40.884,-79.958,0,0,0,0,0,0,"",0,0,0,0,0,0,0,0,0,0
100,6,1,0,4,1,2,0,0,0,1,255,255,7,46,4549.664,"눈꽃",R,34,85,139,1.974,0.445,-0.001,1.829,-36.522,2,0,79.948,-79.603,20.831,0,0,1,0,5,R,"CVPileMaki",169.6,94,0.399,3,105,4550.744,103,8,57,70,37,134,81,94.16,-83.95,-0.62,-0.018,-0.015,0.015,0,0.158,0.165,-37.177,0,"encounter v",-0.049,-17.149,0,"_이누_",-20.261,-47.432,0,"아침땅_",-15.049,-63.79,0,"Slaris",18.213,-45.73,0,"coder_",10.789,-64.297,0,"소솨소솨",37.291,-85.415,0,"ke ro",0.102,-103.168,0,"Sabo_10",-38.909,-82.257,0,0,0,0,0,0,"",0,0,0,0,0,0,0,0,0,3
101,6,1,0,4,1,2,0,0,0,1,255,255,7,47,4571.921,"눈꽃",R,0,93,140,1.757,-1.236,0.141,1.679,-36.504,2,0,36.491,-21.185,3.307,0,0,1,0,5,R,"CVPileMaki",169.6,94,0.399,3,105,4572.948,227,8,110,91,46,150,101,-30,9.491,0.92,0.017,-0.019,0.117,0,0.243,0.281,-37.156,0,"encounter v",-0.015,-17.152,0,"_이누_",-20.067,-46.62,74,"아침땅_",-15.14,-63.707,0,"Slaris",18.959,-45.61,0,"coder_",11.508,-63.067,0,"소솨소솨",36.962,-84.85,0,"ke ro",0.35,-104.891,98,"Sabo_10",-39.821,-85.583,0,4572.649,0.264,-19.13,4577.114,7,"ke ro",-12.888,-89.35,1,0,0,0,0,0,0,2
102,6,1,1,4,0,0,0,1,0,0,5,255,255,48,4604.254,"눈꽃",R,34,81,133,-1.468,0.299,-0.087,1.87,-36.661,0,0,55.372,-27.041,3.822,0,0,0,1,2,L,"Kr_Luna",190,95.367,0.505,0,105,0,0,0,0,0,0,0,0,0,0,0,0,0,0,0,0,0.104,-37.428,0,"encounter v",-0.744,-17.922,0,"_이누_",-18.233,-46.009,0,"아침땅_",-11.457,-64.774,0,"Slaris",22.922,-50.517,0,"coder_",9.798,-64.899,0,"소솨소솨",46.44,-89.809,0,"ke ro",9.555,-110.129,0,"Sabo_10",-31.801,-85.802,0,0,0,0,0,0,"",0,0,0,0,0,0,0,0,0,0
103,6,1,1,4,0,1,0,1,0,0,5,255,255,49,4622.089,"눈꽃",R,34,84,137,-0.66,0.592,-0.005,1.938,-36.592,2,0,73.929,-46.029,8.329,0,0,1,1,2,L,"Kr_Luna",190,95.367,0.505,2,105,4622.851,166,15,163,96,52,150,130,25.176,-39.284,0.36,-0.015,-0.016,0.246,0,0.103,0.098,-37.003,0,"encounter v",-0.051,-16.944,0,"_이누_",-18.561,-46.396,0,"아침땅_",-11.994,-65.257,0,"Slaris",22.635,-50.607,0,"coder_",12.005,-65.549,0,"소솨소솨",46.159,-89.948,0,"ke ro",8.85,-114.105,0,"Sabo_10",-32.377,-87.439,0,4627.316,88.634,-92.494,0,0,"",0,0,0,0,0,0,0,0,0,3
104,6,1,1,4,0,2,0,1,0,0,5,255,255,50,4644.759,"눈꽃",R,34,89,140,-0.269,1.036,-0.06,1.995,-36.534,2,0,86.607,-58.664,9.286,0,0,1,1,2,L,"Kr_Luna",190,95.367,0.505,2,105,4645.557,165,14,108,85,47,150,78,-30,-47.791,0.97,0.021,-0.021,0.331,0,0.166,-0.028,-36.945,0,"encounter v",-0.087,-17.055,0,"_이누_",-18.449,-46.992,0,"아침땅_",-12.491,-65.05,0,"Slaris",22.783,-50.418,85,"coder_",11.968,-66.022,0,"소솨소솨",51.334,-92.976,0,"ke ro",11.064,-104.426,0,"Sabo_10",-31.186,-88.803,0,4645.406,2.486,-21.094,4647.906,4,"Slaris",29.028,-43.931,0,0,0,0,0,0,0,2
105,6,1,1,4,0,2,0,1,0,0,5,255,255,51,4665.831,"눈꽃",R,32,85,139,0.446,1.671,0.039,2.055,-36.716,2,0,200.326,-131.3,22.057,0,0,1,1,2,L,"Kr_Luna",190,95.367,0.505,2,105,4666.625,146,16,123,91,54,150,87,111.662,48.92,0.95,-0.02,0.007,0.272,0,0.118,-0.221,-37.139,0,"encounter v",-0.061,-17.145,0,"_이누_",-17.415,-47.352,0,"아침땅_",-12.165,-65.314,0,"Slaris",22.325,-51.562,0,"coder_",11.826,-65.727,0,"소솨소솨",49.311,-91.399,0,"ke ro",12.622,-108.729,0,"Sabo_10",-34.608,-89.679,0,0,0,0,0,0,"",0,0,0,0,0,0,0,0,0,3
106,6,1,1,4,0,2,0,1,0,0,5,255,255,52,4684.466,"눈꽃",R,0,62,118,2.966,-0.757,0.226,1.698,-36.502,1,0,0,0,4.666,0,0,0,1,2,L,"Kr_Luna",190,95.367,0.505,0,105,0,0,0,0,0,0,0,0,0,0,0,0,0,0,0,0,0.047,-37.241,0,"encounter v",-0.462,-18.2,0,"_이누_",-19.417,-43.768,0,"아침땅_",-11.615,-65.14,0,"Slaris",23.114,-50.985,0,"coder_",9.576,-65.244,0,"소솨소솨",50.246,-87.021,0,"ke ro",8.304,-105.428,0,"Sabo_10",-34.806,-93.739,0,0,0,0,0,0,"",0,0,0,0,0,0,0,0,0,0
107,6,1,1,4,1,2,0,1,0,0,5,255,255,53,4705.174,"눈꽃",R,0,74,126,0.934,-0.45,0.1,1.66,-36.4,0,0,0,2.593,7.479,0,0,0,1,2,L,"Kr_Luna",190,95.367,0.505,0,105,0,0,0,0,0,0,0,0,0,0,0,0,0,0,0,0,0.136,-37.099,0,"encounter v",-0.226,-17.498,0,"_이누_",-17.609,-43.183,0,"아침땅_",-12.185,-65.116,0,"Slaris",23.172,-50.559,0,"coder_",11.638,-65.398,0,"소솨소솨",49.209,-87.806,0,"ke ro",8.036,-106.512,0,"Sabo_10",-35.34,-93.601,0,0,0,0,0,0,"",0,0,0,0,0,0,0,0,0,0
108,6,1,1,4,0,0,1,1,0,0,5,255,255,54,4728.941,"눈꽃",R,3,66,110,1.308,0.1,0.291,1.718,-36.406,0,0,-452.416,6.255,-1.277,0.416,-17.627,0,2,1,L,"_Chun",190,80,0.455,0,105,0,0,0,0,0,0,0,0,0,0,0,0,0,0,0,0,0.293,-37.255,0,"encounter v",-0.157,-17.418,0,"_이누_",-17.544,-45.764,0,"아침땅_",-10.857,-65.456,0,"Slaris",22.816,-51.61,0,"coder_",9.088,-65.034,0,"소솨소솨",51.164,-89.769,0,"ke ro",9.646,-107.036,0,"Sabo_10",-30.947,-90.34,0,0,0,0,0,0,"",0,0,0,0,0,0,0,0,0,0
109,6,1,1,4,0,1,1,1,0,0,5,255,255,55,4746.14,"눈꽃",R,33,74,126,1.771,1.527,0.148,2.026,-36.718,1,0,121.277,-65.576,13.805,0,0,0,2,1,L,"_Chun",190,80,0.455,0,105,0,0,0,0,0,0,0,0,0,0,0,0,0,0,0,0,0.193,-37.302,0,"encounter v",-0.383,-17.327,0,"_이누_",-19.72,-42.422,0,"아침땅_",-10.79,-65.1,0,"Slaris",24.509,-52.022,0,"coder_",9.123,-65.179,0,"소솨소솨",52.074,-91.01,0,"ke ro",9.653,-106.865,0,"Sabo_10",-30.459,-89.4,0,0,0,0,0,0,"",0,0,0,0,0,0,0,0,0,0
110,6,1,1,4,1,1,1,1,0,0,5,255,255,56,4761.762,"눈꽃",R,0,87,140,-0.741,0.722,0.044,1.979,-36.643,2,0,24.578,-16.081,2.305,0,0,1,2,1,L,"_Chun",190,80,0.455,3,105,4762.703,252,7,70,47,19,141,115,-3.933,-38.98,0.88,-0.025,-0.018,0.046,0,0.094,0.053,-37.012,0,"encounter v",-0.077,-17.168,0,"_이누_",-18.013,-43.645,85,"아침땅_",-12.553,-64.711,0,"Slaris",23.37,-51.868,108,"coder_",12.123,-65.944,0,"소솨소솨",51.892,-90.685,0,"ke ro",9.652,-106.974,0,"Sabo_10",-30.595,-88.862,0,4762.795,8.114,-28.511,4764.017,4,"Slaris",24.42,-48.426,0,0,0,0,0,0,0,2
111,6,0,1,4,0,0,0,0,0,0,255,255,255,52,4852.781,"HANA_ARASHI",R,26,85,139,-1.151,0.347,-0.093,1.634,-36.453,0,0,-47.475,-200,0,-0.33,-17.407,0,6,3,R,"아침땅_",160,94.757,0.5,0,104,0,0,0,0,0,0,0,0,0,0,0,0,0,0,0,0,-0.141,-37.152,0,"_Chun",-0.11,-16.98,0,"Kr_Luna",-21.131,-51.282,0,"오띵__",-11.444,-65.795,0,"なおｐ--",21.545,-47.774,0,"CVPileMaki",10.009,-65.954,0,"tsubasa_jp",40.158,-89.896,0,"_AKASATA_",10.456,-111.564,0,"M_lunatic",-44.623,-95.36,0,0,0,0,0,0,"",0,0,0,0,0,0,0,0,0,0
112,6,0,1,4,0,1,0,0,0,0,255,255,255,53,4868.161,"HANA_ARASHI",R,13,72,112,1.823,1.046,0.308,1.922,-36.577,1,0,-356.855,350.221,0,0,0,0,6,3,R,"아침땅_",160,94.757,0.5,0,104,0,0,0,0,0,0,0,0,0,0,0,0,0,0,0,0,-0.034,-37.117,0,"_Chun",0.003,-17.125,0,"Kr_Luna",-21.251,-51.361,0,"오띵__",-11.406,-65.812,0,"なおｐ--",21.739,-48.039,0,"CVPileMaki",10.023,-65.954,0,"tsubasa_jp",40.166,-89.897,0,"_AKASATA_",8.108,-115.237,0,"M_lunatic",-44.263,-95.248,0,0,0,0,0,0,"",0,0,0,0,0,0,0,0,0,0
113,6,0,1,4,1,1,0,0,0,0,255,255,255,54,4883.529,"HANA_ARASHI",R,10,75,117,0.666,0.302,0.062,1.826,-36.475,2,0,0,400,0,0,0,1,6,3,R,"아침땅_",160,94.757,0.5,2,104,4884.634,106,9,118,85,42,139,89,29.216,2.251,-0.1,0.021,-0.01,0.145,0.048,0.361,0,-36.828,90,"_Chun",0.034,-17.193,0,"Kr_Luna",-21.207,-51.274,77,"오띵__",-11.41,-65.864,0,"なおｐ--",21.861,-48.208,0,"CVPileMaki",9.895,-65.984,74,"tsubasa_jp",40.147,-89.898,0,"_AKASATA_",7.466,-115.084,87,"M_lunatic",-44.44,-95.129,0,4889.226,-1.353,-92.139,4889.906,7,"_AKASATA_",-1.387,-94.348,1,0,0,0,0,0,0,2
114,6,0,1,4,0,0,0,1,0,0,10,255,255,55,5094.271,"HANA_ARASHI",R,26,79,130,1.559,1.447,0.158,1.793,-36.489,1,0,-40.706,-200,0,0,0,0,7,7,R,"ke ro",164.6,82.918,0.312,0,104,0,0,0,0,0,0,0,0,0,0,0,0,0,0,0,0,0.15,-37.376,120,"_Chun",-0.005,-17.147,0,"Kr_Luna",-19.877,-43,85,"오띵__",-11.997,-65.496,0,"なおｐ--",21.251,-47.021,0,"CVPileMaki",2.566,-64.18,0,"tsubasa_jp",27.211,-85.129,0,"_AKASATA_",0.418,-106.63,0,"M_lunatic",-42.185,-88.97,0,0,0,0,0,0,"",0,0,0,0,0,0,0,0,0,0
115,6,0,1,4,1,0,0,1,0,0,10,255,255,56,5128.951,"HANA_ARASHI",R,13,79,117,-3.454,-0.83,-0.182,1.636,-36.493,1,0,-385.916,317.914,0,0,0,0,7,7,R,"ke ro",164.6,82.918,0.312,0,104,0,0,0,0,0,0,0,0,0,0,0,0,0,0,0,0,-0.236,-37.488,0,"_Chun",-0.057,-17.243,0,"Kr_Luna",-19.641,-43.234,0,"오띵__",-11.146,-66.438,0,"なおｐ--",21.287,-47.077,0,"CVPileMaki",2.803,-63.819,0,"tsubasa_jp",27.239,-85.226,0,"_AKASATA_",-0.177,-106.881,0,"M_lunatic",-41.481,-87.642,0,0,0,0,0,0,"",0,0,0,0,0,0,0,0,0,0
116,6,0,1,4,2,0,0,1,0,0,10,255,255,57,5141.565,"HANA_ARASHI",R,26,80,131,0.736,-1.003,0.086,1.438,-36.42,0,0,-55.462,-200,0,0,0,0,7,7,R,"ke ro",164.6,82.918,0.312,0,104,0,0,0,0,0,0,0,0,0,0,0,0,0,0,0,0,-0.032,-37.239,0,"_Chun",0.004,-17.18,0,"Kr_Luna",-19.739,-44.541,71,"오띵__",-11.855,-65.87,0,"なおｐ--",21.188,-47.175,0,"CVPileMaki",4.319,-64.426,0,"tsubasa_jp",26.891,-85.117,0,"_AKASATA_",0.191,-109.197,0,"M_lunatic",-41.405,-87.233,0,0,0,0,0,0,"",0,0,0,0,0,0,0,0,0,0
117,6,0,1,4,2,1,0,1,0,0,10,255,255,58,5172.632,"HANA_ARASHI",R,13,70,111,-2.561,-1.466,-0.096,1.556,-36.357,1,0,-375.46,330.196,0,0,0,0,7,7,R,"ke ro",164.6,82.918,0.312,0,104,0,0,0,0,0,0,0,0,0,0,0,0,0,0,0,0,-0.155,-37.107,0,"_Chun",-0.022,-17.162,0,"Kr_Luna",-19.822,-43.089,0,"오띵__",-11.854,-65.742,0,"なおｐ--",21.5,-47.675,0,"CVPileMaki",2.975,-63.269,0,"tsubasa_jp",27.164,-85.158,0,"_AKASATA_",0.128,-109.206,0,"M_lunatic",-40.977,-88.093,0,0,0,0,0,0,"",0,0,0,0,0,0,0,0,0,0
118,6,0,1,4,3,1,0,1,0,0,10,255,255,59,5184.437,"HANA_ARASHI",R,26,84,138,1.009,0.223,0.123,1.62,-36.34,2,0,-101.821,-200,0,0,0,1,7,7,R,"ke ro",164.6,82.918,0.312,2,104,5185.493,145,9,85,67,36,147,88,93.409,-74.792,-0.47,-0.045,-0.083,0.125,0,0.285,0.185,-36.856,0,"_Chun",0.034,-17.192,0,"Kr_Luna",-19.81,-46,0,"오띵__",-12.285,-65.449,0,"なおｐ--",21.496,-47.67,0,"CVPileMaki",5.12,-66.026,0,"tsubasa_jp",26.879,-85.212,0,"_AKASATA_",0.143,-108.684,0,"M_lunatic",-44.022,-90.451,0,5191.489,-20.433,-14.923,0,0,"",0,0,0,0,0,0,0,0,0,3
119,6,0,1,4,3,2,0,1,0,0,10,255,255,60,5208.306,"HANA_ARASHI",R,26,76,128,0.708,1.164,0.099,1.752,-36.342,2,0,-103.692,-200,0,0,0,1,7,7,R,"ke ro",164.6,82.918,0.312,2,103,5209.308,119,8,194,8,9,140,87,58.22,23.013,-0.37,-0.017,-0.041,0.175,0,0.357,0.039,-36.856,0,"_Chun",0.045,-17.192,0,"Kr_Luna",-19.293,-46.549,48,"오띵__",-12.529,-65.115,99,"なおｐ--",21.791,-47.887,0,"CVPileMaki",4.842,-65.678,0,"tsubasa_jp",24.527,-84.234,0,"_AKASATA_",-1.409,-107.1,0,"M_lunatic",-44.045,-95.128,0,5214.802,-21.922,-63.023,5214.92,3,"오띵__",-21.41,-62.039,0,0,0,0,0,0,0,1
120,6,0,1,4,0,0,1,1,0,0,10,255,255,61,5239.871,"HANA_ARASHI",R,32,85,138,0.548,0.441,-0.006,1.565,-36.441,2,0,198.283,-119.422,0,0,0,1,8,6,R,"소솨소솨",160,80,0.2,2,103,5240.754,215,18,112,62,0,150,93,107.311,43.526,-0.1,-0.002,-0.075,0.088,0,0.386,0.003,-36.903,0,"_Chun",0.004,-17.216,0,"Kr_Luna",-20.519,-44.256,0,"오띵__",-12.748,-64.638,0,"なおｐ--",21.772,-47.542,0,"CVPileMaki",5.592,-66.619,0,"tsubasa_jp",34.201,-86.663,0,"_AKASATA_",-5.74,-107.004,0,"M_lunatic",-43.558,-89.875,0,0,0,0,0,0,"",0,0,0,0,0,0,0,0,0,3
121,6,0,1,4,0,1,1,1,0,0,10,255,255,62,5257.562,"HANA_ARASHI",R,0,0,0,0,0,0,0,0,0,0,0,0,0,0,0,1,8,6,R,"소솨소솨",160,80,0.2,2,49,5258.533,83,32,122,89,66,131,75,-65.97,-67.013,-0.67,0.016,-0.063,0.08,0,0.457,-0.088,-36.902,0,"_Chun",0.112,-17.225,0,"Kr_Luna",-19.603,-46.054,0,"오띵__",-11.857,-65.726,0,"なおｐ--",21.128,-47.15,0,"CVPileMaki",5.525,-66.409,0,"tsubasa_jp",33.899,-85.477,0,"_AKASATA_",-4.525,-106.05,0,"M_lunatic",-43.056,-89.03,0,5258.628,0.597,-20.581,0,0,"",0,0,0,0,0,0,0,0,0,3
122,6,0,1,4,0,2,1,1,0,0,10,255,255,63,5284.652,"HANA_ARASHI",R,26,88,140,-1.235,0.081,-0.081,1.495,-36.451,0,0,-120.021,-200,0,0,0,0,8,6,R,"소솨소솨",160,80,0.2,0,49,0,0,0,0,0,0,0,0,0,0,0,0,0,0,0,0,-0.331,-37.241,0,"_Chun",-0.02,-17.129,0,"Kr_Luna",-20.056,-42.686,0,"오띵__",-12.177,-65.103,0,"なおｐ--",21.283,-47.307,0,"CVPileMaki",4.89,-64.409,0,"tsubasa_jp",32.368,-85.911,0,"_AKASATA_",-9.116,-113.198,0,"M_lunatic",-44.286,-87.548,0,0,0,0,5286.427,0,"HANA_ARASHI",-0.307,-17.69,0,0,0,0,0,0,0,0
123,6,0,1,4,0,0,2,1,0,0,10,255,255,64,5308.571,"HANA_ARASHI",R,10,76,118,2.095,-0.269,0.195,1.644,-36.527,1,0,0,400,0,0.613,-17.232,0,0,5,R,"coder_",163.5,80,0.503,0,103,0,0,0,0,0,0,0,0,0,0,0,0,0,0,0,0,-0.115,-37.018,0,"_Chun",0.849,-17.198,0,"Kr_Luna",-18.985,-47.413,0,"오띵__",-12.128,-65.463,0,"なおｐ--",20.378,-46.372,0,"CVPileMaki",1.776,-61.447,0,"tsubasa_jp",35.055,-86.207,0,"_AKASATA_",-1.381,-108.768,0,"M_lunatic",-44.262,-87.506,0,0,0,0,0,0,"",0,0,0,0,0,0,0,0,0,0
124,6,0,1,4,1,0,2,0,1,0,255,12,255,65,5328.92,"HANA_ARASHI",R,26,85,138,-0.914,-0.011,-0.067,1.482,-36.433,2,0,-62.029,-200,0,0,0,1,0,5,R,"coder_",163.5,80,0.503,3,103,5330.012,255,12,68,85,43,147,83,91.916,-87.969,0.94,-0.055,-0.079,0.235,0,0.388,-0.263,-37.08,0,"_Chun",-0.016,-17.338,0,"Kr_Luna",-20.726,-48.412,0,"오띵__",-11.218,-66.113,0,"なおｐ--",20.023,-45.888,0,"CVPileMaki",6.043,-64.676,0,"tsubasa_jp",35.039,-88.123,0,"_AKASATA_",0.184,-106.635,0,"M_lunatic",-45.456,-88.964,0,5334.698,-57.815,-17.031,0,0,"",0,0,0,0,0,0,0,0,0,3
125,6,0,1,4,1,1,2,0,1,0,255,12,255,66,5351.48,"HANA_ARASHI",R,26,78,129,2.803,0.764,0.277,1.588,-36.46,1,0,-51.41,-200,0,0,0,0,0,5,R,"coder_",163.5,80,0.503,0,56,0,0,0,0,0,0,0,0,0,0,0,0,0,0,0,0,-0.288,-37.629,0,"_Chun",0.179,-17.23,0,"Kr_Luna",-20.067,-46.025,0,"오띵__",-11.667,-65.841,0,"なおｐ--",20.634,-42.844,0,"CVPileMaki",4.229,-64.532,0,"tsubasa_jp",33.524,-89.43,0,"_AKASATA_",-5.543,-106.895,0,"M_lunatic",-44.948,-90.711,0,0,0,0,0,0,"",0,0,0,0,0,0,0,0,0,0
126,6,0,1,4,2,1,2,0,1,0,255,12,255,67,5367.094,"HANA_ARASHI",R,26,80,131,0.973,0.811,0.119,1.596,-36.427,0,0,-91.527,-200,0,0,0,0,0,5,R,"coder_",163.5,80,0.503,0,56,0,0,0,0,0,0,0,0,0,0,0,0,0,0,0,0,-0.464,-37.348,0,"_Chun",0.096,-17.275,0,"Kr_Luna",-20.287,-48.512,0,"오띵__",-11.646,-65.829,0,"なおｐ--",20.358,-42.837,0,"CVPileMaki",3.083,-64.419,0,"tsubasa_jp",33.668,-89.423,0,"_AKASATA_",-5.558,-107.029,0,"M_lunatic",-44.93,-90.722,0,0,0,0,0,0,"",0,0,0,0,0,0,0,0,0,0
127,6,0,1,4,2,2,2,0,1,0,255,12,255,68,5401.302,"HANA_ARASHI",R,26,83,136,1.945,0.15,0.143,1.504,-36.325,2,0,130.971,-199.473,0,0,0,1,0,5,R,"coder_",163.5,80,0.503,3,56,5402.36,90,9,115,61,43,134,66,13.721,-2.644,-0.78,-0.192,-0.114,0.204,0,0.406,0.029,-36.948,0,"_Chun",0.006,-17.121,0,"Kr_Luna",-20.635,-49.291,73,"오띵__",-11.569,-65.943,0,"なおｐ--",20.091,-46.012,0,"CVPileMaki",2.953,-63.259,103,"tsubasa_jp",33.919,-89.18,0,"_AKASATA_",-7.579,-102.435,0,"M_lunatic",-44.972,-91.411,0,5404.323,2.333,-55.187,5404.732,5,"CVPileMaki",2.336,-55.016,0,0,0,0,0,0,0,2
128,7,1,1,4,0,0,0,0,0,0,255,255,255,57,5456.66,"눈꽃",R,34,89,140,2.565,-0.269,0.113,1.744,-36.52,1,0,52.572,-38.339,12.646,0,0,0,3,4,R,"なおｐ--",190,90.37,0.445,0,102,0,0,0,0,0,0,0,0,0,0,0,0,0,0,0,0,-0.132,-37.383,0,"encounter v",-0.053,-16.985,0,"_이누_",-21.593,-45.533,0,"아침땅_",-15.536,-63.077,0,"Slaris",21.854,-50.242,0,"coder_",10.661,-65.942,0,"소솨소솨",35.228,-88.849,0,"ke ro",-13.153,-113.035,0,"Sabo_10",-50.25,-98.047,0,0,0,0,0,0,"",0,0,0,0,0,0,0,0,0,0
129,7,1,1,4,1,0,0,0,0,0,255,255,255,58,5469.881,"눈꽃",R,34,92,140,0.012,-0.596,0.062,1.744,-36.612,0,0,64.668,-49.667,8.018,0,0,0,3,4,R,"なおｐ--",190,90.37,0.445,0,102,0,0,0,0,0,0,0,0,0,0,0,0,0,0,0,0,0.425,-37.514,0,"encounter v",-0.09,-16.954,0,"_이누_",-21.292,-45.767,0,"아침땅_",-15.257,-63.226,0,"Slaris",20.948,-50.966,0,"coder_",10.971,-65.967,0,"소솨소솨",35.227,-88.842,0,"ke ro",-12.669,-112.953,0,"Sabo_10",-46.494,-96.014,0,0,0,0,0,0,"",0,0,0,0,0,0,0,0,0,0
130,7,1,1,4,1,1,0,0,0,0,255,255,255,59,5483.733,"눈꽃",R,0,77,129,2.652,-0.155,0.394,1.845,-36.718,2,0,46.169,-37.741,4.218,0,0,0,3,4,R,"なおｐ--",190,90.37,0.445,3,102,5484.793,130,10,20,38,32,44,48,-57.237,18.368,-0.32,-0.047,-0.069,0.129,0,0.43,0.337,-37.272,0,"encounter v",-0.004,-17.178,0,"_이누_",-20.843,-48.362,96,"아침땅_",-15.071,-63.397,0,"Slaris",21.722,-50.283,0,"coder_",10.88,-65.953,80,"소솨소솨",35.204,-88.785,0,"ke ro",-12.124,-113.303,0,"Sabo_10",-46.462,-96.013,116,5484.42,0.325,-19.996,5486.677,0,"눈꽃",-3.309,-31.866,1,0,0,0,0,0,0,2
131,7,1,1,4,0,0,0,0,1,0,255,4,255,60,5518.941,"눈꽃",R,0,87,140,1.881,0.055,0.173,1.863,-36.56,1,0,42.594,-24.536,3.677,0,0,0,4,0,R,"HANA_ARASHI",190,85.084,0.253,0,102,0,0,0,0,0,0,0,0,0,0,0,0,0,0,0,0,0.069,-37.183,0,"encounter v",-0.399,-18.471,0,"_이누_",-20.712,-45.088,0,"아침땅_",-15.031,-63.687,0,"Slaris",21.277,-48.41,0,"coder_",9.358,-63.608,0,"소솨소솨",35.758,-84.689,0,"ke ro",-6.324,-115.345,0,"Sabo_10",-37.371,-86.209,0,0,0,0,0,0,"",0,0,0,0,0,0,0,0,0,0
132,7,1,1,4,1,0,0,0,1,0,255,4,255,61,5534.439,"눈꽃",R,28,80,132,1.504,0.368,0.038,1.875,-36.47,4,0,76.335,-80.798,11.77,0,0,1,4,0,R,"HANA_ARASHI",190,85.084,0.253,0,102,0,0,0,0,0,0,0,0,0,0,0,0,0,0,0,0,0.167,-37.295,0,"encounter v",-0.199,-18.877,0,"_이누_",-20.073,-44.129,0,"아침땅_",-15.053,-63.597,0,"Slaris",21.795,-48.622,0,"coder_",7.819,-63.956,0,"소솨소솨",38.598,-83.002,0,"ke ro",-6.326,-115.335,0,"Sabo_10",-42.007,-90.469,0,0,0,0,0,0,"",0,0,0,0,0,0,0,0,0,0
133,7,1,1,4,1,1,0,0,1,0,255,4,255,62,5550.906,"눈꽃",R,34,90,140,1.487,0.955,0.056,1.983,-36.515,2,0,90.806,-74.645,19.331,0,0,1,4,0,R,"HANA_ARASHI",190,85.084,0.253,3,54,5552.036,123,10,104,65,41,140,121,101.688,-70.561,0.23,-0.001,-0.044,0.032,0,0.583,0.068,-37.163,0,"encounter v",-0.035,-17.147,0,"_이누_",-20.067,-47.544,0,"아침땅_",-15.04,-63.579,0,"Slaris",21.746,-50.169,0,"coder_",10.481,-64.219,0,"소솨소솨",39.089,-83.177,0,"ke ro",-7.129,-115.148,0,"Sabo_10",-41.464,-89.789,0,0,0,0,0,0,"",0,0,0,0,0,0,0,0,0,3
134,7,1,1,4,1,2,0,0,1,0,255,4,255,63,5570.363,"눈꽃",R,0,82,134,1.063,1.056,0.091,2.037,-36.617,4,0,7.041,-4.903,1.169,0,0,1,4,0,R,"HANA_ARASHI",190,85.084,0.253,0,54,0,0,0,0,0,0,0,0,0,0,0,0,0,0,0,0,-0.004,-37.563,0,"encounter v",-0.359,-19.455,0,"_이누_",-21.066,-44.511,0,"아침땅_",-15.086,-63.401,0,"Slaris",21.906,-47.593,0,"coder_",7.793,-64.385,0,"소솨소솨",39.19,-83.038,0,"ke ro",-7.79,-112.55,0,"Sabo_10",-48.41,-93.738,0,0,0,0,0,0,"",0,0,0,0,0,0,0,0,0,0
135,7,1,1,4,0,0,1,0,1,0,255,4,255,64,5594.316,"눈꽃",R,0,73,126,1.939,0.994,-0.008,1.903,-36.541,2,0,-2.285,-33.824,18.247,0,0,1,5,3,R,"오띵__",166.9,80,0.402,3,102,5595.315,195,20,138,86,52,150,83,114.18,15.606,-0.77,0.061,-0.005,0.123,0,0.313,0.228,-37.128,0,"encounter v",-0.029,-17.058,0,"_이누_",-21.057,-47.657,0,"아침땅_",-14.43,-63.985,0,"Slaris",19.665,-47.708,0,"coder_",11.21,-64.887,0,"소솨소솨",36.224,-82.335,0,"ke ro",-3.289,-103.667,0,"Sabo_10",-45.9,-85.058,0,0,0,0,0,0,"",0,0,0,0,0,0,0,0,0,3
136,7,1,1,4,0,1,1,0,1,0,255,4,255,65,5612.978,"눈꽃",R,34,82,134,2.414,0.262,-0.01,1.822,-36.469,4,0,61.981,-48.919,13.645,-0.037,-20.391,1,5,3,R,"오띵__",166.9,80,0.402,0,78,0,0,0,0,0,0,0,0,0,0,0,0,0,0,0,0,0.245,-37.649,0,"encounter v",-0.237,-19.778,0,"_이누_",-19.276,-42.742,0,"아침땅_",-14.827,-63.866,0,"Slaris",19.645,-46.052,0,"coder_",9.943,-63.105,0,"소솨소솨",35.861,-81.545,0,"ke ro",-4.532,-105.504,0,"Sabo_10",-46.502,-85.44,0,0,0,0,0,0,"",0,0,0,0,0,0,0,0,0,0
137,7,1,1,4,0,2,1,0,1,0,255,4,255,66,5627.979,"눈꽃",R,33,84,137,0.781,1.428,0.088,2.032,-36.538,1,0,113.244,-77.861,12.959,0,0,0,5,3,R,"오띵__",166.9,80,0.402,0,78,0,0,0,0,0,0,0,0,0,0,0,0,0,0,0,0,0.232,-37.638,0,"encounter v",-0.304,-19.587,0,"_이누_",-20.593,-45.373,0,"아침땅_",-14.839,-63.72,0,"Slaris",19.548,-46.529,0,"coder_",9.415,-64.805,0,"소솨소솨",35.899,-81.552,0,"ke ro",-4.468,-105.376,0,"Sabo_10",-45.263,-83.844,0,0,0,0,0,0,"",0,0,0,0,0,0,0,0,0,0
138,7,1,1,4,1,2,1,0,1,0,255,4,255,67,5641.761,"눈꽃",R,27,79,129,1.695,1.11,-0.048,1.909,-36.392,2,0,87.093,-103.945,21.732,0,0,1,5,3,R,"오띵__",166.9,80,0.402,3,78,5642.791,160,11,93,57,40,150,89,109.302,-61.169,-0.44,0.037,-0.02,0.067,0,0.196,-0.047,-37.077,0,"encounter v",-0.04,-17.04,0,"_이누_",-20.141,-46.992,0,"아침땅_",-15.01,-63.39,0,"Slaris",18.706,-46.479,0,"coder_",9.877,-65.79,0,"소솨소솨",35.892,-81.606,0,"ke ro",-3.857,-105.794,0,"Sabo_10",-50.146,-87.581,0,0,0,0,0,0,"",0,0,0,0,0,0,0,0,0,3
139,7,1,1,4,1,2,1,0,1,0,255,4,255,68,5660.391,"눈꽃",R,34,92,140,0.968,1.34,0.177,2.038,-36.596,1,0,62.769,-54.234,8.696,0,0,0,5,3,R,"오띵__",166.9,80,0.402,0,78,0,0,0,0,0,0,0,0,0,0,0,0,0,0,0,0,0.318,-37.682,0,"encounter v",-0.209,-19.649,0,"_이누_",-20.174,-43.572,0,"아침땅_",-15.194,-63.58,0,"Slaris",18.341,-44.266,0,"coder_",5.512,-66.231,0,"소솨소솨",35.409,-81.277,0,"ke ro",-5.075,-106.591,0,"Sabo_10",-48.173,-87.687,0,0,0,0,0,0,"",0,0,0,0,0,0,0,0,0,0
140,7,1,1,4,2,2,1,0,1,0,255,4,255,69,5676.623,"눈꽃",R,27,62,119,1.904,0.249,0.211,1.863,-36.567,2,0,80.323,-108.338,16.373,0,0,1,5,3,R,"오띵__",166.9,80,0.402,3,78,5677.639,238,19,182,115,49,150,99,-10.883,-23.705,0.04,0.038,-0.035,0.137,0,0.175,0.13,-37.173,0,"encounter v",0.001,-17.122,0,"_이누_",-19.615,-46.894,0,"아침땅_",-14.853,-63.82,0,"Slaris",18.959,-46.334,71,"coder_",9.178,-65.642,0,"소솨소솨",35.418,-81.328,0,"ke ro",-5.078,-106.598,0,"Sabo_10",-50.262,-86.38,0,5677.448,2.291,-24.772,5680.469,6,"소솨소솨",23.923,-75.961,1,0,0,0,0,0,0,2
141,7,1,1,4,0,0,1,1,0,1,3,255,4,70,5710.572,"눈꽃",R,33,87,140,-0.475,0.015,-0.16,1.817,-36.534,2,0,112.755,-68.255,12.109,0,0,1,6,8,L,"M_lunatic",160,95.162,0.444,3,102,5711.602,230,14,118,62,21,150,79,1.388,10.393,-0.86,0.025,-0.059,0.295,0,0.417,-0.085,-37.113,0,"encounter v",-0.057,-17.276,0,"_이누_",-16.696,-48.421,73,"아침땅_",-12.204,-64.497,57,"Slaris",19.951,-46.772,0,"coder_",10.926,-62.306,97,"소솨소솨",36.074,-70.614,0,"ke ro",2.216,-98.215,0,"Sabo_10",-35.084,-76.533,0,5712.114,-3.615,-38.861,5713.976,3,"아침땅_",-7.191,-59.239,1,0,0,0,0,0,0,2
142,7,1,2,4,0,0,1,1,1,0,8,3,255,71,5741.266,"눈꽃",R,28,76,128,0.789,0.04,0.052,1.818,-36.572,2,0,10.774,-55.314,11.25,0,0,1,7,6,R,"tsubasa_jp",174.6,89.942,0.25,3,102,5742.05,169,18,65,126,57,142,83,1.945,33.148,-0.81,-0.019,0.053,0.171,0,0.186,0.075,-37.131,0,"encounter v",-0.049,-17.045,0,"_이누_",-18.185,-46.095,77,"아침땅_",-14.885,-63.787,95,"Slaris",20.572,-47.732,0,"coder_",11.813,-65.282,0,"소솨소솨",37.474,-80.43,0,"ke ro",-2.816,-101.328,0,"Sabo_10",-36.592,-79.978,0,5742.503,-9.539,-36.512,5744.316,3,"아침땅_",-19.348,-56.833,1,0,0,0,0,0,0,2
143,7,1,2,4,0,0,2,1,0,1,6,255,3,72,5768.909,"눈꽃",R,0,80,132,-1.661,-1.137,-0.103,1.704,-36.539,1,0,28.891,-15.061,3.498,-0.303,-17.421,0,8,7,R,"_AKASATA_",160,80,0.2,0,102,0,0,0,0,0,0,0,0,0,0,0,0,0,0,0,0,0.241,-37.553,0,"encounter v",0.38,-18.063,0,"_이누_",-20.038,-43.996,0,"아침땅_",-15.017,-63.732,0,"Slaris",18.777,-45.287,0,"coder_",10.835,-63.254,0,"소솨소솨",34.806,-79.575,0,"ke ro",-0.734,-103.065,0,"Sabo_10",-35.683,-77.491,0,0,0,0,0,0,"",0,0,0,0,0,0,0,0,0,0
144,7,1,2,4,1,0,2,1,0,1,6,255,3,73,5784.766,"눈꽃",R,26,85,138,2.571,0.422,0.218,1.867,-36.567,4,0,140.802,-158.663,26.416,0.093,-20.5,1,8,7,R,"_AKASATA_",160,80,0.2,0,102,0,0,0,0,0,0,0,0,0,0,0,0,0,0,0,0,0.45,-37.396,0,"encounter v",-0.162,-19.456,0,"_이누_",-19.427,-43.118,0,"아침땅_",-15.007,-63.669,0,"Slaris",17.554,-46.435,0,"coder_",8.464,-64.011,0,"소솨소솨",34.292,-78.817,0,"ke ro",-0.609,-102.692,0,"Sabo_10",-35.787,-77.517,0,0,0,0,0,0,"",0,0,0,0,0,0,0,0,0,0
145,7,1,2,4,1,1,2,1,0,1,6,255,3,74,5804.515,"눈꽃",R,0,83,136,1.104,0.454,-0.025,1.806,-36.53,2,0,-20.301,-15.845,10.298,0,0,1,8,7,R,"_AKASATA_",160,80,0.2,3,102,5805.337,244,17,86,66,60,150,80,8.721,24.649,-0.81,-0.036,-0.016,0.222,0,0.306,0.07,-37.13,0,"encounter v",-0.083,-17.043,0,"_이누_",-20.083,-46.399,81,"아침땅_",-15,-63.699,89,"Slaris",17.875,-46.409,0,"coder_",9.979,-65.796,0,"소솨소솨",34.315,-78.852,0,"ke ro",-0.489,-102.598,0,"Sabo_10",-37.506,-79.56,0,5806.823,-11.63,-52.846,5807.607,3,"아침땅_",-13.157,-57.983,0,0,0,0,0,0,0,2
146,7,0,2,4,0,0,0,0,0,0,255,255,255,69,5861.054,"HANA_ARASHI",R,14,62,106,3.28,-1.635,0.157,1.558,-36.374,1,0,365.302,326.027,2.514,0.753,-18.302,0,1,1,L,"encounter v",190,90,0.547,0,101,0,0,0,0,0,0,0,0,0,0,0,0,0,0,0,0,0.02,-37.317,0,"_Chun",0.347,-17.069,0,"Kr_Luna",-20.322,-50.034,0,"오띵__",-10.922,-66.084,0,"なおｐ--",21.809,-47.837,0,"CVPileMaki",15.037,-63.815,0,"tsubasa_jp",43.651,-82.69,0,"_AKASATA_",5.7,-110.854,0,"M_lunatic",-35.887,-93.184,0,0,0,0,0,0,"",0,0,0,0,0,0,0,0,0,0
147,7,0,2,4,1,0,0,0,0,0,255,255,255,70,5875.155,"HANA_ARASHI",R,26,82,134,-1.483,-0.097,-0.12,1.47,-36.341,2,0,-61.64,-180.255,0,0,0,1,1,1,L,"encounter v",190,90,0.547,3,101,5876.243,255,11,114,121,86,150,95,56.872,-56.054,-0.56,-0.017,-0.123,0.062,0,0.666,-0.331,-37.025,0,"_Chun",-0.208,-17.18,0,"Kr_Luna",-20.179,-50.587,0,"오띵__",-11.109,-66.022,0,"なおｐ--",21.779,-47.789,0,"CVPileMaki",15.035,-63.7,0,"tsubasa_jp",44.386,-82.686,0,"_AKASATA_",1.633,-112.29,0,"M_lunatic",-36.578,-92.801,0,5881.184,58.819,-61.119,0,0,"",0,0,0,0,0,0,0,0,0,3
148,7,0,2,4,1,1,0,0,0,0,255,255,255,71,5896.352,"HANA_ARASHI",R,26,87,140,-1.977,0.133,-0.156,1.537,-36.383,2,0,-79.471,-200,0,0,0,1,1,1,L,"encounter v",190,90,0.547,3,101,5897.42,151,11,72,92,58,146,90,91.838,63.268,-0.81,-0.014,-0.097,0.111,0,0.519,-0.211,-36.928,0,"_Chun",-0.264,-17.243,0,"Kr_Luna",-20.785,-51.207,0,"오띵__",-11.12,-65.947,0,"なおｐ--",21.305,-47.052,0,"CVPileMaki",16.535,-62.648,0,"tsubasa_jp",43.653,-81.46,0,"_AKASATA_",7.142,-115.31,0,"M_lunatic",-35.498,-92.483,0,0,0,0,5903.844,1,"_Chun",4.784,-10.889,0,0,0,0,0,0,0,1
149,7,0,2,4,0,0,1,0,0,0,255,255,255,72,5926.83,"HANA_ARASHI",R,29,83,136,0.664,-0.442,0.134,1.4,-36.323,2,0,-250,-200,0,0,0,1,2,4,R,"Slaris",190,86.36,0.452,3,101,5927.752,147,13,162,103,53,150,96,30.157,-7.437,-0.48,-0.072,-0.124,0.281,0,0.141,-0.084,-36.878,0,"_Chun",0.077,-17.303,0,"Kr_Luna",-20.131,-48.574,0,"오띵__",-11.088,-65.956,88,"なおｐ--",19.887,-45.941,0,"CVPileMaki",8.068,-66.276,0,"tsubasa_jp",37.599,-85.241,0,"_AKASATA_",0.411,-118.196,88,"M_lunatic",-45.829,-95.537,0,5932.239,3.839,-99.663,5932.573,7,"_AKASATA_",3.816,-98.404,0,0,0,0,0,0,0,1
150,7,0,2,4,0,0,2,0,0,0,255,255,255,73,5957.9,"HANA_ARASHI",R,26,80,132,-1.908,0.28,-0.149,1.537,-36.41,1,0,-92.354,-200,0,0,0,0,3,0,L,"눈꽃",190,85,0.496,0,101,0,0,0,0,0,0,0,0,0,0,0,0,0,0,0,0,-0.134,-37.269,0,"_Chun",0.141,-17.133,0,"Kr_Luna",-22.838,-51.687,0,"오띵__",-10.74,-66.154,0,"なおｐ--",20.985,-46.538,0,"CVPileMaki",15.083,-63.511,0,"tsubasa_jp",43.488,-82.567,0,"_AKASATA_",2.16,-114.031,0,"M_lunatic",-39.21,-92.858,0,0,0,0,0,0,"",0,0,0,0,0,0,0,0,0,0
151,7,0,2,4,1,0,2,0,0,0,255,255,255,74,5973.697,"HANA_ARASHI",R,13,86,126,-2.924,-1.686,-0.154,1.321,-36.341,4,0,-368.204,338.269,0,-0.688,-17.884,1,3,0,L,"눈꽃",190,85,0.496,0,101,0,0,0,0,0,0,0,0,0,0,0,0,0,0,0,0,-0.141,-37.331,0,"_Chun",0.223,-17.152,0,"Kr_Luna",-20.702,-51.675,0,"오띵__",-10.783,-66.148,0,"なおｐ--",20.808,-46.946,0,"CVPileMaki",15.203,-63.474,0,"tsubasa_jp",44.823,-83.787,0,"_AKASATA_",-0.095,-114.894,0,"M_lunatic",-36.241,-91.948,0,0,0,0,0,0,"",0,0,0,0,0,0,0,0,0,0
152,7,0,2,4,1,1,2,0,0,0,255,255,255,75,5990.726,"HANA_ARASHI",R,26,81,133,-0.797,0.332,-0.044,1.559,-36.4,2,0,-99.346,-155.548,0,0,0,1,3,0,L,"눈꽃",190,85,0.496,3,101,5991.781,255,21,124,130,99,150,89,-8.587,-39.324,-0.87,0.039,-0.044,0.086,0,0.302,-0.185,-36.999,0,"_Chun",-0.198,-17.135,0,"Kr_Luna",-20.348,-51.757,0,"오띵__",-10.747,-66.197,0,"なおｐ--",21.009,-47.185,116,"CVPileMaki",15.209,-63.523,0,"tsubasa_jp",44.448,-83.051,0,"_AKASATA_",2.329,-115.48,0,"M_lunatic",-36.363,-92.105,0,5991.705,4.564,-25.997,5993.073,4,"なおｐ--",18.839,-43.694,0,0,0,0,0,0,0,2
153,8,1,2,4,0,0,0,0,0,0,255,255,255,75,6053.913,"눈꽃",R,0,70,124,-8.64,-2.813,-0.056,1.73,-36.636,1,0,48.451,-36.62,15.554,-1.263,-23.994,0,0,5,R,"CVPileMaki",169.6,94,0.399,0,101,0,0,0,0,0,0,0,0,0,0,0,0,0,0,0,0,-0.187,-37.248,0,"encounter v",-1.729,-17.57,0,"_이누_",-21.037,-47.433,0,"아침땅_",-15.471,-63.046,0,"Slaris",20.584,-50.666,0,"coder_",10.682,-66.097,0,"소솨소솨",39.232,-85.722,0,"ke ro",-2.151,-99.92,0,"Sabo_10",-38.506,-84.086,0,0,0,0,0,0,"",0,0,0,0,0,0,0,0,0,0
154,8,1,2,4,1,0,0,0,0,0,255,255,255,76,6073.555,"눈꽃",R,0,83,135,0.204,0.444,0.181,1.958,-36.721,2,0,43.227,-41.062,4.366,0,0,1,0,5,R,"CVPileMaki",169.6,94,0.399,3,101,6074.604,169,15,98,93,38,150,94,23.882,15.347,-0.26,0.031,-0.016,0.142,0,0.149,0.061,-37.245,0,"encounter v",-0.138,-17.208,0,"_이누_",-20.137,-46.741,0,"아침땅_",-15.573,-63.168,0,"Slaris",20.396,-50.521,0,"coder_",10.743,-66.013,0,"소솨소솨",39.748,-85.373,0,"ke ro",-1.281,-101.542,0,"Sabo_10",-38.591,-81.432,88,0,0,0,6079.399,8,"Sabo_10",-32.302,-92.77,0,0,0,0,0,0,0,1
155,8,1,2,4,0,0,1,0,0,0,255,255,255,77,6100.074,"눈꽃",R,3,63,107,0.936,0.569,0.261,1.79,-36.601,0,0,-486.364,0,-3.682,0,0,0,1,2,L,"Kr_Luna",190,95.367,0.505,0,101,0,0,0,0,0,0,0,0,0,0,0,0,0,0,0,0,0.077,-37.648,0,"encounter v",-0.083,-16.823,0,"_이누_",-18.237,-47.927,0,"아침땅_",-12.496,-65.191,0,"Slaris",24.2,-52.559,0,"coder_",13.918,-67.953,0,"소솨소솨",55.301,-101.375,0,"ke ro",17.974,-111.168,0,"Sabo_10",-29.962,-87.335,0,0,0,0,0,0,"",0,0,0,0,0,0,0,0,0,0
156,8,1,2,4,0,1,1,0,0,0,255,255,255,78,6118.183,"눈꽃",R,6,61,108,6.418,-2.008,0.29,1.579,-36.452,1,0,392.727,9.184,12.156,1.324,-18.998,0,1,2,L,"Kr_Luna",190,95.367,0.505,0,101,0,0,0,0,0,0,0,0,0,0,0,0,0,0,0,0,0.256,-37.473,0,"encounter v",1.313,-17.145,0,"_이누_",-18.158,-47.963,0,"아침땅_",-12.513,-65.221,0,"Slaris",23.652,-52.301,0,"coder_",14.011,-68.967,0,"소솨소솨",55.263,-101.372,0,"ke ro",18,-111.152,0,"Sabo_10",-30.508,-88.479,0,0,0,0,0,0,"",0,0,0,0,0,0,0,0,0,0
157,8,1,2,4,1,1,1,0,0,0,255,255,255,79,6137.751,"눈꽃",R,34,84,137,2.986,-0.122,-0.127,1.99,-36.616,2,0,68.599,-57.579,17.937,0,0,1,1,2,L,"Kr_Luna",190,95.367,0.505,2,101,6138.537,159,20,152,112,53,150,107,-15.012,-32.853,0,0.008,-0.015,0.352,0,0.122,-0.104,-37.085,0,"encounter v",-0.097,-16.988,0,"_이누_",-17.136,-49.863,76,"아침땅_",-13.031,-64.938,0,"Slaris",23.435,-52.308,120,"coder_",10.989,-66.904,0,"소솨소솨",55.153,-100.838,0,"ke ro",16.632,-114.02,0,"Sabo_10",-32.496,-90.453,0,6138.33,2.631,-24.497,6139.83,4,"Slaris",18.952,-48.841,0,0,0,0,0,0,0,2
158,8,1,2,4,0,0,2,0,0,0,255,255,255,80,6159.099,"눈꽃",R,6,65,110,4.233,-0.42,0.268,1.69,-36.449,1,0,402.416,0,6.355,0,0,0,2,1,L,"_Chun",190,80,0.455,0,101,0,0,0,0,0,0,0,0,0,0,0,0,0,0,0,0,0.153,-37.189,0,"encounter v",0.149,-16.983,0,"_이누_",-18.76,-48.88,0,"아침땅_",-12.562,-65.086,0,"Slaris",23.288,-52.846,0,"coder_",13.153,-65.008,0,"소솨소솨",56.073,-98.5,0,"ke ro",14.074,-107.759,0,"Sabo_10",-29.172,-85.052,0,0,0,0,0,0,"",0,0,0,0,0,0,0,0,0,0
159,8,1,2,4,1,0,2,0,0,0,255,255,255,81,6170.822,"눈꽃",R,0,79,130,1.524,-0.682,0.158,1.758,-36.599,2,0,44.962,-38.093,4.085,0,0,1,2,1,L,"_Chun",190,80,0.455,3,101,6171.786,186,9,95,69,38,150,126,106.013,66.932,0.6,-0.115,-0.055,0.16,0,0.305,0.137,-37.092,0,"encounter v",0.042,-17.18,0,"_이누_",-18.47,-48.965,0,"아침땅_",-12.686,-64.991,0,"Slaris",22.847,-53.07,0,"coder_",10.961,-66.583,0,"소솨소솨",56.08,-98.463,0,"ke ro",13.816,-105.761,0,"Sabo_10",-29.669,-85.919,0,0,0,0,0,0,"",0,0,0,0,0,0,0,0,0,3
160,8,1,2,4,1,1,2,0,0,0,255,255,255,82,6189.904,"눈꽃",R,34,77,129,-0.341,1.475,0.136,2.107,-36.701,1,0,57.269,-41.107,7.316,0,0,0,2,1,L,"_Chun",190,80,0.455,0,101,0,0,0,0,0,0,0,0,0,0,0,0,0,0,0,0,0.147,-37.697,0,"encounter v",0.068,-16.895,0,"_이누_",-17.938,-48.718,0,"아침땅_",-13.084,-64.938,0,"Slaris",23.6,-53.663,0,"coder_",13.837,-68.148,0,"소솨소솨",56.68,-98.215,0,"ke ro",12.521,-103.464,0,"Sabo_10",-29.28,-87.932,0,0,0,0,0,0,"",0,0,0,0,0,0,0,0,0,0
161,8,1,2,4,2,1,2,0,0,0,255,255,255,83,6201.242,"눈꽃",R,34,93,140,-1.275,0.197,-0.19,1.872,-36.573,2,0,62.231,-46.7,11.826,0,0,1,2,1,L,"_Chun",190,80,0.455,3,101,6202.127,255,10,130,59,33,150,110,27.898,-19.278,0.09,-0.103,0.004,0.163,0,0.24,-0.159,-37.118,0,"encounter v",-0.113,-17.141,0,"_이누_",-19.024,-49.428,0,"아침땅_",-12.808,-65.047,0,"Slaris",23.499,-53.689,0,"coder_",10.713,-66.44,0,"소솨소솨",56.821,-98.162,0,"ke ro",12.52,-103.454,0,"Sabo_10",-31.635,-86.313,0,0,0,0,6207.239,7,"ke ro",26.53,-110.632,0,0,0,0,0,0,0,1
162,8,0,2,4,0,0,0,0,0,0,255,255,255,76,6310.345,"HANA_ARASHI",R,26,81,132,2.147,0.375,0.214,1.551,-36.467,1,0,-45.121,-200,0,0,0,0,4,8,L,"Sabo_10",184.6,90,0.602,0,83,0,0,0,0,0,0,0,0,0,0,0,0,0,0,0,0,-0.079,-37.216,0,"_Chun",0.197,-17.286,0,"Kr_Luna",-21.082,-49.714,0,"오띵__",-9.132,-66.672,0,"なおｐ--",21.18,-47.131,0,"CVPileMaki",16.113,-62.526,0,"tsubasa_jp",40.918,-92.771,0,"_AKASATA_",9.129,-115.765,0,"M_lunatic",-30.717,-99.024,0,0,0,0,0,0,"",0,0,0,0,0,0,0,0,0,0
163,8,0,2,4,1,0,0,0,0,0,255,255,255,77,6325.936,"HANA_ARASHI",R,26,86,140,1.191,-0.153,0.145,1.459,-36.374,0,0,-121.531,-200,0,0,0,0,4,8,L,"Sabo_10",184.6,90,0.602,0,83,0,0,0,0,0,0,0,0,0,0,0,0,0,0,0,0,0.05,-37.138,0,"_Chun",0.097,-17.302,0,"Kr_Luna",-20.644,-50.384,0,"오띵__",-9.077,-66.495,0,"なおｐ--",21.765,-47.925,0,"CVPileMaki",16.792,-62.638,0,"tsubasa_jp",40.905,-93.29,0,"_AKASATA_",9.55,-118.214,0,"M_lunatic",-33.295,-102.107,0,0,0,0,0,0,"",0,0,0,0,0,0,0,0,0,0
164,8,0,2,4,1,1,0,0,0,0,255,255,255,78,6341.511,"HANA_ARASHI",R,14,63,107,3.031,-1.212,0.142,1.454,-36.239,4,0,357.819,338.653,0,0,0,1,4,8,L,"Sabo_10",184.6,90,0.602,0,83,0,0,0,0,0,0,0,0,0,0,0,0,0,0,0,0,-0.127,-37.416,0,"_Chun",0.24,-17.262,0,"Kr_Luna",-20.957,-49.355,0,"오띵__",-10.202,-66.383,0,"なおｐ--",21.771,-47.937,0,"CVPileMaki",17.405,-62.177,0,"tsubasa_jp",40.839,-93.318,0,"_AKASATA_",10.399,-119.299,0,"M_lunatic",-33.284,-102.128,0,0,0,0,0,0,"",0,0,0,0,0,0,0,0,0,0
165,8,0,2,4,1,2,0,0,0,0,255,255,255,79,6358.065,"HANA_ARASHI",R,6,60,109,1.878,-0.65,0.049,1.457,-36.408,2,0,317.499,84.984,0,0,0,1,4,8,L,"Sabo_10",184.6,90,0.602,3,83,6359.393,95,11,82,81,43,134,107,-30,-15.829,0.9,0.021,-0.055,0.293,0,0.442,-0.246,-36.989,0,"_Chun",0.397,-17.379,0,"Kr_Luna",-20.296,-52.386,88,"오띵__",-8.327,-67.058,0,"なおｐ--",21.855,-48.049,0,"CVPileMaki",17.414,-62.262,94,"tsubasa_jp",41.044,-93.249,0,"_AKASATA_",10.422,-119.124,0,"M_lunatic",-32.665,-102.171,0,6359.059,0.691,-21.108,6361.191,5,"CVPileMaki",11.619,-59.122,0,16,0,0,0,0,0,2
166,8,0,2,4,0,0,1,0,0,0,255,255,255,80,6398.544,"HANA_ARASHI",R,10,79,120,-3.132,0.761,0.15,1.522,-36.341,2,0,0,400,0,0,0,1,5,2,R,"アリアル",190,94.5,0.5,3,36,6399.419,255,22,197,52,25,150,103,27.442,29.606,-0.21,-0.044,-0.009,0.265,0,0.33,0.047,-36.819,0,"_Chun",0.122,-17.201,0,"Kr_Luna",-20.532,-49.129,0,"오띵__",-10.734,-66.25,0,"なおｐ--",22.436,-48.745,0,"CVPileMaki",9.48,-66.48,0,"tsubasa_jp",38.715,-92.699,0,"_AKASATA_",-8.846,-111.856,0,"M_lunatic",-43.654,-91.586,86,0,0,0,6403.566,8,"M_lunatic",-44.973,-88.173,0,0,0,0,0,0,0,1
167,8,0,2,4,0,0,2,0,0,0,255,255,255,81,6430.961,"HANA_ARASHI",R,13,72,113,0.712,-0.689,0.199,1.56,-36.398,2,0,-370.337,335.932,0,0,0,1,6,3,R,"아침땅_",160,94.757,0.5,2,100,6432.037,113,18,68,119,85,138,86,-30,12.11,0.94,0.001,-0.014,0.009,0,0.423,-0.184,-36.751,0,"_Chun",0.137,-17.1,0,"Kr_Luna",-20.324,-50.88,85,"오띵__",-11.375,-65.916,100,"なおｐ--",22.062,-48.303,0,"CVPileMaki",7.32,-66.811,0,"tsubasa_jp",38.693,-90.767,0,"_AKASATA_",5.287,-115.303,0,"M_lunatic",-39.715,-93.846,0,6431.739,-0.098,-21.546,6434.281,3,"오띵__",-7.86,-58.251,0,0,0,0,0,0,0,2
168,9,1,2,4,0,0,0,0,0,0,255,255,255,84,6486.467,"눈꽃",R,34,69,123,1.932,-0.234,0.201,1.827,-36.635,4,0,92.89,-77.356,8.423,0,0,1,3,4,R,"なおｐ--",190,90.37,0.445,0,78,0,0,0,0,0,0,0,0,0,0,0,0,0,0,0,0,0.318,-37.335,0,"encounter v",-0.133,-16.92,0,"アリアル",-22.92,-47.751,0,"아침땅_",-15.145,-63.46,0,"Slaris",20.705,-49.546,0,"coder_",8.172,-66.232,0,"소솨소솨",41.65,-84.941,0,"ke ro",-13.429,-116.558,0,"Sabo_10",-45.683,-96.291,0,0,0,0,0,0,"",0,0,0,0,0,0,0,0,0,0
169,9,1,2,4,0,1,0,0,0,0,255,255,255,85,6502.999,"눈꽃",R,0,94,140,-2.15,-1.064,-0.174,1.686,-36.613,1,0,17.635,-10.328,1.554,0,0,0,3,4,R,"なおｐ--",190,90.37,0.445,0,78,0,0,0,0,0,0,0,0,0,0,0,0,0,0,0,0,0.221,-37.434,0,"encounter v",-0.279,-16.952,0,"アリアル",-22.927,-47.773,0,"아침땅_",-15.611,-62.922,0,"Slaris",20.756,-49.531,0,"coder_",9.164,-66.9,0,"소솨소솨",41.666,-84.929,0,"ke ro",-13.429,-116.568,0,"Sabo_10",-46.785,-92.827,0,0,0,0,0,0,"",0,0,0,0,0,0,0,0,0,0
170,9,1,2,4,1,1,0,0,0,0,255,255,255,86,6516.048,"눈꽃",R,0,84,138,3.083,-0.416,0.137,1.716,-36.505,2,0,27.839,-15.932,8.341,0,0,0,3,4,R,"なおｐ--",190,90.37,0.445,3,78,6517.083,255,20,60,54,34,140,92,-6.335,12.444,-0.6,-0.079,-0.047,0.502,0,0.454,0.461,-37.186,0,"encounter v",-0.091,-17.113,0,"アリアル",-22.847,-47.686,0,"아침땅_",-15.401,-63.267,0,"Slaris",20.654,-49.383,0,"coder_",8.866,-66.84,85,"소솨소솨",41.737,-84.979,0,"ke ro",-13.46,-116.594,88,"Sabo_10",-48.532,-97.763,0,6516.906,-0.742,-26.214,6521.364,7,"ke ro",-13.658,-93.979,1,0,0,0,0,0,0,2
171,9,1,2,4,0,0,0,1,0,0,4,255,255,87,6546.641,"눈꽃",R,0,77,129,1.787,0.118,0.136,1.824,-36.586,2,0,43.337,-40.374,5.216,0,0,1,4,0,R,"HANA_ARASHI",190,85.084,0.253,3,54,6547.747,207,17,119,109,52,150,90,106.314,-15.936,-0.82,-0.019,-0.056,0.208,0,0.495,0.155,-37.131,0,"encounter v",-0.046,-17.254,0,"アリアル",-19.376,-42.509,0,"아침땅_",-15.16,-63.669,0,"Slaris",21.531,-50.941,0,"coder_",9.512,-64.963,0,"소솨소솨",41.216,-82.183,0,"ke ro",-12.237,-113.03,0,"Sabo_10",-43.78,-94.077,0,0,0,0,0,0,"",0,0,0,0,0,0,0,0,0,3
172,9,1,2,4,0,1,0,1,0,0,4,255,255,88,6565.501,"눈꽃",R,28,84,138,1.103,0.571,0.042,1.909,-36.526,2,0,38.579,-57.852,13.004,0,0,1,4,0,R,"HANA_ARASHI",190,85.084,0.253,3,54,6566.635,135,10,163,90,18,146,95,105.218,29.683,-0.57,-0.014,-0.077,0.107,0,0.582,0.102,-37.102,0,"encounter v",-0.077,-17.258,0,"アリアル",-21.081,-44.996,0,"아침땅_",-14.974,-63.636,0,"Slaris",21.422,-50.176,0,"coder_",9.763,-64.67,0,"소솨소솨",41.486,-82.258,0,"ke ro",-10.492,-113.257,0,"Sabo_10",-45.135,-92.866,0,0,0,0,0,0,"",0,0,0,0,0,0,0,0,0,3
173,9,1,2,4,0,2,0,1,0,0,4,255,255,89,6584.355,"눈꽃",R,27,79,130,1.128,1.044,0.014,1.965,-36.498,2,0,19.953,-136.664,31.055,0,0,1,4,0,R,"HANA_ARASHI",190,85.084,0.253,3,54,6585.45,255,18,146,86,11,150,90,64.085,-44.983,-0.82,0.019,-0.055,0.118,0,0.774,0.031,-37.073,0,"encounter v",-0.049,-17.343,0,"アリアル",-21.413,-45.185,0,"아침땅_",-15.051,-63.725,0,"Slaris",21.022,-50.449,85,"coder_",9.796,-66.327,0,"소솨소솨",41.49,-82.257,0,"ke ro",-10.08,-111.212,0,"Sabo_10",-45.015,-89.456,0,6591.066,39.484,-55.146,6591.184,4,"Slaris",38.55,-54.337,0,0,0,0,0,0,0,1
174,9,1,2,4,0,0,1,1,0,0,0,255,255,90,6615.102,"눈꽃",R,0,85,139,1.703,0.731,0.095,1.854,-36.536,2,0,29.443,-19.261,2.445,0,0,1,5,3,R,"오띵__",166.9,80,0.402,3,100,6616.088,185,9,84,49,35,147,93,54.357,57.829,-0.23,0.065,-0.002,0.045,0,0.216,0.099,-37.124,0,"encounter v",-0.018,-17.057,0,"アリアル",-21.405,-45.818,0,"아침땅_",-14.933,-63.825,0,"Slaris",19.763,-49.383,0,"coder_",10.392,-65.679,0,"소솨소솨",31.836,-81.107,0,"ke ro",-12.792,-104.605,0,"Sabo_10",-45.282,-82.282,0,6620.316,-59.202,-61.125,0,0,"",0,0,0,0,0,0,0,0,0,3
175,9,1,2,4,0,1,1,1,0,0,0,255,255,91,6635.932,"눈꽃",R,0,92,140,1.305,0.33,0.105,1.931,-36.523,2,0,41.099,-27.174,4.638,0,0,1,5,3,R,"오띵__",166.9,80,0.402,3,78,6636.92,254,14,148,17,28,150,93,11.582,37.222,-0.25,0.058,-0.002,0.169,0,0.321,0.012,-37.03,0,"encounter v",-0.015,-17.199,0,"アリアル",-20.909,-43.829,0,"아침땅_",-14.922,-63.758,0,"Slaris",19.752,-48.666,0,"coder_",10.655,-65.827,95,"소솨소솨",30.235,-84.108,0,"ke ro",-11.782,-106.541,0,"Sabo_10",-44.204,-81.426,96,6638.33,-23.1,-52.024,6639.885,8,"Sabo_10",-35.324,-70.175,1,0,0,0,0,0,0,2
176,9,1,2,4,0,0,2,1,0,0,3,255,255,92,6663.551,"눈꽃",R,0,91,140,-0.638,0.397,-0.092,1.848,-36.535,0,0,2.665,-21.667,7.378,0,0,0,6,8,L,"M_lunatic",160,95.162,0.444,0,100,0,0,0,0,0,0,0,0,0,0,0,0,0,0,0,0,0.181,-37.418,0,"encounter v",-1.858,-20.4,0,"アリアル",-20.422,-43.71,85,"아침땅_",-11.776,-64.186,0,"Slaris",18.904,-47.166,0,"coder_",8.391,-62.63,0,"소솨소솨",37.093,-75.607,0,"ke ro",0.845,-93.999,0,"Sabo_10",-32.812,-74.084,0,0,0,0,0,0,"",0,0,0,0,0,0,0,0,0,0
177,9,1,2,4,0,1,2,1,0,0,3,255,255,93,6682.62,"눈꽃",R,28,76,128,-0.299,0.012,-0.152,1.786,-36.521,2,0,84.199,-92.056,17.195,0,0,1,6,8,L,"M_lunatic",160,95.162,0.444,3,100,6683.634,255,20,75,62,38,149,120,-10.661,23.194,0.27,0.029,-0.088,0.132,0,0.394,-0.07,-37.156,0,"encounter v",-0.09,-17.068,0,"アリアル",-21.447,-46.056,0,"아침땅_",-13.345,-64.885,95,"Slaris",18.63,-46.488,0,"coder_",10.805,-63.735,0,"소솨소솨",37.094,-75.589,0,"ke ro",0.61,-93.493,0,"Sabo_10",-33.132,-75.227,0,6683.413,-1.881,-25.054,6685.351,3,"아침땅_",-16.766,-59.097,0,64,0,0,0,0,0,2
