id,inn,half,scoreA,scoreB,ball,strk,out,b1,b2,b3,b1Idx,b2Idx,b3Idx,pCnt,pSec,pName,pHand,pType,spdK,zoneX,zoneY,call,sH,sV,plx,plz,bSwing,bIdx,bPos,bZone,bName,bHCm,batLen,batCen,batType,bFps,hSec,rotS,shS,lgS,batSpd,ev,ldeg,sdeg,hPos,hMoveX,hMoveY,stayCon,hitSpnX,hitSpnY,hitSpnZ,PPosX,PPosY,CPosX,CPosY,1BPosX,1BPosY,2BPosX,2BPosY,3BPosX,3BPosY,SSPosX,SSPosY,LFPosX,LFPosY,CFPosX,CFPosY,RFPosX,RFPosY,ltSec,lx,lz,cSec,cPos,cPlr,cx,cz,1BSafe,tag,cpSec,sb2Sec,sb3Sec,sbhSec,ass,result
1,1,1,0,0,0,0,0,0,0,0,255,255,255,0,2167.675,"하루（Haru）",R,0,140,0.379,0.378,0,86.263,-142.248,0,0,0,0,2,L,"Fresh825",172.6,86,0.2,0,83,0,0,0,0,0,0,0,0,0,0,0,0,0,0,0,-0.434,-37.275,-0.006,-17.063,-19.2,-48.162,-13.096,-64.647,24.33,-50.66,13.234,-64.726,41.864,-83.626,1.119,-116.193,-39.63,-96.173,0,0,0,0,0,"",0,0,0,0,0,0,0,0,0,0
2,1,1,0,0,0,1,0,0,0,0,255,255,255,1,2185.311,"하루（Haru）",R,13,89,-1.222,-0.352,2,-315.897,312.348,0,0,0,0,2,L,"Fresh825",172.6,86,0.2,2,83,2186.578,110,98,73,138,80,-40.956,42.109,-0.46,0.116,-0.185,0.157,0,0,0,-0.307,-36.98,-0.2,-17.37,-19.388,-48.919,-13.066,-64.598,24.393,-50.626,13.321,-64.567,41.88,-83.595,0.599,-116.264,-39.418,-95.741,2186.767,-0.943,-20.826,2189.034,2,"Pugeuk",-18.075,-40.659,0,0,0,0,0,0,0,2
3,1,1,0,0,0,0,1,0,0,0,255,255,255,2,2218.282,"하루（Haru）",R,0,94,0.784,0.831,0,0,0,0,0,0,1,4,R,"Megu3568",174.7,86,0.404,0,59,0,0,0,0,0,0,0,0,0,0,0,0,0,0,0,-0.173,-36.915,0.014,-16.91,-20.143,-49.912,-13.196,-64.795,24.657,-50.558,13.235,-64.818,39.006,-83.66,1.309,-113.214,-39.829,-91.215,0,0,0,0,0,"",0,0,0,0,0,0,0,0,0,0
4,1,1,0,0,0,1,1,0,0,0,255,255,255,3,2237.446,"하루（Haru）",R,0,139,-0.99,0.614,0,66.014,-115.411,0,0,0,1,4,R,"Megu3568",174.7,86,0.404,0,59,0,0,0,0,0,0,0,0,0,0,0,0,0,0,0,-0.126,-37.32,0.026,-16.896,-20.388,-49.722,-13.207,-64.787,24.725,-50.475,13.201,-64.77,39.036,-83.684,1.776,-116.124,-39.972,-91.229,0,0,0,0,0,"",0,0,0,0,0,0,0,0,0,0
5,1,1,0,0,0,2,1,0,0,0,255,255,255,4,2256.062,"하루（Haru）",R,0,130,0.426,1.656,2,50.586,-70.954,0,0,1,1,4,R,"Megu3568",174.7,86,0.404,3,59,2257.183,161,64,15,132,127,-14.281,33.035,0.57,0.098,0.065,0.106,0,0,0,-0.648,-37.047,0.012,-17.136,-20.168,-49.916,-13.166,-64.706,24.736,-50.355,13.367,-64.665,39.024,-83.666,-2.263,-113.708,-43.611,-93.681,2257.401,-3.15,-23.723,2258.584,2,"Pugeuk",-18.745,-46.735,0,0,0,0,0,0,0,2
6,1,1,0,0,0,0,2,0,0,0,255,255,255,5,2287.54,"하루（Haru）",R,13,103,-2.441,-1.604,1,-365.589,312.348,0,0,0,2,7,R,"Gonyong",179.9,95,0.2,0,59,0,0,0,0,0,0,0,0,0,0,0,0,0,0,0,-0.328,-37.09,-0.192,-16.946,-21.455,-50.365,-13.047,-64.661,24.566,-50.884,13.263,-64.794,39.31,-83.694,-1.569,-112.356,-39.9,-93.554,0,0,0,0,0,"",0,0,0,0,0,0,0,0,0,0
7,1,1,0,0,1,0,2,0,0,0,255,255,255,6,2302.936,"하루（Haru）",R,0,135,-0.757,1.22,1,57.622,-98.133,0,0,0,2,7,R,"Gonyong",179.9,95,0.2,0,59,0,0,0,0,0,0,0,0,0,0,0,0,0,0,0,-0.1,-37.318,-0.102,-16.875,-21.513,-50.331,-13.065,-64.683,24.648,-50.842,13.305,-64.749,39.339,-83.667,-0.721,-111.101,-39.898,-93.543,0,0,0,0,0,"",0,0,0,0,0,0,0,0,0,0
8,1,1,0,0,2,0,2,0,0,0,255,255,255,7,2318.778,"하루（Haru）",R,0,138,0.383,-1.026,2,162.118,-75.899,0,0,1,2,7,R,"Gonyong",179.9,95,0.2,3,59,2319.648,172,99,22,144,117,33.279,20.74,0.17,-0.056,-0.047,0.203,0,0,0,-0.241,-36.894,-0.056,-17.221,-21.334,-50.446,-13.016,-64.606,23.443,-49.643,13.488,-64.811,37.943,-85.247,-0.87,-112.392,-39.889,-93.535,0,0,0,2324.951,8,"卯月満開",-41.011,-106.581,0,0,0,0,0,0,0,1
9,1,0,0,0,0,0,0,0,0,0,255,255,255,0,2535.758,"Pring__",R,0,132,-0.409,-0.465,0,250,-76.945,0,0,0,0,2,R,"Pugeuk",190,97,0.598,0,59,0,0,0,0,0,0,0,0,0,0,0,0,0,0,0,-0.37,-37.801,-0.263,-16.917,-24.224,-48.678,-14.467,-64.195,19.097,-48.196,10.584,-63.288,35.512,-87.129,-0.538,-109.163,-42.672,-89.739,0,0,0,0,0,"",0,0,0,0,0,0,0,0,0,0
10,1,0,0,0,0,1,0,0,0,0,255,255,255,1,2552.217,"Pring__",R,3,96,-1.651,-0.523,1,-436.364,0,0,0,0,0,2,R,"Pugeuk",190,97,0.598,0,59,0,0,0,0,0,0,0,0,0,0,0,0,0,0,0,-0.153,-37.971,-0.259,-16.948,-24.194,-48.557,-14.548,-64.158,19.158,-48.19,10.55,-63.262,35.506,-87.139,-0.58,-109.172,-42.89,-89.252,0,0,0,0,0,"",0,0,0,0,0,0,0,0,0,0
11,1,0,0,0,0,2,0,0,0,0,255,255,255,2,2572.876,"Pring__",R,0,128,2.648,0.861,2,239.886,-75.594,0,0,1,0,2,R,"Pugeuk",190,97,0.598,3,59,2573.913,64,67,20,83,67,-49.421,-51.69,-0.48,-0.007,-0.134,0.021,0,0,0,0.118,-37.103,0.162,-17.101,-24.15,-48.552,-14.508,-64.13,18.977,-47.967,10.481,-63.277,35.518,-87.142,-0.268,-108.993,-45.023,-89.479,2574.117,1.848,-20.853,2577.134,4,"Megu3568",25.659,-41.282,0,0,0,0,0,0,0,2
12,1,0,0,0,0,2,0,0,0,0,255,255,255,3,2593.148,"Pring__",R,3,113,-1.633,-0.464,4,-500,0,0,0,1,0,2,R,"Pugeuk",190,97,0.598,0,59,0,0,0,0,0,0,0,0,0,0,0,0,0,0,0,-0.123,-37.969,-0.519,-17.021,-24.292,-47.746,-14.779,-63.937,18.859,-48.76,9.351,-62.604,36.721,-85.07,0.373,-107.742,-44.102,-92.255,0,0,0,0,0,"",0,0,0,0,0,0,0,0,0,0
13,1,0,0,0,0,0,1,0,0,0,255,255,255,4,2621.842,"Pring__",R,14,100,1.35,-1.694,1,321.408,353.558,0.375,-18.4,0,1,4,R,"bdg06213",190,99.549,0.504,0,59,0,0,0,0,0,0,0,0,0,0,0,0,0,0,0,-0.188,-37.918,0.191,-17.073,-25.161,-49.104,-13.145,-64.283,18.898,-48.74,9.421,-62.54,37.155,-84.393,0.655,-102.07,-38.515,-86.401,0,0,0,0,0,"",0,0,0,0,0,0,0,0,0,0
14,1,0,0,0,1,0,1,0,0,0,255,255,255,5,2639.985,"Pring__",R,0,138,1.604,-0.469,2,247.16,-79.403,0,0,1,1,4,R,"bdg06213",190,99.549,0.504,3,59,2641.062,113,98,8,135,84,9.14,6.622,-0.54,-0.055,-0.155,0.076,0,0,0,-0.003,-37.421,0.163,-17.226,-25.024,-48.973,-13.138,-64.166,18.716,-48.575,9.42,-62.543,37.197,-84.416,0.536,-101.816,-37.11,-87.183,2643.634,-5.957,-66.293,2645.551,7,"Gonyong",-7.2,-85.496,1,0,0,0,0,0,0,2
15,1,0,0,0,0,0,1,1,0,0,13,255,255,6,2677.504,"Pring__",R,3,109,0.073,-0.337,0,-495.455,0,-0.976,-17.497,0,2,0,L,"하루（Haru）",190,107,0.55,0,59,0,0,0,0,0,0,0,0,0,0,0,0,0,0,0,0.344,-38.4,0.057,-16.865,-18.439,-39.776,-10.492,-65.79,19.318,-49.909,11.447,-64.347,38.087,-86.232,1.761,-106.224,-35.595,-86.744,0,0,0,0,0,"",0,0,0,0,0,0,0,0,0,0
16,1,0,0,0,0,1,1,1,0,0,13,255,255,7,2696.667,"Pring__",R,14,107,2.498,-2.529,1,368.396,326.446,0,0,0,2,0,L,"하루（Haru）",190,107,0.55,0,59,0,0,0,0,0,0,0,0,0,0,0,0,0,0,0,0.277,-37.778,0.143,-17.728,-18.536,-39.845,-10.501,-65.802,19.301,-49.937,10.017,-65.025,38.071,-86.239,1.743,-106.152,-42.702,-86.686,0,0,0,0,0,"",0,0,0,0,0,0,0,0,0,0
17,1,0,0,0,1,1,1,1,0,0,13,255,255,8,2712.819,"Pring__",R,3,118,0.274,0.39,2,-496.001,0,0,0,1,2,0,L,"하루（Haru）",190,107,0.55,3,59,2714.043,190,197,36,155,114,50,-40.895,0.29,0.086,-0.063,0.179,0,0,0,0.075,-36.998,-0.354,-17.089,-18.694,-39.604,-10.446,-65.664,19.365,-49.765,11.453,-64.948,38.034,-86.212,1.784,-106.126,-42.707,-89.076,2719.384,65.549,-80.796,0,0,"",0,0,0,0,0,0,0,0,0,3
18,1,0,0,0,1,2,1,1,0,0,13,255,255,9,2756.877,"Pring__",R,10,106,1.127,-0.913,2,0,400,0,0,0,2,0,L,"하루（Haru）",190,107,0.55,3,49,2757.994,148,232,123,149,92,-30,-48.94,0.94,0.214,-0.122,0.248,0,0,0,0.099,-36.907,0.115,-17.24,-18.8,-39.837,-11.63,-65.617,19.509,-48.829,12.992,-64.111,39.972,-84.642,2.744,-100.499,-42.907,-87.768,2758.217,1.333,-21.15,0,0,"",0,0,0,0,0,0,0,0,0,3
19,1,0,0,0,1,2,1,1,0,0,13,255,255,10,2782.133,"Pring__",R,14,92,2.273,-1.364,1,323.684,316.576,0.612,-17.809,0,2,0,L,"하루（Haru）",190,107,0.55,0,59,0,0,0,0,0,0,0,0,0,0,0,0,0,0,0,0.013,-37.997,-0.057,-17.704,-18.838,-39.767,-7.443,-64.317,19.608,-46.974,11.659,-63.967,40.795,-85.251,1.739,-104.241,-42.566,-88.26,0,0,0,0,0,"",0,0,0,4,0,0,0,0,0,0
20,1,0,0,0,2,2,1,1,0,0,13,255,255,11,2806.744,"Pring__",R,0,132,-0.065,1.397,4,206.533,-123.006,0,0,1,2,0,L,"하루（Haru）",190,107,0.55,0,49,0,0,0,0,0,0,0,0,0,0,0,0,0,0,0,0.15,-38.442,-0.141,-17.815,-18.951,-39.846,-8.264,-65.952,19.667,-46.904,12.633,-63.527,40.776,-85.267,1.682,-104.222,-39.099,-87.722,0,0,0,0,0,"",0,0,0,0,0,0,0,0,0,0
21,1,0,0,0,0,0,2,1,0,0,13,255,255,12,2843.592,"Pring__",R,0,128,-0.216,-0.822,0,216.375,-77.92,0.22,-12.837,0,3,5,R,"장덕춘_",170.2,94.815,0.549,0,59,0,0,0,0,0,0,0,0,0,0,0,0,0,0,0,0.081,-37.284,-0.212,-17.123,-18.629,-39.838,-13.613,-62.946,18.767,-48.602,6.679,-63.315,39.641,-86.346,0.964,-109.824,-34.863,-91.195,0,0,0,0,0,"",0,0,0,0,0,0,0,0,0,0
22,1,0,0,0,0,1,2,1,0,0,13,255,255,13,2866.479,"Pring__",R,3,100,-1.291,-0.268,0,-419.27,0,0,0,1,3,5,R,"장덕춘_",170.2,94.815,0.549,0,59,0,0,0,0,0,0,0,0,0,0,0,0,0,0,0,-0.13,-37.745,-0.385,-17.594,-18.687,-39.765,-13.626,-62.94,18.715,-48.565,5.144,-62.377,39.691,-86.323,0.852,-108.432,-33.866,-88.489,0,0,0,0,0,"",0,0,0,0,0,0,0,0,0,0
23,1,0,0,0,0,2,2,1,0,0,13,255,255,14,2888.482,"Pring__",R,0,136,-1.09,0.71,2,250,-170.411,0,0,1,3,5,R,"장덕춘_",170.2,94.815,0.549,2,59,2889.287,112,87,32,135,80,41.511,-18.636,-0.1,-0.125,-0.125,0.095,0,0,0,-0.476,-36.984,-0.465,-17.103,-18.694,-39.787,-13.677,-62.986,18.634,-48.392,8.49,-63.338,39.673,-86.37,0.498,-108.385,-34.302,-85.516,0,0,0,2894.251,5,"Yaksok~",12.944,-75.186,0,0,0,0,0,0,0,1
24,2,1,0,0,0,0,0,0,0,0,255,255,255,8,2948.954,"하루（Haru）",R,0,126,2.31,1.27,2,74.533,-127.055,0,0,1,3,1,R,"편하비_",183,94.587,0.455,2,59,2949.708,195,69,9,135,82,44.411,-25.993,-0.51,0.007,-0.023,0,0,0,0,-0.245,-36.893,0.022,-17.251,-20.792,-50.595,-12.971,-64.647,23.678,-50.041,13.495,-64.567,39.164,-84.728,-1.7,-115.635,-42.158,-98.59,0,0,0,2954.867,4,"bdg06213",26.82,-68.8,0,0,0,0,0,0,0,1
25,2,1,0,0,0,0,1,0,0,0,255,255,255,9,2985.115,"하루（Haru）",R,13,96,-2.013,-0.724,1,-340.743,312.348,0,0,0,4,8,L,"SOM_candy",179.9,102.048,0.554,0,59,0,0,0,0,0,0,0,0,0,0,0,0,0,0,0,-0.348,-36.826,-0.179,-17.006,-17.98,-49.9,-9.694,-65.573,22.152,-47.099,13.505,-64.471,41.308,-83.749,5.623,-110.628,-37.28,-95.761,0,0,0,0,0,"",0,0,0,0,0,0,0,0,0,0
26,2,1,0,0,1,0,1,0,0,0,255,255,255,10,3003.53,"하루（Haru）",R,0,140,1.337,0.241,0,112.522,-83.888,0,0,1,4,8,L,"SOM_candy",179.9,102.048,0.554,0,59,0,0,0,0,0,0,0,0,0,0,0,0,0,0,0,-0.217,-36.895,0.311,-16.916,-17.917,-49.851,-9.814,-65.605,22.197,-47.072,13.49,-64.419,41.327,-83.697,0.991,-112.237,-37.251,-95.71,0,0,0,0,0,"",0,0,0,0,0,0,0,0,0,0
27,2,1,0,0,1,1,1,0,0,0,255,255,255,11,3022.329,"하루（Haru）",R,13,87,-2.178,-1.589,4,-292.288,336.788,0,0,1,4,8,L,"SOM_candy",179.9,102.048,0.554,0,59,0,0,0,0,0,0,0,0,0,0,0,0,0,0,0,-0.242,-37.175,-0.178,-16.95,-18.497,-48.821,-9.831,-65.598,22.244,-47.073,13.548,-64.629,41.341,-83.677,0.343,-114.207,-37.257,-95.691,0,0,0,0,0,"",0,0,0,0,0,0,0,0,0,0
28,2,1,0,0,1,2,1,0,0,0,255,255,255,12,3041.495,"하루（Haru）",R,0,140,-0.304,1.416,4,63.197,-155.297,0,0,1,4,8,L,"SOM_candy",179.9,102.048,0.554,0,59,0,0,0,0,0,0,0,0,0,0,0,0,0,0,0,-0.153,-37.447,-0.018,-16.875,-19.866,-47.588,-9.816,-65.581,22.462,-47.062,13.503,-64.457,41.527,-83.675,0.409,-113.701,-37.262,-95.709,0,0,0,0,0,"",0,0,0,0,0,0,0,0,0,0
29,2,1,0,0,0,0,2,0,0,0,255,255,255,13,3072.582,"하루（Haru）",R,0,78,1.339,1.086,0,2.267,-27.772,0,0,0,5,5,R,"Yaksok~",166.3,100.037,0.395,0,59,0,0,0,0,0,0,0,0,0,0,0,0,0,0,0,-0.273,-37.327,0.117,-17.077,-20.834,-49.653,-13.315,-64.052,23.532,-49.446,13.305,-64.814,40.859,-85.858,0.429,-115.425,-38.293,-93.533,0,0,0,0,0,"",0,0,0,0,0,0,0,0,0,0
30,2,1,0,0,0,1,2,0,0,0,255,255,255,14,3091.347,"하루（Haru）",R,0,140,-1.323,0.696,0,49.13,-135.513,0,0,0,5,5,R,"Yaksok~",166.3,100.037,0.395,0,59,0,0,0,0,0,0,0,0,0,0,0,0,0,0,0,-0.223,-37.46,-0.155,-17.208,-20.869,-49.698,-13.08,-64.589,23.517,-49.37,13.37,-64.74,40.355,-85.451,1.197,-115.131,-38.268,-93.499,0,0,0,0,0,"",0,0,0,0,0,0,0,0,0,0
31,2,1,0,0,0,2,2,0,0,0,255,255,255,15,3109.183,"하루（Haru）",R,13,90,-1.343,-1.826,2,-314.637,319.557,0,0,1,5,5,R,"Yaksok~",166.3,100.037,0.395,3,59,3110.212,176,130,36,154,117,50,42.49,0.77,-0.081,-0.251,0.252,0,0,0,-0.379,-36.655,-0.198,-17.43,-20.776,-49.827,-13.09,-64.299,23.407,-49.487,13.462,-64.724,40.338,-85.453,1.208,-115.13,-38.421,-94.084,3116.518,-76.31,-78.338,0,0,"",0,0,0,0,0,0,0,0,0,0
32,2,1,0,0,0,2,2,0,0,0,255,255,255,16,3136.889,"하루（Haru）",R,0,109,1.733,0.144,1,-36.223,-165.476,0,0,0,5,5,R,"Yaksok~",166.3,100.037,0.395,0,63,0,0,0,0,0,0,0,0,0,0,0,0,0,0,0,-0.408,-37.113,0.254,-17.202,-20.701,-48.721,-13.192,-64.752,23.45,-49.334,13.134,-64.985,39.565,-85.982,-1.006,-116.939,-42.511,-92.518,0,0,0,0,0,"",0,0,0,0,0,0,0,0,0,0
33,2,1,0,0,1,2,2,0,0,0,255,255,255,17,3156.722,"하루（Haru）",R,10,86,2.729,0.789,2,0,400,0,0,1,5,5,R,"Yaksok~",166.3,100.037,0.395,3,63,3157.783,187,146,42,155,88,90.123,89.854,-0.48,-0.055,-0.156,0.401,0,0,0,-0.211,-36.675,0.2,-17.465,-20.584,-49.393,-13.135,-64.618,23.981,-49.695,13.396,-64.454,39.55,-86.199,7.309,-116.297,-42.761,-92.538,0,0,0,0,0,"",0,0,0,0,0,0,0,0,0,0
34,2,1,0,0,1,2,2,0,0,0,255,255,255,18,3180.285,"하루（Haru）",R,0,140,-0.237,0.043,0,29.672,-90.508,0,0,0,5,5,R,"Yaksok~",166.3,100.037,0.395,0,63,0,0,0,0,0,0,0,0,0,0,0,0,0,0,0,-0.018,-37.469,0.19,-17.104,-20.877,-46.194,-13.082,-64.627,23.098,-47.771,13.38,-64.805,39.302,-84.981,4.147,-118.496,-41.959,-91.148,0,0,0,0,0,"",0,0,0,0,0,0,0,0,0,0
35,2,0,0,0,0,0,0,0,0,0,255,255,255,15,3333.122,"Pring__",R,3,112,1.471,0.655,0,-440.289,0,0,0,0,4,6,L,"Azuner",177.7,86,0.398,0,59,0,0,0,0,0,0,0,0,0,0,0,0,0,0,0,-0.038,-37.956,-0.23,-16.964,-23.481,-47.984,-11.567,-65.644,19.507,-49.273,13.057,-63.698,38.761,-88.186,-0.631,-107.921,-38.984,-89.8,0,0,0,0,0,"",0,0,0,0,0,0,0,0,0,0
36,2,0,0,0,0,1,0,0,0,0,255,255,255,16,3350.927,"Pring__",R,0,134,-0.382,0.507,2,217.537,-120.794,0,0,1,4,6,L,"Azuner",177.7,86,0.398,3,59,3352.067,99,82,62,133,109,54.702,-43.744,0.81,-0.04,-0.093,0,0,0,0,-0.084,-37.191,-0.271,-17.202,-24.493,-48.881,-11.515,-65.531,19.376,-49.145,12.997,-63.688,39.514,-87.124,-0.652,-108.042,-38.974,-89.778,3358.251,65.814,-68.54,0,0,"",0,0,0,0,0,0,0,0,0,3
37,2,0,0,0,0,2,0,0,0,0,255,255,255,17,3376.251,"Pring__",R,14,98,-1.217,-0.014,0,321.482,346.106,-0.069,-17.837,0,4,6,L,"Azuner",177.7,86,0.398,0,59,0,0,0,0,0,0,0,0,0,0,0,0,0,0,0,-0.395,-37.975,-0.191,-17.188,-24.649,-48.793,-7.063,-67.329,18.164,-48.868,12.646,-63.947,36.247,-85.05,0.325,-106.732,-35.791,-89.974,0,0,0,0,0,"",0,0,0,0,0,0,0,0,0,0
38,2,0,0,0,0,0,1,0,0,0,255,255,255,18,3408.303,"Pring__",R,0,135,0.243,0.781,2,236.118,-125.377,0,0,1,5,8,R,"卯月満開",179.5,89.902,0.2,2,59,3409.137,134,62,21,130,80,21.144,37.013,-0.18,-0.09,-0.043,0,0,0,0,-0.656,-37.12,0.147,-17.196,-23.883,-47.893,-13.035,-64.794,18.006,-48.77,9.198,-65.32,36.215,-85.033,-2.905,-113.571,-38.673,-80.52,3412.634,-36.869,-62.107,3413.584,8,"SOM_candy",-41.67,-67.383,1,0,0,0,0,0,0,2
39,2,0,0,0,0,0,1,1,0,0,17,255,255,19,3444.954,"Pring__",R,0,123,1.784,-0.229,1,212.986,-36.606,0.878,-17.462,0,6,1,R,"HalF_HearteD",174.6,95.26,0.401,0,59,0,0,0,0,0,0,0,0,0,0,0,0,0,0,0,0.362,-37.842,0.075,-16.952,-18.457,-39.807,-15.837,-62.86,18.211,-48.866,8.016,-63.384,37.04,-86.082,0.533,-105.597,-38.617,-84.927,0,0,0,0,0,"",0,0,0,0,0,0,0,0,0,0
40,2,0,0,0,1,0,1,1,0,0,17,255,255,20,3463.292,"Pring__",R,0,138,-1.954,0.518,1,227.007,-114.767,0,0,0,6,1,R,"HalF_HearteD",174.6,95.26,0.401,0,59,0,0,0,0,0,0,0,0,0,0,0,0,0,0,0,0.037,-37.665,-0.203,-17.281,-18.681,-39.927,-15.824,-62.831,18.189,-48.857,7.668,-64.335,37.149,-86.033,0.529,-105.547,-45.299,-89.301,0,0,0,0,0,"",0,0,0,0,0,0,0,0,0,0
41,2,0,0,0,2,0,1,1,0,0,17,255,255,21,3487.819,"Pring__",R,14,99,-0.932,-0.76,0,333.309,335.925,0,0,0,6,1,R,"HalF_HearteD",174.6,95.26,0.401,0,59,0,0,0,0,0,0,0,0,0,0,0,0,0,0,0,0.51,-37.775,-0.256,-17.3,-18.699,-39.819,-15.896,-63.059,18.158,-48.853,6.879,-62.804,37.159,-86.057,0.556,-105.511,-43.761,-86.896,0,0,0,0,0,"",0,0,0,0,0,0,0,0,0,0
42,2,0,0,0,2,1,1,1,0,0,17,255,255,22,3506.143,"Pring__",R,0,125,1.884,0.695,2,239.94,-91.573,0,0,1,6,1,R,"HalF_HearteD",174.6,95.26,0.401,3,59,3507.204,146,69,6,130,77,19.095,35.011,-0.35,-0.004,-0.073,0.214,0,0,0,-0.069,-37.207,0.198,-17.069,-18.71,-39.876,-15.876,-62.985,18.071,-48.727,8.594,-63.517,37.111,-86.057,0.532,-106.03,-42.656,-87.575,3510.317,-28.92,-59.358,3512.251,8,"SOM_candy",-36.446,-74.072,1,0,0,0,0,0,0,2
43,2,0,0,0,0,0,1,1,1,0,10,17,255,23,3547.344,"Pring__",R,0,131,0.884,0.656,2,250,-149.081,0,0,1,7,7,R,"TaeGeuk_",177.3,88.568,0.408,3,59,3548.167,137,68,0,122,121,55.591,-47.858,0.47,-0.044,0.093,0.251,0,0,0,-0.295,-37.077,0.17,-17.127,-20.929,-45.117,-15.998,-63.089,18.915,-47.471,8.914,-61.508,37.857,-86.012,0.183,-100.65,-47.102,-89.254,3554.284,60.567,-96.452,3555.901,6,"IbikiKai_JP",58.755,-96.264,1,0,0,0,0,0,0,2
44,2,0,0,1,0,0,1,1,0,1,16,255,10,24,3597.059,"Pring__",R,0,138,-1.318,0.584,0,213.736,-145.697,0,0,0,8,3,R,"Oort__Cloud",160,89.754,0.299,0,59,0,0,0,0,0,0,0,0,0,0,0,0,0,0,0,-0.069,-37.857,-0.318,-17.245,-18.8,-39.687,-15.305,-63.758,19.237,-43.123,5.572,-62.594,40.415,-86.5,2.756,-103.133,-43.051,-91.928,0,0,0,0,0,"",0,0,0,0,0,0,0,0,0,0
45,2,0,0,1,0,1,1,1,0,1,16,255,10,25,3612.521,"Pring__",R,14,105,1.553,-1.51,4,308.68,381.348,-0.054,-20.709,1,8,3,R,"Oort__Cloud",160,89.754,0.299,0,59,0,0,0,0,0,0,0,0,0,0,0,0,0,0,0,0.011,-37.906,0.108,-18.058,-18.808,-39.691,-7.567,-65.912,18.885,-42.515,0.401,-60.038,40.402,-86.498,1.548,-105.782,-42.818,-90.219,0,0,0,0,0,"",0,0,0,0,0,0,0,0,0,0
46,2,0,0,1,0,2,1,1,0,1,16,255,10,26,3758.172,"Pring__",R,6,100,0.233,-0.112,2,401.632,234.131,0,0,1,8,3,R,"Oort__Cloud",160,89.754,0.299,3,59,3759.489,192,100,34,148,98,21.391,-2.979,0.89,-0.076,-0.078,0.456,0,0,0,-0.042,-37.31,-0.17,-17.126,-18.581,-39.53,-13.917,-64.284,17.845,-46.364,9.347,-63.329,37.885,-87.971,0.447,-111.305,-37.02,-83.77,3763.417,-6.964,-95.817,3763.634,7,"Gonyong",-6.554,-93.924,0,0,0,0,0,0,0,1
47,3,1,0,1,0,0,0,0,0,0,255,255,255,19,3825.314,"하루（Haru）",R,0,135,1.537,0.492,1,-17.115,-89.191,0,0,0,6,9,R,"인생최패망자",190,90,0.447,0,59,0,0,0,0,0,0,0,0,0,0,0,0,0,0,0,-0.009,-37.361,0.112,-17.07,-20.002,-49.982,-13.084,-64.612,23.934,-50.806,13.314,-64.588,38.515,-83.773,-3.163,-113.434,-40.28,-94.364,0,0,0,0,0,"",0,0,0,0,0,0,0,0,0,0
48,3,1,0,1,1,0,0,0,0,0,255,255,255,20,3846.44,"하루（Haru）",R,13,93,-0.69,-1.342,4,-330.095,312.348,0,0,1,6,9,R,"인생최패망자",190,90,0.447,0,59,0,0,0,0,0,0,0,0,0,0,0,0,0,0,0,-0.221,-37.006,0.067,-17.009,-20.554,-47.555,-13.151,-64.705,24.171,-50.704,13.262,-64.561,38.648,-83.754,-3.162,-113.989,-40.277,-94.359,0,0,0,0,0,"",0,0,0,0,0,0,0,0,0,0
49,3,1,0,1,1,1,0,0,0,0,255,255,255,21,3866.032,"하루（Haru）",R,0,140,-1.513,-0.245,2,25.891,-137.797,0,0,1,6,9,R,"인생최패망자",190,90,0.447,3,59,3867.041,134,105,30,142,116,112.64,-51.023,0.16,-0.053,-0.076,0.271,0,0,0,-0.369,-36.784,-0.193,-17.323,-20.147,-49.024,-13.138,-64.663,24.102,-50.745,13.499,-64.511,38.658,-83.732,-1.311,-113.085,-40.647,-94.935,0,0,0,0,0,"",0,0,0,0,0,0,0,0,0,0
50,3,1,0,1,1,2,0,0,0,0,255,255,255,22,3891.037,"하루（Haru）",R,14,95,3.438,-1.888,1,283.577,377.074,0.716,-19.23,0,6,9,R,"인생최패망자",190,90,0.447,0,69,0,0,0,0,0,0,0,0,0,0,0,0,0,0,0,-0.112,-37.283,0.289,-17.056,-20.359,-48.485,-13.124,-64.802,22.425,-49.208,13.211,-64.522,38.786,-84.247,-1.767,-113.404,-40.511,-93.976,0,0,0,0,0,"",0,0,0,0,0,0,0,0,0,0
51,3,1,0,1,2,2,0,0,0,0,255,255,255,23,3910.462,"하루（Haru）",R,0,98,1.603,-0.616,2,22.229,-75.842,0,0,1,6,9,R,"인생최패망자",190,90,0.447,3,69,3911.66,145,139,46,148,130,52.844,53.67,0.69,-0.043,-0.102,0.286,0,0,0,-0.216,-36.676,0.181,-17.34,-19.631,-49.359,-13.091,-64.687,22.52,-49.095,13.286,-64.428,38.707,-84.293,-1.856,-113.642,-40.477,-93.983,3917.934,-99.29,-75.211,0,0,"",0,0,0,0,0,0,0,0,0,0
52,3,1,0,1,2,2,0,0,0,0,255,255,255,24,3934.68,"하루（Haru）",R,0,138,0.389,1.359,1,40.874,-73.717,0,0,0,6,9,R,"인생최패망자",190,90,0.447,0,69,0,0,0,0,0,0,0,0,0,0,0,0,0,0,0,-0.277,-36.729,0.147,-17.07,-21.629,-48.698,-13.206,-64.763,22.632,-49.322,13.249,-64.808,38.642,-84.398,-0.857,-116.407,-41.987,-93.027,0,0,0,0,0,"",0,0,0,0,0,0,0,0,0,0
53,3,1,0,1,3,2,0,0,0,0,255,255,255,25,3952.961,"하루（Haru）",R,0,140,0.327,0.723,0,85.278,-129.47,0.328,-6.214,1,6,9,R,"인생최패망자",190,90,0.447,0,69,0,0,0,0,0,0,0,0,0,0,0,0,0,0,0,-0.086,-37.496,0.017,-17.144,-21.312,-47.936,-13.203,-64.738,22.782,-49.268,13.274,-64.654,38.688,-84.409,-2.317,-115.869,-42.06,-93.209,0,0,0,0,0,"",0,0,0,0,0,0,0,0,0,0
54,3,1,0,1,0,0,1,0,0,0,255,255,255,26,3984.477,"하루（Haru）",R,13,102,-3.086,-2.731,2,-362.039,312.348,-0.526,-21.36,1,7,6,L,"IbikiKai_JP",175,90,0.5,3,59,3985.7,188,137,52,155,94,-19.947,10.13,-0.04,-0.023,-0.07,0.341,0,0,0,-0.364,-36.796,-0.192,-17.31,-17.662,-49.928,-9.637,-65.556,23.315,-48.793,13.359,-64.722,42.539,-82.552,6.389,-112.52,-38.152,-91.496,3986.701,-5.228,-39.3,3988.117,3,"Oort__Cloud",-10.5,-58.025,0,0,0,0,0,0,0,2
55,3,1,0,1,0,0,2,0,0,0,255,255,255,27,4015.293,"하루（Haru）",R,0,132,0.43,0.963,2,93.693,-122.425,0,0,1,8,3,L,"ʚEveɞ",174.6,94.542,0.398,3,59,4016.287,216,120,0,148,126,33.336,-33.52,0.64,0.121,-0.059,0.495,0,0,0,-0.268,-37.002,0.05,-17.199,-17.849,-50.063,-9.421,-66.237,21.234,-46.962,13.417,-64.554,41.402,-81.989,2.561,-111.941,-35.157,-92.215,4022.184,77.631,-104.568,0,0,"",0,0,0,0,0,0,0,0,0,4
56,3,1,1,1,0,0,2,0,0,0,255,255,255,28,4064.066,"하루（Haru）",R,0,134,1.618,1.058,1,58.354,-79.607,0,0,0,0,2,L,"Fresh825",172.6,86,0.2,0,59,0,0,0,0,0,0,0,0,0,0,0,0,0,0,0,-0.419,-37.292,0.125,-17.085,-19.403,-47.467,-9.493,-66.095,24.172,-49.018,13.3,-64.621,43.183,-83.038,1.277,-114.859,-37.212,-95.242,0,0,0,0,0,"",0,0,0,0,0,0,0,0,0,0
57,3,1,1,1,1,0,2,0,0,0,255,255,255,29,4083.52,"하루（Haru）",R,13,88,-2.467,0.24,1,-330.099,282.385,0,0,0,0,2,L,"Fresh825",172.6,86,0.2,0,59,0,0,0,0,0,0,0,0,0,0,0,0,0,0,0,-0.327,-36.973,-0.177,-17.285,-18.828,-47.361,-9.546,-66.122,24.181,-49.015,13.362,-64.538,43.222,-83.056,-0.218,-114.626,-37.2,-95.233,0,0,0,0,0,"",0,0,0,0,0,0,0,0,0,0
58,3,1,1,1,2,0,2,0,0,0,255,255,255,30,4103.805,"하루（Haru）",R,0,140,-0.438,-0.326,0,110.616,-132.577,0,0,0,0,2,L,"Fresh825",172.6,86,0.2,0,59,0,0,0,0,0,0,0,0,0,0,0,0,0,0,0,-0.07,-37.576,-0.073,-17.201,-18.034,-49.291,-12.726,-63.763,24.288,-49.049,13.237,-64.628,43.333,-82.941,-0.746,-114.659,-37.249,-95.289,0,0,0,0,0,"",0,0,0,0,0,0,0,0,0,0
59,3,1,1,1,2,1,2,0,0,0,255,255,255,31,4364.42,"하루（Haru）",R,0,140,0.108,-0.227,0,50.402,-89.207,0,0,0,0,2,L,"Fresh825",172.6,86,0.2,0,87,0,0,0,0,0,0,0,0,0,0,0,0,0,0,0,-0.055,-37.288,-0.04,-17.36,-19.51,-49.075,-9.898,-65.526,23.372,-48.264,13.501,-64.544,41.553,-82.282,-0.162,-113.798,0,0,0,0,0,0,0,"",0,0,0,0,0,0,0,0,0,0
60,3,1,1,1,2,2,2,0,0,0,255,255,255,32,4501.129,"하루（Haru）",R,0,140,-0.121,-0.359,2,24.428,-125.276,0,0,1,0,2,L,"Fresh825",172.6,86,0.2,2,87,4502.144,85,87,37,127,74,31.26,-21.384,-0.5,0.107,-0.085,0.17,0,0,0,-0.353,-36.889,-0.074,-17.305,-18.505,-48.914,-9.575,-65.691,22.692,-48.828,13.417,-64.544,42.922,-83.184,0.407,-113.247,-35.7,-81.8,0,0,0,4506.934,5,"장덕춘_",22.211,-70.833,0,0,0,0,0,0,0,1
61,3,0,1,1,0,0,0,0,0,0,255,255,255,27,4566.149,"Pring__",R,0,138,-1.597,0.185,2,250,-190.796,0,0,1,0,2,R,"Pugeuk",190,97,0.598,3,59,4567.174,129,107,30,141,115,14.773,27.123,0.82,-0.065,-0.179,0.325,0,0,0,-0.434,-36.972,0.14,-17.086,-25.339,-49.577,-13.485,-64.654,19.084,-48.77,9.85,-63.372,37.861,-89.282,4.435,-122.842,-44.362,-93.195,0,0,0,4570.884,8,"SOM_candy",-46.117,-86.404,0,0,0,0,0,0,0,1
62,3,0,1,1,0,0,1,0,0,0,255,255,255,28,4603.03,"Pring__",R,0,133,1.801,0.787,1,233.748,-128.698,0,0,0,1,4,R,"bdg06213",190,99.549,0.504,0,59,0,0,0,0,0,0,0,0,0,0,0,0,0,0,0,-0.585,-37.712,0.124,-17.056,-24.931,-49.405,-15.389,-63.558,19.342,-49.325,8.24,-65.941,35.264,-86.122,0.097,-102.187,-39.048,-79.012,0,0,0,0,0,"",0,0,0,0,0,0,0,0,0,0
63,3,0,1,1,1,0,1,0,0,0,255,255,255,29,4620.935,"Pring__",R,13,107,0.868,-0.51,2,-357.702,338.783,0,0,1,1,4,R,"bdg06213",190,99.549,0.504,3,59,4622.064,183,142,67,155,105,-30,3.888,0.93,-0.012,-0.158,0.16,0,0,0,0.098,-37.176,0.143,-17.101,-24.821,-49.149,-15.31,-63.462,19.351,-49.111,8.213,-65.98,35.429,-86.364,0.058,-102.349,-39.084,-78.988,4622.268,0.093,-23.016,4623.234,0,"Pring__",-0.917,-37.142,0,0,0,0,0,0,0,2
64,3,0,1,1,0,0,2,0,0,0,255,255,255,30,4655.92,"Pring__",R,3,108,-2.373,-0.544,2,-490.909,0,0,0,0,2,0,L,"하루（Haru）",190,107,0.55,3,49,4657.171,132,180,55,145,114,2.806,23.988,0.43,0.089,-0.082,0.201,0,0,0,-0.131,-37.122,-0.379,-17.038,-21.287,-44.676,-8.479,-67.02,19.295,-49.095,12.388,-64.591,37.291,-86.367,0.172,-110.75,-41.611,-88.308,4658.251,-12.75,-45.777,4660.667,8,"SOM_candy",-31.715,-86.382,1,0,0,0,0,0,0,2
65,3,0,1,1,0,0,2,1,0,0,9,255,255,31,4697.516,"Pring__",R,0,132,1.597,0.587,4,250,-106.334,0,0,1,3,5,R,"장덕춘_",170.2,94.815,0.549,0,59,0,0,0,0,0,0,0,0,0,0,0,0,0,0,0,-0.109,-37.717,0.19,-17.045,-18.429,-39.782,-15.731,-63.502,19.388,-49.298,5.567,-64.107,35.251,-85.701,-1.247,-111.436,-38.851,-88.691,0,0,0,0,0,"",0,0,0,0,0,0,0,0,0,0
66,3,0,1,1,0,1,2,1,0,0,9,255,255,32,4716.742,"Pring__",R,0,135,0.023,-0.625,2,250,-90.554,0,0,1,3,5,R,"장덕춘_",170.2,94.815,0.549,2,59,4717.555,115,113,66,140,83,-8.535,-21.012,-0.15,-0.098,-0.116,0.128,0,0,0,-0.479,-36.994,0.161,-17.165,-18.421,-39.778,-15.869,-63.167,19.346,-49.137,10.264,-65.126,35.277,-85.702,-1.237,-111.645,-39.317,-88.056,4717.984,1.534,-25.044,4720.417,5,"Yaksok~",14.294,-59.056,0,0,0,0,0,0,0,2
67,4,1,1,1,0,0,0,0,0,0,255,255,255,33,4782.561,"하루（Haru）",R,10,89,0.572,-0.61,0,0,400,0.103,-18.081,0,1,4,R,"Megu3568",174.7,86,0.404,0,59,0,0,0,0,0,0,0,0,0,0,0,0,0,0,0,-0.119,-37.005,0.156,-16.987,-20.158,-51.179,-13.106,-64.584,22.77,-48.125,13.281,-64.782,39.589,-83.891,-0.717,-119.066,-40.052,-92.802,0,0,0,0,0,"",0,0,0,0,0,0,0,0,0,0
68,4,1,1,1,0,1,0,0,0,0,255,255,255,34,4802.472,"하루（Haru）",R,0,135,1.335,-0.039,2,35.654,-91.858,0,0,1,1,4,R,"Megu3568",174.7,86,0.404,3,59,4803.567,125,65,14,129,76,4.599,-18.255,-0.48,0.005,-0.047,0.08,0,0,0,-0.058,-37.385,0.13,-17.292,-20.093,-51.234,-13.097,-64.571,22.869,-48.06,13.319,-64.611,39.593,-83.843,0.605,-119.197,-40.218,-93.34,4804.751,7.09,-39.915,4806.351,5,"장덕춘_",13.019,-57.683,0,0,0,0,0,0,0,2
69,4,1,1,1,0,0,1,0,0,0,255,255,255,35,4835.708,"하루（Haru）",R,0,140,0.087,1.096,1,70.22,-137.637,0,0,0,2,7,R,"Gonyong",179.9,95,0.2,0,59,0,0,0,0,0,0,0,0,0,0,0,0,0,0,0,-0.153,-37.321,-0.219,-17.052,-23.178,-52.56,-13.179,-64.635,22.283,-48.516,13.378,-64.759,40.059,-84.991,0.537,-118.681,-38.807,-96.359,0,0,0,0,0,"",0,0,0,0,0,0,0,0,0,0
70,4,1,1,1,1,0,1,0,0,0,255,255,255,36,4855.242,"하루（Haru）",R,0,138,-0.41,0.297,0,53.435,-105.007,0,0,0,2,7,R,"Gonyong",179.9,95,0.2,0,59,0,0,0,0,0,0,0,0,0,0,0,0,0,0,0,-0.175,-37.3,-0.019,-16.987,-23.246,-52.59,-13.139,-64.593,22.265,-48.492,13.485,-64.684,40.079,-84.987,-0.475,-119.235,-38.809,-96.325,0,0,0,0,0,"",0,0,0,0,0,0,0,0,0,0
71,4,1,1,1,1,1,1,0,0,0,255,255,255,37,4872.767,"하루（Haru）",R,3,102,0.173,-0.601,2,-274.426,0,0,0,1,2,7,R,"Gonyong",179.9,95,0.2,3,59,4873.805,198,106,31,150,129,50,38.829,0.44,-0.047,-0.064,0.185,0,0,0,-0.406,-36.789,-0.278,-17.24,-23.154,-52.667,-13.124,-64.574,22.269,-48.508,13.444,-64.632,40.122,-85.079,-1.092,-119.067,-39.913,-96.441,4880.501,-86.282,-86.365,0,0,"",0,0,0,0,0,0,0,0,0,0
72,4,1,1,1,1,2,1,0,0,0,255,255,255,38,4894.793,"하루（Haru）",R,0,140,-1.7,0.424,4,33.078,-79.098,0,0,1,2,7,R,"Gonyong",179.9,95,0.2,0,59,0,0,0,0,0,0,0,0,0,0,0,0,0,0,0,-0.294,-37.238,-0.153,-16.955,-23.045,-50.179,-13.079,-64.626,22.243,-48.577,13.358,-64.556,39.74,-85.081,-1.407,-110.398,-41.613,-95.305,0,0,0,0,0,"",0,0,0,0,0,0,0,0,0,0
73,4,1,1,1,0,0,2,0,0,0,255,255,255,39,4923.067,"하루（Haru）",R,10,91,1.461,-1.053,2,0,400,0,0,1,3,1,R,"편하비_",183,94.587,0.455,2,59,4924.006,147,126,37,147,88,0.679,11.441,0.96,-0.039,-0.056,0.417,0,0,0,-0.159,-36.814,0.134,-17.268,-20.271,-50.673,-13.053,-64.561,22.222,-48.463,13.537,-64.692,39.863,-85.179,-1.716,-108.469,-41.534,-97.614,4924.751,-2.595,-33.928,4926.484,3,"Oort__Cloud",-8.512,-60.044,0,0,0,0,0,0,0,2
74,4,0,1,1,0,0,0,0,0,0,255,255,255,33,4985.985,"Pring__",R,0,130,1.427,0.655,0,250,-106.138,0,0,0,4,6,L,"Azuner",177.7,86,0.398,0,59,0,0,0,0,0,0,0,0,0,0,0,0,0,0,0,-0.243,-38.015,0.156,-16.979,-25.359,-49.106,-10.211,-66.11,19.689,-49.581,11.803,-64.279,40.604,-84.414,1.817,-114.089,-39.079,-84.4,0,0,0,0,0,"",0,0,0,0,0,0,0,0,0,0
75,4,0,1,1,1,1,0,0,0,0,255,255,255,34,5008.502,"Pring__",R,0,0,0,0,0,0,0,0,0,0,4,6,L,"Azuner",177.7,86,0.398,0,59,0,0,0,0,0,0,0,0,0,0,0,0,0,0,0,0,0,0,0,0,0,0,0,0,0,0,0,0,0,0,0,0,0,0,0,0,0,0,"",0,0,0,0,0,0,0,0,0,0
76,4,0,1,1,1,1,0,0,0,0,255,255,255,34,5055.674,"Pring__",R,14,95,-1.396,0.729,0,317.267,339.184,0.176,-17.711,0,4,6,L,"Azuner",177.7,86,0.398,0,59,0,0,0,0,0,0,0,0,0,0,0,0,0,0,0,-0.271,-37.965,-0.237,-16.984,-23.119,-52.604,-10.105,-66.218,19.542,-49.703,11.774,-64.338,41.005,-84.198,1.796,-114.099,-38.758,-86.725,0,0,0,0,0,"",0,0,0,0,0,0,0,0,0,0
77,4,0,1,1,1,2,0,0,0,0,255,255,255,35,5075.079,"Pring__",R,0,133,-0.279,-0.512,2,250,-81.733,0,0,1,4,6,L,"Azuner",177.7,86,0.398,3,59,5076.204,138,116,39,144,88,35.395,-43.864,-0.18,0.019,-0.134,0.272,0,0,0,-0.094,-37.361,-0.231,-17.09,-22.885,-52.538,-10.054,-66.091,19.523,-49.558,11.777,-64.462,41.102,-84.26,0.189,-112.038,-38.075,-85.587,5081.234,57.801,-67.062,0,0,"",0,0,0,0,0,0,0,0,0,3
78,4,0,1,1,1,2,0,0,0,0,255,255,255,36,5099.74,"Pring__",R,14,98,1.048,-0.249,0,322.489,344.924,0,0,1,4,6,L,"Azuner",177.7,86,0.398,0,59,0,0,0,0,0,0,0,0,0,0,0,0,0,0,0,0.088,-37.85,0.141,-17.189,-23.417,-51.162,-9.566,-65.195,19.899,-49.555,10.309,-63.338,40.238,-82.774,6.153,-111.816,-38.548,-88.645,0,0,0,0,0,"",0,0,0,0,0,0,0,0,0,0
79,4,0,1,1,0,0,1,0,0,0,255,255,255,37,5135.075,"Pring__",R,0,136,0.048,0.405,0,250,-143.789,0,0,0,5,8,R,"卯月満開",179.5,89.902,0.2,0,59,0,0,0,0,0,0,0,0,0,0,0,0,0,0,0,-0.085,-37.821,0.183,-16.818,-25.19,-50.068,-14.768,-64.044,19.619,-49.275,10.179,-65.017,37.856,-84.873,-10.293,-109.375,-38.771,-74.046,0,0,0,0,0,"",0,0,0,0,0,0,0,0,0,0
80,4,0,1,1,0,1,1,0,0,0,255,255,255,38,5154.497,"Pring__",R,3,102,0.041,-0.092,0,-463.636,0,0,0,1,5,8,R,"卯月満開",179.5,89.902,0.2,0,59,0,0,0,0,0,0,0,0,0,0,0,0,0,0,0,-0.35,-37.796,0.137,-16.995,-25.005,-50.037,-14.77,-64.014,19.573,-49.232,10.178,-65.041,37.983,-85.966,-10.324,-109.436,-38.661,-73.962,0,0,0,0,0,"",0,0,0,0,0,0,0,0,0,0
81,4,0,1,1,0,2,1,0,0,0,255,255,255,39,5169.85,"Pring__",R,3,103,-1.744,-0.208,4,-468.182,0,0,0,1,5,8,R,"卯月満開",179.5,89.902,0.2,0,59,0,0,0,0,0,0,0,0,0,0,0,0,0,0,0,-0.396,-37.547,-0.482,-16.926,-24.744,-49.049,-14.728,-63.969,19.622,-49.204,7.392,-65.011,32.929,-88.481,-10.332,-109.406,-38.341,-75.599,0,0,0,0,0,"",0,0,0,0,0,0,0,0,0,0
82,4,0,1,1,0,0,2,0,0,0,255,255,255,40,5197.614,"Pring__",R,14,104,-1.201,-0.287,0,345.157,341.649,0,0,0,6,1,R,"HalF_HearteD",174.6,95.26,0.401,0,59,0,0,0,0,0,0,0,0,0,0,0,0,0,0,0,-0.249,-38.126,-0.165,-17.058,-24.886,-49.932,-15.088,-63.682,19.692,-49.273,11.09,-64.598,36.403,-84.473,-11.847,-109.124,-39.837,-75.382,0,0,0,0,0,"",0,0,0,0,0,0,0,0,0,0
83,4,0,1,1,0,1,2,0,0,0,255,255,255,41,5216.38,"Pring__",R,14,98,0.729,0.108,2,323.13,344.167,0,0,1,6,1,R,"HalF_HearteD",174.6,95.26,0.401,3,59,5217.598,176,133,39,155,92,40.122,39.816,-0.38,0.004,-0.112,0.242,0,0,0,-0.02,-37.554,0.306,-17.119,-24.846,-49.726,-15.033,-63.563,19.465,-49.097,10.956,-64.641,34.739,-82.535,-11.843,-108.824,-39.647,-75.253,0,0,0,5222.701,8,"SOM_candy",-49.728,-69.274,0,0,0,0,0,0,0,1
84,5,1,1,1,0,0,0,0,0,0,255,255,255,40,5276.748,"하루（Haru）",R,0,125,1.611,-1.074,1,2.317,-117.451,0,0,0,4,8,L,"SOM_candy",179.9,102.048,0.554,0,59,0,0,0,0,0,0,0,0,0,0,0,0,0,0,0,-0.188,-36.863,-0.05,-17.08,-17.792,-50.933,-7.964,-65.393,23.771,-48.774,13.396,-64.706,41.89,-83.731,3.472,-119.863,-35.382,-98.476,0,0,0,0,0,"",0,0,0,0,0,0,0,0,0,0
85,5,1,1,1,1,0,0,0,0,0,255,255,255,41,5295.378,"하루（Haru）",R,0,140,-1.065,-0.143,0,45.407,-125.123,0,0,1,4,8,L,"SOM_candy",179.9,102.048,0.554,0,59,0,0,0,0,0,0,0,0,0,0,0,0,0,0,0,-0.221,-37.339,0.064,-17.136,-17.851,-50.905,-7.957,-65.39,23.211,-47.175,13.357,-64.632,41.853,-83.82,3.23,-117.8,-35.337,-98.422,0,0,0,0,0,"",0,0,0,0,0,0,0,0,0,0
86,5,1,1,1,1,1,0,0,0,0,255,255,255,42,5309.315,"하루（Haru）",R,0,135,1.054,0.572,2,70.762,-144.235,0,0,1,4,8,L,"SOM_candy",179.9,102.048,0.554,3,59,5310.379,124,73,21,133,128,55.409,-10.041,0.63,-0.032,-0.029,0.26,0,0,0,-0.306,-37.037,0.099,-17.306,-17.608,-51.033,-7.966,-65.195,23.229,-47.214,13.324,-64.7,41.897,-83.873,2.394,-116.433,-35.37,-98.462,5318.201,8.304,-106.434,5318.435,7,"TaeGeuk_",8.224,-105.397,0,0,0,0,0,0,0,1
87,5,1,1,1,0,0,1,0,0,0,255,255,255,43,5348.548,"하루（Haru）",R,0,129,-0.006,-1.369,1,-19.8,-85.336,0,0,0,5,5,R,"Yaksok~",166.3,100.037,0.395,0,59,0,0,0,0,0,0,0,0,0,0,0,0,0,0,0,0.08,-37.091,0.095,-17.103,-21.472,-49.555,-13.182,-64.523,22.268,-48.112,13.344,-64.866,39.369,-83.074,-0.112,-114.699,-38.263,-94.733,0,0,0,0,0,"",0,0,0,0,0,0,0,0,0,0
88,5,1,1,1,1,0,1,0,0,0,255,255,255,44,5368.178,"하루（Haru）",R,10,86,0.595,0.056,2,0,400,0,0,1,5,5,R,"Yaksok~",166.3,100.037,0.395,3,59,5369.186,209,127,28,155,90,16.437,-15.702,-0.15,-0.028,-0.106,0.299,0,0,0,-0.263,-36.563,0.129,-17.276,-21.255,-49.678,-13.198,-64.5,22.23,-48.165,13.469,-64.736,39.288,-83.164,-1.356,-113.831,-38.229,-94.746,5372.601,18.123,-78.781,5384.685,-1,"jdw4469",-19.082,-39.611,1,0,0,0,0,0,0,2
89,5,1,1,1,0,0,1,1,0,0,5,255,255,45,5407.374,"하루（Haru）",R,0,140,-0.695,-0.612,0,69.647,-114.395,0,0,0,6,9,R,"인생최패망자",190,90,0.447,0,59,0,0,0,0,0,0,0,0,0,0,0,0,0,0,0,-0.238,-37.814,0.009,-16.857,-19.477,-44.524,-13.118,-63.865,23.579,-50.346,6.96,-60.161,37.975,-84.577,0.198,-100.467,-42.768,-89.999,0,0,0,0,0,"",0,0,0,0,0,0,0,0,0,0
90,5,1,1,1,0,1,1,1,0,0,5,255,255,46,5424.747,"하루（Haru）",R,13,92,-2.089,-1.285,4,-326.545,312.348,0,0,1,6,9,R,"인생최패망자",190,90,0.447,0,59,0,0,0,0,0,0,0,0,0,0,0,0,0,0,0,1.012,-39.59,-0.351,-18.167,-19.248,-41.667,-11.771,-63.804,20.387,-50.453,5.389,-61.509,37.994,-84.691,0.128,-100.185,-43.063,-91.168,0,0,0,0,0,"",0,0,0,0,0,0,0,0,0,0
91,5,1,1,1,0,2,1,0,1,0,255,5,255,47,5580.127,"하루（Haru）",R,0,140,-2.743,-0.156,2,67.971,-126.465,0,0,1,6,9,R,"인생최패망자",190,90,0.447,3,67,5581.192,143,110,7,142,122,99.585,-73.219,0.3,-0.209,-0.089,0.308,0,0,0,-0.53,-37.526,-0.086,-17.008,-21.18,-49.697,-13.124,-64.519,20.839,-47.966,3.222,-61.537,39.464,-84.05,1.236,-112.599,-41.139,-95.265,0,0,0,0,0,"",0,0,0,0,0,0,0,0,0,0
92,5,1,1,1,0,2,1,0,1,0,255,5,255,48,5602.37,"하루（Haru）",R,0,115,2.053,0.051,2,54.945,-87.378,0,0,1,6,9,R,"인생최패망자",190,90,0.447,3,67,5603.511,152,142,39,150,94,58.196,-52.972,-0.46,-0.047,-0.104,0.319,0,0,0,-2.074,-38.642,0.116,-17.32,-22.096,-49.897,-13.082,-64.569,20.913,-48.534,6.452,-60.03,37.931,-85.598,-0.579,-113.937,-41.507,-95.368,5609.268,56.682,-56.456,0,0,"",0,0,0,0,0,0,0,0,0,3
93,5,1,1,1,0,2,1,0,1,0,255,5,255,49,5632.26,"하루（Haru）",R,3,91,-3.676,0.121,2,-336.428,0,0,0,1,6,9,R,"인생최패망자",190,90,0.447,3,67,5633.518,116,124,42,140,82,22.292,31.681,0.96,-0.184,-0.07,0.278,0,0,0,-2.189,-39.138,-0.441,-17.152,-20.893,-49.257,-13.158,-64.43,18.939,-47.956,5.932,-59.854,38.763,-84.774,-2.151,-117.659,-39.879,-92.194,5637.334,-37.56,-68.595,5638.584,8,"卯月満開",-43.692,-74.9,1,0,0,0,0,0,0,2
94,5,1,1,1,0,0,1,1,0,1,0,255,5,50,5679.911,"하루（Haru）",R,0,140,-0.035,0.396,0,111.258,-134.758,0,0,0,7,6,L,"IbikiKai_JP",175,90,0.5,0,59,0,0,0,0,0,0,0,0,0,0,0,0,0,0,0,-1.644,-39.765,0.003,-17.115,-19.15,-45.387,-13.219,-64.789,19.77,-43.587,13.494,-64.502,42.67,-83.317,-0.251,-116.482,-36.68,-93.842,0,0,0,0,0,"",0,0,0,0,0,0,0,0,0,0
95,5,1,1,1,0,1,1,1,0,1,0,255,5,51,5697.937,"하루（Haru）",R,3,99,-2.007,-0.521,2,-303.893,0,0,0,1,7,6,L,"IbikiKai_JP",175,90,0.5,3,59,5699.193,190,150,70,155,94,-14.055,-35.988,-0.01,-0.001,-0.157,0.313,0,0,0,-1.588,-38.711,-0.183,-17.31,-19.775,-44.191,-9.584,-63.517,19.493,-42.975,13.378,-64.427,42.636,-83.359,0.637,-114.306,-37.217,-93.326,5699.451,1.237,-21.882,5700.984,4,"bdg06213",17.325,-41.752,1,0,0,0,0,0,0,2
96,5,1,1,1,0,0,1,1,1,1,6,0,5,52,5744.167,"하루（Haru）",R,0,140,2.137,0.083,2,68.498,-110.853,0,0,1,8,3,L,"ʚEveɞ",174.6,94.542,0.398,3,59,5745.121,160,83,0,134,81,-6.785,13.91,-0.19,0.124,-0.046,0.392,0,0,0,-0.797,-37.91,0.005,-17.123,-20.009,-43.153,-12.996,-64.387,21.185,-45.785,13.508,-64.66,42.037,-83.157,0.949,-115.746,-37.739,-97.086,5745.668,-1.467,-26.641,5747.901,3,"Oort__Cloud",-10.432,-56.396,1,64,0,0,0,0,0,2
97,5,0,2,1,0,0,0,0,0,0,255,255,255,42,5820.433,"Pring__",R,0,130,0.819,0.492,2,227.371,-94.886,0,0,1,7,7,R,"TaeGeuk_",177.3,88.568,0.408,3,37,5821.335,158,80,18,137,81,26.633,16.877,-0.48,-0.059,0.053,0.286,0,0,0,-0.144,-37.148,-0.214,-17.01,-25.261,-49.593,-14.531,-64.125,19.408,-49.091,9.532,-65.273,34.493,-86.431,4.008,-104.954,-46.127,-93.389,5826.284,-24.332,-83.446,5827.334,8,"SOM_candy",-26.537,-88.986,1,0,0,0,0,0,0,2
98,5,0,2,1,0,0,0,1,0,0,16,255,255,43,5914.998,"Pring__",R,3,100,2.331,0.917,1,-392.521,0,0,0,0,8,3,R,"Oort__Cloud",160,89.754,0.299,0,59,0,0,0,0,0,0,0,0,0,0,0,0,0,0,0,-0.035,-38.044,0.174,-17.218,-18.716,-39.747,-16.591,-62.157,18.974,-49.766,5.577,-63.125,35.227,-88.187,1.463,-103.269,-37.968,-80.753,0,0,0,0,0,"",0,0,0,0,0,0,0,0,0,0
99,5,0,2,1,1,0,0,1,0,0,16,255,255,44,5934.671,"Pring__",R,10,110,0.761,-1.394,4,-40.33,400,0,0,1,8,3,R,"Oort__Cloud",160,89.754,0.299,0,59,0,0,0,0,0,0,0,0,0,0,0,0,0,0,0,-0.051,-37.692,0.111,-17.038,-18.724,-39.744,-16.459,-62.596,18.931,-49.705,5.436,-62.522,35.145,-88.149,0.929,-102.68,-37.843,-80.543,0,0,0,0,0,"",0,0,0,0,0,0,0,0,0,0
100,5,0,2,1,1,1,0,1,0,0,16,255,255,45,5954.853,"Pring__",R,3,103,-1.333,0.49,0,-436.263,0,0,0,1,8,3,R,"Oort__Cloud",160,89.754,0.299,0,59,0,0,0,0,0,0,0,0,0,0,0,0,0,0,0,0.602,-37.893,-0.355,-17.477,-19.012,-39.961,-14.264,-63.789,18.94,-49.616,0.804,-61.018,34.564,-87.242,1.378,-108.212,-37.756,-79.819,0,0,0,0,0,"",0,0,0,0,0,0,0,0,0,0
101,5,0,2,1,1,2,0,0,1,0,255,16,255,46,5989.022,"Pring__",R,3,99,-0.297,0.96,2,-430.504,0,0,0,1,8,3,R,"Oort__Cloud",160,89.754,0.299,3,59,5990.228,150,108,30,146,44,27.276,11.618,0.72,-0.101,-0.044,0.492,0,0,0,-0.626,-36.856,-0.473,-17.069,-24.809,-48.697,-14.536,-63.718,18.277,-47.032,7.691,-62.511,36.277,-86.642,1.76,-107.085,-38.655,-78.882,0,0,0,5992.834,0,"Pring__",-4.37,-41.268,0,0,0,0,0,0,0,1
102,5,0,2,1,0,0,1,0,1,0,255,16,255,47,6023.893,"Pring__",R,3,105,-2.453,-0.651,4,-447.779,0,0,0,1,0,2,R,"Pugeuk",190,97,0.598,0,59,0,0,0,0,0,0,0,0,0,0,0,0,0,0,0,-0.493,-37.522,-0.448,-16.997,-22.474,-47.278,-14.886,-63.626,19.316,-46.609,4.228,-62.755,36.128,-86.969,6.625,-121.253,-40.254,-89.534,0,0,0,0,0,"",0,0,0,0,0,0,0,0,0,0
103,5,0,2,1,0,1,1,0,1,0,255,16,255,48,6040.733,"Pring__",R,0,128,2.098,-0.42,2,250,-102.076,0,0,1,0,2,R,"Pugeuk",190,97,0.598,3,59,6041.777,94,85,22,130,80,20.586,-3.706,-0.46,-0.04,-0.199,0.081,0,0,0,-0.288,-36.61,0.15,-17.031,-22.537,-47.327,-14.849,-63.612,18.759,-48.219,5.968,-63.126,36.079,-86.94,6.635,-121.328,-39.647,-87.785,6045.801,10.232,-80.762,6048.418,7,"Gonyong",14.785,-100.296,1,0,0,0,0,0,0,2
104,5,0,2,1,0,0,1,1,0,1,11,255,16,49,6116.78,"Pring__",R,3,115,-1.161,-0.712,2,-489.633,0,0,0,1,1,4,R,"bdg06213",190,99.549,0.504,3,59,6117.909,255,202,83,155,129,27.02,36.873,0.61,-0.045,-0.163,0.189,0,0,0,-0.026,-37.01,-0.287,-17.067,-18.715,-39.661,-14.611,-63.861,17.67,-43.929,8.414,-64.389,34.138,-86.675,1.141,-95.58,-39.32,-84.661,6123.385,-53.996,-127.024,0,0,"",0,0,0,0,0,0,0,0,0,4
105,5,0,2,4,0,0,1,0,0,0,255,255,255,50,6170.361,"Pring__",R,0,137,-0.351,0.635,0,250,-147.236,0,0,1,2,0,L,"하루（Haru）",190,107,0.55,0,59,0,0,0,0,0,0,0,0,0,0,0,0,0,0,0,-0.143,-37.063,-0.246,-16.961,-21.014,-48.332,-10.859,-65.449,17.682,-46.879,10.578,-62.881,35.646,-86.501,-0.458,-101.33,-36.764,-87.886,0,0,0,0,0,"",0,0,0,0,0,0,0,0,0,0
106,5,0,2,4,0,1,1,0,0,0,255,255,255,51,6191.77,"Pring__",R,10,124,-2.051,-0.07,2,-110.681,400,0,0,1,2,0,L,"하루（Haru）",190,107,0.55,3,59,6192.821,199,166,31,155,97,35.892,-50.84,-0.41,0.089,-0.058,0.214,0,0,0,-0.158,-36.869,-0.261,-16.976,-20.763,-48.298,-10.832,-65.351,17.544,-46.692,10.582,-62.92,35.956,-86.413,-0.553,-101.341,-38.245,-85.634,6197.885,66.314,-63.033,0,0,"",0,0,0,0,0,0,0,0,0,3
107,5,0,2,4,0,2,1,0,0,0,255,255,255,52,6237.683,"Pring__",R,0,138,0.069,1.252,2,193.415,-119.731,0,0,1,2,0,L,"하루（Haru）",190,107,0.55,3,48,6238.715,165,102,33,146,122,54.49,-52.648,0.47,0.012,-0.022,0.054,0,0,0,-0.54,-37.056,-0.019,-17.319,-22.181,-49.098,-11.466,-65.55,18.334,-47.401,12.275,-63.706,39.654,-85.785,-1.706,-104.314,-34.745,-84.696,6244.968,87.582,-72.21,0,0,"",0,0,0,0,0,0,0,0,0,0
108,5,0,2,4,0,2,1,0,0,0,255,255,255,53,6311.799,"Pring__",R,14,93,0.879,0.121,2,275.896,378.826,0,0,1,2,0,L,"하루（Haru）",190,107,0.55,3,48,6313.032,165,137,75,153,106,15.687,-44.569,0.59,0.07,-0.013,0,0,0,0,0.138,-37.264,0.343,-17.084,-20.687,-48.017,-11.27,-65.696,19.407,-48.595,11.052,-64.305,42.861,-80.548,0.967,-104.581,-36.561,-83.737,6315.367,40.415,-55.801,0,0,"",0,0,0,0,0,0,0,0,0,3
109,5,0,2,4,0,2,1,0,0,0,255,255,255,54,6335.567,"Pring__",R,3,112,1.206,0.192,0,-472.315,0,0,0,0,2,0,L,"하루（Haru）",190,107,0.55,0,48,0,0,0,0,0,0,0,0,0,0,0,0,0,0,0,-0.331,-37.735,-0.229,-17.094,-20.7,-47.242,-11.436,-66.015,18.851,-47.423,12.666,-61.243,42.544,-83.502,0.943,-101.801,-37.013,-83.46,0,0,0,0,0,"",0,0,0,0,0,0,0,0,0,0
110,5,0,2,4,0,0,2,0,0,0,255,255,255,55,6366.925,"Pring__",R,0,137,0.419,0.925,2,250,-175.884,0,0,1,3,5,R,"장덕춘_",170.2,94.815,0.549,2,59,6367.799,112,114,56,139,80,34.43,-12.268,-0.48,-0.054,-0.056,0.137,0,0,0,-0.492,-37.056,0.154,-17.201,-23.765,-49.122,-13.302,-64.879,18.589,-49.293,9.232,-64.441,35.439,-87.923,0.934,-102.074,-36.928,-84.787,0,0,0,6372.768,5,"Yaksok~",10.368,-79.184,0,0,0,0,0,0,0,1
111,6,1,2,4,0,0,0,0,0,0,255,255,255,53,6437.706,"하루（Haru）",R,0,140,-0.354,-0.476,0,72.701,-118.098,0,0,0,0,2,L,"Fresh825",172.6,86,0.2,0,59,0,0,0,0,0,0,0,0,0,0,0,0,0,0,0,-0.011,-37.534,-0.049,-17.172,-18.692,-49.324,-9.703,-65.124,22.387,-48.118,13.424,-64.751,42.139,-84.43,1.15,-118.297,-35.361,-97.942,0,0,0,0,0,"",0,0,0,0,0,0,0,0,0,0
112,6,1,2,4,0,1,0,0,0,0,255,255,255,54,6457.565,"하루（Haru）",R,0,131,3.916,0.621,1,155.746,-96.039,0,0,0,0,2,L,"Fresh825",172.6,86,0.2,0,59,0,0,0,0,0,0,0,0,0,0,0,0,0,0,0,0.041,-37.485,0.278,-17.101,-19.195,-48.572,-10.625,-64.388,23.061,-48.479,13.42,-64.779,42.254,-84.37,1.218,-119.277,-35.362,-97.889,0,0,0,0,0,"",0,0,0,0,0,0,0,0,0,0
113,6,1,2,4,1,1,0,0,0,0,255,255,255,55,6474.814,"하루（Haru）",R,0,97,-0.875,0.425,2,-35.538,0,0,0,0,0,2,L,"Fresh825",172.6,86,0.2,2,59,6476.051,124,84,9,134,78,34.745,-30.32,-0.5,0.076,-0.076,0.198,0,0,0,-0.339,-36.767,-0.22,-17.339,-19.328,-49.57,-10.636,-64.257,23.104,-48.469,13.414,-64.718,42.163,-84.439,0.013,-118.242,-35.362,-97.881,0,0,0,6481.051,6,"Azuner",31.887,-71.555,0,0,0,0,0,0,0,1
114,6,1,2,4,0,0,1,0,0,0,255,255,255,56,6515.489,"하루（Haru）",R,0,140,0.68,0.163,0,46.425,-109.593,0,0,0,1,4,R,"Megu3568",174.7,86,0.404,0,59,0,0,0,0,0,0,0,0,0,0,0,0,0,0,0,-0.609,-38.857,0.161,-16.966,-21.008,-49.026,-13.065,-64.363,22.696,-49.384,13.257,-64.782,39.831,-83.346,-4.035,-111.662,-40.628,-90.064,0,0,0,0,0,"",0,0,0,0,0,0,0,0,0,0
115,6,1,2,4,0,1,1,0,0,0,255,255,255,57,6534.298,"하루（Haru）",R,0,140,0.209,1.562,1,65.855,-142.175,0,0,0,1,4,R,"Megu3568",174.7,86,0.404,0,59,0,0,0,0,0,0,0,0,0,0,0,0,0,0,0,-1.319,-38.763,0.067,-16.964,-21.163,-49.15,-13.059,-64.316,22.816,-49.415,13.211,-64.788,39.951,-83.378,-2.927,-113.598,-40.704,-90.175,0,0,0,0,0,"",0,0,0,0,0,0,0,0,0,0
116,6,1,2,4,1,1,1,0,0,0,255,255,255,58,6570.126,"하루（Haru）",R,0,136,0.825,0.753,0,63.508,-107.86,0,0,1,1,4,R,"Megu3568",174.7,86,0.404,0,59,0,0,0,0,0,0,0,0,0,0,0,0,0,0,0,-0.151,-39.811,0.088,-16.991,-21.584,-50.119,-13.089,-64.32,22.867,-49.371,13.244,-64.775,39.954,-83.371,-0.252,-110.583,-40.671,-90.201,0,0,0,0,0,"",0,0,0,0,0,0,0,0,0,0
117,6,1,2,4,1,2,1,0,0,0,255,255,255,59,6616.463,"하루（Haru）",R,0,137,0.023,-0.167,2,70.24,-114.482,0,0,1,1,4,R,"Megu3568",174.7,86,0.404,3,79,6617.641,139,87,16,137,127,-25.707,3.184,0.56,0.022,-0.077,0.132,0,0,0,-0.314,-37.276,-0.086,-17.275,-21.607,-49.959,-13.058,-64.325,22.72,-49.238,13.372,-64.699,39.298,-83.615,0.328,-114.324,-40.684,-90.215,6617.751,-0.058,-20.444,6627.468,7,"TaeGeuk_",-11.829,-123.995,1,0,0,0,0,0,0,2
118,6,1,2,4,0,0,1,0,1,0,255,4,255,60,6693.135,"하루（Haru）",R,0,140,-0.558,-0.631,2,127.715,-153.458,0,0,1,2,7,R,"Gonyong",179.9,95,0.2,3,59,6694.022,206,102,35,149,120,34.39,28.68,0.6,-0.096,-0.052,0.174,0,0,0,-0.288,-37.221,0.016,-17.118,-21.445,-50.204,-13.082,-64.624,20.734,-47.746,2.124,-60.631,38.761,-84.69,-3.303,-120.712,-37.526,-94.78,6699.851,-68.65,-101.166,0,0,"",0,0,0,0,0,0,0,0,0,4
119,6,1,4,4,0,0,1,0,0,0,255,255,255,61,6783.692,"하루（Haru）",R,10,96,1.856,-1.205,2,0,400,0,0,1,3,1,R,"편하비_",183,94.587,0.455,2,59,6784.874,221,127,47,155,94,-21.377,-1.339,-0.53,-0.093,-0.108,0.383,0,0,0,-0.137,-36.83,0.133,-17.295,-20.173,-49.833,-13.021,-64.423,20.216,-48.54,13.264,-64.652,39.884,-86.196,-1.932,-119.967,-37.336,-97.638,6785.101,0.373,-20.428,6790.734,7,"TaeGeuk_",5.188,-101.207,1,0,0,0,0,0,0,2
120,6,1,4,4,0,0,1,1,0,0,1,255,255,62,6826.12,"하루（Haru）",R,5,96,-1.745,0.153,2,-133.054,0,0,0,1,4,8,L,"SOM_candy",179.9,102.048,0.554,3,59,6827.216,146,108,44,146,128,25.438,5.128,0.66,-0.061,0.015,0.272,0,0,0,-0.295,-37.351,-0.153,-17.222,-19.85,-43.457,-7.455,-61.91,20.11,-45.512,11.776,-65.476,41.841,-83.352,-0.088,-116.785,-34.408,-93.245,6833.084,8.791,-140.797,0,0,"",0,0,0,0,0,0,0,0,0,4
121,6,1,6,4,0,0,1,0,0,0,255,255,255,0,7146.354,"卯月満開",R,0,108,1.047,1.938,1,0,0,0,0,0,5,5,R,"Yaksok~",166.3,100.037,0.395,0,61,0,0,0,0,0,0,0,0,0,0,0,0,0,0,0,-0.111,-37.363,0.164,-17.108,-21.806,-50.214,-12.977,-64.327,21.764,-47.969,11.639,-65.537,39.864,-84.294,-0.939,-120.318,-48.31,-95.828,0,0,0,0,0,"",0,0,0,0,0,0,0,0,0,0
122,6,1,6,4,1,0,1,0,0,0,255,255,255,1,7163.201,"卯月満開",R,0,138,0.931,0.562,0,0,0,0,0,0,5,5,R,"Yaksok~",166.3,100.037,0.395,0,61,0,0,0,0,0,0,0,0,0,0,0,0,0,0,0,-0.271,-37.003,0.171,-17.034,-22.084,-48.746,-12.951,-64.317,21.76,-47.823,11.577,-65.538,39.962,-84.445,-0.707,-122.05,-48.201,-95.848,0,0,0,0,0,"",0,0,0,0,0,0,0,0,0,0
123,6,1,6,4,1,1,1,0,0,0,255,255,255,2,7179.866,"卯月満開",R,13,126,-3.419,-1.844,1,-369.739,336.59,-0.809,-18.571,0,5,5,R,"Yaksok~",166.3,100.037,0.395,0,61,0,0,0,0,0,0,0,0,0,0,0,0,0,0,0,-0.148,-37.27,-0.176,-17.019,-21.615,-46.435,-12.951,-64.301,21.736,-47.8,11.775,-65.528,39.006,-83.837,-1.074,-124.233,-48.205,-95.85,0,0,0,0,0,"",0,0,0,0,0,0,0,0,0,0
124,6,1,6,4,2,1,1,0,0,0,255,255,255,3,7198.545,"卯月満開",R,13,126,-1.85,-1.212,2,-335.378,370.839,0,0,1,5,5,R,"Yaksok~",166.3,100.037,0.395,3,61,7199.334,155,158,59,150,83,-18.402,34.485,0.96,-0.041,-0.184,0.271,0,0,0,-0.221,-37.119,-0.218,-17.23,-20.926,-48.231,-12.933,-64.205,21.78,-47.86,11.739,-65.51,39.115,-83.98,-3.525,-126.838,-48.208,-95.866,7199.601,-1.148,-20.735,7201.484,2,"Pugeuk",-16.843,-44.209,0,0,0,0,0,0,0,2
125,6,1,6,4,0,0,2,0,0,0,255,255,255,4,7226.645,"卯月満開",R,14,121,2.541,-1.028,1,380.809,324.013,0,0,0,6,9,R,"인생최패망자",190,90,0.447,0,59,0,0,0,0,0,0,0,0,0,0,0,0,0,0,0,-0.159,-37.136,0.222,-17.046,-21.371,-50.544,-13.088,-64.622,21.81,-48.054,11.841,-65.359,40.281,-85.066,-3.292,-120.694,-44.683,-91.613,0,0,0,0,0,"",0,0,0,0,0,0,0,0,0,0
126,6,1,6,4,1,0,2,0,0,0,255,255,255,5,7246.077,"卯月満開",R,0,140,1.257,0.665,2,0,0,0,0,1,6,9,R,"인생최패망자",190,90,0.447,3,59,7247.091,157,140,36,151,96,34.18,-5.064,-0.26,0.021,-0.044,0.363,0,0,0,-0.18,-37.005,0.121,-17.167,-21.553,-50.69,-13.04,-64.513,21.861,-48.025,11.801,-65.263,40.203,-85.105,-1.279,-125.403,-44.693,-91.586,7252.334,3.55,-96.734,7258.501,7,"TaeGeuk_",1.955,-126.612,1,0,0,0,0,0,0,2
127,6,1,6,4,0,0,2,0,0,1,255,255,0,6,7298.206,"卯月満開",R,0,98,-3.751,0.382,1,0,0,0,0,0,7,6,L,"IbikiKai_JP",175,90,0.5,0,59,0,0,0,0,0,0,0,0,0,0,0,0,0,0,0,-0.12,-37.191,-0.222,-17.054,-20.361,-46.49,-9.681,-64.286,20.097,-44.529,11.908,-64.993,41.957,-84.026,-0.798,-121.111,-38.126,-96.542,0,0,0,0,0,"",0,0,0,0,0,0,0,0,0,0
128,6,1,6,4,1,0,2,0,0,1,255,255,0,7,7317.2,"卯月満開",R,0,110,-0.803,0.41,0,0,0,0,0,1,7,6,L,"IbikiKai_JP",175,90,0.5,0,59,0,0,0,0,0,0,0,0,0,0,0,0,0,0,0,-0.052,-37.185,-0.167,-17.033,-19.291,-44.905,-9.622,-64.27,19.827,-45.13,11.886,-64.973,42.146,-84.131,0.392,-124.178,-38.21,-96.47,0,0,0,0,0,"",0,0,0,0,0,0,0,0,0,0
129,6,1,6,4,1,1,2,0,0,1,255,255,0,8,7334.88,"卯月満開",R,0,102,1.581,0.569,4,0,17.627,0,0,1,7,6,L,"IbikiKai_JP",175,90,0.5,0,59,0,0,0,0,0,0,0,0,0,0,0,0,0,0,0,-0.166,-37.684,-0.055,-16.892,-19.798,-44.034,-9.64,-64.251,19.343,-43.699,11.836,-65.382,42.139,-84.128,-0.595,-120.19,-30.821,-93.404,0,0,0,0,0,"",0,0,0,0,0,0,0,0,0,0
130,6,1,6,4,1,2,2,0,0,1,255,255,0,9,7356.818,"卯月満開",R,10,128,-0.851,-1.189,4,0,400,0,0,1,7,6,L,"IbikiKai_JP",175,90,0.5,0,59,0,0,0,0,0,0,0,0,0,0,0,0,0,0,0,-0.133,-37.722,-0.1,-17.212,-19.607,-43.297,-9.625,-64.188,19.489,-43.517,11.86,-64.809,42.145,-84.105,-0.273,-123.973,-35.387,-94.16,0,0,0,0,0,"",0,0,0,0,0,0,0,0,0,0
131,6,0,6,4,0,0,0,0,0,0,255,255,255,56,7458.006,"Pring__",R,0,133,-0.98,0.446,0,232.19,-186.085,0,0,0,4,6,L,"Azuner",177.7,86,0.398,0,59,0,0,0,0,0,0,0,0,0,0,0,0,0,0,0,-0.289,-37.855,0.087,-17.035,-22.043,-50.217,-9.425,-65.149,20.201,-50.486,12.07,-64.002,41.817,-83.461,15.819,-107.333,-30.301,-82.416,0,0,0,0,0,"",0,0,0,0,0,0,0,0,0,0
132,6,0,6,4,0,1,0,0,0,0,255,255,255,57,7479.351,"Pring__",R,14,99,2.251,0.105,2,349.363,315.143,0,0,1,4,6,L,"Azuner",177.7,86,0.398,3,59,7480.563,133,117,56,144,114,9.808,-18.779,0.83,-0.066,-0.119,0.301,0,0,0,0.06,-37.473,0.33,-17.21,-21.897,-50.089,-9.346,-65.037,20.248,-50.348,12.042,-64.11,41.701,-83.506,15.016,-107.76,-31.111,-81.977,7483.551,33.117,-86.112,7487.851,7,"Gonyong",42.782,-102.349,1,16,0,0,0,0,0,2
133,6,0,6,4,0,0,1,0,0,0,255,255,255,58,7549.171,"Pring__",R,0,135,-3.209,0.001,1,0,0,0,0,0,5,9,R,"jdw4469",181.5,92,0.43,0,59,0,0,0,0,0,0,0,0,0,0,0,0,0,0,0,-0.177,-37.819,-0.405,-16.953,-24.87,-50.22,-13.265,-64.816,19.756,-50.346,10.344,-65.11,36.629,-85.271,3.472,-103.557,-37.463,-79.23,0,0,0,0,0,"",0,0,0,0,0,0,0,0,0,0
134,6,0,6,4,1,0,1,0,0,0,255,255,255,59,7567.094,"Pring__",R,14,100,-0.196,0.026,0,325.293,349.232,0.176,-17.834,1,5,9,R,"jdw4469",181.5,92,0.43,0,59,0,0,0,0,0,0,0,0,0,0,0,0,0,0,0,-0.159,-37.809,-0.065,-17.179,-24.666,-50.33,-13.304,-64.894,19.801,-50.338,8.232,-64.582,36.622,-85.292,3.197,-104.219,-37.461,-79.3,0,0,0,0,0,"",0,0,0,0,0,0,0,0,0,0
135,6,0,6,4,1,1,1,0,0,0,255,255,255,60,7586.226,"Pring__",R,14,97,1.502,-0.133,2,325.523,337.237,0,0,1,5,9,R,"jdw4469",181.5,92,0.43,2,59,7587.46,159,168,48,151,130,1.199,-3.958,0.48,-0.006,-0.018,0.309,0,0,0,-0.128,-36.927,0.163,-17.168,-24.557,-50.056,-13.242,-64.749,19.757,-50.179,9.403,-65.285,36.804,-86.578,2.276,-105.34,-36.721,-78.552,7588.534,2.478,-50.436,7590.601,7,"Gonyong",6.352,-97.411,1,0,0,0,0,0,0,2
136,6,0,6,4,0,0,1,1,0,0,9,255,255,61,7625.094,"Pring__",R,0,132,-0.937,-0.923,0,250,-125.043,0,0,0,6,1,R,"HalF_HearteD",174.6,95.26,0.401,0,59,0,0,0,0,0,0,0,0,0,0,0,0,0,0,0,0.958,-38.106,-0.335,-17.189,-18.793,-39.676,-14.68,-63.633,18.498,-49.161,6.708,-63.456,32.609,-83.442,2.258,-102.034,-35.392,-76.337,0,0,0,0,0,"",0,0,0,0,0,0,0,0,0,0
137,6,0,6,4,0,1,1,1,0,0,9,255,255,62,7644.715,"Pring__",R,3,118,-2.373,-0.797,4,-500,0,0,0,1,6,1,R,"HalF_HearteD",174.6,95.26,0.401,0,59,0,0,0,0,0,0,0,0,0,0,0,0,0,0,0,1.543,-37.975,-0.53,-17.277,-18.813,-39.673,-14.678,-63.619,18.433,-49.173,6.257,-63.407,32.623,-83.781,2.292,-101.957,-34.997,-76.046,0,0,0,0,0,"",0,0,0,0,0,0,0,0,0,0
138,6,0,6,4,0,2,1,1,0,0,9,255,255,63,7664.558,"Pring__",R,0,139,-0.77,1.508,4,213.826,-197.486,0,0,1,6,1,R,"HalF_HearteD",174.6,95.26,0.401,0,59,0,0,0,0,0,0,0,0,0,0,0,0,0,0,0,1.061,-38.216,-0.043,-17.351,-18.829,-39.649,-14.331,-63.173,18.594,-49.079,6.036,-63.98,32.636,-83.777,0.931,-100.423,-34.43,-74.528,0,0,0,0,0,"",0,0,0,0,0,0,0,0,0,0
139,6,0,6,4,0,0,2,1,0,0,9,255,255,64,7690.56,"Pring__",R,3,113,-1.221,0.579,2,-500,0,0,0,1,7,7,R,"TaeGeuk_",177.3,88.568,0.408,3,59,7691.531,215,98,42,150,112,27.591,23.773,0.31,-0.059,0.072,0.184,0,0,0,-0.551,-36.942,-0.524,-17.212,-18.738,-39.747,-14.731,-63.979,18.549,-48.927,8.855,-65.118,34.638,-88.19,-1.656,-100.049,-35.8,-76.267,7697.001,-34.789,-112.959,7700.051,7,"Gonyong",-29.022,-116.069,1,0,0,0,0,0,0,2
140,6,0,6,4,0,0,2,0,1,1,255,16,9,65,7790.834,"Pring__",R,3,103,-2.19,0.133,1,-440.689,0,0,0,0,8,3,R,"Oort__Cloud",160,89.754,0.299,0,59,0,0,0,0,0,0,0,0,0,0,0,0,0,0,0,-0.348,-37.505,-0.44,-16.927,-19.02,-43.051,-13.91,-64.687,18.8,-44.862,5.139,-63.481,34.016,-86.719,1.486,-104.812,-35.001,-80.485,0,0,0,0,0,"",0,0,0,0,0,0,0,0,0,0
141,6,0,6,4,1,0,2,0,1,1,255,16,9,66,7811.926,"Pring__",R,0,127,1.238,0.59,0,234.106,-92.971,0,0,0,8,3,R,"Oort__Cloud",160,89.754,0.299,0,59,0,0,0,0,0,0,0,0,0,0,0,0,0,0,0,-0.246,-37.792,0.16,-17.077,-22.627,-46.775,-13.88,-64.664,18.88,-44.678,4.457,-63.462,34.036,-86.71,0.976,-103.494,-35.23,-79.088,0,0,0,0,0,"",0,0,0,0,0,0,0,0,0,0
142,6,0,6,4,1,1,2,0,1,1,255,16,9,67,7831.8,"Pring__",R,10,119,0.607,-0.248,2,0,400,0,0,1,8,3,R,"Oort__Cloud",160,89.754,0.299,3,59,7832.924,182,97,25,145,119,19.459,6.614,0.51,-0.081,-0.017,0.531,0,0,0,-0.119,-36.764,0.125,-17.098,-22.479,-46.916,-13.745,-64.502,18.389,-44.393,7.149,-64.275,34.092,-86.763,2.141,-104.103,-36.284,-79.983,7837.001,-25.736,-111.377,7840.834,7,"Gonyong",-20.492,-119.405,1,0,0,0,0,0,0,2
143,6,0,6,6,0,0,2,0,1,0,255,12,255,68,7874.477,"Pring__",R,0,129,0.978,0.613,2,225.075,-155.538,0,0,1,0,2,R,"Pugeuk",190,97,0.598,3,59,7875.543,144,113,22,144,93,-9.576,8.696,-0.04,-0.002,-0.134,0.2,0,0,0,-0.514,-37.032,0.196,-16.941,-23.964,-49.058,-14.459,-64.079,18.546,-47.037,7.53,-63.736,33.494,-88.724,5.148,-123.351,-35.9,-91.789,7875.885,-0.937,-25.537,7881.518,7,"Gonyong",-13.618,-108.021,1,0,0,0,0,0,0,2
144,6,0,6,7,0,0,2,0,1,0,255,255,255,69,7968.404,"Pring__",R,0,125,2.674,1.048,1,250,-115.373,0,0,0,1,4,R,"bdg06213",190,99.549,0.504,0,59,0,0,0,0,0,0,0,0,0,0,0,0,0,0,0,0.102,-37.486,0.079,-17.048,-24.245,-49.873,-13.921,-64.797,18.607,-48.058,6.803,-63.428,36.711,-87.58,0.775,-104.319,-34.296,-84.235,0,0,0,0,0,"",0,0,0,0,0,0,0,0,0,0
145,6,0,6,7,1,0,2,0,1,0,255,255,255,70,7988.913,"Pring__",R,13,101,-0.494,0.08,2,-354.696,317.444,0,0,1,1,4,R,"bdg06213",190,99.549,0.504,3,59,7990.086,168,131,70,153,130,-30,31.712,0.29,0.012,-0.104,0.158,0,0,0,-0.291,-37.035,-0.313,-16.994,-24.16,-50.347,-13.949,-64.739,18.5,-47.888,7.837,-62.247,36.773,-87.623,0.768,-104.654,-37.072,-80.56,7990.351,-1.13,-22.996,7992.984,8,"SOM_candy",-32.97,-74.466,1,0,0,0,0,0,0,2
146,6,0,6,8,0,0,2,1,0,0,13,255,255,71,8057.864,"Pring__",R,0,131,0.441,0.738,2,250,-188.732,0,0,1,2,8,L,"하루（Haru）",190,107,0.55,3,59,8058.94,236,109,21,149,122,104.972,74.606,0.59,0.032,-0.016,0.032,0,0,0,-0.116,-37.394,0.128,-17.089,-18.577,-40.105,-12.052,-65.272,18.838,-46.644,10.476,-64.901,45.416,-80.493,7.513,-111.803,-36.46,-83.779,0,0,0,0,0,"",0,0,0,0,0,0,0,0,0,0
147,6,0,6,8,0,1,2,1,0,0,13,255,255,72,8082.707,"Pring__",R,14,103,2.221,-1.381,1,267.734,400,0,0,0,2,8,L,"하루（Haru）",190,107,0.55,0,48,0,0,0,0,0,0,0,0,0,0,0,0,0,0,0,-0.009,-37.884,0.316,-17.221,-18.579,-40.117,-11.426,-65.508,19.271,-47.195,9.606,-64.426,45.19,-80.974,4.16,-112.452,-35.486,-83.938,0,0,0,0,0,"",0,0,0,0,0,0,0,0,0,0
148,6,0,6,8,1,1,2,1,0,0,13,255,255,73,8101.757,"Pring__",R,0,140,-6.147,-1.054,3,250,-139.619,-1.466,-20.007,0,2,8,L,"하루（Haru）",190,107,0.55,0,48,0,0,0,0,0,0,0,0,0,0,0,0,0,0,0,-0.021,-37.018,-0.258,-16.874,-18.568,-40.118,-11.054,-65.547,19.092,-47.605,8.312,-64.075,45.206,-80.979,4.043,-112.351,-35.159,-82.891,0,0,0,0,0,"",0,0,0,0,0,0,0,0,0,6
149,6,0,6,8,0,0,2,1,1,0,17,13,255,74,8143.914,"Pring__",R,14,100,0.89,-0.145,0,320.074,355.019,0,0,1,3,5,R,"장덕춘_",170.2,94.815,0.549,0,59,0,0,0,0,0,0,0,0,0,0,0,0,0,0,0,0.043,-37.449,0.196,-16.93,-21.471,-47.229,-15.041,-63.772,19.816,-47.673,4.854,-62.168,34.603,-88.601,-0.517,-105.678,-35.112,-83.698,0,0,0,0,0,"",0,0,0,0,0,0,0,0,0,0
150,6,0,6,8,0,1,2,1,1,0,17,13,255,75,8165.106,"Pring__",R,3,105,-1.491,-0.204,2,-443.828,0,0,0,1,3,5,R,"장덕춘_",170.2,94.815,0.549,2,59,8166.028,95,144,108,136,36,-25.258,30.941,0.31,-0.073,-0.141,0.156,0,0,0,-0.641,-37.02,-0.511,-16.984,-21.525,-47.096,-15.112,-63.733,18.614,-46.807,6.346,-63.538,34.907,-88.576,-0.683,-105.803,-35.546,-83.096,8166.484,-1.189,-22.477,8170.418,0,"Pring__",-12.632,-39.631,1,0,0,0,0,0,0,2
151,6,0,6,8,0,0,2,1,1,1,255,255,13,0,8329.789,"인생최패망자",R,0,140,0.116,0.424,0,15.364,-83.027,0,0,0,4,6,L,"Azuner",177.7,86,0.398,0,59,0,0,0,0,0,0,0,0,0,0,0,0,0,0,0,-0.084,-37.852,-0.007,-16.882,-21.164,-49.433,-12.259,-66.079,18.907,-46.223,10.706,-65.227,44.597,-83.585,10.769,-105.951,-34.568,-76.941,0,0,0,0,0,"",0,0,0,0,0,0,0,0,0,0
152,6,0,6,8,0,1,2,1,1,1,255,255,13,1,8349.952,"인생최패망자",R,0,140,-1.51,0.501,2,74.8,-129.671,0,0,1,4,6,L,"Azuner",177.7,86,0.398,3,59,8351.041,160,86,31,141,127,112.821,61.478,0.4,-0.072,-0.052,0,0,0,0,-0.344,-37.142,-0.173,-16.842,-21.202,-49.238,-12.163,-65.39,18.891,-46.793,10.073,-64.438,43.821,-81.499,10.7,-108.249,-34.176,-76.331,0,0,0,0,0,"",0,0,0,0,0,0,0,0,0,0
153,6,0,6,8,0,2,2,1,1,1,255,255,13,2,8372.609,"인생최패망자",R,10,114,-0.797,-2.692,1,0,400,-0.141,-21.764,0,4,6,L,"Azuner",177.7,86,0.398,0,59,0,0,0,0,0,0,0,0,0,0,0,0,0,0,0,-0.141,-37.675,-0.014,-17.054,-21.477,-48.802,-13.218,-64.904,19.247,-45.74,9.779,-63.509,44.295,-80.676,6.788,-108.652,-33.302,-75.165,0,0,0,0,0,"",0,0,0,0,0,0,0,0,0,0
154,6,0,6,8,1,2,2,1,1,1,255,255,13,3,8393.066,"인생최패망자",R,0,140,-1.454,1.207,4,135.456,-78.845,0,0,1,4,6,L,"Azuner",177.7,86,0.398,0,59,0,0,0,0,0,0,0,0,0,0,0,0,0,0,0,-0.271,-37.773,-0.02,-17.26,-21.446,-48.5,-13.208,-64.904,19.418,-45.995,12.973,-62.446,45.606,-80.762,6.688,-108.553,-33.63,-74.939,0,0,0,0,0,"",0,0,0,16,0,0,0,0,0,0
155,7,1,6,8,0,0,0,0,0,0,255,255,255,10,8456.073,"卯月満開",R,0,129,1.334,-0.419,2,0,0,0,0,1,8,3,L,"ʚEveɞ",174.6,94.542,0.398,3,59,8457.059,189,97,14,143,95,-30,-46.043,0.92,0.101,-0.084,0.5,0,0,0,-0.148,-36.949,0.138,-17.178,-18.34,-51.516,-9.831,-64.835,21.794,-47.763,11.977,-65.42,40.591,-81.903,8.438,-108.291,-41.92,-88.464,8457.334,1.551,-21.553,8461.901,6,"Azuner",51.416,-72.264,0,0,0,0,0,0,0,2
156,7,1,6,8,0,1,0,0,0,0,255,255,255,11,8479.815,"卯月満開",R,14,126,2.772,-1.581,1,340.111,366.503,0,0,0,8,3,L,"ʚEveɞ",174.6,94.542,0.398,0,59,0,0,0,0,0,0,0,0,0,0,0,0,0,0,0,-0.096,-37.138,0.136,-16.904,-19.881,-47.289,-9.443,-65.025,20.53,-44.08,11.839,-65.367,44.31,-82.394,1.24,-107.841,-38.351,-93.531,0,0,0,0,0,"",0,0,0,0,0,0,0,0,0,0
157,7,1,6,8,1,1,0,0,0,0,255,255,255,12,8494.644,"卯月満開",R,10,119,-1.093,-0.051,2,91.769,400,0,0,1,8,3,L,"ʚEveɞ",174.6,94.542,0.398,3,59,8495.708,183,151,10,155,46,-1.363,12.55,0.59,0.145,-0.082,0.549,0,0,0,-0.183,-37.045,0.159,-17.209,-18.613,-48.528,-10.202,-64.396,20.552,-44.083,11.838,-65.299,44,-82.563,-0.398,-113.322,-39.283,-92.913,8496.451,-1.942,-27.994,8497.601,0,"卯月満開",-3.607,-36.365,0,0,0,0,0,0,0,2
158,7,1,6,8,0,0,1,0,0,0,255,255,255,13,8524.548,"卯月満開",R,13,126,-1.479,-0.438,2,-348.375,358.657,0,0,1,0,2,L,"Fresh825",172.6,86,0.2,2,59,8525.602,109,121,43,138,81,-52.184,57.901,-0.46,0.093,-0.116,0.16,0,0,0,-0.221,-36.935,-0.133,-17.293,-18.808,-49.576,-10.34,-65.121,20.556,-44.924,11.893,-65.289,43.972,-83.314,4.282,-110.023,-41.854,-89.704,8525.834,-1.096,-20.105,0,0,"",0,0,0,0,0,0,0,0,0,3
159,7,1,6,8,0,1,1,0,0,0,255,255,255,14,8545.203,"卯月満開",R,10,128,0.017,-0.82,2,0,400,0,0,1,0,2,L,"Fresh825",172.6,86,0.2,2,85,8546.264,124,122,42,142,85,-1.2,-3.822,-0.17,0.116,-0.146,0.239,0,0,0,-0.148,-37.041,-0.173,-17.31,-17.794,-49.62,-10.597,-65.115,20.532,-44.361,11.836,-65.166,43.351,-83.043,0.608,-112.602,-44.377,-89.658,8546.834,0.584,-29.463,8549.067,5,"장덕춘_",3.585,-63.206,0,1,0,0,0,0,0,2
160,7,1,6,8,0,0,2,0,0,0,255,255,255,15,8591.02,"卯月満開",R,10,128,0.884,0.45,0,0,400,-0.099,-17.726,0,1,4,R,"Megu3568",174.7,86,0.404,0,59,0,0,0,0,0,0,0,0,0,0,0,0,0,0,0,-0.539,-37.131,0.116,-17.099,-21.041,-48.417,-13.214,-64.406,19.645,-47.521,11.644,-65.64,40.674,-83.453,-5.183,-109.277,-43.49,-89.277,0,0,0,0,0,"",0,0,0,0,0,0,0,0,0,0
161,7,1,6,8,0,1,2,0,0,0,255,255,255,16,8611.333,"卯月満開",R,13,111,-4.532,-2.735,1,-375.456,330.202,-0.856,-20.171,0,1,4,R,"Megu3568",174.7,86,0.404,0,59,0,0,0,0,0,0,0,0,0,0,0,0,0,0,0,-0.483,-37.288,-0.115,-16.907,-20.011,-47.8,-13.244,-64.44,20.033,-47.521,11.706,-65.629,40.782,-83.532,-5.131,-109.472,-44.65,-90.217,0,0,0,0,0,"",0,0,0,0,0,0,0,0,0,0
162,7,1,6,8,1,1,2,0,0,0,255,255,255,17,8627.659,"卯月満開",R,10,128,0.954,0.045,2,-36.591,400,0,0,1,1,4,R,"Megu3568",174.7,86,0.404,3,59,8628.793,185,133,29,155,127,103.506,-70.942,0.58,0.101,0.013,0.474,0,0,0,-0.27,-37.113,-0.145,-17.234,-19.814,-49.368,-13.035,-64.297,20.107,-47.295,11.743,-65.546,40.921,-83.478,-4.64,-110.502,-44.743,-89.919,0,0,0,0,0,"",0,0,0,0,0,0,0,0,0,0
163,7,1,6,8,1,2,2,0,0,0,255,255,255,18,8743.562,"卯月満開",R,0,139,-1.13,0.887,0,0,0,0,0,1,1,4,R,"Megu3568",174.7,86,0.404,0,79,0,0,0,0,0,0,0,0,0,0,0,0,0,0,0,-0.051,-37.266,-0.254,-16.821,-21.83,-49.571,-12.998,-64.38,21.025,-48.732,11.6,-64.863,38.511,-82.989,-5.906,-114.197,-45.892,-89.522,0,0,0,0,0,"",0,0,0,0,0,0,0,0,0,0
164,7,0,6,8,0,0,0,0,0,0,255,255,255,0,8988.592,"Megu3568",R,0,140,-3.185,-1.366,1,137.195,-200,0,0,0,5,9,R,"jdw4469",181.5,92,0.43,0,59,0,0,0,0,0,0,0,0,0,0,0,0,0,0,0,0.037,-37.636,-0.193,-16.781,-23.265,-50.511,-14.059,-64.66,15.301,-50.381,7.128,-64.99,38.199,-86.802,1.042,-99.982,-36.916,-80.151,0,0,0,0,0,"",0,0,0,0,0,0,0,0,0,0
165,7,0,6,8,1,0,0,0,0,0,255,255,255,1,9008.578,"Megu3568",R,0,139,1.929,1.175,2,24.993,-157.986,0,0,1,5,9,R,"jdw4469",181.5,92,0.43,2,59,9009.65,140,126,24,144,86,98.509,63.966,0.96,-0.032,-0.042,0.37,0,0,0,-0.075,-37.497,0.127,-16.647,-23.361,-50.49,-14.024,-64.596,15.303,-50.508,7.075,-65.045,38.286,-86.838,1.149,-100.113,-36.805,-80.062,9015.968,29.407,-10.778,0,0,"",0,0,0,0,0,0,0,0,0,0
166,7,0,6,8,1,1,0,0,0,0,255,255,255,2,9037.324,"Megu3568",R,10,90,-0.082,-0.625,0,0,400,0,0,0,5,9,R,"jdw4469",181.5,92,0.43,0,42,0,0,0,0,0,0,0,0,0,0,0,0,0,0,0,-0.011,-37.902,0.057,-17.01,-23.82,-50.088,-14.016,-64.639,15.286,-48.48,7.028,-66.083,36.369,-86.115,0.392,-103.926,-39.371,-82.418,0,0,0,0,0,"",0,0,0,0,0,0,0,0,0,0
167,7,0,6,8,1,2,0,0,0,0,255,255,255,3,9052.951,"Megu3568",R,0,131,-1.125,0.004,2,1.74,-200,0,0,1,5,9,R,"jdw4469",181.5,92,0.43,2,42,9053.969,113,81,11,132,99,17.681,22.783,0.1,-0.073,-0.067,0.326,0,0,0,-0.374,-37.292,0.008,-17.102,-23.798,-50.061,-14.032,-64.597,19.367,-52.894,7.009,-65.966,36.321,-86.051,2.91,-103.378,-39.208,-81.998,9058.784,-30.653,-101.42,9063.534,7,"Gonyong",-30.542,-118.453,1,0,0,0,0,0,0,2
168,7,0,6,8,0,0,0,0,1,0,255,9,255,4,9118.942,"Megu3568",R,13,110,-1.915,-0.606,1,-347.03,359.959,0,0,0,6,1,R,"HalF_HearteD",174.6,95.26,0.401,0,59,0,0,0,0,0,0,0,0,0,0,0,0,0,0,0,-0.158,-37.356,-0.029,-16.892,-19.501,-42.605,-14.805,-63.79,16.864,-45.156,4.618,-63.06,36.937,-89.233,-8.551,-108.183,-38.24,-80.22,0,0,0,0,0,"",0,0,0,0,0,0,0,0,0,0
169,7,0,6,8,1,0,0,0,1,0,255,9,255,5,9138.061,"Megu3568",R,0,130,-1.721,-0.794,1,158.384,-200,0,0,0,6,1,R,"HalF_HearteD",174.6,95.26,0.401,0,59,0,0,0,0,0,0,0,0,0,0,0,0,0,0,0,-0.204,-37.306,-0.005,-16.779,-21.469,-48.174,-14.886,-63.738,16.457,-45.757,2.619,-62.911,36.977,-89.253,-8.548,-108.164,-37.965,-80.457,0,0,0,0,0,"",0,0,0,0,0,0,0,0,0,0
170,7,0,6,8,2,0,0,0,1,0,255,9,255,6,9159.353,"Megu3568",R,0,128,-0.491,-0.986,0,67.204,-188.446,0,0,0,6,1,R,"HalF_HearteD",174.6,95.26,0.401,0,59,0,0,0,0,0,0,0,0,0,0,0,0,0,0,0,-0.167,-37.434,0.285,-16.818,-21.442,-48.216,-14.942,-63.8,17.73,-44.7,2.743,-62.982,37.273,-89.965,-8.558,-108.357,-38.993,-80.78,0,0,0,0,0,"",0,0,0,0,0,0,0,0,0,0
171,7,0,6,8,2,1,0,0,1,0,255,9,255,7,9182.333,"Megu3568",R,13,112,-2.981,-0.533,1,-371.107,335.082,0,0,0,6,1,R,"HalF_HearteD",174.6,95.26,0.401,0,59,0,0,0,0,0,0,0,0,0,0,0,0,0,0,0,-0.206,-37.724,-0.277,-16.849,-21.729,-48.282,-14.933,-63.776,16.967,-44.14,3.696,-61.854,37.332,-89.992,-8.562,-108.386,-38.923,-80.867,0,0,0,0,0,"",0,0,0,0,0,0,0,0,0,0
172,7,0,6,8,3,1,0,0,1,0,255,9,255,8,9460.752,"Megu3568",R,0,129,-1.023,-1.058,1,27.159,-157.422,0,0,0,6,1,R,"HalF_HearteD",174.6,95.26,0.401,0,35,0,0,0,0,0,0,0,0,0,0,0,0,0,0,0,0.083,-37.548,0.14,-17.168,-23.319,-50.74,-14.062,-64.422,18.389,-45.041,4.288,-63.315,35.126,-86.767,-1.865,-106.1,-39.431,-79.096,0,0,0,0,0,"",0,0,0,0,0,0,0,0,0,5
173,7,0,6,8,0,0,0,1,1,0,10,9,255,9,9488.387,"Megu3568",R,13,105,-1.987,-1.52,1,-316.575,374.177,0,0,0,7,7,R,"TaeGeuk_",177.3,88.568,0.408,0,59,0,0,0,0,0,0,0,0,0,0,0,0,0,0,0,0.082,-37.549,-0.323,-18.181,-22.499,-49.993,-14.566,-64.109,18.628,-43.037,1.212,-61.071,35.235,-86.782,-0.96,-106.056,-38.341,-80.794,0,0,0,0,0,"",0,0,0,0,0,0,0,0,0,0
174,7,0,6,8,1,0,0,1,1,0,10,9,255,10,9506.121,"Megu3568",R,0,128,-1.712,-0.87,2,65.538,-200,0,0,1,7,7,R,"TaeGeuk_",177.3,88.568,0.408,3,59,9507.022,115,108,82,141,92,30.889,36.938,0.03,-0.107,-0.169,0.047,0,0,0,-0.262,-37.127,-0.101,-16.844,-22.118,-49.486,-14.248,-63.989,15.895,-47.861,4.642,-63.549,36.377,-89.321,-12.073,-115.596,-37.937,-80.401,9512.084,-37.447,-88.914,9512.201,8,"SOM_candy",-36.658,-87.21,0,0,0,0,0,0,0,1
175,7,0,6,8,0,0,1,1,1,0,10,9,255,11,9671.88,"Megu3568",R,3,103,-1.082,0.158,0,-397.345,0,0,0,0,8,3,R,"Oort__Cloud",160,89.754,0.299,0,59,0,0,0,0,0,0,0,0,0,0,0,0,0,0,0,0.022,-37.428,-0.076,-17.696,-20.414,-44.37,-14.526,-63.83,18.934,-43.8,3.823,-62.655,34.751,-89.088,-12.342,-109.618,-35.279,-77.107,0,0,0,0,0,"",0,0,0,0,0,0,0,0,0,0
176,7,0,6,8,0,1,1,1,1,0,10,9,255,12,9690.036,"Megu3568",R,10,102,0.186,-1.629,2,0,400,0,0,1,8,3,R,"Oort__Cloud",160,89.754,0.299,3,59,9691.202,239,162,35,155,39,32.323,-20.679,0.95,-0.098,-0.041,0.493,0,0,0,-0.222,-37.25,0.107,-17.084,-20.733,-46.094,-14.506,-63.755,16.812,-48.257,5.541,-65.476,34.784,-89.086,-12.364,-109.806,-35.097,-77.42,9693.884,6.774,-40.229,9697.501,4,"인생최패망자",10.921,-53.909,1,0,0,0,0,0,0,2
177,7,0,6,8,0,0,1,1,1,1,12,10,9,13,9729.162,"Megu3568",R,0,130,0.15,0.112,2,77.087,-185.205,0,0,1,0,2,R,"Pugeuk",190,97,0.598,3,59,9730.029,166,140,26,152,129,114.134,-35.393,0.6,-0.052,-0.167,0.451,0,0,0,-0.25,-37.103,0.099,-17.017,-20.56,-46.35,-14.166,-64.335,16.859,-44.427,7.271,-64.663,36.098,-89.106,-0.191,-117.791,-38.328,-94.374,0,0,0,0,0,"",0,0,0,0,0,0,0,0,0,0
178,7,0,6,8,0,1,1,1,1,1,12,10,9,14,9748.662,"Megu3568",R,13,118,-1.954,-1.014,2,-351.599,355.497,0,0,1,0,2,R,"Pugeuk",190,97,0.598,3,59,9749.715,170,140,51,154,109,-19.721,11.814,0.91,-0.087,-0.173,0.429,0,0,0,-0.339,-37.238,-0.15,-16.963,-20.552,-46.349,-15.137,-63.943,14.312,-46.662,5.724,-64.543,33.99,-88.218,2.333,-115.675,-40.008,-93.317,9749.918,-0.807,-22.145,9751.851,3,"ʚEveɞ",-9.023,-61.607,0,1,0,0,0,0,0,2
179,8,1,6,8,0,0,0,0,0,0,255,255,255,19,9812.858,"卯月満開",R,10,109,-0.56,-1.112,2,0,400,0,0,1,2,7,R,"Gonyong",179.9,95,0.2,3,47,9813.811,170,93,21,142,128,15.332,-5.475,0.4,-0.03,-0.037,0.178,0,0,0,-0.119,-36.954,-0.107,-17.329,-21.603,-51.465,-13.119,-64.654,22.316,-48.625,11.858,-65.4,39.31,-83.785,-3.629,-117.995,-46.555,-92.313,9816.685,0.322,-97.245,9821.401,-1,"Apple_Sherbet",-4.273,-121.483,1,0,0,0,0,0,0,2
180,8,1,6,8,0,0,0,0,1,0,255,7,255,20,9858.677,"卯月満開",R,0,140,0.886,-1.063,2,0,0,0,0,1,3,1,L,"Pring__",180.3,94.883,0.396,3,59,9859.452,159,135,35,150,130,33.301,-16.838,0.54,0.03,-0.139,0.247,0,0,0,-0.191,-36.972,0.234,-17.248,-18.403,-49.774,-0.608,-60.548,21.889,-46.858,11.526,-60.355,41.365,-84.254,6.661,-111.15,-40.399,-90.404,9865.817,54.662,-126.292,0,0,"",0,0,0,0,0,0,0,0,0,4
181,8,1,8,8,0,0,0,0,0,0,255,255,255,21,9912.58,"卯月満開",R,0,129,-1.395,0.865,0,0,0,0,0,0,4,8,L,"SOM_candy",179.9,102.048,0.554,0,59,0,0,0,0,0,0,0,0,0,0,0,0,0,0,0,-0.202,-37.155,-0.068,-17.015,-18.072,-50.879,-9.193,-64.473,21.632,-45.458,11.956,-65.416,42.017,-83.788,-0.771,-113.258,-39.735,-93.04,0,0,0,0,0,"",0,0,0,0,0,0,0,0,0,0
182,8,1,8,8,0,1,0,0,0,0,255,255,255,22,9930.826,"卯月満開",R,0,140,-1.625,0.448,1,0,0,0,0,0,4,8,L,"SOM_candy",179.9,102.048,0.554,0,59,0,0,0,0,0,0,0,0,0,0,0,0,0,0,0,-0.262,-37.718,-0.075,-17.029,-18.977,-49.671,-9.218,-64.483,21.619,-45.426,11.975,-65.492,42.04,-83.764,0.709,-116.746,-40.422,-93.444,0,0,0,0,0,"",0,0,0,0,0,0,0,0,0,0
183,8,1,8,8,1,1,0,0,0,0,255,255,255,23,9948.172,"卯月満開",R,0,124,-1.564,0.671,1,0,0,0,0,0,4,8,L,"SOM_candy",179.9,102.048,0.554,0,59,0,0,0,0,0,0,0,0,0,0,0,0,0,0,0,-0.346,-37.014,-0.056,-17.005,-17.886,-49.132,-9.211,-64.473,21.58,-45.458,11.84,-65.444,42.19,-83.635,0.203,-118.994,-40.684,-92.983,0,0,0,0,0,"",0,0,0,0,0,0,0,0,0,0
184,8,1,8,8,2,1,0,0,0,0,255,255,255,24,9968.312,"卯月満開",R,13,126,2.725,-0.265,2,-385.36,318.587,0,0,1,4,8,L,"SOM_candy",179.9,102.048,0.554,3,59,9969.233,255,67,52,143,87,-36.958,-49.8,-0.24,0.012,0.009,0.185,0,0,0,-0.438,-37.136,0.116,-17.324,-18.164,-49.111,-9.167,-64.357,21.595,-45.713,11.814,-65.351,42.243,-83.62,4.606,-121.531,-43.347,-94.842,9969.435,1.983,-20.896,0,0,"",0,0,0,0,0,0,0,0,0,3
185,8,1,8,8,2,2,0,0,0,0,255,255,255,25,9990.28,"卯月満開",R,10,128,-0.654,1.145,2,0,400,0,0,1,4,8,L,"SOM_candy",179.9,102.048,0.554,3,59,9991.273,119,110,50,140,86,26.952,-17.566,-0.23,-0.03,0.013,0.229,0,0,0,-0.307,-37.127,-0.115,-17.187,-17.304,-50.489,-9.759,-65.124,21.718,-46.201,12.025,-65.337,42.166,-83.674,7.147,-111.696,-42.367,-91.656,0,0,0,9996.317,6,"Azuner",29.62,-84.272,0,0,0,0,0,0,0,1
186,8,1,8,8,0,0,1,0,0,0,255,255,255,26,10025.52,"卯月満開",R,0,119,-1.962,-0.377,1,0,0,0,0,0,5,5,R,"Yaksok~",166.3,100.037,0.395,0,59,0,0,0,0,0,0,0,0,0,0,0,0,0,0,0,-0.137,-37.34,-0.059,-17.064,-21.658,-51.408,-13.003,-64.678,23.041,-49.151,11.657,-65.396,38.84,-84.039,-6.196,-113.457,-44.289,-89.815,0,0,0,0,0,"",0,0,0,0,0,0,0,0,0,0
187,8,1,8,8,1,0,1,0,0,0,255,255,255,27,10044.73,"卯月満開",R,0,140,-1.061,-0.03,0,0,0,0,0,0,5,5,R,"Yaksok~",166.3,100.037,0.395,0,59,0,0,0,0,0,0,0,0,0,0,0,0,0,0,0,-0.132,-37.19,-0.068,-17.057,-20.7,-49.926,-12.994,-64.652,22.886,-49.405,11.816,-65.317,39.188,-84.28,-4.772,-114.068,-44.226,-90.105,0,0,0,0,0,"",0,0,0,0,0,0,0,0,0,0
188,8,1,8,8,1,1,1,0,0,0,255,255,255,28,10061.52,"卯月満開",R,14,126,1.929,-0.872,2,362.575,344.295,0,0,1,5,5,R,"Yaksok~",166.3,100.037,0.395,3,59,10062.4,177,144,33,155,90,-40.4,-44.247,-0.22,-0.05,-0.157,0.319,0,0,0,-0.176,-37.06,0.212,-17.287,-21.823,-51.111,-12.956,-64.585,23.153,-49.174,11.721,-65.232,39.535,-84.581,-4.612,-117.457,-44.01,-90.125,10062.62,0.949,-20.18,10064.68,4,"bdg06213",23.305,-43.097,0,0,0,0,0,0,0,2
189,8,1,8,8,1,2,1,0,0,0,255,255,255,29,10088.03,"卯月満開",R,10,113,0.803,0.393,2,0,400,0,0,1,5,5,R,"Yaksok~",166.3,100.037,0.395,3,59,10088.95,168,96,65,151,86,18.375,-32.172,-0.46,-0.018,-0.126,0.397,0,0,0,-0.433,-36.963,0.2,-17.214,-21.492,-50.419,-13.179,-64.348,23.073,-46.856,11.952,-65.381,40.907,-82.803,-5.28,-114.221,-45.313,-92.033,10091.92,22.524,-67.966,10093.23,6,"Azuner",27.079,-81.019,1,0,0,0,0,0,0,2
190,8,1,8,8,0,0,1,0,1,0,255,5,255,30,10208.65,"卯月満開",R,14,104,1.415,-0.558,0,188.155,400,0,0,0,6,4,R,"인생최패망자",190,90,0.447,0,64,0,0,0,0,0,0,0,0,0,0,0,0,0,0,0,-0.282,-37.954,0.128,-16.903,-19.514,-49.619,-13.001,-64.586,22.5,-48.622,2.499,-59.876,39.404,-83.148,-3.835,-109.451,-44.632,-91.934,0,0,0,0,0,"",0,0,0,0,0,0,0,0,0,0
191,8,1,8,8,0,1,1,0,1,0,255,5,255,31,10227.96,"卯月満開",R,14,108,1.804,-0.991,1,297.054,398.071,0,0,0,6,4,R,"인생최패망자",190,90,0.447,0,64,0,0,0,0,0,0,0,0,0,0,0,0,0,0,0,-0.633,-37.083,0.114,-16.938,-19.434,-45.977,-12.991,-64.587,22.587,-49.047,5.159,-59.921,39.294,-83.273,-4.361,-111.388,-44.729,-91.9,0,0,0,0,0,"",0,0,0,0,0,0,0,0,0,0
192,8,1,8,8,1,1,1,0,0,1,255,255,5,32,10395.79,"卯月満開",R,10,128,0.161,-0.633,0,-122.273,400,0,0,0,6,4,R,"인생최패망자",190,90,0.447,0,64,0,0,0,0,0,0,0,0,0,0,0,0,0,0,0,-0.378,-37.77,-0.127,-17.072,-18.498,-47.463,-12.947,-64.541,19.867,-43.586,11.206,-63.417,40.106,-82.161,-7.185,-117.541,-43.875,-88.467,0,0,0,0,0,"",0,0,0,0,0,0,0,0,0,0
193,8,1,8,8,1,2,1,0,0,1,255,255,5,33,10417.25,"卯月満開",R,10,128,-1.891,-1.2,1,-24.121,400,0,0,0,6,4,R,"인생최패망자",190,90,0.447,0,64,0,0,0,0,0,0,0,0,0,0,0,0,0,0,0,-0.215,-37.454,-0.409,-16.934,-18.779,-44.157,-12.899,-64.536,19.487,-43.475,11.849,-65.169,40.119,-82.157,-7.772,-113.549,-43.331,-88.45,0,0,0,0,0,"",0,0,0,0,0,0,0,0,0,0
194,8,1,8,8,2,2,1,0,0,1,255,255,5,34,10433.77,"卯月満開",R,10,122,-1.427,-1.344,2,-48.242,400,0,0,1,6,4,R,"인생최패망자",190,90,0.447,3,64,10434.88,163,139,39,152,130,5.574,42.318,0.66,-0.086,-0.146,0.267,0,0,0,-0.381,-37.106,-0.288,-17.158,-18.649,-48.32,-12.705,-63.615,18.165,-41.915,11.913,-65.121,40.184,-82.123,-4.46,-115.14,-47.057,-93.582,10436.42,-27.408,-54.587,10438.3,8,"하루（Haru）",-47.278,-86.291,1,0,0,0,0,0,0,2
195,8,1,9,8,0,0,1,1,0,0,4,255,255,35,10481.83,"卯月満開",R,0,108,-1.52,0.25,1,0,0,0,0,0,7,6,L,"IbikiKai_JP",175,90,0.5,0,29,0,0,0,0,0,0,0,0,0,0,0,0,0,0,0,-0.548,-37.797,0.101,-18.082,-19.118,-43.154,-0.182,-59.304,21.665,-44.241,11.797,-65.609,42.647,-82.883,4.254,-101.856,-46.91,-94.974,0,0,0,0,0,"",0,0,0,0,0,0,0,0,0,0
196,8,1,9,8,1,0,1,0,1,0,255,4,255,36,10506.94,"卯月満開",R,0,126,-0.152,0.941,2,0,0,0,0,1,7,6,L,"IbikiKai_JP",175,90,0.5,3,29,10508.08,165,93,36,144,88,27.274,-40.57,-0.01,-0.062,-0.09,0.279,0,0,0,-0.704,-37.12,0.004,-17.124,-19.132,-45.259,-10.317,-63.193,20.212,-44.391,11.055,-61.855,43.008,-83.034,7.541,-106.446,-49.302,-96.336,10512.67,54.966,-68.596,0,0,"",0,0,0,0,0,0,0,0,0,3
197,8,1,9,8,1,1,1,0,1,0,255,4,255,37,10537.02,"卯月満開",R,0,132,1.011,0.25,0,0,36.429,0,0,0,7,6,L,"IbikiKai_JP",175,90,0.5,0,29,0,0,0,0,0,0,0,0,0,0,0,0,0,0,0,-0.245,-37.658,0.047,-17.293,-19.044,-45.974,-5.585,-61.308,22.854,-47.601,11.542,-64.17,42.385,-84,11.217,-114.426,-46.256,-99.616,0,0,0,0,0,"",0,0,0,0,0,0,0,0,0,0
198,8,1,9,8,1,2,1,0,1,0,255,4,255,38,10557.15,"卯月満開",R,13,108,-2.28,-1.521,1,-282.071,400,0,0,0,7,6,L,"IbikiKai_JP",175,90,0.5,0,29,0,0,0,0,0,0,0,0,0,0,0,0,0,0,0,-0.055,-37.341,0.104,-18.985,-18.704,-45.835,-5.674,-61.816,23.08,-47.446,10.984,-60.583,42.441,-83.656,8.586,-110.104,-45.298,-99.092,0,0,0,0,0,"",0,0,0,0,0,0,0,0,0,0
199,8,1,9,8,0,0,2,0,1,0,255,4,255,39,10623.95,"卯月満開",R,10,128,0.405,0.576,0,0,400,0,0,0,8,3,L,"ʚEveɞ",174.6,94.542,0.398,0,59,0,0,0,0,0,0,0,0,0,0,0,0,0,0,0,-0.017,-37.301,0.057,-16.732,-18.171,-49.723,-4.593,-60.618,21.446,-45.32,11.737,-65.122,43.042,-82.906,-4.76,-103.549,-47.19,-94.82,0,0,0,0,0,"",0,0,0,0,0,0,0,0,0,0
200,8,1,9,8,0,1,2,0,1,0,255,4,255,40,10647.3,"卯月満開",R,10,128,-0.55,-1.09,2,0,400,0,0,1,8,3,L,"ʚEveɞ",174.6,94.542,0.398,3,59,10648.32,209,135,3,153,125,-13.121,33.564,0.24,0.131,-0.084,0.564,0,0,0,-0.559,-36.979,-0.031,-17.11,-18.224,-49.947,-6.739,-61.553,20.477,-45.295,11.821,-65.363,43.082,-82.877,-5.402,-103.32,-46.564,-95.202,10648.58,-0.641,-21.625,10649.9,2,"Pugeuk",-17.075,-46.498,0,0,0,0,0,0,0,2
201,8,0,9,8,0,0,0,0,0,0,255,255,255,0,10898.1,"ʚEveɞ",R,0,131,1.037,-0.157,2,31.429,-98.7,0,0,1,1,4,R,"bdg06213",190,99.549,0.504,3,59,10899.26,197,173,44,155,96,94.2,-73.401,-0.49,0.024,-0.135,0.187,0,0,0,-0.064,-37.026,0.191,-16.633,-21.491,-49.093,-14.247,-64.126,15.428,-51.362,6.585,-66.334,35.7,-81.8,-4.28,-103.766,-39.412,-85.472,10906.27,-29.6,-10.709,0,0,"",0,0,0,0,0,0,0,0,0,0
202,8,0,9,8,0,1,0,0,0,0,255,255,255,1,10926.52,"ʚEveɞ",R,6,84,1.496,0.79,1,368.79,0,0,0,0,1,4,R,"bdg06213",190,99.549,0.504,0,59,0,0,0,0,0,0,0,0,0,0,0,0,0,0,0,0.143,-37.1,0.233,-16.575,-20.812,-49.25,-14.157,-63.559,15.531,-50.446,3.974,-65.998,35.7,-81.8,-2.364,-106.725,-42.17,-82.286,0,0,0,0,0,"",0,0,0,0,0,0,0,0,0,0
203,8,0,9,8,1,1,0,0,0,0,255,255,255,2,10946.63,"ʚEveɞ",R,0,133,-1.507,-0.004,2,27.424,-94.049,0,0,1,1,4,R,"bdg06213",190,99.549,0.504,3,59,10947.85,180,126,13,151,130,39.149,20.188,0.41,-0.026,-0.105,0.142,0,0,0,-0.191,-36.845,-0.145,-16.618,-20.667,-49.279,-14.185,-63.521,14.413,-51.074,4.783,-66.37,35.7,-81.8,-5.35,-109.156,-42.016,-82.273,10953,-37.195,-117.281,10955.75,-1,"Apple_Sherbet",-30.217,-115.169,1,2,0,0,0,0,0,2
204,8,0,9,8,0,0,1,0,0,0,255,255,255,3,10997.51,"ʚEveɞ",R,6,94,2.735,0.032,1,427.273,0,0,0,0,2,8,L,"하루（Haru）",190,107,0.55,0,59,0,0,0,0,0,0,0,0,0,0,0,0,0,0,0,-0.163,-37.334,0.275,-16.664,-20.883,-48.781,-9.801,-66.246,20.311,-44.483,13.491,-63.132,35.7,-81.8,7.818,-103.148,-33.308,-86.504,0,0,0,0,0,"",0,0,0,0,0,0,0,0,0,0
205,8,0,9,8,1,0,1,0,0,0,255,255,255,4,11015.97,"ʚEveɞ",R,0,140,0.422,-0.309,0,62.818,-200,0,0,0,2,8,L,"하루（Haru）",190,107,0.55,0,59,0,0,0,0,0,0,0,0,0,0,0,0,0,0,0,-0.042,-37.386,0.222,-16.571,-20.852,-48.867,-9.793,-66.005,20.881,-45.588,11.705,-60.894,35.7,-81.8,7.766,-103.062,-33.845,-88.357,0,0,0,0,0,"",0,0,0,0,0,0,0,0,0,0
206,8,0,9,8,1,1,1,0,0,0,255,255,255,5,11032.88,"ʚEveɞ",R,0,140,-0.76,0.13,0,47.691,-196.548,0,0,1,2,8,L,"하루（Haru）",190,107,0.55,0,59,0,0,0,0,0,0,0,0,0,0,0,0,0,0,0,-0.086,-37.403,0.257,-17.013,-20.834,-48.86,-9.458,-66.08,19.348,-45.435,11.426,-60.325,35.7,-81.8,7.603,-102.443,-34.782,-87.818,0,0,0,0,0,"",0,0,0,0,0,0,0,0,0,0
207,8,0,9,8,1,2,1,0,0,0,255,255,255,6,11052.11,"ʚEveɞ",R,10,99,0.133,-1.307,2,0,400,0,0,1,2,8,L,"하루（Haru）",190,107,0.55,3,59,11053.38,181,141,54,155,122,-15.232,24.328,0.64,0.078,-0.119,0,0,0,0,-0.243,-36.954,0.142,-16.977,-20.772,-48.744,-9.734,-65.88,19.755,-45.115,13.77,-63.934,35.7,-81.8,7.482,-102.734,-35.187,-86.365,11053.62,-1.115,-23.156,11056.42,8,"SOM_candy",-27.158,-82.334,1,0,0,0,0,0,0,2
208,8,0,9,8,0,0,1,1,0,0,17,255,255,7,11092.69,"ʚEveɞ",R,15,108,-1.605,-0.594,1,0,-359.728,0,0,0,3,5,R,"장덕춘_",170.2,94.815,0.549,0,59,0,0,0,0,0,0,0,0,0,0,0,0,0,0,0,-0.267,-36.986,0.342,-17.651,-17.942,-45.047,-12.907,-60.214,19.813,-52.476,0.091,-60.005,35.707,-81.806,1.594,-105.323,-34.585,-82.542,0,0,0,0,0,"",0,0,0,0,0,0,0,0,0,0
209,8,0,9,8,1,0,1,0,1,0,255,17,255,8,11117.38,"ʚEveɞ",R,9,96,0.649,0.136,2,306.613,-355.765,0,0,1,3,5,R,"장덕춘_",170.2,94.815,0.549,2,59,11118.38,148,142,79,149,115,40.321,-35.137,0.19,-0.146,-0.208,0.118,0,0,0,-0.108,-36.936,0.216,-16.692,-20.474,-47.651,-12.637,-60.122,15.031,-48.775,5.355,-65.047,35.7,-81.8,1.824,-106.102,-33.756,-84.692,11124.02,56.519,-101.716,11129.28,5,"Yaksok~",15.3,-70.213,1,0,0,0,0,0,0,0
210,8,0,9,9,0,0,1,0,1,0,255,255,255,9,11182.77,"ʚEveɞ",R,0,126,-1.085,0.479,0,24.255,-93.855,0,0,0,4,6,L,"Azuner",177.7,86,0.398,0,59,0,0,0,0,0,0,0,0,0,0,0,0,0,0,0,-0.124,-37.196,0.592,-17.647,-20.907,-48.532,-3.335,-62.684,18.634,-42.987,12.871,-63.862,35.7,-81.8,11.824,-114.454,-34.427,-76.797,0,0,0,0,0,"",0,0,0,0,0,0,0,0,0,0
211,8,0,9,9,0,1,1,0,1,0,255,255,255,10,11203.46,"ʚEveɞ",R,0,134,-11.881,-1.036,2,9.421,-89.108,0,0,1,4,6,L,"Azuner",177.7,86,0.398,3,59,11204.64,139,99,42,143,85,36.774,-19.561,-0.44,-0.017,-0.094,0,0,0,0,-0.215,-37,-0.03,-16.73,-20.837,-48.413,-4.089,-62.96,21.495,-46.769,12.937,-63.899,35.7,-81.8,11.781,-114.536,-34.235,-76.679,0,0,0,11209.6,5,"Yaksok~",20.42,-78.844,0,0,0,0,0,0,0,1
212,8,0,9,9,0,0,2,1,1,0,9,14,255,11,11318.19,"ʚEveɞ",R,13,90,-1.931,-0.732,2,-301.455,338.007,0,0,1,6,1,R,"HalF_HearteD",174.6,95.26,0.401,3,59,11319.37,181,142,69,155,65,-15.751,33.237,1,0.004,-0.084,0.18,0,0,0,-0.155,-36.906,-0.268,-16.983,-19.94,-46.765,-14.678,-63.146,16.457,-49.752,7.9,-64.789,35.7,-81.8,-5.387,-105.039,-36.961,-79.084,11319.75,-1.622,-21.924,11321.83,2,"Megu3568",-15.597,-43.381,0,0,0,0,0,0,0,2
213,9,1,9,9,0,0,0,0,0,0,255,255,255,0,11479.88,"Apple_Sherbet",R,14,126,-0.54,2.367,1,390.434,312.348,0,0,0,0,3,L,"Fresh825",172.6,86,0.2,0,59,0,0,0,0,0,0,0,0,0,0,0,0,0,0,0,0.123,-37.122,0.115,-16.926,-18.216,-50.851,-10.176,-65.928,23.685,-47.786,11.832,-65.569,42.457,-83.886,-0.351,-118.009,-44.924,-92.874,0,0,0,0,0,"",0,0,0,0,0,0,0,0,0,0
214,9,1,9,9,1,0,0,0,0,0,255,255,255,1,11498.89,"Apple_Sherbet",R,0,140,-1.141,0.907,0,-218.575,-200,0,0,1,0,3,L,"Fresh825",172.6,86,0.2,0,59,0,0,0,0,0,0,0,0,0,0,0,0,0,0,0,0.1,-37.548,0.054,-17.06,-17.608,-49.71,-10.152,-65.895,23.535,-47.966,11.713,-65.501,42.457,-83.87,2.328,-122.447,-45.025,-92.978,0,0,0,0,0,"",0,0,0,0,0,0,0,0,0,0
215,9,1,9,9,1,1,0,0,0,0,255,255,255,2,11513.82,"Apple_Sherbet",R,0,140,-0.966,0.935,2,54.845,-200,0,0,1,0,3,L,"Fresh825",172.6,86,0.2,2,59,11514.79,140,125,15,144,125,32.907,-0.74,0.4,0.132,-0.055,0.12,0,0,0,0.133,-37.039,-0.014,-17.188,-17.264,-48.943,-10.13,-65.816,23.549,-47.988,11.799,-65.493,42.506,-83.939,2.787,-119.595,-42.566,-97.208,11521.35,-2.494,-133.933,11524.52,-1,"집으로_",-4.188,-128.282,1,0,0,0,0,0,0,2
216,9,1,9,9,0,0,0,0,1,0,255,3,255,3,11562.87,"Apple_Sherbet",R,0,137,0.116,0.734,2,211.227,-200,0,0,1,1,2,R,"Megu3568",174.7,86,0.404,3,59,11563.99,163,98,15,142,102,22.762,23.959,0.09,0.061,0.007,0.266,0,0,0,-0.039,-36.995,0.067,-17.106,-20.158,-51.028,-13.088,-64.58,21.725,-47.744,7.402,-60.904,40.248,-85.295,-3.257,-119.113,-41.859,-95.786,11568.38,-42.348,-91.307,11568.63,8,"하루（Haru）",-40.143,-88.397,0,0,0,0,0,0,0,1
217,9,1,9,9,0,0,1,0,1,0,255,3,255,4,11598.37,"Apple_Sherbet",R,13,97,8.013,-2.662,1,-167.554,332.802,1.397,-22.487,0,2,7,R,"Gonyong",179.9,95,0.2,0,47,0,0,0,0,0,0,0,0,0,0,0,0,0,0,0,0.269,-34.925,0.312,-17.277,-22.322,-51.692,-13.034,-64.54,22.886,-46.968,7.882,-61.737,39.409,-84.33,-3.723,-113.273,-41.03,-97.164,0,0,0,0,0,"",0,0,0,0,0,0,0,0,0,0
218,9,1,9,9,1,0,1,0,1,0,255,3,255,5,11626.34,"Apple_Sherbet",R,13,116,-3.195,-1.24,4,-389.386,313.653,0,0,1,2,7,R,"Gonyong",179.9,95,0.2,0,47,0,0,0,0,0,0,0,0,0,0,0,0,0,0,0,0.318,-37.181,-0.186,-16.985,-20.624,-48.505,-13.103,-64.488,22.879,-46.534,6.936,-61.696,39.441,-84.233,-2.543,-110.995,-42.412,-97.145,0,0,0,0,0,"",0,0,0,0,0,0,0,0,0,0
219,9,1,9,9,1,1,1,0,1,0,255,3,255,6,11644.37,"Apple_Sherbet",R,10,104,-0.037,-1.205,2,0,400,0,0,1,2,7,R,"Gonyong",179.9,95,0.2,3,47,11645.31,114,107,76,140,82,29.019,40.443,0.96,-0.11,-0.076,0.144,0,0,0,-0.406,-37.019,-0.114,-17.277,-20.489,-49.455,-13.09,-64.419,21.93,-48.805,2.761,-62.546,39.411,-84.161,-3.509,-112.806,-43.569,-99.221,11649.47,-43.76,-65.587,11655.98,8,"하루（Haru）",-71.447,-89.728,1,0,0,0,0,0,0,2
220,9,1,10,9,0,0,1,0,0,1,255,255,7,7,11694.18,"Apple_Sherbet",R,0,129,-1.39,0.486,2,-201.749,-200,0,0,1,3,1,L,"Pring__",180.3,94.883,0.396,3,59,11694.94,178,151,75,155,93,97.995,-75.845,-0.47,0.016,-0.155,0.241,0,0,0,-0.048,-36.939,-0.106,-17.038,-17.261,-49.674,-9.654,-64.88,19.99,-41.997,11.699,-65.423,42.073,-83.05,-2.908,-113.552,-43.949,-97.659,0,0,0,0,0,"",0,0,0,0,0,0,0,0,0,0
221,9,1,10,9,0,1,1,0,0,1,255,255,7,8,11717.41,"Apple_Sherbet",R,14,89,1.925,-0.789,1,315.897,312.348,0,0,0,3,1,L,"Pring__",180.3,94.883,0.396,0,83,0,0,0,0,0,0,0,0,0,0,0,0,0,0,0,0.061,-37.409,0.157,-16.91,-19.057,-47.076,-9.558,-65.66,19.51,-43.144,11.919,-65.434,41.637,-83.115,0.028,-110.567,-44.644,-94.968,0,0,0,0,0,"",0,0,0,0,0,0,0,0,0,0
222,9,1,10,9,1,1,1,0,0,1,255,255,7,9,11736.78,"Apple_Sherbet",R,0,140,-0.056,-1.27,2,0,0,0,0,1,3,1,L,"Pring__",180.3,94.883,0.396,3,83,11737.55,148,172,60,149,130,22.064,-26.079,0.52,0.033,-0.105,0.296,0,0,0,-0.109,-37.032,0.2,-17.258,-18.317,-50.043,-9.491,-65.539,19.223,-41.083,11.932,-65.524,41.649,-83.123,-3.133,-114.141,-44.858,-95.026,11742.5,52.739,-122.615,0,0,"",0,0,0,0,0,0,0,0,0,4
223,9,1,12,9,0,0,1,0,0,0,255,255,255,10,11786.05,"Apple_Sherbet",R,13,114,-1.467,-0.015,2,-390.434,312.348,0,0,1,4,8,L,"SOM_candy",179.9,102.048,0.554,3,59,11787.08,185,113,49,154,92,27.089,11.829,-0.49,0,0.036,0.289,0,0,0,0.101,-37.058,-0.029,-17.23,-16.636,-50.817,-9.427,-65.46,22.019,-45.845,11.847,-65.347,42.759,-81.845,1.616,-112.958,-41.05,-95.297,11792.12,-20.664,-94.282,11799.42,-1,"집으로_",-29.702,-126.493,1,0,0,0,0,0,0,2
224,9,1,13,9,0,0,1,0,0,0,255,255,255,11,11838.53,"Apple_Sherbet",R,14,114,1.546,-1.004,1,390.434,312.348,0,0,0,5,5,R,"Yaksok~",166.3,100.037,0.395,0,59,0,0,0,0,0,0,0,0,0,0,0,0,0,0,0,0.184,-37.356,0.134,-16.992,-21.923,-48.36,-12.951,-64.522,21.847,-47.075,11.445,-65.729,39.618,-83.778,0.684,-109.849,-41.698,-92.816,0,0,0,0,0,"",0,0,0,0,0,0,0,0,0,0
225,9,1,13,9,1,0,1,0,0,0,255,255,255,12,11855.77,"Apple_Sherbet",R,0,140,0.026,1.12,2,0,0,0,0,1,5,5,R,"Yaksok~",166.3,100.037,0.395,3,59,11856.53,149,78,0,132,75,24.849,3.112,-0.45,-0.017,-0.092,0.31,0,0,0,-0.09,-37.014,0.177,-17.325,-20.368,-48.431,-12.884,-64.531,21.805,-46.953,11.45,-65.811,39.581,-83.876,0.208,-109.248,-42.24,-93.278,0,0,0,11862.4,0,"Apple_Sherbet",-2.594,-75.162,0,0,0,0,0,0,0,1
226,9,1,13,9,0,0,2,0,0,0,255,255,255,13,11885.1,"Apple_Sherbet",R,13,94,-2.513,-1.363,4,-333.644,312.348,0,0,1,6,4,R,"인생최패망자",190,90,0.447,0,59,0,0,0,0,0,0,0,0,0,0,0,0,0,0,0,0.144,-37.444,-0.208,-16.878,-22.658,-51.858,-13.253,-64.784,22.855,-47.848,11.618,-65.776,39.273,-82.702,-4.097,-101.81,-39.348,-89.564,0,0,0,0,0,"",0,0,0,0,0,0,0,0,0,0
227,9,1,13,9,0,1,2,0,0,0,255,255,255,14,11906.13,"Apple_Sherbet",R,0,137,1.058,1.041,2,233.755,-200,0,0,1,6,4,R,"인생최패망자",190,90,0.447,3,59,11907.16,143,144,63,148,92,54.254,-0.413,-0.47,-0.044,-0.055,0.337,0,0,0,0.011,-37.032,0.16,-17.108,-22.214,-51.805,-13.2,-64.59,23.092,-47.865,11.736,-65.519,39.009,-82.84,-3.908,-101.863,-40.183,-89.539,11913.32,3.917,-75.997,11913.52,5,"장덕춘_",3.831,-74.866,0,0,0,0,0,0,0,1
228,9,0,13,9,0,0,0,0,0,0,255,255,255,12,11972.46,"ʚEveɞ",R,9,89,0.39,-0.014,0,310.228,-320.91,0,0,0,7,7,R,"TaeGeuk_",177.3,88.568,0.408,0,59,0,0,0,0,0,0,0,0,0,0,0,0,0,0,0,-0.064,-37.386,0.067,-16.715,-21.921,-49.537,-13.892,-64.493,17.404,-50.482,9.616,-65.523,35.7,-81.8,0.03,-105.254,-30.485,-87.429,0,0,0,0,0,"",0,0,0,0,0,0,0,0,0,0
229,9,0,13,9,0,1,0,0,0,0,255,255,255,13,12040.27,"ʚEveɞ",R,10,90,-0.321,0.15,2,-64.734,396.276,0,0,1,7,7,R,"TaeGeuk_",177.3,88.568,0.408,3,59,12041.32,129,120,45,143,127,-30,-28.064,0.39,-0.044,0.022,0.303,0,0,0,-0.161,-37.187,-0.489,-16.686,-21.88,-50.59,-12.579,-64.556,17.677,-51.77,7.859,-65.813,35.7,-81.8,-6.265,-109.474,-38.691,-88.748,12041.57,0.844,-22.529,12042.92,4,"인생최패망자",14.374,-47.55,0,0,0,0,0,0,0,2
230,9,0,13,9,0,0,1,0,0,0,255,255,255,14,12075.29,"ʚEveɞ",R,15,89,-1.941,-0.057,1,2.162,-400,0,0,0,8,3,R,"Oort__Cloud",160,89.754,0.299,0,59,0,0,0,0,0,0,0,0,0,0,0,0,0,0,0,-0.055,-37.514,0.072,-16.908,-20.345,-49.115,-13.717,-63.954,16.476,-51.075,6.996,-65.47,35.7,-81.8,-15.462,-111.646,-37.338,-78.847,0,0,0,0,0,"",0,0,0,0,0,0,0,0,0,0
231,9,0,13,9,1,0,1,0,0,0,255,255,255,15,12091.59,"ʚEveɞ",R,0,140,-0.321,0.212,2,16.34,-73.275,0,0,1,8,3,R,"Oort__Cloud",160,89.754,0.299,3,59,12092.73,97,58,10,109,99,7.512,37.906,0.43,-0.098,-0.087,0.246,0,0,0,-0.056,-37.126,0.137,-16.859,-20.293,-48.979,-14.005,-63.698,16.921,-50.867,8.424,-65.881,35.7,-81.8,-15.43,-111.662,-36.795,-79.378,12094.45,-25.815,-47.766,12101.92,8,"SOM_candy",-63.339,-87.981,1,0,0,0,0,0,0,2
232,9,0,13,9,0,0,1,0,1,0,255,12,255,16,12137.08,"ʚEveɞ",R,0,134,0.174,-0.51,0,26.862,-82.082,0,0,0,0,2,R,"Pugeuk",190,97,0.598,0,59,0,0,0,0,0,0,0,0,0,0,0,0,0,0,0,-0.054,-37.308,0.549,-17.448,-21.293,-48.845,-14.201,-62.794,17.816,-44.705,3.843,-64.201,35.7,-81.8,13.177,-122.024,-35.753,-95.002,0,0,0,0,0,"",0,0,0,0,0,0,0,0,0,0
233,9,0,13,9,0,1,1,0,1,0,255,12,255,17,12155.85,"ʚEveɞ",R,0,137,1.631,1.096,2,32.861,-200,0,0,1,0,2,R,"Pugeuk",190,97,0.598,3,59,12156.83,53,65,18,65,65,15.884,0.83,-0.44,-0.013,-0.106,0.063,0,0,0,-0.062,-36.841,0.173,-16.733,-21.141,-48.775,-14.936,-63.486,15.947,-48.182,5.601,-64.655,35.7,-81.8,13.296,-117.111,-37.471,-92.036,12159.52,0.503,-57.169,12159.88,5,"Yaksok~",0.504,-57.252,0,0,0,0,0,0,0,2
234,9,0,13,9,0,0,2,0,1,0,255,12,255,18,12194.32,"ʚEveɞ",R,0,140,0.95,0.766,0,26.367,-145.614,0,0,0,1,4,R,"bdg06213",190,99.549,0.504,0,59,0,0,0,0,0,0,0,0,0,0,0,0,0,0,0,-0.039,-37.246,0.209,-16.93,-20.552,-47.974,-15.776,-62.791,16.578,-46.834,5.175,-64.767,35.7,-81.8,-2.882,-99.594,-40.776,-88.908,0,0,0,0,0,"",0,0,0,0,0,0,0,0,0,0
235,9,0,13,9,0,1,2,0,1,0,255,12,255,19,12211.92,"ʚEveɞ",R,15,92,-0.254,0.123,0,0,-400,0,0,1,1,4,R,"bdg06213",190,99.549,0.504,0,59,0,0,0,0,0,0,0,0,0,0,0,0,0,0,0,-0.124,-37.309,0.137,-17.827,-20.534,-48.102,-15.807,-62.969,16.514,-43.556,4.356,-63.155,35.7,-81.8,-6.93,-107.72,-34.909,-92.105,0,0,0,0,0,"",0,0,0,0,0,0,0,0,0,0
236,9,0,13,9,0,2,2,0,1,0,255,12,255,20,12231.95,"ʚEveɞ",R,9,88,0.568,0.177,2,179.661,-400,0,0,1,1,4,R,"bdg06213",190,99.549,0.504,3,59,12233.32,134,99,78,144,90,105.796,-52.183,-0.47,-0.02,-0.139,0.094,0,0,0,-0.268,-37.234,0.004,-16.958,-20.51,-47.936,-15.977,-62.66,13.836,-49.721,5.654,-67.206,35.7,-81.8,-6.918,-107.437,-34.644,-95.625,0,0,0,0,0,"",0,0,0,0,0,0,0,0,0,0
237,9,0,13,9,0,2,2,0,1,0,255,12,255,21,12255.54,"ʚEveɞ",R,0,140,-0.521,1.036,2,-1.696,-59.155,0,0,1,1,4,R,"bdg06213",190,99.549,0.504,3,59,12256.66,105,91,21,133,120,42.962,-21.526,0.27,0,-0.084,0.116,0,0,0,-0.083,-36.949,0.041,-16.915,-21.151,-48.101,-15.528,-62.951,13.788,-49.735,6.005,-66.282,35.7,-81.8,-6.106,-107.482,-35.194,-94.298,12263.08,21.606,-117.106,12267.13,7,"Gonyong",20.899,-129.478,1,0,0,0,0,0,0,2
238,9,0,13,10,0,0,2,0,1,0,255,13,255,22,12309.88,"ʚEveɞ",R,0,133,2.376,1.484,2,81.759,-200,0,0,1,2,8,L,"하루（Haru）",190,107,0.55,3,59,12311,145,160,25,148,101,33.425,-40.155,0.93,0.014,-0.007,0.159,0,0,0,0.009,-37.035,0.391,-16.795,-21.124,-49.149,-3.192,-62.347,22.259,-46.232,14.056,-63.382,35.7,-81.8,10.653,-111.133,-35.652,-84.173,12315.82,63.836,-72.765,0,0,"",0,0,0,0,0,0,0,0,0,3
239,9,0,13,10,0,1,2,0,1,0,255,13,255,23,12337.54,"ʚEveɞ",R,0,87,-2.442,-0.604,1,38.912,0,0,0,0,2,8,L,"하루（Haru）",190,107,0.55,0,47,0,0,0,0,0,0,0,0,0,0,0,0,0,0,0,-0.177,-37.333,0.161,-18.458,-20.787,-49.689,-3.058,-61.763,18.288,-42.161,12.93,-62.814,35.7,-81.8,5.578,-111.577,-32.032,-86.285,0,0,0,0,0,"",0,0,0,0,0,0,0,0,0,0
240,9,0,13,10,1,1,2,0,1,0,255,13,255,24,12362.21,"ʚEveɞ",R,0,124,-0.805,-0.223,0,126.545,-112.683,0,0,0,2,8,L,"하루（Haru）",190,107,0.55,0,47,0,0,0,0,0,0,0,0,0,0,0,0,0,0,0,-0.1,-37.445,0.459,-18.339,-20.703,-49.691,-0.973,-62.453,19.953,-44.209,15.612,-61.568,35.7,-81.8,6.724,-110.218,-31.32,-83.888,0,0,0,0,0,"",0,0,0,0,0,0,0,0,0,0
241,9,0,13,10,1,2,2,0,1,0,255,13,255,25,12383.37,"ʚEveɞ",R,8,86,0.406,-0.145,2,90.091,0,0,0,1,2,8,L,"하루（Haru）",190,107,0.55,3,47,12384.62,165,153,92,153,105,18.3,-31.433,0.5,0.11,-0.057,0,0,0,0,-0.22,-36.97,0.434,-16.778,-20.706,-49.54,-6.107,-62.296,21.967,-46.225,16.944,-61.832,35.7,-81.8,12.551,-109.718,-33.987,-88.218,12389.3,36.673,-103.898,12391.57,7,"Gonyong",36.509,-115.234,1,4,0,0,0,0,0,2
