id,inn,half,scoreA,scoreB,ball,strk,out,b1,b2,b3,b1Idx,b2Idx,b3Idx,pCnt,pSec,pName,pHand,pType,spdK,zoneX,zoneY,startX,startY,zDist,call,balk,sH,sV,gyro,plx,plz,bSwing,bIdx,bPos,bZone,bName,bHCm,batLen,batCen,batType,bFps,hSec,rotS,rotL,shS,lgS,prepS,impMv,batSpd,ev,ldeg,sdeg,hPos,hMoveX,hMoveY,stayCon,buntGrip,PPosX,PPosY,PThrSpd,CName,CPosX,CPosY,CThrSpd,1BName,1BPosX,1BPosY,1BThrSpd,2BName,2BPosX,2BPosY,2BThrSpd,3BName,3BPosX,3BPosY,3BThrSpd,SSName,SSPosX,SSPosY,SSThrSpd,LFName,LFPosX,LFPosY,LFThrSpd,CFName,CFPosX,CFPosY,CFThrSpd,RFName,RFPosX,RFPosY,RFThrSpd,ltSec,lx,lz,cSec,cPos,cPlr,cx,cz,1BSafe,tag,cpSec,sb2Sec,sb3Sec,sbhSec,ass,result
1,1,1,0,0,0,0,0,0,0,0,255,255,255,0,1650.37,"ゆっち一",R,26,135,-0.117,-1.386,0.001,1.12,-36.408,1,0,-84.89,-200,56.133,0,0,0,0,5,R,"CVPileMaki",170,94,0.399,0,141,0,0,0,0,0,0,0,0,0,0,0,0,0,0,0,0,0.061,-37.189,0,"mochi_2929",-0.165,-16.591,0,"CAT tourniquet",-18.995,-45.933,0,"sano jpn",-12.908,-59.155,0,"にゃんこ3K",21.537,-51.819,0,"じゃが一",12.003,-64.712,0,"ぐだもん",39.341,-85.31,0,"alcohol500",1.102,-112.785,0,"あくせる",-45.858,-92.177,0,0,0,0,0,0,"",0,0,0,0,0,0,0,0,0,0
2,1,1,0,0,1,0,0,0,0,0,255,255,255,1,1667.021,"ゆっち一",R,26,137,-1.272,-1.072,-0.102,1.17,-36.387,0,0,-75.224,-200,81.324,0,0,0,0,5,R,"CVPileMaki",170,94,0.399,0,141,0,0,0,0,0,0,0,0,0,0,0,0,0,0,0,0,0.085,-37.397,0,"mochi_2929",0.171,-16.638,0,"CAT tourniquet",-18.995,-46.078,0,"sano jpn",-12.879,-59.13,0,"にゃんこ3K",21.569,-51.873,0,"じゃが一",11.97,-64.889,0,"ぐだもん",39.301,-85.254,0,"alcohol500",1.245,-112.764,0,"あくせる",-45.828,-92.298,0,0,0,0,0,0,"",0,0,0,0,0,0,0,0,0,0
3,1,1,0,0,1,1,0,0,0,0,255,255,255,2,1684.412,"ゆっち一",R,26,140,-0.228,0.357,-0.035,1.402,-36.286,2,0,47.948,-164.203,5.312,0,0,1,0,5,R,"CVPileMaki",170,94,0.399,3,141,1685.423,82,12,76,46,18,72,129,111,26.219,38.868,0.74,-0.006,-0.04,0.114,0,0.264,-36.849,0,"mochi_2929",-0.092,-16.454,0,"CAT tourniquet",-18.893,-45.072,0,"sano jpn",-12.856,-59.115,0,"にゃんこ3K",21.577,-51.859,0,"じゃが一",12.016,-64.702,0,"ぐだもん",39.352,-85.464,0,"alcohol500",1.392,-112.689,0,"あくせる",-45.894,-92.355,0,1690.193,-74.176,-87.327,0,0,"",0,0,0,0,0,0,0,0,0,3
4,1,1,0,0,1,2,0,0,0,0,255,255,255,3,1711.702,"ゆっち一",R,14,114,1.19,-2.303,-0.042,1.233,-36.373,2,0,377.585,327.765,21.174,0,0,1,0,5,R,"CVPileMaki",170,94,0.399,3,79,1712.785,135,18,113,71,51,79,150,126,-30,-29.543,0.54,0,-0.05,0.038,0,-0.097,-36.986,0,"mochi_2929",-0.09,-16.446,0,"CAT tourniquet",-18.593,-45.187,0,"sano jpn",-14.249,-60.989,0,"にゃんこ3K",21.806,-51.847,0,"じゃが一",11.492,-64.918,0,"ぐだもん",41.58,-87.644,0,"alcohol500",1.092,-114.502,0,"あくせる",-46.462,-91.989,0,1712.471,0.325,-19.987,1714.089,4,"にゃんこ3K",17.157,-49.686,0,0,0,0,0,0,0,2
5,1,1,0,0,0,0,1,0,0,0,255,255,255,4,1742.878,"ゆっち一",R,0,140,-0.326,0.242,0.069,1.437,-36.31,0,0,0,0,0,0,0,0,1,2,L,"_Chun",190,80,0.455,0,140,0,0,0,0,0,0,0,0,0,0,0,0,0,0,0,0,0.006,-37.157,0,"mochi_2929",-0.24,-16.685,0,"CAT tourniquet",-18.489,-45.837,0,"sano jpn",-10.779,-63.251,0,"にゃんこ3K",23.765,-50.247,0,"じゃが一",14.789,-63.601,0,"ぐだもん",42.694,-92.752,0,"alcohol500",7.353,-119.802,0,"あくせる",-38.069,-99.613,0,0,0,0,0,0,"",0,0,0,0,0,0,0,0,0,0
6,1,1,0,0,0,1,1,0,0,0,255,255,255,5,1758.263,"ゆっち一",R,0,109,1.33,1.301,0.163,1.765,-36.432,1,0,36.959,0,1.059,0,0,0,1,2,L,"_Chun",190,80,0.455,0,140,0,0,0,0,0,0,0,0,0,0,0,0,0,0,0,0,-0.167,-37.01,0,"mochi_2929",-0.22,-16.635,0,"CAT tourniquet",-18.429,-45.915,0,"sano jpn",-10.216,-62.764,0,"にゃんこ3K",23.503,-50.572,0,"じゃが一",14.599,-63.588,0,"ぐだもん",42.505,-93.055,0,"alcohol500",2.793,-119.945,0,"あくせる",-38.421,-99.378,0,0,0,0,0,0,"",0,0,0,0,0,0,0,0,0,0
7,1,1,0,0,1,1,1,0,0,0,255,255,255,6,1773.185,"ゆっち一",R,0,120,0.095,0.399,0.013,1.495,-36.382,2,0,0,0,25.633,0,0,1,1,2,L,"_Chun",190,80,0.455,3,140,1774.154,215,22,107,75,36,110,150,118,-1.083,-31.757,0.88,-0.043,0.049,0.226,0,-0.235,-36.868,0,"mochi_2929",-0.071,-16.656,0,"CAT tourniquet",-18.168,-45.657,0,"sano jpn",-12.057,-60.32,0,"にゃんこ3K",23.469,-50.492,0,"じゃが一",14.665,-63.459,0,"ぐだもん",42.581,-93.194,0,"alcohol500",3.826,-120.414,0,"あくせる",-38.413,-99.5,0,1774.402,10.123,-36.93,1775.263,4,"にゃんこ3K",18.258,-49.28,0,0,0,0,0,0,0,2
8,1,1,0,0,0,0,2,0,0,0,255,255,255,7,1799.649,"ゆっち一",R,10,110,0.189,-1.571,0.026,1.255,-36.333,4,0,0,400,55.371,0.036,-18.142,1,2,0,R,"なおｐ--",190,91.37,0.445,0,139,0,0,0,0,0,0,0,0,0,0,0,0,0,0,0,0,0.159,-37.179,0,"mochi_2929",0.095,-16.526,0,"CAT tourniquet",-18.517,-44.159,0,"sano jpn",-16.575,-59.832,0,"にゃんこ3K",22.598,-52.468,0,"じゃが一",15.426,-63.422,0,"ぐだもん",33.584,-98.625,0,"alcohol500",-3.866,-113.155,0,"あくせる",-48.521,-93.028,0,0,0,0,0,0,"",0,0,0,0,0,0,0,0,0,0
9,1,1,0,0,0,1,2,0,0,0,255,255,255,8,1815.814,"ゆっち一",R,27,140,-2.008,-0.831,0.042,1.196,-36.236,2,0,-16.779,-135.792,9.015,0,0,1,2,0,R,"なおｐ--",190,91.37,0.445,3,139,1816.852,153,16,97,65,28,121,144,107,2.938,27.894,-0.01,-0.026,-0.054,0.116,0,0.176,-36.79,0,"mochi_2929",0.056,-16.626,0,"CAT tourniquet",-18.289,-44.178,0,"sano jpn",-15.983,-61.805,0,"にゃんこ3K",22.459,-52.325,0,"じゃが一",13.975,-63.591,0,"ぐだもん",33.73,-98.58,0,"alcohol500",-2.342,-113.276,0,"あくせる",-48.617,-93.093,0,1817.485,-13.669,-42.752,1820.075,8,"あくせる",-38.42,-82.972,1,0,0,0,0,0,0,2
10,1,1,0,0,0,0,2,1,0,0,0,255,255,9,1846.786,"ゆっち一",R,0,140,-1.97,0.177,-0.092,1.424,-36.281,2,0,0,0,0,0,0,1,3,1,L,"Kr_Luna",189.9,95.158,0.505,2,139,1847.543,165,23,119,65,27,187,150,116,-13.575,-10.769,0.07,0.021,-0.027,0.201,0,-0.209,-36.931,0,"mochi_2929",-0.142,-16.662,0,"CAT tourniquet",-19.343,-45.36,0,"sano jpn",-12.413,-61.819,0,"にゃんこ3K",23.02,-50.085,0,"じゃが一",15.52,-62.572,0,"ぐだもん",42.866,-93.256,0,"alcohol500",3.509,-111.314,0,"あくせる",-41.766,-99.383,0,1847.325,0.406,-24.322,1851.297,7,"alcohol500",17.897,-106.252,1,0,0,0,0,0,0,2
11,1,1,0,0,0,0,2,1,1,0,1,0,255,10,1882.127,"ゆっち一",R,26,139,1.38,0.848,0.13,1.502,-36.353,0,0,-6.421,-200,-3.285,0,0,0,4,4,R,"HANA_ARASHI",190,85,0.27,0,138,0,0,0,0,0,0,0,0,0,0,0,0,0,0,0,0,-0.043,-37.42,0,"mochi_2929",0.17,-16.57,0,"CAT tourniquet",-18.593,-42.905,0,"sano jpn",-12.714,-60.396,0,"にゃんこ3K",19.868,-47.437,0,"じゃが一",14.596,-62.897,0,"ぐだもん",42.551,-97.211,0,"alcohol500",-0.31,-112.473,0,"あくせる",-48.849,-94.527,0,0,0,0,0,0,"",0,0,0,0,0,0,0,0,0,0
12,1,1,0,0,0,1,2,1,1,0,1,0,255,11,1900.792,"ゆっち一",R,26,135,-191.182,-2.529,0.116,1.407,-36.325,2,0,-10.483,-200,4.573,0,0,1,4,4,R,"HANA_ARASHI",190,85,0.27,3,138,1901.683,173,8,74,45,10,68,138,93,17.92,-17.321,-0.48,-0.052,-0.12,0.059,0,-0.017,-37.018,0,"mochi_2929",0.052,-16.556,0,"CAT tourniquet",-19.174,-45.087,0,"sano jpn",-11.128,-60.095,0,"にゃんこ3K",20.598,-48.524,0,"じゃが一",13.021,-63.427,0,"ぐだもん",42.613,-97.241,0,"alcohol500",1.091,-113.182,0,"あくせる",-48.917,-94.722,0,1904.797,29.442,-78.699,1912.2,7,"alcohol500",49.232,-104.928,1,0,0,0,0,0,0,2
13,1,1,1,0,0,0,2,0,1,1,255,4,1,12,2084.566,"ゆっち一",R,27,127,1.265,1.351,0.218,1.749,-36.498,1,0,-4.247,-114.981,-6.413,0,0,0,5,3,R,"오띵__",165.3,86.143,0.405,0,137,0,0,0,0,0,0,0,0,0,0,0,0,0,0,0,0,-0.045,-37.3,0,"mochi_2929",0.201,-16.45,0,"CAT tourniquet",-17.764,-44.989,0,"sano jpn",-12.143,-57.439,0,"にゃんこ3K",20.039,-42.035,0,"じゃが一",14.481,-61.002,0,"ぐだもん",34.256,-91.538,0,"alcohol500",-0.735,-111.873,0,"あくせる",-48.34,-93.553,0,0,0,0,0,0,"",0,0,0,0,0,0,0,0,0,0
14,1,1,1,0,1,0,2,0,1,1,255,4,1,13,2102.72,"ゆっち一",R,26,134,0.089,-0.378,0.187,1.279,-36.428,2,1,66.2,-200,19.328,0,0,1,5,3,R,"오띵__",165.3,86.143,0.405,3,137,2103.601,143,17,90,47,6,148,140,88,28.4,17.386,0.96,0.049,-0.021,0.121,0.073,0.254,-37.138,0,"mochi_2929",0.132,-16.425,0,"CAT tourniquet",-18.163,-44.985,0,"sano jpn",-13.498,-56.918,0,"にゃんこ3K",19.051,-40.773,0,"じゃが一",14.292,-61.544,0,"ぐだもん",35.651,-88.997,0,"alcohol500",1.056,-111.516,0,"あくせる",-47.456,-92.764,0,2108.138,-28.261,-87.022,2108.93,8,"あくせる",-29.153,-90.891,1,0,0,0,0,0,0,2
15,1,1,3,0,0,0,2,1,0,0,3,255,255,14,2263.045,"ゆっち一",R,10,111,-0.596,-0.905,0.016,1.511,-36.458,2,0,0,400,0.539,0,0,1,6,8,L,"NABIMan",190,89.844,0.546,3,35,2263.948,243,30,34,132,98,200,117,117,-30,-39.064,0.32,0.101,-0.032,0.046,0,-0.106,-37.055,0,"mochi_2929",-0.12,-16.562,0,"CAT tourniquet",-19.161,-44.415,0,"sano jpn",-11.769,-61.767,0,"にゃんこ3K",22.056,-47.295,0,"じゃが一",13.753,-63.638,0,"ぐだもん",42.774,-88.884,0,"alcohol500",2.574,-112.603,0,"あくせる",-40.818,-96.162,0,2263.742,0.779,-21.775,2265.145,4,"にゃんこ3K",18.427,-43.732,0,0,0,0,0,0,0,2
16,1,0,3,0,0,0,0,0,0,0,255,255,255,0,2410.835,"なおｐ--",R,0,140,0.309,1.507,0.029,1.874,-36.655,1,0,0,0,0,0,0,0,0,1,R,"mochi_2929",190,97.434,0.447,0,135,0,0,0,0,0,0,0,0,0,0,0,0,0,0,0,0,-0.092,-37.936,0,"Kr_Luna",0.371,-17.312,0,"_Chun",-22.507,-52.221,0,"오띵__",-10.65,-66.365,0,"HANA_ARASHI",22.745,-50.411,0,"CVPileMaki",13.611,-64.701,0,"わかなで",46.53,-93.119,0,"Multeinn",-0.74,-107.704,0,"NABIMan",-42.077,-90.129,0,0,0,0,0,0,"",0,0,0,0,0,0,0,0,0,0
17,1,0,3,0,1,0,0,0,0,0,255,255,255,1,2430.933,"なおｐ--",R,13,88,-2.042,-0.758,-0.026,1.633,-36.971,1,0,-312.348,312.348,0,0,0,0,0,1,R,"mochi_2929",190,97.434,0.447,0,135,0,0,0,0,0,0,0,0,0,0,0,0,0,0,0,0,-0.031,-37.52,0,"Kr_Luna",-0.34,-17.198,0,"_Chun",-22.438,-52.133,0,"오띵__",-10.709,-66.373,0,"HANA_ARASHI",21.229,-49.324,0,"CVPileMaki",13.603,-64.787,0,"わかなで",45.223,-93.879,0,"Multeinn",-0.601,-108.195,0,"NABIMan",-42.326,-90.156,0,0,0,0,0,0,"",0,0,0,0,0,0,0,0,0,0
18,1,0,3,0,2,0,0,0,0,0,255,255,255,2,2450.807,"なおｐ--",R,0,140,1.051,0.233,0.098,1.628,-36.659,0,0,0,0,0,0,0,0,0,1,R,"mochi_2929",190,97.434,0.447,0,135,0,0,0,0,0,0,0,0,0,0,0,0,0,0,0,0,-0.062,-37.866,0,"Kr_Luna",0.028,-17.211,0,"_Chun",-22.555,-52.175,0,"오띵__",-10.759,-66.348,0,"HANA_ARASHI",22.458,-52.002,0,"CVPileMaki",13.69,-64.722,0,"わかなで",44.917,-93.928,0,"Multeinn",0.241,-106.433,0,"NABIMan",-42.141,-90.035,0,0,0,0,0,0,"",0,0,0,0,0,0,0,0,0,0
19,1,0,3,0,2,1,0,0,0,0,255,255,255,3,2470.98,"なおｐ--",R,10,98,-0.395,-1.726,-0.055,1.373,-36.727,2,0,0,400,0,0,0,1,0,1,R,"mochi_2929",190,97.434,0.447,3,135,2472.22,130,18,127,84,63,120,150,121,10.198,39.98,0.38,-0.084,-0.202,0,0,-0.146,-37.267,0,"Kr_Luna",0.02,-17.274,0,"_Chun",-22.749,-51.787,0,"오띵__",-10.725,-66.355,0,"HANA_ARASHI",22.192,-51.011,0,"CVPileMaki",13.49,-64.731,0,"わかなで",41.451,-89.814,0,"Multeinn",-0.994,-105.01,0,"NABIMan",-42.317,-89.863,0,2473.916,-40.371,-61.628,2477.867,8,"NABIMan",-67.09,-80.914,1,1,0,0,0,0,0,2
20,1,0,3,0,0,0,1,0,0,0,255,255,255,4,2515.026,"なおｐ--",R,13,88,0.178,-1.871,0.237,1.392,-36.752,1,0,-312.348,312.348,0,0,0,0,1,3,R,"sano jpn",165.8,88.117,0.338,0,133,0,0,0,0,0,0,0,0,0,0,0,0,0,0,0,0,-0.015,-37.336,0,"Kr_Luna",0.076,-17.223,0,"_Chun",-22.641,-51.325,0,"오띵__",-10.831,-66.357,0,"HANA_ARASHI",22.191,-51.108,0,"CVPileMaki",13.53,-64.684,0,"わかなで",43.741,-92.078,0,"Multeinn",-2.122,-107.131,0,"NABIMan",-43.12,-83.888,0,0,0,0,0,0,"",0,0,0,0,0,0,0,0,0,0
21,1,0,3,0,1,0,1,0,0,0,255,255,255,5,2535.024,"なおｐ--",R,0,140,2.228,0.332,0.185,1.623,-36.617,4,0,0,0,0,0.015,-20.26,1,1,3,R,"sano jpn",165.8,88.117,0.338,0,133,0,0,0,0,0,0,0,0,0,0,0,0,0,0,0,0,-0.047,-37.775,0,"Kr_Luna",0.061,-18.172,0,"_Chun",-22.629,-51.368,0,"오띵__",-10.943,-66.279,0,"HANA_ARASHI",23.019,-52.87,0,"CVPileMaki",13.545,-64.633,0,"わかなで",39.126,-94.369,0,"Multeinn",-4.34,-107.122,0,"NABIMan",-40.476,-86.084,0,0,0,0,0,0,"",0,0,0,0,0,0,0,0,0,0
22,1,0,3,0,1,1,1,0,0,0,255,255,255,6,2559.285,"なおｐ--",R,3,87,0.79,-0.199,0.389,1.545,-36.84,0,0,-341.554,0,0,0,0,0,1,3,R,"sano jpn",165.8,88.117,0.338,0,133,0,0,0,0,0,0,0,0,0,0,0,0,0,0,0,0,-0.006,-37.684,0,"Kr_Luna",0.035,-17.225,0,"_Chun",-22.645,-51.429,0,"오띵__",-10.839,-66.317,0,"HANA_ARASHI",23.414,-52.812,0,"CVPileMaki",13.505,-64.639,0,"わかなで",37.484,-95.828,0,"Multeinn",-4.494,-106.089,0,"NABIMan",-41.686,-86.856,0,0,0,0,0,0,"",0,0,0,0,0,0,0,0,0,0
23,1,0,3,0,1,2,1,0,0,0,255,255,255,7,2581.544,"なおｐ--",R,0,140,-2.64,-0.027,-0.246,1.577,-36.762,2,0,0,0,0,0,0,1,1,3,R,"sano jpn",165.8,88.117,0.338,3,133,2582.552,89,15,61,58,25,60,128,110,-30,25.666,0.82,-0.021,-0.018,0.072,0,-0.249,-37.384,0,"Kr_Luna",-0.236,-17.314,0,"_Chun",-22.579,-51.39,0,"오띵__",-10.741,-66.335,0,"HANA_ARASHI",23.266,-52.755,0,"CVPileMaki",13.502,-64.701,0,"わかなで",37.096,-96.078,0,"Multeinn",-4.133,-106.385,0,"NABIMan",-41.506,-87.203,0,2582.242,-1.143,-21.098,2585.61,8,"NABIMan",-27.708,-78.778,1,0,0,0,0,0,0,2
24,1,0,3,0,0,0,1,1,0,0,12,255,255,8,2654.963,"なおｐ--",R,0,140,2.115,0.034,0.197,1.589,-36.758,1,0,0,0,0,0,0,0,2,0,R,"ゆっち一",190,87.623,0.42,0,132,0,0,0,0,0,0,0,0,0,0,0,0,0,0,0,0,-0.024,-37.832,0,"Kr_Luna",-0.096,-17.327,0,"_Chun",-19.911,-44.318,0,"오띵__",-15.181,-63.87,0,"HANA_ARASHI",22.303,-54.562,0,"CVPileMaki",7.218,-64.177,0,"わかなで",38.581,-94.597,0,"Multeinn",-6.87,-111.147,0,"NABIMan",-45.994,-100.6,0,0,0,0,0,0,"",0,0,0,0,0,0,0,0,0,0
25,1,0,3,0,1,0,1,1,0,0,12,255,255,9,2675.663,"なおｐ--",R,0,140,-8.098,-0.638,-0.029,1.384,-36.722,2,0,0,0,0,0,0,1,2,0,R,"ゆっち一",190,87.623,0.42,3,132,2676.718,255,18,130,65,25,137,150,125,25.461,3.922,0.49,-0.079,-0.152,0.124,0,-0.01,-37.632,0,"Kr_Luna",-0.105,-17.295,0,"_Chun",-19.779,-44.878,0,"오띵__",-15.21,-63.849,0,"HANA_ARASHI",21.758,-54.316,0,"CVPileMaki",10.471,-65.557,0,"わかなで",40.541,-94.909,0,"Multeinn",-7.036,-106.045,0,"NABIMan",-47.237,-99.691,0,2681.562,-29.638,-125.337,2682.575,7,"Multeinn",-26.827,-123.64,1,0,0,0,0,0,0,2
26,1,0,3,0,0,0,1,0,1,1,255,9,12,10,2721.183,"なおｐ--",R,0,140,0.908,0.039,0.084,1.59,-36.668,0,0,0,0,0,0,0,0,3,4,R,"にゃんこ3K",190,89.777,0.5,0,131,0,0,0,0,0,0,0,0,0,0,0,0,0,0,0,0,-0.068,-37.623,0,"Kr_Luna",0.023,-17.353,0,"_Chun",-21.945,-49.462,0,"오띵__",-12.17,-63.954,0,"HANA_ARASHI",20.075,-46.124,0,"CVPileMaki",9.9,-65.482,0,"わかなで",41.228,-93.4,0,"Multeinn",-1.824,-109.969,0,"NABIMan",-46.085,-88.858,0,0,0,0,0,0,"",0,0,0,0,0,0,0,0,0,0
27,1,0,3,0,0,1,1,0,1,1,255,9,12,11,2743.343,"なおｐ--",R,13,95,-2.468,-1.148,-0.089,1.478,-36.735,4,0,-347.206,297.277,0,0,0,1,3,4,R,"にゃんこ3K",190,89.777,0.5,0,131,0,0,0,0,0,0,0,0,0,0,0,0,0,0,0,0,-0.084,-37.577,0,"Kr_Luna",-0.121,-17.31,0,"_Chun",-22.197,-48.891,0,"오띵__",-12.111,-63.056,0,"HANA_ARASHI",21.846,-50.101,0,"CVPileMaki",10.361,-65.553,0,"わかなで",42.858,-90.948,0,"Multeinn",0.028,-105.299,0,"NABIMan",-45.243,-88.882,0,0,0,0,0,0,"",0,0,0,0,0,0,0,0,0,0
28,1,0,3,0,0,2,1,0,1,1,255,9,12,12,2765.104,"なおｐ--",R,10,88,1.244,-1.369,0.173,1.51,-36.865,2,0,0,400,0,0,0,1,3,4,R,"にゃんこ3K",190,89.777,0.5,3,131,2766.379,177,6,81,30,17,140,138,123,27.18,-31.425,0.73,0.051,-0.039,0.153,0,0.123,-37.386,0,"Kr_Luna",0.009,-17.376,0,"_Chun",-22.17,-49.04,0,"오띵__",-12.256,-62.934,0,"HANA_ARASHI",22.044,-51.35,0,"CVPileMaki",10.069,-65.628,0,"わかなで",42.923,-91.2,0,"Multeinn",-1.049,-103.807,0,"NABIMan",-46.045,-88.183,0,2770.374,43.063,-113.307,2772.041,6,"わかなで",35.228,-111.312,1,0,0,0,0,0,0,2
29,1,0,3,2,0,0,1,1,0,0,13,255,255,13,2805.425,"なおｐ--",R,0,140,0.134,1.473,0.012,1.822,-36.61,1,0,0,0,0,0,0,0,4,8,R,"あくせる",174.8,86.41,0.669,0,130,0,0,0,0,0,0,0,0,0,0,0,0,0,0,0,0,-0.007,-37.828,0,"Kr_Luna",-0.363,-17.291,0,"_Chun",-20.2,-41.324,0,"오띵__",-13.467,-64.937,0,"HANA_ARASHI",21.296,-52.185,0,"CVPileMaki",7.77,-66.593,0,"わかなで",37.226,-100.525,0,"Multeinn",-6.79,-107.866,0,"NABIMan",-43.702,-91.338,0,0,0,0,0,0,"",0,0,0,0,0,0,0,0,0,0
30,1,0,3,2,1,0,1,1,0,0,13,255,255,14,2822.624,"なおｐ--",R,0,140,0.609,0.713,0.057,1.698,-36.536,0,0,0,0,0,0,0,1,4,8,R,"あくせる",174.8,86.41,0.669,0,130,0,0,0,0,0,0,0,0,0,0,0,0,0,0,0,0,-0.072,-37.717,0,"Kr_Luna",-0.055,-17.296,0,"_Chun",-20.808,-42.348,0,"오띵__",-13.701,-64.914,0,"HANA_ARASHI",21.711,-55.213,0,"CVPileMaki",7.355,-65.731,0,"わかなで",37.036,-98.631,0,"Multeinn",-6.13,-107.674,0,"NABIMan",-44.931,-90.923,0,0,0,0,0,0,"",0,0,0,0,0,0,0,0,0,0
31,1,0,3,2,1,1,1,1,0,0,13,255,255,15,2840.21,"なおｐ--",R,0,140,1.512,0.722,0.141,1.7,-36.577,4,0,0,0,0,0,0,1,4,8,R,"あくせる",174.8,86.41,0.669,0,130,0,0,0,0,0,0,0,0,0,0,0,0,0,0,0,0,-0.11,-37.758,0,"Kr_Luna",0.039,-17.369,0,"_Chun",-20.621,-42.068,0,"오띵__",-13.649,-64.94,0,"HANA_ARASHI",21.677,-55.165,0,"CVPileMaki",5.828,-64.874,0,"わかなで",34.416,-92.718,0,"Multeinn",-7.046,-106.507,0,"NABIMan",-45.247,-90.649,0,0,0,0,0,0,"",0,0,0,0,0,0,0,0,0,0
32,1,0,3,2,1,2,1,1,0,0,13,255,255,16,2858.108,"なおｐ--",R,0,138,1.794,1.061,0.141,1.774,-36.494,3,0,0,0,0,-0.285,-20.138,0,4,8,R,"あくせる",174.8,86.41,0.669,0,130,0,0,0,0,0,0,0,0,0,0,0,0,0,0,0,0,0.018,-37.516,0,"Kr_Luna",-0.204,-17.442,0,"_Chun",-20.506,-42.86,0,"오띵__",-14.8,-64.113,0,"HANA_ARASHI",21.726,-55.17,0,"CVPileMaki",6.616,-65.245,0,"わかなで",35.731,-90.04,0,"Multeinn",-7.11,-106.362,0,"NABIMan",-44.488,-89.689,0,0,0,0,0,0,"",0,0,0,0,0,0,0,0,0,6
33,1,0,3,2,0,0,1,1,1,0,17,13,255,17,2989.396,"なおｐ--",R,0,140,-2.64,0.207,-0.246,1.616,-36.615,2,0,0,0,0,0,0,1,5,5,R,"じゃが一",174.9,84.955,0.505,2,129,2990.444,255,7,128,13,7,213,141,68,-30,47.708,0.99,-0.011,-0.051,0,0,-0.339,-37.31,0,"Kr_Luna",-0.312,-17.221,0,"_Chun",-20.305,-43.909,0,"오띵__",-15.625,-63.668,0,"HANA_ARASHI",20.071,-48.239,0,"CVPileMaki",9.099,-66.374,0,"わかなで",41.094,-95.709,0,"Multeinn",-0.166,-106.098,0,"NABIMan",-47.261,-87.011,0,2990.103,-2.059,-20.304,2992.173,2,"_Chun",-21.421,-38.253,0,16,0,0,0,0,0,2
34,1,0,3,2,0,1,1,1,1,0,17,13,255,18,3014.364,"なおｐ--",R,3,90,-7.236,-0.748,-0.148,1.482,-36.961,1,0,-327.258,0,0,0,0,0,5,5,R,"じゃが一",174.9,84.955,0.505,0,72,0,0,0,0,0,0,0,0,0,0,0,0,0,0,0,0,-0.112,-37.476,0,"Kr_Luna",-1.082,-17.471,0,"_Chun",-20.212,-42.53,0,"오띵__",-14.836,-64.056,0,"HANA_ARASHI",20.578,-44.685,0,"CVPileMaki",5.472,-65.103,0,"わかなで",39.409,-94.657,0,"Multeinn",0.375,-107.851,0,"NABIMan",-46.912,-85.759,0,0,0,0,0,0,"",0,0,0,0,0,0,0,0,0,0
35,1,0,3,2,1,1,1,1,1,0,17,13,255,19,3034.856,"なおｐ--",R,0,127,0.319,0.853,0.03,1.72,-36.591,2,0,0,0,0,0,0,1,5,5,R,"じゃが一",174.9,84.955,0.505,2,72,3035.97,165,12,151,80,32,170,150,64,-18.151,40.738,1,-0.013,-0.067,0,0.286,0.027,-37.57,0,"Kr_Luna",0.076,-17.219,0,"_Chun",-20.403,-43.784,0,"오띵__",-14.829,-64.038,0,"HANA_ARASHI",19.024,-47.12,0,"CVPileMaki",7.12,-66.349,0,"わかなで",38.807,-93.105,0,"Multeinn",-0.74,-106.129,0,"NABIMan",-47.703,-89.234,0,3035.721,-2.559,-22.58,3037.68,2,"_Chun",-18.519,-39.838,0,16,0,0,0,0,0,2
36,2,1,3,2,0,0,0,0,0,0,255,255,255,15,3086.047,"ゆっち一",R,26,140,-0.758,-0.31,-0.022,1.281,-36.427,4,0,1.49,-200,21.002,0.01,-20.772,1,7,6,L,"わかなで",160,80,0.402,0,129,0,0,0,0,0,0,0,0,0,0,0,0,0,0,0,0,-0.043,-34.208,0,"mochi_2929",0.199,-18.587,0,"CAT tourniquet",-17.759,-43.598,0,"sano jpn",-8.143,-53.315,0,"にゃんこ3K",13.25,-37.263,0,"じゃが一",14.426,-59.379,0,"ぐだもん",39.504,-84.646,0,"alcohol500",4.832,-108.284,0,"あくせる",-39.74,-91.932,0,0,0,0,0,0,"",0,0,0,0,0,0,0,0,0,0
37,2,1,3,2,0,1,0,0,0,0,255,255,255,16,3106.669,"ゆっち一",R,10,116,0.739,-2.97,0.084,1.396,-36.504,2,0,0,400,19.109,0.137,-20.892,1,7,6,L,"わかなで",160,80,0.402,3,128,3107.765,255,20,68,68,85,71,140,80,92.328,-83.978,-0.44,0.099,-0.156,0.018,0.095,0.015,-37,0,"mochi_2929",-0.026,-16.755,0,"CAT tourniquet",-17.503,-44.9,0,"sano jpn",-11.116,-55.687,0,"にゃんこ3K",17.76,-41.972,0,"じゃが一",15.472,-61.984,0,"ぐだもん",40.555,-86.294,0,"alcohol500",5.601,-106.088,0,"あくせる",-41.538,-89.896,0,3113.145,-26.828,-17,0,0,"",0,0,0,0,0,0,0,0,0,3
38,2,1,3,2,0,2,0,0,0,0,255,255,255,17,3132.906,"ゆっち一",R,27,140,-0.841,1.653,-0.071,1.579,-36.299,2,0,-24.33,-138.52,1.229,0,0,1,7,6,L,"わかなで",160,80,0.402,3,128,3133.965,76,7,45,34,20,47,74,68,26.194,-46.379,0.52,0.001,-0.055,0.099,0,-0.086,-36.976,0,"mochi_2929",0.03,-16.549,0,"CAT tourniquet",-18.317,-45.637,0,"sano jpn",-11.756,-57.678,0,"にゃんこ3K",19.505,-43.784,0,"じゃが一",15.723,-61.844,0,"ぐだもん",40.88,-88.441,0,"alcohol500",4.015,-108.644,0,"あくせる",-39.899,-90.936,0,0,0,0,3136.11,4,"にゃんこ3K",26.211,-42.341,0,0,0,0,0,0,0,1
39,2,1,3,2,0,0,1,0,0,0,255,255,255,18,3161.616,"ゆっち一",R,13,105,0.245,-0.809,0.128,1.574,-36.468,0,0,-245.768,400,-48.125,-0.107,-17.251,0,8,7,R,"Multeinn",160,95.295,0.496,0,128,0,0,0,0,0,0,0,0,0,0,0,0,0,0,0,0,-0.08,-37.264,0,"mochi_2929",0.071,-16.563,0,"CAT tourniquet",-19.03,-45.203,0,"sano jpn",-15.716,-62.295,0,"にゃんこ3K",18.805,-46.964,0,"じゃが一",14.184,-62.37,0,"ぐだもん",36.639,-91.687,0,"alcohol500",1.185,-108.025,0,"あくせる",-42.682,-88.31,0,0,0,0,0,0,"",0,0,0,0,0,0,0,0,0,0
40,2,1,3,2,0,1,1,0,0,0,255,255,255,19,3178.483,"ゆっち一",R,26,140,0.642,-0.768,0.065,1.23,-36.455,0,0,-18.107,-200,27.68,0,0,0,8,7,R,"Multeinn",160,95.295,0.496,0,128,0,0,0,0,0,0,0,0,0,0,0,0,0,0,0,0,0.109,-37.483,0,"mochi_2929",0.118,-16.647,0,"CAT tourniquet",-18.551,-45.363,0,"sano jpn",-15.779,-62.28,0,"にゃんこ3K",18.674,-46.944,0,"じゃが一",14.107,-62.285,0,"ぐだもん",36.571,-91.671,0,"alcohol500",1.164,-108.143,0,"あくせる",-42.723,-88.491,0,0,0,0,0,0,"",0,0,0,0,0,0,0,0,0,0
41,2,1,3,2,0,2,1,0,0,0,255,255,255,20,3193.873,"ゆっち一",R,13,108,-2.611,-0.696,0.069,1.442,-36.562,4,0,-383.336,312.348,-22.696,-0.854,-16.304,0,8,7,R,"Multeinn",160,95.295,0.496,0,128,0,0,0,0,0,0,0,0,0,0,0,0,0,0,0,0,0.195,-37.314,0,"mochi_2929",-1.135,-17.206,0,"CAT tourniquet",-18.458,-44.607,0,"sano jpn",-15.685,-62.283,0,"にゃんこ3K",18.824,-46.997,0,"じゃが一",14.017,-62.333,0,"ぐだもん",36.607,-91.666,0,"alcohol500",1.292,-107.446,0,"あくせる",-42.67,-88.293,0,0,0,0,0,0,"",0,0,0,0,0,0,0,0,0,0
42,2,1,3,2,0,0,2,0,0,0,255,255,255,21,3221.776,"ゆっち一",R,26,140,2.463,0.567,0.249,1.43,-36.351,2,0,-71.999,-200,17.485,0,0,1,0,5,R,"CVPileMaki",170,94,0.399,3,128,3222.769,113,11,83,46,27,107,138,88,94.488,-83.499,-0.36,0.009,-0.041,0.056,0,-0.104,-36.902,0,"mochi_2929",0.234,-16.329,0,"CAT tourniquet",-17.575,-43.863,0,"sano jpn",-15.369,-60.553,0,"にゃんこ3K",21.036,-50.506,0,"じゃが一",14.833,-62.952,0,"ぐだもん",37.643,-91.004,0,"alcohol500",0.712,-108.997,0,"あくせる",-45.726,-91.209,0,0,0,0,0,0,"",0,0,0,0,0,0,0,0,0,3
43,2,1,3,2,0,1,2,0,0,0,255,255,255,22,3243.587,"ゆっち一",R,13,109,-2.043,-0.348,0.138,1.514,-36.548,2,0,-371.632,330.672,-20.9,0,0,1,0,5,R,"CVPileMaki",170,94,0.399,3,66,3244.713,113,25,115,100,64,140,143,110,-30,48.097,0.94,-0.036,-0.074,0.062,0,-0.139,-36.719,0,"mochi_2929",-0.451,-16.552,0,"CAT tourniquet",-18.051,-45.002,0,"sano jpn",-15.7,-60.829,0,"にゃんこ3K",20.394,-50.118,0,"じゃが一",14.342,-63.169,0,"ぐだもん",38.481,-89.929,0,"alcohol500",1.75,-109.554,0,"あくせる",-44.95,-89.868,0,3244.325,-1.711,-20.997,0,0,"",0,0,0,0,0,0,0,0,0,3
44,2,1,3,2,0,2,2,0,0,0,255,255,255,23,3262.358,"ゆっち一",R,10,128,0.683,-1.11,0.163,1.541,-36.425,2,0,0,400,-8.96,-0.035,-18.857,1,0,5,R,"CVPileMaki",170,94,0.399,3,66,3263.415,177,13,98,50,23,127,142,110,-30,-35.458,0.92,-0.031,-0.048,0.154,0,0.121,-36.932,0,"mochi_2929",0.018,-16.496,0,"CAT tourniquet",-18.521,-44.366,0,"sano jpn",-16.374,-62.433,0,"にゃんこ3K",21.31,-49.834,0,"じゃが一",14.791,-62.979,0,"ぐだもん",38.887,-88.075,0,"alcohol500",0.438,-110.047,0,"あくせる",-44.423,-89.255,0,3264.2,15.121,-43.571,3264.596,4,"にゃんこ3K",16.102,-45.085,0,0,0,0,0,0,0,2
45,2,0,3,2,0,0,0,0,0,0,255,255,255,20,3332.028,"なおｐ--",R,0,140,3.065,0.51,0.285,1.658,-36.692,1,0,0,0,0,0,0,0,6,7,L,"alcohol500",168.1,80,0.379,0,128,0,0,0,0,0,0,0,0,0,0,0,0,0,0,0,0,-0.069,-37.917,0,"Kr_Luna",0.117,-17.201,0,"_Chun",-23.278,-50.407,0,"오띵__",-12.072,-65.683,0,"HANA_ARASHI",23.531,-52.87,0,"CVPileMaki",13.738,-64.534,0,"わかなで",44.005,-87.469,0,"Multeinn",1.233,-104.189,0,"NABIMan",-43.351,-89.724,0,0,0,0,0,0,"",0,0,0,0,0,0,0,0,0,0
46,2,0,3,2,1,0,0,0,0,0,255,255,255,21,3347.488,"なおｐ--",R,0,135,1.114,-0.756,0.104,1.466,-36.61,0,0,0,0,0,0,0,1,6,7,L,"alcohol500",168.1,80,0.379,0,128,0,0,0,0,0,0,0,0,0,0,0,0,0,0,0,0,-0.049,-37.442,0,"Kr_Luna",-0.052,-17.197,0,"_Chun",-23.204,-50.455,0,"오띵__",-12.092,-65.66,0,"HANA_ARASHI",23.373,-52.759,0,"CVPileMaki",13.697,-64.603,0,"わかなで",45.285,-90.782,0,"Multeinn",1.466,-106.048,0,"NABIMan",-43.664,-89.66,0,0,0,0,0,0,"",0,0,0,0,0,0,0,0,0,0
47,2,0,3,2,1,1,0,0,0,0,255,255,255,22,3368.038,"なおｐ--",R,0,123,-0.377,-1.484,-0.035,1.355,-36.676,2,0,0,0,0,0,0,1,6,7,L,"alcohol500",168.1,80,0.379,3,128,3369.171,255,24,102,85,35,117,150,87,-29.956,-31.847,-0.53,0.096,-0.119,0.038,0,-0.144,-37.563,0,"Kr_Luna",-0.021,-17.234,0,"_Chun",-23.294,-50.533,0,"오띵__",-12.089,-65.665,0,"HANA_ARASHI",23.124,-52.457,0,"CVPileMaki",13.693,-64.601,0,"わかなで",45.247,-90.736,0,"Multeinn",0.873,-105.313,0,"NABIMan",-42.442,-89.44,0,3368.589,0.246,-19.875,3370.923,4,"HANA_ARASHI",16.236,-47.572,0,0,0,0,0,0,0,2
48,2,0,3,2,0,0,1,0,0,0,255,255,255,23,3406.41,"なおｐ--",R,0,140,3.097,1.722,0.288,1.915,-36.671,1,0,0,0,0,0,0,0,7,2,L,"CAT tourniquet",190,80,0.601,0,127,0,0,0,0,0,0,0,0,0,0,0,0,0,0,0,0,-0.211,-37.743,0,"Kr_Luna",-0.078,-17.159,0,"_Chun",-22.869,-50.693,0,"오띵__",-11.214,-65.933,0,"HANA_ARASHI",22.234,-51.252,0,"CVPileMaki",14.052,-64.341,0,"わかなで",43.167,-91.155,0,"Multeinn",1.487,-105.213,0,"NABIMan",-41.172,-86.778,0,0,0,0,0,0,"",0,0,0,0,0,0,0,0,0,0
49,2,0,3,2,1,0,1,0,0,0,255,255,255,24,3425.196,"なおｐ--",R,0,129,0.919,-0.256,0.086,1.532,-36.578,2,0,0,0,0,0,0,1,7,2,L,"CAT tourniquet",190,80,0.601,2,127,3426.184,139,20,136,78,34,255,150,102,34.251,-40.368,-0.26,0.018,-0.008,0.047,0,-0.099,-37.547,0,"Kr_Luna",0.134,-17.284,0,"_Chun",-22.877,-50.759,0,"오띵__",-11.239,-65.931,0,"HANA_ARASHI",22.297,-52.546,0,"CVPileMaki",14.005,-64.391,0,"わかなで",43.05,-91.122,0,"Multeinn",1.358,-106.849,0,"NABIMan",-41.373,-88.148,0,3430.2,41.518,-92.693,3430.312,6,"わかなで",40.335,-89.925,0,0,0,0,0,0,0,1
50,2,0,3,2,0,0,2,0,0,0,255,255,255,25,3462.367,"なおｐ--",R,0,125,-1.711,-0.18,-0.159,1.551,-36.586,2,0,0,0,0,0,0,0,8,6,L,"ぐだもん",174.5,89.695,0.228,3,20,3463.239,255,20,81,52,43,81,140,88,-54.521,-47.781,-0.54,0.023,0.003,0.001,0,-0.358,-37.392,0,"Kr_Luna",-0.12,-17.338,0,"_Chun",-22.372,-50.202,0,"오띵__",-11.06,-66.206,0,"HANA_ARASHI",23.13,-53.288,0,"CVPileMaki",15.714,-63.341,0,"わかなで",45.261,-94.539,0,"Multeinn",2.774,-102.904,0,"NABIMan",-40.92,-89.914,0,3462.895,0.162,-18.553,3462.964,1,"Kr_Luna",-0.302,-21.848,0,0,0,0,0,0,0,2
51,2,0,3,2,0,1,2,0,0,0,255,255,255,26,3486.84,"なおｐ--",R,9,97,3.173,0.167,0.134,1.498,-36.617,1,0,344.292,-312.348,0,0,0,0,8,6,L,"ぐだもん",174.5,89.695,0.228,0,20,0,0,0,0,0,0,0,0,0,0,0,0,0,0,0,0,-0.174,-37.368,0,"Kr_Luna",0.458,-16.795,0,"_Chun",-22.322,-49.255,0,"오띵__",-11.388,-66.034,0,"HANA_ARASHI",22.384,-53.321,0,"CVPileMaki",15.236,-63.47,0,"わかなで",49.79,-85.101,0,"Multeinn",2.757,-101.156,0,"NABIMan",-42.57,-91.059,0,0,0,0,0,0,"",0,0,0,0,0,0,0,0,0,0
52,2,0,3,2,0,2,2,0,0,0,255,255,255,27,3508.313,"なおｐ--",R,9,80,2.069,-0.441,0.042,1.269,-36.695,4,0,283.952,-312.348,0,0,0,1,8,6,L,"ぐだもん",174.5,89.695,0.228,0,20,0,0,0,0,0,0,0,0,0,0,0,0,0,0,0,0,-0.169,-37.363,0,"Kr_Luna",0.207,-16.843,0,"_Chun",-22.219,-48.964,0,"오띵__",-11.354,-66.067,0,"HANA_ARASHI",23.361,-52.51,0,"CVPileMaki",15.155,-63.473,0,"わかなで",40.486,-90.801,0,"Multeinn",1.768,-106.867,0,"NABIMan",-41.849,-91.072,0,0,0,0,0,0,"",0,0,0,0,0,0,0,0,0,0
53,3,1,3,2,0,0,0,0,0,0,255,255,255,24,3565.344,"ゆっち一",R,26,129,0.218,0.563,0.048,1.64,-36.384,2,0,-90.824,-200,22.7,0,0,1,1,2,L,"_Chun",190,80,0.455,3,126,3566.281,255,16,102,44,28,112,144,130,25.389,-39.486,0.44,-0.004,0.025,0.233,0,0.05,-36.972,0,"mochi_2929",-0.09,-16.597,0,"CAT tourniquet",-17.661,-45.609,0,"sano jpn",-10.618,-64.144,0,"にゃんこ3K",24.092,-49.611,0,"じゃが一",15.591,-63.162,0,"ぐだもん",44.646,-93.226,0,"alcohol500",3.307,-118.773,0,"あくせる",-38.179,-101.509,0,3570.749,68.589,-116.52,0,0,"",0,0,0,0,0,0,0,0,0,4
54,3,1,4,2,0,0,0,0,0,0,255,255,255,25,3607.264,"ゆっち一",R,26,140,2.901,1.067,0.327,1.604,-36.441,2,0,-0.126,-200,-9.819,0,0,1,2,0,R,"なおｐ--",190,91.37,0.445,3,76,3608.317,166,10,99,63,24,147,146,102,-20.799,9.087,-0.23,-0.058,-0.052,0.203,0,0.15,-37.041,0,"mochi_2929",0.083,-16.578,0,"CAT tourniquet",-18.189,-45.354,0,"sano jpn",-16.715,-60.629,0,"にゃんこ3K",22.468,-50.401,0,"じゃが一",13.796,-63.376,0,"ぐだもん",22.486,-103.31,0,"alcohol500",-7.168,-113.768,0,"あくせる",-47.766,-93.301,0,3607.777,0.028,-22.377,3611.95,7,"alcohol500",-14.374,-97.319,1,0,0,0,0,0,0,2
55,3,1,4,2,0,0,0,1,0,0,0,255,255,26,3697.866,"ゆっち一",R,10,113,-0.55,-1.76,0.023,1.28,-36.398,1,0,0,400,11.363,-0.117,-18.425,0,3,1,L,"Kr_Luna",189.9,95.158,0.505,0,126,0,0,0,0,0,0,0,0,0,0,0,0,0,0,0,0,0.022,-37.382,0,"mochi_2929",-0.068,-16.59,0,"CAT tourniquet",-19.189,-42.026,0,"sano jpn",-14.616,-61.185,0,"にゃんこ3K",21.07,-46.074,0,"じゃが一",14.022,-62.92,0,"ぐだもん",47.433,-94.682,0,"alcohol500",3.245,-118.943,0,"あくせる",-34.508,-106.44,0,0,0,0,0,0,"",0,0,0,0,0,0,0,0,0,0
56,3,1,4,2,1,0,0,1,0,0,0,255,255,27,3717.873,"ゆっち一",R,26,133,-0.282,1.28,0.002,1.588,-36.405,2,0,-93.911,-181.369,2.061,0,0,1,3,1,L,"Kr_Luna",189.9,95.158,0.505,2,126,3718.672,92,12,53,49,54,59,118,88,96.574,71.997,0.95,-0.041,0.031,0.031,0,-0.308,-37.042,0,"mochi_2929",-0.157,-16.626,0,"CAT tourniquet",-19.088,-45.766,0,"sano jpn",-10.392,-58.755,0,"にゃんこ3K",21.021,-45.995,0,"じゃが一",14.348,-62.661,0,"ぐだもん",47.4,-94.697,0,"alcohol500",1.355,-113.681,0,"あくせる",-34.557,-106.409,0,0,0,0,0,0,"",0,0,0,0,0,0,0,0,0,3
57,3,1,4,2,1,1,0,1,0,0,0,255,255,28,3742.882,"ゆっち一",R,0,140,-2.267,-0.528,-0.119,1.288,-36.369,1,0,0,0,0,-0.565,-17.179,0,3,1,L,"Kr_Luna",189.9,95.158,0.505,0,126,0,0,0,0,0,0,0,0,0,0,0,0,0,0,0,0,-0.084,-37.198,0,"mochi_2929",-0.018,-16.548,0,"CAT tourniquet",-19.222,-41.191,0,"sano jpn",-7.379,-59.765,0,"にゃんこ3K",20.117,-45.798,0,"じゃが一",15.641,-62.241,0,"ぐだもん",48.714,-96.26,0,"alcohol500",4.23,-127.172,0,"あくせる",-34.917,-106.076,0,0,0,0,0,0,"",0,0,0,0,0,0,0,0,0,0
58,3,1,4,2,2,1,0,1,0,0,0,255,255,29,3764.539,"ゆっち一",R,6,105,1.282,-0.47,0.022,1.385,-36.426,2,0,415.657,215.444,52.158,0,0,1,3,1,L,"Kr_Luna",189.9,95.158,0.505,2,126,3765.387,123,26,113,87,49,115,150,67,-1.648,-33.201,1,-0.011,-0.023,0.119,0,-0.225,-36.928,0,"mochi_2929",-0.153,-16.58,0,"CAT tourniquet",-19.362,-42.385,0,"sano jpn",-10.432,-59.84,0,"にゃんこ3K",20.114,-45.749,0,"じゃが一",15.603,-62.927,0,"ぐだもん",47.721,-97.08,0,"alcohol500",3.422,-118.739,0,"あくせる",-34.915,-106.099,0,3765.332,5.326,-28.38,3766.742,4,"にゃんこ3K",15.274,-41.055,1,0,0,0,0,0,0,2
59,3,1,4,2,0,0,1,1,0,0,1,255,255,30,3805.215,"ゆっち一",R,27,140,2.22,1.186,0.198,1.593,-36.344,4,0,28.928,-102.011,-3.955,0,0,1,4,4,R,"HANA_ARASHI",190,85,0.27,0,126,0,0,0,0,0,0,0,0,0,0,0,0,0,0,0,0,0.031,-37.07,0,"mochi_2929",-0.644,-18.167,0,"CAT tourniquet",-19.32,-42.621,0,"sano jpn",-12.139,-59.94,0,"にゃんこ3K",19.065,-46.911,0,"じゃが一",10.53,-62.825,0,"ぐだもん",39.39,-97.825,0,"alcohol500",-0.548,-109.535,0,"あくせる",-46.759,-96.607,0,0,0,0,0,0,"",0,0,0,0,0,0,0,0,0,0
60,3,1,4,2,0,1,1,1,0,0,1,255,255,31,3825.964,"ゆっち一",R,13,105,-2.823,-0.571,0.056,1.636,-36.593,4,0,-372.687,312.348,-33.528,0,0,1,4,4,R,"HANA_ARASHI",190,85,0.27,0,126,0,0,0,0,0,0,0,0,0,0,0,0,0,0,0,0,-0.155,-37.078,0,"mochi_2929",-1.281,-18.627,0,"CAT tourniquet",-19.067,-41.526,0,"sano jpn",-9.841,-60.484,0,"にゃんこ3K",19.018,-46.829,0,"じゃが一",11.35,-63.777,0,"ぐだもん",39.335,-97.918,0,"alcohol500",-1.961,-113.185,0,"あくせる",-46.734,-96.585,0,0,0,0,0,0,"",0,0,0,0,0,0,0,0,0,0
61,3,1,4,2,0,2,1,1,0,0,1,255,255,32,3845.568,"ゆっち一",R,13,102,-1.357,-0.136,0.174,1.746,-36.627,2,0,-390.487,269.562,-22.334,0,0,1,4,4,R,"HANA_ARASHI",190,85,0.27,3,126,3846.633,204,8,110,74,53,83,150,117,-30,43.205,0.89,-0.052,-0.106,0.15,0,0,-37.055,0,"mochi_2929",-0.222,-16.65,0,"CAT tourniquet",-18.87,-45.035,0,"sano jpn",-12.906,-56.928,0,"にゃんこ3K",19.159,-46.859,0,"じゃが一",13.383,-63.721,0,"ぐだもん",39.432,-97.994,0,"alcohol500",-2.614,-114.997,0,"あくせる",-46.767,-96.654,0,3846.068,-1.741,-22.297,3850.353,8,"あくせる",-61.854,-83.747,1,0,0,0,0,0,0,2
62,3,1,4,2,0,0,1,1,0,1,4,255,1,33,3884.431,"ゆっち一",R,27,128,1.492,0.884,0.133,1.481,-36.329,4,0,17.3,-129.414,0.291,0,0,1,5,3,R,"오띵__",165.3,86.143,0.405,0,125,0,0,0,0,0,0,0,0,0,0,0,0,0,0,0,0,0.146,-37.311,0,"mochi_2929",0.232,-16.634,0,"CAT tourniquet",-19.681,-41.745,0,"sano jpn",-12.255,-54.343,0,"にゃんこ3K",19.593,-40.723,0,"じゃが一",12.031,-56.615,0,"ぐだもん",39.337,-81.993,0,"alcohol500",-0.642,-105.722,0,"あくせる",-40.279,-90.347,0,0,0,0,0,0,"",0,0,0,0,0,0,0,0,0,0
63,3,1,4,2,0,1,1,1,0,1,4,255,1,34,3903.968,"ゆっち一",R,3,103,-0.804,0.549,0.156,1.65,-36.852,0,0,-448.949,141.838,-6.395,0,0,0,5,3,R,"오띵__",165.3,86.143,0.405,0,125,0,0,0,0,0,0,0,0,0,0,0,0,0,0,0,0,0.24,-37.445,0,"mochi_2929",-0.03,-16.508,0,"CAT tourniquet",-19.772,-42.746,0,"sano jpn",-11.998,-54.122,0,"にゃんこ3K",18.606,-42.615,0,"じゃが一",11.465,-56.942,0,"ぐだもん",39.249,-81.998,0,"alcohol500",-1.03,-106.152,0,"あくせる",-40.344,-90.59,0,0,0,0,0,0,"",0,0,0,0,0,0,0,0,0,0
64,3,1,4,2,0,2,1,1,0,1,4,255,1,35,3923.339,"ゆっち一",R,10,119,-11.731,-2.19,-0.627,1.563,-36.762,1,0,0,400,-6.59,-2.29,-19.142,0,5,3,R,"오띵__",165.3,86.143,0.405,0,125,0,0,0,0,0,0,0,0,0,0,0,0,0,0,0,0,0.039,-37.152,0,"mochi_2929",-2.339,-14.168,0,"CAT tourniquet",-19.602,-43.294,0,"sano jpn",-11.93,-53.435,0,"にゃんこ3K",18.967,-40.872,0,"じゃが一",11.296,-58.157,0,"ぐだもん",39.405,-82.182,0,"alcohol500",-1.187,-106.74,0,"あくせる",-40.289,-90.508,0,0,0,0,0,0,"",0,0,0,0,0,0,0,0,0,0
65,3,1,5,2,1,2,1,0,1,0,255,4,255,36,4099.14,"ゆっち一",R,26,134,0.285,-0.406,0.002,1.275,-36.306,2,0,91.148,-200,33.636,0,0,1,5,3,R,"오띵__",165.3,86.143,0.405,3,80,4100.003,141,16,68,83,39,79,139,111,27.859,13.071,0.22,0.005,-0.093,0.002,0,0.292,-37.037,0,"mochi_2929",-0.054,-16.623,0,"CAT tourniquet",-20.596,-45.653,0,"sano jpn",-12.693,-57.395,0,"にゃんこ3K",20.043,-45.761,0,"じゃが一",13.519,-61.429,0,"ぐだもん",39.303,-82.016,0,"alcohol500",-0.136,-110.426,0,"あくせる",-40.505,-92.031,0,4104.791,-31.869,-112.162,4104.818,8,"あくせる",-30.847,-109.68,0,0,0,0,0,0,0,1
66,3,1,5,2,0,0,2,0,1,0,255,4,255,37,4134.401,"ゆっち一",R,26,129,0.123,1.526,0.228,1.638,-36.429,1,0,-57.464,-161.463,-1.81,0,0,0,6,8,L,"NABIMan",190,89.844,0.546,0,125,0,0,0,0,0,0,0,0,0,0,0,0,0,0,0,0,-0.073,-37.247,0,"mochi_2929",0.038,-16.502,0,"CAT tourniquet",-19.167,-45.227,0,"sano jpn",-6.273,-59.235,0,"にゃんこ3K",22.057,-47.029,0,"じゃが一",15.119,-63.25,0,"ぐだもん",40.224,-83.614,0,"alcohol500",5.36,-110.931,0,"あくせる",-40.247,-95.146,0,0,0,0,0,0,"",0,0,0,0,0,0,0,0,0,0
67,3,1,5,2,1,0,2,0,1,0,255,4,255,38,4151.88,"ゆっち一",R,26,140,-2.549,0.014,-0.041,1.341,-36.373,2,0,9.08,-200,7.496,0,0,1,6,8,L,"NABIMan",190,89.844,0.546,3,125,4152.722,138,22,100,65,0,123,144,96,89.952,89.906,-0.51,0.052,-0.06,0.105,0,-0.012,-37.051,0,"mochi_2929",-0.285,-16.62,0,"CAT tourniquet",-19.299,-45.445,0,"sano jpn",-8.006,-58.577,0,"にゃんこ3K",21.326,-46.323,0,"じゃが一",15.138,-63.235,0,"ぐだもん",44.13,-94.575,0,"alcohol500",2.526,-111.609,0,"あくせる",-39.016,-95.532,0,0,0,0,0,0,"",0,0,0,0,0,0,0,0,0,3
68,3,1,5,2,1,1,2,0,1,0,255,4,255,39,4175.643,"ゆっち一",R,14,102,2.863,-0.459,0.177,1.471,-36.5,4,0,349.978,327.946,56.122,0,0,1,6,8,L,"NABIMan",190,89.844,0.546,0,35,0,0,0,0,0,0,0,0,0,0,0,0,0,0,0,0,0.01,-37.179,0,"mochi_2929",-0.068,-16.7,0,"CAT tourniquet",-18.451,-45.805,0,"sano jpn",-9.344,-56.606,0,"にゃんこ3K",20.802,-45.089,0,"じゃが一",14.418,-64.086,0,"ぐだもん",40.79,-91.737,0,"alcohol500",3.395,-112.732,0,"あくせる",-41.743,-95.356,0,0,0,0,0,0,"",0,0,0,0,0,0,0,0,0,0
69,3,1,5,2,1,2,2,0,1,0,255,4,255,40,4198.297,"ゆっち一",R,27,140,-1.009,1.248,-0.091,1.605,-36.397,4,0,-10.384,-100.852,-0.834,0,0,1,6,8,L,"NABIMan",190,89.844,0.546,0,125,0,0,0,0,0,0,0,0,0,0,0,0,0,0,0,0,-0.161,-37.289,0,"mochi_2929",-0.085,-16.922,0,"CAT tourniquet",-19,-43.094,0,"sano jpn",-10.594,-57.622,0,"にゃんこ3K",22.488,-45.696,0,"じゃが一",14.33,-63.158,0,"ぐだもん",40.955,-91.809,0,"alcohol500",1.436,-113.967,0,"あくせる",-41.755,-95.381,0,0,0,0,0,0,"",0,0,0,64,0,0,0,0,0,0
70,3,0,5,2,0,0,0,0,0,0,255,255,255,28,4266.129,"なおｐ--",R,0,140,1.44,0.773,0.134,1.732,-36.562,0,0,0,0,0,0,0,0,0,1,R,"mochi_2929",190,97.434,0.447,0,124,0,0,0,0,0,0,0,0,0,0,0,0,0,0,0,0,-0.114,-37.908,0,"Kr_Luna",0.116,-17.267,0,"_Chun",-22.654,-49.811,0,"오띵__",-11.451,-65.896,0,"HANA_ARASHI",22.788,-53.469,0,"CVPileMaki",12.492,-65.097,0,"わかなで",39.903,-95.309,0,"Multeinn",-1.273,-110.746,0,"NABIMan",-42.696,-84.584,0,0,0,0,0,0,"",0,0,0,0,0,0,0,0,0,0
71,3,0,5,2,0,1,0,0,0,0,255,255,255,29,4286.34,"なおｐ--",R,0,140,0.792,1.025,0.074,1.78,-36.571,1,0,0,0,0,0,0,0,0,1,R,"mochi_2929",190,97.434,0.447,0,124,0,0,0,0,0,0,0,0,0,0,0,0,0,0,0,0,-0.055,-37.723,0,"Kr_Luna",0.032,-17.165,0,"_Chun",-22.643,-49.918,0,"오띵__",-11.469,-65.946,0,"HANA_ARASHI",22.001,-53.315,0,"CVPileMaki",12.557,-65.108,0,"わかなで",40.32,-94.828,0,"Multeinn",0.227,-107.527,0,"NABIMan",-42.434,-85.472,0,0,0,0,0,0,"",0,0,0,0,0,0,0,0,0,0
72,3,0,5,2,1,1,0,0,0,0,255,255,255,30,4308.112,"なおｐ--",R,3,88,-3.12,-0.689,-0.122,1.469,-36.722,2,0,-392.808,94.391,0,0,0,1,0,1,R,"mochi_2929",190,97.434,0.447,3,124,4309.449,124,32,136,125,40,192,150,65,-9.954,35.233,1,-0.036,-0.136,0.012,0,-0.117,-37.327,0,"Kr_Luna",-0.339,-17.256,0,"_Chun",-23.079,-49.258,0,"오띵__",-11.496,-65.903,0,"HANA_ARASHI",22.485,-53.988,0,"CVPileMaki",12.532,-65.084,0,"わかなで",40.199,-94.825,0,"Multeinn",-1.084,-107.105,0,"NABIMan",-43.246,-86.287,0,4308.999,-2.515,-21.768,4311.179,2,"_Chun",-17.571,-44.766,0,0,0,0,0,0,0,2
73,3,0,5,2,0,0,1,0,0,0,255,255,255,31,4341.523,"なおｐ--",R,13,96,-1.634,-0.016,0.021,1.743,-36.986,1,0,-343.701,308.063,0,0,0,0,1,3,R,"sano jpn",165.8,88.117,0.338,0,124,0,0,0,0,0,0,0,0,0,0,0,0,0,0,0,0,-0.367,-37.691,0,"Kr_Luna",-0.458,-17.228,0,"_Chun",-21.931,-48.06,0,"오띵__",-12.053,-65.486,0,"HANA_ARASHI",21.094,-52.842,0,"CVPileMaki",9.801,-66.065,0,"わかなで",32.851,-95.866,0,"Multeinn",-4.77,-108.768,0,"NABIMan",-39.752,-90.418,0,0,0,0,0,0,"",0,0,0,0,0,0,0,0,0,0
74,3,0,5,2,1,0,1,0,0,0,255,255,255,32,4361.158,"なおｐ--",R,13,87,-2.837,-1.223,-0.151,1.57,-36.731,1,0,-308.798,312.348,0,0,0,0,1,3,R,"sano jpn",165.8,88.117,0.338,0,124,0,0,0,0,0,0,0,0,0,0,0,0,0,0,0,0,-0.132,-37.348,0,"Kr_Luna",-0.208,-17.228,0,"_Chun",-21.881,-48.136,0,"오띵__",-12.112,-65.456,0,"HANA_ARASHI",20.371,-51.436,0,"CVPileMaki",9.783,-66.139,0,"わかなで",32.912,-95.894,0,"Multeinn",-4.826,-107.626,0,"NABIMan",-41.746,-89.703,0,0,0,0,0,0,"",0,0,0,0,0,0,0,0,0,0
75,3,0,5,2,2,1,1,0,0,0,255,255,255,33,4383.431,"なおｐ--",R,0,0,0,0,0,0,0,0,0,0,0,0,0,0,0,1,3,R,"sano jpn",165.8,88.117,0.338,0,124,0,0,0,0,0,0,0,0,0,0,0,0,0,0,0,0,0,0,0,"",0,0,0,"",0,0,0,"",0,0,0,"",0,0,0,"",0,0,0,"",0,0,0,"",0,0,0,"",0,0,0,0,0,0,0,0,"",0,0,0,0,0,0,0,0,0,0
76,3,0,5,2,2,1,1,0,0,0,255,255,255,33,4419.49,"なおｐ--",R,10,93,-0.651,-2.872,-0.093,1.288,-36.692,1,0,2.781,400,0,-0.121,-20.2,0,1,3,R,"sano jpn",165.8,88.117,0.338,0,124,0,0,0,0,0,0,0,0,0,0,0,0,0,0,0,0,-0.117,-37.392,0,"Kr_Luna",0.074,-17.217,0,"_Chun",-21.505,-48.338,0,"오띵__",-12.071,-65.462,0,"HANA_ARASHI",21.645,-52.979,0,"CVPileMaki",8.736,-65.038,0,"わかなで",30.578,-92.597,0,"Multeinn",-4.936,-105.765,0,"NABIMan",-37.216,-88.264,0,0,0,0,0,0,"",0,0,0,0,0,0,0,0,0,0
77,3,0,5,2,3,1,1,0,0,0,255,255,255,34,4439.338,"なおｐ--",R,0,124,1.546,-0.165,0.144,1.555,-36.559,1,0,0,0,0,0,0,0,1,3,R,"sano jpn",165.8,88.117,0.338,0,124,0,0,0,0,0,0,0,0,0,0,0,0,0,0,0,0,0.042,-37.545,0,"Kr_Luna",0.135,-17.193,0,"_Chun",-21.781,-48.13,0,"오띵__",-12.056,-65.449,0,"HANA_ARASHI",22.53,-53.615,0,"CVPileMaki",12.638,-65.027,0,"わかなで",32.029,-94.983,0,"Multeinn",-3.634,-108.865,0,"NABIMan",-37.567,-87.717,0,0,0,0,0,0,"",0,0,0,0,0,0,0,0,0,5
78,3,0,5,2,0,0,1,1,0,0,12,255,255,35,4471.972,"なおｐ--",R,0,131,-2.394,-0.224,-0.223,1.538,-36.634,4,0,0,0,0,0,0,1,2,0,R,"ゆっち一",190,87.623,0.42,0,123,0,0,0,0,0,0,0,0,0,0,0,0,0,0,0,0,-0.062,-37.527,0,"Kr_Luna",-0.222,-17.584,0,"_Chun",-20.106,-45.245,0,"오띵__",-14.168,-64.45,0,"HANA_ARASHI",22.121,-51.909,0,"CVPileMaki",4.747,-64.566,0,"わかなで",41.428,-102.34,0,"Multeinn",-6.959,-114.197,0,"NABIMan",-44.499,-100.708,0,0,0,0,0,0,"",0,0,0,0,0,0,0,0,0,0
79,3,0,5,2,0,1,1,0,1,0,255,12,255,36,4495.67,"なおｐ--",R,0,131,0.281,-0.081,0.026,1.566,-36.628,0,0,0,0,0,0,0,1,2,0,R,"ゆっち一",190,87.623,0.42,0,123,0,0,0,0,0,0,0,0,0,0,0,0,0,0,0,0,-0.392,-37.676,0,"Kr_Luna",0.163,-17.323,0,"_Chun",-23.352,-51.59,0,"오띵__",-11.193,-66.051,0,"HANA_ARASHI",22.051,-50.193,0,"CVPileMaki",4.803,-65.31,0,"わかなで",39.866,-101.994,0,"Multeinn",-7.906,-116.874,0,"NABIMan",-43.385,-101.175,0,0,0,0,0,0,"",0,0,0,0,0,0,0,0,0,0
80,3,0,5,2,0,2,1,0,1,0,255,12,255,37,4513.944,"なおｐ--",R,0,137,1.646,0.119,0.153,1.605,-36.496,2,0,0,0,0,0,0,1,2,0,R,"ゆっち一",190,87.623,0.42,3,123,4515.027,255,14,75,44,22,88,139,115,-30,-6.77,0.86,-0.103,-0.122,0.249,0,-0.146,-37.238,0,"Kr_Luna",0.119,-17.26,0,"_Chun",-23.308,-51.489,0,"오띵__",-11.193,-66.046,0,"HANA_ARASHI",22.88,-53.339,0,"CVPileMaki",7.919,-65.923,0,"わかなで",39.88,-100.948,0,"Multeinn",-6.181,-114.478,0,"NABIMan",-42.9,-100.754,0,4514.353,0.504,-20.201,4516.353,5,"CVPileMaki",1.324,-60.378,0,0,0,0,0,0,0,2
81,3,0,5,2,0,0,2,0,0,1,255,255,12,38,4552.115,"なおｐ--",R,0,139,1.264,-0.441,0.118,1.496,-36.559,2,0,0,0,0,0,0,1,3,4,R,"にゃんこ3K",190,89.777,0.5,3,123,4553.126,165,16,123,70,34,112,150,100,-30,-12.906,0.96,0.039,-0.1,0.092,0,-0.016,-37.37,0,"Kr_Luna",0.114,-17.219,0,"_Chun",-22.285,-49.311,0,"오띵__",-11.363,-65.869,0,"HANA_ARASHI",23.019,-49.445,0,"CVPileMaki",10.415,-65.875,0,"わかなで",39.613,-87.828,0,"Multeinn",1.262,-107.791,0,"NABIMan",-44.742,-90.21,0,4552.513,0.533,-21.284,4554.895,5,"CVPileMaki",4.493,-58.262,0,0,0,0,0,0,0,2
82,4,1,5,2,0,0,0,0,0,0,255,255,255,41,4601.53,"ゆっち一",R,13,107,-1.208,-0.023,0.064,1.783,-36.646,2,0,-370.813,323.542,-10.286,0,0,1,7,6,L,"わかなで",160,80,0.402,3,123,4602.689,104,19,107,80,72,235,140,122,-10.986,12.057,0.51,0.089,-0.137,0.038,0.286,-0.329,-37.161,0,"mochi_2929",-0.139,-16.625,0,"CAT tourniquet",-18.398,-45.637,0,"sano jpn",-12.336,-59.481,0,"にゃんこ3K",17.866,-42.873,0,"じゃが一",14.089,-62.458,0,"ぐだもん",40.192,-84.961,0,"alcohol500",2.707,-111.023,0,"あくせる",-40.983,-91.924,0,4602.089,-0.794,-24.167,4603.541,3,"sano jpn",-7.272,-56.854,0,0,0,0,0,0,0,2
83,4,1,5,2,0,0,1,0,0,0,255,255,255,42,4626.521,"ゆっち一",R,26,140,1.721,0.506,0.168,1.405,-36.38,1,0,-29.133,-200,3.885,0,0,0,8,7,R,"Multeinn",160,95.295,0.496,0,37,0,0,0,0,0,0,0,0,0,0,0,0,0,0,0,0,0.232,-37.361,0,"mochi_2929",0.116,-16.746,0,"CAT tourniquet",-18.798,-44.219,0,"sano jpn",-14.24,-57.299,0,"にゃんこ3K",19.809,-48.6,0,"じゃが一",12.594,-61.698,0,"ぐだもん",34.478,-86.978,0,"alcohol500",0.605,-106.541,0,"あくせる",-40.788,-88.863,0,0,0,0,0,0,"",0,0,0,0,0,0,0,0,0,0
84,4,1,5,2,1,0,1,0,0,0,255,255,255,43,4644.922,"ゆっち一",R,3,110,0.506,1.784,0.275,1.804,-36.746,1,0,-269.181,45.994,-5.162,0,0,0,8,7,R,"Multeinn",160,95.295,0.496,0,37,0,0,0,0,0,0,0,0,0,0,0,0,0,0,0,0,-0.117,-37.143,0,"mochi_2929",0.051,-16.765,0,"CAT tourniquet",-18.986,-44.246,0,"sano jpn",-14.343,-57.284,0,"にゃんこ3K",19.792,-48.591,0,"じゃが一",11.381,-61.667,0,"ぐだもん",34.553,-87.198,0,"alcohol500",0.523,-106.341,0,"あくせる",-40.773,-88.875,0,0,0,0,0,0,"",0,0,0,0,0,0,0,0,0,0
85,4,1,5,2,2,0,1,0,0,0,255,255,255,44,4661.358,"ゆっち一",R,26,139,1.24,0.282,0.213,1.374,-36.444,0,0,-39.945,-200,11.906,0,0,0,8,7,R,"Multeinn",160,95.295,0.496,0,37,0,0,0,0,0,0,0,0,0,0,0,0,0,0,0,0,0.023,-37.29,0,"mochi_2929",0.078,-16.786,0,"CAT tourniquet",-19.35,-45.309,0,"sano jpn",-14.35,-57.259,0,"にゃんこ3K",19.732,-48.611,0,"じゃが一",11.493,-61.948,0,"ぐだもん",34.472,-86.908,0,"alcohol500",0.466,-106.046,0,"あくせる",-40.71,-88.931,0,0,0,0,0,0,"",0,0,0,0,0,0,0,0,0,0
86,4,1,5,2,2,1,1,0,0,0,255,255,255,45,4678.831,"ゆっち一",R,3,101,0.735,-0.678,0.307,1.381,-36.733,2,0,-459.091,0,-60.506,0,0,1,8,7,R,"Multeinn",160,95.295,0.496,2,37,4679.832,243,17,143,41,15,255,150,106,6.354,1.524,0.17,-0.078,-0.098,0.187,0,0.275,-37.577,0,"mochi_2929",-0.236,-16.717,0,"CAT tourniquet",-19.011,-45.291,0,"sano jpn",-14.31,-57.236,0,"にゃんこ3K",19.642,-48.536,0,"じゃが一",11.089,-62.058,0,"ぐだもん",35.976,-90.418,0,"alcohol500",0.544,-106.436,0,"あくせる",-40.746,-88.898,0,4680.353,-2.278,-53.272,4683.291,7,"alcohol500",-9.014,-103.834,1,0,0,0,0,0,0,2
87,4,1,5,2,0,0,1,1,0,0,7,255,255,46,4716.731,"ゆっち一",R,26,132,0.185,-0.032,0.14,1.328,-36.437,0,0,-75.482,-200,18.841,0,0,0,0,5,R,"CVPileMaki",170,94,0.399,0,123,0,0,0,0,0,0,0,0,0,0,0,0,0,0,0,0,0.057,-37.174,0,"mochi_2929",-1.083,-18.912,0,"CAT tourniquet",-19.088,-39.735,0,"sano jpn",-10.734,-56.383,0,"にゃんこ3K",18.262,-45.141,0,"じゃが一",3.98,-62.781,0,"ぐだもん",36.759,-88.297,0,"alcohol500",-0.266,-108.153,0,"あくせる",-42.156,-91.903,0,0,0,0,0,0,"",0,0,0,0,0,0,0,0,0,0
88,4,1,5,2,0,1,1,1,0,0,7,255,255,47,4745.212,"ゆっち一",R,13,104,-3.702,-0.173,-0.066,1.571,-36.651,4,0,-364.775,318.03,-36.078,0,0,1,0,5,R,"CVPileMaki",170,94,0.399,0,123,0,0,0,0,0,0,0,0,0,0,0,0,0,0,0,0,-0.19,-37.248,0,"mochi_2929",-1.011,-18.857,0,"CAT tourniquet",-19.642,-41.404,0,"sano jpn",-13.813,-57.164,0,"にゃんこ3K",18.815,-45.686,0,"じゃが一",4.996,-62.63,0,"ぐだもん",35.423,-90.431,0,"alcohol500",-1.129,-110.718,0,"あくせる",-42.101,-91.861,0,0,0,0,0,0,"",0,0,0,0,0,0,0,0,0,0
89,4,1,5,2,0,2,1,1,0,0,1,255,255,48,5534.484,"ゆっち一",R,0,0,0,0,0,0,0,0,0,0,0,0,0,0,0,0,5,R,"CVPileMaki",170,94,0.399,0,63,0,0,0,0,0,0,0,0,0,0,0,0,0,0,0,0,0,0,0,"",0,0,0,"",0,0,0,"",0,0,0,"",0,0,0,"",0,0,0,"",0,0,0,"",0,0,0,"",0,0,0,0,0,0,0,0,"",0,0,0,0,0,0,0,0,0,0
90,4,1,5,2,0,2,1,1,0,0,1,255,255,48,5718.103,"ゆっち一",R,27,127,3.316,3.49,0.299,1.892,-36.637,1,0,29.218,-118.583,-0.746,1.133,-7.004,0,0,5,R,"CVPileMaki",170,94,0.399,0,61,0,0,0,0,0,0,0,0,0,0,0,0,0,0,0,0,-0.065,-37.194,0,"mochi_2929",0.601,-15.322,0,"alcohol500",-19.735,-42.372,0,"sano jpn",-13.172,-57.766,0,"にゃんこ3K",19.859,-47.063,0,"じゃが一",10.041,-65.186,0,"ぐだもん",40.064,-89.975,0,"AI",0,-100.6,0,"あくせる",-46.3,-90.637,0,0,0,0,0,0,"",0,0,0,256,0,0,0,0,0,0
91,4,1,5,2,1,2,2,0,0,0,255,255,255,49,5743.951,"ゆっち一",R,10,112,-5.688,2.537,0.108,1.298,-36.435,2,0,0,400,15.79,0.111,-20.209,1,0,5,R,"CVPileMaki",170,94,0.399,3,61,5745.097,141,19,140,95,43,150,150,99,-30.121,10.782,-0.01,0.005,-0.062,0.059,0,-0.005,-37.059,0,"mochi_2929",-0.015,-16.533,0,"alcohol500",-20.357,-44.87,0,"sano jpn",-15.268,-57.577,0,"にゃんこ3K",21.143,-48.112,0,"じゃが一",8.113,-65.422,0,"ぐだもん",37.266,-88.931,0,"AI",0,-100.604,0,"あくせる",-43.792,-92.489,0,5744.492,0.005,-20.398,5746.603,3,"sano jpn",-7.111,-57.993,0,0,0,0,0,0,0,2
92,4,0,5,2,0,0,0,0,0,0,255,255,255,39,5814.404,"なおｐ--",R,0,135,6.181,-1.71,0.179,1.535,-36.561,2,0,0,0,0,0,0,1,4,8,R,"あくせる",174.8,86.41,0.669,3,124,5815.447,255,16,110,63,26,149,150,96,34.889,27.901,-0.25,0.058,-0.064,0.215,0,0.096,-37.269,0,"Kr_Luna",0.082,-17.284,0,"_Chun",-22.211,-48.115,0,"오띵__",-13.526,-64.971,0,"HANA_ARASHI",21.512,-54.557,0,"CVPileMaki",8.378,-66.597,0,"わかなで",42.062,-98.405,0,"Multeinn",-5.466,-108.006,0,"NABIMan",-43.217,-87.638,0,5819.346,-44.261,-82.848,5819.596,8,"NABIMan",-42.611,-80.776,0,0,0,0,0,0,0,1
93,4,0,5,2,0,0,1,0,0,0,255,255,255,40,5851.83,"なおｐ--",R,0,140,0.318,0.26,0.03,1.624,-36.591,0,0,0,0,0,0,0,1,5,5,R,"じゃが一",174.9,84.955,0.505,0,124,0,0,0,0,0,0,0,0,0,0,0,0,0,0,0,0,-0.257,-37.763,0,"Kr_Luna",0.052,-17.246,0,"_Chun",-22.074,-50.989,0,"오띵__",-11.371,-65.898,0,"HANA_ARASHI",20.879,-49.981,0,"CVPileMaki",11.822,-64.987,0,"わかなで",43.838,-98.099,0,"Multeinn",-0.398,-106.878,0,"NABIMan",-43.064,-90.711,0,0,0,0,0,0,"",0,0,0,0,0,0,0,0,0,0
94,4,0,5,2,0,1,1,0,0,0,255,255,255,41,5874.198,"なおｐ--",R,0,119,0.79,0.442,0.074,1.653,-36.566,2,0,0,0,0,0,0,1,5,5,R,"じゃが一",174.9,84.955,0.505,2,124,5875.39,125,7,103,53,24,185,141,64,-15.01,32.99,1,0,-0.071,0,0.143,-0.035,-37.097,0,"Kr_Luna",0.048,-17.316,0,"_Chun",-22.059,-50.94,0,"오띵__",-11.424,-65.884,0,"HANA_ARASHI",20.942,-50.274,0,"CVPileMaki",11.718,-64.985,0,"わかなで",43.637,-97.872,0,"Multeinn",-2.721,-107.453,0,"NABIMan",-42.764,-91.018,0,5874.825,-1.831,-21.946,5877.513,2,"_Chun",-17.828,-44.124,0,0,0,0,0,0,0,2
95,4,0,5,2,0,0,2,0,0,0,255,255,255,42,5909.222,"なおｐ--",R,6,81,3.807,-0.336,0.216,1.515,-36.687,1,0,368.182,0,0,0,0,0,6,2,L,"alcohol500",168.1,80,0.379,0,124,0,0,0,0,0,0,0,0,0,0,0,0,0,0,0,0,-0.183,-37.327,0,"Kr_Luna",0.337,-17.159,0,"_Chun",-22.117,-49.036,0,"오띵__",-11.836,-65.695,0,"HANA_ARASHI",22.924,-52.82,0,"CVPileMaki",14.318,-64.325,0,"わかなで",42.298,-95.262,0,"Multeinn",2.918,-106.269,0,"NABIMan",-38.428,-89.474,0,0,0,0,0,0,"",0,0,0,0,0,0,0,0,0,0
96,4,0,5,2,1,0,2,0,0,0,255,255,255,43,5928.144,"なおｐ--",R,9,80,1.966,-0.033,0.03,1.369,-36.668,4,0,283.952,-312.348,0,0,0,1,6,2,L,"alcohol500",168.1,80,0.379,0,124,0,0,0,0,0,0,0,0,0,0,0,0,0,0,0,0,0.026,-37.367,0,"Kr_Luna",0.083,-17.263,0,"_Chun",-22.113,-49.081,0,"오띵__",-11.849,-65.67,0,"HANA_ARASHI",23.209,-53.335,0,"CVPileMaki",14.037,-64.407,0,"わかなで",44.909,-92.807,0,"Multeinn",1.655,-109.65,0,"NABIMan",-39.996,-89.826,0,0,0,0,0,0,"",0,0,0,0,0,0,0,0,0,0
97,4,0,5,2,1,1,2,0,0,0,255,255,255,44,5947.832,"なおｐ--",R,0,138,-1.282,0.688,-0.119,1.685,-36.574,2,0,0,0,0,0,0,1,6,2,L,"alcohol500",168.1,80,0.379,3,124,5948.924,140,6,63,18,6,80,101,104,-30,-10.404,0.57,0.019,-0.039,0.111,0,-0.07,-37.502,0,"Kr_Luna",-0.206,-17.279,0,"_Chun",-22.153,-49.084,0,"오띵__",-11.818,-65.684,0,"HANA_ARASHI",23.249,-53.536,0,"CVPileMaki",13.965,-64.451,0,"わかなで",45.025,-94.099,0,"Multeinn",0.883,-108.22,0,"NABIMan",-39.48,-90.383,0,5948.228,0.006,-19.377,5948.492,1,"Kr_Luna",-0.237,-20.453,0,0,0,0,0,0,0,2
98,4,0,5,2,1,2,2,0,0,0,255,255,255,45,5977.515,"なおｐ--",R,0,140,-1.662,-0.065,-0.155,1.571,-36.547,2,0,0,0,0,0,0,1,6,2,L,"alcohol500",168.1,80,0.379,3,124,5978.632,234,9,95,42,15,103,141,63,1.664,26.111,1,0.04,-0.077,0.153,0,-0.429,-37.29,0,"Kr_Luna",-0.172,-16.794,0,"_Chun",-22.133,-50.594,0,"오띵__",-11.006,-65.983,0,"HANA_ARASHI",22.815,-51.021,0,"CVPileMaki",13.546,-64.724,0,"わかなで",46.78,-95.452,0,"Multeinn",1.813,-109.782,0,"NABIMan",-40.329,-90.478,0,0,0,0,5978.145,1,"Kr_Luna",-0.33,-18.043,0,0,0,0,0,0,0,3
99,4,0,5,2,1,2,2,0,0,0,255,255,255,46,6002.188,"なおｐ--",R,9,92,1.718,-0.088,-0.005,1.382,-36.625,2,0,326.545,-312.348,0,0,0,1,6,2,L,"alcohol500",168.1,80,0.379,3,124,6003.446,255,24,97,89,52,95,150,62,3.769,-36.205,1,0.102,-0.1,0.029,0,-0.092,-37.32,0,"Kr_Luna",0.565,-16.613,0,"_Chun",-22.583,-50.602,0,"오띵__",-11.146,-66.118,0,"HANA_ARASHI",23.182,-52.603,0,"CVPileMaki",13.479,-64.791,0,"わかなで",50.455,-88.462,0,"Multeinn",1.153,-106.182,0,"NABIMan",-37.99,-89.869,0,6003.631,8.696,-32.119,6005.228,4,"HANA_ARASHI",17.01,-45.993,0,0,0,0,0,0,0,2
100,5,1,5,2,0,0,0,0,0,0,255,255,255,50,6331.067,"ゆっち一",R,10,113,-0.323,-0.976,0.054,1.519,-36.447,4,0,0,400,18.075,-0.088,-16.451,1,1,2,L,"_Chun",190,80,0.455,0,124,0,0,0,0,0,0,0,0,0,0,0,0,0,0,0,0,-0.081,-37.266,0,"mochi_2929",-0.088,-16.557,0,"CAT tourniquet",-17.912,-44.734,0,"sano jpn",-11.108,-64.085,0,"にゃんこ3K",24.232,-49.77,0,"じゃが一",15.033,-63.084,0,"ぐだもん",43.361,-93.808,0,"alcohol500",1.979,-107.957,0,"あくせる",-37.385,-95.572,0,0,0,0,0,0,"",0,0,0,0,0,0,0,0,0,0
101,5,1,5,2,0,1,0,0,0,0,255,255,255,51,6347.521,"ゆっち一",R,26,135,-1.634,-0.082,-0.012,1.32,-36.412,2,0,-151.286,-200,43.486,0,0,1,1,2,L,"_Chun",190,80,0.455,3,124,6348.423,204,11,82,42,29,105,140,96,36.824,-16.534,-0.39,-0.052,-0.029,0.084,0,-0.054,-37.038,0,"mochi_2929",-0.08,-16.595,0,"CAT tourniquet",-18.245,-45.164,0,"sano jpn",-11.545,-64.024,0,"にゃんこ3K",23.928,-50.004,0,"じゃが一",15.196,-62.932,0,"ぐだもん",43.365,-93.83,0,"alcohol500",1.789,-108.326,0,"あくせる",-37.419,-95.717,0,6352.812,27.193,-90.975,6354.992,7,"alcohol500",33.175,-105.38,1,0,0,0,0,0,0,2
102,5,1,5,2,0,0,0,1,0,0,2,255,255,52,6389.025,"ゆっち一",R,26,140,0.045,-0.252,0.228,1.29,-36.471,2,0,-87.636,-200,22.076,0,0,1,2,0,R,"なおｐ--",190,91.37,0.445,3,124,6390.054,221,19,138,74,21,154,150,107,23.981,38.339,-0.03,-0.002,-0.041,0.18,0,0.045,-37.061,0,"mochi_2929",-0.015,-16.523,0,"CAT tourniquet",-19.257,-45.141,0,"sano jpn",-13.856,-60.121,0,"にゃんこ3K",20.043,-46.634,0,"じゃが一",12.453,-64.754,0,"ぐだもん",19.121,-101.236,0,"alcohol500",-7.222,-112.195,0,"あくせる",-47.679,-94.323,0,6394.575,-69.513,-81.338,0,0,"",0,0,0,0,0,0,0,0,0,3
103,5,1,5,2,0,1,0,1,0,0,2,255,255,53,6415.552,"ゆっち一",R,26,140,0.894,2.435,0.272,1.816,-36.487,1,0,35.015,-171.238,3.776,0,0,0,2,0,R,"なおｐ--",190,91.37,0.445,0,77,0,0,0,0,0,0,0,0,0,0,0,0,0,0,0,0,0.017,-37.217,0,"mochi_2929",0.069,-16.66,0,"CAT tourniquet",-19.54,-42.684,0,"sano jpn",-13.019,-61.707,0,"にゃんこ3K",19.46,-47.386,0,"じゃが一",11.253,-64.77,0,"ぐだもん",16.012,-104.723,0,"alcohol500",-12.707,-112.467,0,"あくせる",-47.687,-92.769,0,0,0,0,0,0,"",0,0,0,0,0,0,0,0,0,0
104,5,1,5,2,1,1,0,1,0,0,2,255,255,54,6437.936,"ゆっち一",R,13,109,-1.474,-0.711,0.212,1.56,-36.524,4,0,-386.885,312.348,-55.705,0,0,1,2,0,R,"なおｐ--",190,91.37,0.445,0,77,0,0,0,0,0,0,0,0,0,0,0,0,0,0,0,0,0.115,-37.508,0,"mochi_2929",-1.351,-17.746,0,"CAT tourniquet",-19.128,-40.87,0,"sano jpn",-14.906,-61.395,0,"にゃんこ3K",20.169,-47.623,0,"じゃが一",10.323,-65.641,0,"ぐだもん",15.92,-104.773,0,"alcohol500",-17.392,-111.369,0,"あくせる",-47.603,-92.693,0,0,0,0,0,0,"",0,0,0,0,0,0,0,0,0,0
105,5,1,5,2,1,2,0,1,0,0,2,255,255,55,6461.268,"ゆっち一",R,10,111,1.13,-2.529,0.18,1.37,-36.5,2,0,0,400,11.882,0.208,-20.912,1,2,0,R,"なおｐ--",190,91.37,0.445,3,77,6462.386,0,0,0,0,0,0,0,36,-53.778,-7.721,0.2,0,0,0,0,0.154,-37.219,0,"mochi_2929",0.011,-16.665,0,"CAT tourniquet",-19.782,-40.904,0,"sano jpn",-14.728,-60.949,0,"にゃんこ3K",20.173,-47.932,0,"じゃが一",10.283,-65.532,0,"ぐだもん",15.935,-104.767,0,"alcohol500",-16.128,-111.677,0,"あくせる",-48.172,-93.068,0,6461.693,0.273,-21.186,6464.026,0,"ゆっち一",2.238,-31.297,1,0,0,0,0,0,0,2
106,5,1,5,2,0,0,0,1,1,0,0,2,255,56,6499.058,"ゆっち一",R,26,130,-0.652,0.363,0.145,1.406,-36.39,2,0,-16.354,-200,2.028,0,0,1,3,1,L,"Kr_Luna",189.9,95.158,0.505,2,124,6499.846,160,21,123,64,29,185,150,103,100.425,76.348,-0.21,-0.016,-0.007,0.2,0,0.1,-37.073,0,"mochi_2929",-0.073,-16.537,0,"CAT tourniquet",-17.457,-45.735,0,"sano jpn",-4.826,-60.003,0,"にゃんこ3K",20.251,-44.427,0,"じゃが一",14.764,-62.726,0,"ぐだもん",38.451,-91.278,0,"alcohol500",2.251,-117.803,0,"あくせる",-39.682,-99.498,0,0,0,0,0,0,"",0,0,0,0,0,0,0,0,0,3
107,5,1,5,2,0,1,0,1,1,0,0,2,255,57,6522.246,"ゆっち一",R,0,117,-0.391,0.602,0.045,1.556,-36.378,2,0,0,0,0.904,0,0,1,3,1,L,"Kr_Luna",189.9,95.158,0.505,2,124,6523.072,168,19,79,71,40,113,141,130,90.934,87.77,0.57,-0.044,0.006,0.215,0,-0.112,-36.815,0,"mochi_2929",0.609,-16.712,0,"CAT tourniquet",-20.618,-44.58,0,"sano jpn",-9.308,-60.011,0,"にゃんこ3K",20.167,-43.697,0,"じゃが一",15.545,-62.43,0,"ぐだもん",43.457,-94.687,0,"alcohol500",4.262,-115.279,0,"あくせる",-39.551,-100.321,0,0,0,0,0,0,"",0,0,0,0,0,0,0,0,0,3
108,5,1,5,2,0,2,0,1,1,0,0,2,255,58,6540.012,"ゆっち一",R,6,104,2.9,-0.339,0.157,1.397,-36.4,4,0,385.673,157.202,43.341,1.087,-16.852,1,3,1,L,"Kr_Luna",189.9,95.158,0.505,0,87,0,0,0,0,0,0,0,0,0,0,0,0,0,0,0,0,0.069,-37.063,0,"mochi_2929",0.848,-16.778,0,"CAT tourniquet",-18.373,-44.617,0,"sano jpn",-5.028,-59.373,0,"にゃんこ3K",19.967,-42.888,0,"じゃが一",15.688,-62.497,0,"ぐだもん",45.647,-98.958,0,"alcohol500",3.572,-117.839,0,"あくせる",-38.472,-100.082,0,0,0,0,0,0,"",0,0,0,0,0,0,0,0,0,0
109,5,1,5,2,0,0,1,1,1,0,0,2,255,59,6567.295,"ゆっち一",R,26,134,-0.332,-0.813,0.056,1.179,-36.428,0,0,48.622,-200,55.439,0,0,0,4,4,R,"HANA_ARASHI",190,85,0.27,0,123,0,0,0,0,0,0,0,0,0,0,0,0,0,0,0,0,0.045,-37.223,0,"mochi_2929",-0.702,-18.19,0,"CAT tourniquet",-18.84,-43.923,0,"sano jpn",-13.118,-58.979,0,"にゃんこ3K",19.354,-43.729,0,"じゃが一",8.935,-62.412,0,"ぐだもん",39.229,-99.043,0,"alcohol500",-1.116,-112.079,0,"あくせる",-46.582,-96.104,0,0,0,0,0,0,"",0,0,0,0,0,0,0,0,0,0
110,5,1,5,2,0,1,1,1,1,0,0,2,255,60,6588.236,"ゆっち一",R,26,140,2.115,-0.43,0.214,1.276,-36.447,2,0,-63.601,-200,39.424,0,0,1,4,4,R,"HANA_ARASHI",190,85,0.27,3,123,6589.175,163,21,83,33,11,77,138,100,-34.01,-43.872,-0.13,-0.066,-0.094,0.043,0,0.181,-37.112,0,"mochi_2929",0.22,-16.606,0,"CAT tourniquet",-19.49,-43.062,0,"sano jpn",-13.211,-59.761,0,"にゃんこ3K",19.311,-44.56,0,"じゃが一",6.206,-61.695,0,"ぐだもん",39.198,-99.12,0,"alcohol500",-0.513,-112.72,0,"あくせる",-46.583,-95.945,0,6588.499,1.45,-20.432,6590.006,4,"にゃんこ3K",20.091,-39.703,0,0,0,0,0,0,0,2
111,5,1,5,2,0,2,1,1,1,0,0,2,255,61,6612.331,"ゆっち一",R,13,100,-1.79,-0.432,0.156,1.74,-36.659,2,0,-342.042,329.3,-32.395,0,0,1,4,4,R,"HANA_ARASHI",190,85,0.27,3,56,6613.396,151,18,127,82,33,153,150,111,5.596,28.58,0.92,-0.048,-0.067,0.267,0,-0.023,-37.173,0,"mochi_2929",-0.519,-16.617,0,"CAT tourniquet",-19.244,-43.713,0,"sano jpn",-13.326,-62.048,0,"にゃんこ3K",19.914,-44.376,0,"じゃが一",9.015,-60.791,0,"ぐだもん",41.499,-95.304,0,"alcohol500",-1.152,-115.074,0,"あくせる",-48.807,-95.689,0,6613.812,-17.44,-49.126,6616.026,8,"あくせる",-41.245,-84.109,1,0,0,0,0,0,0,2
112,5,1,5,2,0,0,1,1,1,1,4,0,2,62,6644.353,"ゆっち一",R,26,133,0.597,-0.739,0.171,1.225,-36.368,2,0,-54.855,-200,14.587,0,0,1,5,3,R,"오띵__",165.3,86.143,0.405,3,123,6645.236,104,15,121,47,9,191,140,112,-30,44.637,0.84,0.032,-0.03,0.166,0,0.214,-36.852,0,"mochi_2929",0.1,-16.618,0,"CAT tourniquet",-17.917,-44.462,0,"sano jpn",-10.511,-50.24,0,"にゃんこ3K",18.602,-40.708,0,"じゃが一",9.459,-54.347,0,"ぐだもん",43.983,-95.088,0,"alcohol500",-2.147,-105.701,0,"あくせる",-42.903,-89.163,0,6644.547,-0.84,-19.853,6648.443,8,"あくせる",-54.129,-75.997,0,0,0,0,0,0,0,2
113,5,1,5,2,0,1,1,1,1,1,4,0,2,63,6668.659,"ゆっち一",R,26,139,1.451,0.894,0.139,1.468,-36.333,2,0,-12.764,-200,-4.914,0,0,1,5,3,R,"오띵__",165.3,86.143,0.405,3,78,6669.527,122,14,95,53,25,153,140,89,96.205,-59.112,-0.25,0.035,-0.022,0.039,0,0.081,-37.027,0,"mochi_2929",0.158,-16.753,0,"CAT tourniquet",-19.329,-43.831,0,"sano jpn",-11.488,-50.917,0,"にゃんこ3K",17.689,-43.158,0,"じゃが一",9.751,-54.616,0,"ぐだもん",44.301,-91.705,0,"alcohol500",-5.92,-107.858,0,"あくせる",-42.938,-88.402,0,6675.339,-14.773,-4.19,0,0,"",0,0,0,0,0,0,0,0,0,3
114,5,1,5,2,0,2,1,1,1,1,4,0,2,64,6694.036,"ゆっち一",R,26,126,1.042,2.398,0.099,1.69,-36.312,4,0,-7.105,-168.441,-3.389,0,0,1,5,3,R,"오띵__",165.3,86.143,0.405,0,78,0,0,0,0,0,0,0,0,0,0,0,0,0,0,0,0,-0.05,-37.262,0,"mochi_2929",-0.086,-16.792,0,"CAT tourniquet",-19.226,-43.11,0,"sano jpn",-11.092,-51.09,0,"にゃんこ3K",19.476,-42.203,0,"じゃが一",11.073,-55.693,0,"ぐだもん",34.104,-92.849,0,"alcohol500",-5.919,-103.552,0,"あくせる",-45.193,-87.288,0,0,0,0,0,0,"",0,0,0,0,0,0,0,0,0,0
115,5,1,5,2,0,0,2,1,1,1,4,0,2,65,6722.233,"ゆっち一",R,8,112,0.939,0.318,0.072,1.655,-36.535,2,0,101.165,0,8.579,0,0,1,6,8,L,"NABIMan",190,89.844,0.546,3,123,6723.126,226,19,83,98,70,144,149,66,97.49,80.289,1,0.078,-0.088,0.036,0,-0.05,-36.927,0,"mochi_2929",0.573,-16.7,0,"CAT tourniquet",-19.245,-45.03,0,"sano jpn",-14.04,-60.255,0,"にゃんこ3K",18.074,-42.725,0,"じゃが一",14.972,-62.065,0,"ぐだもん",45.754,-93.34,0,"alcohol500",2.033,-110.415,0,"あくせる",-42.701,-93.348,0,0,0,0,0,0,"",0,0,0,0,0,0,0,0,0,3
116,5,1,5,2,0,1,2,1,1,1,4,0,2,66,6747.566,"ゆっち一",R,26,138,-2.807,-0.369,-0.268,1.267,-36.313,1,0,26.306,-200,35.334,-0.649,-6.781,0,6,8,L,"NABIMan",190,89.844,0.546,0,34,0,0,0,0,0,0,0,0,0,0,0,0,0,0,0,0,-0.074,-37.124,0,"mochi_2929",-0.49,-16.615,0,"CAT tourniquet",-18.454,-44.076,0,"sano jpn",-12.819,-60.618,0,"にゃんこ3K",19.769,-42.052,0,"じゃが一",15.519,-62.216,0,"ぐだもん",45.736,-92.203,0,"alcohol500",4.452,-112.871,0,"あくせる",-41.505,-92.93,0,0,0,0,0,0,"",0,0,0,0,0,0,0,0,0,0
117,5,1,5,2,1,1,2,1,1,1,4,0,2,67,6766.843,"ゆっち一",R,12,96,2.397,0.433,0.156,1.986,-36.855,2,0,0,52.476,2.36,0,0,1,6,8,L,"NABIMan",190,89.844,0.546,3,34,6767.878,200,12,108,54,24,112,150,128,-15.009,-9.1,0.66,0.098,-0.113,0.18,0,-0.215,-37.062,0,"mochi_2929",0.022,-16.649,0,"CAT tourniquet",-19.197,-44.378,0,"sano jpn",-11.783,-58.085,0,"にゃんこ3K",18.197,-42.52,0,"じゃが一",15.906,-61.938,0,"ぐだもん",44.261,-92.926,0,"alcohol500",2,-115.002,0,"あくせる",-41.553,-92.952,0,6767.312,1.182,-24.76,6770.818,7,"alcohol500",13.374,-105.613,1,0,0,0,0,0,0,2
118,5,1,6,2,0,0,2,1,1,0,8,4,255,68,6797.052,"ゆっち一",R,26,130,-1.019,-0.391,-0.086,1.278,-36.342,0,0,-29.753,-200,17.994,0,0,0,7,6,L,"わかなで",160,80,0.402,0,123,0,0,0,0,0,0,0,0,0,0,0,0,0,0,0,0,-0.096,-37.355,0,"mochi_2929",-0.221,-16.703,0,"CAT tourniquet",-18.854,-42.202,0,"sano jpn",-11.442,-56.662,0,"にゃんこ3K",19.155,-40.735,0,"じゃが一",15.249,-62.399,0,"ぐだもん",40.554,-90.875,0,"alcohol500",3.009,-113.041,0,"あくせる",-38.668,-91.898,0,0,0,0,0,0,"",0,0,0,0,0,0,0,0,0,0
119,5,1,6,2,0,1,2,1,1,1,8,4,0,69,6825.057,"ゆっち一",R,26,138,-2.477,-0.274,-0.23,1.298,-36.317,1,0,-1.844,-200,34.706,0,0,0,7,6,L,"わかなで",160,80,0.402,0,123,0,0,0,0,0,0,0,0,0,0,0,0,0,0,0,0,-0.056,-37.237,0,"mochi_2929",0.156,-16.839,0,"CAT tourniquet",-19.134,-44.494,0,"sano jpn",-10.408,-59.702,0,"にゃんこ3K",19.079,-40.316,0,"じゃが一",16.632,-62.198,0,"ぐだもん",40.56,-90.865,0,"alcohol500",2.152,-114.989,0,"あくせる",-40.486,-91.635,0,0,0,0,0,0,"",0,0,0,0,0,0,0,0,0,0
120,5,1,6,2,1,1,2,1,1,1,8,4,0,70,6844.631,"ゆっち一",R,26,140,0.732,0.754,0.089,1.44,-36.321,2,0,-74.058,-200,13.1,0,0,1,7,6,L,"わかなで",160,80,0.402,3,123,6845.722,205,13,78,37,6,73,139,91,-30.53,8.64,-0.03,-0.051,-0.041,0.144,0,0.055,-37.141,0,"mochi_2929",0.054,-16.784,0,"CAT tourniquet",-18.808,-44.656,0,"sano jpn",-11.281,-58.749,0,"にゃんこ3K",16.934,-40.596,0,"じゃが一",16.1,-61.857,0,"ぐだもん",40.462,-90.922,0,"alcohol500",3.232,-114.428,0,"あくせる",-40.571,-91.88,0,6845.096,-0.1,-20.039,6846.284,0,"ゆっち一",-2.521,-36.328,0,0,0,0,0,0,0,2
121,5,0,6,2,0,0,0,0,0,0,255,255,255,47,6916.87,"なおｐ--",R,0,139,-1.231,-0.258,-0.114,1.533,-36.629,0,0,0,0,0,0,0,0,7,2,L,"CAT tourniquet",190,80,0.601,0,55,0,0,0,0,0,0,0,0,0,0,0,0,0,0,0,0,-0.162,-37.361,0,"Kr_Luna",0.077,-17.042,0,"_Chun",-22.257,-49.694,0,"오띵__",-11.612,-65.8,0,"HANA_ARASHI",23.188,-53.164,0,"CVPileMaki",13.476,-64.748,0,"わかなで",43.593,-95.413,0,"Multeinn",2.393,-109.508,0,"NABIMan",-35.356,-84.139,0,0,0,0,0,0,"",0,0,0,0,0,0,0,0,0,0
122,5,0,6,2,0,1,0,0,0,0,255,255,255,48,6936.194,"なおｐ--",R,10,103,1.54,-1.608,0.214,1.382,-36.606,4,0,0,400,0,0.294,-18.263,1,7,2,L,"CAT tourniquet",190,80,0.601,0,55,0,0,0,0,0,0,0,0,0,0,0,0,0,0,0,0,-0.066,-37.606,0,"Kr_Luna",0.015,-17.076,0,"_Chun",-22.028,-48.772,0,"오띵__",-11.608,-65.76,0,"HANA_ARASHI",21.426,-49.91,0,"CVPileMaki",13.581,-64.719,0,"わかなで",43.661,-92.307,0,"Multeinn",2.518,-106.569,0,"NABIMan",-35.012,-83.939,0,0,0,0,0,0,"",0,0,0,0,0,0,0,0,0,0
123,5,0,6,2,0,2,0,0,0,0,255,255,255,49,6955.531,"なおｐ--",R,9,102,1.528,-0.741,-0.016,1.331,-36.656,4,0,358.941,-316.479,0,0,0,1,7,2,L,"CAT tourniquet",190,80,0.601,0,55,0,0,0,0,0,0,0,0,0,0,0,0,0,0,0,0,-0.088,-37.483,0,"Kr_Luna",0.259,-17.127,0,"_Chun",-21.667,-48.531,0,"오띵__",-11.538,-65.714,0,"HANA_ARASHI",23.541,-51.034,0,"CVPileMaki",13.637,-64.108,0,"わかなで",43.746,-92.262,0,"Multeinn",2.596,-108.585,0,"NABIMan",-33.781,-85.329,0,0,0,0,0,0,"",0,0,0,0,0,0,0,0,0,0
124,5,0,6,2,0,0,1,0,0,0,255,255,255,50,6983.839,"なおｐ--",R,0,140,0.702,-0.291,0.065,1.534,-36.574,0,0,0,0,0,0,0,0,8,6,L,"ぐだもん",174.5,89.695,0.228,0,122,0,0,0,0,0,0,0,0,0,0,0,0,0,0,0,0,-0.131,-37.857,0,"Kr_Luna",0.079,-17.178,0,"_Chun",-22.174,-51.201,0,"오띵__",-10.84,-66.221,0,"HANA_ARASHI",23.171,-52.257,0,"CVPileMaki",13.995,-64.436,0,"わかなで",49.206,-87.224,0,"Multeinn",5.048,-106.904,0,"NABIMan",-36.257,-87.308,0,0,0,0,0,0,"",0,0,0,0,0,0,0,0,0,0
125,5,0,6,2,0,1,1,0,0,0,255,255,255,51,7006.336,"なおｐ--",R,9,79,3.338,0.868,0.219,1.59,-36.61,4,0,283.639,-306.63,0,0,0,1,8,6,L,"ぐだもん",174.5,89.695,0.228,0,122,0,0,0,0,0,0,0,0,0,0,0,0,0,0,0,0,0.04,-37.966,0,"Kr_Luna",0.671,-16.491,0,"_Chun",-22.242,-51.101,0,"오띵__",-10.78,-66.205,0,"HANA_ARASHI",22.012,-52.822,0,"CVPileMaki",14.098,-64.504,0,"わかなで",49.112,-87.165,0,"Multeinn",3.939,-105.185,0,"NABIMan",-36.972,-85.533,0,0,0,0,0,0,"",0,0,0,0,0,0,0,0,0,0
126,5,0,6,2,0,2,1,0,0,0,255,255,255,52,7026.685,"なおｐ--",R,0,140,-0.974,-0.104,-0.091,1.565,-36.583,0,0,0,0,0,0,0,0,8,6,L,"ぐだもん",174.5,89.695,0.228,0,122,0,0,0,0,0,0,0,0,0,0,0,0,0,0,0,0,-0.088,-37.772,0,"Kr_Luna",0.032,-16.443,0,"_Chun",-22.209,-51.009,0,"오띵__",-10.788,-66.197,0,"HANA_ARASHI",22.966,-52.781,0,"CVPileMaki",13.985,-64.52,0,"わかなで",49.16,-87.215,0,"Multeinn",3.996,-105.23,0,"NABIMan",-33.934,-84.429,0,0,0,0,0,0,"",0,0,0,0,0,0,0,0,0,0
127,5,0,6,2,0,0,2,0,0,0,255,255,255,53,7063.157,"なおｐ--",R,14,97,0.308,-2.349,-0.073,1.198,-36.722,4,0,163.183,400,0,0.068,-20.012,1,0,1,R,"mochi_2929",190,97.434,0.447,0,122,0,0,0,0,0,0,0,0,0,0,0,0,0,0,0,0,-0.151,-37.346,0,"Kr_Luna",0.066,-16.39,0,"_Chun",-22.943,-49.46,0,"오띵__",-12.307,-65.415,0,"HANA_ARASHI",20.675,-52.003,0,"CVPileMaki",7.993,-66.441,0,"わかなで",39.387,-96.977,0,"Multeinn",-0.07,-106.21,0,"NABIMan",-39.745,-85.915,0,0,0,0,0,0,"",0,0,0,0,0,0,0,0,0,0
128,5,0,6,2,0,1,2,0,0,0,255,255,255,54,7083.348,"なおｐ--",R,0,140,-0.027,0.757,-0.003,1.729,-36.577,2,0,0,0,0,0,0,1,0,1,R,"mochi_2929",190,97.434,0.447,3,122,7084.403,158,15,100,60,0,62,145,96,90.382,89.41,-0.49,0.096,-0.018,0.113,0,-0.091,-37.218,0,"Kr_Luna",-0.036,-16.511,0,"_Chun",-22.917,-50.14,0,"오띵__",-12.252,-65.483,0,"HANA_ARASHI",21.295,-54.101,0,"CVPileMaki",8.018,-66.52,0,"わかなで",39.261,-97.034,0,"Multeinn",-0.029,-104.551,0,"NABIMan",-39.68,-85.936,0,0,0,0,0,0,"",0,0,0,0,0,0,0,0,0,3
129,5,0,6,2,1,2,2,0,0,0,255,255,255,55,7156.936,"なおｐ--",R,0,137,1.169,-0.583,0.109,1.47,-36.494,2,0,0,0,0,0,0,1,0,1,R,"mochi_2929",190,97.434,0.447,3,122,7157.994,168,23,150,77,14,191,150,102,-28.626,27.526,-0.24,-0.005,-0.107,0.137,0,-0.004,-36.922,0,"Kr_Luna",0.134,-17.097,0,"_Chun",-23.385,-50.324,0,"오띵__",-11.822,-65.663,0,"HANA_ARASHI",21.556,-55.238,0,"CVPileMaki",7.655,-66.716,0,"わかなで",39.845,-93.651,0,"Multeinn",1.423,-108.415,0,"NABIMan",-42.149,-88.338,0,7157.36,-0.354,-19.798,7160.895,8,"NABIMan",-29.457,-74.266,1,0,0,0,0,0,0,2
130,5,0,6,2,0,0,2,1,0,0,10,255,255,56,7195.935,"なおｐ--",R,0,140,0.454,-0.059,0.042,1.572,-36.547,2,0,0,0,0,0,0,1,1,3,R,"sano jpn",165.8,88.117,0.338,3,122,7196.952,148,12,120,86,40,127,150,125,-30,-2.576,0.6,-0.067,0.007,0.108,0.238,-0.074,-37.376,0,"Kr_Luna",0.134,-17.104,0,"_Chun",-20.079,-43.293,0,"오띵__",-14.611,-64.359,0,"HANA_ARASHI",20.381,-54.376,0,"CVPileMaki",6.537,-66.7,0,"わかなで",38.395,-93.739,0,"Multeinn",-2.101,-107.073,0,"NABIMan",-42.924,-82.228,0,7196.291,0.045,-21.968,7198.179,5,"CVPileMaki",1.682,-61.747,0,2,0,0,0,0,0,2
131,6,1,6,2,0,0,0,0,0,0,255,255,255,71,7247.389,"ゆっち一",R,10,110,0.675,-2.638,0.094,1.276,-36.504,1,0,0,400,43.631,0.126,-19.957,0,8,7,R,"Multeinn",160,95.295,0.496,0,122,0,0,0,0,0,0,0,0,0,0,0,0,0,0,0,0,0.097,-37.269,0,"mochi_2929",-0.103,-16.709,0,"CAT tourniquet",-18.898,-44.288,0,"sano jpn",-13.927,-60.348,0,"にゃんこ3K",20.187,-48.821,0,"じゃが一",10.032,-61.77,0,"ぐだもん",36.863,-86.906,0,"alcohol500",0.067,-107.321,0,"あくせる",-42.438,-90.054,0,0,0,0,0,0,"",0,0,0,0,0,0,0,0,0,0
132,6,1,6,2,1,0,0,0,0,0,255,255,255,72,7263.226,"ゆっち一",R,26,138,1.527,1.015,0.155,1.474,-36.309,1,0,-46.315,-200,2.601,0,0,0,8,7,R,"Multeinn",160,95.295,0.496,0,122,0,0,0,0,0,0,0,0,0,0,0,0,0,0,0,0,0.02,-37.177,0,"mochi_2929",0.052,-16.781,0,"CAT tourniquet",-19.058,-44.516,0,"sano jpn",-13.98,-60.29,0,"にゃんこ3K",20.147,-48.774,0,"じゃが一",9.886,-61.769,0,"ぐだもん",36.826,-86.948,0,"alcohol500",-0.343,-107.48,0,"あくせる",-42.415,-89.984,0,0,0,0,0,0,"",0,0,0,0,0,0,0,0,0,0
133,6,1,6,2,2,0,0,0,0,0,255,255,255,73,7280.106,"ゆっち一",R,13,95,-0.963,-1.706,0.156,1.39,-36.609,1,0,-337.193,312.348,-65.384,-0.754,-16.528,0,8,7,R,"Multeinn",160,95.295,0.496,0,122,0,0,0,0,0,0,0,0,0,0,0,0,0,0,0,0,0.248,-37.833,0,"mochi_2929",-0.213,-16.734,0,"CAT tourniquet",-19.791,-45.142,0,"sano jpn",-13.964,-60.346,0,"にゃんこ3K",20.182,-48.83,0,"じゃが一",10.012,-62.784,0,"ぐだもん",36.772,-86.807,0,"alcohol500",-0.46,-108.009,0,"あくせる",-42.432,-89.959,0,0,0,0,0,0,"",0,0,0,0,0,0,0,0,0,0
134,6,1,6,2,3,0,0,0,0,0,255,255,255,74,7296.457,"ゆっち一",R,26,133,1.261,0.746,0.121,1.439,-36.339,0,0,-11.351,-184.359,7.946,0.319,-17.162,0,8,7,R,"Multeinn",160,95.295,0.496,0,122,0,0,0,0,0,0,0,0,0,0,0,0,0,0,0,0,0.044,-37.22,0,"mochi_2929",0.063,-16.868,0,"CAT tourniquet",-19.693,-45.169,0,"sano jpn",-14.115,-60.287,0,"にゃんこ3K",20.123,-48.783,0,"じゃが一",9.649,-63.309,0,"ぐだもん",36.768,-86.795,0,"alcohol500",0.009,-106.872,0,"あくせる",-42.424,-89.855,0,0,0,0,0,0,"",0,0,0,0,0,0,0,0,0,0
135,6,1,6,2,3,1,0,0,0,0,255,255,255,75,7313.998,"ゆっち一",R,26,137,0.783,-0.787,0.182,1.227,-36.337,0,0,-34.305,-200,21.818,0,0,0,8,7,R,"Multeinn",160,95.295,0.496,0,122,0,0,0,0,0,0,0,0,0,0,0,0,0,0,0,0,0.071,-37.126,0,"mochi_2929",-0.006,-16.663,0,"CAT tourniquet",-19.038,-42.081,0,"sano jpn",-14.099,-60.255,0,"にゃんこ3K",20.092,-48.754,0,"じゃが一",9.668,-63.293,0,"ぐだもん",36.919,-86.881,0,"alcohol500",1.181,-107.006,0,"あくせる",-42.472,-90.032,0,0,0,0,0,0,"",0,0,0,0,0,0,0,0,0,0
136,6,1,6,2,3,2,0,0,0,0,255,255,255,76,7331.377,"ゆっち一",R,10,105,0.271,-1.431,0.249,1.536,-36.306,4,0,-22.301,400,5.509,0.012,-17.933,1,8,7,R,"Multeinn",160,95.295,0.496,0,122,0,0,0,0,0,0,0,0,0,0,0,0,0,0,0,0,0.108,-37.088,0,"mochi_2929",-0.264,-16.87,0,"CAT tourniquet",-19.286,-42.077,0,"sano jpn",-14.241,-59.864,0,"にゃんこ3K",20.185,-48.822,0,"じゃが一",8.963,-63.984,0,"ぐだもん",36.918,-86.843,0,"alcohol500",0.664,-108.508,0,"あくせる",-42.419,-90,0,0,0,0,0,0,"",0,0,0,0,0,0,0,0,0,0
137,6,1,6,2,0,0,1,0,0,0,255,255,255,77,7360.893,"ゆっち一",R,26,132,-0.559,-0.549,-0.017,1.249,-36.311,0,0,-136.837,-200,57.308,0,0,0,0,5,R,"CVPileMaki",170,94,0.399,0,122,0,0,0,0,0,0,0,0,0,0,0,0,0,0,0,0,0.152,-37.229,0,"mochi_2929",0.072,-16.709,0,"CAT tourniquet",-19.139,-44.815,0,"sano jpn",-14.581,-59.34,0,"にゃんこ3K",20.115,-48.746,0,"じゃが一",10.915,-63.826,0,"ぐだもん",36.819,-86.893,0,"alcohol500",1.646,-111.644,0,"あくせる",-43.559,-89.308,0,0,0,0,0,0,"",0,0,0,0,0,0,0,0,0,0
138,6,1,6,2,0,1,1,0,0,0,255,255,255,78,7377.171,"ゆっち一",R,26,137,1.068,-0.377,0.226,1.278,-36.271,0,0,-94.621,-200,13.757,0,0,0,0,5,R,"CVPileMaki",170,94,0.399,0,122,0,0,0,0,0,0,0,0,0,0,0,0,0,0,0,0,0.078,-37.098,0,"mochi_2929",0.124,-16.677,0,"CAT tourniquet",-19.076,-44.772,0,"sano jpn",-14.54,-59.446,0,"にゃんこ3K",20.146,-48.794,0,"じゃが一",10.717,-63.939,0,"ぐだもん",36.853,-86.847,0,"alcohol500",0.565,-111.188,0,"あくせる",-43.62,-89.313,0,0,0,0,0,0,"",0,0,0,0,0,0,0,0,0,0
139,6,1,6,2,0,2,1,0,0,0,255,255,255,79,7392.261,"ゆっち一",R,3,110,-0.21,-0.236,0.235,1.391,-36.706,0,0,-499.798,14.225,-57.691,-0.815,-16.85,0,0,5,R,"CVPileMaki",170,94,0.399,0,122,0,0,0,0,0,0,0,0,0,0,0,0,0,0,0,0,-0.026,-37.344,0,"mochi_2929",-0.418,-16.837,0,"CAT tourniquet",-19.345,-43.303,0,"sano jpn",-15.848,-59.877,0,"にゃんこ3K",20.17,-48.801,0,"じゃが一",9.605,-64.137,0,"ぐだもん",36.868,-86.95,0,"alcohol500",0.38,-111.126,0,"あくせる",-43.763,-89.384,0,0,0,0,0,0,"",0,0,0,0,0,0,0,0,0,0
140,6,1,6,2,0,0,2,0,0,0,255,255,255,80,7418.26,"ゆっち一",R,10,116,-0.886,-1.781,0.075,1.283,-36.316,4,0,0,400,16.013,-0.194,-18.392,1,1,2,L,"_Chun",190,80,0.455,0,121,0,0,0,0,0,0,0,0,0,0,0,0,0,0,0,0,0.158,-37.336,0,"mochi_2929",0.036,-16.644,0,"CAT tourniquet",-19.005,-45.717,0,"sano jpn",-10.716,-64.133,0,"にゃんこ3K",23.779,-50.04,0,"じゃが一",14.099,-63.885,0,"ぐだもん",44.409,-93.709,0,"alcohol500",5.357,-118.228,0,"あくせる",-37.689,-97.524,0,0,0,0,0,0,"",0,0,0,0,0,0,0,0,0,0
141,6,1,6,2,0,1,2,0,0,0,255,255,255,81,7434.991,"ゆっち一",R,26,140,-0.534,-0.238,0.178,1.292,-36.446,2,0,-99.53,-200,19.533,0,0,1,1,2,L,"_Chun",190,80,0.455,3,121,7435.888,231,12,96,48,23,106,143,130,94.313,82.252,0.33,0.053,-0.069,0.195,0,0.067,-37.032,0,"mochi_2929",-0.149,-16.671,0,"CAT tourniquet",-18.974,-46.115,0,"sano jpn",-11.601,-64.146,0,"にゃんこ3K",23.717,-49.827,0,"じゃが一",14.035,-63.842,0,"ぐだもん",44.489,-93.824,0,"alcohol500",5.781,-120.256,0,"あくせる",-37.666,-97.187,0,0,0,0,0,0,"",0,0,0,0,0,0,0,0,0,3
142,6,1,6,2,0,2,2,0,0,0,255,255,255,82,7454.936,"ゆっち一",R,10,112,-0.667,-1.788,0.105,1.288,-36.306,2,0,0,400,19.183,0,0,1,1,2,L,"_Chun",190,80,0.455,3,121,7455.91,255,11,108,72,45,124,150,130,96.615,83.183,0.53,0.017,-0.071,0.126,0,0.094,-36.838,0,"mochi_2929",0.039,-16.527,0,"CAT tourniquet",-18.824,-46.123,0,"sano jpn",-12.955,-64.235,0,"にゃんこ3K",24.987,-49.043,0,"じゃが一",14.371,-63.71,0,"ぐだもん",45.818,-93.426,0,"alcohol500",4.617,-119.555,0,"あくせる",-38.788,-99.083,0,0,0,0,0,0,"",0,0,0,0,0,0,0,0,0,3
143,6,1,6,2,0,2,2,0,0,0,255,255,255,83,7473.828,"ゆっち一",R,6,90,1.768,0.145,0.101,1.441,-36.404,4,0,374.84,0,87.468,0.993,-16.878,1,1,2,L,"_Chun",190,80,0.455,0,121,0,0,0,0,0,0,0,0,0,0,0,0,0,0,0,0,0.081,-37.201,0,"mochi_2929",1.198,-16.884,0,"CAT tourniquet",-18.918,-44.035,0,"sano jpn",-9.235,-64.953,0,"にゃんこ3K",24.996,-48.227,0,"じゃが一",13.643,-63.617,0,"ぐだもん",45.321,-93.953,0,"alcohol500",8.262,-120.871,0,"あくせる",-38.908,-98.376,0,0,0,0,0,0,"",0,0,0,0,0,0,0,0,0,0
144,6,0,6,2,0,0,0,0,0,0,255,255,255,57,7538.593,"なおｐ--",R,0,140,2.18,-0.797,0.203,1.429,-36.524,1,0,0,0,0,0,0,0,2,0,R,"ゆっち一",190,87.623,0.42,0,121,0,0,0,0,0,0,0,0,0,0,0,0,0,0,0,0,0.018,-37.41,0,"Kr_Luna",0.101,-17.102,0,"_Chun",-22.658,-50.084,0,"오띵__",-12.304,-65.607,0,"HANA_ARASHI",22.536,-53.838,0,"CVPileMaki",8.745,-66.491,0,"わかなで",37.605,-98.039,0,"Multeinn",-10.21,-118.86,0,"NABIMan",-38.833,-102.975,0,0,0,0,0,0,"",0,0,0,0,0,0,0,0,0,0
145,6,0,6,2,1,0,0,0,0,0,255,255,255,58,7554.432,"なおｐ--",R,0,128,-6.704,0.03,0.11,1.583,-36.538,2,0,0,0,0,0,0,1,2,0,R,"ゆっち一",190,87.623,0.42,3,121,7555.486,255,18,114,65,30,139,150,97,46.865,-45.701,-0.46,-0.062,-0.113,0.188,0,0.028,-37.524,0,"Kr_Luna",0.126,-17.162,0,"_Chun",-22.589,-50.201,0,"오띵__",-12.255,-65.649,0,"HANA_ARASHI",22.889,-54.017,0,"CVPileMaki",8.767,-66.633,0,"わかなで",30.505,-104.554,0,"Multeinn",-10.467,-119.393,0,"NABIMan",-38.182,-103.821,0,7560.006,48.018,-80.278,7561.145,6,"わかなで",52.346,-86.046,1,4,0,0,0,0,0,2
146,6,0,6,2,0,0,1,0,0,0,255,255,255,59,7607.038,"なおｐ--",R,0,140,1.121,0.5,0.104,1.679,-36.565,0,0,0,0,0,0,0,0,3,4,R,"にゃんこ3K",190,89.777,0.5,0,121,0,0,0,0,0,0,0,0,0,0,0,0,0,0,0,0,-0.03,-37.852,0,"Kr_Luna",0.045,-17.242,0,"_Chun",-22.534,-51.09,0,"오띵__",-11.831,-65.761,0,"HANA_ARASHI",22.476,-51.854,0,"CVPileMaki",9.074,-66.078,0,"わかなで",42.4,-97.125,0,"Multeinn",0.668,-105.349,0,"NABIMan",-42.744,-85.272,0,0,0,0,0,0,"",0,0,0,0,0,0,0,0,0,0
147,6,0,6,2,0,1,1,0,0,0,255,255,255,60,7627.911,"なおｐ--",R,0,139,0.884,0.971,0.082,1.77,-36.556,1,0,0,0,0,0,0,0,3,4,R,"にゃんこ3K",190,89.777,0.5,0,121,0,0,0,0,0,0,0,0,0,0,0,0,0,0,0,0,-0.064,-37.553,0,"Kr_Luna",-0.108,-17.286,0,"_Chun",-22.446,-51.147,0,"오띵__",-11.86,-65.699,0,"HANA_ARASHI",22.78,-52.453,0,"CVPileMaki",8.95,-66.202,0,"わかなで",43.658,-94.236,0,"Multeinn",-0.399,-106.893,0,"NABIMan",-42.345,-85.733,0,0,0,0,0,0,"",0,0,0,0,0,0,0,0,0,0
148,6,0,6,2,1,1,1,0,0,0,255,255,255,61,7649.846,"なおｐ--",R,13,87,-2.9,-1.44,-0.158,1.423,-36.716,2,0,-308.798,312.348,0,0,0,1,3,4,R,"にゃんこ3K",190,89.777,0.5,3,121,7651.165,146,14,75,50,40,73,138,115,-15.642,42.189,0.91,-0.013,-0.088,0.044,0,-0.363,-37.155,0,"Kr_Luna",-0.21,-17.256,0,"_Chun",-22.479,-51.141,0,"오띵__",-11.751,-65.727,0,"HANA_ARASHI",22.328,-52.753,0,"CVPileMaki",8.537,-66.465,0,"わかなで",43.046,-96.51,0,"Multeinn",0.148,-107.292,0,"NABIMan",-43.97,-85.999,0,7650.526,-1.72,-21.515,0,0,"",0,0,0,0,0,0,0,0,0,3
149,6,0,6,2,1,2,1,0,0,0,255,255,255,62,7676.208,"なおｐ--",R,0,140,0.884,1.045,0.087,1.761,-36.535,2,0,0,0,0,0,0,1,3,4,R,"にゃんこ3K",190,89.777,0.5,3,41,7677.276,206,15,107,41,19,178,146,98,92.843,86.449,-0.44,0.068,-0.038,0.168,0,-0.141,-37.196,0,"Kr_Luna",0.1,-17.243,0,"_Chun",-23.634,-51.749,0,"오띵__",-12.683,-65.328,0,"HANA_ARASHI",22.375,-53.911,0,"CVPileMaki",8.264,-66.405,0,"わかなで",42.96,-96.519,0,"Multeinn",2.061,-107.129,0,"NABIMan",-47.909,-84.611,0,0,0,0,0,0,"",0,0,0,0,0,0,0,0,0,3
150,6,0,6,2,1,2,1,0,0,0,255,255,255,63,7698.867,"なおｐ--",R,0,129,1.496,0.674,0.139,1.71,-36.526,2,0,0,0,0,0,0,1,3,4,R,"にゃんこ3K",190,89.777,0.5,3,41,7699.957,181,14,130,33,32,219,150,106,8.593,-9.094,-0.06,0.008,-0.088,0.24,0,0.247,-37.319,0,"Kr_Luna",0.169,-17.191,0,"_Chun",-23.379,-52.403,0,"오띵__",-11.429,-65.822,0,"HANA_ARASHI",22.68,-54.578,0,"CVPileMaki",8.7,-66.545,0,"わかなで",41.074,-89.601,0,"Multeinn",-0.222,-107.638,0,"NABIMan",-46.246,-87.343,0,7701.416,3.293,-75.077,7702.791,7,"Multeinn",2.274,-93.196,1,0,0,0,0,0,0,2
151,6,0,6,2,0,0,1,1,0,0,13,255,255,64,7734.213,"なおｐ--",R,0,140,1.44,-0.864,0.134,1.44,-36.497,0,0,0,0,0,0,0,0,4,8,R,"あくせる",174.8,86.41,0.669,0,121,0,0,0,0,0,0,0,0,0,0,0,0,0,0,0,0,-0.137,-37.719,0,"Kr_Luna",-0.019,-17.225,0,"_Chun",-20.558,-42.117,0,"오띵__",-14.273,-64.264,0,"HANA_ARASHI",21.9,-55.021,0,"CVPileMaki",4.528,-65.457,0,"わかなで",39.81,-92.018,0,"Multeinn",-4.271,-103.048,0,"NABIMan",-46.861,-87.16,0,0,0,0,0,0,"",0,0,0,0,0,0,0,0,0,0
152,6,0,6,2,0,1,1,1,0,0,13,255,255,65,7752.25,"なおｐ--",R,0,138,0.794,-0.284,0.074,1.535,-36.468,2,0,0,0,0,0,0,1,4,8,R,"あくせる",174.8,86.41,0.669,3,121,7753.308,250,17,96,61,26,77,148,117,-13.275,44.032,0.84,0.022,-0.089,0.229,0,0.017,-37.371,0,"Kr_Luna",0.101,-17.218,0,"_Chun",-20.196,-43.993,0,"오띵__",-14.275,-64.279,0,"HANA_ARASHI",21.24,-54.163,0,"CVPileMaki",6.459,-66.668,0,"わかなで",40.051,-93.602,0,"Multeinn",-5.572,-106.671,0,"NABIMan",-46.763,-87.404,0,7752.679,-2.424,-21.156,7753.985,2,"_Chun",-21.879,-40.818,0,0,0,0,0,0,0,2
153,6,0,6,2,0,2,1,1,0,0,13,255,255,66,7775.959,"なおｐ--",R,0,126,0.326,1.057,0.03,1.76,-36.566,0,0,0,0,0,0,0,0,4,8,R,"あくせる",174.8,86.41,0.669,0,121,0,0,0,0,0,0,0,0,0,0,0,0,0,0,0,0,-0.15,-37.787,0,"Kr_Luna",-0.346,-17.293,0,"_Chun",-20.422,-41.45,0,"오띵__",-15.228,-63.571,0,"HANA_ARASHI",21.719,-53.918,0,"CVPileMaki",4.505,-64.433,0,"わかなで",37.525,-88.62,0,"Multeinn",-4.806,-103.573,0,"NABIMan",-47.697,-82.215,0,0,0,0,0,0,"",0,0,0,0,0,0,0,0,0,0
154,6,0,6,2,0,0,2,1,0,0,13,255,255,67,7811.383,"なおｐ--",R,3,95,-2.582,-0.557,-0.048,1.452,-36.753,1,0,-421.472,0,0,0,0,0,5,5,R,"じゃが一",174.9,84.955,0.505,0,121,0,0,0,0,0,0,0,0,0,0,0,0,0,0,0,0,-0.144,-37.358,0,"Kr_Luna",-0.468,-17.251,0,"_Chun",-20.223,-40.662,0,"오띵__",-15.291,-63.505,0,"HANA_ARASHI",21.531,-54.461,0,"CVPileMaki",4.38,-65.959,0,"わかなで",36.158,-95.331,0,"Multeinn",-0.796,-105.488,0,"NABIMan",-47.549,-84.985,0,0,0,0,0,0,"",0,0,0,0,0,0,0,0,0,0
155,6,0,6,2,1,0,2,1,0,0,13,255,255,68,7830.53,"なおｐ--",R,0,140,2.102,0.377,0.179,1.671,-36.446,4,0,0,0,0,-0.004,-20.507,1,5,5,R,"じゃが一",174.9,84.955,0.505,0,121,0,0,0,0,0,0,0,0,0,0,0,0,0,0,0,0,0.04,-37.753,0,"Kr_Luna",0.073,-18.034,0,"_Chun",-20.084,-41.287,0,"오띵__",-15.249,-63.52,0,"HANA_ARASHI",21.772,-53.73,0,"CVPileMaki",4.793,-65.744,0,"わかなで",34.344,-97.252,0,"Multeinn",2.558,-107.536,0,"NABIMan",-45.572,-86.387,0,0,0,0,0,0,"",0,0,0,0,0,0,0,0,0,0
156,6,0,6,2,1,1,2,1,0,0,13,255,255,69,7848.754,"なおｐ--",R,0,129,0.416,1.408,0.039,1.811,-36.504,1,0,0,0,0,0,0,0,5,5,R,"じゃが一",174.9,84.955,0.505,0,121,0,0,0,0,0,0,0,0,0,0,0,0,0,0,0,0,-0.081,-37.56,0,"Kr_Luna",-0.016,-17.336,0,"_Chun",-20.499,-41.007,0,"오띵__",-15.209,-63.611,0,"HANA_ARASHI",20.22,-54.685,0,"CVPileMaki",5.227,-65.572,0,"わかなで",36.121,-97.624,0,"Multeinn",2.86,-107.588,0,"NABIMan",-44.965,-85.326,0,0,0,0,0,0,"",0,0,0,0,0,0,0,0,0,0
157,6,0,6,2,2,1,2,1,0,0,13,255,255,70,7868.115,"なおｐ--",R,0,130,1.255,0.236,0.117,1.619,-36.486,2,0,0,0,0,0,0,1,5,5,R,"じゃが一",174.9,84.955,0.505,2,121,7869.207,187,15,88,37,16,148,140,94,-9.93,42.409,-0.17,-0.048,-0.098,0,0,0.142,-37.325,0,"Kr_Luna",0.101,-17.332,0,"_Chun",-20.068,-42.484,0,"오띵__",-15.153,-63.58,0,"HANA_ARASHI",21.675,-54.011,0,"CVPileMaki",7.537,-66.687,0,"わかなで",35.557,-97.099,0,"Multeinn",1.074,-105.6,0,"NABIMan",-45.792,-83.628,0,7868.784,-3.763,-23.69,7870.117,2,"_Chun",-18.52,-39.506,0,0,0,0,0,0,0,2
158,7,1,6,2,0,0,0,0,0,0,255,255,255,84,7920.245,"ゆっち一",R,13,105,-0.92,-0.737,0.21,1.382,-36.58,0,0,-372.687,312.348,-46.611,0,0,1,2,0,R,"なおｐ--",190,91.37,0.445,0,120,0,0,0,0,0,0,0,0,0,0,0,0,0,0,0,0,0.052,-37.364,0,"mochi_2929",0.002,-16.586,0,"CAT tourniquet",-18.65,-44.815,0,"sano jpn",-14.383,-62.612,0,"にゃんこ3K",21.602,-50.656,0,"じゃが一",9.891,-65.5,0,"ぐだもん",20.566,-104.519,0,"alcohol500",-14.32,-115.509,0,"あくせる",-50.352,-92.935,0,0,0,0,0,0,"",0,0,0,0,0,0,0,0,0,0
159,7,1,6,2,0,1,0,0,0,0,255,255,255,85,7937.16,"ゆっち一",R,26,140,1.51,-0.675,0.133,1.208,-36.461,2,0,26.795,-200,37.027,0,0,1,2,0,R,"なおｐ--",190,91.37,0.445,3,120,7938.234,146,15,105,50,21,126,143,96,-39.655,-36.662,-0.47,-0.021,-0.042,0.14,0,0.357,-36.993,0,"mochi_2929",0.056,-16.73,0,"CAT tourniquet",-18.816,-44.385,0,"sano jpn",-14.306,-62.618,0,"にゃんこ3K",20.697,-51.889,0,"じゃが一",10.026,-65.359,0,"ぐだもん",20.49,-111.133,0,"alcohol500",-13.877,-113.01,0,"あくせる",-50.3,-92.866,0,7937.485,0.876,-20.03,7939.526,4,"にゃんこ3K",14.558,-47.948,0,4,0,0,0,0,0,2
160,7,1,6,2,0,0,1,0,0,0,255,255,255,86,7966.75,"ゆっち一",R,0,133,-0.462,1.685,0.056,1.714,-36.545,1,0,0,0,0,0,0,0,3,1,L,"Kr_Luna",189.9,95.158,0.505,0,120,0,0,0,0,0,0,0,0,0,0,0,0,0,0,0,0,-0.205,-37.072,0,"mochi_2929",-0.21,-16.592,0,"CAT tourniquet",-18.444,-45.811,0,"sano jpn",-10.569,-64.773,0,"にゃんこ3K",22.924,-48.438,0,"じゃが一",15.26,-63.421,0,"ぐだもん",43.371,-92.26,0,"alcohol500",1.968,-116.755,0,"あくせる",-37.013,-98.876,0,0,0,0,0,0,"",0,0,0,0,0,0,0,0,0,0
161,7,1,6,2,1,0,1,0,0,0,255,255,255,87,7986.696,"ゆっち一",R,26,140,-2.178,-0.439,-0.087,1.254,-36.359,1,0,-57.246,-200,15.286,0,0,0,3,1,L,"Kr_Luna",189.9,95.158,0.505,0,120,0,0,0,0,0,0,0,0,0,0,0,0,0,0,0,0,0.002,-36.939,0,"mochi_2929",-0.215,-16.567,0,"CAT tourniquet",-18.306,-46.075,0,"sano jpn",-10.633,-64.708,0,"にゃんこ3K",22.918,-48.433,0,"じゃが一",15.239,-63.404,0,"ぐだもん",43.37,-92.362,0,"alcohol500",1.876,-117.881,0,"あくせる",-37.092,-99.131,0,0,0,0,0,0,"",0,0,0,0,0,0,0,0,0,0
162,7,1,6,2,2,0,1,0,0,0,255,255,255,88,8005.26,"ゆっち一",R,26,140,-0.664,-0.844,-0.055,1.374,-36.352,0,0,-23.517,-200,14.9,0,0,0,3,1,L,"Kr_Luna",189.9,95.158,0.505,0,120,0,0,0,0,0,0,0,0,0,0,0,0,0,0,0,0,-0.067,-37.188,0,"mochi_2929",0.012,-16.628,0,"CAT tourniquet",-18.157,-44.328,0,"sano jpn",-10.537,-64.946,0,"にゃんこ3K",22.877,-48.394,0,"じゃが一",15.242,-63.453,0,"ぐだもん",43.35,-92.359,0,"alcohol500",1.94,-117.769,0,"あくせる",-37.017,-98.995,0,0,0,0,0,0,"",0,0,0,0,0,0,0,0,0,0
163,7,1,6,2,2,1,1,0,0,0,255,255,255,89,8023.738,"ゆっち一",R,26,140,-0.012,0.274,0.115,1.392,-36.308,2,0,-72.855,-200,19.725,0,0,1,3,1,L,"Kr_Luna",189.9,95.158,0.505,2,120,8024.512,143,14,97,44,25,162,140,130,110.455,65.983,0.41,0.005,-0.022,0.242,0,-0.141,-36.947,0,"mochi_2929",-0.111,-16.733,0,"CAT tourniquet",-19.308,-46.665,0,"sano jpn",-10.616,-64.667,0,"にゃんこ3K",22.832,-48.245,0,"じゃが一",15.312,-63.397,0,"ぐだもん",43.354,-92.363,0,"alcohol500",2.169,-118.523,0,"あくせる",-37.081,-99.032,0,0,0,0,0,0,"",0,0,0,0,0,0,0,0,0,3
164,7,1,6,2,2,2,1,0,0,0,255,255,255,90,8043.442,"ゆっち一",R,14,103,1.833,-0.918,0.065,1.329,-36.452,4,0,334.919,349.377,68.125,0.996,-16.516,1,3,1,L,"Kr_Luna",189.9,95.158,0.505,0,120,0,0,0,0,0,0,0,0,0,0,0,0,0,0,0,0,0.169,-37.421,0,"mochi_2929",0.942,-16.652,0,"CAT tourniquet",-18.076,-44.924,0,"sano jpn",-5.662,-64.387,0,"にゃんこ3K",22.912,-47.79,0,"じゃが一",15.068,-63.483,0,"ぐだもん",46.425,-94.17,0,"alcohol500",4.443,-118.358,0,"あくせる",-37.174,-99.54,0,0,0,0,0,0,"",0,0,0,0,0,0,0,0,0,0
165,7,1,6,2,0,0,2,0,0,0,255,255,255,91,8071.545,"ゆっち一",R,26,132,0.062,0.137,0.017,1.362,-36.266,2,0,-36.566,-200,11.849,0,0,1,4,4,R,"HANA_ARASHI",190,85,0.27,3,120,8072.526,214,6,106,30,27,144,142,105,25.774,32.48,0.01,-0.065,-0.128,0,0,0.032,-36.94,0,"mochi_2929",-0.061,-16.736,0,"CAT tourniquet",-18.631,-45.303,0,"sano jpn",-13.895,-63.262,0,"にゃんこ3K",20.599,-48.072,0,"じゃが一",14.313,-62.389,0,"ぐだもん",46.477,-94.384,0,"alcohol500",-1.75,-117.838,0,"あくせる",-45.678,-96.033,0,0,0,0,8076.721,8,"あくせる",-57.346,-87.52,0,0,0,0,0,0,0,1
166,7,0,6,2,0,0,0,0,0,0,255,255,255,71,8214.645,"なおｐ--",R,0,140,-1.169,0.107,-0.109,1.597,-36.642,0,0,0,0,0,0,0,0,6,7,L,"alcohol500",168.1,80,0.379,0,120,0,0,0,0,0,0,0,0,0,0,0,0,0,0,0,0,-0.111,-37.926,0,"Kr_Luna",-0.009,-17.195,0,"_Chun",-22.478,-50.058,0,"오띵__",-11.4,-65.765,0,"HANA_ARASHI",20.467,-50.355,0,"CVPileMaki",13.821,-64.574,0,"わかなで",45.166,-81.694,0,"Multeinn",1.963,-107.733,0,"NABIMan",-37.09,-88.028,0,0,0,0,0,0,"",0,0,0,0,0,0,0,0,0,0
167,7,0,6,2,0,1,0,0,0,0,255,255,255,72,8236.494,"なおｐ--",R,9,80,2.194,0.301,0.077,1.414,-36.788,4,0,259.73,-349.942,0,0,0,1,6,7,L,"alcohol500",168.1,80,0.379,0,120,0,0,0,0,0,0,0,0,0,0,0,0,0,0,0,0,-0.388,-37.942,0,"Kr_Luna",0.298,-16.485,0,"_Chun",-22.327,-49.465,0,"오띵__",-11.149,-66.003,0,"HANA_ARASHI",21.096,-50.652,0,"CVPileMaki",13.847,-64.627,0,"わかなで",46.96,-79.55,0,"Multeinn",2.388,-106.394,0,"NABIMan",-37.118,-88.407,0,0,0,0,0,0,"",0,0,0,0,0,0,0,0,0,0
168,7,0,6,2,0,2,0,0,0,0,255,255,255,73,8257.179,"なおｐ--",R,0,140,1.527,-0.021,0.142,1.578,-36.567,4,0,0,0,0,0,0,1,6,7,L,"alcohol500",168.1,80,0.379,0,120,0,0,0,0,0,0,0,0,0,0,0,0,0,0,0,0,-0.225,-37.733,0,"Kr_Luna",0.38,-16.379,0,"_Chun",-22.24,-48.124,0,"오띵__",-11.241,-65.982,0,"HANA_ARASHI",21.867,-52.79,0,"CVPileMaki",13.988,-64.563,0,"わかなで",45.339,-84.411,0,"Multeinn",2.398,-107.092,0,"NABIMan",-37.899,-89.93,0,0,0,0,0,0,"",0,0,0,0,0,0,0,0,0,0
169,7,0,6,2,0,0,1,0,0,0,255,255,255,74,8290.027,"なおｐ--",R,0,140,-1.221,0.627,-0.114,1.704,-36.562,0,0,0,0,0,0,0,0,7,2,L,"CAT tourniquet",190,80,0.601,0,120,0,0,0,0,0,0,0,0,0,0,0,0,0,0,0,0,-0.336,-37.811,0,"Kr_Luna",0.023,-17.252,0,"_Chun",-22.473,-49.111,0,"오띵__",-11.147,-65.991,0,"HANA_ARASHI",21.784,-54.086,0,"CVPileMaki",13.693,-64.665,0,"わかなで",43.264,-86.816,0,"Multeinn",0.742,-105.581,0,"NABIMan",-36.891,-85.713,0,0,0,0,0,0,"",0,0,0,0,0,0,0,0,0,0
170,7,0,6,2,0,1,1,0,0,0,255,255,255,75,8309.041,"なおｐ--",R,0,140,-1.733,0.505,-0.161,1.68,-36.574,1,0,0,0,0,0,0,0,7,2,L,"CAT tourniquet",190,80,0.601,0,120,0,0,0,0,0,0,0,0,0,0,0,0,0,0,0,0,-0.271,-37.943,0,"Kr_Luna",-0.109,-17.193,0,"_Chun",-22.439,-49.068,0,"오띵__",-11.194,-65.968,0,"HANA_ARASHI",22.385,-54.579,0,"CVPileMaki",13.731,-64.65,0,"わかなで",41.752,-87.667,0,"Multeinn",0.606,-104.675,0,"NABIMan",-37.464,-85.566,0,0,0,0,0,0,"",0,0,0,0,0,0,0,0,0,0
171,7,0,6,2,1,1,1,0,0,0,255,255,255,76,8329.523,"なおｐ--",R,9,81,1.465,0.013,-0.032,1.366,-36.762,4,0,272.398,-336.388,0,0,0,1,7,2,L,"CAT tourniquet",190,80,0.601,0,120,0,0,0,0,0,0,0,0,0,0,0,0,0,0,0,0,-0.125,-37.381,0,"Kr_Luna",0.035,-17.184,0,"_Chun",-22.489,-49.111,0,"오띵__",-11.254,-65.929,0,"HANA_ARASHI",21.351,-53.14,0,"CVPileMaki",13.649,-64.676,0,"わかなで",43.875,-86.393,0,"Multeinn",0.502,-106.788,0,"NABIMan",-37.296,-86.202,0,0,0,0,0,0,"",0,0,0,0,0,0,0,0,0,0
172,7,0,6,2,1,2,1,0,0,0,255,255,255,77,8351.108,"なおｐ--",R,9,92,1.12,0.135,-0.058,1.411,-36.677,2,0,289.707,-360.576,0,0,0,1,7,2,L,"CAT tourniquet",190,80,0.601,2,120,8352.268,77,12,73,73,39,96,127,122,91.309,87.61,0.69,0.053,-0.076,0.029,0,-0.254,-37.182,0,"Kr_Luna",0.235,-17.207,0,"_Chun",-22.496,-48.992,0,"오띵__",-11.181,-65.955,0,"HANA_ARASHI",22.308,-54.562,0,"CVPileMaki",13.614,-64.713,0,"わかなで",41.914,-87.831,0,"Multeinn",1.526,-107.975,0,"NABIMan",-37.147,-85.564,0,0,0,0,0,0,"",0,0,0,0,0,0,0,0,0,3
173,7,0,6,2,1,2,1,0,0,0,255,255,255,78,8445.725,"なおｐ--",R,6,86,2.908,-0.795,0.1,1.363,-36.61,4,0,385.112,0,0,0,0,1,7,2,L,"CAT tourniquet",190,80,0.601,0,120,0,0,0,0,0,0,0,0,0,0,0,0,0,0,0,0,-0.265,-37.633,0,"Kr_Luna",0.17,-17.056,0,"_Chun",-22.815,-51.26,0,"오띵__",-11.251,-65.848,0,"HANA_ARASHI",21.614,-54.361,0,"CVPileMaki",13.922,-64.537,0,"わかなで",41.342,-88.844,0,"Multeinn",3.251,-103.604,0,"NABIMan",-38.062,-87.027,0,0,0,0,0,0,"",0,0,0,0,0,0,0,0,0,0
174,7,0,6,2,0,0,2,0,0,0,255,255,255,79,8478.11,"なおｐ--",R,0,140,-1.719,-0.024,-0.16,1.578,-36.568,4,0,0,0,0,0,0,1,8,6,L,"ぐだもん",174.5,89.695,0.228,0,19,0,0,0,0,0,0,0,0,0,0,0,0,0,0,0,0,-0.101,-37.7,0,"Kr_Luna",0.008,-17.206,0,"_Chun",-22.219,-53.888,0,"오띵__",-10.57,-66.178,0,"HANA_ARASHI",22.316,-56.515,0,"CVPileMaki",14.036,-64.293,0,"わかなで",44.568,-83.995,0,"Multeinn",5.359,-104.484,0,"NABIMan",-39.59,-90.997,0,0,0,0,0,0,"",0,0,0,0,0,0,0,0,0,0
175,7,0,6,2,0,1,2,0,0,0,255,255,255,80,8499.096,"なおｐ--",R,6,82,3.555,0.108,0.201,1.59,-36.778,4,0,342.011,-39.77,0,0,0,1,8,6,L,"ぐだもん",174.5,89.695,0.228,0,19,0,0,0,0,0,0,0,0,0,0,0,0,0,0,0,0,-0.165,-37.203,0,"Kr_Luna",0.733,-16.431,0,"_Chun",-22.681,-51.508,0,"오띵__",-10.458,-66.19,0,"HANA_ARASHI",22.005,-52.971,0,"CVPileMaki",14.446,-63.712,0,"わかなで",48.467,-84.054,0,"Multeinn",4.782,-103.493,0,"NABIMan",-39.884,-90.681,0,0,0,0,0,0,"",0,0,0,0,0,0,0,0,0,0
176,7,0,6,2,0,2,2,0,0,0,255,255,255,81,8519.394,"なおｐ--",R,10,103,1.215,-2.304,0.169,1.284,-36.647,1,0,0,400,0,0.227,-19.621,0,8,6,L,"ぐだもん",174.5,89.695,0.228,0,19,0,0,0,0,0,0,0,0,0,0,0,0,0,0,0,0,-0.06,-37.227,0,"Kr_Luna",0.143,-16.537,0,"_Chun",-22.626,-51.504,0,"오띵__",-10.526,-66.155,0,"HANA_ARASHI",22.493,-54.791,0,"CVPileMaki",13.703,-63.814,0,"わかなで",45.342,-86.379,0,"Multeinn",2.894,-101.151,0,"NABIMan",-40.256,-89.185,0,0,0,0,0,0,"",0,0,0,0,0,0,0,0,0,0
177,7,0,6,2,1,2,2,0,0,0,255,255,255,82,8539.155,"なおｐ--",R,0,140,-1.283,0.582,-0.119,1.676,-36.507,0,0,0,0,0,0,0,1,8,6,L,"ぐだもん",174.5,89.695,0.228,0,19,0,0,0,0,0,0,0,0,0,0,0,0,0,0,0,0,-0.16,-37.616,0,"Kr_Luna",0.006,-16.48,0,"_Chun",-22.69,-51.523,0,"오띵__",-10.455,-66.164,0,"HANA_ARASHI",22.797,-56.234,0,"CVPileMaki",14.024,-64.341,0,"わかなで",44.976,-86.795,0,"Multeinn",1.388,-103.185,0,"NABIMan",-37.135,-89.902,0,0,0,0,0,0,"",0,0,0,0,0,0,0,0,0,0
178,8,1,6,2,0,0,0,0,0,0,255,255,255,92,8586.278,"ゆっち一",R,0,136,3.927,-1.127,0.067,1.351,-36.332,2,0,0,0,0,0,0,1,5,3,R,"오띵__",165.3,86.143,0.405,3,120,8587.148,144,19,121,81,43,131,150,92,27.565,35.031,-0.26,0.046,-0.036,0.085,0,0.16,-36.919,0,"mochi_2929",0.119,-16.622,0,"CAT tourniquet",-18.947,-45.066,0,"sano jpn",-13.072,-58.742,0,"にゃんこ3K",19.411,-46.659,0,"じゃが一",10.706,-60.062,0,"ぐだもん",35.592,-88.13,0,"alcohol500",-0.557,-112.543,0,"あくせる",-40.834,-89.694,0,8591.11,-55.558,-77.421,8595.485,8,"あくせる",-69.381,-87,1,0,0,0,0,0,0,2
179,8,1,6,2,0,0,0,0,1,0,255,3,255,93,8624.358,"ゆっち一",R,0,135,-1.738,-0.005,-0.032,1.418,-36.353,4,0,0,0,0,0.303,-19.839,1,6,8,L,"NABIMan",190,89.844,0.546,0,120,0,0,0,0,0,0,0,0,0,0,0,0,0,0,0,0,-0.012,-37.318,0,"mochi_2929",-0.134,-18.011,0,"CAT tourniquet",-18.544,-44.584,0,"sano jpn",-7.758,-59.565,0,"にゃんこ3K",20.608,-44.089,0,"じゃが一",13.132,-63.776,0,"ぐだもん",40.455,-89.147,0,"alcohol500",4.377,-114.99,0,"あくせる",-41.913,-97.133,0,0,0,0,0,0,"",0,0,0,0,0,0,0,0,0,0
180,8,1,6,2,0,1,0,0,1,0,255,3,255,94,8645.278,"ゆっち一",R,10,109,-1.177,-2.093,0.065,1.22,-36.405,2,0,-51.426,400,20.782,0,0,1,6,8,L,"NABIMan",190,89.844,0.546,3,34,8646.239,245,21,145,67,72,182,150,109,-30,2.287,0.09,0.104,-0.185,0.083,0,-0.076,-36.969,0,"mochi_2929",-0.126,-16.672,0,"CAT tourniquet",-18.256,-45.491,0,"sano jpn",-8.418,-58.981,0,"にゃんこ3K",19.988,-46.46,0,"じゃが一",12.857,-63.238,0,"ぐだもん",40.376,-89.188,0,"alcohol500",2.67,-117.714,0,"あくせる",-41.871,-97.242,0,8645.416,-0.24,-19.598,8647.402,3,"sano jpn",-1.873,-58.006,0,0,0,0,0,0,0,2
181,8,1,6,2,0,0,1,0,0,1,255,255,3,95,8676.79,"ゆっち一",R,26,131,-0.233,0.631,0.168,1.431,-36.385,2,0,31.226,-153.557,-4.321,0,0,1,7,6,L,"わかなで",160,80,0.402,3,120,8677.842,255,10,78,44,20,80,139,82,8.781,-8.113,-0.52,-0.039,-0.027,0.112,0,0.082,-37.208,0,"mochi_2929",0.046,-16.657,0,"CAT tourniquet",-18.567,-45.709,0,"sano jpn",-10.748,-54.601,0,"にゃんこ3K",18.601,-41.35,0,"じゃが一",12.157,-56.582,0,"ぐだもん",40.201,-86.048,0,"alcohol500",2.111,-109.168,0,"あくせる",-36.278,-96.728,0,8678.514,3.331,-49.991,8679.229,5,"じゃが一",3.898,-56.991,1,0,0,0,0,0,0,2
182,8,1,6,2,0,0,1,0,1,1,255,6,3,96,8756.6,"ゆっち一",R,26,138,1.816,0.783,0.167,1.458,-36.36,2,0,16.094,-186.568,-0.857,0,0,1,8,7,R,"Multeinn",160,95.295,0.496,2,36,8757.48,218,23,133,51,19,255,150,85,89.726,-88.721,-0.52,-0.096,-0.106,0.15,0,0.151,-36.987,0,"mochi_2929",0.136,-16.706,0,"CAT tourniquet",-18.832,-46.511,0,"sano jpn",-10.086,-50.844,0,"にゃんこ3K",19.396,-40.87,0,"じゃが一",8.4,-53.462,0,"ぐだもん",32.052,-85.778,0,"alcohol500",0.216,-112.286,0,"あくせる",-43.01,-91.889,0,8762.854,20.069,-14.867,8763.048,1,"mochi_2929",19.696,-14.97,0,0,0,0,0,0,0,1
183,8,1,6,2,0,0,2,0,1,1,255,6,3,97,8796.603,"ゆっち一",R,13,106,-0.683,-1.198,0.144,1.51,-36.585,2,0,-376.237,312.348,-36.624,0,0,1,0,5,R,"CVPileMaki",170,94,0.399,3,119,8797.768,29,27,130,83,49,162,49,54,-88.286,87.727,0.91,0.016,-0.018,0.041,0,0.091,-37.079,0,"mochi_2929",0.029,-16.502,0,"CAT tourniquet",-18.774,-45.165,0,"sano jpn",-13.322,-60.744,0,"にゃんこ3K",17.765,-42.242,0,"じゃが一",10.91,-57.531,0,"ぐだもん",37.26,-89.389,0,"alcohol500",1.782,-110.055,0,"あくせる",-47.069,-92.546,0,8796.992,-0.466,-19.747,0,0,"",0,0,0,0,0,0,0,0,0,3
184,8,1,6,2,0,1,2,0,1,1,255,6,3,98,8817.658,"ゆっち一",R,26,129,0.826,0.33,0.085,1.383,-36.342,2,0,-25.097,-200,9.571,0,0,1,0,5,R,"CVPileMaki",170,94,0.399,3,63,8818.706,137,6,78,49,35,60,138,87,31.919,14.984,-0.43,-0.002,-0.045,0.093,0,-0.002,-37.036,0,"mochi_2929",0.062,-16.41,0,"CAT tourniquet",-18.966,-45.689,0,"sano jpn",-3.88,-57.764,0,"にゃんこ3K",18.909,-41.136,0,"じゃが一",11.157,-62.124,0,"ぐだもん",35.942,-89.317,0,"alcohol500",1.682,-105.359,0,"あくせる",-47.492,-92.566,0,8822.722,-22.967,-84.031,8823.818,8,"あくせる",-25.532,-90.838,1,0,0,0,0,0,0,2
185,8,1,8,2,0,0,2,1,0,0,5,255,255,99,8853.769,"ゆっち一",R,26,131,0.52,1.396,0.16,1.604,-36.402,1,0,-65.869,-200,-4.227,0,0,0,1,2,L,"_Chun",190,80,0.455,0,119,0,0,0,0,0,0,0,0,0,0,0,0,0,0,0,0,-0.044,-37.493,0,"mochi_2929",-0.094,-16.23,0,"CAT tourniquet",-19.457,-44.631,0,"sano jpn",-9.426,-62.262,0,"にゃんこ3K",23.65,-48.08,0,"じゃが一",15.203,-62.771,0,"ぐだもん",44.943,-94.484,0,"alcohol500",5.234,-111.739,0,"あくせる",-39.92,-98.843,0,0,0,0,0,0,"",0,0,0,0,0,0,0,0,0,0
186,8,1,8,2,1,0,2,1,0,0,5,255,255,100,8868.069,"ゆっち一",R,11,109,1.439,-0.13,0.2,1.479,-36.535,2,0,0,217.049,14.931,0,0,1,1,2,L,"_Chun",190,80,0.455,3,119,8869.051,255,17,112,67,30,138,150,130,29.831,-20.478,0.67,0.021,0.061,0.179,0,-0.08,-36.793,0,"mochi_2929",-0.011,-16.429,0,"CAT tourniquet",-19.402,-42.632,0,"sano jpn",-9.511,-62.25,0,"にゃんこ3K",23.756,-48.19,0,"じゃが一",15.17,-62.722,0,"ぐだもん",44.413,-91.626,0,"alcohol500",3.9,-113.148,0,"あくせる",-39.93,-98.845,0,8873.568,55.123,-123.396,0,0,"",0,0,0,0,0,0,0,0,0,4
187,8,1,10,2,0,0,2,0,0,0,255,255,255,101,8909.105,"ゆっち一",R,13,109,-1.339,-0.252,0.169,1.444,-36.655,2,0,-386.885,312.348,-41.024,0,0,1,2,0,R,"なおｐ--",190,91.37,0.445,3,119,8910.223,231,25,149,102,53,200,150,82,-30,48.061,0.98,0,-0.016,0.26,0,-0.075,-37.092,0,"mochi_2929",-0.43,-16.352,0,"CAT tourniquet",-19.759,-46.132,0,"sano jpn",-13.604,-61.572,0,"にゃんこ3K",22.158,-50.085,0,"じゃが一",11.517,-64.803,0,"ぐだもん",25.869,-101.553,0,"alcohol500",-15.945,-115.807,0,"あくせる",-51.595,-91.249,0,8909.451,-1.857,-21.804,0,0,"",0,0,0,0,0,0,0,0,0,3
188,8,1,10,2,0,1,2,0,0,0,255,255,255,102,8927.86,"ゆっち一",R,26,140,1.293,-0.263,0.125,1.289,-36.364,2,0,-16.649,-200,7.644,0,0,1,2,0,R,"なおｐ--",190,91.37,0.445,3,79,8928.921,217,10,124,51,27,158,150,103,-41.176,5.013,-0.2,-0.034,-0.071,0.294,0,0.004,-37.001,0,"mochi_2929",0.005,-16.5,0,"CAT tourniquet",-19.016,-45.617,0,"sano jpn",-13.119,-62.9,0,"にゃんこ3K",21.961,-48.391,0,"じゃが一",10.602,-65.014,0,"ぐだもん",26.525,-104.219,0,"alcohol500",-16.58,-113.028,0,"あくせる",-49.472,-91.053,0,8928.076,0.17,-20.156,8932.416,7,"alcohol500",-6.528,-95.131,1,0,0,0,0,0,0,2
189,8,1,10,2,0,0,2,1,0,0,0,255,255,103,8966.539,"ゆっち一",R,26,139,-3.499,-0.241,-0.237,1.293,-36.28,1,0,-19.61,-200,16.303,0,0,0,3,1,L,"Kr_Luna",189.9,95.158,0.505,0,87,0,0,0,0,0,0,0,0,0,0,0,0,0,0,0,0,-0.075,-37.044,0,"mochi_2929",-0.323,-16.475,0,"CAT tourniquet",-19.787,-42.265,0,"sano jpn",-7.507,-64.134,0,"にゃんこ3K",23.57,-48.114,0,"じゃが一",15.734,-62.799,0,"ぐだもん",43.43,-96.797,0,"alcohol500",2.901,-112.119,0,"あくせる",-39.912,-100.621,0,0,0,0,0,0,"",0,0,0,0,0,0,0,0,0,0
190,8,1,10,2,1,0,2,1,0,0,0,255,255,104,8986.209,"ゆっち一",R,26,133,-0.612,0.638,0.03,1.462,-36.3,2,0,-14.08,-191.975,-3.39,0,0,1,3,1,L,"Kr_Luna",189.9,95.158,0.505,2,87,8987.029,158,11,111,32,22,122,141,130,111.705,59.561,0.59,-0.026,-0.01,0.199,0,0.114,-36.858,0,"mochi_2929",-0.142,-16.627,0,"CAT tourniquet",-19.866,-43.907,0,"sano jpn",-11.696,-63.409,0,"にゃんこ3K",23.469,-48.047,0,"じゃが一",15.086,-63.252,0,"ぐだもん",43.491,-96.822,0,"alcohol500",3.868,-114.987,0,"あくせる",-39.824,-100.513,0,0,0,0,0,0,"",0,0,0,0,0,0,0,0,0,3
191,8,1,10,2,1,1,2,1,0,0,0,255,255,105,9005.631,"ゆっち一",R,10,113,0.436,-1.195,0.061,1.466,-36.398,4,0,0,400,5.806,0.085,-17.005,1,3,1,L,"Kr_Luna",189.9,95.158,0.505,0,87,0,0,0,0,0,0,0,0,0,0,0,0,0,0,0,0,-0.033,-37.121,0,"mochi_2929",-0.115,-16.681,0,"CAT tourniquet",-19.853,-42.736,0,"sano jpn",-6.991,-63.726,0,"にゃんこ3K",22.996,-47.452,0,"じゃが一",15.09,-63.052,0,"ぐだもん",43.527,-97.493,0,"alcohol500",2.637,-116.301,0,"あくせる",-39.945,-100.151,0,0,0,0,0,0,"",0,0,0,0,0,0,0,0,0,0
192,8,1,10,2,1,2,2,1,0,0,0,255,255,106,9025.202,"ゆっち一",R,0,140,0.227,0.608,0.021,1.507,-36.341,0,0,0,0,0,0,0,1,3,1,L,"Kr_Luna",189.9,95.158,0.505,0,87,0,0,0,0,0,0,0,0,0,0,0,0,0,0,0,0,0.049,-37.332,0,"mochi_2929",-0.151,-16.542,0,"CAT tourniquet",-19.947,-43.437,0,"sano jpn",-6.322,-63.86,0,"にゃんこ3K",22.981,-47.429,0,"じゃが一",15.189,-63.038,0,"ぐだもん",43.518,-97.495,0,"alcohol500",2.617,-117.327,0,"あくせる",-40.145,-99.844,0,0,0,0,0,0,"",0,0,0,0,0,0,0,0,0,0
193,8,0,10,2,0,0,0,0,0,0,255,255,255,83,9169.954,"HANA_ARASHI",R,13,118,-1.931,-0.565,-0.067,1.685,-36.297,2,0,-334.831,371.334,0,0,0,1,0,1,L,"mochi_2929",190,97.434,0.447,3,54,9170.984,167,28,161,131,36,208,150,101,-42.315,50.871,-0.3,0.001,-0.06,0.094,0,-0.297,-36.83,0,"Kr_Luna",-0.012,-17.245,0,"_Chun",-21.666,-50.794,0,"오띵__",-11.094,-66.009,0,"なおｐ--",20.59,-47.091,0,"CVPileMaki",13.65,-64.617,0,"わかなで",43.334,-88.782,0,"Multeinn",3.253,-104.028,0,"NABIMan",-41.128,-86.497,0,9170.034,-1.505,-21.874,0,0,"",0,0,0,0,0,0,0,0,0,3
194,8,0,10,2,0,1,0,0,0,0,255,255,255,84,9189.465,"HANA_ARASHI",R,26,136,-1.928,0.364,-0.125,1.687,-36.406,4,0,-50.254,-200,0,0,0,1,0,1,L,"mochi_2929",190,97.434,0.447,0,119,0,0,0,0,0,0,0,0,0,0,0,0,0,0,0,0,-0.279,-37.194,0,"Kr_Luna",0.018,-17.238,0,"_Chun",-23.478,-50.792,0,"오띵__",-12.178,-65.598,0,"なおｐ--",20.937,-47.342,0,"CVPileMaki",13.453,-64.514,0,"わかなで",41.724,-87.548,0,"Multeinn",2.09,-101.192,0,"NABIMan",-41.364,-85.904,0,0,0,0,0,0,"",0,0,0,0,0,0,0,0,0,0
195,8,0,10,2,0,2,0,0,0,0,255,255,255,85,9205.045,"HANA_ARASHI",R,13,96,0.225,-1.109,0.338,1.799,-36.51,4,0,-266.484,395.934,0,-0.108,-17.671,1,0,1,L,"mochi_2929",190,97.434,0.447,0,54,0,0,0,0,0,0,0,0,0,0,0,0,0,0,0,0,-0.025,-36.962,0,"Kr_Luna",0.036,-17.197,0,"_Chun",-23.468,-50.322,0,"오띵__",-12.22,-65.575,0,"なおｐ--",21.132,-47.52,0,"CVPileMaki",13.627,-64.607,0,"わかなで",44.634,-87.435,0,"Multeinn",0.224,-107.049,0,"NABIMan",-39.509,-87.486,0,0,0,0,0,0,"",0,0,0,0,0,0,0,0,0,0
196,8,0,10,2,0,0,1,0,0,0,255,255,255,86,9234.884,"HANA_ARASHI",R,13,119,-2.358,-2.273,-0.081,1.616,-36.228,1,0,-353.171,353.936,0,-0.493,-19.344,0,1,3,R,"sano jpn",165.8,88.117,0.338,0,119,0,0,0,0,0,0,0,0,0,0,0,0,0,0,0,0,-0.161,-37.055,0,"Kr_Luna",0.026,-17.214,0,"_Chun",-22.884,-49.704,0,"오띵__",-11.981,-65.59,0,"なおｐ--",21.474,-47.675,0,"CVPileMaki",8.301,-66.16,0,"わかなで",31.024,-98.637,0,"Multeinn",-8.304,-106.621,0,"NABIMan",-43.734,-83.696,0,0,0,0,0,0,"",0,0,0,0,0,0,0,0,0,0
197,8,0,10,2,1,0,1,0,0,0,255,255,255,87,9251.845,"HANA_ARASHI",R,26,140,0.808,1.347,0.103,1.804,-36.365,2,0,-29.148,-200,0,0,0,1,1,3,R,"sano jpn",165.8,88.117,0.338,3,119,9252.831,130,12,112,60,32,117,148,121,26.533,34.517,0.29,0.016,0.059,0.174,0.143,0.009,-36.758,0,"Kr_Luna",0.095,-17.261,0,"_Chun",-22.92,-49.744,0,"오띵__",-12.146,-65.467,0,"なおｐ--",21.471,-47.721,0,"CVPileMaki",8.153,-66.338,0,"わかなで",31.096,-98.644,0,"Multeinn",-7.946,-106.161,0,"NABIMan",-43.488,-84.752,0,9256.777,-77.463,-94.715,0,0,"",0,0,0,0,0,0,0,0,0,3
198,8,0,10,2,1,1,1,0,0,0,255,255,255,88,9286.662,"HANA_ARASHI",R,10,128,0.883,-2.013,0.094,1.661,-36.363,1,0,-37.757,400,0,0,0,0,1,3,R,"sano jpn",165.8,88.117,0.338,0,77,0,0,0,0,0,0,0,0,0,0,0,0,0,0,0,0,-0.106,-37.103,0,"Kr_Luna",-0.049,-17.196,0,"_Chun",-23.358,-50.191,0,"오띵__",-12.258,-65.502,0,"なおｐ--",21.6,-47.926,0,"CVPileMaki",7.738,-65.707,0,"わかなで",33.331,-97.3,0,"Multeinn",-8.77,-111.791,0,"NABIMan",-46.243,-88.291,0,0,0,0,0,0,"",0,0,0,0,0,0,0,0,0,0
199,8,0,10,2,2,1,1,0,0,0,255,255,255,89,9304.636,"HANA_ARASHI",R,10,124,0.238,-2.177,0.079,1.61,-36.307,1,0,-0.28,400,0,0.041,-19.105,0,1,3,R,"sano jpn",165.8,88.117,0.338,0,77,0,0,0,0,0,0,0,0,0,0,0,0,0,0,0,0,-0.421,-37.225,0,"Kr_Luna",0.002,-17.226,0,"_Chun",-23.351,-50.34,0,"오띵__",-12.201,-65.533,0,"なおｐ--",21.9,-48.57,0,"CVPileMaki",6.429,-65.433,0,"わかなで",33.682,-96.083,0,"Multeinn",-9.32,-110.864,0,"NABIMan",-44.875,-87.156,0,0,0,0,0,0,"",0,0,0,0,0,0,0,0,0,0
200,8,0,10,2,3,1,1,0,0,0,255,255,255,90,9324.241,"HANA_ARASHI",R,26,135,-1.353,-0.698,-0.092,1.515,-36.262,2,0,-98.687,-200,0,0,0,1,1,3,R,"sano jpn",165.8,88.117,0.338,3,77,9325.256,141,13,115,73,37,159,150,109,-6.134,38.25,0.92,-0.049,-0.068,0.092,0.238,-0.196,-36.821,0,"Kr_Luna",-0.052,-17.248,0,"_Chun",-23.523,-49.842,0,"오띵__",-12.83,-64.886,0,"なおｐ--",22.063,-48.583,0,"CVPileMaki",8.398,-66.378,0,"わかなで",33.844,-96.057,0,"Multeinn",-7.764,-108.261,0,"NABIMan",-45.961,-87.686,0,9324.451,-3.606,-23.155,9325.937,2,"_Chun",-21.17,-46.621,0,0,0,0,0,0,0,2
201,8,0,10,2,0,0,2,0,0,0,255,255,255,91,9356.625,"HANA_ARASHI",R,13,116,-2.472,-0.386,0.144,1.762,-36.372,2,0,-349.616,357.448,0,0,0,1,2,0,R,"ゆっち一",190,87.623,0.42,3,119,9357.7,255,14,130,69,43,186,150,115,27.404,1.564,0.15,-0.036,-0.107,0.115,0,-0.169,-36.73,0,"Kr_Luna",0.094,-17.285,0,"_Chun",-23.762,-51.118,0,"오띵__",-12.677,-65.245,0,"なおｐ--",22.172,-48.53,0,"CVPileMaki",5.769,-67.107,0,"わかなで",41.229,-94.817,0,"Multeinn",-13.215,-119.299,0,"NABIMan",-46.221,-101.15,0,9361.923,-13.375,-120.781,9362.152,7,"Multeinn",-12.863,-117.593,0,0,0,0,0,0,0,1
