id,inn,half,scoreA,scoreB,ball,strk,out,b1,b2,b3,b1Idx,b2Idx,b3Idx,pCnt,pSec,pName,pHand,pType,spdK,zoneX,zoneY,startX,startY,zDist,call,balk,sH,sV,gyro,plx,plz,bSwing,bIdx,bPos,bZone,bName,bHCm,batLen,batCen,batType,bFps,hSec,rotS,shS,lgS,impMv,batSpd,ev,ldeg,sdeg,hPos,hMoveX,hMoveY,stayCon,hitSpnX,hitSpnY,hitSpnZ,PPosX,PPosY,CName,CPosX,CPosY,1BName,1BPosX,1BPosY,2BName,2BPosX,2BPosY,3BName,3BPosX,3BPosY,SSName,SSPosX,SSPosY,LFName,LFPosX,LFPosY,CFName,CFPosX,CFPosY,RFName,RFPosX,RFPosY,ltSec,lx,lz,cSec,cPos,cPlr,cx,cz,1BSafe,tag,cpSec,sb2Sec,sb3Sec,sbhSec,ass,result
1,1,1,0,0,0,0,0,0,0,0,255,255,255,0,2004.644,"mungjungh",R,28,121,-5.806,-1.502,-0.148,1.896,-36.598,1,0,41.66,-54.009,5.453,0,0,0,0,4,R,"にゃんこ3K",190,104,0.598,0,50,0,0,0,0,0,0,0,0,0,0,0,0,0,0,0,0,0.065,-37.498,"_Chun",-0.962,-17.19,"Kr_Luna",-22.28,-53.216,"오띵__",-10.981,-66.246,"なおｐ--",21.306,-48.018,"CVPileMaki",13.504,-64.843,"SFIDA",40.1,-86.539,"Multeinn",0.741,-102.224,"NABIMan",-43.545,-90.386,0,0,0,0,0,"",0,0,0,0,0,0,0,0,0,0
2,1,1,0,0,1,0,0,0,0,0,255,255,255,1,2020.79,"mungjungh",R,28,134,-0.341,0.509,0.102,2.009,-36.494,0,0,59.205,-77.177,0.787,0,0,0,0,4,R,"にゃんこ3K",190,104,0.598,0,50,0,0,0,0,0,0,0,0,0,0,0,0,0,0,0,0,0.202,-37.381,"_Chun",-0.313,-17.057,"Kr_Luna",-20.668,-48.952,"오띵__",-10.933,-66.206,"なおｐ--",21.29,-47.807,"CVPileMaki",13.473,-64.825,"SFIDA",40.843,-87.113,"Multeinn",0.486,-101.11,"NABIMan",-40.165,-85.139,0,0,0,0,0,"",0,0,0,0,0,0,0,0,0,0
3,1,1,0,0,1,1,0,0,0,0,255,255,255,2,2037.44,"mungjungh",R,10,115,-1.679,-1.999,0.025,2.153,-36.69,1,0,0,342.977,14.377,0,0,0,0,4,R,"にゃんこ3K",190,104,0.598,0,50,0,0,0,0,0,0,0,0,0,0,0,0,0,0,0,0,0.134,-37.461,"_Chun",-0.017,-17.246,"Kr_Luna",-20.68,-48.922,"오띵__",-10.957,-66.226,"なおｐ--",21.279,-47.78,"CVPileMaki",13.444,-64.821,"SFIDA",37.962,-80.572,"Multeinn",0.992,-100.971,"NABIMan",-40.675,-85.393,0,0,0,0,0,"",0,0,0,0,0,0,0,0,0,0
4,1,1,0,0,2,1,0,0,0,0,255,255,255,3,2054.902,"mungjungh",R,3,107,-4.009,-0.066,0.184,1.895,-36.586,2,0,-423.157,0,1.561,0,0,1,0,4,R,"にゃんこ3K",190,104,0.598,3,50,2056.082,195,142,50,245,155,127,27.29,31.929,0.65,-0.041,-0.204,0.408,0,0,0,0.284,-37.266,"_Chun",-0.394,-17.062,"Kr_Luna",-21.907,-48.014,"오띵__",-10.954,-66.144,"なおｐ--",21.253,-47.774,"CVPileMaki",13.587,-64.795,"SFIDA",38.954,-81.99,"Multeinn",1.058,-101.019,"NABIMan",-41.569,-86.48,2060.551,-57.366,-98.011,2061.718,8,"NABIMan",-54.502,-95.063,1,0,0,0,0,0,0,2
5,1,1,0,0,0,0,0,1,0,0,4,255,255,4,2087.889,"mungjungh",R,10,114,0.644,-0.912,0.228,2.022,-36.514,0,0,0,331.353,11.949,0,0,1,1,5,R,"sano jpn",160,99.636,0.323,0,59,0,0,0,0,0,0,0,0,0,0,0,0,0,0,0,0,0.185,-37.441,"_Chun",-0.009,-19.148,"Kr_Luna",-20.066,-42.263,"오띵__",-12.849,-64.598,"なおｐ--",21.15,-46.749,"CVPileMaki",5.92,-62.247,"SFIDA",36.997,-83.598,"Multeinn",-0.423,-103.787,"NABIMan",-39.849,-83.544,0,0,0,0,0,"",0,0,0,0,0,0,0,0,0,0
6,1,1,0,0,0,1,0,1,0,0,4,255,255,5,2115.774,"mungjungh",R,28,138,-2.032,-0.152,-0.019,1.966,-36.524,1,0,54.586,-93.671,11.986,0,0,0,1,5,R,"sano jpn",160,99.636,0.323,0,51,0,0,0,0,0,0,0,0,0,0,0,0,0,0,0,0,0.06,-37.263,"_Chun",0.095,-16.793,"Kr_Luna",-19.504,-40.981,"오띵__",-12.786,-64.485,"なおｐ--",18.656,-44.671,"CVPileMaki",5.754,-63.536,"SFIDA",37.198,-83.86,"Multeinn",-0.507,-103.958,"NABIMan",-38.492,-83.241,0,0,0,0,0,"",0,0,0,0,0,0,0,0,0,0
7,1,1,0,0,1,1,0,1,0,0,4,255,255,6,2132.352,"mungjungh",R,10,113,0.349,-2.97,0.288,1.887,-36.607,1,0,0,400,12.095,0.065,-20.426,0,1,5,R,"sano jpn",160,99.636,0.323,0,51,0,0,0,0,0,0,0,0,0,0,0,0,0,0,0,0,0.12,-38.308,"_Chun",0.09,-16.962,"Kr_Luna",-19.992,-41.678,"오띵__",-12.783,-64.5,"なおｐ--",19.22,-45.288,"CVPileMaki",5.284,-62.987,"SFIDA",36.832,-82.976,"Multeinn",-0.63,-103.627,"NABIMan",-39.448,-82.365,0,0,0,0,0,"",0,0,0,0,0,0,0,0,0,0
8,1,1,0,0,2,1,0,1,0,0,4,255,255,7,2148.745,"mungjungh",R,28,136,0.627,0.836,0.197,2.025,-36.516,0,0,42.979,-71.903,5.144,0,0,1,1,5,R,"sano jpn",160,99.636,0.323,0,51,0,0,0,0,0,0,0,0,0,0,0,0,0,0,0,0,-0.103,-36.193,"_Chun",0.051,-18.295,"Kr_Luna",-19.468,-42.092,"오띵__",-12.281,-64.207,"なおｐ--",14.789,-39.297,"CVPileMaki",4.656,-62.04,"SFIDA",36.706,-83.072,"Multeinn",-0.691,-102.576,"NABIMan",-38.388,-82.129,0,0,0,0,0,"",0,0,0,0,0,0,0,0,0,0
9,1,1,0,0,2,2,0,1,0,0,4,255,255,8,2171.27,"mungjungh",R,28,130,-1.591,-0.193,-0.012,1.881,-36.393,1,0,50.69,-80.667,5.57,0,0,0,1,5,R,"sano jpn",160,99.636,0.323,0,59,0,0,0,0,0,0,0,0,0,0,0,0,0,0,0,0,0.043,-37.421,"_Chun",-0.179,-17.141,"Kr_Luna",-20.23,-44.179,"오띵__",-13.363,-65.076,"なおｐ--",19.837,-46.044,"CVPileMaki",5.805,-63.704,"SFIDA",36.532,-83.306,"Multeinn",-0.359,-102.113,"NABIMan",-39.282,-82.037,0,0,0,0,0,"",0,0,0,0,0,0,0,0,0,0
10,1,1,0,0,3,2,0,1,0,0,4,255,255,9,2190.504,"mungjungh",R,27,134,0.569,-0.308,0.184,1.857,-36.448,2,0,67.141,-113.294,6.494,0,0,1,1,5,R,"sano jpn",160,99.636,0.323,3,59,2191.606,94,63,23,83,128,71,-18.866,19.733,-0.47,-0.063,-0.049,0.201,0,0,0,0.235,-36.507,"_Chun",0.078,-17.118,"Kr_Luna",-20.557,-46.825,"오띵__",-13.365,-65.033,"なおｐ--",19.78,-46.025,"CVPileMaki",6.985,-65,"SFIDA",37.214,-83.351,"Multeinn",-0.573,-103.073,"NABIMan",-40.159,-83.044,2191.718,-0.424,-20.325,2194.518,3,"오띵__",-13.832,-55.979,1,0,0,0,0,0,0,2
11,1,1,0,0,0,0,1,1,0,0,5,255,255,10,2233.91,"mungjungh",R,3,106,0.216,-0.237,0.513,1.866,-36.645,0,0,-444.921,0,0.725,0,0,0,2,2,L,"檸檬の残骸",190,107,0.502,0,59,0,0,0,0,0,0,0,0,0,0,0,0,0,0,0,0,0.141,-37.811,"_Chun",0.082,-17.513,"Kr_Luna",-19.056,-42.988,"오띵__",-9.049,-64.256,"なおｐ--",20.793,-46.747,"CVPileMaki",13.388,-64.019,"SFIDA",37.018,-82.992,"Multeinn",-0.968,-106.538,"NABIMan",-36.648,-84.399,0,0,0,0,0,"",0,0,0,0,0,0,0,0,0,0
12,1,1,0,0,0,1,1,0,1,0,255,5,255,11,2261.852,"mungjungh",R,27,129,2.802,0.121,0.438,2.007,-36.622,2,0,63.925,-129.907,7.149,0,0,1,2,2,L,"檸檬の残骸",190,107,0.502,2,59,2262.901,251,154,33,227,155,96,1.11,-31.534,-0.5,-0.052,-0.09,0.354,0,0,0,0.177,-36.521,"_Chun",0.49,-16.95,"Kr_Luna",-19.382,-44.724,"오띵__",-6.453,-65.303,"なおｐ--",21.046,-47.206,"CVPileMaki",13.081,-64.249,"SFIDA",39.364,-82.166,"Multeinn",0.367,-104.299,"NABIMan",-38.041,-84.572,2263.868,11.334,-39.704,2266.851,6,"SFIDA",31.937,-77.787,1,0,0,0,0,0,0,2
13,1,1,0,0,0,0,1,1,0,1,2,255,5,12,2297.144,"mungjungh",R,27,132,0.477,1.292,0.18,2.143,-36.496,2,0,52.475,-136.476,5.229,0,0,1,3,1,R,"ゆっち一",190,100,0.38,3,59,2298.221,192,89,26,123,142,87,30.326,45.609,0.96,-0.059,-0.121,0.226,0,0,0,0.149,-36.338,"_Chun",0.07,-17.109,"Kr_Luna",-19.253,-43.692,"오띵__",-13.339,-64.234,"なおｐ--",19.245,-45.077,"CVPileMaki",12.11,-64.81,"SFIDA",42.098,-88.171,"Multeinn",-5.81,-108.276,"NABIMan",-40.434,-85.722,2302.401,-52.512,-63.083,0,0,"",0,0,0,0,0,0,0,0,0,3
14,1,1,0,0,0,1,1,1,0,1,2,255,5,13,2321.004,"mungjungh",R,13,125,-0.996,-2.529,0.213,1.696,-36.559,1,0,-347.917,359.102,13.241,0,0,0,3,1,R,"ゆっち一",190,100,0.38,0,70,0,0,0,0,0,0,0,0,0,0,0,0,0,0,0,0,0.178,-37.63,"_Chun",-0.115,-17.435,"Kr_Luna",-20.432,-43.704,"오띵__",-10.328,-64.866,"なおｐ--",19.06,-43.453,"CVPileMaki",9.998,-64.093,"SFIDA",30.329,-93.259,"Multeinn",-7.905,-105.595,"NABIMan",-43.25,-89.878,0,0,0,0,0,"",0,0,0,0,0,0,0,0,0,0
15,1,1,0,0,1,1,1,1,0,1,2,255,5,14,2339.003,"mungjungh",R,28,130,-1.471,0.78,0.003,2.055,-36.467,1,0,40.458,-94.31,9.978,0,0,0,3,1,R,"ゆっち一",190,100,0.38,0,70,0,0,0,0,0,0,0,0,0,0,0,0,0,0,0,0,0.122,-37.4,"_Chun",-0.332,-16.998,"Kr_Luna",-20.055,-43.729,"오띵__",-13.318,-65.1,"なおｐ--",19.141,-43.035,"CVPileMaki",9.21,-65.183,"SFIDA",33.372,-95.289,"Multeinn",-8.053,-106.554,"NABIMan",-42.763,-89.305,0,0,0,0,0,"",0,0,0,0,0,0,0,0,0,0
16,1,1,0,0,2,1,1,1,0,1,2,255,5,15,2357.839,"mungjungh",R,28,134,2.183,0.802,0.179,2.09,-36.463,2,0,47.371,-71.541,5.664,0,0,1,3,1,R,"ゆっち一",190,100,0.38,3,70,2358.91,121,68,30,113,136,129,19.078,32.652,0.34,-0.057,-0.172,0.179,0,0,0,0.25,-36.414,"_Chun",0.109,-17.108,"Kr_Luna",-19.511,-44.37,"오띵__",-13.325,-65.08,"なおｐ--",19.127,-44.536,"CVPileMaki",11.243,-64.532,"SFIDA",34.087,-95.585,"Multeinn",-7.496,-106.966,"NABIMan",-43.851,-89.923,2363.701,-70.333,-111.789,0,0,"",0,0,0,0,0,0,0,0,0,4
17,1,1,3,0,0,0,1,0,0,0,255,255,255,16,2409.04,"mungjungh",R,28,128,-1.012,0.91,0.043,2.087,-36.43,0,0,46.711,-71.72,2.745,0,0,0,4,9,L,"CAT tourniquet",190,95.214,0.357,0,59,0,0,0,0,0,0,0,0,0,0,0,0,0,0,0,0,0.165,-37.177,"_Chun",0.468,-17.072,"Kr_Luna",-20.223,-45.327,"오띵__",-12.003,-65.699,"なおｐ--",22.437,-49.067,"CVPileMaki",13.483,-64.821,"SFIDA",40.806,-92.201,"Multeinn",0.431,-105.144,"NABIMan",-46.215,-91.415,0,0,0,0,0,"",0,0,0,0,0,0,0,0,0,0
18,1,1,3,0,0,1,1,0,0,0,255,255,255,17,2426.985,"mungjungh",R,27,136,2.174,0.166,0.334,1.933,-36.426,2,0,66.193,-115.922,0.586,0,0,1,4,9,L,"CAT tourniquet",190,95.214,0.357,3,59,2427.91,117,124,33,141,141,96,-25.653,-41.344,0.93,0.021,-0.018,0.404,0,0,0,0.305,-36.455,"_Chun",0.73,-16.914,"Kr_Luna",-20.431,-46.292,"오띵__",-12.214,-65.461,"なおｐ--",22.501,-49.122,"CVPileMaki",13.805,-63.286,"SFIDA",39.003,-86.434,"Multeinn",0.064,-101.244,"NABIMan",-42.413,-86.022,2428.084,1.966,-19.796,2429.918,4,"なおｐ--",20.122,-45.038,0,0,0,0,0,0,0,2
19,1,1,3,0,0,0,2,0,0,0,255,255,255,18,2455.296,"mungjungh",R,27,135,-1.324,-0.519,0.011,1.822,-36.494,0,0,58.607,-100.667,2.383,0,0,0,5,8,R,"あくせる",170.4,107,0.28,0,59,0,0,0,0,0,0,0,0,0,0,0,0,0,0,0,0,0.046,-37.333,"_Chun",-0.068,-17.232,"Kr_Luna",-21.403,-44.704,"오띵__",-12.583,-65.653,"なおｐ--",22.266,-48.556,"CVPileMaki",13.659,-64.816,"SFIDA",40.718,-85.2,"Multeinn",1.871,-104.247,"NABIMan",-40.813,-84.071,0,0,0,0,0,"",0,0,0,0,0,0,0,0,0,0
20,1,1,3,0,0,1,2,0,0,0,255,255,255,19,2472.989,"mungjungh",R,34,127,7.243,-0.613,0.094,1.89,-36.35,2,0,84.698,-60.323,-0.045,0,0,1,5,8,R,"あくせる",170.4,107,0.28,3,59,2474.034,229,122,18,177,149,89,28.412,24.753,-0.06,-0.022,-0.09,0.417,0,0,0,0.232,-36.436,"_Chun",0.111,-17.145,"Kr_Luna",-19.768,-49.678,"오띵__",-12.578,-65.549,"なおｐ--",22.046,-48.771,"CVPileMaki",13.403,-64.826,"SFIDA",40.746,-85.034,"Multeinn",1.077,-101.946,"NABIMan",-41.84,-85.115,0,0,0,2478.901,8,"NABIMan",-39.799,-79.265,0,0,0,0,0,0,0,1
21,1,0,3,0,0,0,0,0,0,0,255,255,255,0,2670.67,"559：広告",R,3,125,-0.455,-0.563,0.115,1.722,-36.393,0,0,-463.139,0,11.348,0,0,0,0,3,R,"오띵__",164.9,90,0.405,0,59,0,0,0,0,0,0,0,0,0,0,0,0,0,0,0,0,-0.097,-37.874,"ゆっち一",-0.106,-16.565,"檸檬の残骸",-19.981,-47.518,"mochi_2929",-9.575,-61.932,"にゃんこ3K",21.726,-52.41,"sano jpn",13.056,-65.109,"ぐだもん",32.414,-80.706,"alcohol500",-2.708,-98.742,"あくせる",-33.288,-79.739,0,0,0,0,0,"",0,0,0,0,0,0,0,0,0,0
22,1,0,3,0,0,1,0,0,0,0,255,255,255,1,2681.453,"559：広告",R,27,137,-0.848,0.822,-0.109,1.896,-36.335,0,0,105.164,-110.038,12.767,0,0,0,0,3,R,"오띵__",164.9,90,0.405,0,59,0,0,0,0,0,0,0,0,0,0,0,0,0,0,0,0,-0.21,-37.718,"ゆっち一",-0.096,-16.447,"檸檬の残骸",-19.593,-47.403,"mochi_2929",-10.963,-61.754,"にゃんこ3K",21.676,-52.348,"sano jpn",12.914,-65.187,"ぐだもん",32.624,-80.421,"alcohol500",-2.625,-98.793,"あくせる",-33.347,-79.708,0,0,0,0,0,"",0,0,0,0,0,0,0,0,0,0
23,1,0,3,0,0,2,0,0,0,0,255,255,255,2,2692.982,"559：広告",R,3,127,-5.078,-0.739,-0.331,1.697,-36.344,1,0,-430.467,0,11.495,0,0,0,0,3,R,"오띵__",164.9,90,0.405,0,59,0,0,0,0,0,0,0,0,0,0,0,0,0,0,0,0,-0.251,-37.452,"ゆっち一",-1.055,-16.301,"檸檬の残骸",-19.41,-47.29,"mochi_2929",-11.717,-62.345,"にゃんこ3K",21.603,-52.373,"sano jpn",11.445,-65.384,"ぐだもん",32.025,-80.912,"alcohol500",-2.712,-98.79,"あくせる",-33.355,-79.698,0,0,0,0,0,"",0,0,0,0,0,0,0,0,0,0
24,1,0,3,0,1,2,0,0,0,0,255,255,255,3,2703.783,"559：広告",R,3,120,-0.244,-0.253,0.137,1.768,-36.501,0,0,-425.662,0,4.764,0,0,1,0,3,R,"오띵__",164.9,90,0.405,0,59,0,0,0,0,0,0,0,0,0,0,0,0,0,0,0,0,-0.328,-37.537,"ゆっち一",-0.502,-16.404,"檸檬の残骸",-19.301,-45.958,"mochi_2929",-10.938,-62.002,"にゃんこ3K",21.659,-52.225,"sano jpn",13.183,-64.995,"ぐだもん",31.515,-80.136,"alcohol500",-2.649,-98.813,"あくせる",-33.662,-79.263,0,0,0,0,0,"",0,0,0,0,0,0,0,0,0,0
25,1,0,3,0,0,0,1,0,0,0,255,255,255,4,2730.379,"559：広告",R,10,112,0.446,-0.952,0.04,1.79,-36.542,2,0,3.975,400,8.469,0,0,1,1,2,L,"Kr_Luna",190,96.932,0.471,2,59,2731.251,125,60,40,66,136,83,-30,12.743,0.96,-0.023,-0.037,0.253,0,0,0,0.104,-37.341,"ゆっち一",-0.041,-16.712,"檸檬の残骸",-19.697,-46.991,"mochi_2929",-10.425,-63.403,"にゃんこ3K",23.531,-50.291,"sano jpn",14.229,-65.399,"ぐだもん",34.718,-79.319,"alcohol500",4.887,-98.732,"あくせる",-31.652,-83.228,2731.451,-0.133,-21.11,2733.884,3,"mochi_2929",-7.601,-56.396,0,0,0,0,0,0,0,2
26,1,0,3,0,0,0,2,0,0,0,255,255,255,5,2758.331,"559：広告",R,10,110,-0.05,-0.902,-0.005,1.807,-36.572,0,0,0,400,6.526,0,0,0,2,1,L,"_Chun",190,95.123,0.455,0,59,0,0,0,0,0,0,0,0,0,0,0,0,0,0,0,0,-0.095,-38.015,"ゆっち一",-0.112,-16.575,"檸檬の残骸",-19.781,-45.715,"mochi_2929",-9.519,-62.426,"にゃんこ3K",23.931,-49.709,"sano jpn",16.064,-66.581,"ぐだもん",30.735,-79.959,"alcohol500",3.15,-97.686,"あくせる",-31.905,-83.514,0,0,0,0,0,"",0,0,0,0,0,0,0,0,0,0
27,1,0,3,0,0,1,2,0,0,0,255,255,255,6,2770.854,"559：広告",R,3,128,-0.857,-0.321,0.048,1.744,-36.403,2,0,-400.96,0,13.463,0,0,1,2,1,L,"_Chun",190,95.123,0.455,3,59,2771.845,140,125,47,133,143,96,-28.235,19.39,0.02,0.052,-0.086,0.491,0,0,0,-0.141,-37.186,"ゆっち一",-0.079,-16.814,"檸檬の残骸",-19.505,-46.135,"mochi_2929",-10.446,-62.015,"にゃんこ3K",23.892,-49.672,"sano jpn",16.203,-66.289,"ぐだもん",30.704,-80.019,"alcohol500",3.176,-97.795,"あくせる",-31.81,-83.561,2771.984,-0.705,-20.68,2774.134,3,"mochi_2929",-13.295,-56.339,0,0,0,0,0,0,0,2
28,2,1,3,0,0,0,0,0,0,0,255,255,255,20,2826.36,"mungjungh",R,34,134,0.18,0.224,0.151,1.952,-36.373,0,0,57.247,-47.234,0.601,0,0,0,6,3,R,"mochi_2929",169.6,100.434,0.498,0,59,0,0,0,0,0,0,0,0,0,0,0,0,0,0,0,0,0.198,-37.318,"_Chun",0.221,-17.079,"Kr_Luna",-21.067,-47.391,"오띵__",-11.397,-66.018,"なおｐ--",20.705,-47.455,"CVPileMaki",13.62,-64.84,"SFIDA",36.973,-86.495,"Multeinn",-0.758,-103.987,"NABIMan",-41.044,-85.395,0,0,0,0,0,"",0,0,0,0,0,0,0,0,0,0
29,2,1,3,0,0,1,0,0,0,0,255,255,255,21,2844.533,"mungjungh",R,10,112,2.113,-1.824,0.33,2.221,-36.701,1,0,-76.36,400,5.819,0.491,-17.301,0,6,3,R,"mochi_2929",169.6,100.434,0.498,0,59,0,0,0,0,0,0,0,0,0,0,0,0,0,0,0,0,0.068,-37.357,"_Chun",0.105,-17.153,"Kr_Luna",-21.166,-47.28,"오띵__",-11.393,-66.008,"なおｐ--",20.713,-47.472,"CVPileMaki",13.596,-64.845,"SFIDA",38.179,-85.276,"Multeinn",-0.492,-103.894,"NABIMan",-40.681,-84.712,0,0,0,0,0,"",0,0,0,0,0,0,0,0,0,0
30,2,1,3,0,1,1,0,0,0,0,255,255,255,22,2864.837,"mungjungh",R,28,129,3.413,1.839,0.435,2.215,-36.6,4,0,46.414,-86.543,2.958,0,0,1,6,3,R,"mochi_2929",169.6,100.434,0.498,0,59,0,0,0,0,0,0,0,0,0,0,0,0,0,0,0,0,0.27,-37.062,"_Chun",0.43,-17.112,"Kr_Luna",-21.337,-46.02,"오띵__",-11.397,-66.033,"なおｐ--",20.72,-47.437,"CVPileMaki",13.499,-64.874,"SFIDA",38.152,-85.263,"Multeinn",0.072,-103.831,"NABIMan",-40.106,-83.601,0,0,0,0,0,"",0,0,0,0,0,0,0,0,0,0
31,2,1,3,0,1,2,0,0,0,0,255,255,255,23,2884.28,"mungjungh",R,3,110,-5.689,-0.295,0.017,1.889,-36.571,1,0,-403.859,0,4.011,0,0,0,6,3,R,"mochi_2929",169.6,100.434,0.498,0,59,0,0,0,0,0,0,0,0,0,0,0,0,0,0,0,0,0.121,-37.825,"_Chun",-0.486,-17.107,"Kr_Luna",-21.243,-45.977,"오띵__",-11.401,-66.028,"なおｐ--",20.774,-47.524,"CVPileMaki",13.553,-64.842,"SFIDA",38.128,-85.284,"Multeinn",0.042,-103.844,"NABIMan",-40.558,-85.117,0,0,0,0,0,"",0,0,0,0,0,0,0,0,0,0
32,2,1,3,0,2,2,0,0,0,0,255,255,255,24,2899.425,"mungjungh",R,28,129,-1.36,-2.098,0.016,1.586,-36.468,1,0,30.049,-57.354,5.282,0,0,0,6,3,R,"mochi_2929",169.6,100.434,0.498,0,59,0,0,0,0,0,0,0,0,0,0,0,0,0,0,0,0,0.293,-37.629,"_Chun",0.134,-17.259,"Kr_Luna",-21.71,-48.517,"오띵__",-11.407,-66.009,"なおｐ--",20.761,-47.517,"CVPileMaki",13.565,-64.857,"SFIDA",38.138,-85.282,"Multeinn",0.025,-103.777,"NABIMan",-42.146,-85.152,0,0,0,0,0,"",0,0,0,0,0,0,0,0,0,0
33,2,1,3,0,3,2,0,0,0,0,255,255,255,25,2918.384,"mungjungh",R,0,124,0.377,0.172,0.175,1.948,-36.34,0,0,37.847,-28.452,0.775,0,0,1,6,3,R,"mochi_2929",169.6,100.434,0.498,2,59,2919.514,234,141,44,168,155,89,10.024,-1.107,-0.52,0.017,-0.112,0.338,0,0,0,0.195,-36.336,"_Chun",0.156,-17.281,"Kr_Luna",-21.337,-47.181,"오띵__",-11.453,-65.947,"なおｐ--",20.745,-47.49,"CVPileMaki",13.506,-64.878,"SFIDA",38.134,-85.28,"Multeinn",0.323,-102.104,"NABIMan",-41.983,-83.954,0,0,0,2919.934,1,"_Chun",0.069,-20.037,0,0,0,0,0,0,0,3
34,2,1,3,0,3,2,0,0,0,0,255,255,255,26,2938.836,"mungjungh",R,10,119,0.375,-1.825,0.274,1.914,-36.618,1,0,-97.336,400,13.296,0,0,0,6,3,R,"mochi_2929",169.6,100.434,0.498,0,59,0,0,0,0,0,0,0,0,0,0,0,0,0,0,0,0,0.112,-37.596,"_Chun",0.277,-17.066,"Kr_Luna",-21.896,-47.013,"오띵__",-11.86,-65.885,"なおｐ--",20.754,-47.511,"CVPileMaki",13.479,-64.807,"SFIDA",37.541,-84.52,"Multeinn",0.716,-102.834,"NABIMan",-40.023,-82.702,0,0,0,0,0,"",0,0,0,0,0,0,0,0,0,5
35,2,1,3,0,0,0,0,1,0,0,3,255,255,27,2973.877,"mungjungh",R,28,127,-1.332,0.662,0.016,1.999,-36.404,0,0,36.557,-71.652,-0.862,0,0,0,7,6,L,"ぐだもん",160,100.466,0.551,0,20,0,0,0,0,0,0,0,0,0,0,0,0,0,0,0,0,0.178,-37.337,"_Chun",-0.035,-17.211,"Kr_Luna",-19.173,-40.09,"오띵__",-7.111,-64.296,"なおｐ--",21.174,-47.631,"CVPileMaki",13.378,-63.87,"SFIDA",36.658,-84.823,"Multeinn",0.895,-102.439,"NABIMan",-35.306,-84.453,0,0,0,0,0,"",0,0,0,0,0,0,0,0,0,0
36,2,1,3,0,0,1,0,1,0,0,3,255,255,28,2994.49,"mungjungh",R,27,130,-0.984,1.995,0.048,2.174,-36.507,1,0,38.843,-100.605,6.37,0,0,0,7,6,L,"ぐだもん",160,100.466,0.551,0,20,0,0,0,0,0,0,0,0,0,0,0,0,0,0,0,0,0.29,-37.416,"_Chun",-0.241,-17.309,"Kr_Luna",-19.491,-40.387,"오띵__",-4.201,-62.456,"なおｐ--",21.288,-47.502,"CVPileMaki",13.549,-64.767,"SFIDA",38.495,-81.645,"Multeinn",0.58,-103.79,"NABIMan",-37.058,-83.591,0,0,0,0,0,"",0,0,0,0,0,0,0,0,0,0
37,2,1,3,0,1,1,0,1,0,0,3,255,255,29,3026.258,"mungjungh",R,28,129,-1.496,0.178,-0.004,1.937,-36.485,1,0,51.432,-59.6,3.642,0,0,0,7,6,L,"ぐだもん",160,100.466,0.551,0,20,0,0,0,0,0,0,0,0,0,0,0,0,0,0,0,0,0.064,-37.511,"_Chun",0.228,-17.191,"Kr_Luna",-19.661,-42.2,"오띵__",-7.289,-64.097,"なおｐ--",21.259,-47.442,"CVPileMaki",13.538,-64.74,"SFIDA",38.467,-81.596,"Multeinn",0.64,-103.874,"NABIMan",-38.334,-84.934,0,0,0,0,0,"",0,0,0,0,0,0,0,0,0,0
38,2,1,3,0,2,1,0,1,0,0,3,255,255,30,3045.506,"mungjungh",R,0,122,-1.061,1.081,0.041,2.065,-36.409,0,0,36.509,-39.834,0.035,0,0,0,7,6,L,"ぐだもん",160,100.466,0.551,0,59,0,0,0,0,0,0,0,0,0,0,0,0,0,0,0,0,0.291,-37.559,"_Chun",-0.129,-17.313,"Kr_Luna",-19.321,-40.554,"오띵__",-5.584,-65.094,"なおｐ--",21.233,-47.418,"CVPileMaki",13.591,-64.774,"SFIDA",38.656,-81.97,"Multeinn",0.382,-103.626,"NABIMan",-38.752,-84.751,0,0,0,0,0,"",0,0,0,0,0,0,0,0,0,0
39,2,1,3,0,2,2,0,1,0,0,3,255,255,31,3063.521,"mungjungh",R,34,131,-0.176,-0.611,0.11,1.828,-36.411,0,0,79.142,-65.82,5.978,0,0,1,7,6,L,"ぐだもん",160,100.466,0.551,0,59,0,0,0,0,0,0,0,0,0,0,0,0,0,0,0,0,-0.01,-36.395,"_Chun",0.034,-17.28,"Kr_Luna",-19.509,-40.723,"오띵__",-5.629,-63.558,"なおｐ--",21.185,-47.073,"CVPileMaki",10.774,-63.801,"SFIDA",38.064,-80.649,"Multeinn",0.564,-102.807,"NABIMan",-37.178,-84.682,0,0,0,0,0,"",0,0,0,0,0,0,0,0,0,0
40,2,1,3,0,0,0,1,0,1,0,255,3,255,32,3101.393,"mungjungh",R,28,129,1.765,-0.529,0.306,1.901,-36.453,1,0,45.131,-60.77,2.266,0,0,0,8,7,L,"alcohol500",163.6,95,0.386,0,59,0,0,0,0,0,0,0,0,0,0,0,0,0,0,0,0,0.123,-37.27,"_Chun",0.172,-17.33,"Kr_Luna",-20.297,-50.279,"오띵__",-5.34,-64.653,"なおｐ--",21.263,-45.793,"CVPileMaki",14.211,-64.223,"SFIDA",42.449,-80.516,"Multeinn",2.035,-105.128,"NABIMan",-38.481,-85.793,0,0,0,0,0,"",0,0,0,0,0,0,0,0,0,0
41,2,1,3,0,1,0,1,0,1,0,255,3,255,33,3119.825,"mungjungh",R,3,112,0.318,-0.056,0.461,2.024,-36.543,2,0,-426.673,0,10.909,0,0,1,8,7,L,"alcohol500",163.6,95,0.386,2,59,3120.946,171,112,37,133,147,83,56.432,-29.689,-0.46,0.062,-0.054,0.372,0,0,0,0.072,-36.864,"_Chun",0.105,-16.969,"Kr_Luna",-20.084,-49.526,"오띵__",-7.842,-65.03,"なおｐ--",20.843,-47.016,"CVPileMaki",13.489,-64.762,"SFIDA",42.959,-79.097,"Multeinn",1.27,-103.383,"NABIMan",-42.719,-90.551,3126.584,28.715,-60.788,3126.951,6,"SFIDA",28.432,-60.395,0,0,0,0,0,0,0,1
42,2,1,3,0,0,0,2,0,1,0,255,3,255,34,3167.219,"mungjungh",R,26,134,0.82,0.167,0.211,1.932,-36.385,2,0,77.597,-156.123,9.522,0,0,1,0,4,R,"にゃんこ3K",190,104,0.598,3,59,3168.309,182,90,42,102,143,89,61.975,-45.346,-0.52,-0.06,-0.157,0.239,0,0,0,0.256,-36.368,"_Chun",0.139,-17.148,"Kr_Luna",-20.608,-46.778,"오띵__",-12.82,-65.341,"なおｐ--",21.426,-48.058,"CVPileMaki",8.807,-65.706,"SFIDA",37.677,-87.241,"Multeinn",-2.376,-106.879,"NABIMan",-43.893,-87.976,3174.168,44.557,-53.412,0,0,"",0,0,0,0,0,0,0,0,0,3
43,2,1,3,0,0,1,2,0,0,1,255,255,3,35,3195.976,"mungjungh",R,28,127,-0.327,1.229,0.115,2.147,-36.456,4,0,21.602,-75.777,4.861,0,0,1,0,4,R,"にゃんこ3K",190,104,0.598,0,44,0,0,0,0,0,0,0,0,0,0,0,0,0,0,0,0,0.161,-36.864,"_Chun",-0.225,-17.161,"Kr_Luna",-20.397,-47.156,"오띵__",-12.564,-65.504,"なおｐ--",20.477,-46.873,"CVPileMaki",6.408,-65.796,"SFIDA",38.596,-85.08,"Multeinn",1.105,-105.704,"NABIMan",-41.097,-83.321,0,0,0,0,0,"",0,0,0,0,0,0,0,0,0,0
44,2,1,3,0,0,2,2,0,1,0,255,3,255,36,3219.625,"mungjungh",R,3,112,2.421,0.4,0.413,1.62,-36.454,1,0,-460.591,0,-0.041,0,0,0,0,4,R,"にゃんこ3K",190,104,0.598,0,44,0,0,0,0,0,0,0,0,0,0,0,0,0,0,0,0,0.237,-37.632,"_Chun",0.256,-17.114,"Kr_Luna",-21.008,-43.977,"오띵__",-11.563,-65.683,"なおｐ--",20.848,-44.766,"CVPileMaki",5.805,-64.808,"SFIDA",40.424,-83.884,"Multeinn",0.827,-106.284,"NABIMan",-42.012,-85.726,0,0,0,0,0,"",0,0,0,0,0,0,0,0,0,0
45,2,1,3,0,1,2,2,0,1,0,255,3,255,37,3242.836,"mungjungh",R,0,140,-3.19,-1.276,-0.158,1.676,-36.41,1,0,44.326,-37.714,4.301,0,0,0,0,4,R,"にゃんこ3K",190,104,0.598,0,44,0,0,0,0,0,0,0,0,0,0,0,0,0,0,0,0,0.281,-37.383,"_Chun",-0.035,-17.53,"Kr_Luna",-20.13,-44.085,"오띵__",-12.854,-65.331,"なおｐ--",20.118,-42.349,"CVPileMaki",5.243,-64.04,"SFIDA",39.482,-80.244,"Multeinn",-1.724,-105.926,"NABIMan",-41.58,-84.954,0,0,0,0,0,"",0,0,0,0,0,0,0,0,0,0
46,2,1,3,0,2,2,2,0,0,1,255,255,3,38,3266.46,"mungjungh",R,28,127,-0.281,0.684,0.113,2.042,-36.347,2,0,40.671,-63.981,-4.907,0,0,1,0,4,R,"にゃんこ3K",190,104,0.598,3,44,3267.53,236,108,38,118,149,100,31.809,-7.806,0.02,-0.037,-0.139,0.389,0,0,0,-0.01,-36.37,"_Chun",0.024,-17.173,"Kr_Luna",-19.707,-46.542,"오띵__",-12.826,-65.275,"なおｐ--",18.508,-43.842,"CVPileMaki",11.97,-64.876,"SFIDA",39.637,-81.564,"Multeinn",-2.942,-103.754,"NABIMan",-40.008,-84.285,0,0,0,3272.651,7,"Multeinn",-2.185,-99.481,0,0,0,0,0,0,0,1
47,2,0,3,0,0,0,0,0,0,0,255,255,255,7,3347.072,"559：広告",R,27,134,1.441,1.461,0.096,2.052,-36.698,4,0,113.114,-132.745,0.779,0.923,-17.03,1,3,8,L,"NABIMan",190,98.986,0.547,0,59,0,0,0,0,0,0,0,0,0,0,0,0,0,0,0,0,-0.314,-37.222,"ゆっち一",-0.048,-16.632,"檸檬の残骸",-20.647,-47.314,"mochi_2929",-7.217,-61.501,"にゃんこ3K",24.218,-49.142,"sano jpn",13.709,-65.354,"ぐだもん",36.076,-81.418,"alcohol500",6.597,-100.87,"あくせる",-29.342,-88.71,0,0,0,0,0,"",0,0,0,0,0,0,0,0,0,0
48,2,0,3,0,0,1,0,0,0,0,255,255,255,8,3363.993,"559：広告",R,10,126,-1.736,-1.796,-0.114,1.601,-36.514,4,0,-136.05,400,5.045,0,0,1,3,8,L,"NABIMan",190,98.986,0.547,3,33,3365.162,175,104,26,159,144,130,-30,42.222,0.44,0.061,-0.083,0.474,0,0,0,-0.315,-37.19,"ゆっち一",-0.308,-16.974,"檸檬の残骸",-20.239,-46.995,"mochi_2929",-10.275,-61.569,"にゃんこ3K",24.186,-49.121,"sano jpn",13.741,-65.288,"ぐだもん",36.099,-81.397,"alcohol500",6.659,-100.949,"あくせる",-29.443,-88.736,0,0,0,3366.701,6,"SFIDA",-0.225,-17.505,0,0,0,0,0,0,0,1
49,2,0,3,0,0,2,0,0,0,0,255,255,255,9,3416.409,"559：広告",R,28,133,0.436,1.446,0.022,2.063,-36.586,2,0,57.663,-83.174,4.515,0,0,1,3,8,L,"NABIMan",190,98.986,0.547,3,33,3417.282,228,126,32,201,155,130,116.422,-25.357,0.35,0.003,-0.081,0.62,0,0,0,-0.109,-37.048,"ゆっち一",-0.106,-16.432,"檸檬の残骸",-18.948,-46.944,"mochi_2929",-10.803,-61.774,"にゃんこ3K",24.51,-49.71,"sano jpn",14.443,-63.88,"ぐだもん",34.276,-82.312,"alcohol500",7.787,-102.536,"あくせる",-25.135,-90.914,0,0,0,0,0,"",0,0,0,0,0,0,0,0,0,3
50,2,0,3,0,0,2,0,0,0,0,255,255,255,10,3436.037,"559：広告",R,10,108,0.714,-0.863,0.066,1.822,-36.641,0,0,0,400,-0.329,0.075,-17.072,1,3,8,L,"NABIMan",190,98.986,0.547,0,33,0,0,0,0,0,0,0,0,0,0,0,0,0,0,0,0,0.256,-37.902,"ゆっち一",0.024,-17.025,"檸檬の残骸",-19.516,-46.682,"mochi_2929",-11.685,-61.777,"にゃんこ3K",24.28,-49.934,"sano jpn",12.979,-64.391,"ぐだもん",33.519,-81.306,"alcohol500",5.853,-101.277,"あくせる",-26.018,-87.823,0,0,0,0,0,"",0,0,0,0,0,0,0,0,0,0
51,2,0,3,0,0,0,1,0,0,0,255,255,255,11,3475.274,"559：広告",R,3,123,-2.713,-0.801,-0.1,1.651,-36.592,2,0,-449.936,0,14.294,0,0,0,4,4,R,"なおｐ--",190,93.947,0.401,3,59,3476.404,153,123,59,109,146,103,51.381,48.893,0.9,-0.133,-0.21,0.297,0,0,0,-0.252,-37.475,"ゆっち一",-0.298,-16.711,"檸檬の残骸",-22.014,-49.373,"mochi_2929",-11.795,-62.247,"にゃんこ3K",22.575,-52.111,"sano jpn",12.197,-66.215,"ぐだもん",27.012,-89.433,"alcohol500",-14.696,-98.708,"あくせる",-37.465,-78.548,3482.368,-67.609,-64.084,0,0,"",0,0,0,0,0,0,0,0,0,3
52,2,0,3,0,0,1,1,0,0,0,255,255,255,12,3498.554,"559：広告",R,4,124,-0.866,-0.038,-0.001,1.809,-36.566,0,0,-225.393,28.132,-1.922,0,0,1,4,4,R,"なおｐ--",190,93.947,0.401,0,59,0,0,0,0,0,0,0,0,0,0,0,0,0,0,0,0,-0.219,-37.495,"ゆっち一",-0.376,-16.321,"檸檬の残骸",-20.521,-47.253,"mochi_2929",-11.53,-62.391,"にゃんこ3K",22.508,-51.583,"sano jpn",10.7,-67.388,"ぐだもん",29.532,-88.136,"alcohol500",-13.396,-99.035,"あくせる",-37.243,-77.512,0,0,0,0,0,"",0,0,0,0,0,0,0,0,0,0
53,2,0,3,0,0,2,1,0,0,0,255,255,255,13,3520.784,"559：広告",R,3,130,-2.387,-1.011,-0.123,1.611,-36.495,2,0,-277.026,0,5.489,0,0,1,4,4,R,"なおｐ--",190,93.947,0.401,3,59,3521.847,164,111,52,132,147,102,15.851,43.944,0.92,-0.099,-0.157,0.305,0,0,0,-0.326,-37.523,"ゆっち一",-0.405,-16.585,"檸檬の残骸",-20.81,-47.259,"mochi_2929",-12.853,-62.623,"にゃんこ3K",22.472,-51.466,"sano jpn",10.424,-66.645,"ぐだもん",29.584,-88.279,"alcohol500",-13.405,-99.231,"あくせる",-37.284,-77.414,3524.401,-43.757,-57.267,0,0,"",0,0,0,0,0,0,0,0,0,3
54,2,0,3,0,0,2,1,0,0,0,255,255,255,14,3539.101,"559：広告",R,3,110,-3.361,-0.572,-0.224,1.641,-36.503,4,0,-407.149,0,11.561,0,0,1,4,4,R,"なおｐ--",190,93.947,0.401,0,59,0,0,0,0,0,0,0,0,0,0,0,0,0,0,0,0,-0.439,-38.103,"ゆっち一",-0.637,-16.61,"檸檬の残骸",-22.532,-46.852,"mochi_2929",-13.694,-61.182,"にゃんこ3K",23.106,-52.64,"sano jpn",11.005,-65.967,"ぐだもん",23.993,-84.585,"alcohol500",-15.631,-98.747,"あくせる",-41.434,-77.364,0,0,0,0,0,"",0,0,0,0,0,0,0,0,0,0
55,2,0,3,0,0,0,2,0,0,0,255,255,255,15,3565.525,"559：広告",R,28,134,-0.827,0.795,-0.102,1.911,-36.509,0,0,78.183,-93.859,7.636,0,0,0,5,6,L,"SFIDA",175.2,86,0.2,0,59,0,0,0,0,0,0,0,0,0,0,0,0,0,0,0,0,-0.315,-37.68,"ゆっち一",-0.141,-16.476,"檸檬の残骸",-20.574,-46.233,"mochi_2929",-9.075,-62.959,"にゃんこ3K",24.244,-50.021,"sano jpn",15.168,-64.176,"ぐだもん",35.749,-83.217,"alcohol500",6.405,-100.242,"あくせる",-30.933,-82.653,0,0,0,0,0,"",0,0,0,0,0,0,0,0,0,0
56,2,0,3,0,0,1,2,0,0,0,255,255,255,16,3577.448,"559：広告",R,10,111,0.306,0.581,0.028,2.086,-36.943,0,0,0,400,3.79,0,0,1,5,6,L,"SFIDA",175.2,86,0.2,0,59,0,0,0,0,0,0,0,0,0,0,0,0,0,0,0,0,-0.407,-37.939,"ゆっち一",-0.156,-16.572,"檸檬の残骸",-20.567,-45.622,"mochi_2929",-11.656,-62.296,"にゃんこ3K",24.184,-49.954,"sano jpn",15.072,-64.134,"ぐだもん",35.684,-83.217,"alcohol500",6.322,-100.018,"あくせる",-31.134,-82.65,0,0,0,0,0,"",0,0,0,0,0,0,0,0,0,0
57,2,0,3,0,0,2,2,0,0,0,255,255,255,17,3591.056,"559：広告",R,3,113,-0.441,-0.967,0.22,1.565,-36.631,2,0,-453.69,0,5.789,0,0,1,5,6,L,"SFIDA",175.2,86,0.2,2,59,3592.128,147,110,28,158,143,84,-10.626,27.102,-0.47,0.104,-0.131,0.277,0,0,0,-0.214,-37.473,"ゆっち一",-0.104,-16.804,"檸檬の残骸",-20.236,-47.261,"mochi_2929",-12.023,-62.403,"にゃんこ3K",24.154,-49.944,"sano jpn",14.904,-64.245,"ぐだもん",35.71,-83.224,"alcohol500",6.408,-100.004,"あくせる",-30.954,-82.645,3592.401,-1.416,-22.639,3595.034,3,"mochi_2929",-18.479,-57.833,0,32,0,0,0,0,0,2
58,3,1,3,0,0,0,0,0,0,0,255,255,255,39,3653.757,"mungjungh",R,28,126,0.371,-0.034,0.166,1.915,-36.394,2,0,51.126,-55.801,1.527,0,0,1,1,5,R,"sano jpn",160,99.636,0.323,3,59,3654.846,151,108,44,135,144,119,52.093,34.265,0.49,-0.039,0.015,0.314,0,0,0,0.269,-36.547,"_Chun",0.06,-17.271,"Kr_Luna",-20.916,-47.155,"오띵__",-10.926,-66.073,"なおｐ--",21.346,-47.443,"CVPileMaki",13.552,-64.803,"SFIDA",34.119,-88.379,"Multeinn",-1.009,-103.562,"NABIMan",-43.465,-86.625,0,0,0,3671.268,3,"mochi_2929",-0.017,-38.858,0,0,0,0,0,0,0,1
59,3,1,3,0,0,0,1,0,0,0,255,255,255,40,3695.356,"mungjungh",R,3,108,0.335,-0.07,0.443,1.905,-36.519,0,0,-454.289,0,6.508,0,0,1,2,2,L,"檸檬の残骸",190,107,0.502,0,59,0,0,0,0,0,0,0,0,0,0,0,0,0,0,0,0,0.043,-37.327,"_Chun",-0.124,-16.952,"Kr_Luna",-20.721,-49.487,"오띵__",-10.983,-66.403,"なおｐ--",21.592,-48.02,"CVPileMaki",13.618,-64.693,"SFIDA",38.253,-91.777,"Multeinn",-4.866,-106.514,"NABIMan",-44.958,-89.405,0,0,0,0,0,"",0,0,0,0,0,0,0,0,0,0
60,3,1,3,0,0,1,1,0,0,0,255,255,255,41,3714.442,"mungjungh",R,3,107,1.764,-0.171,0.639,1.872,-36.598,2,0,-486.364,0,5.699,0,0,1,2,2,L,"檸檬の残骸",190,107,0.502,2,59,3715.474,208,131,52,172,155,82,19.246,-36.607,0.98,0.047,-0.125,0.4,0,0,0,0.496,-36.998,"_Chun",0.213,-17.029,"Kr_Luna",-20.637,-49.269,"오띵__",-10.952,-66.316,"なおｐ--",21.705,-47.954,"CVPileMaki",13.618,-64.731,"SFIDA",38.149,-91.268,"Multeinn",-5.12,-105.439,"NABIMan",-43.659,-89.904,0,0,0,3717.851,4,"なおｐ--",23.735,-50.851,0,0,0,0,0,0,0,1
61,3,1,3,0,0,0,2,0,0,0,255,255,255,42,3763.892,"mungjungh",R,34,126,-0.155,1.638,-0.032,1.843,-36.355,1,0,51.554,-45.296,1.485,0,0,0,3,1,R,"ゆっち一",190,100,0.38,0,59,0,0,0,0,0,0,0,0,0,0,0,0,0,0,0,0,0.015,-37.181,"_Chun",-0.435,-17.125,"Kr_Luna",-23.204,-51.236,"오띵__",-11.383,-66.132,"なおｐ--",23.419,-49.867,"CVPileMaki",13.411,-64.875,"SFIDA",33.027,-103.184,"Multeinn",-8.447,-110.738,"NABIMan",-43.2,-91.885,0,0,0,0,0,"",0,0,0,0,0,0,0,0,0,0
62,3,1,3,0,1,0,2,0,0,0,255,255,255,43,3784.833,"mungjungh",R,28,126,0.531,-0.65,0.111,1.666,-36.419,2,0,37.524,-76.315,6.578,0,0,1,3,1,R,"ゆっち一",190,100,0.38,3,59,3785.946,173,122,32,192,150,122,-15.119,14.969,0.33,-0.157,-0.243,0.41,0,0,0,0.129,-36.6,"_Chun",-0.042,-17.114,"Kr_Luna",-23.294,-51.178,"오띵__",-11.373,-66.045,"なおｐ--",23.299,-49.742,"CVPileMaki",13.261,-64.871,"SFIDA",30.939,-99.419,"Multeinn",-8.087,-110.161,"NABIMan",-44.437,-91.035,3786.051,-0.406,-20.663,3787.951,3,"오띵__",-7.857,-60.687,0,0,0,0,0,0,0,2
63,3,0,3,0,0,0,0,0,0,0,255,255,255,18,3843.02,"559：広告",R,28,129,-1.836,0.461,-0.181,1.874,-36.385,1,0,31.262,-78.207,7.438,0,0,0,6,9,L,"M_lunatic",190,107,0.404,0,47,0,0,0,0,0,0,0,0,0,0,0,0,0,0,0,0,-0.294,-37.906,"ゆっち一",-0.099,-16.486,"檸檬の残骸",-20.065,-47.332,"mochi_2929",-11.895,-61.709,"にゃんこ3K",24.066,-49.661,"sano jpn",15.189,-62.735,"ぐだもん",34.667,-82,"alcohol500",3.84,-101.358,"あくせる",-28.701,-86.333,0,0,0,0,0,"",0,0,0,0,0,0,0,0,0,0
64,3,0,3,0,1,0,0,0,0,0,255,255,255,19,3859.192,"559：広告",R,28,127,-2.204,0.467,-0.23,1.866,-36.401,2,0,81.979,-97.325,11.875,0,0,1,6,9,L,"M_lunatic",190,107,0.404,2,47,3860.194,168,79,34,79,142,88,91.756,-85.488,-0.54,0.113,-0.153,0.147,0,0,0,-0.294,-37.089,"ゆっち一",-0.242,-16.734,"檸檬の残骸",-20.121,-47.271,"mochi_2929",-11.588,-60.635,"にゃんこ3K",24.089,-49.567,"sano jpn",15.176,-62.725,"ぐだもん",34.006,-81.646,"alcohol500",4.078,-101.283,"あくせる",-28.729,-86.263,3866.534,-36.462,-24.562,0,0,"",0,0,0,0,0,0,0,0,0,3
65,3,0,3,0,1,1,0,0,0,0,255,255,255,20,3883.05,"559：広告",R,10,110,-0.277,-0.658,-0.026,1.84,-36.83,2,0,0,400,-0.075,0,0,1,6,9,L,"M_lunatic",190,107,0.404,2,47,3884.141,248,145,67,171,155,84,-30,-43.662,0.97,0.168,-0.203,0.492,0,0,0,-0.198,-37.598,"ゆっち一",0.044,-16.659,"檸檬の残骸",-21.198,-48.023,"mochi_2929",-10.871,-61.724,"にゃんこ3K",25.513,-50.641,"sano jpn",14.871,-63.088,"ぐだもん",33.77,-82.035,"alcohol500",5.719,-98.71,"あくせる",-29.411,-87.668,3884.351,1.423,-23.688,3886.318,4,"にゃんこ3K",22.043,-45.898,0,0,0,0,0,0,0,2
66,3,0,3,0,0,0,1,0,0,0,255,255,255,21,3918.03,"559：広告",R,3,125,-3.809,-0.323,-0.232,1.755,-36.475,1,0,-357.438,0,11.699,-1.406,-16.834,0,7,5,R,"CVPileMaki",169.8,94,0.4,0,59,0,0,0,0,0,0,0,0,0,0,0,0,0,0,0,0,-0.214,-37.996,"ゆっち一",-0.813,-15.711,"檸檬の残骸",-21.071,-48.026,"mochi_2929",-8.353,-62.146,"にゃんこ3K",23.807,-50.017,"sano jpn",14.186,-63.226,"ぐだもん",32.664,-79.412,"alcohol500",3.339,-98.564,"あくせる",-32.742,-81.64,0,0,0,0,0,"",0,0,0,0,0,0,0,0,0,0
67,3,0,3,0,1,0,1,0,0,0,255,255,255,22,3932.487,"559：広告",R,33,136,-0.33,-0.017,-0.069,1.777,-36.566,0,0,120.86,-97.21,5.628,0,0,1,7,5,R,"CVPileMaki",169.8,94,0.4,0,59,0,0,0,0,0,0,0,0,0,0,0,0,0,0,0,0,-0.327,-38.072,"ゆっち一",-0.11,-16.491,"檸檬の残骸",-20.658,-47.158,"mochi_2929",-10.979,-58.242,"にゃんこ3K",23.768,-49.968,"sano jpn",14.257,-63.224,"ぐだもん",32.714,-79.423,"alcohol500",3.238,-98.53,"あくせる",-32.703,-81.555,0,0,0,0,0,"",0,0,0,0,0,0,0,0,0,0
68,3,0,3,0,1,1,1,0,0,0,255,255,255,23,3948.329,"559：広告",R,0,132,-1.468,1.155,-0.146,1.972,-36.539,2,0,28.762,-41.564,2.838,0,0,1,7,5,R,"CVPileMaki",169.8,94,0.4,3,59,3949.399,177,111,21,167,144,124,28.338,-3.732,0.33,0.016,-0.031,0.237,0,0,0,-0.264,-37.134,"ゆっち一",-0.052,-16.684,"檸檬の残骸",-21.084,-47.498,"mochi_2929",-10.509,-61.247,"にゃんこ3K",23.7,-49.895,"sano jpn",14.255,-63.138,"ぐだもん",32.701,-79.413,"alcohol500",4.158,-98.986,"あくせる",-32.66,-81.569,3954.901,-10.265,-129.598,3958.168,7,"alcohol500",-10.669,-124.429,1,0,0,0,0,0,0,2
69,3,0,3,0,0,0,1,0,1,0,255,14,255,24,3997.711,"559：広告",R,0,127,-3.196,-0.412,-0.291,1.748,-36.289,1,0,-19.546,0,5.649,0,0,0,8,7,R,"Multeinn",160,95.343,0.505,0,59,0,0,0,0,0,0,0,0,0,0,0,0,0,0,0,0,-0.454,-37.667,"ゆっち一",-0.365,-16.445,"檸檬の残骸",-19.72,-45.614,"mochi_2929",-8.187,-63.81,"にゃんこ3K",20.279,-45.617,"sano jpn",13.14,-60.44,"ぐだもん",35.693,-79.927,"alcohol500",3.786,-103.601,"あくせる",-27.794,-86.073,0,0,0,0,0,"",0,0,0,0,0,0,0,0,0,0
70,3,0,3,0,1,0,1,0,1,0,255,14,255,25,4014.963,"559：広告",R,3,125,-1.09,-0.827,-0.005,1.691,-36.575,2,0,-261.925,0,6.19,0,0,1,8,7,R,"Multeinn",160,95.343,0.505,3,59,4015.852,0,0,0,0,0,39,-13.585,25.53,-0.3,0,0,0,0,0,0,-0.311,-37.466,"ゆっち一",-0.132,-16.586,"檸檬の残骸",-19.08,-47.819,"mochi_2929",-10.929,-61.899,"にゃんこ3K",20.269,-46.149,"sano jpn",10.774,-61.17,"ぐだもん",35.737,-80.091,"alcohol500",2.776,-103.579,"あくせる",-27.789,-86.063,4016.018,-1.139,-20.508,4020.551,3,"mochi_2929",-12.249,-46.113,1,0,0,0,0,0,0,2
71,3,0,3,1,0,0,1,0,1,0,255,16,255,26,4135.915,"559：広告",R,33,134,-2.018,-0.618,-0.223,1.686,-36.442,4,0,111.089,-106.715,1.978,-0.216,-17.499,1,0,3,R,"오띵__",164.9,90,0.405,0,59,0,0,0,0,0,0,0,0,0,0,0,0,0,0,0,0,-0.266,-37.9,"ゆっち一",-0.322,-16.638,"檸檬の残骸",-19.944,-46.877,"mochi_2929",-10.225,-62.765,"にゃんこ3K",20.761,-45.678,"sano jpn",6.357,-60.462,"ぐだもん",30.758,-83.86,"alcohol500",-3.777,-104.055,"あくせる",-35.43,-80.292,0,0,0,0,0,"",0,0,0,0,0,0,0,0,0,0
72,3,0,3,1,0,1,1,0,1,0,255,16,255,27,4154.517,"559：広告",R,3,117,-1.471,-0.721,0.025,1.759,-36.596,1,0,-412.501,146.177,-3.46,0,0,0,0,3,R,"오띵__",164.9,90,0.405,0,59,0,0,0,0,0,0,0,0,0,0,0,0,0,0,0,0,-0.265,-37.656,"ゆっち一",-0.692,-16.266,"檸檬の残骸",-19.335,-45.928,"mochi_2929",-10.492,-62.963,"にゃんこ3K",20.75,-45.533,"sano jpn",3.992,-57.927,"ぐだもん",32.817,-82.69,"alcohol500",-4.86,-103.445,"あくせる",-35.58,-80.303,0,0,0,0,0,"",0,0,0,0,0,0,0,0,0,0
73,3,0,3,1,1,1,1,0,1,0,255,16,255,28,4169.836,"559：広告",R,27,129,-0.644,1.121,-0.083,1.938,-36.578,0,0,65.537,-102.524,2.569,0,0,1,0,3,R,"오띵__",164.9,90,0.405,0,59,0,0,0,0,0,0,0,0,0,0,0,0,0,0,0,0,-0.313,-38.03,"ゆっち一",-0.098,-16.268,"檸檬の残骸",-19.313,-46.116,"mochi_2929",-10.109,-63.7,"にゃんこ3K",20.613,-44.943,"sano jpn",2.605,-57.661,"ぐだもん",32.904,-83.013,"alcohol500",-4.855,-103.539,"あくせる",-35.48,-80.304,0,0,0,0,0,"",0,0,0,0,0,0,0,0,0,0
74,3,0,3,1,1,2,1,0,1,0,255,16,255,29,4210.347,"559：広告",R,27,129,1,1.717,0.073,2.023,-36.64,1,0,57.92,-107.945,1.296,0,0,0,0,3,R,"오띵__",164.9,90,0.405,0,59,0,0,0,0,0,0,0,0,0,0,0,0,0,0,0,0,-0.291,-37.828,"ゆっち一",-0.038,-16.292,"檸檬の残骸",-20.635,-47.31,"mochi_2929",-10.154,-62.931,"にゃんこ3K",20.575,-45.391,"sano jpn",5.8,-56.526,"ぐだもん",32.946,-82.995,"alcohol500",-7.681,-100.573,"あくせる",-35.507,-80.393,0,0,0,0,0,"",0,0,0,0,0,0,0,0,0,0
75,3,0,3,1,2,2,1,0,1,0,255,16,255,30,4226.211,"559：広告",R,10,113,1.025,0.638,0.022,2.024,-36.711,0,0,0,400,3.887,0,0,1,0,3,R,"오띵__",164.9,90,0.405,0,59,0,0,0,0,0,0,0,0,0,0,0,0,0,0,0,0,-0.301,-37.663,"ゆっち一",-0.143,-16.42,"檸檬の残骸",-19.477,-45.491,"mochi_2929",-11.155,-63.195,"にゃんこ3K",20.367,-45.089,"sano jpn",5.402,-56.722,"ぐだもん",33.007,-82.928,"alcohol500",-7.921,-100.565,"あくせる",-35.431,-79.156,0,0,0,0,0,"",0,0,0,0,0,0,0,0,0,0
76,3,0,3,1,0,0,2,0,1,0,255,16,255,31,4255.362,"559：広告",R,10,111,0.008,-0.986,-0.015,1.779,-36.538,2,0,39.855,400,12.476,0,0,1,1,2,L,"Kr_Luna",190,96.932,0.471,2,59,4256.238,171,84,40,92,142,126,10.256,4.02,0.76,0.004,-0.076,0.286,0,0,0,-0.08,-37.605,"ゆっち一",-0.05,-16.517,"檸檬の残骸",-20.885,-49.621,"mochi_2929",-8.118,-62.424,"にゃんこ3K",21.896,-46.743,"sano jpn",12.44,-59.034,"ぐだもん",37.819,-81.706,"alcohol500",6.894,-100.288,"あくせる",-26.624,-88.012,4259.351,-7,-102.87,4264.418,7,"alcohol500",-12.542,-119.983,1,0,0,0,0,0,0,2
77,3,0,3,2,0,0,2,0,1,0,255,255,255,32,4294.49,"559：広告",R,6,103,0.174,-0.203,-0.169,1.773,-36.723,2,0,392.818,0,1.45,0,0,1,2,1,L,"_Chun",190,95.123,0.455,3,59,4295.598,130,85,32,126,141,130,50,-14.161,0.7,0.008,-0.083,0.138,0,0,0,-0.164,-37.491,"ゆっち一",-0.093,-16.823,"檸檬の残骸",-19.592,-46.901,"mochi_2929",-6.893,-61.652,"にゃんこ3K",22.182,-46.66,"sano jpn",10.521,-62.863,"ぐだもん",36.453,-80.789,"alcohol500",9.998,-105.632,"あくせる",-26.227,-89.238,0,0,0,4302.818,7,"alcohol500",33.839,-115.363,0,0,0,0,0,0,0,1
78,4,1,3,2,0,0,0,0,0,0,255,255,255,44,4357.916,"mungjungh",R,0,128,-1.858,0.628,-0.025,2.045,-36.403,1,0,16.374,-25.67,2.704,0,0,0,4,9,L,"CAT tourniquet",190,95.214,0.357,0,59,0,0,0,0,0,0,0,0,0,0,0,0,0,0,0,0,0.038,-37.246,"_Chun",0.052,-17.007,"Kr_Luna",-20.853,-47.629,"오띵__",-10.614,-66.392,"なおｐ--",21.765,-48.165,"CVPileMaki",13.547,-64.782,"SFIDA",39.219,-84.134,"Multeinn",-3.772,-107.179,"NABIMan",-39.116,-87.618,0,0,0,0,0,"",0,0,0,0,0,0,0,0,0,0
79,4,1,3,2,1,0,0,0,0,0,255,255,255,45,4375.902,"mungjungh",R,0,126,-1.153,-0.53,0.032,1.815,-36.397,0,0,40.12,-48.013,4.01,0,0,0,4,9,L,"CAT tourniquet",190,95.214,0.357,0,59,0,0,0,0,0,0,0,0,0,0,0,0,0,0,0,0,0.013,-37.118,"_Chun",0.142,-17.006,"Kr_Luna",-20.425,-47.943,"오띵__",-10.604,-66.389,"なおｐ--",21.705,-48.175,"CVPileMaki",13.688,-64.78,"SFIDA",39.144,-84.107,"Multeinn",2.003,-105.1,"NABIMan",-39.55,-86.627,0,0,0,0,0,"",0,0,0,0,0,0,0,0,0,0
80,4,1,3,2,1,1,0,0,0,0,255,255,255,46,4390.85,"mungjungh",R,28,129,-0.936,0.634,0.063,2.072,-36.41,4,0,40,-51.876,4.104,0.178,-20.118,1,4,9,L,"CAT tourniquet",190,95.214,0.357,0,59,0,0,0,0,0,0,0,0,0,0,0,0,0,0,0,0,0.048,-37.164,"_Chun",-0.136,-17.804,"Kr_Luna",-20.396,-48.04,"오띵__",-10.593,-66.302,"なおｐ--",21.711,-48.15,"CVPileMaki",14.228,-64.175,"SFIDA",39.14,-84.109,"Multeinn",1.141,-103.998,"NABIMan",-39.133,-86.389,0,0,0,0,0,"",0,0,0,0,0,0,0,0,0,0
81,4,1,3,2,1,2,0,0,0,0,255,255,255,47,4412.242,"mungjungh",R,10,125,-1.472,-2.186,0.186,1.85,-36.573,1,0,-18.016,400,13.922,-0.295,-19.667,0,4,9,L,"CAT tourniquet",190,95.214,0.357,0,55,0,0,0,0,0,0,0,0,0,0,0,0,0,0,0,0,0.061,-37.751,"_Chun",0.062,-17.133,"Kr_Luna",-20.533,-48.518,"오띵__",-10.789,-66.295,"なおｐ--",21.758,-48.215,"CVPileMaki",13.54,-64.82,"SFIDA",39.217,-83.57,"Multeinn",2.223,-104.717,"NABIMan",-39.745,-87.379,0,0,0,0,0,"",0,0,0,0,0,0,0,0,0,0
82,4,1,3,2,2,2,0,0,0,0,255,255,255,48,4427.915,"mungjungh",R,28,132,-1.03,1.31,0.054,2.16,-36.415,1,0,10.664,-90.709,6.48,0,0,0,4,9,L,"CAT tourniquet",190,95.214,0.357,0,55,0,0,0,0,0,0,0,0,0,0,0,0,0,0,0,0,0.195,-37.28,"_Chun",-0.185,-16.975,"Kr_Luna",-20.958,-48.807,"오띵__",-10.793,-66.32,"なおｐ--",21.759,-48.22,"CVPileMaki",13.607,-64.866,"SFIDA",39.181,-83.533,"Multeinn",1.272,-104.875,"NABIMan",-41.511,-87.796,0,0,0,0,0,"",0,0,0,0,0,0,0,0,0,0
83,4,1,3,2,3,2,0,0,0,0,255,255,255,49,4441.636,"mungjungh",R,28,124,-0.743,0.753,0.071,2.058,-36.397,0,0,35.886,-63.943,3.915,0,0,1,4,9,L,"CAT tourniquet",190,95.214,0.357,0,55,0,0,0,0,0,0,0,0,0,0,0,0,0,0,0,0,0.066,-37.468,"_Chun",0.404,-16.894,"Kr_Luna",-20.621,-45.64,"오띵__",-10.787,-66.31,"なおｐ--",21.768,-48.246,"CVPileMaki",13.53,-64.851,"SFIDA",39.192,-83.542,"Multeinn",0.567,-104.567,"NABIMan",-42.496,-88.546,0,0,0,0,0,"",0,0,0,0,0,0,0,0,0,0
84,4,1,3,2,0,0,1,0,0,0,255,255,255,50,4469.706,"mungjungh",R,28,122,0.446,0.167,0.175,1.938,-36.372,2,0,55.048,-57.213,-3.021,0,0,1,5,8,R,"あくせる",170.4,107,0.28,3,59,4470.774,186,110,29,155,146,86,59.209,34.131,-0.23,-0.033,-0.096,0.336,0,0,0,0.285,-36.549,"_Chun",0.162,-17.181,"Kr_Luna",-21.445,-48.088,"오띵__",-10.781,-66.248,"なおｐ--",21.758,-48.226,"CVPileMaki",13.495,-64.701,"SFIDA",37.052,-83.176,"Multeinn",-0.915,-101.747,"NABIMan",-43.046,-85.923,0,0,0,4476.635,2,"Kr_Luna",-29.167,-62.567,0,0,0,0,0,0,0,1
85,4,1,3,2,0,0,2,0,0,0,255,255,255,51,4506.035,"mungjungh",R,3,108,-2.374,0.133,0.232,1.925,-36.533,2,0,-386.27,0,7.471,0,0,1,6,3,R,"mochi_2929",169.6,100.434,0.498,2,59,4507.171,114,102,79,132,141,123,113.786,-66.733,0.72,-0.019,-0.073,0.08,0,0,0,0.158,-36.94,"_Chun",-0.176,-17.111,"Kr_Luna",-22.746,-49.768,"오띵__",-10.983,-66.178,"なおｐ--",22.366,-48.874,"CVPileMaki",13.453,-64.804,"SFIDA",37.288,-81.646,"Multeinn",-1.595,-101.531,"NABIMan",-42.167,-84.809,0,0,0,0,0,"",0,0,0,0,0,0,0,0,0,3
86,4,1,3,2,0,1,2,0,0,0,255,255,255,52,4527.075,"mungjungh",R,0,120,2.952,2.444,0.422,2.302,-36.684,1,0,12.736,-15.989,1.365,0.913,-17.893,0,6,3,R,"mochi_2929",169.6,100.434,0.498,0,59,0,0,0,0,0,0,0,0,0,0,0,0,0,0,0,0,0.094,-36.595,"_Chun",0.438,-17.065,"Kr_Luna",-23.118,-49.833,"오띵__",-11.181,-66.008,"なおｐ--",22.41,-48.911,"CVPileMaki",13.579,-64.844,"SFIDA",37.915,-82.705,"Multeinn",-1.213,-102.848,"NABIMan",-42.604,-83.529,0,0,0,0,0,"",0,0,0,0,0,0,0,0,0,0
87,4,1,3,2,1,1,2,0,0,0,255,255,255,53,4549.392,"mungjungh",R,0,128,0.873,0.597,0.226,2.012,-36.438,0,0,22.275,-33.829,2.276,0,0,1,6,3,R,"mochi_2929",169.6,100.434,0.498,0,59,0,0,0,0,0,0,0,0,0,0,0,0,0,0,0,0,0.129,-37.024,"_Chun",0.222,-17.013,"Kr_Luna",-21.437,-48.085,"오띵__",-11.163,-66.02,"なおｐ--",22.406,-48.916,"CVPileMaki",13.607,-64.791,"SFIDA",38.565,-83.319,"Multeinn",-1.374,-102.874,"NABIMan",-40.705,-82.975,0,0,0,0,0,"",0,0,0,0,0,0,0,0,0,0
88,4,1,3,2,1,2,2,0,0,0,255,255,255,54,4568.307,"mungjungh",R,27,127,1.043,2.068,0.224,2.24,-36.54,1,0,33.252,-117.618,6.551,0,0,0,6,3,R,"mochi_2929",169.6,100.434,0.498,0,59,0,0,0,0,0,0,0,0,0,0,0,0,0,0,0,0,0,-36.874,"_Chun",0.358,-16.868,"Kr_Luna",-21.492,-49.215,"오띵__",-11.172,-65.971,"なおｐ--",22.359,-48.866,"CVPileMaki",13.587,-64.767,"SFIDA",38.151,-83.731,"Multeinn",-1.287,-102.788,"NABIMan",-39.454,-81.981,0,0,0,0,0,"",0,0,0,0,0,0,0,0,0,0
89,4,1,3,2,2,2,2,0,0,0,255,255,255,55,4585.835,"mungjungh",R,10,111,0.695,-0.191,0.166,2.388,-36.66,2,0,-73.175,400,20.227,0,0,1,6,3,R,"mochi_2929",169.6,100.434,0.498,2,59,4586.982,121,39,17,48,86,63,-17.379,18.462,0.11,0.017,-0.077,0.109,0,0,0,-0.101,-36.491,"_Chun",0.129,-17.215,"Kr_Luna",-20.808,-48.167,"오띵__",-11.157,-65.983,"なおｐ--",22.419,-49.068,"CVPileMaki",13.546,-64.76,"SFIDA",38.162,-83.734,"Multeinn",-1.889,-101.932,"NABIMan",-41.301,-82.787,4587.284,-0.467,-20.966,4590.468,3,"오띵__",-11.856,-54.794,0,64,0,0,0,0,0,2
90,4,0,3,2,0,0,0,0,0,0,255,255,255,33,4642.781,"559：広告",R,28,134,-1.788,0.723,-0.195,1.936,-36.429,2,0,46.234,-94.922,11.154,0,0,1,3,8,L,"NABIMan",190,98.986,0.547,3,59,4643.585,184,66,37,81,141,88,28.517,19.436,-0.53,0.053,-0.059,0.182,0,0,0,-0.239,-36.972,"ゆっち一",-0.167,-16.887,"檸檬の残骸",-19.38,-46.746,"mochi_2929",-11.619,-63.343,"にゃんこ3K",23.969,-50.535,"sano jpn",15.635,-63.541,"ぐだもん",35.441,-79.033,"alcohol500",4.855,-103.323,"あくせる",-28.067,-90.806,0,0,0,4648.534,8,"あくせる",-28.808,-83.982,0,0,0,0,0,0,0,1
91,4,0,3,2,0,0,1,0,0,0,255,255,255,34,4676.655,"559：広告",R,3,127,-1.416,-0.592,0.007,1.692,-36.636,0,0,-402.602,0,3.603,0,0,1,4,4,R,"なおｐ--",190,93.947,0.401,0,59,0,0,0,0,0,0,0,0,0,0,0,0,0,0,0,0,-0.525,-37.762,"ゆっち一",-0.171,-16.526,"檸檬の残骸",-21.877,-48.155,"mochi_2929",-12.097,-63.381,"にゃんこ3K",21.628,-52.071,"sano jpn",11.715,-65.852,"ぐだもん",23.153,-86.503,"alcohol500",-9.611,-98.073,"あくせる",-38.334,-76.549,0,0,0,0,0,"",0,0,0,0,0,0,0,0,0,0
92,4,0,3,2,0,1,1,0,0,0,255,255,255,35,4692.338,"559：広告",R,27,137,-0.361,1.397,-0.061,2.043,-36.583,2,0,87.39,-128.605,6.677,0,0,1,4,4,R,"なおｐ--",190,93.947,0.401,3,59,4693.383,140,80,19,116,139,125,54.823,51.752,0.26,-0.1,-0.061,0.302,0,0,0,-0.281,-37.161,"ゆっち一",-0.084,-16.665,"檸檬の残骸",-21.628,-47.012,"mochi_2929",-12.161,-63.406,"にゃんこ3K",21.631,-52.085,"sano jpn",11.609,-65.694,"ぐだもん",23.74,-89.846,"alcohol500",-10.26,-98.65,"あくせる",-38.249,-76.584,4699.984,-94.177,-67.891,0,0,"",0,0,0,0,0,0,0,0,0,3
93,4,0,3,2,0,2,1,0,0,0,255,255,255,36,4715.669,"559：広告",R,5,136,-0.58,-1.488,-0.028,1.52,-36.628,1,0,-83.599,0,1.512,0,0,0,4,4,R,"なおｐ--",190,93.947,0.401,0,59,0,0,0,0,0,0,0,0,0,0,0,0,0,0,0,0,-0.444,-37.923,"ゆっち一",-0.565,-16.584,"檸檬の残骸",-21.139,-45.724,"mochi_2929",-12.14,-62.576,"にゃんこ3K",21.615,-52.015,"sano jpn",11.152,-65.988,"ぐだもん",20.429,-91.889,"alcohol500",-13.695,-97.451,"あくせる",-40.592,-76.741,0,0,0,0,0,"",0,0,0,0,0,0,0,0,0,0
94,4,0,3,2,1,2,1,0,0,0,255,255,255,37,4730.309,"559：広告",R,3,121,-2.775,-0.856,-0.114,1.641,-36.528,4,0,-399.926,0,7.039,0,0,1,4,4,R,"なおｐ--",190,93.947,0.401,0,59,0,0,0,0,0,0,0,0,0,0,0,0,0,0,0,0,-0.152,-38.17,"ゆっち一",-0.522,-16.471,"檸檬の残骸",-19.853,-45.522,"mochi_2929",-11.779,-62.112,"にゃんこ3K",21.626,-52.076,"sano jpn",12.583,-65.675,"ぐだもん",19.496,-100.399,"alcohol500",-13.741,-97.413,"あくせる",-39.777,-77.761,0,0,0,0,0,"",0,0,0,0,0,0,0,0,0,0
95,4,0,3,2,0,0,2,0,0,0,255,255,255,38,4750.468,"559：広告",R,14,84,1.034,-0.257,-0.297,2.148,-36.968,0,0,275.04,346.809,-2.806,0,0,0,5,6,L,"SFIDA",175.2,86,0.2,0,59,0,0,0,0,0,0,0,0,0,0,0,0,0,0,0,0,-0.358,-38.108,"ゆっち一",0.005,-16.952,"檸檬の残骸",-18.909,-46.042,"mochi_2929",-10.658,-63.073,"にゃんこ3K",23.542,-49.566,"sano jpn",13.288,-65.913,"ぐだもん",38.624,-82.556,"alcohol500",6.132,-99.662,"あくせる",-28.954,-88.776,0,0,0,0,0,"",0,0,0,0,0,0,0,0,0,0
96,4,0,3,2,0,1,2,0,0,0,255,255,255,39,4767.566,"559：広告",R,27,131,-2.205,0.647,-0.213,1.898,-36.532,4,0,55.089,-129.197,4.795,-0.056,-20.849,1,5,6,L,"SFIDA",175.2,86,0.2,0,59,0,0,0,0,0,0,0,0,0,0,0,0,0,0,0,0,-0.502,-37.839,"ゆっち一",-0.229,-17.164,"檸檬の残骸",-19.958,-47.548,"mochi_2929",-9.768,-63.394,"にゃんこ3K",23.526,-49.575,"sano jpn",12.487,-65.141,"ぐだもん",37.814,-82.377,"alcohol500",6.249,-99.639,"あくせる",-28.439,-88.122,0,0,0,0,0,"",0,0,0,0,0,0,0,0,0,0
97,4,0,3,2,0,2,2,0,0,0,255,255,255,40,4786.228,"559：広告",R,10,112,-0.192,0.527,-0.018,2.07,-36.803,2,0,-0.705,400,6.974,0,0,1,5,6,L,"SFIDA",175.2,86,0.2,2,59,4787.222,105,46,2,82,76,64,-30,-24.952,1,-0.01,-0.009,0.087,0,0,0,-0.02,-37.514,"ゆっち一",-0.091,-16.693,"檸檬の残骸",-20.143,-46.206,"mochi_2929",-10.749,-62.347,"にゃんこ3K",23.426,-49.395,"sano jpn",12.531,-65.132,"ぐだもん",34.499,-83.759,"alcohol500",6.187,-99.781,"あくせる",-26.442,-90.868,4787.534,0.626,-20.404,4790.334,4,"にゃんこ3K",14.599,-48.665,0,0,0,0,0,0,0,2
98,5,1,3,2,0,0,0,0,0,0,255,255,255,56,4843.612,"mungjungh",R,28,128,0.239,0.952,0.236,2.107,-36.538,2,0,44.973,-82.175,10.694,0,0,1,7,6,L,"ぐだもん",160,100.466,0.551,3,59,4844.596,255,156,50,141,155,85,91.888,87.648,-0.53,-0.063,0.045,0.366,0,0,0,0.135,-36.546,"_Chun",-0.157,-17.133,"Kr_Luna",-21.149,-48.032,"오띵__",-11.24,-66.027,"なおｐ--",21.296,-47.533,"CVPileMaki",13.568,-64.877,"SFIDA",36.137,-83.139,"Multeinn",-0.8,-106.772,"NABIMan",-40.777,-92.506,4850.151,56.884,-17.888,0,0,"",0,0,0,0,0,0,0,0,0,3
99,5,1,3,2,0,2,0,0,0,0,255,255,255,57,4890.304,"mungjungh",R,0,122,3.501,0.295,0.499,2.014,-36.63,4,0,39.502,-45.349,2.54,0,0,1,7,6,L,"ぐだもん",160,100.466,0.551,3,59,4891.311,219,144,50,200,155,62,28.074,-26.901,1,-0.06,0.044,0.514,0,0,0,0.179,-36.384,"_Chun",0.594,-17.256,"Kr_Luna",-20.625,-49.199,"오띵__",-11.331,-65.992,"なおｐ--",22.235,-48.621,"CVPileMaki",13.571,-64.83,"SFIDA",36.441,-82.063,"Multeinn",-2.664,-104.267,"NABIMan",-37.949,-86.447,0,0,0,4891.701,1,"_Chun",0.618,-22.881,0,0,0,0,0,0,0,3
100,5,1,3,2,0,2,0,0,0,0,255,255,255,58,4935.896,"mungjungh",R,10,112,3.245,-2.97,0.42,1.85,-36.618,2,0,0,400,7.988,0.598,-21.228,1,7,6,L,"ぐだもん",160,100.466,0.551,3,59,4936.972,255,148,43,194,155,104,-7.148,-15.633,0.88,-0.049,0,0.48,0,0,0,0.2,-36.895,"_Chun",0.102,-17.069,"Kr_Luna",-21.487,-51.266,"오띵__",-10.739,-66.205,"なおｐ--",23.061,-49.259,"CVPileMaki",13.589,-64.805,"SFIDA",37.113,-80.377,"Multeinn",-0.193,-103.251,"NABIMan",-38.122,-86.701,4937.301,1.163,-22.796,4939.168,5,"CVPileMaki",11.458,-59.654,1,0,0,0,0,0,0,2
101,5,1,3,2,0,0,0,1,0,0,6,255,255,59,4976.603,"mungjungh",R,0,125,0.015,-0.525,0.145,1.84,-36.399,0,0,27.667,-49.108,4.736,0,0,0,8,7,L,"alcohol500",163.6,95,0.386,0,59,0,0,0,0,0,0,0,0,0,0,0,0,0,0,0,0,0.161,-37.18,"_Chun",0.087,-17.052,"Kr_Luna",-19.674,-43.08,"오띵__",-7.093,-63.728,"なおｐ--",23.516,-50.423,"CVPileMaki",13.564,-64.786,"SFIDA",41.459,-76.697,"Multeinn",0.789,-102.631,"NABIMan",-38.437,-87.603,0,0,0,0,0,"",0,0,0,0,0,0,0,0,0,0
102,5,1,3,2,0,1,0,1,0,0,6,255,255,60,4993.974,"mungjungh",R,34,123,2.383,0.047,0.351,1.925,-36.423,2,0,64.256,-35.619,2.815,0,0,1,8,7,L,"alcohol500",163.6,95,0.386,2,59,4995.105,197,102,15,195,143,83,34.024,-31.168,-0.08,0.036,-0.056,0.376,0,0,0,0.147,-36.563,"_Chun",0.181,-17.005,"Kr_Luna",-20.089,-46.583,"오띵__",-10.22,-65.839,"なおｐ--",23.25,-50.165,"CVPileMaki",13.527,-64.805,"SFIDA",41.621,-76.266,"Multeinn",1.323,-101.522,"NABIMan",-37.27,-81.865,4999.968,39.353,-73.241,5000.102,6,"SFIDA",37.628,-70.948,0,0,0,0,0,0,0,1
103,5,1,3,2,0,0,1,1,0,0,6,255,255,61,5027.548,"mungjungh",R,10,111,1.25,-0.205,0.36,2.189,-36.704,0,0,0,400,8.111,0,0,0,0,4,R,"にゃんこ3K",190,104,0.598,0,59,0,0,0,0,0,0,0,0,0,0,0,0,0,0,0,0,0.136,-37.258,"_Chun",0.058,-17.055,"Kr_Luna",-19.956,-43.907,"오띵__",-9.615,-65.006,"なおｐ--",22.381,-48.503,"CVPileMaki",9.436,-64.518,"SFIDA",36.168,-81.854,"Multeinn",-2.059,-107.591,"NABIMan",-41.572,-84.06,0,0,0,0,0,"",0,0,0,0,0,0,0,0,0,0
104,5,1,3,2,0,1,1,1,0,0,6,255,255,62,5046.856,"mungjungh",R,10,117,2.418,-0.729,0.428,2.058,-36.666,2,0,0,400,13.333,0,0,1,0,4,R,"にゃんこ3K",190,104,0.598,3,59,5047.983,209,124,54,100,155,99,-40.785,-38.573,-0.18,-0.062,-0.147,0.411,0,0,0,0.14,-36.73,"_Chun",0.113,-17.122,"Kr_Luna",-18.556,-46.944,"오띵__",-11.935,-65.636,"なおｐ--",22.821,-48.911,"CVPileMaki",10.633,-64.668,"SFIDA",36.304,-82.125,"Multeinn",-1.525,-107.29,"NABIMan",-41.937,-84.468,5048.085,1.035,-20.96,5050.067,4,"なおｐ--",21.56,-46.721,0,0,0,0,0,0,0,2
105,5,1,3,2,0,0,2,0,1,0,255,6,255,63,5085.607,"mungjungh",R,28,120,0.564,1.515,0.187,2.116,-36.524,1,0,50.231,-68.437,3.432,0,0,0,1,5,R,"sano jpn",160,99.636,0.323,0,59,0,0,0,0,0,0,0,0,0,0,0,0,0,0,0,0,0.168,-37.438,"_Chun",0.046,-17.115,"Kr_Luna",-20.947,-47.251,"오띵__",-12.876,-65.316,"なおｐ--",21.113,-46.052,"CVPileMaki",6.108,-64.538,"SFIDA",36.73,-84.333,"Multeinn",-0.015,-105.587,"NABIMan",-40.431,-87.325,0,0,0,0,0,"",0,0,0,0,0,0,0,0,0,0
106,5,1,3,2,1,0,2,0,1,0,255,6,255,64,5101.971,"mungjungh",R,10,112,2.257,1.104,0.473,2.296,-36.836,1,0,0,400,8.981,0,0,0,1,5,R,"sano jpn",160,99.636,0.323,0,59,0,0,0,0,0,0,0,0,0,0,0,0,0,0,0,0,0.141,-37.204,"_Chun",0.055,-17.054,"Kr_Luna",-21.018,-50.275,"오띵__",-11.955,-65.592,"なおｐ--",21.996,-46.422,"CVPileMaki",5.569,-64.426,"SFIDA",36.629,-84.062,"Multeinn",-0.048,-104.919,"NABIMan",-40.221,-87.368,0,0,0,0,0,"",0,0,0,0,0,0,0,0,0,0
107,5,1,3,2,2,0,2,0,1,0,255,6,255,65,5119.542,"mungjungh",R,10,112,1.121,-2.143,0.364,2.022,-36.622,1,0,0,399.7,9.216,0,0,0,1,5,R,"sano jpn",160,99.636,0.323,0,59,0,0,0,0,0,0,0,0,0,0,0,0,0,0,0,0,0.315,-37.471,"_Chun",0.174,-17.167,"Kr_Luna",-21.538,-48.741,"오띵__",-11.894,-65.575,"なおｐ--",21.58,-45.043,"CVPileMaki",6.293,-64.548,"SFIDA",36.636,-84.054,"Multeinn",0.392,-106.799,"NABIMan",-40.018,-88.131,0,0,0,0,0,"",0,0,0,0,0,0,0,0,0,0
108,5,1,3,2,3,0,2,0,1,0,255,6,255,66,5135.919,"mungjungh",R,0,126,0.219,0.328,0.163,1.96,-36.446,2,0,29.509,-47.63,3.731,0,0,1,1,5,R,"sano jpn",160,99.636,0.323,3,59,5137.006,170,98,37,142,143,106,-4.211,30.046,0.16,-0.053,0.006,0.253,0,0,0,0.041,-36.411,"_Chun",0.065,-17.17,"Kr_Luna",-21.056,-49.175,"오띵__",-11.918,-65.589,"なおｐ--",20.915,-47.122,"CVPileMaki",5.739,-64.685,"SFIDA",36.642,-83.973,"Multeinn",0.259,-107.108,"NABIMan",-40.278,-87.847,5137.435,-5.461,-28.3,5140.567,8,"NABIMan",-34.271,-78.421,1,0,0,0,0,0,0,2
109,5,1,3,2,0,0,2,1,0,1,5,255,6,67,5173.454,"mungjungh",R,34,129,1.692,0.974,0.339,2.15,-36.58,1,0,67.691,-59.863,3.982,0,0,0,2,2,L,"檸檬の残骸",190,107,0.502,0,59,0,0,0,0,0,0,0,0,0,0,0,0,0,0,0,0,0.118,-37.189,"_Chun",0.28,-17.047,"Kr_Luna",-19.316,-45.398,"오띵__",-7.255,-61.783,"なおｐ--",20.353,-42.989,"CVPileMaki",12.836,-64.544,"SFIDA",36.075,-90.396,"Multeinn",0.234,-105.097,"NABIMan",-40.881,-87.504,0,0,0,0,0,"",0,0,0,0,0,0,0,0,0,0
110,5,1,3,2,1,0,2,0,1,1,255,5,6,68,5193.619,"mungjungh",R,0,127,-2.095,3.542,0.016,2.061,-36.42,2,0,28.02,-39.42,4.753,0,0,1,2,2,L,"檸檬の残骸",190,107,0.502,2,59,5194.718,155,88,28,109,142,88,28.477,2.429,-0.5,-0.009,-0.073,0.18,0,0,0,0.091,-36.406,"_Chun",-0.13,-17.063,"Kr_Luna",-20.508,-47.506,"오띵__",-11.409,-65.561,"なおｐ--",19.808,-45.835,"CVPileMaki",13.971,-64.445,"SFIDA",37.713,-86.577,"Multeinn",-0.118,-109.106,"NABIMan",-41.104,-88.086,5199.668,-7.564,-91.308,5199.852,7,"Multeinn",-7.363,-89.601,0,0,0,0,0,0,0,1
111,5,0,3,2,0,0,0,0,0,0,255,255,255,41,5249.151,"559：広告",R,28,132,-1.412,1.082,-0.149,1.991,-36.493,1,0,53.413,-89.668,6.41,0,0,0,6,9,L,"M_lunatic",190,107,0.404,0,59,0,0,0,0,0,0,0,0,0,0,0,0,0,0,0,0,-0.406,-37.803,"ゆっち一",-0.093,-16.536,"檸檬の残骸",-20.396,-45.976,"mochi_2929",-8.811,-62.925,"にゃんこ3K",24.289,-50.382,"sano jpn",14.613,-64.814,"ぐだもん",31.283,-78.824,"alcohol500",5.841,-101.483,"あくせる",-27.054,-89.392,0,0,0,0,0,"",0,0,0,0,0,0,0,0,0,0
112,5,0,3,2,1,0,0,0,0,0,255,255,255,42,5261.875,"559：広告",R,10,112,-0.905,0.232,-0.084,2.009,-36.741,2,0,0,400,-1.926,0,0,1,6,9,L,"M_lunatic",190,107,0.404,2,59,5262.981,148,101,54,124,143,91,-30,8.997,0,0.071,-0.2,0.27,0,0,0,-0.099,-37.502,"ゆっち一",-0.117,-16.812,"檸檬の残骸",-19.525,-46.402,"mochi_2929",-12.082,-62.092,"にゃんこ3K",24.187,-50.299,"sano jpn",14.618,-64.738,"ぐだもん",31.314,-78.95,"alcohol500",4.531,-101.532,"あくせる",-26.96,-89.353,5263.218,-0.463,-23.18,5267.585,7,"alcohol500",-2.792,-87.23,1,0,0,0,0,0,0,2
113,5,0,3,2,0,0,0,1,0,0,9,255,255,43,5319.951,"559：広告",R,28,135,-1.164,0.725,-0.124,1.896,-36.569,0,0,47.27,-79.036,2.009,0,0,1,7,5,R,"CVPileMaki",169.8,94,0.4,0,59,0,0,0,0,0,0,0,0,0,0,0,0,0,0,0,0,-0.147,-38.248,"ゆっち一",-0.089,-16.307,"檸檬の残骸",-19.897,-41.668,"mochi_2929",-10.872,-62.201,"にゃんこ3K",21.993,-49.342,"sano jpn",10.622,-63.016,"ぐだもん",30.744,-81.913,"alcohol500",2.822,-101.029,"あくせる",-32.878,-82.825,0,0,0,0,0,"",0,0,0,0,0,0,0,0,0,0
114,5,0,3,2,0,1,0,1,0,0,9,255,255,44,5336.167,"559：広告",R,10,112,0.898,-0.96,0.083,1.828,-36.703,2,0,0,400,10.736,0,0,1,7,5,R,"CVPileMaki",169.8,94,0.4,3,59,5337.329,232,160,49,203,155,124,-5.044,-21.96,0.71,0,-0.078,0.257,0,0,0,-0.032,-37.771,"ゆっち一",0.028,-16.58,"檸檬の残骸",-19.703,-42.555,"mochi_2929",-9.65,-62.662,"にゃんこ3K",21.975,-49.758,"sano jpn",12.103,-62.905,"ぐだもん",31.276,-83.126,"alcohol500",2.625,-101.091,"あくせる",-32.691,-85.495,5337.651,2.14,-24.992,5339.168,5,"sano jpn",16.352,-60.011,0,0,0,0,0,0,0,2
115,5,0,3,2,0,0,2,0,0,0,255,255,255,45,5378.606,"559：広告",R,0,117,0.922,-0.344,0.06,1.879,-36.991,2,0,0,0,-1.659,0,0,1,8,7,R,"Multeinn",160,95.343,0.505,3,59,5379.512,249,107,4,113,143,79,34.486,18.523,-0.49,-0.082,-0.049,0.144,0,0,0,0.075,-37.421,"ゆっち一",-0.04,-16.496,"檸檬の残骸",-19.812,-46.24,"mochi_2929",-9.647,-62.76,"にゃんこ3K",22.635,-52.084,"sano jpn",12.628,-63.275,"ぐだもん",30.972,-83.392,"alcohol500",3.494,-101.416,"あくせる",-28.078,-90.695,0,0,0,5384.317,8,"あくせる",-19.593,-76.485,0,0,0,0,0,0,0,1
116,6,1,3,2,0,0,0,0,0,0,255,255,255,69,5445.197,"mungjungh",R,10,110,0.298,0.869,0.251,2.325,-36.768,2,0,0,400,10.294,0,0,1,3,1,R,"ゆっち一",190,100,0.38,3,59,5446.339,134,113,43,153,142,128,-30,33.307,0.71,-0.06,-0.186,0.502,0,0,0,0.171,-36.654,"_Chun",-0.151,-17.166,"Kr_Luna",-22.139,-48.944,"오띵__",-10.714,-66.297,"なおｐ--",22.606,-48.858,"CVPileMaki",13.493,-64.788,"SFIDA",32.911,-103.035,"Multeinn",-4.513,-108.772,"NABIMan",-48.309,-93.462,5446.501,-1.279,-21.34,5447.984,2,"Kr_Luna",-18.765,-47.691,0,0,0,0,0,0,0,2
117,6,1,3,2,0,0,1,0,0,0,255,255,255,70,5485.122,"mungjungh",R,28,125,-0.846,0.78,0.061,2.066,-36.448,0,0,38.357,-52.603,3.015,0,0,0,4,9,L,"CAT tourniquet",190,95.214,0.357,0,59,0,0,0,0,0,0,0,0,0,0,0,0,0,0,0,0,0.096,-37.117,"_Chun",0.002,-17.05,"Kr_Luna",-19.78,-47.934,"오띵__",-10.655,-66.454,"なおｐ--",22.313,-49.071,"CVPileMaki",13.579,-64.716,"SFIDA",37.457,-83.451,"Multeinn",-0.317,-103.928,"NABIMan",-39.425,-85.649,0,0,0,0,0,"",0,0,0,0,0,0,0,0,0,0
118,6,1,3,2,0,1,1,0,0,0,255,255,255,71,5503.101,"mungjungh",R,0,128,1.664,0.114,0.294,1.94,-36.404,1,0,41.186,-46.96,2.439,0.05,-17.246,0,4,9,L,"CAT tourniquet",190,95.214,0.357,0,59,0,0,0,0,0,0,0,0,0,0,0,0,0,0,0,0,0.152,-37.079,"_Chun",0.438,-16.696,"Kr_Luna",-20.451,-51.658,"오띵__",-10.675,-66.462,"なおｐ--",22.689,-49.059,"CVPileMaki",13.644,-64.727,"SFIDA",39.009,-83.54,"Multeinn",-0.516,-102.899,"NABIMan",-40.136,-88.978,0,0,0,0,0,"",0,0,0,0,0,0,0,0,0,0
119,6,1,3,2,1,1,1,0,0,0,255,255,255,72,5519.001,"mungjungh",R,10,111,-0.018,0.848,0.203,2.307,-36.683,0,0,0,400,15.949,0,0,0,4,9,L,"CAT tourniquet",190,95.214,0.357,0,59,0,0,0,0,0,0,0,0,0,0,0,0,0,0,0,0,0.346,-37.211,"_Chun",0.146,-16.95,"Kr_Luna",-19.595,-50.755,"오띵__",-10.678,-66.449,"なおｐ--",22.694,-49.051,"CVPileMaki",13.566,-64.776,"SFIDA",38.999,-83.559,"Multeinn",-0.168,-104.404,"NABIMan",-38.832,-88.729,0,0,0,0,0,"",0,0,0,0,0,0,0,0,0,0
120,6,1,3,2,1,2,1,0,0,0,255,255,255,73,5538.56,"mungjungh",R,28,125,-1.521,1.043,-0.001,2.113,-36.468,2,0,34.859,-68.148,1.352,0,0,1,4,9,L,"CAT tourniquet",190,95.214,0.357,3,59,5539.545,151,143,62,139,146,91,93.017,-83.523,-0.49,-0.036,0.047,0.339,0,0,0,0.032,-36.442,"_Chun",-0.177,-17.001,"Kr_Luna",-19.498,-50.717,"오띵__",-10.607,-66.391,"なおｐ--",22.829,-49.175,"CVPileMaki",13.524,-64.764,"SFIDA",39.319,-83.366,"Multeinn",-0.736,-104.938,"NABIMan",-39.221,-88.933,0,0,0,0,0,"",0,0,0,0,0,0,0,0,0,3
121,6,1,3,2,1,2,1,0,0,0,255,255,255,74,5563.41,"mungjungh",R,0,122,-2.409,0.365,-0.066,1.989,-36.324,2,0,-17.151,-22.869,-13.591,0,0,1,4,9,L,"CAT tourniquet",190,95.214,0.357,3,55,5564.311,131,136,54,185,143,90,17.684,35.286,-0.31,0,0.049,0.41,0,0,0,0.045,-36.438,"_Chun",-0.155,-17.052,"Kr_Luna",-19.575,-48.509,"오띵__",-10.612,-66.342,"なおｐ--",22.571,-49.188,"CVPileMaki",13.502,-64.847,"SFIDA",39.088,-85.922,"Multeinn",-0.364,-104.68,"NABIMan",-39.13,-88.641,5567.685,-39.997,-69.466,5568.568,8,"NABIMan",-44.063,-73.892,1,0,0,0,0,0,0,2
122,6,1,3,2,0,0,1,1,0,0,0,255,255,0,5702.775,"_AKASATA_",R,6,115,2.345,0.73,0.281,1.697,-36.661,1,0,390.56,0,36.226,2.24,-9.759,0,5,8,R,"あくせる",170.4,107,0.28,0,59,0,0,0,0,0,0,0,0,0,0,0,0,0,0,0,0,0.291,-37.673,"_Chun",0.736,-16.297,"Kr_Luna",-19.338,-44.024,"오띵__",-12.941,-65.202,"なおｐ--",22.068,-48.447,"CVPileMaki",7.984,-65.048,"SFIDA",35.421,-82.683,"Multeinn",-0.405,-103.379,"NABIMan",-38.073,-84.081,0,0,0,0,0,"",0,0,0,0,0,0,0,0,0,0
123,6,1,3,2,1,0,1,1,0,0,0,255,255,1,5729.995,"_AKASATA_",R,26,136,1.572,0.244,0.228,1.605,-36.517,2,0,12.018,-200,17.252,0,0,1,5,8,R,"あくせる",170.4,107,0.28,3,59,5731.037,158,87,6,137,140,82,50.934,43.748,-0.25,-0.015,-0.077,0.206,0,0,0,0.269,-36.931,"_Chun",0.052,-17.013,"Kr_Luna",-18.856,-42.688,"오띵__",-13.236,-65.059,"なおｐ--",21.877,-48.363,"CVPileMaki",9.013,-65.54,"SFIDA",34.949,-81.214,"Multeinn",0.247,-100.976,"NABIMan",-39.886,-82.318,5736.185,-42.86,-61.066,5736.268,8,"NABIMan",-42.095,-60.335,0,0,0,0,0,0,0,1
124,6,1,3,2,0,0,2,1,0,0,0,255,255,2,5771.446,"_AKASATA_",R,0,124,-0.056,0.461,0.197,1.651,-36.554,2,0,0,0,27.27,0,0,1,6,3,R,"mochi_2929",169.6,100.434,0.498,2,59,5772.572,98,83,29,111,133,77,30.569,-13.473,-0.43,0.001,-0.071,0.229,0,0,0,0.273,-36.901,"_Chun",-0.13,-17.108,"Kr_Luna",-18.901,-44.376,"오띵__",-13.348,-65.016,"なおｐ--",22.545,-49.255,"CVPileMaki",8.417,-65.065,"SFIDA",35.278,-82.071,"Multeinn",-1.663,-97.185,"NABIMan",-38.388,-80.387,0,0,0,5777.618,5,"CVPileMaki",16.348,-77.322,0,0,0,0,0,0,0,1
125,6,0,3,2,0,0,0,0,0,0,255,255,255,46,5824.54,"559：広告",R,27,134,0.484,1.115,0.019,1.938,-36.477,0,0,81.484,-109.333,8.331,0,0,1,0,3,R,"오띵__",164.9,90,0.405,0,59,0,0,0,0,0,0,0,0,0,0,0,0,0,0,0,0,-0.204,-37.895,"ゆっち一",-0.074,-16.495,"檸檬の残骸",-20.231,-44.954,"mochi_2929",-10.895,-63.515,"にゃんこ3K",21.936,-52.264,"sano jpn",10.331,-65.342,"ぐだもん",31.756,-80.216,"alcohol500",-2.027,-102.685,"あくせる",-35.52,-79.117,0,0,0,0,0,"",0,0,0,0,0,0,0,0,0,0
126,6,0,3,2,0,1,0,0,0,0,255,255,255,47,5837.568,"559：広告",R,10,111,0.621,-0.546,0.058,1.901,-36.625,0,0,0,400,5.324,0,0,1,0,3,R,"오띵__",164.9,90,0.405,0,59,0,0,0,0,0,0,0,0,0,0,0,0,0,0,0,0,0.118,-37.643,"ゆっち一",-0.075,-16.716,"檸檬の残骸",-20.174,-45.641,"mochi_2929",-11.987,-62.834,"にゃんこ3K",22.025,-52.335,"sano jpn",10.358,-65.353,"ぐだもん",31.643,-80.813,"alcohol500",-2.739,-101.846,"あくせる",-35.534,-79.09,0,0,0,0,0,"",0,0,0,0,0,0,0,0,0,0
127,6,0,3,2,0,2,0,0,0,0,255,255,255,48,5855.298,"559：広告",R,28,130,-0.422,1.013,-0.053,1.927,-36.395,0,0,41.373,-89.727,11.684,0,0,1,0,3,R,"오띵__",164.9,90,0.405,0,59,0,0,0,0,0,0,0,0,0,0,0,0,0,0,0,0,-0.183,-37.59,"ゆっち一",-0.106,-16.489,"檸檬の残骸",-19.634,-44.966,"mochi_2929",-11.122,-62.431,"にゃんこ3K",21.804,-52.434,"sano jpn",10.346,-65.353,"ぐだもん",31.645,-80.85,"alcohol500",-3.001,-101.981,"あくせる",-35.858,-78.078,0,0,0,0,0,"",0,0,0,0,0,0,0,0,0,0
128,6,0,3,2,0,0,1,0,0,0,255,255,255,49,5880.642,"559：広告",R,6,109,2.922,-1.522,0.072,1.543,-36.501,1,0,481.453,60.748,3.811,0.905,-17.22,0,1,2,L,"Kr_Luna",190,96.932,0.471,0,83,0,0,0,0,0,0,0,0,0,0,0,0,0,0,0,0,-0.184,-37.965,"ゆっち一",0.341,-16.977,"檸檬の残骸",-20.116,-47.243,"mochi_2929",-8.852,-63.143,"にゃんこ3K",23.871,-50.626,"sano jpn",13.771,-65.075,"ぐだもん",32.795,-81.673,"alcohol500",2.755,-102.417,"あくせる",-28.287,-87.389,0,0,0,0,0,"",0,0,0,0,0,0,0,0,0,0
129,6,0,3,2,1,0,1,0,0,0,255,255,255,50,5894.338,"559：広告",R,10,108,1.886,-1.047,0.12,1.783,-36.645,1,0,129.548,400,-10.537,0,0,0,1,2,L,"Kr_Luna",190,96.932,0.471,0,83,0,0,0,0,0,0,0,0,0,0,0,0,0,0,0,0,-0.052,-38.255,"ゆっち一",-0.031,-16.566,"檸檬の残骸",-19.975,-46.428,"mochi_2929",-8.57,-63.373,"にゃんこ3K",23.849,-50.631,"sano jpn",13.801,-65.044,"ぐだもん",32.749,-81.625,"alcohol500",3.451,-101.178,"あくせる",-28.189,-87.43,0,0,0,0,0,"",0,0,0,0,0,0,0,0,0,0
130,6,0,3,2,2,0,1,0,0,0,255,255,255,51,5936.511,"559：広告",R,28,133,-1.177,1.362,-0.129,2.044,-36.553,2,0,59.981,-92.928,7.407,0,0,1,1,2,L,"Kr_Luna",190,96.932,0.501,2,84,5937.295,144,75,33,95,140,102,104.517,60.908,0.07,-0.014,-0.001,0.183,0,0,0,-0.239,-37.413,"ゆっち一",-0.159,-16.717,"檸檬の残骸",-20.43,-48.092,"mochi_2929",-11.078,-64.931,"にゃんこ3K",23.749,-50.672,"sano jpn",13.757,-64.929,"ぐだもん",33.108,-82.336,"alcohol500",3.669,-101.226,"あくせる",-28.183,-87.457,0,0,0,0,0,"",0,0,0,0,0,0,0,0,0,3
131,6,0,3,2,2,1,1,0,0,0,255,255,255,52,5959.013,"559：広告",R,10,112,0.949,-1.616,0.052,1.665,-36.671,4,0,86.58,400,-2.892,0.212,-18.401,1,1,2,L,"Kr_Luna",190,96.932,0.501,0,84,0,0,0,0,0,0,0,0,0,0,0,0,0,0,0,0,-0.144,-38.086,"ゆっち一",-0.088,-16.514,"檸檬の残骸",-19.806,-46.186,"mochi_2929",-11.087,-64.861,"にゃんこ3K",23.969,-50.483,"sano jpn",14.168,-64.266,"ぐだもん",35.118,-80.754,"alcohol500",4.018,-98.14,"あくせる",-29.842,-88.346,0,0,0,0,0,"",0,0,0,0,0,0,0,0,0,0
132,6,0,3,2,2,2,1,0,0,0,255,255,255,53,5978.215,"559：広告",R,26,137,-0.59,0.675,-0.089,1.884,-36.598,0,0,119.301,-200,16.192,0,0,1,1,2,L,"Kr_Luna",190,96.932,0.501,0,84,0,0,0,0,0,0,0,0,0,0,0,0,0,0,0,0,-0.778,-36.439,"ゆっち一",-0.107,-16.292,"檸檬の残骸",-20.532,-46.2,"mochi_2929",-8.502,-65.288,"にゃんこ3K",23.911,-50.473,"sano jpn",14.173,-64.266,"ぐだもん",34.498,-80.524,"alcohol500",4.091,-98.201,"あくせる",-27.015,-89.367,0,0,0,0,0,"",0,0,0,0,0,0,0,0,0,0
133,6,0,3,2,0,0,2,0,0,0,255,255,255,54,6004.203,"559：広告",R,27,130,-2.379,0.692,-0.217,1.924,-36.633,2,0,47.061,-129.294,9.089,0,0,1,2,1,L,"_Chun",190,95.123,0.455,3,59,6005.188,194,132,20,225,155,98,34.815,-29.544,-0.35,0.005,-0.052,0.253,0,0,0,-0.313,-37.216,"ゆっち一",-0.456,-16.586,"檸檬の残骸",-20.263,-46.589,"mochi_2929",-9.537,-64.755,"にゃんこ3K",24.265,-50.406,"sano jpn",16.733,-67.435,"ぐだもん",34.092,-81.141,"alcohol500",5.01,-100.269,"あくせる",-24.579,-88.842,6010.201,49.367,-82.273,6010.635,6,"ぐだもん",47.471,-80.144,0,0,0,0,0,0,0,1
134,7,1,3,2,0,0,0,0,0,0,255,255,255,3,6068.035,"_AKASATA_",R,26,140,-2.173,-1.641,-0.015,1.304,-36.537,1,0,52.049,-200,23.682,-0.51,-17.886,0,7,6,L,"ぐだもん",160,100.466,0.551,0,59,0,0,0,0,0,0,0,0,0,0,0,0,0,0,0,0,0.082,-37.038,"_Chun",-0.195,-17.063,"Kr_Luna",-20.736,-49.336,"오띵__",-10.992,-66.045,"なおｐ--",21.37,-47.845,"CVPileMaki",13.594,-64.816,"SFIDA",36.427,-82.755,"Multeinn",0.703,-103.564,"NABIMan",-41.891,-84.939,0,0,0,0,0,"",0,0,0,0,0,0,0,0,0,0
135,7,1,3,2,1,0,0,0,0,0,255,255,255,4,6089.587,"_AKASATA_",R,6,116,5.361,0.75,0.523,1.685,-36.714,4,0,444.746,0,14.532,2.445,-10.549,1,7,6,L,"ぐだもん",160,100.466,0.551,0,59,0,0,0,0,0,0,0,0,0,0,0,0,0,0,0,0,0.707,-36.004,"_Chun",1.118,-16.422,"Kr_Luna",-21.05,-49.386,"오띵__",-11.002,-66.078,"なおｐ--",21.634,-48.173,"CVPileMaki",13.705,-64.752,"SFIDA",36.477,-83.331,"Multeinn",0.798,-103.072,"NABIMan",-39.504,-83.873,0,0,0,0,0,"",0,0,0,0,0,0,0,0,0,0
136,7,1,3,2,1,1,0,0,0,0,255,255,255,5,6117.443,"_AKASATA_",R,26,140,-1.524,-1.619,0.054,1.315,-36.518,1,0,21.923,-169.587,13.825,0,0,0,7,6,L,"ぐだもん",160,100.466,0.551,0,59,0,0,0,0,0,0,0,0,0,0,0,0,0,0,0,0,0.217,-37.507,"_Chun",-0.121,-17.227,"Kr_Luna",-21.243,-49.313,"오띵__",-10.99,-66.047,"なおｐ--",21.863,-48.196,"CVPileMaki",13.539,-64.812,"SFIDA",37.593,-84.132,"Multeinn",0.898,-103.073,"NABIMan",-40.366,-86.17,0,0,0,0,0,"",0,0,0,0,0,0,0,0,0,0
137,7,1,3,2,2,1,0,0,0,0,255,255,255,6,6138.544,"_AKASATA_",R,6,117,2.879,0.55,0.326,1.657,-36.615,4,0,389.18,0,29.376,0,0,1,7,6,L,"ぐだもん",160,100.466,0.551,0,59,0,0,0,0,0,0,0,0,0,0,0,0,0,0,0,0,0.294,-37.816,"_Chun",0.63,-17.245,"Kr_Luna",-21.253,-49.345,"오띵__",-10.98,-66.086,"なおｐ--",21.813,-48.143,"CVPileMaki",13.764,-64.791,"SFIDA",37.302,-83.935,"Multeinn",0.729,-103.468,"NABIMan",-39.057,-85.912,0,0,0,0,0,"",0,0,0,0,0,0,0,0,0,0
138,7,1,3,2,2,2,0,0,0,0,255,255,255,7,6158.823,"_AKASATA_",R,10,128,0.408,-1.791,0.235,1.468,-36.546,2,0,0,400,21.101,0,0,1,7,6,L,"ぐだもん",160,100.466,0.551,3,59,6159.859,0,0,0,0,0,66,1.227,-25.908,-0.45,0,0,0,0,0,0,0.095,-36.994,"_Chun",-0.096,-17.26,"Kr_Luna",-21.898,-48.562,"오띵__",-10.986,-66.01,"なおｐ--",21.941,-48.293,"CVPileMaki",13.529,-64.75,"SFIDA",37.306,-83.937,"Multeinn",0.851,-103.402,"NABIMan",-40.289,-84.093,6160.484,2.662,-24.632,6165.251,6,"SFIDA",25.855,-71.806,1,0,0,0,0,0,0,2
139,7,1,3,2,0,0,0,1,0,0,6,255,255,8,6196.23,"_AKASATA_",R,1,126,1.505,-0.427,0.242,1.61,-36.576,2,0,0,0,18.821,0,0,1,8,7,L,"alcohol500",163.6,95,0.386,2,59,6197.406,194,150,47,230,155,87,-14.358,0.416,-0.47,0.057,-0.057,0.342,0,0,0,0.175,-37.075,"_Chun",0.254,-17.061,"Kr_Luna",-19.026,-45.919,"오띵__",-9.73,-65.196,"なおｐ--",21.72,-48.238,"CVPileMaki",13.543,-64.123,"SFIDA",41.835,-76.123,"Multeinn",3.086,-106.555,"NABIMan",-39.936,-87.068,6197.585,0.251,-21.489,6198.751,0,"_AKASATA_",0.001,-36.346,1,0,0,0,0,0,0,2
140,7,1,3,2,0,0,1,1,0,0,6,255,255,9,6235.705,"_AKASATA_",R,0,134,1.382,0.495,0.33,1.688,-36.504,0,0,0,30.143,6.481,0,0,0,0,4,R,"にゃんこ3K",190,104,0.598,0,59,0,0,0,0,0,0,0,0,0,0,0,0,0,0,0,0,0.188,-37.553,"_Chun",0.201,-17.124,"Kr_Luna",-19.62,-43.772,"오띵__",-12.886,-65.09,"なおｐ--",21.44,-47.856,"CVPileMaki",4.437,-62.884,"SFIDA",39.54,-84.369,"Multeinn",1.811,-106.432,"NABIMan",-39.458,-84.438,0,0,0,0,0,"",0,0,0,0,0,0,0,0,0,0
141,7,1,3,2,0,1,1,1,0,0,6,255,255,10,6285.343,"_AKASATA_",R,11,120,2.007,0.73,0.42,1.923,-36.726,2,0,-8.506,222.292,12.377,0,0,1,0,4,R,"にゃんこ3K",190,104,0.598,3,59,6286.569,126,35,24,32,89,67,89.661,-89.47,-0.51,0.012,-0.086,0.097,0,0,0,0.193,-37.066,"_Chun",0.134,-17.031,"Kr_Luna",-18.869,-45.473,"오띵__",-13.915,-63.625,"なおｐ--",22.586,-48.976,"CVPileMaki",6.849,-64.604,"SFIDA",38.783,-83.765,"Multeinn",0.303,-105.37,"NABIMan",-44.003,-86.206,6291.618,36.329,-19.554,0,0,"",0,0,0,0,0,0,0,0,0,3
142,7,1,3,2,0,2,1,1,0,0,6,255,255,11,6310.437,"_AKASATA_",R,12,107,1.277,0.071,0.391,1.677,-36.644,2,0,-18.159,120.487,4.514,0,0,1,0,4,R,"にゃんこ3K",190,104,0.598,3,42,6311.624,157,93,75,136,145,87,54.97,-0.233,-0.47,-0.066,-0.242,0.35,0,0,0,0.255,-37.12,"_Chun",0.091,-17.009,"Kr_Luna",-19.322,-45.073,"오띵__",-12.81,-65.234,"なおｐ--",22.457,-49.067,"CVPileMaki",7.375,-64.225,"SFIDA",38.553,-81.879,"Multeinn",0.526,-106.109,"NABIMan",-41.096,-84.152,6317.368,-5.73,-74.456,6317.534,3,"오띵__",-5.536,-72.923,0,0,0,0,0,0,0,1
143,7,1,3,2,0,0,2,1,0,0,6,255,255,12,6342.779,"_AKASATA_",R,7,111,-2.81,-0.579,-0.147,1.505,-36.565,1,0,208.83,0,13.293,0,0,0,1,5,R,"sano jpn",160,99.636,0.323,0,59,0,0,0,0,0,0,0,0,0,0,0,0,0,0,0,0,-0.106,-37.258,"_Chun",-0.122,-16.998,"Kr_Luna",-19.467,-44.263,"오띵__",-13.504,-65.084,"なおｐ--",21.193,-47.158,"CVPileMaki",6.404,-64.062,"SFIDA",37.713,-80.165,"Multeinn",0.977,-102.153,"NABIMan",-40.402,-80.36,0,0,0,0,0,"",0,0,0,0,0,0,0,0,0,0
144,7,1,3,2,1,0,2,1,0,0,6,255,255,13,6367.033,"_AKASATA_",R,17,120,-2.83,0.253,-0.084,1.579,-36.69,4,0,57.89,-117.503,28.626,-1.045,-17.048,1,1,5,R,"sano jpn",160,99.636,0.323,0,59,0,0,0,0,0,0,0,0,0,0,0,0,0,0,0,0,-0.001,-37.03,"_Chun",-0.387,-16.802,"Kr_Luna",-19.299,-43.794,"오띵__",-13.481,-65.046,"なおｐ--",21.4,-47.692,"CVPileMaki",5.893,-64.31,"SFIDA",37.675,-80.17,"Multeinn",0.417,-102.889,"NABIMan",-39.038,-77.049,0,0,0,0,0,"",0,0,0,0,0,0,0,0,0,0
145,7,1,3,2,1,1,2,1,0,0,6,255,255,14,6391.602,"_AKASATA_",R,10,104,0.146,-1.646,0.292,1.508,-36.55,2,0,-105.988,400,5.072,0,0,1,1,5,R,"sano jpn",160,99.636,0.323,3,59,6392.788,160,108,51,106,146,120,-30,3.283,0.62,-0.067,-0.036,0.337,0,0,0,0.227,-37.116,"_Chun",0.01,-17.194,"Kr_Luna",-18.764,-43.239,"오띵__",-13.481,-65.036,"なおｐ--",21.299,-47.638,"CVPileMaki",6.104,-65.153,"SFIDA",37.661,-80.189,"Multeinn",1.177,-104.947,"NABIMan",-40.478,-81.212,6392.935,0.005,-20.925,6396.435,7,"Multeinn",-3.042,-93.053,1,0,0,0,0,0,0,2
146,7,1,3,2,0,0,2,1,1,0,255,7,255,15,6429.148,"_AKASATA_",R,6,117,2.506,0.294,0.271,1.633,-36.667,2,0,436.289,0,38.223,0,0,1,2,2,L,"檸檬の残骸",190,107,0.502,2,59,6430.201,231,141,46,144,155,97,-4.245,-22.476,-0.46,0.071,-0.122,0.436,0,0,0,0.249,-36.954,"_Chun",0.128,-17.01,"Kr_Luna",-20.341,-48.248,"오띵__",-8.471,-66.049,"なおｐ--",21.795,-47.921,"CVPileMaki",12.322,-64.813,"SFIDA",39.465,-84.307,"Multeinn",1.007,-108.062,"NABIMan",-40.847,-83.875,6430.751,4.647,-31.679,6432.685,5,"CVPileMaki",17.575,-61.659,1,0,0,0,0,0,0,2
147,7,0,3,2,0,0,0,0,0,0,255,255,255,55,6486.137,"559：広告",R,27,133,-2.096,0.672,-0.197,1.945,-36.471,3,0,69.541,-105.103,9.932,0.254,-20.087,0,3,8,L,"NABIMan",190,98.986,0.547,0,59,0,0,0,0,0,0,0,0,0,0,0,0,0,0,0,0,-0.32,-36.814,"ゆっち一",-0.16,-16.581,"檸檬の残骸",-20.149,-45.732,"mochi_2929",-7.982,-64.884,"にゃんこ3K",23.741,-49.516,"sano jpn",12.048,-65.259,"ぐだもん",34.808,-79.031,"alcohol500",3.28,-101.898,"あくせる",-27.865,-86.57,0,0,0,0,0,"",0,0,0,0,0,0,0,0,0,6
148,7,0,3,2,0,0,0,1,0,0,17,255,255,56,6583.227,"559：広告",R,26,139,1.001,0.768,0.053,1.959,-36.651,2,0,82.274,-158.114,-1.335,0,0,1,4,4,R,"なおｐ--",190,93.947,0.401,3,59,6584.232,117,74,22,112,135,85,53.354,23.903,-0.44,-0.075,-0.083,0.268,0,0,0,0.115,-37.509,"ゆっち一",-0.08,-16.572,"檸檬の残骸",-20.704,-44.699,"mochi_2929",-11.745,-62.802,"にゃんこ3K",20.999,-49.628,"sano jpn",10.56,-64.285,"ぐだもん",23.555,-92.183,"alcohol500",-10.255,-100.298,"あくせる",-38.955,-72.961,0,0,0,6589.935,8,"あくせる",-21.896,-68.739,0,0,0,0,0,0,0,1
149,7,0,3,2,0,0,1,1,0,0,17,255,255,57,6633.101,"559：広告",R,10,108,-0.819,0.104,-0.038,2.01,-36.828,0,0,-85.158,400,12.004,0,0,0,5,6,L,"SFIDA",175.2,86,0.2,0,24,0,0,0,0,0,0,0,0,0,0,0,0,0,0,0,0,-0.357,-37.851,"ゆっち一",-0.076,-16.563,"檸檬の残骸",-19.661,-41.753,"mochi_2929",-4.646,-63.051,"にゃんこ3K",20.938,-45.708,"sano jpn",13.886,-64.821,"ぐだもん",32.892,-81.104,"alcohol500",6.061,-95.631,"あくせる",-24.984,-85.833,0,0,0,0,0,"",0,0,0,0,0,0,0,0,0,0
150,7,0,3,2,0,1,1,1,0,0,17,255,255,58,6649.945,"559：広告",R,28,121,-2.162,0.509,-0.209,1.877,-36.503,4,0,73.456,-98.379,10.245,0.193,-20.693,1,5,6,L,"SFIDA",175.2,86,0.2,0,24,0,0,0,0,0,0,0,0,0,0,0,0,0,0,0,0,-0.13,-37.79,"ゆっち一",-0.088,-17.596,"檸檬の残骸",-19.882,-43.592,"mochi_2929",-3.579,-62.809,"にゃんこ3K",20.942,-45.718,"sano jpn",13.095,-64.639,"ぐだもん",32.345,-80.652,"alcohol500",6.171,-95.577,"あくせる",-22.891,-86.39,0,0,0,0,0,"",0,0,0,8,0,0,0,0,0,0
151,7,0,3,2,0,2,2,0,0,0,255,255,255,59,6689.819,"559：広告",R,6,109,1.571,-2.222,-0.001,1.445,-36.547,4,0,349.296,0,20.728,0.608,-17.446,1,5,6,L,"SFIDA",175.2,86,0.2,0,59,0,0,0,0,0,0,0,0,0,0,0,0,0,0,0,0,-0.679,-37.994,"ゆっち一",0.216,-17.186,"檸檬の残骸",-20.432,-45.09,"mochi_2929",-9.046,-62.716,"にゃんこ3K",23.663,-49.482,"sano jpn",11.828,-62.761,"ぐだもん",32.955,-81.794,"alcohol500",6.287,-96.546,"あくせる",-20.968,-87.265,0,0,0,0,0,"",0,0,0,0,0,0,0,0,0,0
152,8,1,3,2,0,0,0,0,0,0,255,255,255,16,6749.569,"_AKASATA_",R,26,139,-0.514,0.928,0.128,1.71,-36.527,2,0,81.392,-200,29.887,0,0,1,3,1,R,"ゆっち一",190,100,0.38,3,59,6750.653,138,115,38,164,142,127,-22.5,2.614,0.58,-0.054,-0.204,0.475,0,0,0,0.094,-36.88,"_Chun",0.036,-16.964,"Kr_Luna",-20.665,-47.258,"오띵__",-10.956,-66.238,"なおｐ--",21.183,-47.35,"CVPileMaki",13.53,-64.802,"SFIDA",30.362,-100.83,"Multeinn",-5.922,-113.187,"NABIMan",-48.145,-90.425,6750.852,-0.653,-23.425,6754.302,7,"Multeinn",-3.873,-100.594,1,0,0,0,0,0,0,2
153,8,1,3,2,0,0,0,1,0,0,1,255,255,17,6782.276,"_AKASATA_",R,26,140,3.683,1.05,0.49,1.733,-36.65,1,0,173.357,-200,22.326,1.574,-6.401,0,4,9,L,"CAT tourniquet",190,95.214,0.357,0,59,0,0,0,0,0,0,0,0,0,0,0,0,0,0,0,0,0.337,-37.768,"_Chun",0.307,-16.077,"Kr_Luna",-19.34,-42.913,"오띵__",-4.416,-61.966,"なおｐ--",21.695,-48.187,"CVPileMaki",12.441,-63.039,"SFIDA",31.677,-77.795,"Multeinn",-0.463,-104.403,"NABIMan",-41.844,-83.302,0,0,0,0,0,"",0,0,0,0,0,0,0,0,0,0
154,8,1,3,2,1,0,0,0,1,0,255,1,255,18,6824.086,"_AKASATA_",R,2,115,-5.17,0.387,-0.134,1.547,-36.689,4,0,-357.735,-349.321,42.477,-2.948,-5.669,1,4,9,L,"CAT tourniquet",190,95.214,0.357,0,59,0,0,0,0,0,0,0,0,0,0,0,0,0,0,0,0,-1.512,-36.509,"_Chun",-0.771,-15.878,"Kr_Luna",-18.676,-44.393,"오띵__",-5.173,-63.783,"なおｐ--",20.162,-43.571,"CVPileMaki",11.7,-62.424,"SFIDA",34.349,-75.328,"Multeinn",-0.065,-105.17,"NABIMan",-39.936,-82.456,0,0,0,0,0,"",0,0,0,0,0,0,0,0,0,0
155,8,1,3,2,1,1,0,0,0,1,255,255,1,19,6859.951,"_AKASATA_",R,27,130,-10.955,0.388,0.283,1.753,-36.514,2,0,30.118,-134.928,3.926,0,0,1,4,9,L,"CAT tourniquet",190,95.214,0.357,3,59,6860.993,245,199,62,255,155,130,19.62,-42.607,0.34,0.03,-0.027,0.461,0,0,0,0.157,-36.873,"_Chun",0.052,-16.998,"Kr_Luna",-20.041,-45.036,"오띵__",-7.2,-51.867,"なおｐ--",19.103,-40.905,"CVPileMaki",13.573,-64.574,"SFIDA",35.76,-73.008,"Multeinn",1.853,-106.201,"NABIMan",-40.099,-84.603,6869.518,82.344,-81.741,0,0,"",0,0,0,0,0,0,0,0,0,3
156,8,1,3,2,1,2,0,0,0,1,255,255,1,20,6893.442,"_AKASATA_",R,26,136,0.157,-0.41,0.2,1.45,-36.52,0,0,50.831,-200,21.745,0,0,0,4,9,L,"CAT tourniquet",190,95.214,0.357,0,55,0,0,0,0,0,0,0,0,0,0,0,0,0,0,0,0,0.112,-37.187,"_Chun",0.089,-17.387,"Kr_Luna",-20.05,-47.178,"오띵__",-7.158,-65.783,"なおｐ--",18.494,-43.98,"CVPileMaki",13.794,-64.066,"SFIDA",37.753,-75.613,"Multeinn",1.358,-109.742,"NABIMan",-40.732,-87.947,0,0,0,0,0,"",0,0,0,0,0,0,0,0,0,0
157,8,1,3,2,0,0,1,0,0,1,255,255,1,21,6921.006,"_AKASATA_",R,26,140,-1.068,-1.372,0.073,1.316,-36.485,1,0,95.254,-200,33.341,0,0,0,5,8,R,"あくせる",170.4,107,0.28,0,59,0,0,0,0,0,0,0,0,0,0,0,0,0,0,0,0,0.256,-37.459,"_Chun",0.035,-17.215,"Kr_Luna",-21.256,-48.219,"오띵__",-12.046,-65.454,"なおｐ--",18.791,-41.875,"CVPileMaki",10.542,-65.403,"SFIDA",35.211,-77.001,"Multeinn",0.289,-105.118,"NABIMan",-42.206,-83.811,0,0,0,0,0,"",0,0,0,0,0,0,0,0,0,0
158,8,1,3,2,1,0,1,0,0,1,255,255,1,22,6943.291,"_AKASATA_",R,26,136,-1.134,-1.131,0.073,1.352,-36.514,2,0,72.103,-200,28.686,0,0,1,5,8,R,"あくせる",170.4,107,0.28,3,59,6944.399,174,85,5,143,140,124,6.235,-0.996,0.63,-0.01,-0.087,0.183,0,0,0,0.324,-37.048,"_Chun",0.058,-17.031,"Kr_Luna",-21.143,-48.227,"오띵__",-11.947,-63.962,"なおｐ--",18.661,-41.583,"CVPileMaki",10.653,-65.529,"SFIDA",35.04,-76.645,"Multeinn",-0.225,-105.494,"NABIMan",-41.512,-83.569,6946.602,6.211,-81.028,6952.418,7,"Multeinn",19.642,-121.867,1,0,0,0,0,0,0,2
159,8,1,4,2,0,0,1,0,1,0,255,8,255,23,6990.813,"_AKASATA_",R,1,127,-2.259,-0.614,0.036,1.598,-36.644,2,0,0,0,29.675,0,0,1,6,3,R,"mochi_2929",169.6,100.434,0.498,2,59,6992.02,175,104,19,151,143,84,-15.069,34.66,-0.17,-0.079,-0.157,0.176,0,0,0,0.001,-36.95,"_Chun",-0.187,-17.093,"Kr_Luna",-22.054,-53.069,"오띵__",-11.875,-65.699,"なおｐ--",20.673,-47.036,"CVPileMaki",6.481,-65.251,"SFIDA",31.403,-77.208,"Multeinn",-0.475,-107.846,"NABIMan",-41.453,-80.96,6992.218,-1.902,-20.629,6994.302,2,"Kr_Luna",-20.157,-47.433,0,0,0,0,0,0,0,2
160,8,1,4,2,0,0,2,0,0,1,255,255,8,24,7026.313,"_AKASATA_",R,10,119,3.921,-2.97,0.122,1.483,-36.513,2,0,0,400,6.916,0.746,-21.643,1,7,6,L,"ぐだもん",160,100.466,0.551,3,19,0,0,0,0,0,0,51,-7.87,-25.305,-0.45,0,0,0,0,0,0,0.176,-36.97,"_Chun",-0.159,-17.045,"Kr_Luna",-20.162,-49.05,"오띵__",-11.179,-66.043,"なおｐ--",19.406,-44.696,"CVPileMaki",13.181,-64.532,"SFIDA",38.013,-80.336,"Multeinn",0.156,-107.29,"NABIMan",-42.272,-87.009,7027.718,1.167,-22.044,7030.401,4,"なおｐ--",11.09,-45.763,0,128,0,0,0,0,0,2
161,8,0,4,2,0,0,0,0,0,0,255,255,255,60,7085.751,"559：広告",R,27,137,0.001,0.959,-0.029,1.961,-36.438,0,0,94.489,-135.554,4.222,0,0,0,6,9,L,"M_lunatic",190,107,0.404,0,59,0,0,0,0,0,0,0,0,0,0,0,0,0,0,0,0,-0.339,-37.735,"ゆっち一",-0.119,-16.592,"檸檬の残骸",-20.559,-47.027,"mochi_2929",-5.978,-64.345,"にゃんこ3K",24.018,-48.809,"sano jpn",13.124,-64.452,"ぐだもん",30.673,-80.972,"alcohol500",5.266,-100.964,"あくせる",-25.422,-92.708,0,0,0,0,0,"",0,0,0,0,0,0,0,0,0,0
162,8,0,4,2,0,1,0,0,0,0,255,255,255,61,7100.33,"559：広告",R,14,103,-0.269,-0.218,-0.186,1.921,-36.556,0,0,354.887,326.121,-0.255,0,0,0,6,9,L,"M_lunatic",190,107,0.404,0,59,0,0,0,0,0,0,0,0,0,0,0,0,0,0,0,0,-0.241,-38.046,"ゆっち一",-0.133,-16.665,"檸檬の残骸",-20.528,-47.473,"mochi_2929",-6.223,-64.627,"にゃんこ3K",24.017,-48.859,"sano jpn",13.875,-64.155,"ぐだもん",32.601,-81.699,"alcohol500",5.274,-101.001,"あくせる",-25.498,-92.773,0,0,0,0,0,"",0,0,0,0,0,0,0,0,0,0
163,8,0,4,2,0,2,0,0,0,0,255,255,255,62,7114.04,"559：広告",R,27,136,-0.271,0.764,-0.044,1.926,-36.437,2,0,61.207,-105.665,3.354,0,0,1,6,9,L,"M_lunatic",190,107,0.404,2,59,7115.055,112,68,23,107,132,82,41.072,-12.557,-0.47,0.109,-0.145,0.131,0,0,0,-0.121,-37.028,"ゆっち一",-0.133,-16.698,"檸檬の残骸",-20.168,-47.649,"mochi_2929",-10.149,-63.946,"にゃんこ3K",24.017,-49.125,"sano jpn",14.153,-63.955,"ぐだもん",34.974,-81.817,"alcohol500",5.63,-101.03,"あくせる",-25.534,-92.698,0,0,0,7120.218,5,"sano jpn",10.812,-77.94,0,0,0,0,0,0,0,1
164,8,0,4,2,0,0,1,0,0,0,255,255,255,63,7144.504,"559：広告",R,3,113,3.334,-1.055,0.498,1.645,-37.047,1,0,-425.7,0,1.135,0.52,-17.602,0,7,5,R,"CVPileMaki",169.8,94,0.4,0,59,0,0,0,0,0,0,0,0,0,0,0,0,0,0,0,0,-0.049,-37.39,"ゆっち一",0.5,-17.438,"檸檬の残骸",-19.71,-45.77,"mochi_2929",-8.059,-62.594,"にゃんこ3K",22.336,-50.63,"sano jpn",13.71,-66.02,"ぐだもん",33.404,-79.584,"alcohol500",2.51,-101.304,"あくせる",-28.251,-84.688,0,0,0,0,0,"",0,0,0,0,0,0,0,0,0,0
165,8,0,4,2,1,0,1,0,0,0,255,255,255,64,7160.628,"559：広告",R,28,129,1.722,1.393,0.139,1.997,-36.604,4,0,61.211,-81.018,2.93,0.63,-17.418,1,7,5,R,"CVPileMaki",169.8,94,0.4,0,59,0,0,0,0,0,0,0,0,0,0,0,0,0,0,0,0,-0.125,-38.019,"ゆっち一",0.084,-16.716,"檸檬の残骸",-19.533,-46.917,"mochi_2929",-9.014,-63.272,"にゃんこ3K",22.587,-50.89,"sano jpn",13.046,-64.7,"ぐだもん",34.968,-81.751,"alcohol500",2.35,-101.077,"あくせる",-28.269,-84.678,0,0,0,0,0,"",0,0,0,0,0,0,0,0,0,0
166,8,0,4,2,1,1,1,0,0,0,255,255,255,65,7178.894,"559：広告",R,3,123,-3.542,-0.83,-0.189,1.676,-36.346,2,0,-403.072,0,8.573,0,0,1,7,5,R,"CVPileMaki",169.8,94,0.4,3,59,7180.006,169,134,60,79,153,40,-39.374,49.426,0.98,-0.042,-0.105,0.159,0,0,0,-0.358,-37.481,"ゆっち一",-0.568,-16.831,"檸檬の残骸",-20.099,-46.184,"mochi_2929",-10.369,-62.253,"にゃんこ3K",22.554,-50.794,"sano jpn",13.07,-64.705,"ぐだもん",34.885,-81.729,"alcohol500",3.144,-101.008,"あくせる",-28.221,-84.704,7180.268,-1.375,-19.396,7184.185,2,"檸檬の残骸",-19.47,-33.337,0,0,0,0,0,0,0,2
167,8,0,4,2,1,2,1,0,0,0,255,255,255,66,7208.688,"559：広告",R,28,127,0.848,1.702,0.058,2.046,-36.615,2,0,59.272,-73.487,3.798,0,0,1,7,5,R,"CVPileMaki",169.8,94,0.4,3,59,7209.806,194,92,28,129,143,82,94.13,-84.453,-0.47,0.009,-0.05,0.116,0,0,0,-0.187,-37.743,"ゆっち一",-0.047,-16.678,"檸檬の残骸",-20.413,-46.126,"mochi_2929",-10.558,-62.642,"にゃんこ3K",23.667,-51.625,"sano jpn",13.28,-65.015,"ぐだもん",33.784,-80.518,"alcohol500",4.256,-103.037,"あくせる",-28.615,-85.297,0,0,0,0,0,"",0,0,0,0,0,0,0,0,0,3
168,8,0,4,2,1,2,1,0,0,0,255,255,255,67,7227.772,"559：広告",R,5,102,1.182,-0.086,0.191,1.726,-37.09,2,0,-140.815,0,-0.35,0,0,1,7,5,R,"CVPileMaki",169.8,94,0.4,3,59,7229.003,182,160,57,239,155,42,-62.686,-61.814,-0.01,0.003,-0.087,0.223,0,0,0,0.345,-37.736,"ゆっち一",0.148,-16.716,"檸檬の残骸",-19.516,-45.831,"mochi_2929",-9.071,-63.154,"にゃんこ3K",23.218,-51.993,"sano jpn",15.135,-62.807,"ぐだもん",31.715,-80.96,"alcohol500",4.021,-100.227,"あくせる",-25.115,-87.233,7229.218,1.075,-21.56,0,0,"",0,0,0,0,0,0,0,0,0,3
169,8,0,4,2,1,2,1,0,0,0,255,255,255,68,7248.623,"559：広告",R,10,91,0.993,-1.399,0.166,1.82,-36.651,4,0,-34.385,400,1.451,0,0,1,7,5,R,"CVPileMaki",169.8,94,0.4,0,59,0,0,0,0,0,0,0,0,0,0,0,0,0,0,0,0,-0.138,-37.817,"ゆっち一",-0.09,-16.577,"檸檬の残骸",-19.615,-43.604,"mochi_2929",-6.931,-63.475,"にゃんこ3K",21.633,-51.035,"sano jpn",15.851,-64.599,"ぐだもん",33.507,-80.75,"alcohol500",5.32,-102.081,"あくせる",-26.501,-88.991,0,0,0,0,0,"",0,0,0,0,0,0,0,0,0,0
170,8,0,4,2,0,0,2,0,0,0,255,255,255,69,7273,"559：広告",R,13,113,-0.405,-1.297,0.123,1.771,-36.673,1,0,-378.082,327.191,-0.064,0,0,0,8,7,R,"Multeinn",160,95.343,0.505,0,59,0,0,0,0,0,0,0,0,0,0,0,0,0,0,0,0,-0.333,-37.923,"ゆっち一",-0.309,-16.679,"檸檬の残骸",-19.65,-44.469,"mochi_2929",-9.518,-63.233,"にゃんこ3K",22.724,-51.995,"sano jpn",11.558,-63.333,"ぐだもん",34.432,-80.443,"alcohol500",3.162,-99.857,"あくせる",-28.112,-89.516,0,0,0,0,0,"",0,0,0,0,0,0,0,0,0,0
171,8,0,4,2,1,0,2,0,0,0,255,255,255,70,7285.485,"559：広告",R,3,124,0.051,-0.144,-0.044,1.761,-36.349,2,0,-337.524,0,10.567,0,0,0,8,7,R,"Multeinn",160,95.343,0.505,3,59,7286.385,76,149,42,180,126,68,1.376,29.73,0.96,-0.117,-0.115,0.327,0,0,0,-0.136,-37.425,"ゆっち一",-0.075,-16.916,"檸檬の残骸",-19.874,-46.104,"mochi_2929",-9.325,-63.78,"にゃんこ3K",22.685,-51.864,"sano jpn",12.596,-64.723,"ぐだもん",34.452,-80.588,"alcohol500",3.155,-99.918,"あくせる",-28.103,-89.612,7287.168,-6.466,-29.829,7288.734,4,"にゃんこ3K",-15.537,-45.036,0,0,0,0,0,0,0,2
172,9,1,4,2,0,0,0,0,0,0,255,255,255,25,7345.216,"_AKASATA_",R,0,122,-0.151,0.002,0.147,1.531,-36.634,0,0,1.823,0,18.085,0,0,0,8,7,L,"alcohol500",163.6,95,0.386,0,59,0,0,0,0,0,0,0,0,0,0,0,0,0,0,0,0,0.171,-37.795,"_Chun",0.119,-17.052,"Kr_Luna",-20.485,-51.862,"오띵__",-10.626,-66.255,"なおｐ--",22.15,-48.774,"CVPileMaki",13.521,-64.8,"SFIDA",39.187,-78.515,"Multeinn",0.072,-103.617,"NABIMan",-39.914,-86.862,0,0,0,0,0,"",0,0,0,0,0,0,0,0,0,0
173,9,1,4,2,0,1,0,0,0,0,255,255,255,26,7363.274,"_AKASATA_",R,10,121,-1.964,-2.908,0.187,1.345,-36.552,2,0,-24.275,400,23.704,-0.132,-27.163,1,8,7,L,"alcohol500",163.6,95,0.386,2,59,7364.402,106,118,41,89,140,123,-15.909,21.5,0.32,0.1,-0.081,0.254,0,0,0,0.178,-37.066,"_Chun",-0.252,-17.136,"Kr_Luna",-20.605,-51.861,"오띵__",-10.669,-66.184,"なおｐ--",22.415,-49.04,"CVPileMaki",13.509,-64.793,"SFIDA",40.066,-78.521,"Multeinn",-0.194,-103.354,"NABIMan",-40.495,-87.127,7364.534,-0.559,-20.617,7372.718,7,"Multeinn",-23.269,-120.272,1,0,0,0,0,0,0,2
174,9,1,4,2,0,0,0,0,1,0,255,7,255,27,7408.853,"_AKASATA_",R,26,134,0.368,-0.456,0.169,1.388,-36.57,2,0,90.474,-198.581,13.072,0,0,1,0,4,R,"にゃんこ3K",190,104,0.598,3,42,7409.937,150,127,49,197,145,91,62.311,-34.813,-0.19,-0.095,-0.211,0.292,0,0,0,0.179,-37.031,"_Chun",0.099,-16.934,"Kr_Luna",-19.939,-48.289,"오띵__",-12.281,-65.576,"なおｐ--",21.606,-47.653,"CVPileMaki",5.871,-65.557,"SFIDA",33.857,-85.601,"Multeinn",-0.362,-107.386,"NABIMan",-42.051,-86.524,0,0,0,7416.118,6,"SFIDA",28.918,-64.015,0,0,0,0,0,0,0,1
175,9,1,4,2,0,0,1,0,1,0,255,7,255,28,7446.602,"_AKASATA_",R,0,128,-0.215,0.388,0.142,1.584,-36.667,0,0,0,0,71.048,0,0,0,1,5,R,"sano jpn",160,99.636,0.323,0,59,0,0,0,0,0,0,0,0,0,0,0,0,0,0,0,0,0.17,-37.37,"_Chun",-0.076,-17.036,"Kr_Luna",-20.111,-48.437,"오띵__",-10.95,-66.185,"なおｐ--",19.337,-44.753,"CVPileMaki",4.678,-63.975,"SFIDA",33.528,-84.096,"Multeinn",1.28,-105.343,"NABIMan",-39.356,-82.674,0,0,0,0,0,"",0,0,0,0,0,0,0,0,0,0
176,9,1,4,2,0,1,1,0,1,0,255,7,255,29,7467.348,"_AKASATA_",R,10,128,-1.109,-1.527,0.068,1.461,-36.561,1,0,-26.367,400,7.755,0,0,0,1,5,R,"sano jpn",160,99.636,0.323,0,59,0,0,0,0,0,0,0,0,0,0,0,0,0,0,0,0,0.144,-37.346,"_Chun",-0.255,-17.066,"Kr_Luna",-21.167,-49.043,"오띵__",-10.932,-66.137,"なおｐ--",20.472,-44.467,"CVPileMaki",3.905,-64.032,"SFIDA",35.498,-85.39,"Multeinn",1.122,-104.709,"NABIMan",-40.05,-84.723,0,0,0,0,0,"",0,0,0,0,0,0,0,0,0,0
177,9,1,4,2,1,1,1,0,1,0,255,7,255,30,7485.579,"_AKASATA_",R,6,113,0.965,0.044,0.116,1.54,-36.677,2,0,442.835,0,47.431,0,0,1,1,5,R,"sano jpn",160,99.636,0.323,3,59,7486.769,189,101,32,141,144,82,-31.184,-14.347,-0.2,-0.072,0.005,0.226,0,0,0,0.076,-36.886,"_Chun",-0.261,-16.857,"Kr_Luna",-21.463,-48.758,"오띵__",-10.932,-66.123,"なおｐ--",19.943,-46.289,"CVPileMaki",4.608,-66.148,"SFIDA",35.498,-85.38,"Multeinn",0.684,-103.674,"NABIMan",-40.392,-84.864,7486.935,0.573,-20.395,7489.734,5,"CVPileMaki",9.842,-59.937,1,0,0,0,0,0,0,2
178,9,1,4,2,0,0,1,1,1,0,5,7,255,31,7527.897,"_AKASATA_",R,10,116,1.853,-0.091,0.383,1.644,-36.612,2,0,-123.121,323.639,2.952,0,0,1,2,2,L,"檸檬の残骸",190,107,0.502,2,59,7528.958,239,188,43,255,155,96,-48.989,-31.666,-0.5,-0.047,-0.091,0.465,0,0,0,0.216,-37.005,"_Chun",0.047,-16.983,"Kr_Luna",-20.265,-47.763,"오띵__",-5.659,-67.568,"なおｐ--",21.746,-47.861,"CVPileMaki",12.032,-64.41,"SFIDA",36.166,-85.132,"Multeinn",0.726,-107.848,"NABIMan",-40.065,-86.913,7529.118,0.821,-21.074,7531.135,4,"なおｐ--",15.894,-45.838,0,0,0,0,0,0,0,2
179,9,0,4,2,0,0,0,0,0,0,255,255,255,71,7594.196,"559：広告",R,28,133,-1.545,0.935,-0.158,1.926,-36.416,4,0,44.853,-55.345,4.397,0,0,1,0,3,R,"오띵__",164.9,90,0.405,0,59,0,0,0,0,0,0,0,0,0,0,0,0,0,0,0,0,-0.16,-37.968,"ゆっち一",-0.145,-16.571,"檸檬の残骸",-20.078,-45.987,"mochi_2929",-7.962,-64.039,"にゃんこ3K",22.272,-52.397,"sano jpn",10.267,-63.589,"ぐだもん",29.348,-80.831,"alcohol500",-2.305,-99.045,"あくせる",-34.681,-78.803,0,0,0,0,0,"",0,0,0,0,0,0,0,0,0,0
180,9,0,4,2,0,1,0,0,0,0,255,255,255,72,7609.261,"559：広告",R,13,107,1.516,-0.866,0.304,1.828,-36.554,1,0,-370.643,323.748,9.949,0.043,-17.558,0,0,3,R,"오띵__",164.9,90,0.405,0,59,0,0,0,0,0,0,0,0,0,0,0,0,0,0,0,0,0.26,-37.583,"ゆっち一",-0.14,-17.25,"檸檬の残骸",-20.169,-45.954,"mochi_2929",-8.346,-63.842,"にゃんこ3K",22.362,-52.654,"sano jpn",10.842,-63.943,"ぐだもん",28.912,-81.604,"alcohol500",-2.638,-98.57,"あくせる",-33.31,-78.74,0,0,0,0,0,"",0,0,0,0,0,0,0,0,0,0
181,9,0,4,2,1,1,0,0,0,0,255,255,255,73,7623.148,"559：広告",R,28,135,-0.441,0.886,-0.058,1.917,-36.424,2,0,52.917,-62.655,4.768,0,0,1,0,3,R,"오띵__",164.9,90,0.405,3,59,7624.059,110,95,61,91,140,81,98.694,-61.919,-0.2,0.061,-0.051,0.125,0,0,0,0.006,-37.375,"ゆっち一",-0.082,-16.667,"檸檬の残骸",-20.401,-46.048,"mochi_2929",-9.59,-62.928,"にゃんこ3K",22.256,-52.501,"sano jpn",10.879,-63.874,"ぐだもん",28.897,-81.643,"alcohol500",-3.172,-97.899,"あくせる",-33.294,-78.75,7630.068,-26.514,-4.348,0,0,"",0,0,0,0,0,0,0,0,0,3
182,9,0,4,2,1,2,0,0,0,0,255,255,255,74,7648.548,"559：広告",R,3,119,-2.64,-0.162,-0.097,1.782,-36.584,1,0,-387.451,0,3.113,0,0,0,0,3,R,"오띵__",164.9,90,0.405,0,59,0,0,0,0,0,0,0,0,0,0,0,0,0,0,0,0,-0.343,-37.915,"ゆっち一",-0.495,-16.255,"檸檬の残骸",-19.458,-43.714,"mochi_2929",-9.538,-62.46,"にゃんこ3K",23.056,-52.131,"sano jpn",9.917,-63.126,"ぐだもん",29.303,-80.392,"alcohol500",-4.012,-96.871,"あくせる",-31.849,-78.016,0,0,0,0,0,"",0,0,0,0,0,0,0,0,0,0
183,9,0,4,2,2,2,0,0,0,0,255,255,255,75,7661.644,"559：広告",R,10,110,-0.206,-0.64,-0.019,1.887,-36.538,0,0,0,400,3.516,-0.194,-17.386,1,0,3,R,"오띵__",164.9,90,0.405,0,59,0,0,0,0,0,0,0,0,0,0,0,0,0,0,0,0,-0.263,-38.083,"ゆっち一",-0.183,-16.972,"檸檬の残骸",-19.8,-44.135,"mochi_2929",-10.42,-62.241,"にゃんこ3K",22.681,-51.85,"sano jpn",11.963,-63.633,"ぐだもん",29.499,-81.284,"alcohol500",-3.966,-96.738,"あくせる",-29.635,-78.993,0,0,0,0,0,"",0,0,0,0,0,0,0,0,0,0
184,9,0,4,2,0,0,1,0,0,0,255,255,255,76,7692.52,"559：広告",R,10,110,-0.781,-1.23,-0.074,1.742,-36.592,1,0,2.374,400,-8.763,0,0,0,1,2,L,"Kr_Luna",190,96.932,0.451,0,59,0,0,0,0,0,0,0,0,0,0,0,0,0,0,0,0,-0.056,-37.666,"ゆっち一",-0.093,-16.443,"檸檬の残骸",-20.372,-47.052,"mochi_2929",-9.683,-64.098,"にゃんこ3K",23.739,-50.038,"sano jpn",14.358,-65.015,"ぐだもん",33.135,-80.801,"alcohol500",3.817,-97.36,"あくせる",-22.608,-89.339,0,0,0,0,0,"",0,0,0,0,0,0,0,0,0,0
185,9,0,4,2,1,0,1,0,0,0,255,255,255,77,7706.083,"559：広告",R,6,107,2.371,-0.967,0.022,1.625,-36.42,1,0,486.364,0,16.212,1.012,-17.358,0,1,2,L,"Kr_Luna",190,96.932,0.451,0,59,0,0,0,0,0,0,0,0,0,0,0,0,0,0,0,0,-0.09,-38.025,"ゆっち一",0.387,-16.907,"檸檬の残骸",-19.931,-46.906,"mochi_2929",-9.176,-63.797,"にゃんこ3K",23.65,-50.008,"sano jpn",13.88,-64.923,"ぐだもん",33.512,-81.361,"alcohol500",3.817,-97.311,"あくせる",-22.601,-89.405,0,0,0,0,0,"",0,0,0,0,0,0,0,0,0,0
186,9,0,4,2,2,0,1,0,0,0,255,255,255,78,7719.417,"559：広告",R,28,140,-0.34,-1.017,-0.048,1.595,-36.39,1,0,55.421,-60.931,-0.949,0,0,0,1,2,L,"Kr_Luna",190,96.932,0.451,0,59,0,0,0,0,0,0,0,0,0,0,0,0,0,0,0,0,-0.278,-38.018,"ゆっち一",-0.127,-16.45,"檸檬の残骸",-19.904,-45.996,"mochi_2929",-8.814,-64.046,"にゃんこ3K",23.637,-49.978,"sano jpn",13.881,-64.863,"ぐだもん",33.082,-80.989,"alcohol500",3.77,-97.282,"あくせる",-22.488,-89.31,0,0,0,0,0,"",0,0,0,0,0,0,0,0,0,0
187,9,0,4,2,3,0,1,0,0,0,255,255,255,79,7732.299,"559：広告",R,14,98,-0.263,-0.224,-0.195,1.925,-36.643,2,0,347.842,312.348,-5.763,0,0,1,1,2,L,"Kr_Luna",190,96.932,0.451,2,59,7733.243,151,87,47,125,142,130,20.129,-25.196,0.56,-0.013,-0.033,0.271,0,0,0,-0.185,-37.35,"ゆっち一",-0.109,-16.8,"檸檬の残骸",-20.005,-46.455,"mochi_2929",-8.685,-63.401,"にゃんこ3K",23.637,-49.966,"sano jpn",13.918,-64.82,"ぐだもん",33.145,-81.042,"alcohol500",3.8,-97.414,"あくせる",-22.512,-89.238,7738.401,64.31,-120.323,0,0,"",0,0,0,0,0,0,0,0,0,4
188,9,0,4,3,0,0,1,0,0,0,255,255,255,80,7805.411,"559：広告",R,28,131,-4.148,0.462,-0.401,1.871,-36.416,1,0,45.095,-88.647,7.86,0,0,0,2,1,L,"_Chun",190,95.123,0.455,0,59,0,0,0,0,0,0,0,0,0,0,0,0,0,0,0,0,-0.254,-37.281,"ゆっち一",-0.248,-16.658,"檸檬の残骸",-20.012,-46.454,"mochi_2929",-7.981,-62.499,"にゃんこ3K",22.777,-48.425,"sano jpn",19.013,-68.058,"ぐだもん",32.787,-79.75,"alcohol500",5.502,-95.76,"あくせる",-23.031,-86.567,0,0,0,0,0,"",0,0,0,0,0,0,0,0,0,0
189,9,0,4,3,1,0,1,0,0,0,255,255,255,81,7819.949,"559：広告",R,6,106,2.527,-0.85,0.024,1.648,-36.503,4,0,481.818,0,2.144,1.007,-15.237,1,2,1,L,"_Chun",190,95.123,0.455,0,59,0,0,0,0,0,0,0,0,0,0,0,0,0,0,0,0,-0.114,-38.02,"ゆっち一",0.285,-17.393,"檸檬の残骸",-19.835,-46.72,"mochi_2929",-8.098,-62.447,"にゃんこ3K",22.813,-48.633,"sano jpn",15.543,-65.736,"ぐだもん",30.585,-79.416,"alcohol500",5.541,-95.73,"あくせる",-23.575,-88.158,0,0,0,0,0,"",0,0,0,0,0,0,0,0,0,0
190,9,0,4,3,1,1,1,0,0,0,255,255,255,82,7837.337,"559：広告",R,14,107,1.891,-1.113,0.054,1.745,-36.571,2,0,329.924,367.37,-13.572,0,0,1,2,1,L,"_Chun",190,95.123,0.455,3,59,7838.454,183,136,41,187,155,113,-10.273,-24.367,0.89,0.145,-0.093,0.399,0,0,0,-0.056,-37.65,"ゆっち一",0.165,-16.994,"檸檬の残骸",-20.413,-45.961,"mochi_2929",-8.819,-63.055,"にゃんこ3K",22.905,-48.817,"sano jpn",17.981,-68.254,"ぐだもん",31.136,-80.627,"alcohol500",5.586,-95.813,"あくせる",-23.94,-89.051,7838.635,1.613,-22.499,7840.618,5,"sano jpn",20.656,-63.243,0,0,0,0,0,0,0,2
191,9,0,4,3,0,0,2,0,0,0,255,255,255,83,8242.622,"559：広告",R,0,127,-3.883,1.099,-0.205,1.936,-36.445,4,0,19.345,-35.413,1.918,-0.209,-20.228,1,3,8,L,"NABIMan",190,98.986,0.547,0,32,0,0,0,0,0,0,0,0,0,0,0,0,0,0,0,0,-0.867,-36.507,"ゆっち一",0.002,-17.336,"檸檬の残骸",-20.168,-46.415,"mochi_2929",-7.41,-64.397,"にゃんこ3K",23.29,-49.331,"sano jpn",14.846,-63.015,"ぐだもん",32.74,-82.051,"alcohol500",3.2,-101.647,"あくせる",-25.916,-91.563,0,0,0,0,0,"",0,0,0,0,0,0,0,0,0,0
192,9,0,4,3,0,1,2,0,0,0,255,255,255,84,8261.412,"559：広告",R,3,120,-0.023,-0.312,0.138,1.742,-36.417,2,0,-393.429,0,5.379,0,0,1,3,8,L,"NABIMan",190,98.986,0.547,3,32,8262.297,152,125,52,142,145,91,18.888,-3.148,-0.43,0.033,-0.079,0.379,0,0,0,-0.22,-37.295,"ゆっち一",0.1,-16.753,"檸檬の残骸",-20.539,-46.647,"mochi_2929",-8.964,-63.966,"にゃんこ3K",23.299,-49.244,"sano jpn",15.707,-62.365,"ぐだもん",32.581,-81.724,"alcohol500",4.382,-102.11,"あくせる",-23.239,-94.776,8266.302,13.969,-90.384,8266.552,7,"alcohol500",13.476,-88.622,1,0,0,0,0,0,0,2
193,9,0,4,3,0,0,2,1,1,0,13,17,255,85,8597.729,"559：広告",R,13,114,-1.855,-1.316,-0.024,1.687,-36.588,1,0,-377.007,328.43,13.706,0,0,0,5,6,R,"_AKASATA_",190,87.367,0.2,0,59,0,0,0,0,0,0,0,0,0,0,0,0,0,0,0,0,-0.425,-37.711,"ゆっち一",-0.507,-16.736,"檸檬の残骸",-20.666,-45.347,"mochi_2929",-7.56,-62.345,"にゃんこ3K",21.531,-47.931,"sano jpn",5.147,-58.946,"ぐだもん",25.678,-84.556,"alcohol500",-9.599,-98.753,"あくせる",-36.901,-80.815,0,0,0,0,0,"",0,0,0,0,0,0,0,0,0,0
194,9,0,4,3,0,0,2,0,1,1,255,13,17,86,8683.639,"559：広告",R,3,123,-3.102,-0.516,-0.139,1.706,-36.487,1,0,-424.762,0,11.174,0,0,0,5,6,R,"_AKASATA_",190,87.367,0.2,0,59,0,0,0,0,0,0,0,0,0,0,0,0,0,0,0,0,-0.471,-37.924,"ゆっち一",-0.452,-16.553,"檸檬の残骸",-21.666,-48.059,"mochi_2929",-11.02,-64.083,"にゃんこ3K",19.574,-41.109,"sano jpn",12.553,-60.692,"ぐだもん",27.592,-82.168,"alcohol500",-7.627,-96.962,"あくせる",-37.072,-81.118,0,0,0,0,0,"",0,0,0,0,0,0,0,0,0,0
195,9,0,4,3,1,0,2,0,1,1,255,13,17,87,8701.161,"559：広告",R,33,138,0.229,-0.665,-0.011,1.663,-36.355,2,0,108.878,-54.865,2.733,0,0,1,5,6,R,"_AKASATA_",190,87.367,0.2,3,59,8701.945,178,139,35,226,155,100,31.793,19.353,-0.03,-0.046,-0.09,0.333,0,0,0,-0.163,-37.019,"ゆっち一",-0.096,-16.599,"檸檬の残骸",-21.493,-47.719,"mochi_2929",-10.784,-64.29,"にゃんこ3K",19.418,-44.151,"sano jpn",13.614,-61.219,"ぐだもん",26.533,-82.598,"alcohol500",-7.654,-97.103,"あくせる",-38.279,-81.079,0,0,0,8707.151,8,"あくせる",-32.606,-93.584,0,0,0,0,0,0,0,1
