id,inn,half,scoreA,scoreB,ball,strk,out,b1,b2,b3,b1Idx,b2Idx,b3Idx,pCnt,pSec,pName,pHand,pType,pPow,spdK,zoneX,zoneY,startX,startY,zDist,call,balk,sH,sV,gyro,plx,plz,bSwing,bIdx,bPos,bZone,bName,bHCm,batLen,batCen,batType,bFps,hSec,rotS,rotL,shS,lgS,prepS,batSpd,ev,ldeg,sdeg,hPos,hMoveX,hMoveY,stayCon,buntGrip,handDist,PPosX,PPosY,PThrSpd,CName,CPosX,CPosY,CThrSpd,1BName,1BPosX,1BPosY,1BThrSpd,2BName,2BPosX,2BPosY,2BThrSpd,3BName,3BPosX,3BPosY,3BThrSpd,SSName,SSPosX,SSPosY,SSThrSpd,LFName,LFPosX,LFPosY,LFThrSpd,CFName,CFPosX,CFPosY,CFThrSpd,RFName,RFPosX,RFPosY,RFThrSpd,ltSec,lx,lz,cSec,cPos,cPlr,cx,cz,1BSafe,tag,cpSec,sb2Sec,sb3Sec,sbhSec,ass,result
1,1,1,0,0,0,0,0,0,0,0,255,255,255,0,1382.784,"인생최패망자",R,27,81,132,-0.257,0.451,-0.025,1.715,-36.367,2,0,6.136,-143.709,0,0,0,1,0,7,R,"Pizzallaris",165.8,88.152,0.346,3,59,1383.859,125,20,164,88,54,142,122,98.046,-74.375,0.36,-0.037,0.002,0.115,0.19,0.214,-0.026,-37.092,0,"Pring__",0.015,-16.976,0,"Fresh825",-21.45,-44.732,0,"とりらむ",-13.551,-63.682,0,"Megu3568",17.719,-44.845,0,"ʚEveɞ",10.056,-66.012,0,"IbikiKai_JP",46.253,-87.855,0,"Gonyong",-2.814,-106.889,0,"SOM_candy",-43.785,-84.321,0,0,0,0,0,0,"",0,0,0,0,0,0,0,0,0,3
2,1,1,0,0,0,1,0,0,0,0,255,255,255,1,1403.606,"인생최패망자",R,4,68,104,-1.057,0.528,-0.032,1.805,-36.427,0,0,-184.862,0,0,0,0,0,0,7,R,"Pizzallaris",165.8,88.152,0.346,0,59,0,0,0,0,0,0,0,0,0,0,0,0,0,0,0,0,0.18,-37.42,0,"Pring__",-0.321,-16.935,0,"Fresh825",-22.068,-44.745,0,"とりらむ",-14.354,-63.975,0,"Megu3568",17.858,-45.008,0,"ʚEveɞ",10.015,-66.094,0,"IbikiKai_JP",43.525,-88.944,0,"Gonyong",-5.036,-105.019,0,"SOM_candy",-46.321,-85.933,0,0,0,0,0,0,"",0,0,0,0,0,0,0,0,0,0
3,1,1,0,0,0,2,0,0,0,0,255,255,255,2,1416.814,"인생최패망자",R,26,81,133,1.888,-1.341,0.153,1.437,-36.322,1,0,77.494,-200,0,0,0,0,0,7,R,"Pizzallaris",165.8,88.152,0.346,0,59,0,0,0,0,0,0,0,0,0,0,0,0,0,0,0,0,0.081,-37.581,0,"Pring__",0.035,-16.928,0,"Fresh825",-20.844,-42.72,0,"とりらむ",-14.374,-64.291,0,"Megu3568",17.883,-45.026,0,"ʚEveɞ",10.013,-66.137,0,"IbikiKai_JP",43.404,-88.887,0,"Gonyong",-4.973,-105.016,0,"SOM_candy",-45.836,-86.171,0,0,0,0,0,0,"",0,0,0,0,0,0,0,0,0,0
4,1,1,0,0,1,2,0,0,0,0,255,255,255,3,1430.039,"인생최패망자",R,27,89,140,-1.797,0.167,-0.179,1.681,-36.349,1,0,42.191,-125.448,0,0,0,0,0,7,R,"Pizzallaris",165.8,88.152,0.346,0,59,0,0,0,0,0,0,0,0,0,0,0,0,0,0,0,0,-0.137,-37.485,0,"Pring__",-0.014,-16.917,0,"Fresh825",-23.15,-45.653,0,"とりらむ",-14.27,-63.73,0,"Megu3568",17.848,-45.041,0,"ʚEveɞ",10.029,-66.112,0,"IbikiKai_JP",43.492,-88.913,0,"Gonyong",-4.434,-105.444,0,"SOM_candy",-44.369,-86.121,0,0,0,0,0,0,"",0,0,0,0,0,0,0,0,0,0
5,1,1,0,0,2,2,0,0,0,0,255,255,255,4,1443.221,"인생최패망자",R,27,90,140,-1.169,0.705,-0.125,1.757,-36.342,0,0,58.536,-138.48,0,0,0,0,0,7,R,"Pizzallaris",165.8,88.152,0.346,0,59,0,0,0,0,0,0,0,0,0,0,0,0,0,0,0,0,-0.203,-37.857,0,"Pring__",0.001,-16.928,0,"Fresh825",-21.974,-44.455,0,"とりらむ",-13.445,-64.532,0,"Megu3568",17.819,-45.018,0,"ʚEveɞ",10.046,-66.129,0,"IbikiKai_JP",43.436,-88.828,0,"Gonyong",-0.772,-111.131,0,"SOM_candy",-44.464,-86.18,0,0,0,0,0,0,"",0,0,0,0,0,0,0,0,0,0
6,1,1,0,0,0,0,1,0,0,0,255,255,255,5,1465.951,"인생최패망자",R,10,69,100,-1.103,-1.01,-0.153,1.666,-36.445,2,0,-0.489,400,0,0,0,1,1,5,L,"shimenawa",175.1,95.407,0.2,3,59,1467.147,124,18,118,128,71,141,84,10.805,-39.644,0.94,-0.071,-0.031,0,0,0.219,-0.239,-37.025,0,"Pring__",-0.093,-16.951,0,"Fresh825",-20.633,-48.968,86,"とりらむ",-10.639,-65.25,0,"Megu3568",18.103,-46.762,107,"ʚEveɞ",15.413,-63.457,0,"IbikiKai_JP",45.737,-91.97,0,"Gonyong",2.648,-126.72,0,"SOM_candy",-44.422,-111.591,0,1468.578,19.73,-43.531,1468.795,4,"Megu3568",18.629,-42.267,0,0,0,0,0,0,0,1
7,1,1,0,0,0,0,2,0,0,0,255,255,255,6,1486.206,"인생최패망자",R,26,84,137,0.912,0.763,0.076,1.768,-36.38,0,0,34.522,-176.229,0,0,0,0,2,3,R,"カズティー",174.9,85,0.329,0,59,0,0,0,0,0,0,0,0,0,0,0,0,0,0,0,0,0.107,-37.662,0,"Pring__",0.12,-16.776,111,"Fresh825",-23.909,-46.212,0,"とりらむ",-13.972,-64.28,0,"Megu3568",17.809,-46.129,0,"ʚEveɞ",9.341,-66.449,0,"IbikiKai_JP",42.217,-89.535,0,"Gonyong",-0.569,-113.909,0,"SOM_candy",-45.564,-93.222,0,0,0,0,0,0,"",0,0,0,0,0,0,0,0,0,0
8,1,1,0,0,0,1,2,0,0,0,255,255,255,7,1496.314,"인생최패망자",R,26,84,136,3.238,0.526,0.248,1.723,-36.535,1,0,183.946,-200,0,0,0,0,2,3,R,"カズティー",174.9,85,0.329,0,59,0,0,0,0,0,0,0,0,0,0,0,0,0,0,0,0,0.242,-37.521,0,"Pring__",0.043,-16.8,0,"Fresh825",-23.895,-46.212,0,"とりらむ",-14.079,-63.828,0,"Megu3568",17.99,-46.112,0,"ʚEveɞ",9.487,-66.542,0,"IbikiKai_JP",42.121,-89.472,0,"Gonyong",-0.564,-113.826,0,"SOM_candy",-45.605,-87.787,0,0,0,0,0,0,"",0,0,0,0,0,0,0,0,0,0
9,1,1,0,0,1,1,2,0,0,0,255,255,255,8,1507.783,"인생최패망자",R,27,86,139,1.468,1.363,0.009,1.46,-36.362,2,0,39.201,-122.992,0,0,0,1,2,3,R,"カズティー",174.9,85,0.329,3,59,1508.692,255,20,116,92,15,150,90,-20.47,7.426,-0.58,-0.068,-0.106,0.086,0,0.954,0.024,-37.079,0,"Pring__",0.074,-16.994,0,"Fresh825",-23.832,-46.191,0,"とりらむ",-14.02,-63.876,107,"Megu3568",17.676,-45.96,0,"ʚEveɞ",9.478,-66.464,0,"IbikiKai_JP",42.252,-90.062,0,"Gonyong",-0.547,-113.924,0,"SOM_candy",-45.644,-88.688,0,1508.745,-0.1,-20.483,1511.162,3,"とりらむ",-5.972,-62.003,0,0,0,0,0,0,0,2
10,1,0,0,0,0,0,0,0,0,0,255,255,255,0,1652.286,"甲斐野柊太",R,28,68,108,-0.735,0.388,-0.141,1.825,-36.748,0,0,64.508,-75.645,0,0,0,0,0,5,L,"ʚEveɞ",165.1,85,0.347,0,59,0,0,0,0,0,0,0,0,0,0,0,0,0,0,0,0,-0.297,-37.395,0,"あおいぬ",0.001,-16.818,0,"Nibi-chan",-20.009,-47.347,0,"カズティー",-10.648,-59.129,0,"Kenomo",17.135,-42.847,0,"shimenawa",13.832,-63.933,0,"horisen",42.432,-98.687,0,"Pizzallaris",0.189,-118.656,0,"それいゆ るな",-46.925,-89.619,0,0,0,0,0,0,"",0,0,0,0,0,0,0,0,0,0
11,1,0,0,0,0,1,0,0,0,0,255,255,255,1,1668.24,"甲斐野柊太",R,10,70,101,-0.59,-2.485,-0.082,1.518,-36.78,1,0,0,400,0,-0.11,-19.876,0,0,5,L,"ʚEveɞ",165.1,85,0.347,0,59,0,0,0,0,0,0,0,0,0,0,0,0,0,0,0,0,-0.087,-37.381,0,"あおいぬ",-0.018,-16.853,0,"Nibi-chan",-19.871,-47.344,0,"カズティー",-10.402,-59.215,0,"Kenomo",17.166,-42.909,0,"shimenawa",11.869,-64.289,0,"horisen",42.428,-98.679,0,"Pizzallaris",0.493,-120.061,0,"それいゆ るな",-46.657,-94.202,0,0,0,0,0,0,"",0,0,0,0,0,0,0,0,0,0
12,1,0,0,0,0,2,0,0,0,0,255,255,255,2,1689.356,"甲斐野柊太",R,3,61,97,0.563,-1.129,0.119,1.859,-37.06,2,0,-253.955,0,0,0,0,0,0,5,L,"ʚEveɞ",165.1,85,0.347,3,59,1690.653,228,23,86,66,19,150,86,14.547,10.666,-0.56,0.094,-0.057,0.387,0,0.463,-0.556,-37.268,0,"あおいぬ",-0.033,-17.014,0,"Nibi-chan",-19.832,-47.274,0,"カズティー",-11.264,-59.053,0,"Kenomo",16.862,-43.073,0,"shimenawa",14.943,-63.419,85,"horisen",42.421,-98.733,0,"Pizzallaris",0.294,-120.218,92,"それいゆ るな",-46.696,-94.238,0,1694.028,-6.931,-79.797,1696.112,7,"Pizzallaris",-8.759,-100.244,1,0,0,0,0,0,0,2
13,1,0,0,0,0,0,0,1,0,0,14,255,255,3,1725.049,"甲斐野柊太",R,28,86,140,-0.167,-0.039,-0.032,1.751,-36.826,2,0,64.238,-93.235,0,0,0,1,1,4,R,"Megu3568",175.3,86,0.404,3,59,1726.161,255,24,178,125,20,150,127,26.043,28.247,0.51,-0.017,-0.026,0.324,0,0.635,-0.191,-36.897,0,"あおいぬ",-0.025,-17.03,0,"Nibi-chan",-18.292,-43.662,0,"カズティー",-12.374,-57.135,0,"Kenomo",16.291,-44.363,0,"shimenawa",12.63,-63.899,0,"horisen",41.914,-103.126,0,"Pizzallaris",0.472,-119.676,0,"それいゆ るな",-44.897,-93.676,0,1731.662,-67.574,-117.834,0,0,"",0,0,0,0,0,0,0,0,0,4
14,1,0,0,2,0,0,0,0,0,0,255,255,255,4,1769.155,"甲斐野柊太",R,27,78,129,2.163,0.101,0.168,1.761,-36.967,1,0,113.493,-123.652,0,0,0,0,2,7,R,"Gonyong",175.2,80,0.2,0,59,0,0,0,0,0,0,0,0,0,0,0,0,0,0,0,0,0.329,-36.809,0,"あおいぬ",-0.026,-16.918,0,"Nibi-chan",-19.979,-46.164,0,"カズティー",-11.536,-56.599,0,"Kenomo",17.297,-44.07,0,"shimenawa",11.764,-64.182,0,"horisen",41.985,-107.808,0,"Pizzallaris",0.128,-117.855,0,"それいゆ るな",-45.921,-96.689,0,0,0,0,0,0,"",0,0,0,0,0,0,0,0,0,0
15,1,0,0,2,1,0,0,0,0,0,255,255,255,5,1784.032,"甲斐野柊太",R,28,84,137,-2.241,-2.148,-0.225,1.41,-36.65,4,0,55.515,-70.702,0,-0.428,-18.517,1,2,7,R,"Gonyong",175.2,80,0.2,0,59,0,0,0,0,0,0,0,0,0,0,0,0,0,0,0,0,-0.243,-37.243,0,"あおいぬ",-0.17,-16.943,0,"Nibi-chan",-19.8,-46.622,0,"カズティー",-11.53,-56.633,0,"Kenomo",16.999,-44.195,0,"shimenawa",10.964,-64.225,0,"horisen",41.97,-107.793,0,"Pizzallaris",0.086,-117.894,0,"それいゆ るな",-45.988,-97.017,0,0,0,0,0,0,"",0,0,0,0,0,0,0,0,0,0
16,1,0,0,2,1,1,0,0,0,0,255,255,255,6,1800.97,"甲斐野柊太",R,10,66,98,0.848,-0.702,0.131,1.891,-36.97,2,0,0,400,0,0,0,1,2,7,R,"Gonyong",175.2,80,0.2,3,59,1802.257,163,19,162,125,81,150,127,26.357,20.343,0.6,0.016,-0.054,0.108,0.048,0.167,-0.236,-37.113,0,"あおいぬ",0.015,-17.028,0,"Nibi-chan",-19.669,-46.645,0,"カズティー",-11.506,-56.606,0,"Kenomo",16.997,-44.139,0,"shimenawa",12.949,-63.975,60,"horisen",41.962,-107.769,0,"Pizzallaris",0.104,-117.872,0,"それいゆ るな",-46.04,-97.075,95,1807.395,-55.704,-114.364,1810.845,8,"それいゆ るな",-42.152,-106.924,1,0,0,0,0,0,0,2
17,1,0,0,2,0,0,0,0,1,0,255,16,255,7,1839.499,"甲斐野柊太",R,34,74,126,2.311,-0.186,0.189,1.728,-37.11,4,0,84.136,-70.296,0,0,0,1,3,1,L,"Pring__",179.6,94.516,0.485,0,59,0,0,0,0,0,0,0,0,0,0,0,0,0,0,0,0,0.031,-37.617,0,"あおいぬ",0.023,-16.928,120,"Nibi-chan",-19.291,-45.703,0,"カズティー",-13.343,-59.337,0,"Kenomo",17.781,-43.031,0,"shimenawa",8.828,-62.159,0,"horisen",43.366,-99.887,0,"Pizzallaris",0.035,-121.208,0,"それいゆ るな",-45.966,-96.68,0,0,0,0,0,0,"",0,0,0,0,0,0,0,0,0,0
18,1,0,0,2,0,1,0,0,1,0,255,16,255,8,1853.209,"甲斐野柊太",R,33,74,127,2.607,0.281,0.205,1.805,-37.193,2,0,107.808,-79.325,0,0,0,1,3,1,L,"Pring__",179.6,94.516,0.485,3,59,1854.005,255,21,103,92,87,150,84,-30,-48.196,0.95,-0.009,-0.028,0.102,0,0.739,-0.263,-37.269,0,"あおいぬ",-0.007,-17.044,0,"Nibi-chan",-19.383,-45.618,0,"カズティー",-13.324,-59.32,0,"Kenomo",17.598,-43.123,0,"shimenawa",10.234,-60.843,0,"horisen",43.546,-101.599,0,"Pizzallaris",0.037,-121.202,0,"それいゆ るな",-45.229,-96.356,0,1854.212,2.372,-22.296,0,0,"",0,0,0,0,0,0,0,0,0,3
19,1,0,0,2,0,2,0,0,1,0,255,16,255,9,1873.652,"甲斐野柊太",R,13,68,98,-1.424,-1.508,-0.085,1.679,-36.925,2,0,-161.766,400,0,0,0,1,3,1,L,"Pring__",179.6,94.516,0.485,3,73,1874.575,97,13,73,71,71,133,91,46.737,-6.345,-0.14,0.026,-0.133,0.056,0,0.341,-0.372,-37.252,0,"あおいぬ",-0.053,-16.999,0,"Nibi-chan",-19.541,-45.83,0,"カズティー",-12.608,-58.295,47,"Kenomo",18.889,-42.806,0,"shimenawa",10.164,-62.05,107,"horisen",44.583,-99.804,0,"Pizzallaris",0.612,-121.599,0,"それいゆ るな",-43.106,-97.144,0,1880.145,10.722,-83.959,1880.295,5,"shimenawa",10.445,-82.471,0,0,0,0,0,0,0,1
20,1,0,0,2,0,0,2,0,0,0,255,255,255,10,1907.238,"甲斐野柊太",R,28,79,130,-0.815,0.632,-0.1,1.884,-36.917,0,0,71.017,-73.187,0,0,0,1,4,0,R,"인생최패망자",190,80,0.401,0,59,0,0,0,0,0,0,0,0,0,0,0,0,0,0,0,0,-0.318,-37.209,0,"あおいぬ",-0.084,-16.877,0,"Nibi-chan",-19.623,-45.65,0,"カズティー",-9.81,-58.083,0,"Kenomo",16.73,-43.645,0,"shimenawa",8.897,-64.634,0,"horisen",41.753,-104.349,0,"Pizzallaris",0.39,-116.455,0,"それいゆ るな",-45.197,-96.319,0,0,0,0,0,0,"",0,0,0,0,0,0,0,0,0,0
21,1,0,0,2,0,1,2,0,0,0,255,255,255,11,1921.472,"甲斐野柊太",R,28,89,140,-3.622,-1.159,-0.351,1.546,-36.702,1,0,48.884,-53.395,0,0,0,0,4,0,R,"인생최패망자",190,80,0.401,0,59,0,0,0,0,0,0,0,0,0,0,0,0,0,0,0,0,-0.169,-37.411,0,"あおいぬ",-0.112,-16.849,0,"Nibi-chan",-19.704,-45.61,0,"カズティー",-9.799,-58.087,0,"Kenomo",16.732,-43.6,0,"shimenawa",10.698,-65.17,0,"horisen",41.777,-104.385,0,"Pizzallaris",0.405,-116.472,0,"それいゆ るな",-43.98,-95.723,0,0,0,0,0,0,"",0,0,0,0,0,0,0,0,0,0
22,1,0,0,2,1,1,2,0,0,0,255,255,255,12,1934.018,"甲斐野柊太",R,34,90,140,1.658,-0.155,0.13,1.732,-36.779,2,0,81.252,-78.021,0,0,0,1,4,0,R,"인생최패망자",190,80,0.401,3,59,1935.065,224,16,145,116,85,150,106,45.879,-47.741,-0.07,-0.049,-0.046,0.075,0,0.272,-0.181,-36.997,0,"あおいぬ",0.017,-16.988,0,"Nibi-chan",-19.526,-45.586,0,"カズティー",-12.35,-58.323,0,"Kenomo",16.732,-43.616,0,"shimenawa",13.27,-63.785,0,"horisen",41.78,-104.387,0,"Pizzallaris",0.4,-116.483,0,"それいゆ るな",-43.98,-96.317,0,0,0,0,0,0,"",0,0,0,0,0,0,0,0,0,3
23,1,0,0,2,1,2,2,0,0,0,255,255,255,13,1953.93,"甲斐野柊太",R,13,66,96,-5.407,-2.529,-0.204,1.549,-36.93,1,0,-313.227,348.119,0,-0.927,-21.421,0,4,0,R,"인생최패망자",190,80,0.401,0,59,0,0,0,0,0,0,0,0,0,0,0,0,0,0,0,0,-0.133,-37.731,0,"あおいぬ",-0.457,-17.04,0,"Nibi-chan",-19.678,-45.564,0,"カズティー",-12.37,-58.593,0,"Kenomo",17.69,-43.071,0,"shimenawa",12.676,-64.293,0,"horisen",42.483,-103.153,0,"Pizzallaris",0.331,-118.193,0,"それいゆ るな",-48.331,-96.274,0,0,0,0,0,0,"",0,0,0,0,0,0,0,0,0,0
24,1,0,0,2,2,2,2,0,0,0,255,255,255,14,1967.257,"甲斐野柊太",R,13,64,95,-4.362,-2.435,-0.123,1.678,-37.038,4,0,-331.866,319.906,0,-0.794,-20.625,1,4,0,R,"인생최패망자",190,80,0.401,0,59,0,0,0,0,0,0,0,0,0,0,0,0,0,0,0,0,0.077,-37.651,0,"あおいぬ",-0.544,-18.772,0,"Nibi-chan",-19.787,-45.238,0,"カズティー",-13.81,-57.616,0,"Kenomo",17.691,-43.1,0,"shimenawa",12.1,-64.771,0,"horisen",42.233,-103.314,0,"Pizzallaris",0.355,-118.897,0,"それいゆ るな",-48.197,-96.441,0,0,0,0,0,0,"",0,0,0,0,0,0,0,0,0,0
25,2,1,0,2,0,0,0,0,0,0,255,255,255,9,2022.586,"인생최패망자",R,3,69,98,0.508,0.249,0.326,1.814,-36.525,2,0,-439.386,82.251,0,0,0,1,3,1,R,"あおいぬ",190,84.682,0.43,3,59,2023.843,135,15,39,99,58,120,117,93.566,-80.179,0.6,-0.025,0.01,0.068,0,0.572,-0.422,-37.157,0,"Pring__",0.093,-16.805,0,"Fresh825",-24.947,-47.771,0,"とりらむ",-14.655,-62.753,0,"Megu3568",17.973,-46.032,0,"ʚEveɞ",9.776,-66.063,0,"IbikiKai_JP",39.637,-90.106,0,"Gonyong",-8.79,-125.488,0,"SOM_candy",-51.882,-100.904,0,0,0,0,0,0,"",0,0,0,0,0,0,0,0,0,3
26,2,1,0,2,0,1,0,0,0,0,255,255,255,10,2036.621,"인생최패망자",R,26,83,136,1.849,0.425,0.166,1.765,-36.446,4,0,-7.534,-185.516,0,0.155,-19.842,1,3,1,R,"あおいぬ",190,84.682,0.43,0,59,0,0,0,0,0,0,0,0,0,0,0,0,0,0,0,0,0.397,-37.8,0,"Pring__",-0.044,-17.88,0,"Fresh825",-24.271,-47.324,0,"とりらむ",-15.196,-63.315,0,"Megu3568",17.836,-45.496,0,"ʚEveɞ",9.315,-66.531,0,"IbikiKai_JP",39.876,-90.206,0,"Gonyong",-7.949,-126.319,0,"SOM_candy",-51.721,-96.781,0,0,0,0,0,0,"",0,0,0,0,0,0,0,0,0,0
27,2,1,0,2,0,2,0,0,0,0,255,255,255,11,2054.542,"인생최패망자",R,13,85,124,-1.895,-1.288,-0.066,1.564,-36.399,1,0,-332.984,372.99,0,-0.534,-17.521,0,3,1,R,"あおいぬ",190,84.682,0.43,0,59,0,0,0,0,0,0,0,0,0,0,0,0,0,0,0,0,-0.045,-37.807,0,"Pring__",-0.269,-17.037,0,"Fresh825",-23.237,-45.866,0,"とりらむ",-15.283,-63.196,0,"Megu3568",17.857,-45.506,0,"ʚEveɞ",9.302,-66.558,0,"IbikiKai_JP",39.476,-90.184,0,"Gonyong",-10.937,-125.459,0,"SOM_candy",-52.474,-100.571,0,0,0,0,0,0,"",0,0,0,0,0,0,0,0,0,0
28,2,1,0,2,1,2,0,0,0,0,255,255,255,12,2066.236,"인생최패망자",R,26,80,132,0.952,1.005,0.075,1.835,-36.405,2,0,45.931,-179.192,0,0,0,1,3,1,R,"あおいぬ",190,84.682,0.43,3,59,2067.29,120,8,45,50,23,125,80,28.192,14.29,-0.73,-0.014,0.019,0.135,0,0.386,-0.182,-37.162,0,"Pring__",0.055,-16.808,0,"Fresh825",-24.055,-47.075,0,"とりらむ",-15.252,-63.256,0,"Megu3568",17.639,-45.352,0,"ʚEveɞ",9.308,-66.577,90,"IbikiKai_JP",39.868,-91.493,0,"Gonyong",-6.169,-126.324,101,"SOM_candy",-52.377,-100.439,0,2072.012,-11.963,-84.739,2073.945,7,"Gonyong",-13.969,-97.576,1,0,0,0,0,0,0,2
29,2,1,0,2,0,0,0,1,0,0,1,255,255,13,2104.656,"인생최패망자",R,10,66,98,0.613,-0.934,0.085,1.662,-36.571,0,0,0,400,0,0,0,0,4,4,R,"Kenomo",190,80,0.469,0,59,0,0,0,0,0,0,0,0,0,0,0,0,0,0,0,0,-0.101,-37.923,0,"Pring__",-0.411,-18.206,0,"Fresh825",-18.789,-39.767,0,"とりらむ",-10.993,-63.992,0,"Megu3568",17.4,-45.938,0,"ʚEveɞ",9.737,-66.005,0,"IbikiKai_JP",38.88,-89.561,0,"Gonyong",-5.988,-116.029,0,"SOM_candy",-44.884,-88.115,0,0,0,0,0,0,"",0,0,0,0,0,0,0,0,0,0
30,2,1,0,2,0,1,0,1,0,0,1,255,255,14,2124.476,"인생최패망자",R,10,66,98,0.941,-1.917,0.153,1.416,-36.488,1,0,-32.29,400,0,0,0,0,4,4,R,"Kenomo",190,80,0.469,0,103,0,0,0,0,0,0,0,0,0,0,0,0,0,0,0,0,0.007,-37.834,0,"Pring__",-0.358,-18.19,0,"Fresh825",-18.788,-39.73,0,"とりらむ",-12.816,-63.664,0,"Megu3568",17.468,-45.879,0,"ʚEveɞ",7.223,-65.74,0,"IbikiKai_JP",38.29,-89.97,0,"Gonyong",-5.978,-115.943,0,"SOM_candy",-43.594,-86.687,0,0,0,0,0,0,"",0,0,0,0,0,0,0,0,0,0
31,2,1,0,2,0,2,0,1,0,0,1,255,255,15,2140.832,"인생최패망자",R,27,78,129,1.12,1.657,0.08,1.972,-36.549,1,0,76.639,-132.104,0,0,0,0,4,4,R,"Kenomo",190,80,0.469,0,103,0,0,0,0,0,0,0,0,0,0,0,0,0,0,0,0,0.01,-37.666,0,"Pring__",-0.616,-18.639,0,"Fresh825",-18.799,-39.772,0,"とりらむ",-12.393,-63.798,0,"Megu3568",17.491,-45.956,0,"ʚEveɞ",8.422,-66.223,0,"IbikiKai_JP",38.275,-90.002,0,"Gonyong",-6.367,-117.226,0,"SOM_candy",-46.8,-84.915,0,0,0,0,0,0,"",0,0,0,0,0,0,0,0,0,0
32,2,1,0,2,1,2,0,1,0,0,1,255,255,16,2158.998,"인생최패망자",R,13,53,100,3.761,-0.232,0.511,1.797,-36.681,1,0,-352.642,315.481,0,0,0,0,4,4,R,"Kenomo",190,80,0.469,0,103,0,0,0,0,0,0,0,0,0,0,0,0,0,0,0,0,0.286,-37.513,0,"Pring__",0.134,-16.961,0,"Fresh825",-18.634,-39.679,0,"とりらむ",-11.681,-64.269,0,"Megu3568",17.495,-45.899,0,"ʚEveɞ",8.914,-66.333,0,"IbikiKai_JP",38.193,-89.846,0,"Gonyong",-6.366,-117.265,0,"SOM_candy",-47.688,-85.746,0,0,0,0,0,0,"",0,0,0,0,0,0,0,0,0,0
33,2,1,0,2,2,2,0,1,0,0,1,255,255,17,2174.448,"인생최패망자",R,13,56,89,-0.005,-0.909,0.241,1.678,-36.612,2,0,-315.897,312.348,0,0,0,0,4,4,R,"Kenomo",190,80,0.469,3,103,2175.736,255,25,84,108,48,150,119,25.93,39.048,0.19,0.019,-0.033,0.15,0.048,0.353,0.094,-37.329,0,"Pring__",0.03,-17.014,0,"Fresh825",-18.58,-39.756,0,"とりらむ",-12.338,-64.104,0,"Megu3568",17.371,-45.739,0,"ʚEveɞ",9.592,-66.662,95,"IbikiKai_JP",38.237,-89.984,0,"Gonyong",-7.129,-117.072,0,"SOM_candy",-47.41,-86.827,86,2180.762,-60.599,-109.589,2182.195,8,"SOM_candy",-54.424,-108.339,1,0,0,0,0,0,0,2
34,2,1,0,2,0,0,0,0,1,1,255,4,1,18,2235.464,"인생최패망자",R,0,78,129,1.761,0.653,0.167,1.806,-36.54,4,0,-9.771,-31.066,0,0,0,1,5,0,R,"甲斐野柊太",190,80,0.2,0,59,0,0,0,0,0,0,0,0,0,0,0,0,0,0,0,0,0.089,-37.852,0,"Pring__",0.101,-16.999,0,"Fresh825",-20.644,-43.093,0,"とりらむ",-14.244,-63.244,0,"Megu3568",16.215,-41.383,0,"ʚEveɞ",9.887,-64.894,0,"IbikiKai_JP",38.931,-90.508,0,"Gonyong",-5.261,-116.667,0,"SOM_candy",-50.728,-94.452,0,0,0,0,0,0,"",0,0,0,0,0,0,0,0,0,0
35,2,1,0,2,0,1,0,0,1,1,255,4,1,19,2251.954,"인생최패망자",R,27,89,140,1.323,1.375,0.098,1.921,-36.565,4,0,88.013,-131.102,0,0,0,1,5,0,R,"甲斐野柊太",190,80,0.2,0,59,0,0,0,0,0,0,0,0,0,0,0,0,0,0,0,0,0.142,-37.589,120,"Pring__",0.684,-17.069,0,"Fresh825",-21.632,-45.557,0,"とりらむ",-14.335,-63.271,0,"Megu3568",18.667,-41.913,87,"ʚEveɞ",11.178,-65.913,0,"IbikiKai_JP",39.21,-91.813,0,"Gonyong",-5.272,-116.664,0,"SOM_candy",-50.661,-94.344,0,0,0,0,0,0,"",0,0,0,0,0,0,0,0,0,0
36,2,1,0,2,0,2,0,0,1,1,255,4,1,20,2325.904,"인생최패망자",R,10,62,94,0.195,-1.833,0.116,1.446,-36.475,2,0,-127.212,400,0,0,0,1,5,0,R,"甲斐野柊太",190,80,0.2,3,59,2327.146,180,7,79,80,99,150,130,-30,-44.945,0.64,0.044,-0.091,0.1,0.048,0.108,0.444,-37.139,0,"Pring__",0.111,-17.125,0,"Fresh825",-21.415,-44.991,0,"とりらむ",-13.792,-63.33,0,"Megu3568",16.541,-42.95,0,"ʚEveɞ",10.955,-65.967,91,"IbikiKai_JP",39.257,-91.906,0,"Gonyong",-8.434,-118.733,0,"SOM_candy",-51.722,-101.996,0,2327.245,0.521,-21.074,2333.512,6,"IbikiKai_JP",63.407,-91.974,1,0,0,0,0,0,0,2
37,2,1,2,2,0,0,0,0,1,0,255,4,255,21,2373.601,"인생최패망자",R,26,84,138,-0.406,0.808,-0.063,1.768,-36.419,0,0,102.053,-200,0,0,0,1,6,6,L,"horisen",174.5,95,0.447,0,58,0,0,0,0,0,0,0,0,0,0,0,0,0,0,0,0,0.215,-37.732,0,"Pring__",0.022,-16.951,0,"Fresh825",-18.497,-46.897,0,"とりらむ",-5.199,-66.726,0,"Megu3568",17.947,-41.751,0,"ʚEveɞ",15.487,-63.321,0,"IbikiKai_JP",43.788,-86.326,0,"Gonyong",3.956,-112.684,0,"SOM_candy",-38.796,-90.122,0,0,0,0,0,0,"",0,0,0,0,0,0,0,0,0,0
38,2,1,2,2,0,1,0,0,1,0,255,4,255,22,2388.591,"인생최패망자",R,27,65,120,-0.064,1.441,0.079,1.935,-36.573,4,0,47.269,-143.433,0,0,0,1,6,6,L,"horisen",174.5,95,0.447,0,58,0,0,0,0,0,0,0,0,0,0,0,0,0,0,0,0,0.02,-37.686,0,"Pring__",0.052,-16.893,0,"Fresh825",-18.632,-47.302,0,"とりらむ",-3.824,-64.042,0,"Megu3568",17.866,-41.546,0,"ʚEveɞ",14.059,-60.483,0,"IbikiKai_JP",43.186,-86.891,0,"Gonyong",2.517,-114.148,0,"SOM_candy",-38.797,-90.074,0,0,0,0,0,0,"",0,0,0,0,0,0,0,0,0,0
39,2,1,2,2,0,2,0,0,1,0,255,4,255,23,2404.143,"인생최패망자",R,13,66,96,-1.382,-1.451,0.044,1.56,-36.463,1,0,-340.743,312.348,0,-0.406,-18.031,0,6,6,L,"horisen",174.5,95,0.447,0,58,0,0,0,0,0,0,0,0,0,0,0,0,0,0,0,0,-0.095,-38.052,109,"Pring__",0.068,-16.914,0,"Fresh825",-18.799,-45.223,0,"とりらむ",-5.163,-63.512,0,"Megu3568",18.013,-41.687,0,"ʚEveɞ",14.832,-62.78,0,"IbikiKai_JP",43.208,-86.865,0,"Gonyong",3.214,-116.503,108,"SOM_candy",-40.772,-91.394,0,0,0,0,0,0,"",0,0,0,0,0,0,0,0,0,0
40,2,1,2,2,1,2,0,0,0,1,255,255,0,24,2463.354,"인생최패망자",R,10,73,103,0.481,-1.807,0.067,1.494,-36.527,2,0,0,400,0,0,0,1,6,6,R,"horisen",174.5,95,0.447,3,58,2464.514,255,12,144,131,76,150,93,-83.659,82.037,-0.38,0.005,0.08,0.096,0,0.175,0.004,-37.059,0,"Pring__",0.133,-17.346,0,"Fresh825",-21.799,-46.189,0,"とりらむ",-10.914,-64.232,0,"Megu3568",17.988,-43.5,0,"ʚEveɞ",8.136,-66.672,0,"IbikiKai_JP",42.513,-84.947,0,"Gonyong",-0.179,-119.126,0,"SOM_candy",-43.992,-92.14,0,2464.562,-0.153,-20.619,0,0,"",0,0,0,0,0,0,0,0,0,3
41,2,1,2,2,1,2,0,0,0,1,255,255,0,25,2486.373,"인생최패망자",R,10,29,77,1.813,-0.452,0.252,1.96,-36.775,1,0,0,400,0,0,0,0,6,6,R,"horisen",174.5,95,0.447,0,58,0,0,0,0,0,0,0,0,0,0,0,0,0,0,0,0,-0.156,-37.814,0,"Pring__",0.331,-17.371,0,"Fresh825",-20.861,-44.409,0,"とりらむ",-10.113,-64.811,0,"Megu3568",17.721,-41.443,0,"ʚEveɞ",9.216,-66.374,0,"IbikiKai_JP",41.012,-86.245,0,"Gonyong",-0.097,-115.197,0,"SOM_candy",-43.675,-91.915,0,0,0,0,0,0,"",0,0,0,0,0,0,0,0,0,0
42,2,1,2,2,2,2,0,0,0,1,255,255,0,26,2502.193,"인생최패망자",R,27,82,135,1.077,0.954,0.087,1.834,-36.496,0,0,52.11,-134.208,0,0,0,1,6,6,R,"horisen",174.5,95,0.447,0,58,0,0,0,0,0,0,0,0,0,0,0,0,0,0,0,0,0.271,-37.645,0,"Pring__",0.161,-17.288,0,"Fresh825",-20.784,-43.054,0,"とりらむ",-13.514,-64.15,0,"Megu3568",18.049,-41.257,0,"ʚEveɞ",9.183,-66.321,0,"IbikiKai_JP",40.869,-87.039,0,"Gonyong",-0.103,-115.329,0,"SOM_candy",-46.713,-94.883,0,0,0,0,0,0,"",0,0,0,0,0,0,0,0,0,0
43,2,1,2,2,0,0,1,0,0,1,255,255,0,27,2524.732,"인생최패망자",R,27,85,139,0.483,-1.727,0.044,1.422,-36.379,1,0,4.275,-112.531,0,0.101,-16.821,0,7,8,R,"それいゆ るな",160,85.67,0.429,0,58,0,0,0,0,0,0,0,0,0,0,0,0,0,0,0,0,0.095,-37.98,0,"Pring__",0.119,-16.945,0,"Fresh825",-23.092,-47.07,0,"とりらむ",-13.398,-64.229,0,"Megu3568",18.654,-41.408,0,"ʚEveɞ",9.325,-66.206,0,"IbikiKai_JP",40.652,-86.738,0,"Gonyong",-7.929,-103.035,0,"SOM_candy",-42.303,-83.697,0,0,0,0,0,0,"",0,0,0,0,0,0,0,0,0,0
44,2,1,2,2,1,0,1,0,0,1,255,255,0,28,2541.758,"인생최패망자",R,26,73,126,0.908,-0.729,0.044,1.53,-36.374,0,0,124.052,-200,0,0,0,1,7,8,R,"それいゆ るな",160,85.67,0.429,0,35,0,0,0,0,0,0,0,0,0,0,0,0,0,0,0,0,-0.056,-37.815,0,"Pring__",0.127,-16.955,0,"Fresh825",-23.125,-46.98,0,"とりらむ",-14.193,-64.224,0,"Megu3568",18.455,-41.015,0,"ʚEveɞ",7.676,-64.75,0,"IbikiKai_JP",40.663,-86.766,0,"Gonyong",-8.766,-104.275,0,"SOM_candy",-42.929,-82.303,0,0,0,0,0,0,"",0,0,0,0,0,0,0,0,0,0
45,2,1,2,2,1,1,1,0,0,1,255,255,0,29,2562.833,"인생최패망자",R,13,70,99,-2.496,-2.081,-0.11,1.512,-36.467,1,0,-341.173,326.033,0,-0.544,-19.076,0,7,8,R,"それいゆ るな",160,85.67,0.429,0,35,0,0,0,0,0,0,0,0,0,0,0,0,0,0,0,0,-0.258,-37.907,0,"Pring__",0.114,-17.446,0,"Fresh825",-22.14,-45.434,0,"とりらむ",-13.966,-64.253,0,"Megu3568",18.497,-41.414,0,"ʚEveɞ",9.217,-66.371,0,"IbikiKai_JP",40.532,-86.885,0,"Gonyong",-11.42,-101.026,0,"SOM_candy",-42.759,-83.147,0,0,0,0,0,0,"",0,0,0,0,0,0,0,0,0,0
46,2,1,2,2,2,1,1,0,0,1,255,255,0,30,2577.138,"인생최패망자",R,26,82,134,2.028,1.209,0.154,1.799,-36.447,2,0,117.092,-200,0,0,0,1,7,8,R,"それいゆ るな",160,85.67,0.429,2,35,2578.271,255,7,114,43,28,150,78,2.528,2.071,-0.91,0.047,0.084,0.162,0,0.165,0.242,-37.148,120,"Pring__",0.082,-16.949,0,"Fresh825",-22.102,-45.885,81,"とりらむ",-13.499,-62.896,0,"Megu3568",17.121,-43.377,0,"ʚEveɞ",9.148,-66.394,0,"IbikiKai_JP",40.643,-86.756,0,"Gonyong",-8.039,-105.453,0,"SOM_candy",-42.712,-83.151,0,2579.162,0.604,-35.63,2579.562,0,"인생최패망자",0.644,-36.434,0,0,0,0,0,0,0,2
47,2,1,2,2,0,0,2,0,0,1,255,255,0,31,2608.854,"인생최패망자",R,13,56,89,-1.812,-1.318,-0.053,1.593,-36.4,1,0,-315.194,313.43,0,-0.475,-17.927,0,8,2,R,"Nibi-chan",169.5,90,0.532,0,58,0,0,0,0,0,0,0,0,0,0,0,0,0,0,0,0,-0.287,-37.734,0,"Pring__",0.054,-17.162,0,"Fresh825",-24.652,-47.99,0,"とりらむ",-13.064,-64.08,0,"Megu3568",19.27,-40.016,0,"ʚEveɞ",9.105,-66.521,0,"IbikiKai_JP",40.752,-88.628,0,"Gonyong",-3.821,-114.978,0,"SOM_candy",-43.675,-86.104,0,0,0,0,0,0,"",0,0,0,0,0,0,0,0,0,0
48,2,1,2,2,1,0,2,0,0,1,255,255,0,32,2625.178,"인생최패망자",R,3,65,95,-0.265,-0.901,0.264,1.487,-36.389,0,0,-431.818,0,0,0,0,1,8,2,R,"Nibi-chan",169.5,90,0.532,0,58,0,0,0,0,0,0,0,0,0,0,0,0,0,0,0,0,-0.069,-37.774,0,"Pring__",-0.008,-16.759,0,"Fresh825",-24.789,-48.102,0,"とりらむ",-13.063,-64.076,0,"Megu3568",17.788,-40.394,0,"ʚEveɞ",9.13,-66.489,0,"IbikiKai_JP",40.737,-88.63,0,"Gonyong",-3.881,-114.847,0,"SOM_candy",-44.014,-87.459,0,0,0,0,0,0,"",0,0,0,0,0,0,0,0,0,0
49,2,1,2,2,1,1,2,0,0,1,255,255,0,33,2643.527,"인생최패망자",R,3,64,94,-2.136,0.462,0.004,1.8,-36.387,4,0,-427.223,0,0,0,0,1,8,2,R,"Nibi-chan",169.5,90,0.532,0,58,0,0,0,0,0,0,0,0,0,0,0,0,0,0,0,0,-0.004,-37.475,0,"Pring__",-0.217,-16.71,0,"Fresh825",-24.685,-48.159,0,"とりらむ",-13.062,-64.106,0,"Megu3568",18.575,-40.188,0,"ʚEveɞ",9.138,-66.474,0,"IbikiKai_JP",40.734,-88.622,0,"Gonyong",-3.837,-114.841,0,"SOM_candy",-44.043,-87.497,0,0,0,0,0,0,"",0,0,0,0,0,0,0,0,0,0
50,2,1,2,2,1,2,2,0,0,1,255,255,0,34,2658.282,"인생최패망자",R,13,62,93,-0.555,-1.65,0.139,1.566,-36.36,1,0,-303.973,347.466,0,-0.207,-18.505,0,8,2,R,"Nibi-chan",169.5,90,0.532,0,58,0,0,0,0,0,0,0,0,0,0,0,0,0,0,0,0,0.124,-37.509,0,"Pring__",0.477,-18.038,0,"Fresh825",-23.949,-46.693,0,"とりらむ",-13.029,-64.117,0,"Megu3568",18.106,-39.95,0,"ʚEveɞ",9.131,-66.498,0,"IbikiKai_JP",39.463,-87.398,0,"Gonyong",-3.847,-114.884,0,"SOM_candy",-45.203,-89.109,0,0,0,0,0,0,"",0,0,0,0,0,0,0,0,0,0
51,2,1,2,2,2,2,2,0,0,1,255,255,0,35,2675.953,"인생최패망자",R,0,50,94,2.494,-0.618,0.411,1.541,-36.429,2,0,-11.926,0,0,0,0,0,8,2,R,"Nibi-chan",169.5,90,0.532,3,58,2677.13,255,16,16,79,79,57,62,-30,-21.583,0.36,-0.076,0.015,0.064,0,0.618,0.276,-37.106,0,"Pring__",0.046,-16.938,0,"Fresh825",-23.589,-46.657,0,"とりらむ",-13.033,-63.997,0,"Megu3568",17.4,-41.908,107,"ʚEveɞ",9.127,-66.481,0,"IbikiKai_JP",39.77,-88.106,0,"Gonyong",-3.817,-114.963,0,"SOM_candy",-46.021,-90.925,0,2677.245,0.97,-22.743,2679.762,4,"Megu3568",10.416,-48.05,0,0,0,0,0,0,0,2
52,2,0,2,2,0,0,0,0,0,0,255,255,255,15,2734.634,"甲斐野柊太",R,27,88,140,0.423,-0.771,0.017,1.621,-36.771,2,0,90.293,-127.628,0,0,0,1,5,3,R,"とりらむ",174.5,89.612,0.65,3,40,2735.708,149,16,98,108,67,150,101,-8.671,9.718,-0.01,-0.055,-0.069,0.175,0,0.738,-0.284,-37.264,0,"あおいぬ",0.024,-17.036,0,"Nibi-chan",-20.292,-46.142,86,"カズティー",-12.22,-58.578,90,"Kenomo",18.265,-44.506,0,"shimenawa",14.587,-63.776,0,"horisen",41.584,-103.251,0,"Pizzallaris",0.351,-114.841,0,"それいゆ るな",-46.195,-94.27,0,2735.862,-0.585,-24.413,2737.612,3,"カズティー",-6.294,-57.676,0,0,0,0,0,0,0,2
53,2,0,2,2,0,0,1,0,0,0,255,255,255,16,2773.579,"甲斐野柊太",R,33,82,135,2.335,-0.59,0.189,1.661,-36.843,1,0,100.941,-89.864,0,0,0,0,6,8,L,"SOM_candy",175.1,89.547,0.503,0,49,0,0,0,0,0,0,0,0,0,0,0,0,0,0,0,0,-0.001,-37.342,0,"あおいぬ",0.047,-16.817,0,"Nibi-chan",-18.768,-46.054,0,"カズティー",-11.309,-58.97,0,"Kenomo",19.191,-42.851,0,"shimenawa",15.461,-64.191,0,"horisen",44.052,-101.669,0,"Pizzallaris",0.154,-113.736,0,"それいゆ るな",-46.184,-95.02,0,0,0,0,0,0,"",0,0,0,0,0,0,0,0,0,0
54,2,0,2,2,1,0,1,0,0,0,255,255,255,17,2790.767,"甲斐野柊太",R,3,64,95,-1.539,-0.288,0.103,1.758,-37.076,1,0,-411.785,52.622,0,0,0,0,6,8,L,"SOM_candy",175.1,89.547,0.503,0,49,0,0,0,0,0,0,0,0,0,0,0,0,0,0,0,0,-0.217,-37.469,0,"あおいぬ",-0.159,-16.876,0,"Nibi-chan",-19.023,-45.944,0,"カズティー",-11.31,-58.987,0,"Kenomo",19.191,-42.895,0,"shimenawa",13.469,-64.271,0,"horisen",44.033,-101.695,0,"Pizzallaris",0.157,-114.596,0,"それいゆ るな",-46.58,-95.718,0,0,0,0,0,0,"",0,0,0,0,0,0,0,0,0,0
55,2,0,2,2,2,0,1,0,0,0,255,255,255,18,2808.042,"甲斐野柊太",R,34,84,138,0.762,0.467,0.045,1.844,-36.858,0,0,86.902,-55.451,0,0,0,1,6,8,L,"SOM_candy",175.1,89.547,0.503,0,49,0,0,0,0,0,0,0,0,0,0,0,0,0,0,0,0,-0.131,-37.316,0,"あおいぬ",0.025,-16.886,0,"Nibi-chan",-18.882,-45.939,0,"カズティー",-11.3,-58.959,0,"Kenomo",19.176,-42.851,0,"shimenawa",12.625,-64.912,0,"horisen",43.815,-101.941,0,"Pizzallaris",0.303,-114.45,0,"それいゆ るな",-46.637,-95.756,0,0,0,0,0,0,"",0,0,0,0,0,0,0,0,0,0
56,2,0,2,2,2,1,1,0,0,0,255,255,255,19,2821.956,"甲斐野柊太",R,34,73,126,3.475,0.155,0.289,1.788,-37.015,4,0,96.25,-63.087,0,0,0,1,6,8,L,"SOM_candy",175.1,89.547,0.503,0,49,0,0,0,0,0,0,0,0,0,0,0,0,0,0,0,0,0.09,-35.65,0,"あおいぬ",0.079,-16.818,0,"Nibi-chan",-18.938,-45.945,0,"カズティー",-11.515,-58.844,0,"Kenomo",19.186,-42.876,0,"shimenawa",14.295,-64.321,0,"horisen",43.506,-101.855,0,"Pizzallaris",0.146,-114.592,0,"それいゆ るな",-46.644,-95.759,0,0,0,0,0,0,"",0,0,0,0,0,0,0,0,0,0
57,2,0,2,2,2,2,1,0,0,0,255,255,255,20,2838.437,"甲斐野柊太",R,10,67,99,0.719,-1.221,0.155,1.773,-36.945,1,0,-78.107,400,0,0,0,0,6,8,L,"SOM_candy",175.1,89.547,0.503,0,49,0,0,0,0,0,0,0,0,0,0,0,0,0,0,0,0,-0.108,-37.267,0,"あおいぬ",-0.031,-17.017,0,"Nibi-chan",-19.107,-46.306,0,"カズティー",-11.319,-58.878,0,"Kenomo",19.168,-42.87,0,"shimenawa",11.784,-64.467,0,"horisen",43.264,-102.167,0,"Pizzallaris",0.164,-114.575,0,"それいゆ るな",-46.628,-95.749,0,0,0,0,0,0,"",0,0,0,0,0,0,0,0,0,0
58,2,0,2,2,3,2,1,0,0,0,255,255,255,21,2853.716,"甲斐野柊太",R,33,82,135,2.056,0.933,0.154,1.911,-36.945,1,0,115.796,-89.413,0,0,0,0,6,8,L,"SOM_candy",175.1,89.547,0.503,0,49,0,0,0,0,0,0,0,0,0,0,0,0,0,0,0,0,-0.237,-37.433,0,"あおいぬ",0.055,-16.911,0,"Nibi-chan",-18.733,-46.265,0,"カズティー",-11.534,-58.785,0,"Kenomo",20.178,-43.759,0,"shimenawa",11.45,-64.077,0,"horisen",43.281,-102.208,0,"Pizzallaris",0.152,-114.55,0,"それいゆ るな",-46.649,-95.747,0,0,0,0,0,0,"",0,0,0,0,0,0,0,0,0,5
59,2,0,2,2,0,0,1,1,0,0,17,255,255,22,2881.323,"甲斐野柊太",R,34,81,133,0.247,0.958,0.001,1.909,-36.899,0,0,76.505,-75.315,0,0,0,0,7,6,L,"IbikiKai_JP",170.3,90.478,0.5,0,58,0,0,0,0,0,0,0,0,0,0,0,0,0,0,0,0,-0.239,-37.42,0,"あおいぬ",-0.011,-16.928,0,"Nibi-chan",-18.852,-43.891,0,"カズティー",-11.259,-58.496,0,"Kenomo",17.246,-44.443,0,"shimenawa",10.003,-63.717,0,"horisen",43.298,-102.245,0,"Pizzallaris",0.197,-115.363,0,"それいゆ るな",-46.658,-95.717,0,0,0,0,0,0,"",0,0,0,0,0,0,0,0,0,0
60,2,0,2,2,0,1,1,1,0,0,17,255,255,23,2895.05,"甲斐野柊太",R,10,70,101,0.518,-2.46,0.072,1.486,-36.753,4,0,0,400,0,0.097,-19.849,1,7,6,L,"IbikiKai_JP",170.3,90.478,0.5,0,58,0,0,0,0,0,0,0,0,0,0,0,0,0,0,0,0,0.256,-37.261,0,"あおいぬ",-0.034,-16.964,0,"Nibi-chan",-19.155,-44.824,0,"カズティー",-11.55,-58.414,0,"Kenomo",18.02,-44.86,0,"shimenawa",10.181,-63.772,0,"horisen",43.276,-102.19,0,"Pizzallaris",0.191,-115.335,0,"それいゆ るな",-46.665,-95.722,0,0,0,0,0,0,"",0,0,0,0,0,0,0,0,0,0
61,2,0,2,2,0,2,1,1,0,0,17,255,255,24,2912.554,"甲斐野柊太",R,13,65,95,-1.479,-1.152,0.028,1.754,-36.828,2,0,-323.212,331.573,0,0,0,1,7,6,L,"IbikiKai_JP",170.3,90.478,0.5,3,58,2913.794,255,15,41,51,48,130,110,6.597,9.237,0.23,0.017,-0.091,0.102,0,0.569,-0.446,-37.161,0,"あおいぬ",-0.015,-16.979,0,"Nibi-chan",-18.435,-46.017,0,"カズティー",-11.814,-57.906,0,"Kenomo",17.424,-45.049,0,"shimenawa",14.277,-63.507,64,"horisen",43.294,-102.229,0,"Pizzallaris",0.2,-115.353,100,"それいゆ るな",-45.729,-95.018,0,2915.479,-3.824,-67.156,2917.562,7,"Pizzallaris",-4.659,-99.821,1,0,0,0,0,0,0,2
62,2,0,2,2,0,0,1,1,1,0,255,17,255,25,2945.204,"甲斐野柊太",R,0,77,129,-0.557,0.726,-0.063,1.885,-36.88,2,0,36.756,-44.376,0,0,0,1,8,2,L,"Fresh825",172.6,80,0.2,3,58,2946.305,220,9,92,79,21,150,126,103.236,73.091,0.55,0.021,-0.033,0.127,0,0.148,-0.306,-37.155,0,"あおいぬ",-0.014,-16.925,0,"Nibi-chan",-19.369,-44.668,0,"カズティー",-11.462,-56.67,0,"Kenomo",18.95,-44.679,0,"shimenawa",11.987,-63.691,0,"horisen",42.212,-100.344,0,"Pizzallaris",0.542,-118.319,0,"それいゆ るな",-46.107,-98.945,0,0,0,0,0,0,"",0,0,0,0,0,0,0,0,0,3
63,2,0,2,2,0,1,1,1,1,0,255,17,255,26,2961.115,"甲斐野柊太",R,13,67,97,-1.542,-1.808,0.011,1.605,-36.913,2,0,-314.281,350.682,0,0,0,1,8,2,L,"Fresh825",172.6,80,0.2,3,58,2962.395,125,16,99,86,102,141,126,-30,27.606,0.62,0.039,-0.122,0.07,0,0.098,-0.317,-37.286,0,"あおいぬ",-0.048,-16.941,0,"Nibi-chan",-18.5,-45.265,85,"カズティー",-11.08,-56.574,89,"Kenomo",19.587,-43.637,0,"shimenawa",13.262,-63.618,0,"horisen",41.94,-99.377,0,"Pizzallaris",0.771,-117.189,0,"それいゆ るな",-49.077,-97.691,0,2962.429,-0.616,-21.708,2966.362,8,"それいゆ るな",-38.023,-96.27,1,0,0,0,0,0,0,2
64,2,0,2,3,0,0,1,1,1,0,11,15,255,27,2999.795,"甲斐野柊太",R,34,87,140,-1.023,-1.14,-0.114,1.6,-36.742,2,0,64.528,-59.881,0,0,0,1,0,5,L,"ʚEveɞ",165.1,85,0.347,3,58,3000.772,255,8,77,36,6,141,115,-30,19.322,0.77,0.054,-0.034,0.387,0,0.317,-0.253,-37.129,0,"あおいぬ",-0.019,-16.973,0,"Nibi-chan",-19.056,-45.002,80,"カズティー",-12.268,-58.944,41,"Kenomo",19.411,-42.271,0,"shimenawa",14.02,-64.033,107,"horisen",43.811,-98.364,0,"Pizzallaris",-0.062,-119.568,0,"それいゆ るな",-48.901,-99.931,0,3000.945,-0.396,-19.431,3002.628,3,"カズティー",-8.668,-55.652,1,0,0,0,0,0,0,2
65,2,0,2,3,0,0,2,1,0,1,14,255,15,28,3069.371,"甲斐野柊太",R,3,58,91,-1.393,-0.763,0.079,1.804,-37.149,0,0,-343.488,209.164,0,-0.516,-16.918,1,1,4,R,"Megu3568",175.3,86,0.404,0,58,0,0,0,0,0,0,0,0,0,0,0,0,0,0,0,0,-0.251,-37.686,0,"あおいぬ",-0.193,-16.903,0,"Nibi-chan",-20.037,-44.889,0,"カズティー",-12.339,-56.46,0,"Kenomo",17.482,-42.333,0,"shimenawa",9.166,-64.025,0,"horisen",43.395,-100.181,0,"Pizzallaris",0.189,-115.118,0,"それいゆ るな",-48.413,-97.022,0,0,0,0,0,0,"",0,0,0,0,0,0,0,0,0,0
66,2,0,2,3,0,1,2,1,0,1,14,255,15,29,3086.208,"甲斐野柊太",R,33,82,135,-1.005,0.425,-0.13,1.831,-36.913,0,0,116.17,-74.73,0,0,0,1,1,4,R,"Megu3568",175.3,86,0.404,0,77,0,0,0,0,0,0,0,0,0,0,0,0,0,0,0,0,-0.143,-37.458,0,"あおいぬ",-0.183,-16.885,0,"Nibi-chan",-19.788,-44.379,0,"カズティー",-11.803,-57.514,0,"Kenomo",18.256,-42.463,0,"shimenawa",8.29,-63.143,0,"horisen",43.388,-100.161,0,"Pizzallaris",0.186,-115.098,0,"それいゆ るな",-47.881,-96.737,0,0,0,0,0,0,"",0,0,0,0,0,0,0,0,0,0
67,2,0,2,3,0,2,2,0,1,1,255,14,15,30,3155.079,"甲斐野柊太",R,34,78,129,1.795,-1.124,0.143,1.582,-36.921,2,0,72.252,-51.249,0,0,0,1,1,4,R,"Megu3568",175.3,86,0.404,3,77,3156.198,255,4,141,107,31,150,94,-5.011,-9.065,-0.35,-0.018,-0.062,0.173,0,0.463,-0.069,-37.175,0,"あおいぬ",0.032,-16.995,0,"Nibi-chan",-19.919,-46.546,0,"カズティー",-12.429,-58.837,0,"Kenomo",18.488,-41.316,0,"shimenawa",14.346,-63.378,99,"horisen",40.857,-102.013,0,"Pizzallaris",0.174,-115.096,0,"それいゆ るな",-47.896,-96.763,0,3156.395,1.061,-24.429,3158.312,5,"shimenawa",7.148,-58.704,0,0,0,0,0,0,0,2
68,3,1,2,3,0,0,0,0,0,0,255,255,255,36,3202.446,"인생최패망자",R,26,91,140,1.228,1.009,0.082,1.795,-36.412,2,0,114.99,-161.608,0,0,0,1,0,7,R,"Pizzallaris",165.8,88.152,0.346,3,58,3203.528,157,15,68,74,13,143,81,102.641,-74.207,-0.8,0.023,0.003,0.259,0,0.235,0.067,-37.185,0,"Pring__",0.052,-16.808,0,"Fresh825",-24.811,-48.892,0,"とりらむ",-12.834,-62.62,0,"Megu3568",17.569,-44.996,0,"ʚEveɞ",8.857,-66.183,0,"IbikiKai_JP",41.697,-85.246,0,"Gonyong",-7.423,-102.517,0,"SOM_candy",-45.515,-87.088,0,0,0,0,0,0,"",0,0,0,0,0,0,0,0,0,3
69,3,1,2,3,0,1,0,0,0,0,255,255,255,37,3216.1,"인생최패망자",R,26,78,129,3.093,0.181,0.128,1.541,-36.395,2,0,99.648,-176.237,0,0,0,1,0,7,R,"Pizzallaris",165.8,88.152,0.346,3,58,3217.162,157,22,114,95,36,150,83,18.103,-13.227,-0.73,-0.032,-0.01,0.023,0.048,0.187,0.217,-37.098,0,"Pring__",0.04,-16.804,0,"Fresh825",-24.618,-47.804,0,"とりらむ",-14.804,-62.959,81,"Megu3568",17.377,-45.214,0,"ʚEveɞ",9.094,-66.496,0,"IbikiKai_JP",37.115,-84.157,0,"Gonyong",-6.61,-103.991,0,"SOM_candy",-48.62,-85.018,0,3221.028,13.753,-82.895,3222.362,7,"Gonyong",15.734,-92.635,1,0,0,0,0,0,0,2
70,3,1,2,3,0,0,0,1,0,0,7,255,255,38,3249.478,"인생최패망자",R,27,91,140,-0.651,-0.966,-0.095,1.496,-36.432,2,0,121.694,-135.905,0,0,0,1,1,5,L,"shimenawa",175.1,95.407,0.2,3,58,3250.523,130,23,137,82,0,143,73,4.952,-0.573,0.97,-0.037,-0.039,0.057,0.048,0.379,0.039,-37.128,0,"Pring__",-0.087,-16.874,0,"Fresh825",-18.825,-39.669,85,"とりらむ",-5.176,-63.829,0,"Megu3568",18.111,-45.151,0,"ʚEveɞ",13.11,-64.747,0,"IbikiKai_JP",36.271,-91.392,0,"Gonyong",3.976,-122.817,0,"SOM_candy",-44.507,-100.782,0,0,0,0,3251.695,0,"인생최패망자",0.162,-36.254,0,1,0,0,0,0,0,1
71,3,1,2,3,0,0,2,0,0,0,255,255,255,39,3273.14,"인생최패망자",R,26,83,136,0.761,0.492,0.045,1.717,-36.373,0,0,89.102,-200,0,0,0,0,2,3,R,"カズティー",174.9,85,0.329,0,52,0,0,0,0,0,0,0,0,0,0,0,0,0,0,0,0,-0.066,-37.55,0,"Pring__",0.054,-16.814,0,"Fresh825",-25.347,-48.043,0,"とりらむ",-14.143,-63.498,0,"Megu3568",17.912,-45.127,0,"ʚEveɞ",9.324,-66.299,0,"IbikiKai_JP",32.136,-79.406,0,"Gonyong",-1.9,-115.939,0,"SOM_candy",-46.199,-89.354,0,0,0,0,0,0,"",0,0,0,0,0,0,0,0,0,0
72,3,1,2,3,0,1,2,0,0,0,255,255,255,40,3284.382,"인생최패망자",R,27,73,126,2.109,1.227,0.172,1.855,-36.427,1,0,73.465,-119.03,0,0,0,0,2,3,R,"カズティー",174.9,85,0.329,0,52,0,0,0,0,0,0,0,0,0,0,0,0,0,0,0,0,0.253,-37.614,0,"Pring__",0.048,-16.807,0,"Fresh825",-25.224,-48.166,0,"とりらむ",-13.996,-63.511,0,"Megu3568",17.947,-45.137,0,"ʚEveɞ",9.082,-66.424,0,"IbikiKai_JP",28.224,-85.473,0,"Gonyong",-1.858,-116.032,0,"SOM_candy",-48.485,-88.134,0,0,0,0,0,0,"",0,0,0,0,0,0,0,0,0,0
73,3,1,2,3,1,1,2,0,0,0,255,255,255,41,3296.479,"인생최패망자",R,28,84,138,-0.8,-1.467,-0.08,1.429,-36.394,1,0,19.324,-75.764,0,0,0,0,2,3,R,"カズティー",174.9,85,0.329,0,52,0,0,0,0,0,0,0,0,0,0,0,0,0,0,0,0,0.096,-37.864,0,"Pring__",0.01,-16.886,0,"Fresh825",-25.217,-48.077,0,"とりらむ",-14.137,-63.522,0,"Megu3568",17.92,-45.165,0,"ʚEveɞ",9.071,-66.425,0,"IbikiKai_JP",29.07,-85.63,0,"Gonyong",-1.828,-116.069,0,"SOM_candy",-49.172,-87.998,0,0,0,0,0,0,"",0,0,0,0,0,0,0,0,0,0
74,3,1,2,3,2,1,2,0,0,0,255,255,255,42,3310.568,"인생최패망자",R,10,76,106,0.522,-0.816,0.094,1.734,-36.407,2,0,-35.536,400,0,0,0,1,2,3,R,"カズティー",174.9,85,0.329,3,52,3311.637,255,25,134,119,63,150,92,-28.915,-11.251,-0.45,-0.024,-0.079,0.168,0,1.044,0.134,-37.032,0,"Pring__",0.062,-16.866,0,"Fresh825",-25.063,-48.212,0,"とりらむ",-14.61,-63.276,0,"Megu3568",17.762,-44.935,0,"ʚEveɞ",9.064,-66.463,99,"IbikiKai_JP",29.178,-85.722,0,"Gonyong",-1.821,-116.157,0,"SOM_candy",-49.224,-88.1,0,3311.745,0.249,-20.039,3314.195,5,"ʚEveɞ",8.329,-58.195,0,0,0,0,0,0,0,2
75,3,0,2,3,0,0,0,0,0,0,255,255,255,31,3361.16,"甲斐野柊太",R,34,84,137,-0.473,0.855,-0.073,1.902,-36.921,0,0,93.932,-75.612,0,0,0,0,2,7,R,"Gonyong",175.2,80,0.2,0,58,0,0,0,0,0,0,0,0,0,0,0,0,0,0,0,0,-0.169,-37.497,0,"あおいぬ",-0.039,-16.775,0,"Nibi-chan",-19.814,-47.045,0,"カズティー",-11.005,-57.756,0,"Kenomo",17.953,-43.383,0,"shimenawa",12.807,-64.024,0,"horisen",42.161,-104.635,0,"Pizzallaris",0.087,-109.341,0,"それいゆ るな",-47.177,-95.394,0,0,0,0,0,0,"",0,0,0,0,0,0,0,0,0,0
76,3,0,2,3,0,1,0,0,0,0,255,255,255,32,3387.303,"甲斐野柊太",R,10,74,104,0.354,-2.441,0.049,1.443,-36.698,1,0,0,400,0,0.066,-19.876,0,2,7,R,"Gonyong",175.2,80,0.2,0,58,0,0,0,0,0,0,0,0,0,0,0,0,0,0,0,0,-0.134,-37.114,0,"あおいぬ",-0.066,-16.761,0,"Nibi-chan",-19.67,-47.047,0,"カズティー",-11.682,-59.076,0,"Kenomo",17.96,-43.361,0,"shimenawa",10.458,-64.793,0,"horisen",41.709,-104.099,0,"Pizzallaris",0.125,-110.773,0,"それいゆ るな",-47.156,-95.462,0,0,0,0,0,0,"",0,0,0,0,0,0,0,0,0,0
77,3,0,2,3,1,1,0,0,0,0,255,255,255,33,3403.828,"甲斐野柊太",R,34,79,130,2.934,0.565,0.25,1.859,-36.935,1,0,69.119,-53.285,0,0,0,0,2,7,R,"Gonyong",175.2,80,0.2,0,58,0,0,0,0,0,0,0,0,0,0,0,0,0,0,0,0,-0.173,-37.13,0,"あおいぬ",0.067,-16.816,0,"Nibi-chan",-19.61,-47.068,0,"カズティー",-11.629,-59.023,0,"Kenomo",17.867,-43.487,0,"shimenawa",9.026,-65.498,0,"horisen",41.814,-104.137,0,"Pizzallaris",0.106,-110.811,0,"それいゆ るな",-47.171,-95.469,0,0,0,0,0,0,"",0,0,0,0,0,0,0,0,0,0
78,3,0,2,3,2,1,0,0,0,0,255,255,255,34,3418.624,"甲斐野柊太",R,27,62,118,-0.433,-1.128,0.058,1.83,-37.011,1,0,28.436,-123.599,0,0,0,0,2,7,R,"Gonyong",175.2,80,0.2,0,58,0,0,0,0,0,0,0,0,0,0,0,0,0,0,0,0,-0.369,-37.426,0,"あおいぬ",-0.052,-16.935,0,"Nibi-chan",-19.685,-46.988,0,"カズティー",-11.832,-58.109,0,"Kenomo",17.037,-44.097,0,"shimenawa",9.121,-65.366,0,"horisen",41.7,-103.144,0,"Pizzallaris",0.101,-110.851,0,"それいゆ るな",-47.238,-95.518,0,0,0,0,0,0,"",0,0,0,0,0,0,0,0,0,0
79,3,0,2,3,3,1,0,0,0,0,255,255,255,35,3434.673,"甲斐野柊太",R,13,89,112,-3.782,-1.99,-0.21,1.806,-36.939,1,0,-364.489,342.269,0,-0.792,-19.025,0,2,7,R,"Gonyong",175.2,80,0.2,0,58,0,0,0,0,0,0,0,0,0,0,0,0,0,0,0,0,-0.095,-37.524,0,"あおいぬ",-0.282,-16.854,0,"Nibi-chan",-19.842,-46.347,0,"カズティー",-11.843,-57.881,0,"Kenomo",17.06,-44.133,0,"shimenawa",7.196,-65.635,0,"horisen",41.707,-103.139,0,"Pizzallaris",0.098,-110.831,0,"それいゆ るな",-47.196,-95.569,0,0,0,0,0,0,"",0,0,0,0,0,0,0,0,0,5
80,3,0,2,3,0,0,0,1,0,0,16,255,255,36,3458.156,"甲斐野柊太",R,13,65,96,-0.617,-1.222,0.112,1.74,-36.914,2,0,-275.319,376.972,0,0,0,1,3,1,L,"Pring__",179.6,94.516,0.485,3,58,3459.102,180,21,88,108,87,150,130,103.069,67.215,0.52,0.028,-0.078,0.091,0,0.611,-0.385,-37.249,0,"あおいぬ",-0.011,-16.992,0,"Nibi-chan",-19.559,-44.411,0,"カズティー",-11.686,-58.308,0,"Kenomo",17.074,-44.102,0,"shimenawa",13.095,-65.031,0,"horisen",44.335,-101.619,0,"Pizzallaris",0.091,-110.83,0,"それいゆ るな",-47.334,-95.561,0,0,0,0,0,0,"",0,0,0,0,0,0,0,0,0,3
81,3,0,2,3,0,1,0,1,0,0,16,255,255,37,3480.165,"甲斐野柊太",R,0,70,123,1.324,0.701,0.116,1.892,-37.033,2,0,19.202,-24.169,0,0,0,1,3,1,L,"Pring__",179.6,94.516,0.485,3,58,3480.945,156,20,122,84,75,150,126,25.761,16.216,0.71,-0.026,-0.036,0.182,0,0.527,-0.197,-37.231,0,"あおいぬ",-0.012,-16.953,0,"Nibi-chan",-19.222,-43.144,0,"カズティー",-11.331,-58.569,0,"Kenomo",17.596,-43.909,0,"shimenawa",13.546,-64.205,75,"horisen",43.98,-103.032,0,"Pizzallaris",0.146,-111.174,0,"それいゆ るな",-47.374,-94.08,0,3486.028,-7.928,-131.569,3487.412,7,"Pizzallaris",-6.764,-129.919,1,0,0,0,0,0,0,2
82,3,0,2,3,0,0,0,0,1,1,255,10,16,38,3521.89,"甲斐野柊太",R,33,87,140,-0.907,-1.781,-0.118,1.408,-36.754,2,0,118.791,-116.508,0,0,0,1,4,0,R,"인생최패망자",190,80,0.401,3,58,3522.967,176,12,98,77,80,150,117,26.187,-37.662,0.79,-0.031,-0.073,0.054,0,0.374,-0.23,-37.147,0,"あおいぬ",0.018,-17.023,0,"Nibi-chan",-20.385,-45.922,0,"カズティー",-11.923,-59.407,0,"Kenomo",18.926,-40.074,0,"shimenawa",12.708,-64.319,76,"horisen",41.463,-106.242,98,"Pizzallaris",0.095,-118.221,0,"それいゆ るな",-49.591,-98.823,0,0,0,0,3527.979,6,"horisen",47.924,-109.368,0,0,0,0,0,0,0,1
83,3,0,2,4,0,0,1,0,1,0,255,10,255,39,3562.474,"甲斐野柊太",R,27,88,140,-0.83,-2.739,-0.078,1.371,-36.663,2,0,65.002,-137.983,0,-0.224,-20.49,1,5,3,R,"とりらむ",174.5,89.612,0.65,3,58,3563.563,255,19,170,107,37,150,128,-19.781,21.029,0.48,-0.054,-0.083,0.342,0,0.572,-0.171,-36.983,0,"あおいぬ",-0.01,-16.892,0,"Nibi-chan",-20.68,-46.409,85,"カズティー",-10.99,-58.866,0,"Kenomo",17.98,-41.455,0,"shimenawa",13.373,-64.15,0,"horisen",41.724,-103.108,0,"Pizzallaris",0.142,-117.242,0,"それいゆ るな",-50.932,-100.061,85,3563.595,-1.028,-21.677,3570.012,8,"それいゆ るな",-33.428,-119.733,1,0,0,0,0,0,0,2
84,3,0,2,5,0,0,1,0,1,0,255,12,255,40,3597.847,"甲斐野柊太",R,33,85,139,1.023,-1.291,0.064,1.543,-36.746,1,0,106.398,-103.059,0,0,0,0,6,8,L,"SOM_candy",175.1,89.547,0.503,0,58,0,0,0,0,0,0,0,0,0,0,0,0,0,0,0,0,0.828,-29.367,0,"あおいぬ",0.033,-16.846,116,"Nibi-chan",-18.864,-44.746,0,"カズティー",-11.655,-59.871,0,"Kenomo",18.42,-40.495,0,"shimenawa",6.206,-60.948,0,"horisen",44.18,-102.01,0,"Pizzallaris",0.3,-124.003,0,"それいゆ るな",-46.726,-96.763,0,0,0,0,0,0,"",0,0,0,0,0,0,0,0,0,0
85,3,0,2,5,1,0,1,0,1,0,255,12,255,41,3615.398,"甲斐野柊太",R,33,80,131,1.383,-0.159,0.082,1.737,-36.956,2,0,140.472,-67.236,0,0,0,1,6,8,L,"SOM_candy",175.1,89.547,0.503,3,58,3616.545,158,15,84,74,60,150,91,95.378,79.744,0.93,-0.07,0.053,0.098,0,0.139,-0.021,-37.172,0,"あおいぬ",0.012,-16.996,0,"Nibi-chan",-18.232,-45.074,0,"カズティー",-12.236,-60.529,0,"Kenomo",18.42,-41.554,0,"shimenawa",9.027,-60.126,0,"horisen",44.207,-102.066,0,"Pizzallaris",0.039,-124.049,0,"それいゆ るな",-48.351,-100.557,0,0,0,0,0,0,"",0,0,0,0,0,0,0,0,0,3
86,3,0,2,5,1,1,1,0,1,0,255,12,255,42,3650.883,"甲斐野柊太",R,13,64,95,-1.176,-1.894,-0.016,1.618,-37.009,2,0,-197.831,398.886,0,0,0,1,6,8,L,"SOM_candy",175.1,89.547,0.503,3,48,3652.175,110,12,91,64,85,139,111,-30,-47.035,0.89,0.086,0.082,0.062,0.095,0.523,-0.323,-37.327,0,"あおいぬ",-0.061,-16.911,0,"Nibi-chan",-18.122,-44.795,0,"カズティー",-12.413,-59.685,0,"Kenomo",17.976,-41.317,0,"shimenawa",10.345,-61.985,0,"horisen",42.609,-102.139,0,"Pizzallaris",0.124,-121.78,0,"それいゆ るな",-49.299,-100.446,0,3652.229,0.331,-21.145,0,0,"",0,0,0,0,0,0,0,0,0,3
87,3,0,2,5,1,2,1,0,1,0,255,12,255,43,3674.1,"甲斐野柊太",R,27,85,138,0.72,0.197,0.033,1.784,-36.855,0,0,112.139,-114.883,0,0,0,0,6,8,L,"SOM_candy",175.1,89.547,0.503,0,48,0,0,0,0,0,0,0,0,0,0,0,0,0,0,0,0,-0.06,-37.166,0,"あおいぬ",0.242,-17.508,0,"Nibi-chan",-18.465,-44.617,0,"カズティー",-11.891,-59.916,0,"Kenomo",18.455,-40.916,0,"shimenawa",9.217,-63.21,0,"horisen",42.397,-100.324,0,"Pizzallaris",0.597,-123.133,0,"それいゆ るな",-50.585,-99.371,0,0,0,0,0,0,"",0,0,0,0,0,0,0,0,0,0
88,3,0,2,5,0,0,2,0,1,0,255,12,255,44,3700.994,"甲斐野柊太",R,28,82,134,-2.585,-0.398,-0.258,1.703,-36.774,2,0,54.432,-60.612,0,0,0,1,7,6,L,"IbikiKai_JP",170.3,90.478,0.5,3,58,3702.092,106,9,20,50,31,36,43,-81.374,75.309,-0.1,-0.027,-0.034,0.172,0,0.348,-0.375,-36.998,0,"あおいぬ",-0.093,-16.898,0,"Nibi-chan",-18.279,-44.943,0,"カズティー",-12.839,-60.184,0,"Kenomo",17.571,-42.126,0,"shimenawa",10.762,-62.8,0,"horisen",44.748,-102.152,0,"Pizzallaris",0.562,-121.336,0,"それいゆ るな",-51.516,-98.854,0,3702.212,-0.853,-19.346,3708.095,2,"Nibi-chan",-18.281,-27.053,0,0,0,0,0,0,0,2
89,3,0,2,5,0,1,2,0,1,0,255,12,255,45,3723.209,"甲斐野柊太",R,28,73,126,1.107,-2.277,0.093,1.404,-36.842,1,0,29.941,-80.536,0,0.219,-18.932,0,7,6,L,"IbikiKai_JP",170.3,90.478,0.5,0,40,0,0,0,0,0,0,0,0,0,0,0,0,0,0,0,0,-0.774,-36.086,0,"あおいぬ",0.831,-18.644,120,"Nibi-chan",-18.587,-44.115,0,"カズティー",-12.677,-60.312,0,"Kenomo",19.149,-40.525,74,"shimenawa",8.397,-63.184,0,"horisen",44.764,-102.715,0,"Pizzallaris",0.103,-121.245,0,"それいゆ るな",-51.262,-98.999,0,0,0,0,0,0,"",0,0,0,32,0,0,0,0,0,0
90,4,1,2,5,0,0,0,0,0,0,255,255,255,43,3779.568,"인생최패망자",R,28,81,132,2.663,0.624,0.245,1.793,-36.471,2,0,9.139,-57.468,0,0,0,1,3,1,R,"あおいぬ",190,84.682,0.43,3,58,3780.676,209,17,72,74,24,150,96,17.956,3.986,-0.52,-0.018,0.011,0.265,0,0.621,0.366,-37.028,0,"Pring__",0.12,-16.915,0,"Fresh825",-25.205,-48.528,0,"とりらむ",-14.007,-62.842,0,"Megu3568",17.785,-44.67,0,"ʚEveɞ",9.401,-66.248,0,"IbikiKai_JP",34.453,-91.708,0,"Gonyong",-2.865,-116.815,0,"SOM_candy",-50.713,-99.652,0,0,0,0,3785.412,7,"Gonyong",-12.961,-99.926,0,0,0,0,0,0,0,1
91,4,1,2,5,0,0,1,0,0,0,255,255,255,44,3812.353,"인생최패망자",R,26,66,121,2.102,0.318,0.288,1.903,-36.603,1,0,151.631,-200,0,0,0,0,4,4,R,"Kenomo",190,80,0.469,0,58,0,0,0,0,0,0,0,0,0,0,0,0,0,0,0,0,0.04,-38.012,0,"Pring__",0.064,-16.873,0,"Fresh825",-23.756,-46.546,0,"とりらむ",-13.443,-63.973,0,"Megu3568",17.913,-45.041,0,"ʚEveɞ",7.691,-66.333,0,"IbikiKai_JP",34.093,-91.067,0,"Gonyong",-7.636,-120.332,0,"SOM_candy",-45.995,-94.556,0,0,0,0,0,0,"",0,0,0,0,0,0,0,0,0,0
92,4,1,2,5,1,0,1,0,0,0,255,255,255,45,3825.074,"인생최패망자",R,26,88,140,1.137,0.562,0.073,1.756,-36.425,2,0,117.304,-164.998,0,0,0,1,4,4,R,"Kenomo",190,80,0.469,3,58,3826.103,152,1,76,18,0,135,122,-30,38.494,0.24,0.022,-0.002,0.08,0,0.15,0.084,-37.14,0,"Pring__",0.037,-16.879,0,"Fresh825",-24.075,-46.454,79,"とりらむ",-13.653,-62.499,0,"Megu3568",17.691,-44.902,0,"ʚEveɞ",8.165,-66.622,0,"IbikiKai_JP",34.086,-91.115,0,"Gonyong",-7.624,-120.562,0,"SOM_candy",-46.578,-94.264,0,3826.229,-1.228,-20.459,3827.579,2,"Fresh825",-19.969,-44.163,0,0,0,0,0,0,0,2
93,4,1,2,5,0,0,2,0,0,0,255,255,255,46,3849.075,"인생최패망자",R,3,71,112,-3.494,-1.551,-0.143,1.406,-36.338,4,0,-491.033,32.865,0,0,0,1,5,0,R,"甲斐野柊太",190,80,0.2,0,58,0,0,0,0,0,0,0,0,0,0,0,0,0,0,0,0,-0.065,-37.774,0,"Pring__",-0.232,-16.923,0,"Fresh825",-24.868,-47.925,0,"とりらむ",-13.848,-63.207,0,"Megu3568",17.09,-43.533,0,"ʚEveɞ",11.105,-64.172,0,"IbikiKai_JP",34.819,-91.243,0,"Gonyong",-5.565,-121.591,0,"SOM_candy",-55.976,-100.071,0,0,0,0,0,0,"",0,0,0,0,0,0,0,0,0,0
94,4,1,2,5,0,1,2,0,0,0,255,255,255,47,3862.765,"인생최패망자",R,27,85,139,-0.045,0.333,-0.019,1.718,-36.293,2,0,54.024,-140.578,0,0,0,1,5,0,R,"甲斐野柊太",190,80,0.2,3,35,3863.828,255,22,145,176,42,150,130,12.205,43.363,0.64,0,-0.024,0.177,0.048,0.358,-0.135,-36.872,0,"Pring__",0.096,-16.863,0,"Fresh825",-24.786,-47.569,0,"とりらむ",-13.962,-63.523,0,"Megu3568",17.621,-43.872,0,"ʚEveɞ",10.289,-65.887,0,"IbikiKai_JP",36.787,-92.261,0,"Gonyong",-7.841,-121.782,0,"SOM_candy",-54.852,-100.173,0,3867.845,-75.493,-91.862,0,0,"",0,0,0,0,0,0,0,0,0,3
95,4,1,2,5,0,2,2,0,0,0,255,255,255,48,3882.924,"인생최패망자",R,10,70,101,0.585,-2.238,0.114,1.314,-36.47,2,0,-50.042,400,0,0.038,-20.069,1,5,0,R,"甲斐野柊太",190,80,0.2,3,58,3884.183,227,29,139,138,120,150,82,30.3,6.4,0.96,0.029,-0.073,0.075,0.048,0.146,-0.011,-37.044,0,"Pring__",0.094,-16.891,0,"Fresh825",-25.345,-47.626,85,"とりらむ",-13.603,-64.212,0,"Megu3568",18.006,-44.112,0,"ʚEveɞ",9.867,-65.459,0,"IbikiKai_JP",35.424,-93.917,0,"Gonyong",-5.823,-121.542,0,"SOM_candy",-57.566,-101.107,0,3889.095,-7.905,-85.217,3890.679,7,"Gonyong",-9.126,-95.078,1,0,0,0,0,0,0,2
96,4,1,2,5,0,0,2,1,0,0,0,255,255,49,3929.202,"인생최패망자",R,26,85,139,-2.075,0.18,-0.208,1.673,-36.354,2,0,54.67,-175.013,0,0,0,1,6,6,L,"horisen",174.5,95,0.447,3,58,3930.268,70,5,53,39,29,85,64,-30,-42.105,0.05,-0.019,-0.032,0.079,0,0.189,-0.015,-37.133,0,"Pring__",-0.044,-16.792,0,"Fresh825",-18.815,-39.695,0,"とりらむ",-8.416,-65.458,0,"Megu3568",17.559,-44.008,99,"ʚEveɞ",10.711,-65.079,0,"IbikiKai_JP",39.495,-90.263,0,"Gonyong",3.245,-126.462,0,"SOM_candy",-46.574,-98.229,0,3930.395,0.844,-20.056,3932.445,4,"Megu3568",16.958,-38.3,0,0,0,0,0,0,0,2
97,4,0,2,5,0,0,0,0,0,0,255,255,255,46,4102.662,"甲斐野柊太",R,27,85,139,-1.924,-0.56,-0.169,1.657,-36.755,1,0,-34.867,-142.041,0,0,0,0,7,6,L,"IbikiKai_JP",170.3,90.478,0.5,0,58,0,0,0,0,0,0,0,0,0,0,0,0,0,0,0,0,-0.214,-37.119,0,"あおいぬ",-0.093,-16.933,0,"Nibi-chan",-18.63,-46.525,0,"カズティー",-11.726,-58.807,0,"Kenomo",18.408,-43.595,0,"shimenawa",12.865,-64.5,0,"horisen",42.74,-99.468,0,"Pizzallaris",0.194,-114.386,0,"それいゆ るな",-44.125,-94.035,0,0,0,0,0,0,"",0,0,0,0,0,0,0,0,0,0
98,4,0,2,5,1,0,0,0,0,0,255,255,255,47,4119.552,"甲斐野柊太",R,10,64,97,0.31,-1.185,0.043,1.801,-36.776,4,0,0,400,0,0,0,1,7,6,L,"IbikiKai_JP",170.3,90.478,0.5,0,58,0,0,0,0,0,0,0,0,0,0,0,0,0,0,0,0,-0.164,-37.164,0,"あおいぬ",0.019,-16.902,0,"Nibi-chan",-18.003,-46.286,0,"カズティー",-11.579,-58.865,0,"Kenomo",19.222,-43.917,0,"shimenawa",9.906,-64.888,0,"horisen",42.75,-99.483,0,"Pizzallaris",0.208,-114.519,0,"それいゆ るな",-44.112,-94.014,0,0,0,0,0,0,"",0,0,0,0,0,0,0,0,0,0
99,4,0,2,5,1,1,0,0,0,0,255,255,255,48,4136.307,"甲斐野柊太",R,27,85,139,-2.465,-0.325,-0.251,1.703,-36.753,4,0,71.546,-107.758,0,0,0,1,7,6,L,"IbikiKai_JP",170.3,90.478,0.5,0,58,0,0,0,0,0,0,0,0,0,0,0,0,0,0,0,0,-0.342,-37.228,0,"あおいぬ",-0.163,-16.933,0,"Nibi-chan",-18.141,-46.157,0,"カズティー",-12.433,-59.406,0,"Kenomo",18.594,-43.549,0,"shimenawa",11.086,-64.915,0,"horisen",42.751,-99.472,0,"Pizzallaris",0.353,-115.383,0,"それいゆ るな",-44.229,-94.215,0,0,0,0,0,0,"",0,0,0,0,0,0,0,0,0,0
100,4,0,2,5,1,2,0,0,0,0,255,255,255,49,4152.108,"甲斐野柊太",R,28,96,140,-2.84,-1.259,0.059,1.752,-36.908,3,0,39.281,-88.214,0,-0.172,-19.995,0,7,6,L,"IbikiKai_JP",170.3,90.478,0.5,0,58,0,0,0,0,0,0,0,0,0,0,0,0,0,0,0,0,-0.304,-37.364,0,"あおいぬ",-0.095,-17.265,0,"Nibi-chan",-17.984,-45.801,0,"カズティー",-12.399,-59.395,0,"Kenomo",18.544,-43.54,0,"shimenawa",8.929,-64.994,0,"horisen",42.767,-99.484,0,"Pizzallaris",0.374,-115.356,0,"それいゆ るな",-45.436,-95.913,0,0,0,0,0,0,"",0,0,0,0,0,0,0,0,0,6
101,4,0,2,5,0,0,0,1,0,0,15,255,255,50,4182.438,"甲斐野柊太",R,33,89,140,0.902,-1.27,0.053,1.56,-36.792,1,0,103.018,-76.765,0,0,0,0,8,2,L,"Fresh825",172.6,80,0.2,0,58,0,0,0,0,0,0,0,0,0,0,0,0,0,0,0,0,-0.17,-37.293,0,"あおいぬ",0.043,-16.974,0,"Nibi-chan",-18.101,-44.414,0,"カズティー",-10.487,-57.991,0,"Kenomo",17.656,-43.936,0,"shimenawa",10.931,-64.117,0,"horisen",42.828,-99.512,0,"Pizzallaris",0.236,-115.637,0,"それいゆ るな",-45.4,-95.909,0,0,0,0,0,0,"",0,0,0,0,0,0,0,0,0,0
102,4,0,2,5,1,0,0,1,0,0,15,255,255,51,4196.402,"甲斐野柊太",R,34,76,128,1.372,0.733,0.104,1.879,-36.951,0,0,69.504,-65.737,0,0,0,0,8,2,L,"Fresh825",172.6,80,0.2,0,58,0,0,0,0,0,0,0,0,0,0,0,0,0,0,0,0,-0.211,-37.245,0,"あおいぬ",0.263,-17.47,0,"Nibi-chan",-18.636,-44.263,0,"カズティー",-11.158,-58.663,0,"Kenomo",17.847,-44.149,0,"shimenawa",10.166,-63.595,0,"horisen",42.824,-99.522,0,"Pizzallaris",0.589,-115.639,0,"それいゆ るな",-45.968,-95.774,0,0,0,0,0,0,"",0,0,0,0,0,0,0,0,0,0
103,4,0,2,5,1,1,0,1,0,0,15,255,255,52,4221.483,"甲斐野柊太",R,14,54,87,3.2,-1.444,0.2,1.707,-36.841,4,0,303.94,319.874,0,0,0,1,8,2,L,"Fresh825",172.6,80,0.2,0,58,0,0,0,0,0,0,0,0,0,0,0,0,0,0,0,0,0.16,-37.437,0,"あおいぬ",-0.272,-17.668,0,"Nibi-chan",-19.52,-43.244,0,"カズティー",-9.979,-59.109,0,"Kenomo",17.936,-42.597,0,"shimenawa",9.881,-64.083,0,"horisen",42.786,-99.477,0,"Pizzallaris",0.583,-115.656,0,"それいゆ るな",-45.974,-95.761,0,0,0,0,0,0,"",0,0,0,0,0,0,0,0,0,0
104,4,0,2,5,1,2,0,1,0,0,15,255,255,53,4236.424,"甲斐野柊太",R,27,84,137,20.382,-2.766,-0.195,1.503,-36.641,2,0,63.167,-116.968,0,0,0,0,8,2,L,"Fresh825",172.6,80,0.2,3,58,4237.526,124,10,85,64,32,140,121,-30,-30.165,0.73,0.084,-0.045,0.154,0,0.077,-0.407,-37.031,0,"あおいぬ",-0.064,-17.057,0,"Nibi-chan",-18.312,-44.03,0,"カズティー",-12.42,-58.279,79,"Kenomo",18.119,-44.394,0,"shimenawa",12.813,-64.769,0,"horisen",42.69,-98.334,108,"Pizzallaris",0.568,-115.612,0,"それいゆ るな",-47.634,-96.135,0,4237.595,-0.016,-20.446,4241.545,6,"horisen",31.463,-83.133,1,0,0,0,0,0,0,2
105,4,0,2,5,0,0,0,1,1,0,255,15,255,54,4266.903,"甲斐野柊太",R,27,79,129,2.347,-0.172,0.19,1.726,-36.908,4,0,83.963,-101.351,0,0,0,1,0,5,L,"ʚEveɞ",165.1,85,0.347,0,58,0,0,0,0,0,0,0,0,0,0,0,0,0,0,0,0,-0.014,-37.403,0,"あおいぬ",0.095,-16.941,0,"Nibi-chan",-19.051,-43.724,0,"カズティー",-11.691,-59.313,0,"Kenomo",18.78,-42.301,0,"shimenawa",9.33,-63.423,0,"horisen",45.702,-99.705,0,"Pizzallaris",1.494,-118.253,0,"それいゆ るな",-47.52,-98.888,0,0,0,0,0,0,"",0,0,0,0,0,0,0,0,0,0
106,4,0,2,5,0,1,0,1,1,0,255,15,255,55,4286.259,"甲斐野柊太",R,13,71,102,-0.272,-0.336,0.078,1.77,-37.038,2,0,-160.918,346.142,0,0,0,1,0,5,L,"ʚEveɞ",165.1,85,0.347,3,58,4287.546,200,16,73,74,30,150,123,-30,18.826,0.54,0.099,-0.112,0.353,0,0.442,-0.392,-37.233,0,"あおいぬ",-0.043,-16.978,0,"Nibi-chan",-18.355,-44.337,0,"カズティー",-11.455,-59.043,0,"Kenomo",18.741,-42.412,0,"shimenawa",12.257,-63.945,0,"horisen",45.701,-99.719,0,"Pizzallaris",1.185,-118.787,0,"それいゆ るな",-48.959,-100.554,0,4287.645,-0.198,-20.547,4289.345,3,"カズティー",-12.123,-55.533,1,0,0,0,0,0,0,2
107,4,0,2,5,0,0,0,1,1,1,14,255,15,56,4428.041,"甲斐野柊太",R,28,80,131,1.628,0.228,0.138,1.797,-36.802,2,0,41.992,-80.235,0,0,0,1,1,4,R,"Megu3568",175.3,86,0.404,3,75,4429.155,255,12,81,107,64,150,91,108.551,1.587,-0.53,0.009,0.003,0.233,0,0.632,0,-36.926,0,"あおいぬ",0.019,-16.912,0,"Nibi-chan",-18.995,-45.006,0,"カズティー",-12.26,-59.868,0,"Kenomo",15.767,-40.657,0,"shimenawa",14.348,-64.096,0,"horisen",35.327,-88.387,0,"Pizzallaris",0.491,-105.791,0,"それいゆ るな",-40.688,-85.969,0,0,0,0,0,0,"",0,0,0,0,0,0,0,0,0,3
108,4,0,2,5,0,1,0,1,1,1,14,255,15,57,4451.822,"甲斐野柊太",R,10,74,104,1.363,-1.476,0.19,1.689,-36.888,2,0,0,400,0,0,0,1,1,4,R,"Megu3568",175.3,86,0.404,3,75,4453.076,255,21,158,123,71,150,113,0.377,44.97,0.08,-0.021,-0.047,0.235,0,0.549,-0.027,-37.074,0,"あおいぬ",0.03,-17.012,0,"Nibi-chan",-18.264,-45.676,88,"カズティー",-12.156,-59.27,0,"Kenomo",15.579,-40.423,0,"shimenawa",14.507,-62.645,0,"horisen",36.203,-88.062,0,"Pizzallaris",0.259,-109.125,0,"それいゆ るな",-39.866,-86.534,0,4453.512,-9.066,-29.382,4457.562,2,"Nibi-chan",-26.309,-34.59,1,0,0,0,0,0,0,2
109,4,0,2,7,0,0,0,1,1,0,13,255,255,58,4497.627,"甲斐野柊太",R,10,64,97,0.698,-1.501,0.127,1.71,-36.977,2,0,-40.872,400,0,0,0,1,2,7,R,"Gonyong",175.2,80,0.2,3,58,4498.985,255,10,137,136,79,150,127,25.832,-28.941,0.31,-0.041,-0.047,0.038,0.095,0.172,-0.259,-37.335,0,"あおいぬ",0.003,-17.043,0,"Nibi-chan",-19.271,-43.445,0,"カズティー",-11.982,-59.889,69,"Kenomo",19.394,-40.409,0,"shimenawa",12.887,-64.43,0,"horisen",42.145,-101.622,0,"Pizzallaris",-0.055,-112.445,0,"それいゆ るな",-43.11,-83.873,0,4504.229,35.727,-124.741,4505.479,6,"horisen",31.701,-120.657,1,0,0,0,0,0,0,2
110,4,0,2,8,0,0,0,0,1,1,255,16,13,59,4605.481,"甲斐野柊太",R,27,83,136,1.385,0.986,0.104,1.911,-37.026,2,0,79.224,-145.721,0,0,0,1,3,1,L,"Pring__",179.6,94.516,0.485,3,72,4606.293,220,11,93,92,55,150,128,28.52,1.07,0.33,-0.077,-0.003,0.12,0,0.511,-0.189,-37.025,0,"あおいぬ",-0.021,-17.035,0,"Nibi-chan",-17.238,-45.199,0,"カズティー",-12.53,-61.912,0,"Kenomo",18.56,-40.672,0,"shimenawa",14.584,-62.908,0,"horisen",44.785,-102.002,0,"Pizzallaris",0.205,-115.376,0,"それいゆ るな",-40.945,-86.591,0,4612.512,11.945,-140.811,0,0,"",0,0,0,0,0,0,0,0,0,4
111,4,0,2,11,0,0,0,0,0,0,255,255,255,60,4651.685,"甲斐野柊太",R,0,74,113,-0.64,-0.612,-0.004,1.803,-36.964,0,0,-4.918,0,0,0,0,0,4,0,R,"인생최패망자",190,80,0.401,0,58,0,0,0,0,0,0,0,0,0,0,0,0,0,0,0,0,-0.355,-37.36,0,"あおいぬ",-0.047,-16.907,0,"Nibi-chan",-19.851,-45.558,0,"カズティー",-13.294,-62.614,0,"Kenomo",18.253,-42.481,0,"shimenawa",11.837,-65.129,0,"horisen",41.55,-107.613,0,"Pizzallaris",0.136,-117.311,0,"それいゆ るな",-42.88,-90.226,0,0,0,0,0,0,"",0,0,0,0,0,0,0,0,0,0
112,4,0,2,11,0,1,0,0,0,0,255,255,255,61,4668.079,"甲斐野柊太",R,27,90,140,0.83,-0.514,0.061,1.726,-36.894,2,0,78.663,-114.232,0,0,0,1,4,0,R,"인생최패망자",190,80,0.401,3,58,4669.175,187,12,118,102,43,150,91,60.217,-15.21,-0.79,0.01,-0.066,0.091,0,0.36,-0.304,-36.842,0,"あおいぬ",0.008,-17.008,0,"Nibi-chan",-19.476,-45.294,0,"カズティー",-13.253,-62.602,0,"Kenomo",18.245,-42.477,0,"shimenawa",12.902,-63.792,87,"horisen",41.539,-107.609,0,"Pizzallaris",0.304,-117.32,0,"それいゆ るな",-49.858,-93.833,0,4675.395,11.996,-65.306,4675.495,5,"shimenawa",11.758,-64.382,0,0,0,0,0,0,0,1
113,4,0,2,11,0,0,1,0,0,0,255,255,255,62,4697.384,"甲斐野柊太",R,33,81,133,1.36,0.044,0.09,1.761,-36.914,0,0,112.745,-97.939,0,0,0,0,5,3,R,"とりらむ",174.5,89.612,0.65,0,58,0,0,0,0,0,0,0,0,0,0,0,0,0,0,0,0,-0.094,-37.147,0,"あおいぬ",0.022,-16.905,0,"Nibi-chan",-20.314,-45.9,0,"カズティー",-12.693,-60.713,0,"Kenomo",17.911,-42.981,0,"shimenawa",11.052,-64.597,0,"horisen",42.147,-102.769,0,"Pizzallaris",0.188,-122.765,0,"それいゆ るな",-47.994,-96.46,0,0,0,0,0,0,"",0,0,0,0,0,0,0,0,0,0
114,4,0,2,11,0,1,1,0,0,0,255,255,255,63,4712.012,"甲斐野柊太",R,0,57,99,-0.11,-0.392,-0.007,1.695,-36.884,2,0,-11.462,21.569,0,0,0,1,5,3,R,"とりらむ",174.5,89.612,0.65,3,58,4713.337,188,18,99,116,90,150,113,4.381,-17.32,0.88,-0.053,-0.085,0.184,0,0.736,-0.478,-37.322,0,"あおいぬ",-0.038,-17.004,0,"Nibi-chan",-19.948,-46.04,85,"カズティー",-12.681,-60.682,0,"Kenomo",17.903,-42.932,0,"shimenawa",12.285,-64.79,107,"horisen",42.13,-102.771,0,"Pizzallaris",0.162,-122.791,0,"それいゆ るな",-48.042,-96.494,0,4714.562,10.619,-53.519,4715.212,5,"shimenawa",14.033,-62.326,0,0,0,0,0,0,0,2
115,4,0,2,11,0,0,2,0,0,0,255,255,255,64,4741.028,"甲斐野柊太",R,14,59,91,2.899,-1.641,0.159,1.635,-36.785,4,0,318.46,319.08,0,0.656,-18.596,1,6,8,L,"SOM_candy",175.1,89.547,0.503,0,58,0,0,0,0,0,0,0,0,0,0,0,0,0,0,0,0,-0.019,-37.498,0,"あおいぬ",0.146,-16.895,0,"Nibi-chan",-18.855,-44.446,0,"カズティー",-13.739,-60.004,0,"Kenomo",18.206,-43.835,0,"shimenawa",12.149,-64.806,0,"horisen",44.469,-99.759,0,"Pizzallaris",0.051,-122.46,0,"それいゆ るな",-45.567,-94.64,0,0,0,0,0,0,"",0,0,0,0,0,0,0,0,0,0
116,4,0,2,11,0,1,2,0,0,0,255,255,255,65,4756.974,"甲斐野柊太",R,13,65,96,-0.713,-1.444,0.064,1.73,-36.884,2,0,-221.678,400,0,0,0,1,6,8,L,"SOM_candy",175.1,89.547,0.503,3,58,4758.326,184,14,46,127,62,135,129,2.119,5.789,0.5,-0.002,0.101,0.002,0.095,0.15,-0.377,-37.213,0,"あおいぬ",-0.036,-17.028,0,"Nibi-chan",-17.557,-45.767,0,"カズティー",-13.629,-59.936,0,"Kenomo",18.252,-43.843,0,"shimenawa",12.883,-64.847,75,"horisen",44.475,-99.772,0,"Pizzallaris",0.106,-124.202,0,"それいゆ るな",-45.541,-94.64,0,4759.212,-2.372,-49.095,4761.912,7,"Pizzallaris",-4.349,-109.567,1,0,0,0,0,0,0,2
117,4,0,2,11,0,0,2,1,0,0,17,255,255,66,4796.058,"甲斐野柊太",R,38,41,89,-0.101,1.089,0.168,1.984,-37.278,0,0,43.988,-43.914,0,0,0,0,7,6,L,"IbikiKai_JP",170.3,90.478,0.5,0,58,0,0,0,0,0,0,0,0,0,0,0,0,0,0,0,0,-0.196,-37.699,0,"あおいぬ",-0.003,-16.917,0,"Nibi-chan",-18.885,-43.411,0,"カズティー",-11.666,-57.875,0,"Kenomo",17.82,-42.198,0,"shimenawa",10.47,-63.825,0,"horisen",42.914,-97.049,0,"Pizzallaris",0.281,-117.877,0,"それいゆ るな",-47.29,-96.583,0,0,0,0,0,0,"",0,0,0,0,0,0,0,0,0,0
118,4,0,2,11,0,1,2,1,0,0,17,255,255,67,4824.593,"甲斐野柊太",R,4,45,100,-13.374,9.833,-0.549,2.072,-37.351,1,0,-213.777,0,0,-7.079,-7.064,0,7,6,L,"IbikiKai_JP",170.3,90.478,0.5,0,58,0,0,0,0,0,0,0,0,0,0,0,0,0,0,0,0,-0.194,-36.151,0,"あおいぬ",-4.384,-13.646,0,"Nibi-chan",-19.853,-42.246,0,"カズティー",-9.883,-58.567,0,"Kenomo",17.602,-43.022,0,"shimenawa",4.067,-58.905,0,"horisen",40.676,-98.333,0,"Pizzallaris",0.257,-117.866,0,"それいゆ るな",-47.086,-96.408,0,0,0,0,0,0,"",0,0,0,0,0,0,0,0,0,0
119,4,0,2,11,1,1,2,0,1,0,255,17,255,68,4848.513,"甲斐野柊太",R,3,53,89,-1.983,-0.478,0.16,1.615,-37.19,2,0,-310.543,0,0,0,0,1,7,6,L,"IbikiKai_JP",170.3,90.478,0.5,3,58,4849.899,255,20,151,0,39,146,83,-18.922,-33.897,-0.83,0.009,-0.081,0.124,0,0.743,-0.358,-37.58,0,"あおいぬ",-0.038,-16.992,0,"Nibi-chan",-18.01,-45.32,0,"カズティー",-13.315,-58.922,0,"Kenomo",17.063,-42.974,103,"shimenawa",13.054,-63.969,0,"horisen",44.966,-99.944,0,"Pizzallaris",0.06,-118.572,0,"それいゆ るな",-45.681,-95.207,0,4850.029,0.792,-21.613,4851.462,4,"Kenomo",13.694,-41.079,0,0,0,0,0,0,0,2
120,5,1,2,11,0,0,0,0,0,0,255,255,255,50,4927.314,"인생최패망자",R,28,77,128,-0.286,-0.639,-0.022,1.576,-36.304,2,0,-15.686,-83.132,0,0,0,1,7,8,R,"それいゆ るな",160,85.67,0.429,2,58,4928.448,255,20,133,94,80,150,77,-5.529,4.918,-0.97,0.002,0.095,0.122,0,0.224,0.077,-36.999,0,"Pring__",0.069,-17.059,0,"Fresh825",-25.502,-49.2,0,"とりらむ",-12.924,-63.279,0,"Megu3568",17.301,-44.872,0,"ʚEveɞ",9.918,-65.246,0,"IbikiKai_JP",33.888,-84.969,0,"Gonyong",-9.966,-103.527,0,"SOM_candy",-49.808,-83.075,0,4928.679,-0.384,-23.578,4929.679,0,"인생최패망자",-0.631,-35.216,0,0,0,0,0,0,0,2
121,5,1,2,11,0,0,0,0,0,0,255,255,255,51,4931.245,"인생최패망자",R,46,37,98,-15.008,0.81,-0.022,1.576,-36.304,4,0,101.586,91.303,0,-3.156,-14.222,0,7,8,L,"それいゆ るな",160,85.67,0.429,0,58,0,0,0,0,0,0,0,0,0,0,0,0,0,0,0,0,-0.624,-35.221,0,"Pring__",-1.78,-16.944,0,"Fresh825",-19.115,-39.997,0,"とりらむ",-5.952,-65.385,0,"Megu3568",16.768,-44.087,0,"ʚEveɞ",2.035,-60.205,0,"IbikiKai_JP",29.927,-84.38,0,"Gonyong",-8.165,-93.108,0,"SOM_candy",-37.45,-73.98,0,0,0,0,0,0,"",0,0,0,0,0,0,0,0,0,0
122,5,1,2,11,0,0,0,1,0,0,8,255,255,51,5016.883,"인생최패망자",R,33,86,140,2.56,1.379,0.256,1.897,-36.528,1,0,128.579,-88.616,0,1.21,-16.656,0,8,2,R,"Nibi-chan",169.5,90,0.532,0,50,0,0,0,0,0,0,0,0,0,0,0,0,0,0,0,0,0.333,-37.405,0,"Pring__",0.149,-16.83,0,"Fresh825",-18.374,-39.341,0,"とりらむ",-12.79,-62.743,0,"Megu3568",17.196,-44.851,0,"ʚEveɞ",9.102,-66.411,0,"IbikiKai_JP",30.277,-87.728,0,"Gonyong",1.474,-119.424,0,"SOM_candy",-48.029,-88.882,0,0,0,0,0,0,"",0,0,0,0,0,0,0,0,0,0
123,5,1,2,11,1,0,0,1,0,0,8,255,255,52,5031.827,"인생최패망자",R,26,75,127,0.683,0.429,0.051,1.704,-36.347,2,0,39.091,-172.728,0,0,0,1,8,2,R,"Nibi-chan",169.5,90,0.532,3,50,5032.966,225,6,50,48,19,138,124,28.217,27.465,0.42,-0.023,0.031,0.287,0,0.484,0.115,-37.085,0,"Pring__",0.006,-16.906,0,"Fresh825",-18.51,-39.422,0,"とりらむ",-12.821,-62.561,85,"Megu3568",17.419,-44.804,0,"ʚEveɞ",10.077,-65.78,0,"IbikiKai_JP",30.75,-88.249,0,"Gonyong",1.442,-119.597,0,"SOM_candy",-48.256,-91.532,93,5037.912,-66.205,-102.967,5038.945,8,"SOM_candy",-62.938,-100.261,1,0,0,0,0,0,0,2
124,5,1,2,11,0,0,0,1,0,1,2,255,8,53,5081.374,"인생최패망자",R,26,85,139,0.421,0.566,0.037,1.722,-36.362,0,0,9.408,-191.033,0,0,0,0,0,7,R,"Pizzallaris",165.8,88.152,0.346,0,58,0,0,0,0,0,0,0,0,0,0,0,0,0,0,0,0,0.037,-37.41,0,"Pring__",0.066,-16.857,0,"Fresh825",-18.579,-39.622,0,"とりらむ",-11.893,-63.269,0,"Megu3568",18.029,-42.719,0,"ʚEveɞ",9.22,-66.428,0,"IbikiKai_JP",32.819,-94.87,0,"Gonyong",-6.547,-106.715,0,"SOM_candy",-45.63,-84.312,0,0,0,0,0,0,"",0,0,0,0,0,0,0,0,0,0
125,5,1,2,11,0,1,0,1,0,1,2,255,8,54,5162.021,"인생최패망자",R,10,67,112,1.439,1.126,0.117,1.986,-36.61,2,0,0,400,0,0,0,1,0,7,R,"Pizzallaris",165.8,88.152,0.346,3,58,5163.212,89,15,53,62,35,120,68,-25.056,-26.92,-0.79,0.058,0.027,0.207,0,0.318,0.068,-37.13,0,"Pring__",0.052,-16.805,0,"Fresh825",-18.707,-39.675,0,"とりらむ",-11.659,-63.831,107,"Megu3568",17.936,-43.132,107,"ʚEveɞ",9.292,-66.093,0,"IbikiKai_JP",32.099,-92.986,0,"Gonyong",-8.038,-108.149,0,"SOM_candy",-45.989,-84.917,0,5163.429,1.435,-21.773,5165.312,4,"Megu3568",12.462,-43.766,1,0,0,0,0,0,0,2
126,5,1,2,11,0,0,1,0,1,1,255,7,8,55,5225.291,"인생최패망자",R,26,80,131,-0.794,-0.47,-0.101,1.556,-36.461,0,0,88.169,-200,0,0,0,0,1,5,L,"shimenawa",175.1,95.407,0.2,0,58,0,0,0,0,0,0,0,0,0,0,0,0,0,0,0,0,0.201,-37.44,0,"Pring__",-0.159,-16.472,0,"Fresh825",-18.74,-47.142,0,"とりらむ",-8.856,-65.309,0,"Megu3568",17.884,-41.285,0,"ʚEveɞ",13.553,-64.405,0,"IbikiKai_JP",40.274,-99.609,0,"Gonyong",2.381,-124.326,0,"SOM_candy",-50.388,-101.444,0,0,0,0,0,0,"",0,0,0,0,0,0,0,0,0,0
127,5,1,2,11,0,1,1,0,1,1,255,7,8,56,5246.03,"인생최패망자",R,26,71,124,0.892,-1.681,0.044,1.354,-36.396,1,0,117.776,-200,0,0.239,-16.65,0,1,5,L,"shimenawa",175.1,95.407,0.2,0,58,0,0,0,0,0,0,0,0,0,0,0,0,0,0,0,0,0.116,-37.706,0,"Pring__",0.04,-17.037,0,"Fresh825",-18.593,-46.79,0,"とりらむ",-0.959,-61.483,85,"Megu3568",18.215,-40.915,0,"ʚEveɞ",14.037,-64.119,0,"IbikiKai_JP",38.926,-98.695,0,"Gonyong",2.466,-124.153,0,"SOM_candy",-49.575,-100.246,0,0,0,0,0,0,"",0,0,0,0,0,0,0,0,0,0
128,5,1,2,11,1,1,1,0,1,1,255,7,8,57,5281.786,"인생최패망자",R,26,89,140,-1.474,-0.723,-0.165,1.532,-36.435,2,0,98.477,-151.483,0,0,0,1,1,5,L,"shimenawa",175.1,95.407,0.2,3,58,5282.874,83,21,106,108,14,131,109,-2.498,8.625,0.07,-0.017,-0.07,0.229,0,0.196,0.021,-37.017,0,"Pring__",-0.103,-16.715,0,"Fresh825",-18.56,-47.304,0,"とりらむ",-4.977,-64.038,107,"Megu3568",17.078,-43.178,0,"ʚEveɞ",14.026,-64.171,0,"IbikiKai_JP",40.877,-103.138,0,"Gonyong",8.852,-125.925,0,"SOM_candy",-52.661,-102.701,0,5283.129,-1.556,-28.01,5284.729,3,"とりらむ",-6.468,-59.476,1,130,0,0,0,0,0,2
129,5,0,2,11,0,0,0,0,0,0,255,255,255,70,5341.551,"甲斐野柊太",R,26,76,127,-1.917,-0.181,-0.19,1.705,-36.795,1,0,34.168,-175.458,0,0,0,0,8,2,L,"Fresh825",172.6,80,0.2,0,58,0,0,0,0,0,0,0,0,0,0,0,0,0,0,0,0,-0.234,-37.424,0,"あおいぬ",-0.02,-16.838,0,"Nibi-chan",-18.364,-46.283,0,"カズティー",-14.011,-60.398,0,"Kenomo",19.426,-47.067,0,"shimenawa",14.024,-64.194,0,"horisen",44.015,-101.031,0,"Pizzallaris",0.454,-114.68,0,"それいゆ るな",-41.633,-88.374,0,0,0,0,0,0,"",0,0,0,0,0,0,0,0,0,0
130,5,0,2,11,1,0,0,0,0,0,255,255,255,71,5352.231,"甲斐野柊太",R,1,22,80,-0.213,0.636,0.158,2.141,-37.805,2,0,0,0,0,0,0,0,8,2,L,"Fresh825",172.6,80,0.2,3,58,5353.684,195,16,120,77,44,150,84,25.835,19.748,-0.83,-0.015,-0.019,0.104,0,0.165,-0.303,-37.5,0,"あおいぬ",0.012,-16.919,0,"Nibi-chan",-18.399,-46.342,0,"カズティー",-13.937,-60.327,0,"Kenomo",19.382,-47.085,0,"shimenawa",14.554,-63.512,72,"horisen",44.059,-101.075,0,"Pizzallaris",0.394,-115.007,0,"それいゆ るな",-41.809,-88.357,95,5358.312,-24.694,-86.315,5359.479,8,"それいゆ るな",-26.973,-92.301,1,256,0,0,0,0,0,2
131,5,0,2,11,0,0,1,0,0,0,255,255,255,72,5388.581,"甲斐野柊太",R,3,50,87,0.076,-2.725,0.305,1.518,-37.301,1,0,-322.635,0,0,0.022,-20.542,0,0,5,L,"ʚEveɞ",165.1,85,0.347,0,58,0,0,0,0,0,0,0,0,0,0,0,0,0,0,0,0,-0.198,-37.828,0,"あおいぬ",0.018,-16.96,0,"Nibi-chan",-18.335,-46.076,0,"カズティー",-13.376,-59.529,0,"Kenomo",17.459,-43.236,0,"shimenawa",9.12,-64.411,0,"horisen",46.419,-100.592,0,"Pizzallaris",0.384,-114.995,0,"それいゆ るな",-42.797,-90.096,0,0,0,0,0,0,"",0,0,0,0,0,0,0,0,0,0
132,5,0,2,11,1,0,1,0,0,0,255,255,255,73,5398.738,"甲斐野柊太",R,4,57,94,1.081,0.408,0.258,1.96,-37.163,2,0,-228.926,23.958,0,0,0,0,0,5,L,"ʚEveɞ",165.1,85,0.347,3,58,5400.102,255,25,85,77,24,150,122,17.764,15.136,0.56,0.049,-0.016,0.289,0,0.426,-0.307,-37.177,0,"あおいぬ",-0.004,-17.007,0,"Nibi-chan",-18.051,-45.99,0,"カズティー",-13.376,-59.528,0,"Kenomo",17.405,-43.532,0,"shimenawa",12.365,-64.352,77,"horisen",46.414,-100.592,0,"Pizzallaris",0.334,-114.893,90,"それいゆ るな",-42.733,-92.302,0,5404.479,-7.142,-123.073,5404.579,7,"Pizzallaris",-7.503,-119.759,0,0,0,0,0,0,0,1
133,5,0,2,11,0,0,2,0,0,0,255,255,255,74,5428.403,"甲斐野柊太",R,10,59,93,-0.292,-1.298,0.033,1.681,-36.904,2,0,0,400,-5.323,0,0,0,1,4,R,"Megu3568",175.3,86,0.404,3,58,5429.777,255,14,131,115,56,150,127,26.012,2.3,0.56,-0.005,-0.052,0.129,0,0.639,-0.339,-37.31,0,"あおいぬ",0.004,-16.959,0,"Nibi-chan",-19.74,-45.684,0,"カズティー",-13.05,-60.446,0,"Kenomo",17.957,-45.357,0,"shimenawa",12.793,-64.81,72,"horisen",41.877,-106.214,0,"Pizzallaris",0.278,-113.215,97,"それいゆ るな",-45.248,-94.593,0,5434.646,-11.095,-129.964,5436.129,7,"Pizzallaris",-12.803,-129.513,1,0,0,0,0,0,0,2
134,5,0,2,11,0,0,2,0,1,0,255,13,255,75,5490.955,"甲斐野柊太",R,33,85,138,2.083,0.081,0.077,1.809,-36.978,2,0,118.488,-108.784,0,0,0,1,2,7,R,"Gonyong",175.2,80,0.2,3,58,5492.057,81,22,100,61,12,124,77,41.117,45.865,-0.56,0.05,0,0.23,0,0.309,-0.053,-36.997,0,"あおいぬ",-0.021,-16.935,0,"Nibi-chan",-19.699,-45.352,0,"カズティー",-13.462,-61.954,0,"Kenomo",18.846,-40.371,0,"shimenawa",11.576,-66.118,0,"horisen",44.148,-105.933,0,"Pizzallaris",0.221,-115.489,0,"それいゆ るな",-45.991,-99.749,0,5496.929,-45.967,-62.76,0,0,"",0,0,0,2,0,0,0,0,0,3
135,6,1,2,11,0,0,0,0,0,0,255,255,255,58,5826.552,"인생최패망자",R,27,82,134,-0.782,0.296,0.301,2.141,-36.442,0,0,11.413,-134.685,0,0,0,0,2,3,R,"カズティー",174.9,85,0.329,0,58,0,0,0,0,0,0,0,0,0,0,0,0,0,0,0,0,0.22,-37.747,0,"Pring__",-0.01,-16.732,0,"Fresh825",-24.923,-48.229,0,"とりらむ",-13.329,-64.176,0,"Megu3568",17.959,-45.889,0,"ʚEveɞ",9.576,-66.292,0,"IbikiKai_JP",39.418,-96.727,0,"Gonyong",-1.571,-114.831,0,"SOM_candy",-47.953,-88.061,0,0,0,0,0,0,"",0,0,0,0,0,0,0,0,0,0
136,6,1,2,11,0,1,0,0,0,0,255,255,255,59,5840.441,"인생최패망자",R,3,53,87,0.415,0.842,0.671,2.205,-36.765,0,0,-390.687,0,0,0,0,0,2,3,R,"カズティー",174.9,85,0.329,0,58,0,0,0,0,0,0,0,0,0,0,0,0,0,0,0,0,0.115,-37.686,0,"Pring__",-0.019,-16.77,0,"Fresh825",-24.932,-48.203,0,"とりらむ",-13.407,-64.129,0,"Megu3568",18,-45.374,0,"ʚEveɞ",9.574,-66.278,0,"IbikiKai_JP",38.56,-96.149,0,"Gonyong",-0.78,-116.575,0,"SOM_candy",-43.656,-84.684,0,0,0,0,0,0,"",0,0,0,0,0,0,0,0,0,0
137,6,1,2,11,0,2,0,0,0,0,255,255,255,60,5852.427,"인생최패망자",R,10,55,90,1.065,-2.12,0.545,1.9,-36.473,2,0,-27.458,400,0,0,0,1,2,3,R,"カズティー",174.9,85,0.329,3,58,5853.545,255,21,150,113,118,150,77,-30,27.543,0.95,-0.099,-0.183,0.077,0,1.159,0.436,-37.074,0,"Pring__",0.033,-16.94,0,"Fresh825",-24.672,-48.112,0,"とりらむ",-13.492,-64.404,99,"Megu3568",17.764,-45.168,0,"ʚEveɞ",9.632,-66.4,0,"IbikiKai_JP",38.567,-96.192,0,"Gonyong",-0.674,-116.426,0,"SOM_candy",-46.402,-86.707,0,5853.612,-0.044,-21.401,5856.462,3,"とりらむ",-16.601,-55.153,0,0,0,0,0,0,0,2
138,6,1,2,11,0,0,1,0,0,0,255,255,255,0,6099.918,"ʚEveɞ",R,28,81,132,-2.087,-0.457,-0.006,1.331,-36.518,1,0,44.303,-82.631,10.118,0,0,0,3,1,R,"あおいぬ",190,84.682,0.43,0,58,0,0,0,0,0,0,0,0,0,0,0,0,0,0,0,0,0.06,-37.323,0,"Pring__",-0.16,-16.766,0,"인생최패망자",-23.123,-50.755,0,"Fresh825",-13.562,-64.73,0,"Megu3568",19.043,-45.329,0,"とりらむ",10.324,-65.361,0,"IbikiKai_JP",43.006,-96.495,0,"Gonyong",-0.674,-120.629,0,"SOM_candy",-52.279,-103.201,0,0,0,0,0,0,"",0,0,0,0,0,0,0,0,0,0
139,6,1,2,11,1,0,1,0,0,0,255,255,255,1,6116.337,"ʚEveɞ",R,29,51,110,-1.24,0.762,0.189,1.564,-36.586,0,0,-250,-87.447,31.196,-1.077,-16.809,0,3,1,R,"あおいぬ",190,84.682,0.43,0,58,0,0,0,0,0,0,0,0,0,0,0,0,0,0,0,0,0.06,-37.086,0,"Pring__",-0.296,-16.942,0,"인생최패망자",-23.123,-50.478,0,"Fresh825",-14.127,-64.363,0,"Megu3568",19.032,-45.346,0,"とりらむ",10.341,-65.405,0,"IbikiKai_JP",43.146,-96.545,0,"Gonyong",-0.708,-120.613,0,"SOM_candy",-52.389,-103.27,0,0,0,0,0,0,"",0,0,0,0,0,0,0,0,0,0
140,6,1,2,11,1,1,1,0,0,0,255,255,255,2,6134.093,"ʚEveɞ",R,6,62,106,-2.889,-0.368,0.114,1.551,-36.552,2,0,481.818,0,19.938,0,0,1,3,1,R,"あおいぬ",190,84.682,0.43,3,58,6135.339,144,10,64,60,37,140,89,11.396,-13.103,-0.73,-0.013,0.022,0.144,0,0.514,-0.064,-36.915,0,"Pring__",0.091,-16.718,0,"인생최패망자",-23.28,-50.366,0,"Fresh825",-14.107,-64.363,0,"Megu3568",18.768,-45.278,0,"とりらむ",10.303,-65.349,90,"IbikiKai_JP",43.12,-96.498,0,"Gonyong",-0.698,-120.848,0,"SOM_candy",-52.378,-103.278,0,0,0,0,6137.829,5,"とりらむ",12.652,-63.197,0,0,0,0,0,0,0,1
141,6,1,2,11,0,0,2,0,0,0,255,255,255,3,6172.742,"ʚEveɞ",R,10,67,112,0.564,-1.087,0.255,1.393,-36.601,2,0,0,400,4.512,0,0,1,4,4,R,"Kenomo",190,80,0.469,3,58,6173.953,255,15,85,110,40,150,130,-30,-29.886,0.32,0.005,-0.032,0.091,0.048,0.303,0.02,-36.94,0,"Pring__",0.12,-16.837,0,"인생최패망자",-23.151,-49.48,0,"Fresh825",-14.734,-62.925,85,"Megu3568",18.083,-45.276,0,"とりらむ",12.092,-64.293,0,"IbikiKai_JP",39.624,-99.153,98,"Gonyong",-8.801,-123.851,0,"SOM_candy",-52.488,-100.76,0,6174.029,0.486,-19.939,6177.262,6,"IbikiKai_JP",37.566,-86.15,1,0,0,0,0,0,0,2
142,6,1,2,11,0,0,2,1,0,0,4,255,255,4,6203.982,"ʚEveɞ",R,14,63,107,1.643,-0.379,0.197,1.505,-36.544,2,0,379.786,312.348,26.427,0,0,1,5,0,R,"甲斐野柊太",190,80,0.2,3,58,6205.213,255,14,156,67,15,150,100,-10.062,-37.212,-0.37,0.038,0.009,0.258,0.048,0.247,-0.113,-37.068,0,"Pring__",0.132,-16.709,0,"인생최패망자",-19.76,-45.169,0,"Fresh825",-14.287,-62.2,0,"Megu3568",17.994,-44.745,95,"とりらむ",8.761,-63.948,0,"IbikiKai_JP",42.293,-92.996,0,"Gonyong",-0.981,-114.107,0,"SOM_candy",-52.986,-87.617,0,6205.445,2.163,-21.741,6206.712,4,"Megu3568",16.228,-42.385,0,32,0,0,0,0,0,2
143,6,0,2,11,0,0,0,0,0,0,255,255,255,0,6374.789,"P0TA0",R,33,83,135,-1.517,0.227,-0.183,1.761,-36.463,1,0,139.97,1.735,4.548,0,0,0,2,7,R,"Gonyong",175.2,80,0.2,0,58,0,0,0,0,0,0,0,0,0,0,0,0,0,0,0,0,0.047,-37.66,0,"あおいぬ",-0.071,-16.851,0,"甲斐野柊太",-18.724,-44.996,0,"カズティー",-12.453,-61.255,0,"Kenomo",17.446,-45.564,0,"shimenawa",11.197,-64.762,0,"horisen",40.658,-100.464,0,"Pizzallaris",0.652,-117.03,0,"それいゆ るな",-41.823,-90.28,0,0,0,0,0,0,"",0,0,0,0,0,0,0,0,0,0
144,6,0,2,11,1,0,0,0,0,0,255,255,255,1,6392.795,"P0TA0",R,33,81,133,-1.238,0.463,-0.149,1.79,-36.399,2,0,121.191,-27.554,-33.132,0,0,1,2,7,R,"Gonyong",175.2,80,0.2,3,58,6393.831,195,13,106,119,39,150,121,26.406,24.973,0.73,0.016,0.025,0.048,0,0.261,0.115,-37.42,0,"あおいぬ",-0.021,-16.924,0,"甲斐野柊太",-18.662,-44.853,0,"カズティー",-12.448,-61.208,0,"Kenomo",17.394,-45.521,0,"shimenawa",12.707,-63.713,75,"horisen",40.714,-100.548,0,"Pizzallaris",0.305,-116.928,0,"それいゆ るな",-41.799,-90.298,94,6398.996,-61.541,-108.997,6400.329,8,"それいゆ るな",-56.466,-105.969,1,0,0,0,0,0,0,2
145,6,0,2,11,0,0,0,0,1,0,255,16,255,2,6554.948,"P0TA0",R,34,80,131,-1.16,0.612,-0.135,1.822,-36.477,2,0,92.416,-11.501,1.697,0,0,1,3,1,L,"Pring__",179.6,94.516,0.485,3,71,6555.684,203,24,104,109,70,150,128,112.664,-30.991,0.4,0.003,-0.019,0.215,0,0.424,0.272,-37.187,0,"あおいぬ",-0.017,-16.899,0,"甲斐野柊太",-17.209,-43.911,0,"カズティー",-12.974,-61.661,0,"Kenomo",18.3,-45.369,0,"shimenawa",12.136,-63.598,0,"horisen",37.427,-89.01,0,"Pizzallaris",-0.878,-112,0,"それいゆ るな",-38.866,-87.88,0,0,0,0,0,0,"",0,0,0,0,0,0,0,0,0,3
146,6,0,2,11,0,1,0,0,1,0,255,16,255,3,6575.06,"P0TA0",R,13,53,87,-0.869,-2.666,0.261,1.309,-36.729,4,0,-307.801,313.917,-46.192,-0.116,-20.997,1,3,1,L,"Pring__",179.6,94.516,0.485,0,71,0,0,0,0,0,0,0,0,0,0,0,0,0,0,0,0,0.08,-37.918,0,"あおいぬ",0.519,-18.181,0,"甲斐野柊太",-17.42,-44.339,0,"カズティー",-12.643,-61.842,0,"Kenomo",18.077,-44.25,0,"shimenawa",10.135,-65.159,0,"horisen",37.51,-88.655,0,"Pizzallaris",-0.239,-112.394,0,"それいゆ るな",-38.064,-88.48,0,0,0,0,0,0,"",0,0,0,0,0,0,0,0,0,0
147,6,0,2,11,0,2,0,0,1,0,255,16,255,4,6595.617,"P0TA0",R,32,84,137,4.633,-0.293,0.381,1.673,-36.654,4,0,167.323,0.306,3.987,0,0,1,3,1,L,"Pring__",179.6,94.516,0.485,0,71,0,0,0,0,0,0,0,0,0,0,0,0,0,0,0,0,0.229,-37.525,0,"あおいぬ",0.066,-18.22,0,"甲斐野柊太",-17.156,-44.574,0,"カズティー",-12.286,-59.976,0,"Kenomo",19.689,-45.231,0,"shimenawa",9.937,-64.403,0,"horisen",37.484,-87.325,0,"Pizzallaris",0.114,-112.496,0,"それいゆ るな",-37.414,-88.697,0,0,0,0,0,0,"",0,0,0,0,0,0,0,0,0,0
148,6,0,2,11,0,0,1,0,1,0,255,16,255,5,6618.95,"P0TA0",R,33,85,139,0.247,0.774,-0.019,1.866,-36.396,2,0,149.665,-27.18,-17.985,0,0,1,4,2,R,"인생최패망자",190,80,0.401,3,58,6619.985,225,19,156,136,82,150,90,32.267,8.751,-0.82,-0.031,-0.018,0.082,0,0.198,0.287,-37.341,0,"あおいぬ",0.009,-16.935,0,"甲斐野柊太",-17.61,-43.739,0,"カズティー",-12.268,-59.984,71,"Kenomo",18.688,-44.696,85,"shimenawa",13.507,-62.744,0,"horisen",32.099,-87.95,0,"Pizzallaris",0.112,-112.489,100,"それいゆ るな",-36.466,-88.505,0,6624.862,-3.893,-92.238,6625.195,7,"Pizzallaris",-3.879,-91.747,1,0,0,0,0,0,0,2
149,6,0,2,11,0,0,1,1,0,1,11,255,16,6,6651.494,"P0TA0",R,32,84,137,-0.226,0.427,-0.064,1.789,-36.449,2,0,151.004,-14.348,3.443,0,0,1,5,5,R,"とりらむ",174.5,89.612,0.65,3,58,6652.55,255,16,120,100,57,150,91,56.258,24.097,-0.49,-0.054,-0.044,0.183,0,0.221,0.309,-37.195,0,"あおいぬ",0.014,-16.907,0,"甲斐野柊太",-16.124,-42.921,0,"カズティー",-11.661,-58.226,0,"Kenomo",19.198,-40.175,0,"shimenawa",12.853,-64.74,0,"horisen",29.973,-88.753,0,"Pizzallaris",-0.671,-102.945,0,"それいゆ るな",-33.819,-80.881,95,6658.462,-20.633,-71.302,6658.779,8,"それいゆ るな",-20.3,-70.437,0,0,0,0,0,0,0,1
150,6,0,2,11,0,0,2,1,0,1,11,255,16,7,6701.446,"P0TA0",R,34,82,134,-0.605,0.242,-0.084,1.765,-36.461,0,0,92.101,9.235,-1.519,0,0,0,6,8,L,"SOM_candy",175.1,94.339,0.503,0,58,0,0,0,0,0,0,0,0,0,0,0,0,0,0,0,0,-0.106,-37.727,0,"あおいぬ",0.025,-17.105,0,"甲斐野柊太",-16.123,-42.665,0,"カズティー",-12.309,-58.758,0,"Kenomo",18.239,-41.87,83,"shimenawa",13.277,-65.436,0,"horisen",37.357,-85.123,0,"Pizzallaris",0.356,-102.794,0,"それいゆ るな",-35.201,-80.174,0,0,0,0,0,0,"",0,0,0,0,0,0,0,0,0,0
151,6,0,2,11,0,1,2,1,0,1,11,255,16,8,6737.408,"P0TA0",R,33,83,135,2.771,-0.462,0.262,1.689,-36.631,4,0,132.806,24.077,4.443,0,0,1,6,8,L,"SOM_candy",175.1,94.339,0.503,0,58,0,0,0,0,0,0,0,0,0,0,0,0,0,0,0,0,0.112,-37.664,0,"あおいぬ",0.012,-16.902,0,"甲斐野柊太",-16.951,-41.977,0,"カズティー",-11.117,-58.669,0,"Kenomo",16.863,-41.791,0,"shimenawa",12.221,-63.63,0,"horisen",38.416,-82.624,0,"Pizzallaris",0.174,-103.831,0,"それいゆ るな",-34.058,-80.288,0,0,0,0,0,0,"",0,0,0,0,0,0,0,0,0,0
152,6,0,2,11,0,2,2,1,0,1,11,255,16,9,6756.863,"P0TA0",R,13,54,87,0.679,-2.729,0.314,1.364,-36.638,1,0,-282.171,350.31,-17.335,0.149,-21.038,0,6,8,L,"SOM_candy",175.1,94.339,0.503,0,58,0,0,0,0,0,0,0,0,0,0,0,0,0,0,0,0,0.03,-37.731,0,"あおいぬ",0.117,-17.274,0,"甲斐野柊太",-17.467,-43.34,0,"カズティー",-12.155,-59.052,0,"Kenomo",17.683,-41.917,0,"shimenawa",10.832,-64.807,0,"horisen",38.669,-86.061,0,"Pizzallaris",0.265,-103.586,0,"それいゆ るな",-34.569,-80.52,0,0,0,0,0,0,"",0,0,0,0,0,0,0,0,0,0
153,6,0,2,11,1,2,2,1,0,1,11,255,16,10,6783.083,"P0TA0",R,32,84,138,-0.606,-0.198,-0.1,1.641,-36.453,0,0,152.769,7.858,3.67,0,0,1,6,8,L,"SOM_candy",175.1,94.339,0.503,0,58,0,0,0,0,0,0,0,0,0,0,0,0,0,0,0,0,-0.047,-37.449,0,"あおいぬ",-0.015,-18.431,0,"甲斐野柊太",-17.152,-44.017,0,"カズティー",-11.67,-59.041,0,"Kenomo",18.408,-41.825,0,"shimenawa",9.624,-64.762,0,"horisen",37.386,-82.749,0,"Pizzallaris",0.233,-103.787,0,"それいゆ るな",-36.721,-83.834,0,0,0,0,0,0,"",0,0,0,0,0,0,0,0,0,0
154,7,1,2,11,0,0,0,0,0,0,255,255,255,5,6840.952,"ʚEveɞ",R,32,81,133,2.684,-0.499,0.341,1.351,-36.713,1,0,206.994,-154.794,7.119,0,0,0,6,6,L,"horisen",174.5,95,0.447,0,58,0,0,0,0,0,0,0,0,0,0,0,0,0,0,0,0,0.081,-37.39,0,"Pring__",0.154,-16.636,0,"인생최패망자",-19.893,-49.237,0,"Fresh825",-9.358,-66.389,0,"Megu3568",18.113,-44.491,0,"とりらむ",13.722,-62.88,0,"IbikiKai_JP",36.785,-83.96,0,"Gonyong",0.225,-110.159,0,"SOM_candy",-43.44,-89.446,0,0,0,0,0,0,"",0,0,0,0,0,0,0,0,0,0
155,7,1,2,11,1,0,0,0,0,0,255,255,255,6,6857.936,"ʚEveɞ",R,32,78,129,2.13,0.138,0.351,1.421,-36.637,4,0,153.254,-144.71,9.299,0,0,1,6,6,L,"horisen",174.5,95,0.447,0,58,0,0,0,0,0,0,0,0,0,0,0,0,0,0,0,0,0.127,-37.369,0,"Pring__",0.109,-16.715,0,"인생최패망자",-19.524,-49.315,0,"Fresh825",-9.379,-66.351,0,"Megu3568",18.195,-44.163,0,"とりらむ",13.957,-63.258,0,"IbikiKai_JP",36.953,-83.997,0,"Gonyong",0.288,-110.276,0,"SOM_candy",-44.919,-88.761,0,0,0,0,0,0,"",0,0,0,0,0,0,0,0,0,0
156,7,1,2,11,1,1,0,0,0,0,255,255,255,7,6874.51,"ʚEveɞ",R,0,82,134,-0.941,0.051,0.115,1.448,-36.567,2,0,0,0,0,0,0,1,6,6,L,"horisen",174.5,95,0.447,3,58,6875.617,95,11,122,75,38,137,79,28.39,-6.701,-0.88,-0.02,0.063,0.289,0,0.219,-0.089,-36.929,0,"Pring__",-0.035,-16.605,0,"인생최패망자",-20.093,-51.447,0,"Fresh825",-9.324,-66.322,0,"Megu3568",18.026,-44.024,0,"とりらむ",14.155,-63.752,0,"IbikiKai_JP",36.994,-84.211,0,"Gonyong",0.263,-110.42,87,"SOM_candy",-45.182,-88.822,0,6880.479,10.883,-84.016,6881.712,7,"Gonyong",12.178,-91.121,1,0,0,0,0,0,0,2
157,7,1,2,11,0,0,0,1,0,0,6,255,255,8,6911.415,"ʚEveɞ",R,29,60,117,-1.418,-0.329,0.159,1.354,-36.574,0,0,-250,-133.189,52.406,0,0,0,7,8,R,"それいゆ るな",160,85.67,0.429,0,58,0,0,0,0,0,0,0,0,0,0,0,0,0,0,0,0,0.079,-37.179,0,"Pring__",-0.058,-16.807,0,"인생최패망자",-19.875,-40.989,0,"Fresh825",-16.039,-62.001,0,"Megu3568",17.77,-44.301,0,"とりらむ",8.594,-62.7,0,"IbikiKai_JP",34.016,-88.14,0,"Gonyong",-6.832,-104.804,0,"SOM_candy",-48.974,-83.027,0,0,0,0,0,0,"",0,0,0,0,0,0,0,0,0,0
158,7,1,2,11,0,1,0,1,0,0,6,255,255,9,6932.104,"ʚEveɞ",R,27,79,130,-2.21,-0.916,-0.024,1.28,-36.485,1,0,67.876,-118.98,11.36,0,0,0,7,8,R,"それいゆ るな",160,85.67,0.429,0,33,0,0,0,0,0,0,0,0,0,0,0,0,0,0,0,0,0.069,-37.366,0,"Pring__",-1.38,-20.071,0,"인생최패망자",-20.143,-42.074,92,"Fresh825",-15.906,-62.262,0,"Megu3568",17.74,-44.3,0,"とりらむ",7.754,-65.987,0,"IbikiKai_JP",33.984,-88.144,0,"Gonyong",-6.793,-104.834,0,"SOM_candy",-48.229,-82.275,0,0,0,0,0,0,"",0,0,0,0,0,0,0,0,0,0
159,7,1,2,11,1,1,0,1,0,0,6,255,255,10,6952.628,"ʚEveɞ",R,14,64,107,1.644,-1.096,0.199,1.425,-36.589,2,0,379.786,312.348,18.654,0,0,1,7,8,R,"それいゆ るな",160,85.67,0.429,2,33,6953.993,255,14,123,89,45,150,78,-38.452,-16.162,-0.94,0.002,0.084,0.098,0,0.267,0.152,-37.032,0,"Pring__",0.043,-16.422,0,"인생최패망자",-19.626,-44.009,112,"Fresh825",-15.664,-62.254,0,"Megu3568",17.474,-44.12,0,"とりらむ",8.777,-65.363,93,"IbikiKai_JP",33.649,-89.015,0,"Gonyong",-6.774,-104.988,0,"SOM_candy",-49.782,-84.048,0,6954.112,0.486,-20.153,6957.045,5,"とりらむ",10.798,-55.317,0,0,0,0,0,0,0,2
160,7,1,2,11,0,0,1,0,1,0,255,6,255,11,6986.701,"ʚEveɞ",R,26,83,135,0.693,0.214,0.239,1.44,-36.576,0,0,92.74,-159.139,10.973,0,0,1,8,0,R,"P0TA0",190,97,0.646,0,44,0,0,0,0,0,0,0,0,0,0,0,0,0,0,0,0,0.007,-37.353,0,"Pring__",0.12,-16.679,0,"인생최패망자",-23.169,-48.605,0,"Fresh825",-14.778,-62.435,0,"Megu3568",17.813,-43.417,0,"とりらむ",5.938,-64.096,0,"IbikiKai_JP",35.942,-98.71,0,"Gonyong",-6.438,-125.143,0,"SOM_candy",-48.022,-106.273,0,0,0,0,0,0,"",0,0,0,0,0,0,0,0,0,0
161,7,1,2,11,0,1,1,0,1,0,255,6,255,12,7005.355,"ʚEveɞ",R,6,51,99,2.857,0.136,0.266,1.476,-36.524,2,0,450,0,10.596,0,0,1,8,0,R,"P0TA0",190,97,0.646,3,44,7006.544,119,12,102,75,33,140,87,97.852,80.303,-0.82,-0.014,-0.024,0.254,0,0.133,0.093,-36.782,0,"Pring__",0.175,-16.718,0,"인생최패망자",-23.505,-48.899,0,"Fresh825",-14.849,-62.471,0,"Megu3568",18.78,-44.573,0,"とりらむ",9.265,-63.552,0,"IbikiKai_JP",41.316,-93.076,0,"Gonyong",-6.487,-124.994,0,"SOM_candy",-49.722,-108.895,0,0,0,0,0,0,"",0,0,0,0,0,0,0,0,0,3
162,7,1,2,11,0,2,1,0,1,0,255,6,255,13,7024.987,"ʚEveɞ",R,26,80,132,-0.431,-0.052,0.103,1.376,-36.566,2,0,188.805,-200,20.417,0,0,1,8,0,R,"P0TA0",190,97,0.646,3,44,7026.012,147,18,141,74,19,150,95,58.395,41.426,-0.6,-0.028,-0.067,0.308,0,0.2,-0.227,-37.021,0,"Pring__",0.02,-16.697,0,"인생최패망자",-23.881,-49.063,0,"Fresh825",-14.852,-61.9,0,"Megu3568",18.624,-44.34,0,"とりらむ",11.439,-64.185,0,"IbikiKai_JP",46.987,-87.611,0,"Gonyong",-5.855,-125.519,0,"SOM_candy",-48.863,-108.636,0,7031.996,-46.923,-60.376,0,0,"",0,0,0,0,0,0,0,0,0,3
163,7,1,2,11,0,2,1,0,1,0,255,6,255,14,7052.36,"ʚEveɞ",R,14,69,111,1.982,-1.046,0.24,1.379,-36.571,2,0,369.434,336.925,32.678,0,0,1,8,0,R,"P0TA0",190,97,0.646,3,44,7053.511,184,32,155,95,39,150,95,-22.97,-11.528,-0.57,0.023,-0.007,0.27,0,0.165,0.017,-37.02,0,"Pring__",0.12,-16.658,0,"인생최패망자",-24.085,-49.687,91,"Fresh825",-17.448,-61.737,0,"Megu3568",18.077,-44.762,0,"とりらむ",11.568,-63.591,107,"IbikiKai_JP",43.658,-82.613,0,"Gonyong",-6.411,-125.036,0,"SOM_candy",-49.571,-106.486,0,7053.562,0.622,-19.285,7055.879,5,"とりらむ",13.26,-54.984,0,256,0,0,0,0,0,2
164,7,1,2,11,0,0,2,0,1,0,255,6,255,15,7148.992,"ʚEveɞ",R,29,60,117,0.628,0.33,0.349,1.453,-36.592,2,0,-250,-118.636,24.832,0,0,1,0,7,R,"Pizzallaris",165.8,88.152,0.346,3,58,7150.261,131,20,125,91,58,144,81,25.448,3.02,-0.84,-0.021,-0.005,0.059,0.048,0.194,0.077,-36.856,0,"Pring__",0.008,-16.968,0,"인생최패망자",-23.255,-48.702,0,"Fresh825",-14.912,-62.985,0,"Megu3568",17.829,-44.491,0,"とりらむ",12.835,-63.991,86,"IbikiKai_JP",38.608,-88.467,0,"Gonyong",-12.142,-106.118,85,"SOM_candy",-48.892,-76.936,0,7155.012,0.277,-85.783,7155.379,7,"Gonyong",0.264,-84.987,0,0,0,0,0,0,0,1
