id,inn,half,scoreA,scoreB,ball,strk,out,b1,b2,b3,b1Idx,b2Idx,b3Idx,pCnt,pSec,pName,pHand,pType,spdK,zoneX,zoneY,startX,startY,zDist,call,balk,sH,sV,gyro,plx,plz,bSwing,bIdx,bPos,bZone,bName,bHCm,batLen,batCen,batType,bFps,hSec,rotS,shS,lgS,impMv,batSpd,ev,ldeg,sdeg,hPos,hMoveX,hMoveY,stayCon,hitSpnX,hitSpnY,hitSpnZ,PPosX,PPosY,CName,CPosX,CPosY,1BName,1BPosX,1BPosY,2BName,2BPosX,2BPosY,3BName,3BPosX,3BPosY,SSName,SSPosX,SSPosY,LFName,LFPosX,LFPosY,CFName,CFPosX,CFPosY,RFName,RFPosX,RFPosY,ltSec,lx,lz,cSec,cPos,cPlr,cx,cz,1BSafe,tag,cpSec,sb2Sec,sb3Sec,sbhSec,ass,result
1,1,1,0,0,0,0,0,0,0,0,255,255,255,0,2044.399,"559：広告",R,26,138,1.025,1.049,0.057,1.951,-36.542,2,0,145.004,-154.588,10.642,0,0,1,0,6,R,"Apple_Sherbet",179,88.926,0.272,3,59,2045.355,124,93,34,135,141,84,38.165,-7.965,-0.47,-0.051,-0.03,0.197,0,0,0,-0.043,-37.581,"ゆっち一",0.029,-16.662,"CAT tourniquet",-21.725,-48.227,"mochi_2929",-11.05,-61.228,"にゃんこ3K",21.254,-53.082,"檸檬の残骸",12.035,-62.706,"sano jpn",33.031,-87.885,"alcohol500",-1.506,-100.286,"あくせる",-36.475,-79.373,2050.203,8.179,-83.65,2050.552,7,"alcohol500",8.111,-83.094,1,0,0,0,0,0,0,2
2,1,1,0,0,0,0,0,1,0,0,6,255,255,1,2077.09,"559：広告",R,27,137,-0.285,0.726,-0.053,1.896,-36.411,0,0,102.218,-141.757,4.757,0,0,1,1,9,R,"TaeGeuk_",177.3,92.367,0.435,0,72,0,0,0,0,0,0,0,0,0,0,0,0,0,0,0,0,-0.187,-37.68,"ゆっち一",-0.035,-16.338,"CAT tourniquet",-19.249,-41.453,"mochi_2929",-7.583,-60.535,"にゃんこ3K",19.091,-46.699,"檸檬の残骸",7.627,-61.323,"sano jpn",32.461,-83.485,"alcohol500",-1.851,-99.241,"あくせる",-35.822,-78.673,0,0,0,0,0,"",0,0,0,0,0,0,0,0,0,0
3,1,1,0,0,0,1,0,1,0,0,6,255,255,2,2090.726,"559：広告",R,28,136,-0.728,0.374,-0.09,1.848,-36.349,0,0,89.54,-97.751,2.083,0,0,1,1,9,R,"TaeGeuk_",177.3,92.367,0.435,0,72,0,0,0,0,0,0,0,0,0,0,0,0,0,0,0,0,-0.186,-37.926,"ゆっち一",-0.044,-16.468,"CAT tourniquet",-19.475,-41.473,"mochi_2929",-10.048,-60.595,"にゃんこ3K",19.051,-46.685,"檸檬の残骸",5.947,-62.288,"sano jpn",31.75,-85.122,"alcohol500",-2.004,-99.543,"あくせる",-35.891,-78.546,0,0,0,0,0,"",0,0,0,0,0,0,0,0,0,0
4,1,1,0,0,0,2,0,1,0,0,6,255,255,3,2105.423,"559：広告",R,4,133,-2.105,-1.033,-0.133,1.639,-36.426,2,0,-180.877,5.863,-1.995,0,0,1,1,9,R,"TaeGeuk_",177.3,92.367,0.435,3,72,2106.211,171,96,80,64,150,122,106.676,-64.028,0.65,-0.142,-0.23,0.055,0,0,0,-0.411,-37.28,"ゆっち一",-0.255,-16.577,"CAT tourniquet",-20.578,-43.075,"mochi_2929",-10.675,-60.805,"にゃんこ3K",19.363,-47.13,"檸檬の残骸",9.215,-63.011,"sano jpn",31.881,-85.137,"alcohol500",-1.814,-99.701,"あくせる",-35.874,-78.573,0,0,0,0,0,"",0,0,0,0,0,0,0,0,0,3
5,1,1,0,0,0,2,0,1,0,0,6,255,255,4,2121.864,"559：広告",R,3,115,-1.065,-1.108,0.085,1.639,-36.723,2,0,-479.299,0,20.097,0,0,1,1,9,R,"TaeGeuk_",177.3,92.367,0.435,3,71,2122.823,160,55,29,99,134,128,110.021,-62.699,0.5,-0.07,-0.129,0.23,0,0,0,-0.45,-36.983,"ゆっち一",-0.788,-16.723,"CAT tourniquet",-19.779,-42.145,"mochi_2929",-12.174,-60.925,"にゃんこ3K",19.365,-47.466,"檸檬の残骸",9.847,-64.832,"sano jpn",31.244,-84.566,"alcohol500",-1.258,-101.741,"あくせる",-36.312,-77.315,0,0,0,0,0,"",0,0,0,0,0,0,0,0,0,3
6,1,1,0,0,0,2,0,1,0,0,6,255,255,5,2136.592,"559：広告",R,26,139,-1.151,0.981,-0.139,1.929,-36.471,0,0,124.693,-184.421,11.412,0,0,1,1,9,R,"TaeGeuk_",177.3,92.367,0.435,0,71,0,0,0,0,0,0,0,0,0,0,0,0,0,0,0,0,-0.446,-37.785,"ゆっち一",-0.325,-17.323,"CAT tourniquet",-19.148,-40.716,"mochi_2929",-11.669,-61.222,"にゃんこ3K",19.373,-47.449,"檸檬の残骸",3.129,-62.573,"sano jpn",31.379,-85.861,"alcohol500",-1.726,-103.428,"あくせる",-36.575,-75.887,0,0,0,0,0,"",0,0,0,0,0,0,0,0,0,0
7,1,1,0,0,0,0,1,1,0,0,6,255,255,6,2186.05,"559：広告",R,32,140,0.613,-0.196,0.012,1.737,-36.477,2,0,166.674,-144.906,1.034,0,0,1,2,2,L,"하루（Haru）",190,107,0.55,3,59,2186.944,203,127,46,179,155,130,55.434,-43.977,0.23,0.046,-0.007,0.174,0,0,0,-0.469,-37,"ゆっち一",-0.088,-17.002,"CAT tourniquet",-19.326,-39.859,"mochi_2929",-8.729,-61.603,"にゃんこ3K",21.467,-46.583,"檸檬の残骸",7.461,-62.445,"sano jpn",37.277,-83.462,"alcohol500",2.618,-103.196,"あくせる",-26.631,-85.703,2193.786,84.875,-84.456,0,0,"",0,0,0,0,0,0,0,0,0,3
8,1,1,0,0,0,1,1,1,0,0,6,255,255,7,2213.011,"559：広告",R,13,109,-0.45,-1.143,0.081,1.718,-36.54,2,0,-227.74,400,-0.46,0,0,1,2,2,L,"하루（Haru）",190,107,0.55,3,59,2214.043,215,192,96,255,155,109,-30,14.343,0.91,0.113,-0.045,0,0,0,0,-0.146,-37.225,"ゆっち一",-0.032,-16.742,"CAT tourniquet",-19.137,-41.608,"mochi_2929",-11.059,-62.04,"にゃんこ3K",21.178,-47.18,"檸檬の残骸",13.681,-61.443,"sano jpn",40.661,-81.236,"alcohol500",4.619,-102.394,"あくせる",-29.174,-87.493,2214.136,-0.335,-22.085,2216.069,3,"mochi_2929",-9.251,-56.527,0,1,0,0,0,0,0,2
9,1,0,0,0,0,0,0,0,0,0,255,255,255,0,2344.485,"Azuner",R,0,127,-3.147,-2.034,-0.293,1.003,-36.243,2,0,0,0,0,0,0,1,0,3,L,"mochi_2929",174.6,94.434,0.477,3,59,2345.569,150,115,38,130,144,127,30.594,-6.24,0.42,-0.026,-0.134,0.347,0,0,0,-0.1,-36.836,"HalF_HearteD",-0.039,-17.209,"하루（Haru）",-20.333,-48.204,"장덕춘_",-14.661,-63.83,"bdg06213",23.802,-52.155,"Pugeuk",13.525,-62.759,"Apple_Sherbet",39.502,-84.497,"Oort__Cloud",2.462,-108.997,"卯月満開",-39.657,-93.1,2350.669,32.302,-123.406,2352.919,7,"Oort__Cloud",24.426,-118.731,1,0,0,0,0,0,0,2
10,1,0,0,0,0,0,0,0,1,0,255,12,255,1,2379.09,"Azuner",R,0,136,-2.836,0.687,-0.264,1.445,-36.318,1,0,0,0,0,0,0,0,1,6,R,"sano jpn",170.1,99.636,0.323,0,59,0,0,0,0,0,0,0,0,0,0,0,0,0,0,0,0,-0.179,-37.719,"HalF_HearteD",0.025,-16.816,"하루（Haru）",-20.44,-45.071,"장덕춘_",-14.128,-63.442,"bdg06213",24.067,-50.143,"Pugeuk",3.716,-63.946,"Apple_Sherbet",41.928,-88.76,"Oort__Cloud",-3.395,-115.843,"卯月満開",-40.903,-91.823,0,0,0,0,0,"",0,0,0,0,0,0,0,0,0,0
11,1,0,0,0,1,0,0,0,1,0,255,12,255,2,2393.821,"Azuner",R,0,128,-1.709,0.658,-0.159,1.44,-36.268,1,0,0,0,0,0,0,0,1,6,R,"sano jpn",170.1,99.636,0.323,0,59,0,0,0,0,0,0,0,0,0,0,0,0,0,0,0,0,-0.085,-37.901,"HalF_HearteD",0.009,-16.902,"하루（Haru）",-20.498,-46.297,"장덕춘_",-14.217,-63.459,"bdg06213",23.618,-51.049,"Pugeuk",3.813,-63.022,"Apple_Sherbet",41.92,-88.927,"Oort__Cloud",-3.359,-115.853,"卯月満開",-40.798,-91.856,0,0,0,0,0,"",0,0,0,0,0,0,0,0,0,0
12,1,0,0,0,2,0,0,0,1,0,255,12,255,3,2412.265,"Azuner",R,0,133,0.745,-0.371,0.069,1.281,-36.261,0,0,0,0,0,0,0,0,1,6,R,"sano jpn",170.1,99.636,0.323,0,59,0,0,0,0,0,0,0,0,0,0,0,0,0,0,0,0,-0.094,-37.943,"HalF_HearteD",0.091,-16.851,"하루（Haru）",-19.79,-45.087,"장덕춘_",-14.063,-63.487,"bdg06213",23.811,-52.067,"Pugeuk",7.531,-63.248,"Apple_Sherbet",41.925,-88.915,"Oort__Cloud",-3.311,-115.862,"卯月満開",-40.809,-91.862,0,0,0,0,0,"",0,0,0,0,0,0,0,0,0,0
13,1,0,0,0,2,1,0,0,1,0,255,12,255,4,2430.431,"Azuner",R,3,125,0.565,0.359,0.22,1.393,-36.439,2,0,-500,0,12.683,0,0,1,1,6,R,"sano jpn",170.1,99.636,0.323,3,59,2431.534,177,122,43,157,153,126,96.597,-75.337,0.61,-0.102,0.039,0.236,0,0,0,-0.079,-37.338,"HalF_HearteD",0.073,-17.095,"하루（Haru）",-19.639,-47.114,"장덕춘_",-14.103,-63.428,"bdg06213",23.539,-52.933,"Pugeuk",8.754,-63.909,"Apple_Sherbet",41.88,-89.108,"Oort__Cloud",-3.311,-115.895,"卯月満開",-40.8,-91.877,0,0,0,0,0,"",0,0,0,0,0,0,0,0,0,3
14,1,0,0,0,2,2,0,0,1,0,255,12,255,5,2452.076,"Azuner",R,0,134,-1.708,0.783,-0.159,1.46,-36.278,2,0,0,0,0,0,0,1,1,6,R,"sano jpn",170.1,99.636,0.323,3,59,2453.135,167,66,26,92,139,129,-30,29.331,0.54,-0.109,-0.005,0.118,0,0,0,-0.221,-37.239,"HalF_HearteD",0.039,-17.152,"하루（Haru）",-20.379,-47.604,"장덕춘_",-14.068,-63.495,"bdg06213",23.251,-52.458,"Pugeuk",5.697,-64.195,"Apple_Sherbet",42.979,-88.853,"Oort__Cloud",-2.775,-115.994,"卯月満開",-41.282,-95.232,2453.219,-1.264,-20.85,2456.519,8,"卯月満開",-37.807,-85.438,1,2,0,0,0,0,0,2
15,1,0,0,1,0,0,0,0,1,0,255,15,255,6,2646.294,"Azuner",R,3,128,-2.35,-0.544,-0.082,1.234,-36.385,1,0,-402.121,0,2.907,0,0,0,2,4,R,"にゃんこ3K",190,99.745,0.6,0,59,0,0,0,0,0,0,0,0,0,0,0,0,0,0,0,0,-0.213,-37.821,"HalF_HearteD",-0.033,-16.925,"하루（Haru）",-19.427,-47.568,"장덕춘_",-14.699,-64.171,"bdg06213",22.878,-47.347,"Pugeuk",4.983,-63.106,"Apple_Sherbet",42.061,-83.372,"Oort__Cloud",-0.161,-110.609,"卯月満開",-39.208,-92.036,0,0,0,0,0,"",0,0,0,0,0,0,0,0,0,0
16,1,0,0,1,1,0,0,0,1,0,255,15,255,7,2662.069,"Azuner",R,0,127,0.254,0.446,0.024,1.425,-36.356,0,0,0,0,0,0,0,0,2,4,R,"にゃんこ3K",190,99.745,0.6,0,59,0,0,0,0,0,0,0,0,0,0,0,0,0,0,0,0,-0.034,-37.888,"HalF_HearteD",0.073,-16.981,"하루（Haru）",-20.069,-45.932,"장덕춘_",-14.75,-64.102,"bdg06213",22.391,-48.912,"Pugeuk",6.775,-62.534,"Apple_Sherbet",42.168,-83.919,"Oort__Cloud",-0.176,-110.625,"卯月満開",-38.123,-87.883,0,0,0,0,0,"",0,0,0,0,0,0,0,0,0,0
17,1,0,0,1,1,1,0,0,1,0,255,15,255,8,2684.996,"Azuner",R,14,122,0.684,0.841,-0.001,1.59,-36.491,2,0,289.104,400,63.865,0,0,1,2,4,R,"にゃんこ3K",190,99.745,0.6,3,59,2686.089,219,104,37,111,147,92,15.431,4.506,-0.46,-0.04,-0.088,0.443,0,0,0,-0.185,-37.38,"HalF_HearteD",-0.036,-17.179,"하루（Haru）",-19.803,-46.88,"장덕춘_",-14.538,-64.058,"bdg06213",22.344,-51.208,"Pugeuk",9.49,-60.847,"Apple_Sherbet",41.371,-85.275,"Oort__Cloud",-0.09,-109.878,"卯月満開",-37.71,-87.394,0,0,0,2688.469,3,"장덕춘_",-6.496,-62.288,0,0,0,0,0,0,0,1
18,1,0,0,1,0,0,2,0,0,0,255,255,255,9,2735.407,"Azuner",R,3,126,-3.402,-0.411,-0.155,1.26,-36.399,1,0,-500,0,19.467,0,0,0,3,1,R,"ゆっち一",190,100,0.38,0,72,0,0,0,0,0,0,0,0,0,0,0,0,0,0,0,0,-0.113,-37.916,"HalF_HearteD",-0.066,-16.979,"하루（Haru）",-20.239,-45.697,"장덕춘_",-14.487,-63.96,"bdg06213",23.242,-53.031,"Pugeuk",9.976,-64.507,"Apple_Sherbet",42.518,-86.46,"Oort__Cloud",-0.267,-109.755,"卯月満開",-36.061,-85.786,0,0,0,0,0,"",0,0,0,0,0,0,0,0,0,0
19,1,0,0,1,1,0,2,0,0,0,255,255,255,10,2752.739,"Azuner",R,6,113,-0.596,-0.46,-0.209,1.253,-36.398,0,0,397.942,0,15.204,0,0,0,3,1,R,"ゆっち一",190,100,0.38,0,72,0,0,0,0,0,0,0,0,0,0,0,0,0,0,0,0,-0.132,-37.831,"HalF_HearteD",-0.004,-16.912,"하루（Haru）",-20.271,-44.722,"장덕춘_",-14.514,-63.971,"bdg06213",24.72,-53.98,"Pugeuk",8.762,-64.52,"Apple_Sherbet",42.645,-86.255,"Oort__Cloud",-0.255,-109.65,"卯月満開",-36.921,-85.206,0,0,0,0,0,"",0,0,0,0,0,0,0,0,0,0
20,1,0,0,1,1,1,2,0,0,0,255,255,255,11,2773.426,"Azuner",R,0,135,-1.833,1.322,-0.17,1.595,-36.543,2,0,0,0,0,0,0,1,3,1,R,"ゆっち一",190,100,0.38,3,72,2774.5,129,81,29,133,140,74,-30,34.215,0.98,-0.063,-0.132,0.281,0,0,0,-0.407,-37.241,"HalF_HearteD",0.019,-17.192,"하루（Haru）",-20.851,-47.36,"장덕춘_",-14.415,-63.947,"bdg06213",23.08,-52.42,"Pugeuk",9.655,-63.738,"Apple_Sherbet",42.435,-86.479,"Oort__Cloud",-0.296,-109.707,"卯月満開",-36.831,-85.389,2774.686,-1.998,-21.214,2776.786,2,"하루（Haru）",-16.747,-42.548,0,0,0,0,0,0,0,2
21,2,1,0,1,0,0,0,0,0,0,255,255,255,8,2910.955,"559：広告",R,34,140,-0.622,0.51,-0.076,1.895,-36.411,0,0,78.037,-62.015,5.207,0,0,0,3,4,R,"bdg06213",190,106.549,0.504,0,59,0,0,0,0,0,0,0,0,0,0,0,0,0,0,0,0,0.062,-37.711,"ゆっち一",-0.055,-16.421,"CAT tourniquet",-20.964,-45.07,"mochi_2929",-12.225,-62.4,"にゃんこ3K",21.712,-53.403,"檸檬の残骸",11.076,-64.96,"sano jpn",31.807,-90.323,"alcohol500",-2.503,-102.121,"あくせる",-36.092,-77.465,0,0,0,0,0,"",0,0,0,0,0,0,0,0,0,0
22,2,1,0,1,0,1,0,0,0,0,255,255,255,9,2925.752,"559：広告",R,3,125,2.414,0.029,0.33,1.838,-36.661,1,0,-275.795,58.662,-1.672,0,0,0,3,4,R,"bdg06213",190,106.549,0.504,0,59,0,0,0,0,0,0,0,0,0,0,0,0,0,0,0,0,-0.187,-37.913,"ゆっち一",0.031,-16.524,"CAT tourniquet",-20.533,-45.819,"mochi_2929",-11.841,-62.582,"にゃんこ3K",21.669,-53.416,"檸檬の残骸",11.87,-65.233,"sano jpn",31.945,-90.927,"alcohol500",-1.892,-101.587,"あくせる",-36.091,-77.291,0,0,0,0,0,"",0,0,0,0,0,0,0,0,0,0
23,2,1,0,1,1,1,0,0,0,0,255,255,255,10,2938.259,"559：広告",R,34,139,0.406,1.299,-0.001,1.909,-36.439,2,0,82.928,-68.89,3.268,0,0,1,3,4,R,"bdg06213",190,106.549,0.504,3,59,2939.3,161,127,20,187,146,91,92.162,73.072,-0.51,-0.042,-0.099,0.141,0,0,0,-0.051,-37.394,"ゆっち一",-0.06,-16.455,"CAT tourniquet",-20.484,-45.783,"mochi_2929",-12.001,-62.367,"にゃんこ3K",21.638,-53.208,"檸檬の残骸",12.761,-64.811,"sano jpn",31.933,-90.919,"alcohol500",-1.975,-101.54,"あくせる",-36.051,-77.258,2946.036,12.589,-10.014,2946.186,1,"ゆっち一",12.367,-10.201,0,0,0,0,0,0,0,1
24,2,1,0,1,0,0,1,0,0,0,255,255,255,11,2974.581,"559：広告",R,22,119,1.351,0.945,0.192,2.032,-37.055,2,0,-146.845,182.254,-6.09,0,0,1,4,5,R,"Pugeuk",169.8,107,0.552,3,59,2975.539,139,87,19,124,140,108,3.957,-19.658,0.16,0.074,-0.016,0.165,0,0,0,0.021,-37.606,"ゆっち一",-0.017,-16.462,"CAT tourniquet",-20.791,-45.927,"mochi_2929",-12.237,-62.363,"にゃんこ3K",22.686,-52.816,"檸檬の残骸",14.358,-63.079,"sano jpn",31.261,-91.233,"alcohol500",-0.908,-103.631,"あくせる",-37.442,-77.9,2976.819,10.366,-52.708,2978.886,6,"sano jpn",20.654,-87.618,1,0,0,0,0,0,0,2
25,2,1,0,1,0,0,1,1,0,0,5,255,255,12,3065.388,"559：広告",R,34,130,-1.717,0.38,-0.175,1.849,-36.348,2,0,62.752,-46.617,6.663,0,0,1,5,3,R,"장덕춘_",160,99.815,0.549,3,59,3066.156,121,87,59,112,141,61,25.954,5.466,1,-0.105,-0.032,0.139,0,0,0,-0.111,-37.057,"ゆっち一",0.089,-16.435,"CAT tourniquet",-19.161,-41.818,"mochi_2929",-11.217,-61.403,"にゃんこ3K",18.217,-47.433,"檸檬の残骸",13.255,-62.178,"sano jpn",31.855,-90.023,"alcohol500",-2.49,-100.398,"あくせる",-34.868,-79.299,3069.703,-4.744,-59.989,3069.886,3,"mochi_2929",-4.548,-58.194,0,0,0,0,0,0,0,1
26,2,1,0,1,0,0,2,1,0,0,5,255,255,13,3106.424,"559：広告",R,32,138,3.176,0.886,0.237,1.911,-36.671,1,0,194.278,-144.659,3.317,0,0,0,6,8,R,"卯月満開",171.3,89.902,0.2,0,59,0,0,0,0,0,0,0,0,0,0,0,0,0,0,0,0,-0.095,-37.669,"ゆっち一",0.044,-16.461,"CAT tourniquet",-19.725,-44.613,"mochi_2929",-11.294,-60.608,"にゃんこ3K",19.96,-48.726,"檸檬の残骸",8.801,-63.246,"sano jpn",30.312,-87.954,"alcohol500",-2.419,-96.162,"あくせる",-35.044,-78.448,0,0,0,0,0,"",0,0,0,0,0,0,0,0,0,0
27,2,1,0,1,1,0,2,1,0,0,5,255,255,14,3122.331,"559：広告",R,13,117,1.849,-2.787,0.257,1.496,-36.609,1,0,-208.589,400,12.026,0.335,-17.341,0,6,8,R,"卯月満開",171.3,89.902,0.2,0,59,0,0,0,0,0,0,0,0,0,0,0,0,0,0,0,0,-0.015,-37.684,"ゆっち一",0.273,-17.297,"CAT tourniquet",-19.864,-42.286,"mochi_2929",-11.37,-61.185,"にゃんこ3K",20.652,-49.186,"檸檬の残骸",7.49,-63.198,"sano jpn",30.545,-87.86,"alcohol500",-2.729,-95.859,"あくせる",-35.041,-78.408,0,0,0,0,0,"",0,0,0,0,0,0,0,0,0,0
28,2,1,0,1,2,0,2,1,0,0,5,255,255,15,3137.903,"559：広告",R,34,137,-0.51,0.432,-0.065,1.859,-36.339,0,0,73.237,-72.725,5.454,0,0,0,6,8,R,"卯月満開",171.3,89.902,0.2,0,59,0,0,0,0,0,0,0,0,0,0,0,0,0,0,0,0,-0.275,-37.637,"ゆっち一",0.021,-16.516,"CAT tourniquet",-19.888,-43.34,"mochi_2929",-11.49,-61.247,"にゃんこ3K",21.065,-49.221,"檸檬の残骸",11.347,-63.491,"sano jpn",28.278,-83.923,"alcohol500",-3.201,-95.878,"あくせる",-35.069,-78.385,0,0,0,0,0,"",0,0,0,0,0,0,0,0,0,0
29,2,1,0,1,2,1,2,1,0,0,5,255,255,16,3150.508,"559：広告",R,33,138,-0.838,0.302,-0.115,1.836,-36.454,0,0,144.552,-84.315,13.529,0,0,0,6,8,R,"卯月満開",171.3,89.902,0.2,0,59,0,0,0,0,0,0,0,0,0,0,0,0,0,0,0,0,-0.197,-37.75,"ゆっち一",-0.168,-17.867,"CAT tourniquet",-19.62,-43.008,"mochi_2929",-9.24,-61.984,"にゃんこ3K",21.202,-49.09,"檸檬の残骸",7.126,-62.766,"sano jpn",28.265,-84.005,"alcohol500",-3.589,-95.56,"あくせる",-34.865,-78.534,0,0,0,0,0,"",0,0,0,0,0,0,0,0,0,0
30,2,1,0,1,2,2,2,0,1,0,255,5,255,17,3177.181,"559：広告",R,3,124,-2.839,-1.293,-0.14,1.683,-36.4,2,0,-333.723,211.634,5.754,0,0,1,6,8,R,"卯月満開",171.3,89.902,0.2,2,59,3178.074,132,74,13,60,135,80,-35.762,38.675,-0.28,-0.093,-0.113,0.177,0,0,0,-0.377,-37.482,"ゆっち一",-0.107,-16.788,"CAT tourniquet",-20.859,-48.088,"mochi_2929",-12.253,-63.035,"にゃんこ3K",19.435,-46.876,"檸檬の残骸",10.626,-61.284,"sano jpn",32.55,-88.885,"alcohol500",-4.216,-96.579,"あくせる",-36.61,-78.002,3178.186,-0.912,-19.352,3180.453,2,"CAT tourniquet",-20.318,-43.97,0,0,0,0,0,0,0,2
31,2,0,0,1,0,0,0,0,0,0,255,255,255,12,3230.979,"Azuner",R,10,99,0.432,0.363,0.06,1.73,-36.512,0,0,0,396.578,17.755,0,0,0,4,8,R,"あくせる",175.1,107,0.28,0,59,0,0,0,0,0,0,0,0,0,0,0,0,0,0,0,0,-0.053,-37.91,"HalF_HearteD",0.121,-17.053,"하루（Haru）",-21.245,-47.991,"장덕춘_",-14.344,-63.77,"bdg06213",24.384,-52.779,"Pugeuk",7.637,-64.923,"Apple_Sherbet",37.842,-86.318,"Oort__Cloud",-0.234,-110.477,"卯月満開",-38.666,-89.495,0,0,0,0,0,"",0,0,0,0,0,0,0,0,0,0
32,2,0,0,1,0,1,0,0,0,0,255,255,255,13,3249.583,"Azuner",R,13,104,-2.9,-0.869,-0.129,1.353,-36.741,1,0,-375.897,303.196,25.395,0,0,0,4,8,R,"あくせる",175.1,107,0.28,0,59,0,0,0,0,0,0,0,0,0,0,0,0,0,0,0,0,-0.001,-37.658,"HalF_HearteD",-0.196,-17.106,"하루（Haru）",-21.105,-48.57,"장덕춘_",-14.388,-63.766,"bdg06213",23.784,-52.247,"Pugeuk",7.763,-65,"Apple_Sherbet",38.394,-86.912,"Oort__Cloud",-0.235,-109.912,"卯月満開",-38.785,-89.753,0,0,0,0,0,"",0,0,0,0,0,0,0,0,0,0
33,2,0,0,1,1,1,0,0,0,0,255,255,255,14,3269.327,"Azuner",R,0,128,0.691,1.732,0.064,1.623,-36.424,1,0,0,0,0,0,0,0,4,8,R,"あくせる",175.1,107,0.28,0,59,0,0,0,0,0,0,0,0,0,0,0,0,0,0,0,0,0.023,-37.895,"HalF_HearteD",0.051,-17.036,"하루（Haru）",-20.675,-47.202,"장덕춘_",-14.386,-63.759,"bdg06213",23.599,-52.75,"Pugeuk",7.204,-64.952,"Apple_Sherbet",38.373,-86.98,"Oort__Cloud",-0.263,-109.935,"卯月満開",-38.805,-89.776,0,0,0,0,0,"",0,0,0,0,0,0,0,0,0,0
34,2,0,0,1,2,1,0,0,0,0,255,255,255,15,3285.595,"Azuner",R,6,115,1.226,0.669,-0.06,1.473,-36.438,2,0,456.146,57.626,14.577,0,0,1,4,8,R,"あくせる",175.1,107,0.28,3,59,3286.786,172,110,33,143,145,86,90.247,-85.91,-0.4,0,-0.077,0.384,0,0,0,-0.066,-36.877,"HalF_HearteD",0.039,-17.314,"하루（Haru）",-20.083,-47.318,"장덕춘_",-14.308,-63.713,"bdg06213",23.061,-52.033,"Pugeuk",9.884,-63.886,"Apple_Sherbet",38.59,-86.925,"Oort__Cloud",-0.259,-109.983,"卯月満開",-38.805,-89.774,3293.269,-4.329,-16.828,3293.436,1,"HalF_HearteD",-4.237,-16.877,0,0,0,0,0,0,0,1
35,2,0,0,1,0,0,1,0,0,0,255,255,255,16,3320.535,"Azuner",R,0,136,-2.436,-2.97,-0.227,0.898,-36.242,2,0,0,0,0,-0.445,-20.808,1,5,5,L,"檸檬の残骸",160,107,0.502,2,30,3321.528,0,0,0,0,0,43,-70.449,33.239,-0.33,0,0,0,0,0,0,-0.111,-36.987,"HalF_HearteD",-0.038,-17.075,"하루（Haru）",-20.191,-47.287,"장덕춘_",-14.615,-63.212,"bdg06213",23.777,-51.854,"Pugeuk",13.911,-62.179,"Apple_Sherbet",40.326,-83.461,"Oort__Cloud",0.209,-108.676,"卯月満開",-36.354,-89.47,3321.553,-0.486,-18.522,3325.219,0,"Azuner",-7.104,-29.934,0,0,0,0,0,0,0,2
36,2,0,0,1,0,0,2,0,0,0,255,255,255,17,3359.206,"Azuner",R,3,117,0.529,-0.484,0.202,1.248,-36.38,0,0,-407.642,0,5.285,0,0,0,6,2,L,"CAT tourniquet",190,95.214,0.357,0,59,0,0,0,0,0,0,0,0,0,0,0,0,0,0,0,0,0.006,-37.899,"HalF_HearteD",0.139,-16.898,"하루（Haru）",-20.031,-46.157,"장덕춘_",-14.141,-63.395,"bdg06213",22.46,-52.07,"Pugeuk",12.724,-63.601,"Apple_Sherbet",40.56,-82.921,"Oort__Cloud",3.113,-108.049,"卯月満開",-37.628,-91.591,0,0,0,0,0,"",0,0,0,0,0,0,0,0,0,0
37,2,0,0,1,0,1,2,0,0,0,255,255,255,18,3378.059,"Azuner",R,0,135,-1.235,1.508,-0.115,1.631,-36.528,1,0,0,0,0,0,0,0,6,2,L,"CAT tourniquet",190,95.214,0.357,0,59,0,0,0,0,0,0,0,0,0,0,0,0,0,0,0,0,-0.011,-37.914,"HalF_HearteD",0.124,-16.832,"하루（Haru）",-20.121,-45.984,"장덕춘_",-14.094,-63.389,"bdg06213",24.017,-54.205,"Pugeuk",13.433,-61.896,"Apple_Sherbet",40.334,-82.924,"Oort__Cloud",3.254,-107.937,"卯月満開",-36.434,-90.152,0,0,0,0,0,"",0,0,0,0,0,0,0,0,0,0
38,2,0,0,1,1,1,2,0,0,0,255,255,255,19,3397.032,"Azuner",R,12,109,-1.119,-0.899,-0.105,1.168,-36.702,0,0,-78.09,130.47,9.331,0,0,0,6,2,L,"CAT tourniquet",190,95.214,0.357,0,59,0,0,0,0,0,0,0,0,0,0,0,0,0,0,0,0,0.02,-37.638,"HalF_HearteD",-0.089,-16.906,"하루（Haru）",-19.715,-44.788,"장덕춘_",-14.083,-63.397,"bdg06213",23.326,-51.952,"Pugeuk",11.365,-59.91,"Apple_Sherbet",40.045,-83.091,"Oort__Cloud",-0.153,-108.437,"卯月満開",-36.507,-90.321,0,0,0,0,0,"",0,0,0,0,0,0,0,0,0,0
39,2,0,0,1,1,2,2,0,0,0,255,255,255,20,3416.245,"Azuner",R,0,139,-1.144,1.512,-0.106,1.632,-36.446,1,0,0,0,0,0,0,0,6,2,L,"CAT tourniquet",190,95.214,0.357,0,59,0,0,0,0,0,0,0,0,0,0,0,0,0,0,0,0,-0.017,-38.057,"HalF_HearteD",-0.02,-16.8,"하루（Haru）",-21.007,-46.489,"장덕춘_",-14.084,-63.396,"bdg06213",22.336,-51.746,"Pugeuk",8.692,-61.775,"Apple_Sherbet",40.229,-83.219,"Oort__Cloud",-0.009,-108.304,"卯月満開",-36.523,-90.318,0,0,0,0,0,"",0,0,0,0,0,0,0,0,0,0
40,2,0,0,1,2,2,2,0,0,0,255,255,255,21,3438.216,"Azuner",R,6,120,1.869,-0.269,0.053,1.309,-36.383,2,0,351.884,60.692,16.917,0,0,1,6,2,L,"CAT tourniquet",190,95.214,0.357,3,59,3439.18,89,92,32,119,129,84,36.784,-37.347,-0.07,-0.022,-0.049,0.365,0,0,0,-0.081,-36.917,"HalF_HearteD",0.247,-17.133,"하루（Haru）",-20.198,-47.597,"장덕춘_",-14.161,-63.33,"bdg06213",23.255,-53.613,"Pugeuk",10.902,-61.871,"Apple_Sherbet",40.433,-83.056,"Oort__Cloud",1.414,-108.798,"卯月満開",-36.038,-90.238,3444.053,47.843,-69.12,3444.519,6,"Apple_Sherbet",47.181,-68.466,0,0,0,0,0,0,0,1
41,3,1,0,1,0,0,0,0,0,0,255,255,255,18,3502.87,"559：広告",R,34,140,1.575,0.826,0.128,1.907,-36.471,1,0,75.082,-64.238,2.545,0,0,0,7,7,R,"Oort__Cloud",160,90.395,0.2,0,59,0,0,0,0,0,0,0,0,0,0,0,0,0,0,0,0,-0.811,-34.282,"ゆっち一",-0.028,-16.531,"CAT tourniquet",-21.708,-46.666,"mochi_2929",-10.316,-57.065,"にゃんこ3K",22.19,-53.252,"檸檬の残骸",12.937,-60.095,"sano jpn",31.646,-90.588,"alcohol500",-1.729,-100.502,"あくせる",-36.893,-78.43,0,0,0,0,0,"",0,0,0,0,0,0,0,0,0,0
42,3,1,0,1,1,0,0,0,0,0,255,255,255,19,3520.996,"559：広告",R,3,115,2.624,-0.736,0.453,1.711,-36.754,1,0,-500,0,23.512,0.071,-17.486,0,7,7,R,"Oort__Cloud",160,90.395,0.2,0,59,0,0,0,0,0,0,0,0,0,0,0,0,0,0,0,0,0.157,-37.345,"ゆっち一",0.133,-17.188,"CAT tourniquet",-22.269,-47.444,"mochi_2929",-11.071,-60.003,"にゃんこ3K",22.209,-53.155,"檸檬の残骸",12.275,-61.657,"sano jpn",31.69,-90.567,"alcohol500",-1.03,-100.264,"あくせる",-37.091,-79.935,0,0,0,0,0,"",0,0,0,0,0,0,0,0,0,0
43,3,1,0,1,2,0,0,0,0,0,255,255,255,20,3539.42,"559：広告",R,34,140,0.316,-0.499,0.005,1.724,-36.492,0,0,95.534,-70.779,2.709,0,0,0,7,7,R,"Oort__Cloud",160,90.395,0.2,0,59,0,0,0,0,0,0,0,0,0,0,0,0,0,0,0,0,-0.27,-36.452,"ゆっち一",-0.053,-16.691,"CAT tourniquet",-20.109,-44.384,"mochi_2929",-10.942,-59.464,"にゃんこ3K",22.163,-53.256,"檸檬の残骸",12.635,-60.313,"sano jpn",31.075,-89.745,"alcohol500",-1.183,-100.209,"あくせる",-35.826,-76.259,0,0,0,0,0,"",0,0,0,0,0,0,0,0,0,0
44,3,1,0,1,2,1,0,0,0,0,255,255,255,21,3556.49,"559：広告",R,3,107,-0.309,0.785,0.209,1.968,-36.765,0,0,-359.93,0,1.461,0,0,0,7,7,R,"Oort__Cloud",160,90.395,0.2,0,59,0,0,0,0,0,0,0,0,0,0,0,0,0,0,0,0,-0.267,-37.974,"ゆっち一",-0.07,-16.637,"CAT tourniquet",-21.663,-46.51,"mochi_2929",-11.192,-60.434,"にゃんこ3K",22.126,-53.182,"檸檬の残骸",12.697,-62.155,"sano jpn",31.064,-89.835,"alcohol500",-2.051,-100.158,"あくせる",-36.15,-78.798,0,0,0,0,0,"",0,0,0,0,0,0,0,0,0,0
45,3,1,0,1,2,2,0,0,0,0,255,255,255,22,3572.614,"559：広告",R,3,124,0.576,0.035,0.207,1.818,-36.621,2,0,-401.543,11.516,0.564,0,0,1,7,7,R,"Oort__Cloud",160,90.395,0.2,2,59,3573.746,139,109,10,215,142,78,42.239,25.755,-0.47,-0.027,-0.029,0.542,0,0,0,-0.214,-37.391,"ゆっち一",0.013,-16.725,"CAT tourniquet",-21.788,-47.2,"mochi_2929",-11.191,-60.44,"にゃんこ3K",22.177,-53.064,"檸檬の残骸",13.89,-61.922,"sano jpn",31.061,-89.852,"alcohol500",-1.958,-100.153,"あくせる",-36.142,-78.434,0,0,0,3578.502,8,"あくせる",-23.512,-71.606,0,0,0,0,0,0,0,1
46,3,1,0,1,0,0,1,0,0,0,255,255,255,23,3609.431,"559：広告",R,34,138,0.88,0.719,0.064,1.913,-36.632,2,0,71.869,-62.028,3.086,0,0,1,8,1,R,"HalF_HearteD",175.2,107,0.503,3,59,3610.323,250,108,0,108,143,127,-27.674,47.509,0.37,0.004,-0.008,0.35,0,0,0,-0.304,-37.117,"ゆっち一",-0.02,-16.599,"CAT tourniquet",-21.422,-48.628,"mochi_2929",-12.652,-62.994,"にゃんこ3K",23.282,-51.812,"檸檬の残骸",13.02,-60.791,"sano jpn",29.655,-86.306,"alcohol500",-3.265,-97.084,"あくせる",-35.063,-78.733,3610.502,-2.261,-19.866,0,0,"",0,0,0,0,0,0,0,0,0,3
47,3,1,0,1,0,1,1,0,0,0,255,255,255,24,3629.907,"559：広告",R,13,119,-2.266,-1.63,-0.06,1.662,-36.58,4,0,-389.563,313.433,18.719,-0.605,-18.37,1,8,1,R,"HalF_HearteD",175.2,107,0.503,0,59,0,0,0,0,0,0,0,0,0,0,0,0,0,0,0,0,-0.442,-38.082,"ゆっち一",-0.367,-16.665,"CAT tourniquet",-22.669,-49.069,"mochi_2929",-12.832,-62.64,"にゃんこ3K",22.8,-51.012,"檸檬の残骸",7.275,-62.343,"sano jpn",28.386,-88.45,"alcohol500",-4.234,-97.218,"あくせる",-35.087,-78.713,0,0,0,0,0,"",0,0,0,0,0,0,0,0,0,0
48,3,1,0,1,0,2,1,0,0,0,255,255,255,25,3648.166,"559：広告",R,3,109,-1.743,-0.209,0.017,1.758,-36.779,4,0,-379.419,0,-5.616,0,0,1,8,1,R,"HalF_HearteD",175.2,107,0.503,0,59,0,0,0,0,0,0,0,0,0,0,0,0,0,0,0,0,-0.666,-37.201,"ゆっち一",-0.466,-16.533,"CAT tourniquet",-22.378,-46.996,"mochi_2929",-13.152,-62.772,"にゃんこ3K",22.048,-52.019,"檸檬の残骸",8.535,-63.454,"sano jpn",30.263,-89.446,"alcohol500",-3.199,-97.429,"あくせる",-35.181,-78.388,0,0,0,0,0,"",0,0,0,0,0,0,0,0,0,0
49,3,1,0,1,0,0,2,0,0,0,255,255,255,26,3675.942,"559：広告",R,34,137,1.516,0.46,0.116,1.864,-36.49,2,0,98.401,-95.152,5.418,0,0,1,0,6,R,"Apple_Sherbet",179,88.926,0.272,3,59,3676.872,189,129,19,189,151,128,33.966,28.47,0.41,-0.046,-0.043,0.281,0,0,0,-0.136,-37.264,"ゆっち一",0.043,-16.481,"CAT tourniquet",-21.308,-48.564,"mochi_2929",-12.117,-63.541,"にゃんこ3K",22.322,-52.346,"檸檬の残骸",13.344,-61.979,"sano jpn",28.94,-88.876,"alcohol500",-2.059,-98.611,"あくせる",-35.399,-81.96,3683.086,-38.748,-132.292,0,0,"",0,0,0,0,0,0,0,0,0,4
50,3,1,1,1,0,0,2,0,0,0,255,255,255,27,3726.108,"559：広告",R,3,119,-2.06,-1.451,-0.028,1.644,-36.594,2,0,-449.325,219.334,15.524,0,0,1,1,9,R,"TaeGeuk_",177.3,100.885,0.668,3,59,3727.007,160,120,64,125,148,95,-15.994,-34.127,0.91,-0.172,-0.236,0.078,0,0,0,-0.485,-37.156,"ゆっち一",-0.354,-16.379,"CAT tourniquet",-21.02,-49.141,"mochi_2929",-13.167,-62.92,"にゃんこ3K",21.964,-52.15,"檸檬の残骸",12.522,-63.074,"sano jpn",31.775,-89.001,"alcohol500",-2.038,-104.423,"あくせる",-36.172,-78.617,3727.169,0.771,-23.248,3728.853,4,"にゃんこ3K",17.43,-48.588,0,0,0,0,0,0,0,2
51,3,0,1,1,0,0,0,0,0,0,255,255,255,22,3786.574,"Azuner",R,0,137,-1.408,-1.653,-0.131,1.078,-36.286,1,0,0,0,0,0,0,0,7,7,L,"alcohol500",171.7,94.494,0.349,0,59,0,0,0,0,0,0,0,0,0,0,0,0,0,0,0,0,-0.089,-37.831,"HalF_HearteD",-0.069,-17.305,"하루（Haru）",-21.166,-46.936,"장덕춘_",-14.496,-64.081,"bdg06213",22.804,-53.798,"Pugeuk",12.029,-63.476,"Apple_Sherbet",38.764,-87.229,"Oort__Cloud",2.242,-109.24,"卯月満開",-35.277,-89.17,0,0,0,0,0,"",0,0,0,0,0,0,0,0,0,0
52,3,0,1,1,1,0,0,0,0,0,255,255,255,23,3803.311,"Azuner",R,0,140,-2.371,-1.815,-0.221,1.053,-36.302,1,0,0,0,0,-0.571,-17.686,0,7,7,L,"alcohol500",171.7,94.494,0.349,0,59,0,0,0,0,0,0,0,0,0,0,0,0,0,0,0,0,-0.194,-37.895,"HalF_HearteD",0.045,-17.238,"하루（Haru）",-20.415,-46.554,"장덕춘_",-14.622,-64.08,"bdg06213",22.845,-53.855,"Pugeuk",12.026,-63.699,"Apple_Sherbet",38.846,-87.155,"Oort__Cloud",2.335,-109.17,"卯月満開",-35.285,-89.182,0,0,0,0,0,"",0,0,0,0,0,0,0,0,0,0
53,3,0,1,1,2,0,0,0,0,0,255,255,255,24,3824.575,"Azuner",R,10,120,-1.458,-1.384,-0.14,1.204,-36.356,1,0,18.461,310.864,42.629,0,0,0,7,7,L,"alcohol500",171.7,94.494,0.349,0,59,0,0,0,0,0,0,0,0,0,0,0,0,0,0,0,0,-0.185,-37.609,"HalF_HearteD",0.055,-16.989,"하루（Haru）",-20.81,-46.395,"장덕춘_",-14.628,-64.059,"bdg06213",22.417,-53.387,"Pugeuk",11.718,-63.664,"Apple_Sherbet",38.848,-87.229,"Oort__Cloud",2.248,-109.147,"卯月満開",-35.291,-89.174,0,0,0,0,0,"",0,0,0,0,0,0,0,0,0,0
54,3,0,1,1,3,0,0,0,0,0,255,255,255,25,3844.472,"Azuner",R,0,122,-1.283,-0.344,-0.119,1.283,-36.246,0,0,0,0,0,0,0,0,7,7,L,"alcohol500",171.7,94.494,0.349,0,59,0,0,0,0,0,0,0,0,0,0,0,0,0,0,0,0,-0.079,-37.777,"HalF_HearteD",0.065,-17.005,"하루（Haru）",-20.736,-47.225,"장덕춘_",-14.527,-64.13,"bdg06213",22.56,-53.727,"Pugeuk",11.613,-63.791,"Apple_Sherbet",38.834,-87.297,"Oort__Cloud",2.269,-109.116,"卯月満開",-35.27,-89.161,0,0,0,0,0,"",0,0,0,0,0,0,0,0,0,0
55,3,0,1,1,3,1,0,0,0,0,255,255,255,26,3863.075,"Azuner",R,3,122,-0.908,-0.732,0.084,1.209,-36.3,2,0,-500,0,11.878,0,0,1,7,7,L,"alcohol500",171.7,94.494,0.349,3,59,3864.142,135,103,21,175,142,83,10.134,-4.166,-0.44,0,-0.067,0.342,0,0,0,-0.311,-36.856,"HalF_HearteD",0.103,-17.214,"하루（Haru）",-20.197,-47.218,"장덕춘_",-14.536,-64.016,"bdg06213",23.312,-53.619,"Pugeuk",11.766,-63.631,"Apple_Sherbet",39.019,-87.141,"Oort__Cloud",2.284,-109.14,"卯月満開",-35.276,-89.18,0,0,0,3866.586,5,"Pugeuk",4.446,-59.484,0,0,0,0,0,0,0,1
56,3,0,1,1,0,0,1,0,0,0,255,255,255,27,3889.355,"Azuner",R,3,122,2.088,-0.152,0.369,1.309,-36.521,4,0,-494.667,0,14.698,0,0,1,8,0,R,"559：広告",190,107,0.335,0,59,0,0,0,0,0,0,0,0,0,0,0,0,0,0,0,0,-0.077,-37.92,"HalF_HearteD",0.154,-16.936,"하루（Haru）",-20.894,-46.201,"장덕춘_",-14.678,-63.751,"bdg06213",23.264,-54.957,"Pugeuk",9.865,-64.344,"Apple_Sherbet",37.508,-82.91,"Oort__Cloud",-2.555,-108.936,"卯月満開",-46.364,-93.285,0,0,0,0,0,"",0,0,0,0,0,0,0,0,0,0
57,3,0,1,1,0,1,1,0,0,0,255,255,255,28,3907.243,"Azuner",R,3,98,-0.522,0.708,0.212,1.569,-36.62,0,0,-373.007,23.189,14.178,0,0,1,8,0,R,"559：広告",190,107,0.335,0,59,0,0,0,0,0,0,0,0,0,0,0,0,0,0,0,0,-0.051,-38.124,"HalF_HearteD",0.152,-16.954,"하루（Haru）",-20.339,-44.88,"장덕춘_",-14.721,-63.736,"bdg06213",23.18,-53.315,"Pugeuk",10.029,-64.257,"Apple_Sherbet",37.445,-82.957,"Oort__Cloud",-2.591,-108.877,"卯月満開",-46.344,-93.354,0,0,0,0,0,"",0,0,0,0,0,0,0,0,0,0
58,3,0,1,1,0,2,1,0,0,0,255,255,255,29,3926.995,"Azuner",R,0,136,-1.756,1.716,-0.163,1.671,-36.617,4,0,0,0,0,0,0,1,8,0,R,"559：広告",190,107,0.335,0,59,0,0,0,0,0,0,0,0,0,0,0,0,0,0,0,0,0.001,-38.064,"HalF_HearteD",0.108,-16.872,"하루（Haru）",-20.838,-47.579,"장덕춘_",-14.727,-63.728,"bdg06213",24.089,-53.326,"Pugeuk",9.49,-63.878,"Apple_Sherbet",37.379,-82.962,"Oort__Cloud",-2.667,-108.795,"卯月満開",-46.331,-93.322,0,0,0,0,0,"",0,0,0,0,0,0,0,0,0,0
59,3,0,1,1,0,0,2,0,0,0,255,255,255,30,3956.52,"Azuner",R,0,125,-1.126,0.803,-0.105,1.469,-36.291,0,0,0,0,0,0,0,0,0,3,L,"mochi_2929",174.6,94.434,0.477,0,49,0,0,0,0,0,0,0,0,0,0,0,0,0,0,0,0,0.071,-37.993,"HalF_HearteD",0.038,-16.913,"하루（Haru）",-20.172,-46.563,"장덕춘_",-14.569,-63.781,"bdg06213",23.513,-53.782,"Pugeuk",11.961,-63.354,"Apple_Sherbet",38.107,-87.435,"Oort__Cloud",1.638,-110.397,"卯月満開",-37.098,-90.437,0,0,0,0,0,"",0,0,0,0,0,0,0,0,0,0
60,3,0,1,1,0,1,2,0,0,0,255,255,255,31,3974.871,"Azuner",R,6,126,2.197,-0.751,0.046,1.216,-36.445,1,0,471.808,0,12.82,0.912,-17.56,0,0,3,L,"mochi_2929",174.6,94.434,0.477,0,49,0,0,0,0,0,0,0,0,0,0,0,0,0,0,0,0,0.028,-37.48,"HalF_HearteD",0.171,-17.077,"하루（Haru）",-20.469,-47.875,"장덕춘_",-14.597,-63.746,"bdg06213",22.953,-53.061,"Pugeuk",11.639,-63.655,"Apple_Sherbet",38.163,-87.327,"Oort__Cloud",1.648,-110.408,"卯月満開",-37.076,-90.421,0,0,0,0,0,"",0,0,0,0,0,0,0,0,0,0
61,3,0,1,1,1,1,2,0,0,0,255,255,255,32,3993.949,"Azuner",R,0,140,-2.238,-2.489,-0.208,0.934,-36.203,1,0,0,0,0,-0.426,-19.508,0,0,3,L,"mochi_2929",174.6,94.434,0.477,0,49,0,0,0,0,0,0,0,0,0,0,0,0,0,0,0,0,-0.038,-37.57,"HalF_HearteD",0.212,-16.935,"하루（Haru）",-20.822,-46.512,"장덕춘_",-14.723,-63.709,"bdg06213",23.014,-51.968,"Pugeuk",11.655,-63.654,"Apple_Sherbet",38.286,-87.597,"Oort__Cloud",1.66,-110.408,"卯月満開",-37.083,-90.431,0,0,0,0,0,"",0,0,0,0,0,0,0,0,0,0
62,3,0,1,1,2,1,2,0,0,0,255,255,255,33,4012.443,"Azuner",R,14,121,0.622,0.561,-0.002,1.54,-36.362,0,0,218.282,400,42.08,0.298,-17.795,1,0,3,L,"mochi_2929",174.6,94.434,0.477,0,49,0,0,0,0,0,0,0,0,0,0,0,0,0,0,0,0,-0.122,-37.826,"HalF_HearteD",0.105,-16.949,"하루（Haru）",-20.671,-46.432,"장덕춘_",-14.661,-63.76,"bdg06213",22.89,-51.641,"Pugeuk",12.197,-63.464,"Apple_Sherbet",38.78,-89.126,"Oort__Cloud",1.828,-110.41,"卯月満開",-37.081,-90.42,0,0,0,0,0,"",0,0,0,0,0,0,0,0,0,0
63,3,0,1,1,2,2,2,0,0,0,255,255,255,34,4033.53,"Azuner",R,0,120,-0.607,-2.599,-0.056,0.919,-36.431,1,0,0,0,10.483,-0.114,-19.965,0,0,3,L,"mochi_2929",174.6,94.434,0.477,0,49,0,0,0,0,0,0,0,0,0,0,0,0,0,0,0,0,0.025,-37.364,"HalF_HearteD",0.012,-16.917,"하루（Haru）",-19.912,-45.473,"장덕춘_",-14.702,-63.707,"bdg06213",23.469,-53.166,"Pugeuk",12.712,-63.723,"Apple_Sherbet",39.705,-88.201,"Oort__Cloud",1.727,-110.396,"卯月満開",-37.085,-90.413,0,0,0,0,0,"",0,0,0,0,0,0,0,0,0,0
64,3,0,1,1,3,2,2,0,0,0,255,255,255,35,4051.43,"Azuner",R,13,101,-2.189,-1.26,-0.062,1.306,-36.639,2,0,-323.652,354.611,19.418,0,0,1,0,3,L,"mochi_2929",174.6,94.434,0.477,3,49,4052.638,95,95,82,105,138,82,-44.93,48.617,-0.27,0.104,-0.184,0.215,0,0,0,-0.224,-36.922,"HalF_HearteD",-0.201,-17.216,"하루（Haru）",-20.538,-47.154,"장덕춘_",-14.562,-63.69,"bdg06213",23.274,-52.754,"Pugeuk",12.529,-63.938,"Apple_Sherbet",39.658,-88.377,"Oort__Cloud",-0.83,-110.311,"卯月満開",-37.047,-90.45,4052.769,-0.892,-20.353,0,0,"",0,0,0,0,0,0,0,0,0,3
65,3,0,1,1,3,2,2,0,0,0,255,255,255,36,4074.342,"Azuner",R,0,140,0.081,0.634,0.008,1.443,-36.291,0,0,0,0,0,0,0,1,0,3,L,"mochi_2929",174.6,94.434,0.477,0,49,0,0,0,0,0,0,0,0,0,0,0,0,0,0,0,0,-0.159,-37.872,"HalF_HearteD",0.134,-16.973,"하루（Haru）",-21.091,-47.178,"장덕춘_",-14.654,-63.218,"bdg06213",23.007,-51.68,"Pugeuk",10.831,-62.734,"Apple_Sherbet",38.287,-86.152,"Oort__Cloud",2.12,-115.863,"卯月満開",-38.141,-92.173,0,0,0,0,0,"",0,0,0,0,0,0,0,0,0,0
66,4,1,1,1,0,0,0,0,0,0,255,255,255,28,4139.155,"559：広告",R,27,140,-0.599,0.357,-0.082,1.851,-36.579,2,0,101.147,-116.607,4.552,0,0,1,2,2,L,"하루（Haru）",190,107,0.55,3,59,4140.157,168,152,64,202,152,96,33.505,0.322,-0.32,-0.012,0.029,0.135,0,0,0,-0.403,-37.051,"ゆっち一",-0.085,-16.731,"CAT tourniquet",-22.458,-48.827,"mochi_2929",-12.389,-62.999,"にゃんこ3K",24.433,-49.749,"檸檬の残骸",15.755,-62.784,"sano jpn",39.385,-80.999,"alcohol500",4.523,-100.954,"あくせる",-29.687,-86.22,0,0,0,4146.736,6,"Apple_Sherbet",10.058,-94.96,0,0,0,0,0,0,0,1
67,4,1,1,1,0,0,1,0,0,0,255,255,255,29,4166.691,"559：広告",R,28,140,0.144,0.363,0,1.865,-36.395,2,0,62.096,-63.105,3.515,0,0,1,3,4,R,"bdg06213",190,106.549,0.504,3,59,4167.742,196,135,15,195,155,97,93.625,-76.6,-0.42,-0.014,-0.086,0.106,0,0,0,-0.226,-37.044,"ゆっち一",-0.014,-16.658,"CAT tourniquet",-20.964,-48.235,"mochi_2929",-11.543,-62.397,"にゃんこ3K",22.619,-52.904,"檸檬の残骸",14.707,-62.088,"sano jpn",34.093,-86.82,"alcohol500",-2.059,-99.112,"あくせる",-35.3,-79.489,4174.719,-26.633,-20.787,0,0,"",0,0,0,0,0,0,0,0,0,3
68,4,1,1,1,0,1,1,0,0,0,255,255,255,30,4195.275,"559：広告",R,28,140,1.311,0.498,0.101,1.883,-36.463,2,0,88.909,-89.386,4.473,0,0,1,3,4,R,"bdg06213",190,106.549,0.504,3,44,4196.287,163,141,50,200,150,97,55.89,-6.406,-0.01,0.036,-0.101,0.12,0,0,0,-0.089,-37.127,"ゆっち一",0.007,-16.238,"CAT tourniquet",-22.334,-49.603,"mochi_2929",-12.554,-62.639,"にゃんこ3K",21.816,-52.642,"檸檬の残骸",14.248,-61.278,"sano jpn",31.673,-87.709,"alcohol500",-1.303,-100.017,"あくせる",-35.694,-79.198,4202.719,1.805,-77.558,4202.869,7,"alcohol500",1.789,-76.363,0,0,0,0,0,0,0,1
69,4,1,1,1,0,0,2,0,0,0,255,255,255,31,4247.002,"559：広告",R,0,138,-3.371,-1.983,-0.296,1.505,-36.394,4,0,-39.034,0,-0.148,-0.675,-17.09,1,4,5,R,"Pugeuk",169.8,107,0.552,0,59,0,0,0,0,0,0,0,0,0,0,0,0,0,0,0,0,-0.189,-37.863,"ゆっち一",-0.622,-17.107,"CAT tourniquet",-22.54,-48.834,"mochi_2929",-11.355,-61.201,"にゃんこ3K",22.649,-52.753,"檸檬の残骸",12.41,-62.656,"sano jpn",30.294,-87.064,"alcohol500",-1.108,-99.917,"あくせる",-38.031,-79.258,0,0,0,0,0,"",0,0,0,0,0,0,0,0,0,0
70,4,1,1,1,0,1,2,0,0,0,255,255,255,32,4263.518,"559：広告",R,3,126,1.988,-1.038,0.345,1.725,-36.629,2,0,-450.151,217.634,13.543,0,0,1,4,5,R,"Pugeuk",169.8,107,0.552,3,59,4264.618,248,167,47,239,155,105,-30,47.347,0.07,0.034,-0.083,0.522,0,0,0,0.046,-37.329,"ゆっち一",-0.016,-16.643,"CAT tourniquet",-22.247,-48.951,"mochi_2929",-11.914,-61.164,"にゃんこ3K",22.329,-52.6,"檸檬の残骸",13.151,-62.93,"sano jpn",30.056,-87.234,"alcohol500",-2.547,-98.51,"あくせる",-37.795,-79.177,4264.736,-0.601,-21.145,4278.286,8,"あくせる",-72.187,-78.714,0,0,0,0,0,0,0,2
71,4,1,1,1,0,2,2,0,0,0,255,255,255,33,4306.356,"559：広告",R,3,124,-2.219,-0.686,-0.06,1.736,-36.626,4,0,-383.971,85.677,-4.418,0,0,1,4,5,R,"Pugeuk",169.8,107,0.552,0,71,0,0,0,0,0,0,0,0,0,0,0,0,0,0,0,0,-0.638,-37.216,"ゆっち一",-0.585,-16.577,"CAT tourniquet",-22.175,-48.005,"mochi_2929",-12.158,-61.12,"にゃんこ3K",22.806,-51.909,"檸檬の残骸",12.122,-63.361,"sano jpn",27.865,-87.444,"alcohol500",-4.812,-96.617,"あくせる",-38.379,-79.122,0,0,0,0,0,"",0,0,0,0,0,0,0,0,0,0
72,4,0,1,1,0,0,0,0,0,0,255,255,255,37,4391.094,"Azuner",R,14,115,-1.772,-0.237,-0.267,1.378,-36.396,2,0,406.777,290.744,59.924,0,0,1,1,6,R,"sano jpn",170.1,99.636,0.323,3,59,4392.177,163,132,49,158,150,125,-30,-33.641,0.78,-0.106,0.033,0.286,0,0,0,-0.207,-36.911,"HalF_HearteD",-0.149,-16.933,"하루（Haru）",-20.834,-49.247,"장덕춘_",-14.762,-64.036,"bdg06213",22.935,-55.819,"Pugeuk",9.334,-64.635,"Apple_Sherbet",40.091,-88.59,"Oort__Cloud",-0.841,-105.877,"卯月満開",-40.366,-88.609,4392.269,0.493,-20.519,4394.019,4,"bdg06213",21.244,-51.696,0,0,0,0,0,0,0,2
73,4,0,1,1,0,0,1,0,0,0,255,255,255,38,4421.755,"Azuner",R,13,111,-0.235,-0.959,0.192,1.287,-36.568,1,0,-362.664,344.202,14.142,0,0,0,2,4,R,"にゃんこ3K",190,99.745,0.6,0,59,0,0,0,0,0,0,0,0,0,0,0,0,0,0,0,0,0.095,-37.786,"HalF_HearteD",0.131,-16.754,"하루（Haru）",-20.935,-46.986,"장덕춘_",-14.476,-63.716,"bdg06213",23.461,-53.613,"Pugeuk",9.941,-64.34,"Apple_Sherbet",40.541,-84.768,"Oort__Cloud",1.227,-108.233,"卯月満開",-40.227,-91.69,0,0,0,0,0,"",0,0,0,0,0,0,0,0,0,0
74,4,0,1,1,1,0,1,0,0,0,255,255,255,39,4440.005,"Azuner",R,0,138,-0.03,0.32,-0.003,1.402,-36.351,0,0,0,0,0,0,0,0,2,4,R,"にゃんこ3K",190,99.745,0.6,0,59,0,0,0,0,0,0,0,0,0,0,0,0,0,0,0,0,-0.065,-38.103,"HalF_HearteD",0.139,-16.727,"하루（Haru）",-20.387,-47.904,"장덕춘_",-14.469,-63.716,"bdg06213",23.385,-53.615,"Pugeuk",9.805,-64.366,"Apple_Sherbet",40.538,-84.908,"Oort__Cloud",-0.505,-108.856,"卯月満開",-40.238,-91.723,0,0,0,0,0,"",0,0,0,0,0,0,0,0,0,0
75,4,0,1,1,1,1,1,0,0,0,255,255,255,40,4458.821,"Azuner",R,3,131,-4.648,-1.208,-0.329,1.107,-36.415,1,0,-311.059,0,6.418,0,0,0,2,4,R,"にゃんこ3K",190,99.745,0.6,0,59,0,0,0,0,0,0,0,0,0,0,0,0,0,0,0,0,-0.079,-37.375,"HalF_HearteD",0.084,-16.803,"하루（Haru）",-22.014,-46.117,"장덕춘_",-14.485,-63.708,"bdg06213",23.426,-53.647,"Pugeuk",5.853,-63.864,"Apple_Sherbet",40.639,-85.116,"Oort__Cloud",-0.497,-108.852,"卯月満開",-38.93,-93.062,0,0,0,0,0,"",0,0,0,0,0,0,0,0,0,0
76,4,0,1,1,2,1,1,0,0,0,255,255,255,41,4478.6,"Azuner",R,14,115,-1.082,-1.307,-0.239,1.209,-36.425,1,0,380.433,324.454,27.996,0,0,0,2,4,R,"にゃんこ3K",190,99.745,0.6,0,59,0,0,0,0,0,0,0,0,0,0,0,0,0,0,0,0,-0.067,-37.344,"HalF_HearteD",-0.116,-16.646,"하루（Haru）",-20.649,-46.111,"장덕춘_",-14.438,-63.753,"bdg06213",23.385,-53.72,"Pugeuk",9.206,-63.328,"Apple_Sherbet",40.568,-85.222,"Oort__Cloud",-3.036,-108.812,"卯月満開",-39.737,-92.397,0,0,0,0,0,"",0,0,0,0,0,0,0,0,0,0
77,4,0,1,1,3,1,1,0,0,0,255,255,255,42,4498.298,"Azuner",R,3,119,1.237,-0.224,0.239,1.3,-36.322,2,0,-340.347,0,7.145,0,0,1,2,4,R,"にゃんこ3K",190,99.745,0.6,3,59,4499.339,230,118,39,122,155,96,36.154,21.444,-0.49,-0.04,-0.143,0.381,0,0,0,-0.02,-37.225,"HalF_HearteD",0.137,-16.962,"하루（Haru）",-20.344,-47.202,"장덕춘_",-14.392,-63.737,"bdg06213",23.429,-53.754,"Pugeuk",9.732,-68.299,"Apple_Sherbet",40.634,-85.026,"Oort__Cloud",-2.575,-109.11,"卯月満開",-37.785,-88.39,4504.402,-36.637,-88.53,4504.652,8,"卯月満開",-35.656,-86.822,0,0,0,0,0,0,0,1
78,4,0,1,1,0,0,2,0,0,0,255,255,255,43,4532.114,"Azuner",R,23,129,-2.671,-2.077,-0.22,0.976,-36.535,1,0,-85.552,114.701,13.963,-0.544,-18.585,0,3,1,R,"ゆっち一",190,100,0.38,0,59,0,0,0,0,0,0,0,0,0,0,0,0,0,0,0,0,0.055,-37.695,"HalF_HearteD",-0.168,-16.74,"하루（Haru）",-21.066,-46.439,"장덕춘_",-14.697,-63.847,"bdg06213",22.45,-54.374,"Pugeuk",7.919,-65.773,"Apple_Sherbet",42.024,-88.57,"Oort__Cloud",-0.553,-110.485,"卯月満開",-39.199,-91.127,0,0,0,0,0,"",0,0,0,0,0,0,0,0,0,0
79,4,0,1,1,1,0,2,0,0,0,255,255,255,44,4546.634,"Azuner",R,13,109,-2.373,-1.12,-0.093,1.217,-36.557,4,0,-382.929,317.274,30.224,-0.813,-17.32,1,3,1,R,"ゆっち一",190,100,0.38,0,59,0,0,0,0,0,0,0,0,0,0,0,0,0,0,0,0,-0.018,-37.543,"HalF_HearteD",-0.194,-16.801,"하루（Haru）",-20.143,-45.542,"장덕춘_",-14.723,-63.853,"bdg06213",22.97,-54.18,"Pugeuk",7.781,-66.194,"Apple_Sherbet",42.414,-88.421,"Oort__Cloud",-0.449,-110.399,"卯月満開",-40.026,-92.981,0,0,0,0,0,"",0,0,0,0,0,0,0,0,0,0
80,4,0,1,1,1,1,2,0,0,0,255,255,255,45,4564.75,"Azuner",R,0,138,-1.278,0.342,-0.119,1.406,-36.335,0,0,0,0,0,0,0,1,3,1,R,"ゆっち一",190,100,0.38,0,72,0,0,0,0,0,0,0,0,0,0,0,0,0,0,0,0,0.002,-37.822,"HalF_HearteD",-0.034,-16.854,"하루（Haru）",-20.412,-45.67,"장덕춘_",-14.65,-63.798,"bdg06213",23.138,-53.805,"Pugeuk",7.823,-66.301,"Apple_Sherbet",42.118,-88.61,"Oort__Cloud",-0.324,-110.412,"卯月満開",-38.255,-90.472,0,0,0,0,0,"",0,0,0,0,0,0,0,0,0,0
81,4,0,1,1,1,2,2,0,0,0,255,255,255,46,4583.828,"Azuner",R,3,124,-3.817,-0.969,-0.181,1.152,-36.293,1,0,-500,0,5.101,0,0,0,3,1,R,"ゆっち一",190,100,0.38,0,72,0,0,0,0,0,0,0,0,0,0,0,0,0,0,0,0,0.02,-37.914,"HalF_HearteD",-0.038,-16.868,"하루（Haru）",-19.982,-45.19,"장덕춘_",-14.699,-63.79,"bdg06213",23.137,-53.528,"Pugeuk",7.74,-66.179,"Apple_Sherbet",42.412,-88.838,"Oort__Cloud",-0.263,-110.226,"卯月満開",-38.421,-90.438,0,0,0,0,0,"",0,0,0,0,0,0,0,0,0,0
82,4,0,1,1,2,2,2,0,0,0,255,255,255,47,4603.618,"Azuner",R,0,123,2.138,0.541,0.166,1.451,-36.38,2,0,0,0,8.77,0,0,1,3,1,R,"ゆっち一",190,100,0.38,3,72,4604.65,158,139,54,197,148,129,-30,12.82,0.31,-0.056,-0.17,0.48,0,0,0,-0.096,-37.349,"HalF_HearteD",0.159,-17.134,"하루（Haru）",-20.409,-47.227,"장덕춘_",-14.56,-63.767,"bdg06213",22.818,-54.807,"Pugeuk",7.849,-66.159,"Apple_Sherbet",42.383,-89.93,"Oort__Cloud",-0.795,-110.001,"卯月満開",-38.386,-91.143,4604.752,-0.419,-22.355,4608.802,7,"Oort__Cloud",-3.052,-94.751,1,0,0,0,0,0,0,2
83,4,0,1,1,0,0,2,1,0,0,10,255,255,0,4858.105,"하루（Haru）",R,33,140,0.495,0.848,0.002,1.936,-36.439,0,0,146.345,-138.681,10.821,0,0,0,4,8,R,"あくせる",175.1,107,0.28,0,59,0,0,0,0,0,0,0,0,0,0,0,0,0,0,0,0,-0.538,-37.265,"HalF_HearteD",-0.006,-16.756,"Azuner",-21.469,-47.155,"장덕춘_",-14.504,-63.719,"bdg06213",22.331,-55.015,"Pugeuk",6.319,-65.436,"Apple_Sherbet",39.409,-84.935,"Oort__Cloud",-0.773,-105.71,"卯月満開",-41.754,-92.187,0,0,0,0,0,"",0,0,0,0,0,0,0,0,0,0
84,4,0,1,1,0,1,2,1,0,0,10,255,255,1,4877.104,"하루（Haru）",R,3,107,2.261,-0.281,0.367,1.791,-36.54,1,0,-354.209,0,9.024,0,0,0,4,8,R,"あくせる",175.1,107,0.28,0,59,0,0,0,0,0,0,0,0,0,0,0,0,0,0,0,0,-0.157,-37.079,"HalF_HearteD",0.062,-16.767,"Azuner",-20.643,-46.143,"장덕춘_",-14.559,-63.627,"bdg06213",21.288,-54.478,"Pugeuk",3.167,-64.399,"Apple_Sherbet",40.548,-84.863,"Oort__Cloud",-0.637,-105.702,"卯月満開",-41.67,-92.225,0,0,0,0,0,"",0,0,0,0,0,0,0,0,0,0
85,4,0,1,1,1,1,2,1,0,0,10,255,255,2,4896.563,"하루（Haru）",R,0,95,-0.064,-0.944,0.067,1.735,-36.767,2,0,0,6.387,-12.04,0,0,1,4,8,R,"あくせる",175.1,107,0.28,3,59,4897.827,197,117,50,151,155,98,-14.158,-32.222,0.94,-0.004,-0.117,0.316,0,0,0,-0.149,-37.108,"HalF_HearteD",-0.001,-16.971,"Azuner",-20.266,-45.327,"장덕춘_",-14.513,-63.603,"bdg06213",21.589,-54.194,"Pugeuk",8.494,-65.264,"Apple_Sherbet",41.669,-86.067,"Oort__Cloud",-0.616,-105.589,"卯月満開",-41.265,-90.796,4898.002,1.478,-23.011,4899.802,4,"bdg06213",18.507,-50.475,0,0,0,0,0,0,0,2
86,5,1,1,1,0,0,0,0,0,0,255,255,255,34,4967.773,"559：広告",R,33,140,2.07,1.16,0.162,1.942,-36.567,1,0,114.876,-103.828,5.169,0,0,0,5,3,R,"장덕춘_",160,99.815,0.549,0,59,0,0,0,0,0,0,0,0,0,0,0,0,0,0,0,0,-0.186,-37.865,"ゆっち一",0.001,-16.687,"CAT tourniquet",-21.865,-49.158,"mochi_2929",-10.95,-62.331,"にゃんこ3K",21.777,-53.622,"檸檬の残骸",11.609,-62.667,"sano jpn",28.762,-87.136,"alcohol500",-2.596,-100.292,"あくせる",-37.351,-77.499,0,0,0,0,0,"",0,0,0,0,0,0,0,0,0,0
87,5,1,1,1,1,0,0,0,0,0,255,255,255,35,4987.224,"559：広告",R,10,110,0.346,-2.651,0.036,2.049,-36.877,1,0,-8.601,400,11.375,-0.028,-17.252,0,5,3,R,"장덕춘_",160,99.815,0.549,0,59,0,0,0,0,0,0,0,0,0,0,0,0,0,0,0,0,-0.109,-37.68,"ゆっち一",0.067,-17.172,"CAT tourniquet",-21.751,-49.251,"mochi_2929",-11.936,-62.125,"にゃんこ3K",21.801,-53.733,"檸檬の残骸",11.934,-62.861,"sano jpn",28.83,-87.509,"alcohol500",-2.121,-100.763,"あくせる",-37.343,-77.489,0,0,0,0,0,"",0,0,0,0,0,0,0,0,0,0
88,5,1,1,1,2,0,0,0,0,0,255,255,255,36,5004.3,"559：広告",R,33,139,1.132,0.703,0.079,1.88,-36.597,2,0,105.443,-91.544,0.306,0,0,1,5,3,R,"장덕춘_",160,99.815,0.549,3,59,5005.138,150,122,84,166,146,83,29.97,-37.361,-0.13,-0.106,-0.035,0.127,0,0,0,-0.384,-37.17,"ゆっち一",-0.017,-16.684,"CAT tourniquet",-21.576,-49.161,"mochi_2929",-11.555,-62.724,"にゃんこ3K",21.747,-53.595,"檸檬の残骸",12.084,-62.912,"sano jpn",28.618,-87.73,"alcohol500",-2.161,-100.832,"あくせる",-37.208,-77.423,5009.402,35.328,-75.072,5009.519,6,"sano jpn",34.053,-73.013,0,0,0,0,0,0,0,1
89,5,1,1,1,0,0,1,0,0,0,255,255,255,37,5042.367,"559：広告",R,3,108,-0.907,-0.172,0.136,1.769,-36.892,0,0,-370.612,0,-6.605,0,0,0,6,8,R,"卯月満開",171.3,89.902,0.2,0,59,0,0,0,0,0,0,0,0,0,0,0,0,0,0,0,0,-0.275,-37.46,"ゆっち一",-0.099,-16.61,"CAT tourniquet",-21.407,-47.807,"mochi_2929",-11.49,-62.609,"にゃんこ3K",21.609,-53.132,"檸檬の残骸",13.448,-61.644,"sano jpn",32.223,-88.538,"alcohol500",-3.311,-96.781,"あくせる",-36.407,-78.158,0,0,0,0,0,"",0,0,0,0,0,0,0,0,0,0
90,5,1,1,1,0,1,1,0,0,0,255,255,255,38,5057.741,"559：広告",R,10,119,0.48,-2.787,0.045,2.018,-36.748,1,0,-0.16,386.979,-0.157,0,0,0,6,8,R,"卯月満開",171.3,89.902,0.2,0,59,0,0,0,0,0,0,0,0,0,0,0,0,0,0,0,0,-0.244,-38.093,"ゆっち一",-0.003,-16.775,"CAT tourniquet",-21.681,-48.31,"mochi_2929",-11.45,-62.596,"にゃんこ3K",21.653,-53.056,"檸檬の残骸",13.079,-61.81,"sano jpn",32.203,-88.554,"alcohol500",-2.761,-96.916,"あくせる",-36.412,-78.026,0,0,0,0,0,"",0,0,0,0,0,0,0,0,0,0
91,5,1,1,1,1,1,1,0,0,0,255,255,255,39,5075.502,"559：広告",R,32,139,1.929,0.624,0.132,1.864,-36.577,2,0,167.563,-167.269,8.494,0,0,1,6,8,R,"卯月満開",171.3,89.902,0.2,2,59,5076.305,164,71,12,127,137,125,-23.727,5.588,0.54,-0.064,-0.016,0,0,0,0,0.091,-37.295,"ゆっち一",0.015,-16.599,"CAT tourniquet",-21.392,-48.113,"mochi_2929",-11.662,-63.248,"にゃんこ3K",21.529,-53.034,"檸檬の残骸",13.57,-62.552,"sano jpn",32.218,-88.558,"alcohol500",-2.902,-97.509,"あくせる",-36.401,-78.028,5076.453,0.229,-20.1,5079.569,7,"alcohol500",-7.225,-91.039,1,0,0,0,0,0,0,2
92,5,1,1,1,0,0,1,1,0,0,8,255,255,40,5111.763,"559：広告",R,4,132,0.121,-0.766,0.07,1.705,-36.492,0,0,-161.223,0,0.659,0,0,0,7,7,R,"Oort__Cloud",160,90.395,0.2,0,59,0,0,0,0,0,0,0,0,0,0,0,0,0,0,0,0,-0.242,-38.087,"ゆっち一",-0.033,-16.611,"CAT tourniquet",-19.385,-43.243,"mochi_2929",-11.322,-61.207,"にゃんこ3K",18.909,-47.666,"檸檬の残骸",5.129,-61.522,"sano jpn",33.844,-87.408,"alcohol500",-3.605,-99.199,"あくせる",-35.187,-76.793,0,0,0,0,0,"",0,0,0,0,0,0,0,0,0,0
93,5,1,1,1,0,1,1,1,0,0,8,255,255,41,5148.205,"559：広告",R,27,138,-1.115,-1.413,-0.128,1.587,-36.377,2,0,99.594,-106.513,4,0,0,1,7,7,R,"Oort__Cloud",160,90.395,0.2,2,59,5149.291,198,135,34,238,155,78,-5.721,25.732,0.97,-0.103,-0.05,0.515,0,0,0,-0.261,-37.288,"ゆっち一",-0.011,-16.558,"CAT tourniquet",-20.201,-45.887,"mochi_2929",-11.245,-62.017,"にゃんこ3K",18.449,-47.006,"檸檬の残骸",9.444,-61.176,"sano jpn",34.12,-87.322,"alcohol500",-3.83,-98.528,"あくせる",-36.927,-78.999,5149.519,-1.815,-23.682,5152.053,3,"mochi_2929",-16.085,-56.22,1,0,0,0,0,0,0,2
94,5,1,1,1,0,0,2,1,0,0,255,255,255,42,5186.72,"559：広告",R,13,126,-4.531,-2.106,-0.305,1.588,-36.427,1,1,-319.431,348.603,5.647,-0.916,-19.184,0,8,1,R,"HalF_HearteD",175.2,107,0.503,0,59,0,0,0,0,0,0,0,0,0,0,0,0,0,0,0,0,-0.123,-37.722,"ゆっち一",-0.378,-16.608,"CAT tourniquet",-20.859,-46.795,"mochi_2929",-11.267,-62.452,"にゃんこ3K",21.495,-50.535,"檸檬の残骸",6.466,-63.284,"sano jpn",36.191,-90.134,"alcohol500",-4.614,-97.489,"あくせる",-36.747,-78.78,0,0,0,0,0,"",0,0,0,0,0,0,0,0,0,0
95,5,1,1,1,1,0,2,0,1,0,255,255,255,43,5249.841,"559：広告",R,26,131,1.046,0.977,0.054,1.928,-36.556,2,0,141.76,-151.926,1.237,0,0,1,8,1,R,"HalF_HearteD",175.2,107,0.503,3,59,5250.84,218,102,12,195,143,86,95.751,-69.686,-0.17,0.013,-0.043,0.342,0,0,0,-0.117,-37.337,"ゆっち一",-0.067,-16.38,"CAT tourniquet",-20.653,-48.914,"mochi_2929",-10.717,-62.062,"にゃんこ3K",20.398,-48.056,"檸檬の残骸",6.891,-63.151,"sano jpn",31.723,-87.723,"alcohol500",-3.054,-100.133,"あくせる",-36.713,-78.955,5257.252,-22.636,-6.826,0,0,"",0,0,0,0,0,0,0,0,0,3
96,5,1,1,1,1,1,2,0,1,0,255,255,255,44,5275.165,"559：広告",R,3,124,-1.786,-0.878,-0.035,1.666,-36.545,1,0,-344.752,0,0.781,0,0,0,8,1,R,"HalF_HearteD",175.2,107,0.503,0,35,0,0,0,0,0,0,0,0,0,0,0,0,0,0,0,0,-0.393,-37.375,"ゆっち一",-0.331,-16.273,"CAT tourniquet",-20.944,-49.004,"mochi_2929",-11.888,-61.883,"にゃんこ3K",20.819,-48.152,"檸檬の残骸",1.547,-60.468,"sano jpn",26.13,-79.717,"alcohol500",-4.55,-96.362,"あくせる",-35.403,-78.525,0,0,0,0,0,"",0,0,0,0,0,0,0,0,0,0
97,5,1,1,1,1,2,2,0,1,0,255,255,255,45,5294.626,"559：広告",R,13,122,-3.178,-1.674,-0.158,1.665,-36.474,4,0,-359.373,347.637,9.309,-0.994,-16.781,1,8,1,R,"HalF_HearteD",175.2,107,0.503,0,35,0,0,0,0,0,0,0,0,0,0,0,0,0,0,0,0,-0.353,-37.395,"ゆっち一",-1.293,-16.62,"CAT tourniquet",-21.069,-49.089,"mochi_2929",-10.789,-62.304,"にゃんこ3K",20.026,-47.105,"檸檬の残骸",1.179,-59.362,"sano jpn",28.01,-81.854,"alcohol500",-4.462,-96.393,"あくせる",-35.22,-77.686,0,0,0,0,0,"",0,0,0,0,0,0,0,0,0,0
98,5,0,1,1,0,0,0,0,0,0,255,255,255,3,5347.979,"하루（Haru）",R,27,140,0.092,0.074,-0.021,1.811,-36.441,0,0,98.948,-117.425,8.284,0,0,0,5,5,L,"檸檬の残骸",160,107,0.502,0,31,0,0,0,0,0,0,0,0,0,0,0,0,0,0,0,0,-0.027,-37.518,"HalF_HearteD",0.055,-16.878,"Azuner",-19.241,-44.482,"장덕춘_",-14.554,-63.855,"bdg06213",22.608,-54.607,"Pugeuk",10.515,-63.616,"Apple_Sherbet",40.763,-86.248,"Oort__Cloud",0.236,-111.061,"卯月満開",-38.046,-87.824,0,0,0,0,0,"",0,0,0,0,0,0,0,0,0,0
99,5,0,1,1,0,1,0,0,0,0,255,255,255,4,5363.456,"하루（Haru）",R,3,114,-0.879,-0.16,0.051,1.862,-36.419,2,0,-452.039,0,15.529,0,0,1,5,5,L,"檸檬の残骸",160,107,0.502,2,31,5364.641,123,60,28,72,131,72,-5.303,-11.338,-0.47,-0.066,-0.12,0.248,0,0,0,-0.266,-37.046,"HalF_HearteD",0.008,-17.107,"Azuner",-19.311,-44.503,"장덕춘_",-14.429,-63.806,"bdg06213",22.514,-54.198,"Pugeuk",10.641,-63.65,"Apple_Sherbet",40.758,-86.439,"Oort__Cloud",0.31,-111.054,"卯月満開",-37.987,-87.73,5365.002,1.015,-26.46,5367.236,5,"Pugeuk",6.735,-54.497,0,0,0,0,0,0,0,2
100,5,0,1,1,0,0,1,0,0,0,255,255,255,5,5398.861,"하루（Haru）",R,27,140,-0.924,-0.568,-0.111,1.696,-36.289,0,0,84.469,-109.025,5.775,0,0,0,6,2,L,"CAT tourniquet",190,95.214,0.357,0,59,0,0,0,0,0,0,0,0,0,0,0,0,0,0,0,0,-0.052,-37.551,"HalF_HearteD",0.078,-16.851,"Azuner",-19.846,-44.988,"장덕춘_",-14.4,-63.638,"bdg06213",22.801,-55.317,"Pugeuk",11.802,-63.775,"Apple_Sherbet",39.296,-85.105,"Oort__Cloud",-0.632,-108.888,"卯月満開",-40.65,-89.887,0,0,0,0,0,"",0,0,0,0,0,0,0,0,0,0
101,5,0,1,1,0,1,1,0,0,0,255,255,255,6,5415.207,"하루（Haru）",R,3,112,-0.226,-0.016,0.115,1.83,-36.504,2,0,-347.558,0,10.579,0,0,1,6,2,L,"CAT tourniquet",190,95.214,0.357,3,59,5416.225,185,152,45,235,155,130,114.29,16.739,0.35,-0.005,-0.005,0.333,0,0,0,-0.42,-36.834,"HalF_HearteD",0.045,-17.106,"Azuner",-19.801,-44.953,"장덕춘_",-14.232,-63.57,"bdg06213",23.024,-55.946,"Pugeuk",11.972,-63.762,"Apple_Sherbet",39.913,-85.184,"Oort__Cloud",-0.721,-108.961,"卯月満開",-40.638,-89.884,0,0,0,0,0,"",0,0,0,0,0,0,0,0,0,3
102,5,0,1,1,0,2,1,0,0,0,255,255,255,7,5437.098,"하루（Haru）",R,4,107,-2.839,-0.546,-0.066,1.803,-36.559,4,0,-233.452,0,17.393,-0.488,-20.829,1,6,2,L,"CAT tourniquet",190,95.214,0.357,0,59,0,0,0,0,0,0,0,0,0,0,0,0,0,0,0,0,-0.468,-36.314,"HalF_HearteD",-0.084,-18.092,"Azuner",-19.924,-45.11,"장덕춘_",-14.179,-63.596,"bdg06213",22.912,-55.765,"Pugeuk",12.173,-61.643,"Apple_Sherbet",40.459,-84.839,"Oort__Cloud",0.345,-107.577,"卯月満開",-40.297,-90.593,0,0,0,0,0,"",0,0,0,0,0,0,0,0,0,0
103,5,0,1,1,0,0,2,0,0,0,255,255,255,8,5474.335,"하루（Haru）",R,27,140,0.085,0.014,-0.021,1.803,-36.364,0,0,98.938,-121.204,9.086,0,0,0,7,7,L,"alcohol500",171.7,94.494,0.349,0,59,0,0,0,0,0,0,0,0,0,0,0,0,0,0,0,0,0.055,-37.525,"HalF_HearteD",0.084,-16.72,"Azuner",-20.219,-45.224,"장덕춘_",-14.053,-63.887,"bdg06213",23.828,-54.817,"Pugeuk",11.565,-64.119,"Apple_Sherbet",40.461,-84.465,"Oort__Cloud",-0.097,-108.049,"卯月満開",-40.857,-91.86,0,0,0,0,0,"",0,0,0,0,0,0,0,0,0,0
104,5,0,1,1,0,1,2,0,0,0,255,255,255,9,5489.126,"하루（Haru）",R,33,140,-0.271,0.3,-0.06,1.85,-36.426,2,0,120.863,-114.413,12.266,0,0,1,7,7,L,"alcohol500",171.7,94.494,0.349,3,59,5490.15,152,97,9,159,141,87,113.999,47.442,0.01,-0.007,-0.055,0.286,0,0,0,-0.216,-37.127,"HalF_HearteD",-0.066,-17.082,"Azuner",-20.19,-45.198,"장덕춘_",-13.935,-63.825,"bdg06213",22.915,-55.279,"Pugeuk",11.719,-64.129,"Apple_Sherbet",40.455,-84.891,"Oort__Cloud",-0.12,-108.047,"卯月満開",-34.678,-85.317,0,0,0,0,0,"",0,0,0,0,0,0,0,0,0,3
105,5,0,1,1,0,2,2,0,0,0,255,255,255,10,5508.241,"하루（Haru）",R,27,140,1.348,2.154,0.093,2.14,-36.508,4,0,105.462,-124.057,8.906,0,0,1,7,7,L,"alcohol500",171.7,94.494,0.349,0,41,0,0,0,0,0,0,0,0,0,0,0,0,0,0,0,0,-0.432,-37.263,"HalF_HearteD",0.067,-16.62,"Azuner",-20.109,-45.203,"장덕춘_",-13.954,-64.051,"bdg06213",23.471,-53.111,"Pugeuk",10.916,-63.178,"Apple_Sherbet",42.017,-84.057,"Oort__Cloud",-0.21,-108.328,"卯月満開",-36.018,-86.432,0,0,0,0,0,"",0,0,0,0,0,0,0,0,0,0
106,6,1,1,1,0,0,0,0,0,0,255,255,255,46,5619.933,"559：広告",R,13,117,-2.587,-1.78,-0.08,1.614,-36.592,1,0,-413.265,281.446,12.128,-0.8,-17.34,0,0,6,R,"Apple_Sherbet",179,88.926,0.272,0,94,0,0,0,0,0,0,0,0,0,0,0,0,0,0,0,0,-0.388,-37.861,"ゆっち一",-0.602,-17.213,"CAT tourniquet",-21.46,-47.355,"mochi_2929",-12.786,-61.309,"にゃんこ3K",21.61,-52.947,"檸檬の残骸",11.726,-60.427,"sano jpn",27.669,-85.111,"alcohol500",-3.329,-98.798,"あくせる",-36.556,-79.488,0,0,0,0,0,"",0,0,0,0,0,0,0,0,0,0
107,6,1,1,1,1,0,0,0,0,0,255,255,255,47,5634.988,"559：広告",R,3,128,-1.605,-0.907,-0.006,1.655,-36.599,1,0,-404.694,0,0.44,0,0,0,0,6,R,"Apple_Sherbet",179,88.926,0.272,0,94,0,0,0,0,0,0,0,0,0,0,0,0,0,0,0,0,-0.449,-37.189,"ゆっち一",-0.228,-16.362,"CAT tourniquet",-21.703,-48.527,"mochi_2929",-12.538,-62.173,"にゃんこ3K",21.599,-52.938,"檸檬の残骸",10.722,-61.739,"sano jpn",27.907,-85.582,"alcohol500",-1.937,-97.61,"あくせる",-36.463,-79.706,0,0,0,0,0,"",0,0,0,0,0,0,0,0,0,0
108,6,1,1,1,2,0,0,0,0,0,255,255,255,48,5650.122,"559：広告",R,3,108,0.945,-0.037,0.385,1.8,-36.817,0,0,-372.565,0,-1.847,0,0,0,0,6,R,"Apple_Sherbet",179,88.926,0.272,0,94,0,0,0,0,0,0,0,0,0,0,0,0,0,0,0,0,-0.081,-37.549,"ゆっち一",-0.089,-16.357,"CAT tourniquet",-21.681,-48.559,"mochi_2929",-12.491,-63.1,"にゃんこ3K",21.601,-52.997,"檸檬の残骸",11.355,-61.538,"sano jpn",28.942,-88.377,"alcohol500",-3.227,-98.22,"あくせる",-36.489,-79.416,0,0,0,0,0,"",0,0,0,0,0,0,0,0,0,0
109,6,1,1,1,2,1,0,0,0,0,255,255,255,49,5667.458,"559：広告",R,28,137,-0.451,1.071,-0.062,1.971,-36.485,2,0,82.844,-93.502,5.874,0,0,1,0,6,R,"Apple_Sherbet",179,88.926,0.272,3,94,5668.4,199,123,15,217,149,92,33.827,32.113,-0.05,-0.046,-0.035,0.292,0,0,0,-0.379,-37.11,"ゆっち一",-0.05,-16.475,"CAT tourniquet",-21.649,-48.592,"mochi_2929",-11.834,-62.196,"にゃんこ3K",21.627,-52.777,"檸檬の残骸",12.734,-61.489,"sano jpn",28.949,-88.38,"alcohol500",-2.734,-97.859,"あくせる",-36.505,-79.512,5673.152,-45.63,-79.062,5673.236,8,"あくせる",-43.952,-77.008,0,0,0,0,0,0,0,1
110,6,1,1,1,0,0,1,0,0,0,255,255,255,50,5709.761,"559：広告",R,0,126,-1.424,0.603,-0.139,1.9,-36.414,0,0,34.543,-41.595,4.564,0,0,1,1,9,R,"TaeGeuk_",177.3,88.947,0.465,0,66,0,0,0,0,0,0,0,0,0,0,0,0,0,0,0,0,-0.089,-37.369,"ゆっち一",-0.102,-16.405,"CAT tourniquet",-21.613,-47.841,"mochi_2929",-12.333,-63.193,"にゃんこ3K",21.791,-53.433,"檸檬の残骸",12.536,-62.539,"sano jpn",32.165,-90.895,"alcohol500",-3.365,-100.044,"あくせる",-37.01,-77.327,0,0,0,0,0,"",0,0,0,0,0,0,0,0,0,0
111,6,1,1,1,0,1,1,0,0,0,255,255,255,51,5727.759,"559：広告",R,3,98,-0.777,-0.691,0.248,1.642,-36.853,0,0,-445.455,0,14.504,0,0,1,1,9,R,"TaeGeuk_",177.3,88.947,0.465,0,66,0,0,0,0,0,0,0,0,0,0,0,0,0,0,0,0,-0.284,-37.579,"ゆっち一",-0.772,-16.552,"CAT tourniquet",-21.252,-47.194,"mochi_2929",-11.749,-63.424,"にゃんこ3K",21.724,-53.683,"檸檬の残骸",8.975,-63.197,"sano jpn",32.424,-90.733,"alcohol500",-2.381,-100.633,"あくせる",-36.964,-77.393,0,0,0,0,0,"",0,0,0,0,0,0,0,0,0,0
112,6,1,1,1,0,2,1,0,0,0,255,255,255,52,5745.468,"559：広告",R,10,122,-0.37,-2.651,-0.034,1.938,-36.626,1,0,0,400,7.662,-0.068,-20.381,0,1,9,R,"TaeGeuk_",177.3,88.947,0.465,0,66,0,0,0,0,0,0,0,0,0,0,0,0,0,0,0,0,-0.218,-37.525,"ゆっち一",-0.09,-16.587,"CAT tourniquet",-21.77,-47.824,"mochi_2929",-12.229,-63.943,"にゃんこ3K",21.777,-53.689,"檸檬の残骸",6.971,-63.161,"sano jpn",32.169,-90.863,"alcohol500",-3.315,-98.835,"あくせる",-37.501,-76.367,0,0,0,0,0,"",0,0,0,0,0,0,0,0,0,0
113,6,1,1,1,1,2,1,0,0,0,255,255,255,53,5762.876,"559：広告",R,10,123,-0.394,-2.125,0.016,2.019,-36.61,1,0,-143.966,400,8.762,0.038,-17.066,0,1,9,R,"TaeGeuk_",177.3,88.947,0.465,0,66,0,0,0,0,0,0,0,0,0,0,0,0,0,0,0,0,-0.192,-37.951,"ゆっち一",-0.047,-16.802,"CAT tourniquet",-21.505,-47.356,"mochi_2929",-12.321,-64.206,"にゃんこ3K",21.756,-53.668,"檸檬の残骸",11.677,-62.125,"sano jpn",31.239,-94.614,"alcohol500",-3.363,-99.285,"あくせる",-37.085,-79.384,0,0,0,0,0,"",0,0,0,0,0,0,0,0,0,0
114,6,1,1,1,2,2,1,0,0,0,255,255,255,54,5780.392,"559：広告",R,3,107,-0.011,0.203,0.245,1.935,-36.719,2,0,-360.241,108.622,2.438,0,0,1,1,9,R,"TaeGeuk_",177.3,88.947,0.465,3,66,5781.317,200,94,42,86,145,89,-6.252,28.526,-0.1,-0.062,-0.001,0.164,0,0,0,-0.514,-36.765,"ゆっち一",0.059,-16.614,"CAT tourniquet",-21.535,-48.16,"mochi_2929",-12.795,-63.663,"にゃんこ3K",21.695,-53.698,"檸檬の残骸",11.957,-62.366,"sano jpn",31.676,-91.504,"alcohol500",-2.01,-99.538,"あくせる",-37.076,-79.333,5781.669,-3.44,-26.08,5784.203,3,"mochi_2929",-21.996,-59.993,1,0,0,0,0,0,0,2
115,6,1,1,1,0,0,1,1,0,0,0,255,255,55,5817.77,"559：広告",R,5,109,1.752,-0.704,0.084,1.711,-36.925,1,0,-139.539,0,1.142,0,0,0,2,2,L,"Azuner",190,86,0.398,0,59,0,0,0,0,0,0,0,0,0,0,0,0,0,0,0,0,-0.177,-37.887,"ゆっち一",0.046,-16.561,"CAT tourniquet",-20.324,-46.601,"mochi_2929",-7.429,-61.713,"にゃんこ3K",19.474,-44.837,"檸檬の残骸",12.232,-61.766,"sano jpn",45.69,-93.825,"alcohol500",4.535,-95.973,"あくせる",-26.579,-82.338,0,0,0,0,0,"",0,0,0,0,0,0,0,0,0,0
116,6,1,1,1,1,0,1,1,0,0,0,255,255,56,5831.771,"559：広告",R,28,127,0.254,1.557,-0.005,2.061,-36.921,4,0,90.501,-97.394,3.2,0,0,1,2,2,L,"Azuner",190,86,0.398,0,59,0,0,0,0,0,0,0,0,0,0,0,0,0,0,0,0,-2.813,-37.47,"ゆっち一",0.853,-20.119,"CAT tourniquet",-19.005,-44.072,"mochi_2929",0.587,-59.376,"にゃんこ3K",19.85,-44.851,"檸檬の残骸",10.267,-61.183,"sano jpn",45.065,-92.87,"alcohol500",4.174,-92.889,"あくせる",-26.645,-83.423,0,0,0,0,0,"",0,0,0,2,0,0,0,0,0,0
117,6,1,1,1,1,1,2,0,0,0,255,255,255,57,5869.728,"559：広告",R,10,108,-0.946,-1.472,-0.1,1.703,-36.581,2,0,39.803,400,-4.913,0,0,1,2,2,L,"Azuner",190,86,0.398,3,59,5870.907,139,145,71,192,144,130,-5.209,31.791,0.64,-0.003,-0.118,0.269,0,0,0,-0.26,-37.247,"ゆっち一",0.041,-16.482,"CAT tourniquet",-20.397,-49.339,"mochi_2929",-11.289,-63.79,"にゃんこ3K",23.97,-50.33,"檸檬の残骸",12.073,-60.289,"sano jpn",46.421,-98.313,"alcohol500",3.308,-98.84,"あくせる",-26.606,-85.962,5871.086,-1.667,-23.246,5877.236,8,"あくせる",-36.517,-99.598,1,0,0,0,0,0,0,2
118,6,1,1,1,0,0,2,1,0,0,2,255,255,58,5948.528,"559：広告",R,34,130,4.114,0.876,0.346,1.979,-36.763,4,0,56.482,-49.888,2.116,0.086,-20.826,1,3,4,R,"bdg06213",190,106.549,0.504,0,59,0,0,0,0,0,0,0,0,0,0,0,0,0,0,0,0,0.137,-37.387,"ゆっち一",0.011,-17.681,"CAT tourniquet",-19.708,-45.899,"mochi_2929",-12.288,-62.274,"にゃんこ3K",21.267,-50.741,"檸檬の残骸",9.382,-63.265,"sano jpn",29.032,-87.498,"alcohol500",-2.134,-96.862,"あくせる",-38.766,-78.939,0,0,0,0,0,"",0,0,0,0,0,0,0,0,0,0
119,6,1,1,1,0,1,2,1,0,0,2,255,255,59,5971.983,"559：広告",R,34,136,-0.867,0.202,-0.106,1.831,-36.44,2,0,99.859,-73.902,10.931,0,0,1,3,4,R,"bdg06213",190,106.549,0.504,3,45,5973.026,140,160,15,254,144,130,38.386,35.474,0.32,-0.048,-0.098,0.162,0,0,0,-0.28,-36.997,"ゆっち一",-0.067,-16.433,"CAT tourniquet",-19.729,-45.878,"mochi_2929",-11.264,-61.639,"にゃんこ3K",21.421,-50.764,"檸檬の残骸",10.653,-61.867,"sano jpn",28.831,-88.099,"alcohol500",-1.131,-97.91,"あくせる",-38.754,-78.912,5978.303,-71.083,-105.406,0,0,"",0,0,0,0,0,0,0,0,0,4
120,6,1,3,1,0,0,2,0,0,0,255,255,255,60,6050.578,"559：広告",R,0,136,-1.048,-0.912,0.056,1.688,-36.406,2,0,32.976,-37.565,1.745,0,0,1,4,5,R,"Pugeuk",169.8,107,0.552,3,59,6051.488,145,95,21,138,142,124,20.999,11.869,0.4,0.003,-0.114,0.21,0,0,0,0.126,-37.323,"ゆっち一",0.064,-16.664,"CAT tourniquet",-22.599,-48.129,"mochi_2929",-12.079,-61.048,"にゃんこ3K",22.076,-52.347,"檸檬の残骸",14.382,-61.827,"sano jpn",33.514,-94.35,"alcohol500",-1.27,-98.019,"あくせる",-36.05,-76.479,6055.236,-22.749,-109.622,6059.969,7,"alcohol500",-13.424,-123.209,1,0,0,0,0,0,0,2
121,6,1,3,1,0,0,2,0,1,0,255,5,255,61,6106.22,"559：広告",R,3,111,-1.979,-0.917,-0.073,1.619,-36.641,4,0,-312.204,0,0.18,-0.587,-17.294,1,5,3,R,"장덕춘_",160,99.815,0.549,0,59,0,0,0,0,0,0,0,0,0,0,0,0,0,0,0,0,-0.39,-37.72,"ゆっち一",-0.476,-16.796,"CAT tourniquet",-23.257,-49.812,"mochi_2929",-11.742,-62.308,"にゃんこ3K",21.357,-47.022,"檸檬の残骸",3.152,-61.017,"sano jpn",33.478,-90.974,"alcohol500",-2.736,-99.182,"あくせる",-36.57,-77.935,0,0,0,0,0,"",0,0,0,0,0,0,0,0,0,0
122,6,1,3,1,0,1,2,0,1,0,255,5,255,62,6126.784,"559：広告",R,3,120,-1.007,-0.55,0.068,1.735,-36.791,0,0,-399.782,0,-0.7,0,0,1,5,3,R,"장덕춘_",160,99.815,0.549,0,59,0,0,0,0,0,0,0,0,0,0,0,0,0,0,0,0,-0.215,-37.333,"ゆっち一",-0.493,-16.54,"CAT tourniquet",-20.902,-48.816,"mochi_2929",-11.994,-63.098,"にゃんこ3K",19.693,-46.935,"檸檬の残骸",2.284,-60.909,"sano jpn",28.811,-88.074,"alcohol500",-1.735,-97.351,"あくせる",-36.64,-77.97,0,0,0,0,0,"",0,0,0,0,0,0,0,0,0,0
123,6,1,3,1,0,2,2,0,1,0,255,5,255,63,6147.112,"559：広告",R,3,118,-0.06,-1.009,0.161,1.667,-36.762,2,0,-425.18,0,-3.771,0,0,1,5,3,R,"장덕춘_",160,99.815,0.549,3,59,6148.001,177,138,54,175,155,120,50,12.752,0.53,-0.156,-0.066,0.253,0,0,0,-0.403,-37.043,"ゆっち一",-0.184,-16.416,"CAT tourniquet",-20.897,-48.776,"mochi_2929",-11.94,-63.574,"にゃんこ3K",20.665,-44.026,"檸檬の残骸",2.153,-60.042,"sano jpn",28.822,-88.108,"alcohol500",-2.417,-99.878,"あくせる",-36.542,-77.862,6154.902,-38.176,-104.569,6154.969,8,"あくせる",-37.464,-103.197,0,0,0,0,0,0,0,1
124,6,0,3,1,0,0,0,0,0,0,255,255,255,11,6205.83,"하루（Haru）",R,26,140,0.775,1.066,0.032,2,-36.458,4,0,140.346,-151.997,14.401,0,0,1,8,0,R,"559：広告",190,107,0.335,0,59,0,0,0,0,0,0,0,0,0,0,0,0,0,0,0,0,-0.359,-37.371,"HalF_HearteD",0.044,-16.828,"Azuner",-20.948,-46.157,"장덕춘_",-14.465,-63.696,"bdg06213",22.643,-53.345,"Pugeuk",8.286,-64.451,"Apple_Sherbet",38.685,-87.942,"Oort__Cloud",-0.162,-112.306,"卯月満開",-42.04,-92.202,0,0,0,0,0,"",0,0,0,0,0,0,0,0,0,0
125,6,0,3,1,0,1,0,0,0,0,255,255,255,12,6221.506,"하루（Haru）",R,27,140,-0.311,0.309,-0.052,1.866,-36.351,2,0,79.267,-102.151,10.427,0,0,1,8,0,R,"559：広告",190,107,0.335,3,59,6222.524,224,170,51,255,155,99,15.415,8.847,-0.13,-0.097,-0.146,0.359,0,0,0,-0.176,-36.994,"HalF_HearteD",-0.056,-17.022,"Azuner",-21.036,-46.168,"장덕춘_",-14.537,-63.659,"bdg06213",22.714,-54.215,"Pugeuk",8.531,-64.521,"Apple_Sherbet",38.639,-87.949,"Oort__Cloud",-0.202,-112.319,"卯月満開",-42.088,-92.286,6226.203,-22.784,-90.696,6227.169,8,"卯月満開",-26.742,-98.642,1,0,0,0,0,0,0,2
126,6,0,3,1,0,0,0,1,0,0,9,255,255,13,6274.53,"하루（Haru）",R,28,140,-1.089,-0.572,-0.12,1.719,-36.341,2,0,61.773,-79.813,5.502,0,0,1,0,3,L,"mochi_2929",174.6,94.434,0.477,3,48,6275.587,108,105,22,153,139,81,39.723,-30.324,-0.5,0.034,-0.147,0.36,0,0,0,-0.477,-36.925,"HalF_HearteD",0.028,-17.017,"Azuner",-19.596,-43.423,"장덕춘_",-14.402,-63.755,"bdg06213",22.717,-54.181,"Pugeuk",10.159,-62.587,"Apple_Sherbet",39.69,-88.38,"Oort__Cloud",0.047,-108.828,"卯月満開",-39.094,-91.871,6280.436,34.394,-70.921,6280.953,6,"Apple_Sherbet",33.812,-70.068,0,0,0,0,0,0,0,1
127,6,0,3,1,0,0,2,0,0,0,255,255,255,14,6320.716,"하루（Haru）",R,3,118,-2.694,0.248,-0.092,1.871,-36.441,4,0,-433.387,0,11.983,0,0,1,1,6,R,"sano jpn",170.1,99.636,0.323,0,59,0,0,0,0,0,0,0,0,0,0,0,0,0,0,0,0,-0.232,-37.153,"HalF_HearteD",-0.264,-16.561,"Azuner",-21.383,-46.41,"장덕춘_",-14.528,-63.641,"bdg06213",23.471,-53.453,"Pugeuk",11.775,-64.328,"Apple_Sherbet",41.2,-88.087,"Oort__Cloud",0.739,-109.756,"卯月満開",-38.598,-93.164,0,0,0,0,0,"",0,0,0,0,0,0,0,0,0,0
128,6,0,3,1,0,1,2,0,0,0,255,255,255,15,6340.877,"하루（Haru）",R,27,140,-2.938,0.215,-0.301,1.831,-36.385,1,0,94.017,-135.017,11.047,0,0,0,1,6,R,"sano jpn",170.1,99.636,0.323,0,59,0,0,0,0,0,0,0,0,0,0,0,0,0,0,0,0,-0.236,-37.287,"HalF_HearteD",-0.224,-16.523,"Azuner",-21.411,-46.559,"장덕춘_",-14.471,-63.626,"bdg06213",22.945,-52.944,"Pugeuk",9.129,-65.308,"Apple_Sherbet",41.153,-88.24,"Oort__Cloud",0.706,-109.932,"卯月満開",-38.589,-91.618,0,0,0,0,0,"",0,0,0,0,0,0,0,0,0,0
129,6,0,3,1,1,1,2,0,0,0,255,255,255,16,6358.223,"하루（Haru）",R,27,140,-0.87,0.182,-0.112,1.83,-36.355,0,0,105.011,-121.218,9.558,0,0,0,1,6,R,"sano jpn",170.1,99.636,0.323,0,59,0,0,0,0,0,0,0,0,0,0,0,0,0,0,0,0,0.037,-37.442,"HalF_HearteD",-0.09,-16.512,"Azuner",-21.336,-46.465,"장덕춘_",-14.478,-63.828,"bdg06213",22.527,-53.704,"Pugeuk",6.933,-65.275,"Apple_Sherbet",40.974,-88.966,"Oort__Cloud",0.743,-109.818,"卯月満開",-38.582,-91.601,0,0,0,0,0,"",0,0,0,0,0,0,0,0,0,0
130,6,0,3,1,1,2,2,0,0,0,255,255,255,17,6374.516,"하루（Haru）",R,3,112,-2.575,-0.099,0.006,1.855,-36.511,4,0,-410.402,0,11.098,0,0,1,1,6,R,"sano jpn",170.1,99.636,0.323,0,59,0,0,0,0,0,0,0,0,0,0,0,0,0,0,0,0,-0.126,-37.419,"HalF_HearteD",-0.262,-16.395,"Azuner",-21.532,-45.98,"장덕춘_",-14.564,-63.799,"bdg06213",22.431,-52.611,"Pugeuk",6.364,-63.888,"Apple_Sherbet",41.037,-88.926,"Oort__Cloud",0.65,-109.926,"卯月満開",-38.589,-91.617,0,0,0,0,0,"",0,0,0,0,0,0,0,0,0,0
131,7,1,3,1,0,0,0,0,0,0,255,255,255,0,6536.398,"にゃんこ3K",R,27,137,0.703,0.853,0.048,1.494,-36.503,0,0,54.709,-117.175,5.641,0,0,0,6,8,R,"卯月満開",171.3,89.902,0.2,0,59,0,0,0,0,0,0,0,0,0,0,0,0,0,0,0,0,-0.032,-38.015,"ゆっち一",0.002,-16.666,"CAT tourniquet",-21.363,-49.483,"mochi_2929",-12.273,-61.89,"559：広告",21.047,-46.372,"檸檬の残骸",12.22,-61.688,"sano jpn",28.79,-88.254,"alcohol500",-3.459,-102.653,"あくせる",-35.014,-79.729,0,0,0,0,0,"",0,0,0,0,0,0,0,0,0,0
132,7,1,3,1,0,1,0,0,0,0,255,255,255,1,6555.425,"にゃんこ3K",R,3,111,-2.396,0.228,0.245,1.465,-36.638,2,0,-322.486,39.681,1.938,0,0,1,6,8,R,"卯月満開",171.3,89.902,0.2,2,59,6556.306,156,104,38,118,144,82,-30,37.986,0.96,-0.04,-0.067,0.221,0,0,0,-0.059,-37.361,"ゆっち一",-0.358,-16.782,"CAT tourniquet",-21.236,-49.503,"mochi_2929",-12.337,-63.185,"559：広告",20.988,-46.335,"檸檬の残骸",12.279,-62.178,"sano jpn",28.806,-88.262,"alcohol500",-3.086,-103.285,"あくせる",-34.975,-79.649,6556.536,-1.686,-22.229,6558.486,2,"CAT tourniquet",-19.518,-44.91,0,0,0,0,0,0,0,2
133,7,1,3,1,0,0,1,0,0,0,255,255,255,2,6588.464,"にゃんこ3K",R,3,114,-2.408,0.711,0.213,1.534,-36.78,2,0,-270.306,0,2.561,0,0,1,7,7,R,"Oort__Cloud",160,90.395,0.2,2,59,6589.661,203,105,21,182,144,80,40.267,47.015,-0.43,-0.057,-0.075,0.488,0,0,0,0.068,-37.854,"ゆっち一",-0.297,-16.84,"CAT tourniquet",-20.888,-48.896,"mochi_2929",-12.36,-62.668,"559：広告",20.024,-44.818,"檸檬の残骸",12.855,-61.561,"sano jpn",30.811,-89.379,"alcohol500",-1.672,-101.55,"あくせる",-34.833,-79.445,6594.453,-43.97,-68.607,6594.603,8,"あくせる",-42.607,-67.007,0,0,0,0,0,0,0,1
134,7,1,3,1,0,0,2,0,0,0,255,255,255,3,6626.063,"にゃんこ3K",R,3,116,-2.276,0.332,0.214,1.472,-36.64,1,0,-254.066,2.91,3.825,0,0,0,8,1,R,"HalF_HearteD",175.2,107,0.503,0,59,0,0,0,0,0,0,0,0,0,0,0,0,0,0,0,0,0.049,-38.095,"ゆっち一",-0.327,-16.51,"CAT tourniquet",-20.687,-48.372,"mochi_2929",-12.56,-62.918,"559：広告",20.955,-44.878,"檸檬の残骸",13.303,-61.589,"sano jpn",32.455,-92.524,"alcohol500",-3.186,-100.82,"あくせる",-36.432,-78.774,0,0,0,0,0,"",0,0,0,0,0,0,0,0,0,0
135,7,1,3,1,1,0,2,0,0,0,255,255,255,4,6644.182,"にゃんこ3K",R,27,140,1.076,0.553,0.074,1.448,-36.487,0,0,84.365,-133.752,9.704,0,0,0,8,1,R,"HalF_HearteD",175.2,107,0.503,0,35,0,0,0,0,0,0,0,0,0,0,0,0,0,0,0,0,-0.062,-38.125,"ゆっち一",-0.009,-16.531,"CAT tourniquet",-20.813,-48.223,"mochi_2929",-12.144,-63.488,"559：広告",20.914,-45.25,"檸檬の残骸",12.549,-62.202,"sano jpn",31.285,-91.229,"alcohol500",-2.122,-100.889,"あくせる",-36.402,-78.738,0,0,0,0,0,"",0,0,0,0,0,0,0,0,0,0
136,7,1,3,1,1,1,2,0,0,0,255,255,255,5,6661.673,"にゃんこ3K",R,10,128,-0.309,-1.989,-0.029,1.394,-36.557,4,0,0,400,14.081,0,0,1,8,1,R,"HalF_HearteD",175.2,107,0.503,0,35,0,0,0,0,0,0,0,0,0,0,0,0,0,0,0,0,-0.048,-38.205,"ゆっち一",-0.076,-16.588,"CAT tourniquet",-20.532,-47.267,"mochi_2929",-11.634,-63.937,"559：広告",20.069,-46.434,"檸檬の残骸",8.974,-62.203,"sano jpn",31.161,-91.843,"alcohol500",-2.369,-101.023,"あくせる",-36.72,-78.154,0,0,0,0,0,"",0,0,0,0,0,0,0,0,0,0
137,7,1,3,1,1,2,2,0,0,0,255,255,255,6,6703.213,"にゃんこ3K",R,27,140,0.507,0.375,0.026,1.417,-36.43,2,0,67.951,-142.743,8.444,0,0,0,8,1,R,"HalF_HearteD",175.2,107,0.503,3,35,6704.16,204,106,9,186,143,121,-24.647,42.949,0.77,-0.03,-0.118,0.358,0,0,0,-0.123,-37.256,"ゆっち一",0.017,-16.602,"CAT tourniquet",-20.589,-49.383,"mochi_2929",-11.432,-62.859,"559：広告",20.292,-46.118,"檸檬の残骸",13.097,-61.411,"sano jpn",31.534,-91.713,"alcohol500",-2.34,-101.505,"あくせる",-35.089,-79.462,6704.369,-1.684,-20.136,6711.536,8,"あくせる",-59.741,-84.65,1,0,0,0,0,0,0,2
138,7,1,3,1,1,2,2,0,0,0,255,255,255,7,6753.144,"にゃんこ3K",R,3,117,-1.767,0.26,0.284,1.454,-36.565,4,0,-259.977,4.716,2.314,0,0,1,8,1,R,"HalF_HearteD",175.2,107,0.503,0,35,0,0,0,0,0,0,0,0,0,0,0,0,0,0,0,0,-0.157,-37.916,"ゆっち一",-0.756,-16.49,"CAT tourniquet",-21.107,-49.127,"mochi_2929",-12.399,-61.619,"559：広告",19.914,-45.905,"檸檬の残骸",11.45,-61.432,"sano jpn",28.32,-88.633,"alcohol500",-3.167,-101.089,"あくせる",-38.773,-79.299,0,0,0,0,0,"",0,0,0,0,0,0,0,0,0,0
139,7,0,3,1,0,0,0,0,0,0,255,255,255,18,6811.656,"하루（Haru）",R,27,140,0.852,0.857,0.047,1.969,-36.511,0,0,105.933,-114.618,11.716,0,0,0,2,0,R,"にゃんこ3K",190,99.745,0.6,0,59,0,0,0,0,0,0,0,0,0,0,0,0,0,0,0,0,-0.119,-37.364,"HalF_HearteD",0.081,-16.834,"Azuner",-20.962,-46.253,"장덕춘_",-14.381,-64.002,"bdg06213",22.441,-54.905,"Pugeuk",10.273,-65.018,"Apple_Sherbet",41.49,-88.723,"Oort__Cloud",0.063,-110.432,"卯月満開",-39.724,-93.043,0,0,0,0,0,"",0,0,0,0,0,0,0,0,0,0
140,7,0,3,1,0,1,0,0,0,0,255,255,255,19,6832.932,"하루（Haru）",R,3,105,0.427,-0.959,0.412,1.621,-36.764,1,0,-418.876,0,7.506,0,0,0,2,0,R,"にゃんこ3K",190,99.745,0.6,0,59,0,0,0,0,0,0,0,0,0,0,0,0,0,0,0,0,-0.093,-37.258,"HalF_HearteD",0.211,-16.924,"Azuner",-21.677,-46.859,"장덕춘_",-14.585,-63.912,"bdg06213",22.587,-53.901,"Pugeuk",10.244,-64.947,"Apple_Sherbet",41.554,-88.724,"Oort__Cloud",0.224,-110.439,"卯月満開",-39.749,-92.758,0,0,0,0,0,"",0,0,0,0,0,0,0,0,0,0
141,7,0,3,1,2,1,0,0,0,0,255,255,255,21,6886.717,"하루（Haru）",R,26,140,0.23,0.368,-0.02,1.858,-36.444,0,0,144.858,-180.075,14.999,0,0,0,2,0,R,"にゃんこ3K",190,99.745,0.6,0,59,0,0,0,0,0,0,0,0,0,0,0,0,0,0,0,0,0.079,-37.555,"HalF_HearteD",0.072,-16.832,"Azuner",-21.405,-46.694,"장덕춘_",-14.551,-63.978,"bdg06213",23.311,-52.907,"Pugeuk",8.683,-64.822,"Apple_Sherbet",41.619,-88.828,"Oort__Cloud",0.197,-110.221,"卯月満開",-39.083,-92.034,0,0,0,0,0,"",0,0,0,0,0,0,0,0,0,0
142,7,0,3,1,2,2,0,0,0,0,255,255,255,22,6904.12,"하루（Haru）",R,3,115,-2.437,-0.056,-0.126,1.874,-36.471,2,0,-407.72,0,15.621,0,0,1,2,0,R,"にゃんこ3K",190,99.745,0.6,3,59,6905.313,230,133,49,166,155,127,50,46.257,0.34,-0.099,-0.204,0.44,0,0,0,-0.522,-37.01,"HalF_HearteD",-0.422,-16.931,"Azuner",-21.623,-46.797,"장덕춘_",-14.439,-63.9,"bdg06213",23.288,-53.045,"Pugeuk",9.233,-64.746,"Apple_Sherbet",39.803,-85.424,"Oort__Cloud",0.136,-110.37,"卯月満開",-39.089,-92.049,6911.553,-71.504,-104.232,0,0,"",0,0,0,0,0,0,0,0,0,4
143,7,0,3,2,0,0,0,0,0,0,255,255,255,0,7268.287,"Apple_Sherbet",R,10,99,-0.218,-1.181,0.336,1.696,-36.587,2,0,-12.368,400,6.665,0,0,1,3,1,R,"ゆっち一",190,100,0.38,3,59,7269.544,104,134,75,143,141,75,-22.098,14.29,0.97,-0.124,-0.376,0.366,0,0,0,-0.166,-37.078,"HalF_HearteD",-0.364,-17.027,"Azuner",-21.681,-46.891,"장덕춘_",-14.543,-63.919,"bdg06213",22.361,-52.393,"Pugeuk",8.767,-64.159,"Oort__Cloud",38.625,-92.633,"ʚneul_ɞ",-1.202,-114.427,"卯月満開",-40.022,-93.85,7269.719,-0.433,-21.425,7272.502,3,"장덕춘_",-8.766,-57.491,0,0,0,0,0,0,0,2
144,7,0,3,2,0,0,1,0,0,0,255,255,255,1,7307.229,"Apple_Sherbet",R,32,140,-0.048,-0.484,0.248,1.469,-36.514,0,0,250,-200,58.635,0,0,0,4,8,R,"あくせる",175.1,107,0.28,0,59,0,0,0,0,0,0,0,0,0,0,0,0,0,0,0,0,0.255,-37.624,"HalF_HearteD",-0.106,-16.948,"Azuner",-21.759,-47.286,"장덕춘_",-14.699,-64.083,"bdg06213",22.16,-51.529,"Pugeuk",5.788,-63.224,"Oort__Cloud",40.404,-93.702,"ʚneul_ɞ",0.353,-113.877,"卯月満開",-39.373,-91.033,0,0,0,0,0,"",0,0,0,0,0,0,0,0,0,0
145,7,0,3,2,0,1,1,0,0,0,255,255,255,2,7323.43,"Apple_Sherbet",R,13,97,-2.34,-1.333,0.22,1.562,-36.512,4,0,-340.559,317.567,50.122,-0.721,-18.415,1,4,8,R,"あくせる",175.1,107,0.28,0,59,0,0,0,0,0,0,0,0,0,0,0,0,0,0,0,0,0.225,-37.667,"HalF_HearteD",-0.119,-15.791,"Azuner",-22.005,-47.047,"장덕춘_",-14.791,-64.04,"bdg06213",21.117,-51.255,"Pugeuk",5.629,-64.987,"Oort__Cloud",40.35,-93.647,"ʚneul_ɞ",0.184,-112.417,"卯月満開",-39.346,-90.99,0,0,0,0,0,"",0,0,0,0,0,0,0,0,0,0
146,7,0,3,2,0,2,1,0,0,0,255,255,255,3,7347.552,"Apple_Sherbet",R,26,140,0.189,1.303,0.331,1.743,-36.519,1,0,-55.544,-200,34.276,0,0,0,4,8,R,"あくせる",175.1,107,0.28,0,59,0,0,0,0,0,0,0,0,0,0,0,0,0,0,0,0,0.321,-37.53,"HalF_HearteD",0.091,-16.788,"Azuner",-21.982,-47.207,"장덕춘_",-14.735,-63.999,"bdg06213",23.129,-52.665,"Pugeuk",8.809,-64.909,"Oort__Cloud",40.347,-93.626,"ʚneul_ɞ",0.132,-112.572,"卯月満開",-39.337,-90.979,0,0,0,0,0,"",0,0,0,0,0,0,0,0,0,0
147,7,0,3,2,1,2,1,0,0,0,255,255,255,4,7366.487,"Apple_Sherbet",R,14,93,1.999,-0.383,0.318,1.749,-36.561,2,0,326.716,317.279,31.513,0,0,1,4,8,R,"あくせる",175.1,107,0.28,3,59,7367.813,218,118,46,150,155,93,-38.797,-41.404,-0.2,0.012,-0.105,0.385,0,0,0,0.021,-36.914,"HalF_HearteD",0.067,-17.097,"Azuner",-22.076,-47.136,"장덕춘_",-14.657,-63.996,"bdg06213",23.346,-52.887,"Pugeuk",8.731,-65.741,"Oort__Cloud",40.364,-93.675,"ʚneul_ɞ",-0.04,-110.186,"卯月満開",-39.345,-90.997,7367.936,1.042,-19.92,7370.236,4,"bdg06213",24.455,-46.412,0,0,0,0,0,0,0,2
148,7,0,3,2,0,0,2,0,0,0,255,255,255,5,7399.13,"Apple_Sherbet",R,26,133,-0.342,0.874,0.239,1.645,-36.531,2,0,128.945,-200,42.51,0,0,1,5,5,L,"檸檬の残骸",160,107,0.502,2,59,7400.207,175,93,26,98,142,82,110.304,62.244,-0.01,-0.046,-0.074,0.288,0,0,0,0.093,-37.097,"HalF_HearteD",-0.012,-17.081,"Azuner",-19.34,-44.464,"장덕춘_",-14.343,-64.302,"bdg06213",24.28,-52.013,"Pugeuk",11.888,-63.808,"Oort__Cloud",39.753,-93.866,"ʚneul_ɞ",0.351,-108.751,"卯月満開",-38.649,-91.912,0,0,0,0,0,"",0,0,0,0,0,0,0,0,0,3
149,7,0,3,2,0,1,2,0,0,0,255,255,255,6,7423.087,"Apple_Sherbet",R,0,0,0,0,0,0,0,0,0,0,0,0,0,0,1,5,5,L,"檸檬の残骸",160,107,0.502,0,30,7424.157,0,0,0,0,0,0,0,0,0,0,0,0,0,0,0,0,0,"",0,0,"",0,0,"",0,0,"",0,0,"",0,0,"",0,0,"",0,0,"",0,0,0,0,0,0,0,"",0,0,0,0,0,0,0,0,0,0
150,7,0,3,2,1,1,2,0,0,0,255,255,255,6,7454.153,"Apple_Sherbet",R,32,140,-1.397,1.372,0.116,1.716,-36.517,2,0,234.526,-200,37.068,0,0,1,5,5,L,"檸檬の残骸",160,107,0.502,2,31,7455.195,127,85,25,151,140,82,26.849,-47.101,0.01,-0.111,-0.05,0.151,0,0,0,0.063,-37.047,"HalF_HearteD",0.095,-16.787,"Azuner",-19.899,-45.048,"장덕춘_",-14.655,-64.188,"bdg06213",23.529,-52.804,"Pugeuk",10.778,-63.466,"Oort__Cloud",40.726,-95.409,"ʚneul_ɞ",0.607,-106.49,"卯月満開",-38.229,-91.365,7458.819,45.667,-56.213,0,0,"",0,0,0,0,0,0,0,0,0,3
151,7,0,3,2,1,2,2,0,0,0,255,255,255,7,7479.141,"Apple_Sherbet",R,13,118,-1.163,-1.221,0.346,1.626,-36.532,2,0,-371.424,334.73,49.332,0,0,1,5,5,L,"檸檬の残骸",160,107,0.502,2,31,7480.271,167,118,63,127,151,118,-30,15.301,0.23,0.035,-0.145,0.357,0,0,0,0.051,-37.114,"HalF_HearteD",-0.106,-16.964,"Azuner",-19.824,-44.87,"장덕춘_",-14.479,-64.017,"bdg06213",23.694,-51.749,"Pugeuk",12.692,-63.029,"Oort__Cloud",42.663,-97.532,"ʚneul_ɞ",0.2,-107.981,"卯月満開",-37.867,-87.387,7480.386,-0.446,-20.848,7482.502,3,"장덕춘_",-11.872,-61.69,0,0,0,0,0,0,0,2
152,8,1,3,2,0,0,0,0,0,0,255,255,255,8,7544.179,"にゃんこ3K",R,27,130,0.242,1.186,0.002,1.545,-36.603,1,0,59.146,-143.811,4.87,0,0,0,0,7,L,"ʚneul_ɞ",175.2,96.724,0.506,0,59,0,0,0,0,0,0,0,0,0,0,0,0,0,0,0,0,-0.148,-37.685,"ゆっち一",-0.072,-16.612,"CAT tourniquet",-23.199,-49.959,"mochi_2929",-11.57,-62.361,"559：広告",21,-47.268,"檸檬の残骸",11.022,-61.83,"sano jpn",35.504,-78.907,"alcohol500",7.053,-100.698,"あくせる",-29.691,-87.429,0,0,0,0,0,"",0,0,0,0,0,0,0,0,0,0
153,8,1,3,2,1,0,0,0,0,0,255,255,255,9,7560.373,"にゃんこ3K",R,28,126,-1.954,-0.283,-0.181,1.317,-36.489,2,0,-3.527,-91.643,7.713,0,0,0,0,7,L,"ʚneul_ɞ",175.2,96.724,0.506,2,59,7560.978,228,151,22,238,155,91,22.946,-31.734,-0.44,0.053,-0.107,0.599,0,0,0,-0.22,-37.206,"ゆっち一",-0.188,-16.669,"CAT tourniquet",-23.256,-49.902,"mochi_2929",-12.201,-64.032,"559：広告",20.932,-47.223,"檸檬の残骸",13.206,-61.981,"sano jpn",38.113,-80.277,"alcohol500",6.847,-101.94,"あくせる",-29.555,-87.808,7565.252,39.449,-82.278,7565.386,6,"sano jpn",38.097,-80.191,0,0,0,0,0,0,0,1
154,8,1,3,2,0,0,1,0,0,0,255,255,255,10,7635.717,"にゃんこ3K",R,27,139,2.914,0.643,0.212,1.48,-36.561,4,0,84.698,-120.259,4.991,-0.275,-19.803,1,1,9,R,"TaeGeuk_",177.3,88.947,0.465,0,65,0,0,0,0,0,0,0,0,0,0,0,0,0,0,0,0,0.029,-37.695,"ゆっち一",-0.216,-18.154,"CAT tourniquet",-21.18,-48.902,"mochi_2929",-12.891,-62.927,"559：広告",21.596,-47.717,"檸檬の残骸",13.339,-58.689,"sano jpn",34.542,-86.126,"alcohol500",-3.43,-97.716,"あくせる",-36.861,-79.66,0,0,0,0,0,"",0,0,0,0,0,0,0,0,0,0
155,8,1,3,2,0,1,1,0,0,0,255,255,255,11,7661.651,"にゃんこ3K",R,5,117,-0.846,0.161,0.316,1.483,-36.687,2,0,-129.241,0,2.793,0,0,1,1,9,R,"TaeGeuk_",177.3,88.947,0.465,3,65,7662.581,161,99,40,127,143,87,24.69,-34.139,-0.28,-0.076,-0.09,0.236,0,0,0,-0.212,-37.365,"ゆっち一",-0.566,-16.706,"CAT tourniquet",-22.51,-49.098,"mochi_2929",-11.793,-62.84,"559：広告",21.486,-47.638,"檸檬の残骸",14.191,-58.842,"sano jpn",35.68,-88.88,"alcohol500",-2.619,-97.603,"あくせる",-36.837,-79.364,7666.969,32.899,-82.431,7667.053,6,"sano jpn",31.96,-80.488,0,0,0,0,0,0,0,1
156,8,1,3,2,0,0,2,0,0,0,255,255,255,12,7697.83,"にゃんこ3K",R,6,100,3.935,-0.33,0.174,1.361,-36.602,1,0,393.29,50.036,-2.339,0,0,0,2,2,L,"Azuner",190,86,0.398,0,59,0,0,0,0,0,0,0,0,0,0,0,0,0,0,0,0,-0.056,-38.327,"ゆっち一",0.211,-16.636,"CAT tourniquet",-21.341,-49.472,"mochi_2929",-11.385,-63.087,"559：広告",23.015,-48.039,"檸檬の残骸",15.852,-60.382,"sano jpn",46.851,-90.401,"alcohol500",6.811,-96.141,"あくせる",-28.852,-89.391,0,0,0,0,0,"",0,0,0,0,0,0,0,0,0,0
157,8,1,3,2,1,0,2,0,0,0,255,255,255,13,7716.583,"にゃんこ3K",R,3,126,1.771,0.528,0.27,1.49,-36.712,2,0,-297.741,0,1.885,0,0,1,2,2,L,"Azuner",190,86,0.398,3,59,7717.624,177,153,90,132,155,130,50,-40.96,0.39,-0.03,-0.076,0.199,0,0,0,-0.168,-37.812,"ゆっち一",-0.196,-16.676,"CAT tourniquet",-21.112,-49.733,"mochi_2929",-11.921,-63.06,"559：広告",22.955,-48.041,"檸檬の残骸",15.716,-60.319,"sano jpn",46.584,-90.091,"alcohol500",5.378,-96.54,"あくせる",-28.79,-89.164,7723.836,62.36,-111.215,0,0,"",0,0,0,0,0,0,0,0,0,4
158,8,1,4,2,0,0,2,0,0,0,255,255,255,14,7773.692,"にゃんこ3K",R,26,138,1.171,0.216,0.09,1.394,-36.504,2,0,66.683,-153.732,15.476,0,0,1,3,4,R,"bdg06213",190,106.549,0.504,3,59,7774.699,202,154,78,215,155,96,59.165,36.318,-0.51,-0.016,-0.127,0.127,0,0,0,-0.009,-37.363,"ゆっち一",0.03,-16.669,"CAT tourniquet",-19.886,-49.688,"mochi_2929",-12.06,-62.134,"559：広告",22.303,-47.986,"檸檬の残骸",13.657,-61.001,"sano jpn",37.834,-87.96,"alcohol500",-2.602,-102.495,"あくせる",-35.662,-79.35,0,0,0,7780.886,3,"mochi_2929",-33.61,-69.67,0,0,0,0,0,0,0,1
159,8,0,4,2,0,0,0,0,0,0,255,255,255,0,8086.124,"TaeGeuk_",R,0,140,-1.214,0.487,0.265,1.089,-36.425,0,0,0,0,0,0,0,0,6,2,L,"CAT tourniquet",190,95.214,0.357,0,59,0,0,0,0,0,0,0,0,0,0,0,0,0,0,0,0,-0.153,-37.269,"HalF_HearteD",0.032,-16.774,"Azuner",-20.812,-45.97,"장덕춘_",-14.489,-63.842,"bdg06213",22.001,-51.213,"Pugeuk",11.486,-63.349,"Oort__Cloud",37.122,-86.117,"ʚneul_ɞ",1.285,-106.637,"卯月満開",-38.145,-94.567,0,0,0,0,0,"",0,0,0,0,0,0,0,0,0,0
160,8,0,4,2,0,1,0,0,0,0,255,255,255,1,8160.247,"TaeGeuk_",R,3,120,-1.064,-1.241,0.452,0.927,-36.523,1,0,-466.424,0,-10.333,0,0,0,6,2,L,"CAT tourniquet",190,95.214,0.357,0,59,0,0,0,0,0,0,0,0,0,0,0,0,0,0,0,0,0.007,-37.052,"HalF_HearteD",-0.055,-16.878,"Azuner",-20.161,-45.726,"장덕춘_",-14.528,-63.687,"bdg06213",21.097,-51.32,"Pugeuk",11.01,-63.167,"Oort__Cloud",37.072,-86.17,"ʚneul_ɞ",3.281,-111.467,"卯月満開",-39.342,-93.732,0,0,0,0,0,"",0,0,0,0,0,0,0,0,0,0
161,8,0,4,2,1,1,0,0,0,0,255,255,255,2,8178.132,"TaeGeuk_",R,32,140,-1.28,0.684,0.191,1.11,-36.368,0,0,234.284,-66.514,11.72,0,0,1,6,2,L,"CAT tourniquet",190,95.214,0.357,0,59,0,0,0,0,0,0,0,0,0,0,0,0,0,0,0,0,-0.174,-37.473,"HalF_HearteD",-0.031,-16.806,"Azuner",-20.589,-45.622,"장덕춘_",-14.488,-63.695,"bdg06213",22.394,-50.521,"Pugeuk",11.139,-63.122,"Oort__Cloud",37.177,-86.335,"ʚneul_ɞ",0.399,-111.109,"卯月満開",-39.34,-93.71,0,0,0,0,0,"",0,0,0,0,0,0,0,0,0,0
162,8,0,4,2,1,2,0,0,0,0,255,255,255,3,8196.009,"TaeGeuk_",R,32,140,2.492,0.077,0.557,0.991,-36.477,1,0,171.614,-71.834,1.361,0,0,0,6,2,L,"CAT tourniquet",190,95.214,0.357,0,59,0,0,0,0,0,0,0,0,0,0,0,0,0,0,0,0,0.202,-37.575,"HalF_HearteD",0.276,-16.764,"Azuner",-20.596,-45.781,"장덕춘_",-14.476,-63.638,"bdg06213",22.433,-50.567,"Pugeuk",12.726,-64.252,"Oort__Cloud",37.128,-86.164,"ʚneul_ɞ",2.181,-110.644,"卯月満開",-39.345,-93.739,0,0,0,0,0,"",0,0,0,0,0,0,0,0,0,0
163,8,0,4,2,2,2,0,0,0,0,255,255,255,4,8211.424,"TaeGeuk_",R,32,140,-0.099,0.083,0.3,0.994,-36.357,0,0,250,-66.206,14.474,0,0,1,6,2,L,"CAT tourniquet",190,95.214,0.357,0,59,0,0,0,0,0,0,0,0,0,0,0,0,0,0,0,0,-0.141,-37.071,"HalF_HearteD",0.286,-16.833,"Azuner",-20.466,-45.793,"장덕춘_",-14.158,-63.434,"bdg06213",21.746,-49.71,"Pugeuk",12.274,-61.868,"Oort__Cloud",37.125,-86.178,"ʚneul_ɞ",0.458,-110.697,"卯月満開",-39.008,-93.743,0,0,0,0,0,"",0,0,0,0,0,0,0,0,0,0
164,8,0,4,2,0,0,1,0,0,0,255,255,255,5,8242.422,"TaeGeuk_",R,32,140,-0.025,-1.048,0.341,0.897,-36.492,2,0,250,-63.246,0.199,0,0,1,7,7,L,"alcohol500",171.7,94.494,0.349,3,59,8243.437,141,109,22,145,142,89,-27.628,-13.873,0.94,0.02,-0.071,0.345,0,0,0,-0.202,-36.545,"HalF_HearteD",0.141,-16.965,"Azuner",-20.183,-45.499,"장덕춘_",-14.5,-64.028,"bdg06213",23.137,-51.21,"Pugeuk",10.273,-63.444,"Oort__Cloud",37.134,-86.27,"ʚneul_ɞ",1.163,-108.642,"卯月満開",-35.262,-92,8243.569,0.169,-20.242,8245.853,5,"Pugeuk",8.948,-56.032,0,0,0,0,0,0,0,2
165,8,0,4,2,0,0,2,0,0,0,255,255,255,6,8275.262,"TaeGeuk_",R,0,140,-0.8,0.596,0.303,1.11,-36.436,0,0,0,0,0,0,0,0,8,4,R,"559：広告",190,107,0.357,0,59,0,0,0,0,0,0,0,0,0,0,0,0,0,0,0,0,-0.189,-37.243,"HalF_HearteD",0.033,-16.827,"Azuner",-21.84,-47.326,"장덕춘_",-14.663,-63.729,"bdg06213",22.229,-54.761,"Pugeuk",10.101,-64.895,"Oort__Cloud",39.601,-89.782,"ʚneul_ɞ",0.555,-107.632,"卯月満開",-42.535,-93.058,0,0,0,0,0,"",0,0,0,0,0,0,0,0,0,0
166,8,0,4,2,0,1,2,0,0,0,255,255,255,7,8289.841,"TaeGeuk_",R,0,134,-1.047,0.365,0.28,1.065,-36.36,2,0,0,0,0,0,0,1,8,4,R,"559：広告",190,107,0.357,3,59,8290.844,177,144,59,179,155,130,26.631,-9.986,0.66,-0.08,-0.15,0.3,0,0,0,0.198,-36.833,"HalF_HearteD",0.027,-16.917,"Azuner",-22.159,-47.461,"장덕춘_",-14.53,-63.759,"bdg06213",22.344,-54.344,"Pugeuk",10.324,-64.835,"Oort__Cloud",39.582,-89.749,"ʚneul_ɞ",0.615,-108.06,"卯月満開",-42.529,-93,8295.603,-2.367,-127.246,8297.819,7,"ʚneul_ɞ",-6.368,-127.222,1,0,0,0,0,0,0,2
167,8,0,4,2,0,0,2,0,1,0,255,13,255,8,8330.316,"TaeGeuk_",R,3,126,1.594,-1.041,0.615,0.981,-36.779,2,0,-473.551,0,-5.613,0,0,1,0,3,L,"mochi_2929",174.6,94.434,0.477,3,59,8331.401,182,137,0,188,148,119,-2.344,16.129,0.31,0.116,-0.288,0.305,0,0,0,-0.113,-36.698,"HalF_HearteD",-0.11,-16.679,"Azuner",-20.133,-45.364,"장덕춘_",-8.547,-63.459,"bdg06213",23.529,-52.209,"Pugeuk",11.473,-63.384,"Oort__Cloud",42.16,-93.175,"ʚneul_ɞ",1.7,-115.861,"卯月満開",-35.709,-90.896,8331.819,-2.443,-28.56,8333.387,3,"장덕춘_",-11.258,-60.533,0,0,0,0,0,0,0,2
168,9,1,4,2,0,0,0,0,0,0,255,255,255,15,8391.376,"にゃんこ3K",R,27,140,2.439,0.724,0.099,1.417,-36.392,2,0,54.613,-115.625,7.189,0,0,1,4,5,R,"Pugeuk",169.8,107,0.552,3,59,8392.443,118,75,27,107,137,80,-17.953,7.696,-0.29,0,-0.162,0.104,0,0,0,-0.034,-37.309,"ゆっち一",-0.019,-16.64,"CAT tourniquet",-19.963,-48.917,"mochi_2929",-12.829,-63.627,"559：広告",21.797,-47.717,"檸檬の残骸",13.4,-60.16,"sano jpn",31.021,-86.805,"alcohol500",-2.75,-100.041,"あくせる",-36.952,-79.626,8392.637,-0.368,-22.237,8393.72,0,"にゃんこ3K",-1.595,-36.13,0,0,0,0,0,0,0,2
169,9,1,4,2,0,0,1,0,0,0,255,255,255,16,8423.646,"にゃんこ3K",R,3,119,-1.767,0.516,0.383,1.504,-36.891,2,0,-433.545,114.755,-2.068,0,0,1,5,3,R,"장덕춘_",160,99.815,0.549,3,59,8424.531,147,130,55,163,145,88,36.281,-25.035,0.93,-0.099,-0.048,0.166,0,0,0,0.027,-37.54,"ゆっち一",-0.49,-16.471,"CAT tourniquet",-20.221,-49.266,"mochi_2929",-12.051,-64.275,"559：広告",20.616,-47.372,"檸檬の残骸",13.338,-60.595,"sano jpn",30.902,-89.616,"alcohol500",-1.847,-98.731,"あくせる",-37.035,-78.198,0,0,0,8429.653,6,"sano jpn",22.219,-83.873,0,0,0,0,0,0,0,1
170,9,1,4,2,0,0,2,0,0,0,255,255,255,17,8458.033,"にゃんこ3K",R,0,114,-1.356,0.482,0.196,1.497,-36.639,2,0,-13.509,0,4.639,0,0,1,6,8,R,"卯月満開",171.3,89.902,0.2,2,59,8458.919,143,72,24,74,138,126,-30,38.839,0.67,-0.057,-0.046,0.099,0,0,0,-0.099,-37.241,"ゆっち一",-0.487,-16.651,"CAT tourniquet",-20.72,-48.976,"mochi_2929",-12.863,-63.758,"559：広告",21.275,-48.303,"檸檬の残骸",13.766,-64.212,"sano jpn",31.692,-89.088,"alcohol500",-1.866,-98.784,"あくせる",-36.16,-77.674,8459.086,-1.634,-22.441,8460.619,2,"CAT tourniquet",-19.294,-45.099,0,0,0,0,0,0,0,2
171,9,0,4,2,0,0,0,0,0,0,255,255,255,9,8519.722,"TaeGeuk_",R,33,121,-2.148,-0.073,0.122,0.979,-36.341,2,0,137.192,-69.923,35.917,0,0,1,1,6,R,"sano jpn",170.1,99.636,0.323,3,59,8520.848,134,89,68,77,142,124,109.075,-58.527,0.39,-0.108,-0.015,0.172,0,0,0,0.166,-37.029,"HalF_HearteD",-0.123,-16.862,"Azuner",-21.686,-46.872,"장덕춘_",-14.639,-64.037,"bdg06213",22.207,-53.266,"Pugeuk",8.717,-64.875,"Oort__Cloud",39.448,-94.367,"ʚneul_ɞ",0.197,-110.775,"卯月満開",-38.512,-87.744,0,0,0,0,0,"",0,0,0,0,0,0,0,0,0,3
172,9,0,4,2,0,1,0,0,0,0,255,255,255,10,8539.523,"TaeGeuk_",R,3,127,-0.291,-0.413,0.508,0.929,-36.447,0,0,-459.588,0,-3.192,0,0,1,1,6,R,"sano jpn",170.1,99.636,0.323,0,59,0,0,0,0,0,0,0,0,0,0,0,0,0,0,0,0,-0.233,-37.329,"HalF_HearteD",0.158,-16.788,"Azuner",-22.018,-47.151,"장덕춘_",-14.759,-63.994,"bdg06213",22.806,-52.852,"Pugeuk",7.07,-63.988,"Oort__Cloud",43.143,-93.953,"ʚneul_ɞ",0.109,-112.149,"卯月満開",-41.082,-91.273,0,0,0,0,0,"",0,0,0,0,0,0,0,0,0,0
173,9,0,4,2,0,2,0,0,0,0,255,255,255,11,8556.947,"TaeGeuk_",R,3,126,-4.572,-0.058,0.117,0.984,-36.421,1,0,-477.195,0,2.336,0,0,0,1,6,R,"sano jpn",170.1,99.636,0.323,0,59,0,0,0,0,0,0,0,0,0,0,0,0,0,0,0,0,-0.02,-37.609,"HalF_HearteD",-0.428,-16.497,"Azuner",-22.011,-47.108,"장덕춘_",-14.871,-63.96,"bdg06213",22.066,-52.758,"Pugeuk",6.964,-65.064,"Oort__Cloud",43.027,-93.542,"ʚneul_ɞ",0.48,-113.745,"卯月満開",-40.869,-91.037,0,0,0,0,0,"",0,0,0,0,0,0,0,0,0,0
174,9,0,4,2,1,2,0,0,0,0,255,255,255,12,8571.223,"TaeGeuk_",R,34,126,1.87,4.662,0.171,1.129,-36.264,2,0,90.782,-75.31,22.305,0,0,0,1,6,R,"sano jpn",170.1,99.636,0.323,3,59,8572.278,180,90,35,145,143,78,32.231,-20.768,-0.5,-0.196,0.007,0.186,0,0,0,0.345,-36.575,"HalF_HearteD",0.141,-16.921,"Azuner",-21.944,-47.074,"장덕춘_",-14.698,-63.961,"bdg06213",21.246,-53.41,"Pugeuk",8.859,-65.173,"Oort__Cloud",43.191,-93.58,"ʚneul_ɞ",0.448,-111.837,"卯月満開",-40.866,-91.041,8577.153,21.703,-80.323,8578.02,6,"Oort__Cloud",23.077,-84.146,1,0,0,0,0,0,0,2
175,9,0,4,2,0,0,0,1,0,0,15,255,255,13,8624.064,"TaeGeuk_",R,3,119,0.3,-0.067,0.566,0.982,-36.586,0,0,-413.999,0,-1.771,0,0,0,2,0,R,"にゃんこ3K",190,99.745,0.6,0,59,0,0,0,0,0,0,0,0,0,0,0,0,0,0,0,0,-0.284,-36.654,"HalF_HearteD",-0.121,-19.164,"Azuner",-19.297,-44.517,"장덕춘_",-7.985,-62.086,"bdg06213",23.183,-51.865,"Pugeuk",0.064,-59.641,"Oort__Cloud",42.126,-93.404,"ʚneul_ɞ",-0.531,-105.361,"卯月満開",-40.788,-89.336,0,0,0,0,0,"",0,0,0,0,0,0,0,0,0,0
176,9,0,4,2,0,1,0,0,1,0,255,15,255,14,8645.963,"TaeGeuk_",R,33,140,1.845,0.923,0.503,1.097,-36.492,1,0,149.924,-73.043,3.517,0,0,0,2,0,R,"にゃんこ3K",190,99.745,0.6,0,59,0,0,0,0,0,0,0,0,0,0,0,0,0,0,0,0,0.321,-37.002,"HalF_HearteD",0.152,-16.917,"Azuner",-21.265,-46.441,"장덕춘_",-13.886,-63.789,"bdg06213",22.794,-51.97,"Pugeuk",5.975,-63.979,"Oort__Cloud",41.482,-97.378,"ʚneul_ɞ",0.345,-108.292,"卯月満開",-41.479,-89.817,0,0,0,0,0,"",0,0,0,0,0,0,0,0,0,0
177,9,0,4,2,1,1,0,0,1,0,255,15,255,15,8660.483,"TaeGeuk_",R,3,126,-0.627,-1.769,0.492,0.842,-36.456,2,0,-492.275,0,-5.982,0,0,1,2,0,R,"にゃんこ3K",190,99.745,0.6,3,59,8661.576,255,140,47,123,155,127,-12.152,28.306,0.83,-0.067,-0.163,0.441,0,0,0,0.576,-36.542,"HalF_HearteD",-0.157,-16.961,"Azuner",-21.353,-46.426,"장덕춘_",-14.474,-63.978,"bdg06213",22.123,-52.945,"Pugeuk",7.24,-63.551,"Oort__Cloud",47.082,-95.802,"ʚneul_ɞ",0.383,-108.255,"卯月満開",-41.723,-89.617,8661.703,-0.771,-20.727,8664.67,8,"卯月満開",-34.765,-82.34,0,0,0,0,0,0,0,2
178,9,0,4,2,0,0,1,1,0,1,10,255,15,16,8774.208,"TaeGeuk_",R,3,126,0.644,-0.926,0.616,0.948,-36.718,0,0,-484.959,0,-1.444,0,0,0,4,8,R,"あくせる",175.1,107,0.28,0,59,0,0,0,0,0,0,0,0,0,0,0,0,0,0,0,0,0.228,-37.262,"HalF_HearteD",-0.009,-16.671,"Azuner",-19.822,-44.994,"장덕춘_",-14.489,-63.812,"bdg06213",23.403,-50.049,"Pugeuk",2.462,-60.803,"Oort__Cloud",40.331,-90.139,"ʚneul_ɞ",0.021,-107.522,"卯月満開",-41.955,-90.464,0,0,0,0,0,"",0,0,0,0,0,0,0,0,0,0
179,9,0,4,2,0,1,1,1,0,1,10,255,15,17,8790.262,"TaeGeuk_",R,33,134,-0.943,0.712,0.251,1.127,-36.252,0,0,123.079,52.228,0.07,0,0,0,4,8,R,"あくせる",175.1,107,0.28,0,59,0,0,0,0,0,0,0,0,0,0,0,0,0,0,0,0,0.204,-37.213,"HalF_HearteD",0.157,-16.851,"Azuner",-20.59,-45.039,"장덕춘_",-14.46,-63.791,"bdg06213",23.579,-50.281,"Pugeuk",4.459,-63.574,"Oort__Cloud",39.309,-88.753,"ʚneul_ɞ",0.012,-107.281,"卯月満開",-40.778,-88.448,0,0,0,0,0,"",0,0,0,0,0,0,0,0,0,0
180,9,0,4,2,0,2,1,1,0,1,10,255,15,18,8806.144,"TaeGeuk_",R,3,118,0.417,-1.855,0.565,0.69,-36.566,1,0,-379.92,0,-8.606,0,0,0,4,8,R,"あくせる",175.1,107,0.28,0,59,0,0,0,0,0,0,0,0,0,0,0,0,0,0,0,0,0.155,-36.87,"HalF_HearteD",-0.249,-16.561,"Azuner",-20.556,-45.082,"장덕춘_",-13.474,-63.185,"bdg06213",24.502,-51.708,"Pugeuk",2.518,-61.988,"Oort__Cloud",39.6,-88.738,"ʚneul_ɞ",-0.132,-107.824,"卯月満開",-40.854,-89.889,0,0,0,0,0,"",0,0,0,0,0,0,0,0,0,0
181,9,0,4,2,1,2,1,1,0,1,10,255,15,19,8820.134,"TaeGeuk_",R,33,140,-0.082,0.355,0.332,1.057,-36.377,2,0,126.694,14.723,-1.456,0,0,1,4,8,R,"あくせる",175.1,107,0.28,3,59,8821.194,148,77,3,124,135,119,107.328,-66.188,0.73,-0.035,-0.094,0.232,0,0,0,0.419,-36.476,"HalF_HearteD",-0.158,-16.84,"Azuner",-19.732,-43.536,"장덕춘_",-14.379,-63.903,"bdg06213",22.89,-52.387,"Pugeuk",8.123,-65.435,"Oort__Cloud",39.479,-88.746,"ʚneul_ɞ",0.246,-109.626,"卯月満開",-40.821,-90.005,0,0,0,0,0,"",0,0,0,0,0,0,0,0,0,3
182,9,0,4,2,1,2,1,1,0,1,10,255,15,20,8840.131,"TaeGeuk_",R,4,122,-1.318,-0.286,0.333,0.945,-36.443,0,0,-213.492,0,-0.452,0,0,1,4,8,R,"あくせる",175.1,107,0.28,0,59,0,0,0,0,0,0,0,0,0,0,0,0,0,0,0,0,-0.368,-37.173,"HalF_HearteD",-0.363,-17.384,"Azuner",-20.138,-45.36,"장덕춘_",-13.597,-63.083,"bdg06213",23.952,-51.229,"Pugeuk",1.087,-60.738,"Oort__Cloud",42.15,-87.012,"ʚneul_ɞ",-0.179,-108.354,"卯月満開",-41.79,-91.588,0,0,0,0,0,"",0,0,0,0,0,0,0,0,0,0
183,9,0,4,2,0,0,2,0,1,1,255,10,15,21,8869.195,"TaeGeuk_",R,33,137,-0.555,-0.694,0.285,0.983,-36.433,0,0,132.044,-42.325,0.589,0,0,0,5,5,L,"檸檬の残骸",160,107,0.502,0,31,0,0,0,0,0,0,0,0,0,0,0,0,0,0,0,0,-0.174,-36.727,"HalF_HearteD",-0.147,-16.671,"Azuner",-20.479,-45.478,"장덕춘_",-14.558,-64.013,"bdg06213",23.434,-51.855,"Pugeuk",9.908,-62.414,"Oort__Cloud",40.997,-90.18,"ʚneul_ɞ",3.602,-108.151,"卯月満開",-41.04,-92.148,0,0,0,0,0,"",0,0,0,0,0,0,0,0,0,0
184,9,0,4,2,0,1,2,0,1,1,255,10,15,22,8881.108,"TaeGeuk_",R,0,138,1.867,-0.879,0.564,0.986,-36.655,4,0,-39.727,0,-10.506,0,0,1,5,5,L,"檸檬の残骸",160,107,0.502,0,31,0,0,0,0,0,0,0,0,0,0,0,0,0,0,0,0,0.059,-36.949,"HalF_HearteD",-0.118,-16.733,"Azuner",-20.389,-45.607,"장덕춘_",-14.529,-63.948,"bdg06213",23.315,-51.364,"Pugeuk",10.344,-62.499,"Oort__Cloud",43.766,-90.934,"ʚneul_ɞ",3.574,-108.455,"卯月満開",-41.019,-92.112,0,0,0,0,0,"",0,0,0,0,0,0,0,0,0,0
185,9,0,4,2,0,2,2,0,1,1,255,10,15,23,8894.763,"TaeGeuk_",R,32,137,1.057,0.019,0.415,0.982,-36.496,0,0,193.57,-50.551,4.158,0,0,0,5,5,L,"檸檬の残骸",160,107,0.502,0,31,0,0,0,0,0,0,0,0,0,0,0,0,0,0,0,0,-0.023,-37.184,"HalF_HearteD",0.006,-16.369,"Azuner",-20.532,-45.663,"장덕춘_",-13.974,-63.017,"bdg06213",22.854,-52.094,"Pugeuk",11.109,-63.375,"Oort__Cloud",43.43,-91.072,"ʚneul_ɞ",3.326,-109.328,"卯月満開",-40.798,-92.109,0,0,0,0,0,"",0,0,0,0,0,0,0,0,0,0
