id,inn,half,scoreA,scoreB,ball,strk,out,b1,b2,b3,b1Idx,b2Idx,b3Idx,pCnt,pSec,pName,pHand,pType,pPow,spdK,zoneX,zoneY,startX,startY,zDist,call,balk,sH,sV,gyro,plx,plz,bSwing,bIdx,bPos,bZone,bName,bHCm,batLen,batCen,batType,bFps,hSec,rotS,rotL,shS,lgS,prepS,batSpd,ev,ldeg,sdeg,hPos,hMoveX,hMoveY,stayCon,buntGrip,handDist,PPosX,PPosY,PThrSpd,CName,CPosX,CPosY,CThrSpd,1BName,1BPosX,1BPosY,1BThrSpd,2BName,2BPosX,2BPosY,2BThrSpd,3BName,3BPosX,3BPosY,3BThrSpd,SSName,SSPosX,SSPosY,SSThrSpd,LFName,LFPosX,LFPosY,LFThrSpd,CFName,CFPosX,CFPosY,CFThrSpd,RFName,RFPosX,RFPosY,RFThrSpd,ltSec,lx,lz,cSec,cPos,cPlr,cx,cz,1BSafe,tag,cpSec,sb2Sec,sb3Sec,sbhSec,ass,result
1,1,1,0,0,0,1,0,0,0,0,255,255,255,0,1971.515,"アリアル",R,14,43,93,2.156,-1.154,0.739,1.344,-36.754,4,0,330.095,312.348,1.629,0,0,1,0,0,L,"ʚEveɞ",190,80,0.297,0,82,0,0,0,0,0,0,0,0,0,0,0,0,0,0,0,0,0.477,-37.569,0,"눈꽃",-0.02,-17.013,0,"Slaris",-20.059,-49.106,0,"아침땅_",-12.441,-65.134,0,"_이누_",20.315,-49.685,0,"coder_",12.962,-65.237,0,"소솨소솨",45.111,-87.35,0,"ke ro",0.771,-115.783,0,"Sabo_10",-40,-90.713,0,0,0,0,0,0,"",0,0,0,0,0,0,0,0,0,0
2,1,1,0,0,0,2,0,0,0,0,255,255,255,1,2002.777,"アリアル",R,14,53,100,2.128,-1.405,0.717,1.291,-36.759,4,0,354.756,312.601,-10.493,0,0,1,0,0,L,"ʚEveɞ",190,80,0.297,0,82,0,0,0,0,0,0,0,0,0,0,0,0,0,0,0,0,0.455,-37.605,0,"눈꽃",0.323,-17.182,0,"Slaris",-19.951,-48.18,0,"아침땅_",-12.435,-65.146,0,"_이누_",20.444,-50.233,0,"coder_",12.621,-65.395,0,"소솨소솨",45.174,-87.368,0,"ke ro",0.89,-109.335,0,"Sabo_10",-35.498,-94.824,0,0,0,0,0,0,"",0,0,0,0,0,0,0,0,0,0
3,1,1,0,0,0,0,1,0,0,0,255,255,255,2,2026.914,"アリアル",R,0,85,139,-0.433,0.728,0.569,1.479,-36.674,0,0,0,0,0,0,0,0,1,4,R,"Megu3568",175.3,86,0.404,0,50,0,0,0,0,0,0,0,0,0,0,0,0,0,0,0,0,0.512,-37.331,0,"눈꽃",-0.737,-16.944,0,"Slaris",-21.948,-49.594,0,"아침땅_",-15.664,-63.029,0,"_이누_",20.65,-52.172,0,"coder_",12.206,-65.626,0,"소솨소솨",39.735,-90.329,0,"ke ro",-15.684,-118.431,0,"Sabo_10",-43.874,-92.076,0,0,0,0,0,0,"",0,0,0,0,0,0,0,0,0,0
4,1,1,0,0,0,1,1,0,0,0,255,255,255,3,2041.249,"アリアル",R,0,85,139,0.034,1.053,0.604,1.475,-36.79,0,0,0,0,0,0,0,1,1,4,R,"Megu3568",175.3,86,0.404,0,50,0,0,0,0,0,0,0,0,0,0,0,0,0,0,0,0,0.392,-37.295,0,"눈꽃",-0.531,-16.881,0,"Slaris",-21.973,-48.802,0,"아침땅_",-15.651,-63.045,0,"_이누_",20.498,-52.228,0,"coder_",10.996,-65.939,0,"소솨소솨",32.991,-88.243,0,"ke ro",-15.85,-114.899,0,"Sabo_10",-45.453,-91.23,0,0,0,0,0,0,"",0,0,0,0,0,0,0,0,0,0
5,1,1,0,0,0,2,1,0,0,0,255,255,255,4,2066.271,"アリアル",R,0,78,129,-0.524,1.522,0.493,1.542,-36.762,2,0,0,0,0,0,0,1,1,4,R,"Megu3568",175.3,86,0.404,3,49,2067.387,218,17,149,91,31,150,74,26.637,-18.014,0.97,0.023,0.099,0.306,0,0.495,0.616,-37.429,0,"눈꽃",-0.009,-17.026,0,"Slaris",-21.229,-50.054,0,"아침땅_",-15.774,-63.126,0,"_이누_",20.225,-52.443,0,"coder_",11.742,-65.771,90,"소솨소솨",32.999,-88.237,0,"ke ro",-16.749,-117.002,0,"Sabo_10",-45.47,-91.19,0,2069.219,20.242,-69.345,2069.402,5,"coder_",19.32,-67.159,0,0,0,0,0,0,0,1
6,1,1,0,0,0,0,2,0,0,0,255,255,255,5,2093.895,"アリアル",R,3,85,124,-3.109,-0.853,0.553,1.364,-36.868,4,0,-500,0,2.225,0,0,1,2,7,R,"Gonyong",174.6,80,0.2,0,49,0,0,0,0,0,0,0,0,0,0,0,0,0,0,0,0,0.577,-37.367,0,"눈꽃",-0.549,-17.18,111,"Slaris",-21.384,-47.453,0,"아침땅_",-15.3,-63.318,0,"_이누_",18.678,-54.496,0,"coder_",10.629,-66.114,0,"소솨소솨",31.959,-89.452,0,"ke ro",-4.175,-104.445,0,"Sabo_10",-45.85,-88.541,0,0,0,0,0,0,"",0,0,0,0,0,0,0,0,0,0
7,1,1,0,0,0,1,2,0,0,0,255,255,255,6,2110.907,"アリアル",R,3,78,116,-2.13,1.087,0.528,1.412,-36.817,1,0,-500,0,14.424,0,0,0,2,7,R,"Gonyong",174.6,80,0.2,0,49,0,0,0,0,0,0,0,0,0,0,0,0,0,0,0,0,0.628,-37.334,0,"눈꽃",-1,-17.004,0,"Slaris",-20.744,-48.857,0,"아침땅_",-15.285,-63.349,0,"_이누_",19.218,-53.678,0,"coder_",11.58,-65.446,0,"소솨소솨",33.198,-89.446,0,"ke ro",-4.142,-104.74,0,"Sabo_10",-45.758,-88.585,0,0,0,0,0,0,"",0,0,0,0,0,0,0,0,0,0
8,1,1,0,0,1,1,2,0,0,0,255,255,255,7,2124.784,"アリアル",R,13,88,126,0.168,-0.006,0.578,1.461,-36.698,2,0,-390.434,312.348,11.445,0,0,1,2,7,R,"Gonyong",174.6,80,0.2,3,49,2125.697,255,11,97,66,42,150,69,24.799,41.32,0.98,-0.042,-0.018,0.001,0,0.26,0.709,-37.231,120,"눈꽃",-0.465,-17.192,0,"Slaris",-20.849,-48.325,86,"아침땅_",-15.722,-62.967,95,"_이누_",20.311,-52.57,0,"coder_",11.749,-65.795,0,"소솨소솨",33.194,-89.441,0,"ke ro",-1.539,-103.806,0,"Sabo_10",-43.768,-86.763,96,2126.919,-31.087,-52.404,2129.119,8,"Sabo_10",-43.386,-64.797,1,0,0,0,0,0,0,2
9,1,1,0,0,0,0,2,1,0,0,7,255,255,8,2179.281,"アリアル",R,14,50,98,3.059,-2.205,0.727,1.322,-36.782,4,0,347.842,312.348,-15.86,0.591,-19.425,1,3,1,L,"Pring__",179.8,94.516,0.485,0,49,0,0,0,0,0,0,0,0,0,0,0,0,0,0,0,0,0.479,-37.68,0,"눈꽃",0.072,-17.109,0,"Slaris",-20.31,-43.806,89,"아침땅_",-9.247,-64.461,0,"_이누_",20.463,-50.188,0,"coder_",9.099,-64.593,0,"소솨소솨",47.18,-96.432,0,"ke ro",0.039,-119.169,0,"Sabo_10",-42.357,-90.793,0,0,0,0,0,0,"",0,0,0,0,0,0,0,0,0,0
10,1,1,0,0,0,1,2,1,0,0,7,255,255,9,2229.746,"アリアル",R,14,51,98,1.778,-1.61,0.697,1.288,-36.76,2,0,347.842,312.348,1.505,0,0,1,3,1,L,"Pring__",179.8,94.516,0.485,3,49,2230.65,153,23,64,113,63,140,81,-1.399,-10.277,0.95,0,-0.042,0.106,0,0.502,0.525,-37.063,0,"눈꽃",0.011,-17.17,0,"Slaris",-18.921,-46.74,0,"아침땅_",-12.122,-64.805,0,"_이누_",23.398,-50.984,0,"coder_",12.231,-65.4,98,"소솨소솨",47.204,-96.518,0,"ke ro",1.031,-121.238,0,"Sabo_10",-45.844,-93.355,0,2229.036,1.732,-27.316,2231.186,5,"coder_",7.64,-58.629,0,0,0,0,0,0,0,2
11,1,0,0,0,0,0,0,0,0,0,255,255,255,0,2464.632,"ʚEveɞ",R,10,82,123,-2.345,-1.135,-0.018,1.75,-36.24,1,0,0,400,0.427,-0.519,-17.177,0,0,5,R,"coder_",164,80,0.497,0,57,0,0,0,0,0,0,0,0,0,0,0,0,0,0,0,0,-0.018,-37.053,0,"Pring__",-0.024,-17.071,111,"Fresh825",-23.705,-46.149,0,"とりらむ",-10.648,-60.014,0,"Megu3568",14.259,-39.778,0,"Yaksok~",10.491,-65.194,0,"IbikiKai_JP",39.701,-91.141,0,"Gonyong",-8.674,-108.086,0,"SOM_candy",-41.162,-79.523,0,0,0,0,0,0,"",0,0,0,0,0,0,0,0,0,0
12,1,0,0,0,1,0,0,0,0,0,255,255,255,1,2476.818,"ʚEveɞ",R,3,73,119,-1.509,-0.085,0.149,1.771,-36.223,1,0,-264.418,0,-19.575,0,0,0,0,5,R,"coder_",164,80,0.497,0,57,0,0,0,0,0,0,0,0,0,0,0,0,0,0,0,0,-0.074,-37.008,0,"Pring__",-0.018,-16.988,0,"Fresh825",-23.401,-46.307,0,"とりらむ",-11.199,-60.671,0,"Megu3568",12.721,-38.314,0,"Yaksok~",10.508,-65.211,0,"IbikiKai_JP",39.717,-91.148,0,"Gonyong",-8.669,-108.231,0,"SOM_candy",-40.244,-78.235,0,0,0,0,0,0,"",0,0,0,0,0,0,0,0,0,0
13,1,0,0,0,2,0,0,0,0,0,255,255,255,2,2489.293,"ʚEveɞ",R,26,87,140,2.184,1.34,0.409,1.924,-36.428,1,0,-20.125,-200,5.312,0,0,0,0,5,R,"coder_",164,80,0.497,0,57,0,0,0,0,0,0,0,0,0,0,0,0,0,0,0,0,0.031,-36.898,0,"Pring__",0.014,-16.953,0,"Fresh825",-23.108,-46.161,0,"とりらむ",-12.254,-63.613,0,"Megu3568",17.384,-44.453,0,"Yaksok~",10.489,-65.227,0,"IbikiKai_JP",39.72,-91.162,0,"Gonyong",-8.658,-108.169,0,"SOM_candy",-40.076,-78.08,0,0,0,0,0,0,"",0,0,0,0,0,0,0,0,0,0
14,1,0,0,0,3,0,0,0,0,0,255,255,255,3,2502.643,"ʚEveɞ",R,26,83,136,0.741,-0.133,0.269,1.722,-36.259,2,0,-2.304,-161.037,8.815,0,0,1,0,5,R,"coder_",164,80,0.497,3,57,2503.739,218,18,107,67,33,150,91,56.355,54.442,-0.16,-0.119,-0.061,0.175,0,0.244,0.142,-36.425,0,"Pring__",0.037,-17.03,0,"Fresh825",-23.138,-46.159,0,"とりらむ",-12.27,-63.606,0,"Megu3568",17.525,-44.457,0,"Yaksok~",10.556,-65.254,0,"IbikiKai_JP",39.961,-91.043,0,"Gonyong",-8.652,-108.358,0,"SOM_candy",-41.562,-78.647,0,2506.969,-59.677,-51.194,0,0,"",0,0,0,0,0,0,0,0,0,3
15,1,0,0,0,3,1,0,0,0,0,255,255,255,4,2523.615,"ʚEveɞ",R,14,68,110,0.353,0.185,0.083,1.935,-36.341,0,0,390.434,312.348,19.905,0,0,0,0,5,R,"coder_",164,80,0.497,0,58,0,0,0,0,0,0,0,0,0,0,0,0,0,0,0,0,0.01,-36.949,0,"Pring__",0.035,-16.951,0,"Fresh825",-23.759,-47.456,0,"とりらむ",-13.069,-64.133,0,"Megu3568",17.617,-44.517,0,"Yaksok~",9.979,-64.618,0,"IbikiKai_JP",34.165,-90.851,0,"Gonyong",-10.591,-110.385,0,"SOM_candy",-41.566,-76.33,0,0,0,0,0,0,"",0,0,0,0,0,0,0,0,0,0
16,1,0,0,0,3,2,0,0,0,0,255,255,255,5,2540.502,"ʚEveɞ",R,27,81,133,-0.236,0.202,0.18,1.774,-36.238,2,0,-7.314,-137.304,10.069,0,0,1,0,5,R,"coder_",164,80,0.497,3,58,2541.483,174,18,103,106,32,150,110,108.33,9.959,0.39,-0.161,-0.076,0.282,0,0.379,-0.117,-36.546,0,"Pring__",-0.022,-16.992,0,"Fresh825",-23.866,-47.201,0,"とりらむ",-12.945,-64.491,0,"Megu3568",17.694,-44.074,0,"Yaksok~",10.004,-64.64,0,"IbikiKai_JP",34.245,-90.822,0,"Gonyong",-10.614,-110.483,0,"SOM_candy",-41.521,-76.203,0,0,0,0,0,0,"",0,0,0,0,0,0,0,0,0,3
17,1,0,0,0,3,2,0,0,0,0,255,255,255,6,2559.161,"ʚEveɞ",R,0,68,122,-0.151,-1.991,0.186,1.495,-36.21,1,0,0,0,-24.206,-0.058,-18.18,0,0,5,R,"coder_",164,80,0.497,0,58,0,0,0,0,0,0,0,0,0,0,0,0,0,0,0,0,0.117,-36.378,0,"Pring__",0.009,-17.012,0,"Fresh825",-21.981,-44.624,0,"とりらむ",-12.823,-64.465,0,"Megu3568",18.23,-43.688,0,"Yaksok~",10.29,-65.308,0,"IbikiKai_JP",34.765,-91.915,0,"Gonyong",-10.513,-110.44,0,"SOM_candy",-43.208,-76.599,0,0,0,0,0,0,"",0,0,0,0,0,0,0,0,0,5
18,1,0,0,0,0,0,0,1,0,0,14,255,255,7,2583.368,"ʚEveɞ",R,26,81,133,0.384,0.45,0.187,1.828,-36.393,0,0,-7.38,-200,10.505,0,0,0,1,2,R,"Slaris",190,86.36,0.452,0,47,0,0,0,0,0,0,0,0,0,0,0,0,0,0,0,0,-0.271,-37.017,0,"Pring__",-0.036,-16.917,0,"Fresh825",-18.758,-39.754,0,"とりらむ",-12.762,-63.905,0,"Megu3568",17.006,-46.496,0,"Yaksok~",5.79,-62.352,0,"IbikiKai_JP",38.486,-110.066,0,"Gonyong",-0.633,-125.797,0,"SOM_candy",-43.569,-79.659,0,0,0,0,0,0,"",0,0,0,0,0,0,0,0,0,0
19,1,0,0,0,0,1,0,1,0,0,14,255,255,8,2599.452,"ʚEveɞ",R,27,87,140,0.242,0.418,0.221,1.83,-36.318,2,0,4.064,-142.571,10.588,0,0,1,1,2,R,"Slaris",190,86.36,0.452,3,47,2600.393,156,11,129,88,25,150,125,26.774,32.065,0.25,-0.03,-0.046,0.132,0,0.208,-0.055,-36.523,0,"Pring__",-0.011,-16.996,0,"Fresh825",-18.756,-39.711,0,"とりらむ",-12.911,-63.861,0,"Megu3568",16.877,-46.348,0,"Yaksok~",7.621,-62.624,0,"IbikiKai_JP",43.543,-100.991,0,"Gonyong",-0.754,-124.573,0,"SOM_candy",-49.577,-90.617,0,2603.669,-77.632,-104.679,0,0,"",0,0,0,0,0,0,0,0,0,4
20,1,0,0,2,0,0,0,0,0,0,255,255,255,9,2642.021,"ʚEveɞ",R,0,0,0,0,0,0,0,0,0,0,0,0,0,0,0,0,2,9,L,"encounter v",190,90,0.547,0,46,0,0,0,0,0,0,0,0,0,0,0,0,0,0,0,0,0,0,0,"",0,0,0,"",0,0,0,"",0,0,0,"",0,0,0,"",0,0,0,"",0,0,0,"",0,0,0,"",0,0,0,0,0,0,0,0,"",0,0,0,0,0,0,0,0,0,0
21,1,0,0,2,0,0,0,0,0,0,255,255,255,9,2703.972,"ʚEveɞ",R,27,88,140,-0.359,0.504,0.163,1.847,-36.239,2,0,13.542,-139.76,7.899,0,0,1,2,9,L,"encounter v",190,90,0.547,3,46,2705.098,255,3,146,67,40,150,103,3.09,-34.535,0.93,0,-0.107,0.349,0,0.601,0.157,-36.619,0,"Pring__",-0.049,-16.932,0,"Fresh825",-20.137,-48.231,68,"とりらむ",-9.762,-65.367,103,"Megu3568",17.677,-44.811,0,"Yaksok~",12.85,-64.042,0,"IbikiKai_JP",48.855,-102.523,104,"Gonyong",-0.499,-122.306,0,"SOM_candy",-41.217,-97.684,0,2704.236,16.865,-43.634,2707.219,6,"IbikiKai_JP",44.301,-84.318,1,0,0,0,0,0,0,2
22,1,0,0,2,0,0,0,1,0,0,9,255,255,10,2737.012,"ʚEveɞ",R,6,68,110,-1.695,-0.499,-0.058,1.701,-36.244,1,0,500,0,53.401,0,0,0,3,1,L,"눈꽃",179.8,90,0.496,0,46,0,0,0,0,0,0,0,0,0,0,0,0,0,0,0,0,0.11,-37,0,"Pring__",0.005,-16.916,0,"Fresh825",-18.923,-39.814,0,"とりらむ",-4.001,-63.394,0,"Megu3568",18.141,-44.611,0,"Yaksok~",13.78,-62.575,0,"IbikiKai_JP",53.431,-105.197,0,"Gonyong",0.473,-112.596,0,"SOM_candy",-40.773,-94.676,0,0,0,0,0,0,"",0,0,0,0,0,0,0,0,0,0
23,1,0,0,2,1,0,0,1,0,0,9,255,255,11,2751.851,"ʚEveɞ",R,26,88,140,-0.755,0.754,0.133,1.874,-36.306,0,0,-11.438,-161.474,6.856,0,0,1,3,1,L,"눈꽃",179.8,90,0.496,0,46,0,0,0,0,0,0,0,0,0,0,0,0,0,0,0,0,-0.032,-36.963,0,"Pring__",-0.011,-16.891,0,"Fresh825",-18.703,-39.831,0,"とりらむ",-5.945,-64.792,0,"Megu3568",18.109,-44.593,0,"Yaksok~",13.224,-62.795,0,"IbikiKai_JP",53.377,-105.108,0,"Gonyong",0.48,-112.608,0,"SOM_candy",-40.827,-95.221,0,0,0,0,0,0,"",0,0,0,0,0,0,0,0,0,0
24,1,0,0,2,1,1,0,1,0,0,9,255,255,12,2767.273,"ʚEveɞ",R,26,84,138,0.502,1.515,0.178,2.002,-36.384,4,0,35.382,-200,8.553,0,0,1,3,1,L,"눈꽃",179.8,90,0.496,0,46,0,0,0,0,0,0,0,0,0,0,0,0,0,0,0,0,-0.083,-36.983,0,"Pring__",-0.001,-16.921,0,"Fresh825",-18.722,-39.835,0,"とりらむ",-7.558,-64.428,0,"Megu3568",18.184,-44.645,0,"Yaksok~",14.403,-63.203,0,"IbikiKai_JP",53.381,-105.132,0,"Gonyong",0.477,-113.061,0,"SOM_candy",-40.885,-95.166,0,0,0,0,0,0,"",0,0,0,0,0,0,0,0,0,0
25,1,0,0,2,1,2,0,1,0,0,9,255,255,13,2781.148,"ʚEveɞ",R,10,79,120,-1.024,-1.341,0.122,1.685,-36.142,4,0,-52.152,400,-0.864,-0.257,-17.686,1,3,1,L,"눈꽃",179.8,90,0.496,0,46,0,0,0,0,0,0,0,0,0,0,0,0,0,0,0,0,0.143,-36.987,0,"Pring__",-0.053,-17.454,0,"Fresh825",-18.712,-39.833,0,"とりらむ",-5.208,-64.787,0,"Megu3568",18.144,-44.636,0,"Yaksok~",14.383,-63.221,0,"IbikiKai_JP",53.383,-105.126,0,"Gonyong",0.507,-112.925,0,"SOM_candy",-40.181,-91.716,0,0,0,0,0,0,"",0,0,0,0,0,0,0,0,0,0
26,1,0,0,2,0,0,1,1,0,0,9,255,255,14,2804.247,"ʚEveɞ",R,14,65,109,-1.375,-0.888,-0.035,1.714,-36.298,0,0,386.885,312.348,31.783,0,0,0,4,8,L,"Sabo_10",184.6,90,0.602,0,46,0,0,0,0,0,0,0,0,0,0,0,0,0,0,0,0,-0.15,-36.934,0,"Pring__",-0.027,-16.96,0,"Fresh825",-18.862,-39.765,0,"とりらむ",-4.076,-65.079,0,"Megu3568",17.89,-44.265,0,"Yaksok~",14.104,-63.391,0,"IbikiKai_JP",53.489,-102.919,0,"Gonyong",2.594,-119.552,0,"SOM_candy",-43.708,-101.456,0,0,0,0,0,0,"",0,0,0,0,0,0,0,0,0,0
27,1,0,0,2,0,1,1,1,0,0,9,255,255,15,2818.676,"ʚEveɞ",R,14,55,101,1.349,-0.108,0.173,1.906,-36.254,0,0,358.49,312.348,21.145,0,0,1,4,8,L,"Sabo_10",184.6,90,0.602,0,46,0,0,0,0,0,0,0,0,0,0,0,0,0,0,0,0,0.372,-36.918,0,"Pring__",0.122,-16.858,0,"Fresh825",-18.977,-39.688,0,"とりらむ",-7.005,-64.588,0,"Megu3568",17.929,-44.341,0,"Yaksok~",14.899,-62.939,0,"IbikiKai_JP",53.41,-102.76,0,"Gonyong",2.71,-119.476,0,"SOM_candy",-42.665,-101.789,0,0,0,0,0,0,"",0,0,0,0,0,0,0,0,0,0
28,1,0,0,2,0,2,1,1,0,0,9,255,255,16,2833.056,"ʚEveɞ",R,26,80,131,1.395,1.217,0.334,1.952,-36.321,1,0,-15.273,-200,12.874,0,0,0,4,8,L,"Sabo_10",184.6,90,0.602,0,46,0,0,0,0,0,0,0,0,0,0,0,0,0,0,0,0,0.038,-36.892,0,"Pring__",0.023,-16.84,0,"Fresh825",-18.99,-39.679,0,"とりらむ",-5.798,-65.975,0,"Megu3568",17.99,-44.417,0,"Yaksok~",14.907,-62.961,0,"IbikiKai_JP",52.727,-101.82,0,"Gonyong",2.738,-119.431,0,"SOM_candy",-41.336,-98.365,0,0,0,0,0,0,"",0,0,0,0,0,0,0,0,0,0
29,1,0,0,2,1,2,1,1,0,0,9,255,255,17,2847.456,"ʚEveɞ",R,26,93,140,1.585,0.336,0.342,1.798,-36.324,4,0,18.269,-189.401,4.405,0.621,-17.207,1,4,8,L,"Sabo_10",184.6,90,0.602,0,46,0,0,0,0,0,0,0,0,0,0,0,0,0,0,0,0,-0.071,-36.945,0,"Pring__",0.107,-16.882,0,"Fresh825",-18.971,-39.682,0,"とりらむ",-6.302,-65.426,0,"Megu3568",17.849,-44.264,0,"Yaksok~",14.99,-62.954,0,"IbikiKai_JP",52.443,-100.903,0,"Gonyong",2.727,-119.398,0,"SOM_candy",-41.571,-98.006,0,0,0,0,0,0,"",0,0,0,0,0,0,0,0,0,0
30,1,0,0,2,0,0,2,1,0,0,9,255,255,18,2867.414,"ʚEveɞ",R,32,76,128,1.046,-0.46,0.248,1.65,-36.229,0,0,184.437,-162.973,-12.229,0,0,0,5,4,R,"_이누_",190,90.187,0.45,0,45,0,0,0,0,0,0,0,0,0,0,0,0,0,0,0,0,0.188,-37.036,0,"Pring__",0.034,-16.886,0,"Fresh825",-18.996,-39.669,0,"とりらむ",-9.136,-64.182,0,"Megu3568",18.034,-44.528,0,"Yaksok~",16.048,-63.514,0,"IbikiKai_JP",51.449,-100.067,0,"Gonyong",3.631,-113.637,0,"SOM_candy",-42.921,-86.967,0,0,0,0,0,0,"",0,0,0,0,0,0,0,0,0,0
31,1,0,0,2,0,1,2,1,0,0,9,255,255,19,3089.557,"ʚEveɞ",R,27,72,125,0.266,0.745,0.241,1.895,-36.3,0,0,-49.975,-113.579,18.774,0,0,0,5,4,R,"_이누_",190,90.187,0.45,0,77,0,0,0,0,0,0,0,0,0,0,0,0,0,0,0,0,0.067,-36.586,0,"Pring__",0.02,-16.773,0,"Fresh825",-18.788,-39.5,0,"とりらむ",-10.032,-61.901,0,"Megu3568",17.61,-46.468,0,"IbikiKai_JP",11.338,-64.561,0,"AI",35.701,-81.801,0,"Gonyong",1.862,-113.012,0,"SOM_candy",-41.238,-79.003,0,0,0,0,0,0,"",0,0,0,0,0,0,0,0,0,0
32,1,0,0,2,0,2,2,1,0,0,9,255,255,20,3109.852,"ʚEveɞ",R,0,73,126,-0.068,-0.75,0.198,1.639,-36.183,2,0,-13.623,0,-13.658,0,0,1,5,4,R,"_이누_",190,90.187,0.45,3,77,3111.062,227,12,71,36,12,140,130,-8.499,36.541,0.61,0.022,-0.065,0.167,0,0.15,-0.037,-36.515,0,"Pring__",0.002,-16.915,0,"Fresh825",-18.813,-39.53,0,"とりらむ",-12.029,-62.916,0,"Megu3568",18.598,-46.428,0,"IbikiKai_JP",11.56,-64.494,0,"AI",35.702,-81.801,0,"Gonyong",2.753,-112.851,0,"SOM_candy",-41.018,-75.99,99,3109.002,-2.537,-22.101,3111.236,8,"SOM_candy",-36.916,-68.265,0,0,0,0,0,0,0,2
33,2,1,0,2,0,0,0,0,0,0,255,255,255,10,3197.101,"アリアル",R,3,88,126,-1.316,-0.011,0.658,1.409,-36.945,0,0,-500,0,2.002,0,0,0,4,5,R,"Yaksok~",173.2,90.462,0.303,0,45,0,0,0,0,0,0,0,0,0,0,0,0,0,0,0,0,0.372,-37.531,0,"눈꽃",-0.556,-17.06,0,"Slaris",-20.482,-49.396,0,"아침땅_",-15.311,-63.239,0,"_이누_",19.403,-52.026,0,"coder_",10.493,-66.396,0,"소솨소솨",38.061,-84.498,0,"ke ro",-1.395,-106.329,0,"Sabo_10",-37.03,-81.763,0,0,0,0,0,0,"",0,0,0,0,0,0,0,0,0,0
34,2,1,0,2,0,1,0,0,0,0,255,255,255,11,3213.576,"アリアル",R,3,84,123,-3.374,0.184,0.455,1.326,-36.89,1,0,-498.638,0,8.321,0,0,0,4,5,R,"Yaksok~",173.2,90.462,0.303,0,45,0,0,0,0,0,0,0,0,0,0,0,0,0,0,0,0,0.404,-37.739,0,"눈꽃",-0.574,-17.053,0,"Slaris",-21.134,-48.328,0,"아침땅_",-15.57,-63.25,0,"_이누_",19.623,-51.541,0,"coder_",10.495,-66.378,0,"소솨소솨",36.589,-84.732,0,"ke ro",-1.389,-106.236,0,"Sabo_10",-41.83,-82.572,0,0,0,0,0,0,"",0,0,0,0,0,0,0,0,0,0
35,2,1,0,2,1,1,0,0,0,0,255,255,255,12,3228.724,"アリアル",R,3,83,122,-3.44,0.602,0.509,1.457,-36.865,4,0,-500,0,19.019,0,0,1,4,5,R,"Yaksok~",173.2,90.462,0.303,0,45,0,0,0,0,0,0,0,0,0,0,0,0,0,0,0,0,0.453,-37.772,0,"눈꽃",-0.327,-17.17,0,"Slaris",-21.707,-49.166,0,"아침땅_",-15.646,-63.135,0,"_이누_",18.143,-51.384,0,"coder_",10.27,-66.253,0,"소솨소솨",35.227,-83.054,0,"ke ro",2.105,-105.181,0,"Sabo_10",-42.188,-83.353,0,0,0,0,0,0,"",0,0,0,0,0,0,0,0,0,0
36,2,1,0,2,1,2,0,0,0,0,255,255,255,13,3243.113,"アリアル",R,13,91,126,-3.994,-1.058,0.397,1.228,-36.867,1,0,-390.434,312.348,28.389,0,0,0,4,5,R,"Yaksok~",173.2,90.462,0.303,0,71,0,0,0,0,0,0,0,0,0,0,0,0,0,0,0,0,0.465,-37.702,0,"눈꽃",-0.565,-17.114,0,"Slaris",-21.894,-47.131,0,"아침땅_",-15.725,-63.076,0,"_이누_",18.103,-51.153,0,"coder_",10.473,-66.247,0,"소솨소솨",35.234,-83.057,0,"ke ro",2.166,-105.678,0,"Sabo_10",-41.53,-82.75,0,0,0,0,0,0,"",0,0,0,0,0,0,0,0,0,0
37,2,1,0,2,2,2,0,0,0,0,255,255,255,14,3258.832,"アリアル",R,0,86,139,2.811,1.451,0.685,1.538,-36.763,4,0,0,0,0,0,0,1,4,5,R,"Yaksok~",173.2,90.462,0.303,0,71,0,0,0,0,0,0,0,0,0,0,0,0,0,0,0,0,0.433,-37.589,0,"눈꽃",0.163,-16.894,0,"Slaris",-21.399,-46.791,0,"아침땅_",-15.663,-63.178,0,"_이누_",21.161,-48.522,0,"coder_",9.184,-66.695,0,"소솨소솨",35.225,-83.053,0,"ke ro",2.169,-105.646,0,"Sabo_10",-42.944,-83.859,0,0,0,0,0,0,"",0,0,0,0,0,0,0,0,0,0
38,2,1,0,2,0,0,1,0,0,0,255,255,255,15,3281.538,"アリアル",R,0,88,140,-0.228,0.434,0.635,1.489,-36.799,0,0,0,0,0,0,0,0,5,3,R,"とりらむ",174.9,85.612,0.4,0,44,0,0,0,0,0,0,0,0,0,0,0,0,0,0,0,0,0.449,-37.668,0,"눈꽃",-0.692,-16.935,0,"Slaris",-20.11,-49.205,0,"아침땅_",-15.688,-63.09,0,"_이누_",20.549,-51.991,0,"coder_",11.35,-66.074,0,"소솨소솨",36.021,-83.365,0,"ke ro",-0.237,-102.124,0,"Sabo_10",-39.223,-83.12,0,0,0,0,0,0,"",0,0,0,0,0,0,0,0,0,0
39,2,1,0,2,0,1,1,0,0,0,255,255,255,16,3294.038,"アリアル",R,0,81,133,0.832,0.784,0.599,1.396,-36.789,0,0,0,0,0,-0.519,-20.39,0,5,3,R,"とりらむ",174.9,85.612,0.4,0,44,0,0,0,0,0,0,0,0,0,0,0,0,0,0,0,0,0.619,-37.89,0,"눈꽃",0.027,-17.103,0,"Slaris",-19.962,-49.135,0,"아침땅_",-15.65,-63.112,0,"_이누_",20.491,-51.935,0,"coder_",11.36,-66.012,0,"소솨소솨",35.807,-82.659,0,"ke ro",-0.092,-101.97,0,"Sabo_10",-39.138,-81.884,0,0,0,0,0,0,"",0,0,0,0,0,0,0,0,0,0
40,2,1,0,2,0,2,1,0,0,0,255,255,255,17,3367.179,"アリアル",R,0,89,140,-1.546,1.51,0.594,1.589,-36.804,4,0,0,0,0,0,0,1,5,3,R,"とりらむ",174.9,85.612,0.4,0,44,0,0,0,0,0,0,0,0,0,0,0,0,0,0,0,0,0.431,-37.806,0,"눈꽃",0.014,-16.979,0,"Slaris",-21.485,-47.435,0,"아침땅_",-16.481,-62.547,0,"_이누_",20.465,-51.766,0,"coder_",11.605,-65.943,0,"소솨소솨",35.815,-82.667,0,"ke ro",0.491,-94.941,0,"Sabo_10",-39.779,-83.6,0,0,0,0,0,0,"",0,0,0,0,0,0,0,0,0,0
41,2,1,0,2,0,0,2,0,0,0,255,255,255,18,3386.862,"アリアル",R,9,46,95,3.331,0.167,0.789,1.337,-36.797,1,0,337.193,-312.348,39.005,0,0,0,6,8,L,"SOM_candy",180.4,94.547,0.503,0,44,0,0,0,0,0,0,0,0,0,0,0,0,0,0,0,0,0.445,-37.631,0,"눈꽃",0.225,-16.931,0,"Slaris",-19.821,-47.954,0,"아침땅_",-12.679,-64.926,0,"_이누_",22.719,-51.081,0,"coder_",14.27,-68.624,0,"소솨소솨",42.576,-84.843,0,"ke ro",12.058,-109.727,0,"Sabo_10",-36.967,-80.267,0,0,0,0,0,0,"",0,0,0,0,0,0,0,0,0,0
42,2,1,0,2,1,0,2,0,0,0,255,255,255,19,3404.711,"アリアル",R,0,88,140,1.17,-0.531,0.718,1.312,-36.768,0,0,0,0,0,0,0,0,6,8,L,"SOM_candy",180.4,94.547,0.503,0,44,0,0,0,0,0,0,0,0,0,0,0,0,0,0,0,0,0.383,-37.321,0,"눈꽃",-0.041,-17.039,0,"Slaris",-19.585,-48.074,0,"아침땅_",-12.679,-64.957,0,"_이누_",22.626,-50.634,0,"coder_",14.524,-69.237,0,"소솨소솨",41.708,-83.199,0,"ke ro",11.006,-109.463,0,"Sabo_10",-35.973,-78.541,0,0,0,0,0,0,"",0,0,0,0,0,0,0,0,0,0
43,2,1,0,2,1,1,2,0,0,0,255,255,255,20,3423.276,"アリアル",R,0,83,136,0.56,-0.431,0.544,1.229,-36.742,0,0,0,0,0,0,0,0,6,8,L,"SOM_candy",180.4,94.547,0.503,0,44,0,0,0,0,0,0,0,0,0,0,0,0,0,0,0,0,0.368,-37.421,0,"눈꽃",0.041,-16.922,0,"Slaris",-20.052,-47.243,0,"아침땅_",-12.66,-64.946,0,"_이누_",22.72,-50.702,0,"coder_",13.876,-69.723,0,"소솨소솨",41.713,-83.19,0,"ke ro",9.444,-109.686,0,"Sabo_10",-33.757,-77.203,0,0,0,0,0,0,"",0,0,0,0,0,0,0,0,0,0
44,2,1,0,2,1,2,2,0,0,0,255,255,255,21,3435.335,"アリアル",R,14,51,99,2.482,-1.963,0.669,1.233,-36.691,1,0,351.391,312.348,-3.362,0,0,0,6,8,L,"SOM_candy",180.4,94.547,0.503,0,49,0,0,0,0,0,0,0,0,0,0,0,0,0,0,0,0,0.52,-37.84,0,"눈꽃",0.133,-16.939,0,"Slaris",-21.363,-46.328,0,"아침땅_",-12.675,-64.947,0,"_이누_",21.865,-48.415,0,"coder_",13.157,-67.363,0,"소솨소솨",41.677,-83.178,0,"ke ro",10.09,-108.445,0,"Sabo_10",-35.299,-77.671,0,0,0,0,0,0,"",0,0,0,0,0,0,0,0,0,0
45,2,1,0,2,2,2,2,0,0,0,255,255,255,22,3447.785,"アリアル",R,0,81,133,-3.153,1.35,0.408,1.475,-36.736,2,0,0,0,0,0,0,1,6,8,L,"SOM_candy",180.4,94.547,0.503,3,49,3448.896,87,7,102,61,51,130,78,57.911,33.934,-0.8,-0.065,0.085,0.193,0,0.174,0.423,-37.387,0,"눈꽃",-0.164,-17.018,0,"Slaris",-20.941,-48.046,0,"아침땅_",-12.661,-64.946,0,"_이누_",21.097,-49.48,0,"coder_",12.347,-66.694,0,"소솨소솨",41.69,-83.159,0,"ke ro",8.675,-108.617,0,"Sabo_10",-37.996,-80.252,0,3451.886,-27.386,-59.308,3452.452,-1,"gwant",-26.949,-58.656,0,0,0,0,0,0,0,1
46,2,0,0,2,0,0,0,0,0,0,255,255,255,21,3508.614,"ʚEveɞ",R,14,65,108,0.116,0.284,0.104,1.939,-36.354,0,0,343.066,357.64,24.533,0,0,0,6,3,R,"아침땅_",160,95,0.5,0,44,0,0,0,0,0,0,0,0,0,0,0,0,0,0,0,0,0.013,-36.91,0,"Pring__",-0.002,-16.828,0,"Fresh825",-23.826,-47.661,0,"とりらむ",-12.879,-62.946,0,"Megu3568",18.306,-45.076,0,"Yaksok~",12.561,-64.583,0,"IbikiKai_JP",36.919,-90.121,0,"Gonyong",-5.936,-110.677,0,"SOM_candy",-45.98,-81.276,0,0,0,0,0,0,"",0,0,0,0,0,0,0,0,0,0
47,2,0,0,2,0,1,0,0,0,0,255,255,255,22,3523.571,"ʚEveɞ",R,6,67,113,0.682,0.775,0.137,1.891,-36.351,2,0,340.678,0,10.847,0,0,1,6,3,R,"아침땅_",160,95,0.5,2,44,3524.647,161,11,115,99,76,150,94,26.01,-17.745,-0.05,-0.005,-0.038,0.062,0.048,0.412,0.034,-36.585,0,"Pring__",-0.006,-17.048,0,"Fresh825",-23.856,-47.446,0,"とりらむ",-12.752,-63.393,0,"Megu3568",18.281,-45.038,0,"Yaksok~",12.566,-64.581,0,"IbikiKai_JP",37.378,-90.729,98,"Gonyong",-5.908,-110.765,0,"SOM_candy",-45.875,-80.099,0,3527.252,29.293,-95.375,3527.402,6,"IbikiKai_JP",28.263,-92.849,0,0,0,0,0,0,0,1
48,2,0,0,2,0,0,1,0,0,0,255,255,255,23,3558.637,"ʚEveɞ",R,27,80,132,-0.839,-0.469,0.117,1.678,-36.199,2,0,19.509,-138.877,5.634,0,0,1,7,7,L,"ke ro",164.6,85.04,0.421,2,43,3559.633,255,9,80,59,43,150,81,56.528,1.59,-0.82,0.05,-0.078,0.265,0,0.371,-0.057,-36.457,0,"Pring__",-0.088,-16.855,0,"Fresh825",-19.57,-49.015,0,"とりらむ",-8.134,-65.004,86,"Megu3568",17.769,-45.278,0,"Yaksok~",14.596,-63.467,93,"IbikiKai_JP",38.542,-95.629,0,"Gonyong",1.445,-109.986,0,"SOM_candy",-39.094,-81.058,0,0,0,0,3563.052,3,"とりらむ",0.1,-63.104,0,0,0,0,0,0,0,1
49,2,0,0,2,0,0,2,0,0,0,255,255,255,24,3588.492,"ʚEveɞ",R,27,81,133,0.489,0.968,0.251,1.884,-36.319,0,0,-22.255,-116.027,8.217,0,0,0,8,6,R,"소솨소솨",160,80,0.5,0,43,0,0,0,0,0,0,0,0,0,0,0,0,0,0,0,0,-0.057,-36.941,0,"Pring__",0.063,-16.772,0,"Fresh825",-21.716,-47.367,0,"とりらむ",-12.518,-63.851,0,"Megu3568",18.495,-45.381,0,"Yaksok~",9.956,-64.508,0,"IbikiKai_JP",33.914,-90.061,0,"Gonyong",0.715,-117.707,0,"SOM_candy",-42.121,-82.582,0,0,0,0,0,0,"",0,0,0,0,0,0,0,0,0,0
50,2,0,0,2,0,1,2,0,0,0,255,255,255,25,3604.257,"ʚEveɞ",R,10,68,113,1.245,-0.535,0.316,1.858,-36.201,2,0,0,400,-18.628,0,0,1,8,6,R,"소솨소솨",160,80,0.5,2,43,3605.195,255,18,38,104,76,124,69,28.832,-31.96,-0.8,0.015,-0.073,0.067,0,0.862,0.072,-36.372,0,"Pring__",-0.061,-16.831,0,"Fresh825",-23.201,-46.89,0,"とりらむ",-12.45,-63.879,85,"Megu3568",18.371,-45.258,0,"Yaksok~",10.82,-65.481,0,"IbikiKai_JP",33.218,-87.747,102,"Gonyong",-3.687,-117.587,0,"SOM_candy",-43.376,-83.445,0,3606.736,28.057,-60.658,3608.236,6,"IbikiKai_JP",34.434,-66.21,1,0,0,0,0,0,0,2
51,2,0,0,2,0,0,2,1,0,0,15,255,255,26,3634.847,"ʚEveɞ",R,27,87,140,4.036,1.048,0.328,1.88,-36.306,2,0,-20.553,-109.855,6.914,0,0,0,0,5,R,"coder_",164,107,0.497,3,43,3635.908,9,0,1,0,0,0,32,-0.613,31.24,-0.82,0.037,0.002,0.022,1,0.685,0.295,-36.578,0,"Pring__",0.004,-16.82,0,"Fresh825",-18.973,-39.824,0,"とりらむ",-10.575,-62.668,0,"Megu3568",16.074,-42.402,0,"Yaksok~",10.618,-62.093,0,"IbikiKai_JP",34.098,-85.803,0,"Gonyong",-4.924,-115.483,0,"SOM_candy",-42.932,-83.161,0,3634.336,-2.791,-25.022,3640.369,3,"とりらむ",-16.802,-52.744,1,0,0,0,0,0,0,2
52,2,0,0,2,0,0,2,1,1,0,14,15,255,27,3665.851,"ʚEveɞ",R,15,52,104,-1.615,0.379,0.044,1.769,-36.121,2,0,14.271,-281.676,58.182,0,0,1,1,2,R,"Slaris",190,86.36,0.452,3,43,3666.937,100,11,85,106,59,137,109,-14.732,31.839,0.9,0.03,0.026,0.112,0,0.162,0.046,-36.444,120,"Pring__",-0.473,-16.846,0,"Fresh825",-21.231,-46.192,0,"とりらむ",-11.16,-62.624,0,"Megu3568",17.837,-44.565,0,"Yaksok~",8.66,-61.456,0,"IbikiKai_JP",49.489,-108.047,0,"Gonyong",3.647,-123.288,0,"SOM_candy",-51.136,-99.566,98,3664.802,-2.887,-24.736,3668.586,8,"SOM_candy",-35.403,-86.742,1,0,0,0,0,0,0,2
53,2,0,0,3,0,0,2,1,0,1,11,255,14,28,3720.758,"ʚEveɞ",R,0,0,0,0,0,0,0,0,0,0,0,0,0,0,0,0,2,9,L,"encounter v",190,90,0.547,0,43,0,0,0,0,0,0,0,0,0,0,0,0,0,0,0,0,0,0,0,"",0,0,0,"",0,0,0,"",0,0,0,"",0,0,0,"",0,0,0,"",0,0,0,"",0,0,0,"",0,0,0,0,0,0,0,0,"",0,0,0,0,0,0,0,0,0,0
54,2,0,0,3,0,0,2,1,0,1,11,255,14,28,3782.778,"ʚEveɞ",R,26,80,132,1.553,0.564,0.334,1.845,-36.378,2,0,36.007,-175.704,9.293,0,0,1,2,9,L,"encounter v",190,90,0.547,3,43,3784.016,218,17,121,63,48,150,104,25.939,-46.045,0.91,-0.008,-0.088,0.278,0,0.503,-0.007,-36.743,0,"Pring__",0.085,-16.856,0,"Fresh825",-18.672,-39.754,0,"とりらむ",-6.932,-64.334,0,"Megu3568",18.442,-43.158,0,"Yaksok~",16.712,-61.665,0,"IbikiKai_JP",51.068,-106.692,0,"Gonyong",0.887,-119.045,0,"SOM_candy",-41.436,-101.282,0,3786.903,70.441,-84.874,0,0,"",0,0,0,0,0,0,0,0,0,3
55,2,0,0,3,0,1,2,0,1,1,255,11,14,29,3807.619,"ʚEveɞ",R,6,65,108,-0.738,-0.218,-0.058,1.751,-36.279,0,0,490.787,11.174,16.761,0,0,0,2,9,L,"encounter v",190,90,0.547,0,43,0,0,0,0,0,0,0,0,0,0,0,0,0,0,0,0,-0.097,-36.998,0,"Pring__",0.141,-17.488,0,"Fresh825",-18.988,-39.686,0,"とりらむ",-5.228,-65.737,0,"Megu3568",18.75,-43.262,0,"Yaksok~",16.993,-60.394,0,"IbikiKai_JP",51.821,-102.336,0,"Gonyong",1.656,-117.744,0,"SOM_candy",-37.974,-98.255,0,0,0,0,0,0,"",0,0,0,0,0,0,0,0,0,0
56,2,0,0,3,0,2,2,0,1,1,255,11,14,30,3824.466,"ʚEveɞ",R,26,84,137,-2.851,0.978,-0.076,1.926,-36.281,2,0,13.495,-156.894,16.514,0,0,1,2,9,L,"encounter v",190,90,0.547,3,43,3825.606,237,9,156,73,36,150,88,27.174,-24.109,-0.89,0.01,-0.122,0.425,0,0.418,-0.209,-36.528,0,"Pring__",0.029,-16.843,0,"Fresh825",-18.825,-39.637,0,"とりらむ",-7.407,-65.163,107,"Megu3568",17.604,-43.964,86,"Yaksok~",17.02,-60.415,0,"IbikiKai_JP",51.511,-100.923,91,"Gonyong",1.637,-117.835,0,"SOM_candy",-38.409,-97.84,0,3828.169,32.647,-85.83,3828.852,6,"IbikiKai_JP",33.952,-88.35,1,0,0,0,0,0,0,2
57,2,0,0,4,0,0,2,1,1,0,9,11,255,31,3884.568,"ʚEveɞ",R,27,76,128,-1.177,0.424,0.1,1.818,-36.328,2,0,-31.024,-138.107,8.796,0,0,1,3,1,L,"눈꽃",179.8,90,0.496,3,42,3885.667,250,23,134,102,51,150,86,42.649,-40.097,-0.84,0.03,0.026,0.252,0,0.443,-0.023,-36.76,0,"Pring__",-0.029,-16.816,0,"Fresh825",-18.817,-39.672,0,"とりらむ",-6.939,-64.777,0,"Megu3568",17.939,-43.41,107,"Yaksok~",15.786,-62.257,0,"IbikiKai_JP",42.469,-95.562,108,"Gonyong",-1.375,-119.208,0,"SOM_candy",-39.693,-96.507,0,3888.219,43.49,-70.272,3888.919,6,"IbikiKai_JP",46.108,-73.273,1,0,0,0,0,0,0,2
58,2,0,0,5,0,0,2,1,1,0,10,9,255,32,3917.592,"ʚEveɞ",R,26,84,137,-0.114,-0.893,0.181,1.57,-36.232,2,0,30.418,-200,1.045,0,0,1,4,8,L,"Sabo_10",184.6,90,0.602,3,42,3918.733,145,15,100,121,57,150,129,6.546,-12.076,0.41,0.068,-0.048,0.218,0,0.425,0.061,-36.417,0,"Pring__",0.064,-16.795,0,"Fresh825",-18.901,-39.428,0,"とりらむ",-5.508,-64.528,0,"Megu3568",18.94,-44.257,0,"Yaksok~",17.359,-61.256,0,"IbikiKai_JP",50.605,-97.781,0,"Gonyong",2.526,-123.031,0,"SOM_candy",-40.407,-101.319,0,3917.952,14.048,-67.855,3918.136,5,"Yaksok~",12.727,-64.316,0,0,0,0,0,0,0,1
59,3,1,0,5,0,0,0,0,0,0,255,255,255,23,3963.711,"アリアル",R,6,44,94,4.176,-1.03,0.806,1.309,-36.842,4,0,427.273,0,22.491,0,0,1,7,6,L,"IbikiKai_JP",174.7,90,0.5,0,42,0,0,0,0,0,0,0,0,0,0,0,0,0,0,0,0,0.447,-38.056,0,"눈꽃",0.222,-17.145,0,"Slaris",-20.516,-47.017,0,"아침땅_",-12.315,-65.273,0,"_이누_",20.191,-47.939,0,"coder_",16.921,-72.808,0,"소솨소솨",43.515,-88.84,0,"ke ro",10.193,-112.327,0,"Sabo_10",-33.587,-81.155,0,0,0,0,0,0,"",0,0,0,0,0,0,0,0,0,0
60,3,1,0,5,0,1,0,0,0,0,255,255,255,24,3980.479,"アリアル",R,14,49,97,2.18,-2.012,0.717,1.29,-36.767,4,0,344.292,312.348,-2.458,0,0,1,7,6,L,"IbikiKai_JP",174.7,90,0.5,0,42,0,0,0,0,0,0,0,0,0,0,0,0,0,0,0,0,0.553,-37.792,0,"눈꽃",0.093,-17.123,0,"Slaris",-21.215,-47.975,0,"아침땅_",-11.749,-65.458,0,"_이누_",20.363,-48.953,0,"coder_",14.536,-71.177,0,"소솨소솨",39.038,-83.319,0,"ke ro",13.74,-115.127,0,"Sabo_10",-33.587,-81.104,0,0,0,0,0,0,"",0,0,0,0,0,0,0,0,0,0
61,3,1,0,5,0,2,0,0,0,0,255,255,255,25,3995.534,"アリアル",R,9,56,102,6.056,0.22,0.883,1.335,-36.774,1,0,329.566,-351.683,18.428,0,0,0,7,6,L,"IbikiKai_JP",174.7,90,0.5,0,42,0,0,0,0,0,0,0,0,0,0,0,0,0,0,0,0,0.57,-37.967,0,"눈꽃",0.087,-16.996,0,"Slaris",-20.769,-48.35,0,"아침땅_",-11.721,-65.503,0,"_이누_",20.806,-49.015,0,"coder_",14.824,-71.992,0,"소솨소솨",39.03,-83.284,0,"ke ro",12.988,-113.031,0,"Sabo_10",-33.529,-81.016,0,0,0,0,0,0,"",0,0,0,0,0,0,0,0,0,0
62,3,1,0,5,1,2,0,0,0,0,255,255,255,26,4009.539,"アリアル",R,9,57,103,4.586,0.09,0.812,1.291,-36.752,1,0,317.588,-367.372,24.851,1.809,-8.874,0,7,6,L,"IbikiKai_JP",174.7,90,0.5,0,42,0,0,0,0,0,0,0,0,0,0,0,0,0,0,0,0,0.454,-37.692,0,"눈꽃",0.256,-17.102,0,"Slaris",-19.461,-46.843,0,"아침땅_",-11.723,-65.503,0,"_이누_",21.322,-49.535,0,"coder_",12.837,-71.264,0,"소솨소솨",39.028,-83.292,0,"ke ro",13.084,-112.975,0,"Sabo_10",-30.547,-77.485,0,0,0,0,0,0,"",0,0,0,0,0,0,0,0,0,0
63,3,1,0,5,2,2,0,0,0,0,255,255,255,27,4032.439,"アリアル",R,0,82,134,-0.59,1.414,0.764,1.61,-36.904,1,0,0,0,0,0,0,0,7,6,L,"IbikiKai_JP",174.7,90,0.5,0,42,0,0,0,0,0,0,0,0,0,0,0,0,0,0,0,0,0.474,-37.779,0,"눈꽃",-0.082,-17.093,0,"Slaris",-20.767,-47.143,0,"아침땅_",-11.715,-65.49,0,"_이누_",21.806,-49.793,0,"coder_",14.777,-72.944,0,"소솨소솨",39.022,-83.3,0,"ke ro",10.509,-116.718,0,"Sabo_10",-32.67,-77.011,0,0,0,0,0,0,"",0,0,0,0,0,0,0,0,0,0
64,3,1,0,5,3,2,0,0,0,0,255,255,255,28,4048.767,"アリアル",R,6,55,102,2.37,-0.795,0.673,1.352,-36.632,1,0,441.804,0,-31.157,0,0,0,7,6,L,"IbikiKai_JP",174.7,90,0.5,0,42,0,0,0,0,0,0,0,0,0,0,0,0,0,0,0,0,0.564,-37.907,0,"눈꽃",0.16,-17.08,0,"Slaris",-20.31,-45.503,0,"아침땅_",-11.767,-65.515,0,"_이누_",21.388,-50.037,0,"coder_",14.156,-72.255,0,"소솨소솨",39.029,-83.283,0,"ke ro",10.421,-116.277,0,"Sabo_10",-33.72,-78.679,0,0,0,0,0,0,"",0,0,0,0,0,0,0,0,0,5
65,3,1,0,5,0,0,0,1,0,0,6,255,255,29,4071.355,"アリアル",R,0,80,131,-1.27,0.447,0.481,1.42,-36.712,0,0,0,0,0,0,0,0,8,2,L,"Fresh825",172.8,80,0.2,0,42,0,0,0,0,0,0,0,0,0,0,0,0,0,0,0,0,0.423,-37.804,0,"눈꽃",-0.111,-17.148,0,"Slaris",-19.553,-47.395,0,"아침땅_",-11.456,-65.252,0,"_이누_",22.159,-50.495,0,"coder_",10.287,-64.055,0,"소솨소솨",39.031,-83.294,0,"ke ro",6.67,-102.64,0,"Sabo_10",-31.098,-79.561,0,0,0,0,0,0,"",0,0,0,0,0,0,0,0,0,0
66,3,1,0,5,0,1,0,1,0,0,6,255,255,30,4088.944,"アリアル",R,0,86,140,-1.697,1.253,0.533,1.572,-36.805,2,0,0,0,0,0,0,1,8,2,L,"Fresh825",172.8,80,0.2,3,42,4089.972,145,6,77,68,47,146,84,44.683,-28.197,-0.81,0.006,-0.037,0.078,0,0.118,0.452,-37.325,0,"눈꽃",-0.114,-17.065,0,"Slaris",-18.426,-49.075,85,"아침땅_",-10.864,-65.356,0,"_이누_",22.308,-50.422,0,"coder_",12.74,-65.093,94,"소솨소솨",39.072,-83.306,0,"ke ro",6.974,-102.807,0,"Sabo_10",-32.867,-79.898,0,4092.736,28.496,-74.57,4092.869,5,"coder_",27.399,-72.499,0,0,0,0,0,0,0,1
67,3,1,0,5,0,0,1,1,0,0,6,255,255,31,4121.394,"アリアル",R,0,86,140,-2.89,1.328,0.449,1.508,-36.705,4,0,0,0,0,-1.522,-16.935,1,0,0,L,"ʚEveɞ",190,80,0.297,0,42,0,0,0,0,0,0,0,0,0,0,0,0,0,0,0,0,0.353,-37.624,0,"눈꽃",-0.201,-17.159,0,"Slaris",-19.673,-47.075,0,"아침땅_",-10.061,-65.036,0,"_이누_",21.784,-50.605,0,"coder_",12.426,-67.583,0,"소솨소솨",40.25,-83.824,0,"ke ro",0.852,-112.477,0,"Sabo_10",-41.126,-81.059,0,0,0,0,0,0,"",0,0,0,0,0,0,0,0,0,0
68,3,1,0,5,0,1,1,1,0,0,6,255,255,32,4139.725,"アリアル",R,1,63,119,-1.811,-0.757,0.619,1.389,-36.742,4,0,0,0,-16.763,-0.931,-14.16,1,0,0,L,"ʚEveɞ",190,80,0.297,0,42,0,0,0,0,0,0,0,0,0,0,0,0,0,0,0,0,0.503,-37.344,0,"눈꽃",-0.493,-16.104,0,"Slaris",-19.427,-45.502,0,"아침땅_",-9.434,-64.936,0,"_이누_",21.342,-50.683,0,"coder_",8.708,-64.914,85,"소솨소솨",40.172,-83.81,0,"ke ro",0.785,-110.158,0,"Sabo_10",-37.612,-79,0,0,0,0,0,0,"",0,0,0,0,0,0,0,0,0,0
69,3,1,0,5,0,2,1,0,1,0,255,6,255,33,4163.429,"アリアル",R,14,51,99,3.816,-1.251,0.746,1.359,-36.747,1,0,351.391,312.348,-3.788,0,0,0,0,0,L,"ʚEveɞ",190,80,0.297,0,80,0,0,0,0,0,0,0,0,0,0,0,0,0,0,0,0,0.541,-37.914,0,"눈꽃",0.402,-17.51,0,"Slaris",-18.524,-45.953,0,"아침땅_",-9.374,-64.009,0,"_이누_",19.616,-49.727,0,"coder_",9.158,-63.845,0,"소솨소솨",41.703,-85.922,0,"ke ro",0.905,-107.075,0,"Sabo_10",-32.653,-78.39,0,0,0,0,0,0,"",0,0,0,0,0,0,0,0,0,0
70,3,1,0,5,1,2,1,0,1,0,255,6,255,34,4452.158,"アリアル",R,14,51,99,2.356,-0.717,0.733,1.341,-36.73,4,0,351.391,312.348,-15.791,0,0,1,0,0,L,"ʚEveɞ",190,80,0.297,0,80,0,0,0,0,0,0,0,0,0,0,0,0,0,0,0,0,0.407,-37.582,0,"눈꽃",0.142,-17.157,0,"Slaris",-20.474,-48.051,0,"아침땅_",-8.078,-64.464,0,"_이누_",20.441,-46.098,0,"coder_",15.042,-65.22,0,"소솨소솨",40.661,-84.157,0,"ke ro",1.191,-106.119,0,"Sabo_10",-37.03,-87.544,0,0,0,0,0,0,"",0,0,0,0,0,0,0,0,0,0
71,3,1,0,5,0,0,2,0,1,0,255,6,255,35,4475.86,"アリアル",R,0,80,132,0.606,0.069,0.584,1.394,-36.809,2,0,0,0,0,0,0,1,1,4,R,"Megu3568",175.3,86,0.404,3,41,4476.923,255,21,132,104,45,150,118,107.807,40.499,0.22,0.019,0.024,0.323,0,0.55,0.569,-37.191,0,"눈꽃",0.055,-17.003,0,"Slaris",-20.297,-48.908,0,"아침땅_",-15.23,-63.096,0,"_이누_",19.438,-50.531,0,"coder_",7.579,-66.648,0,"소솨소솨",33.698,-84.82,0,"ke ro",-18.808,-115.035,0,"Sabo_10",-44.397,-89.749,0,0,0,0,0,0,"",0,0,0,0,0,0,0,0,0,3
72,3,1,0,5,0,1,2,0,1,0,255,6,255,36,4496.198,"アリアル",R,0,86,140,-0.96,0.906,0.55,1.507,-36.713,2,0,0,0,0,0,0,1,1,4,R,"Megu3568",175.3,86,0.404,3,41,4497.29,255,23,103,88,22,150,128,-30,15.607,0.64,0.021,0.031,0.199,0,0.583,0.464,-37.026,0,"눈꽃",-0.03,-16.911,0,"Slaris",-20.051,-49.442,0,"아침땅_",-15.271,-63.221,0,"_이누_",19.663,-51.086,0,"coder_",7.299,-66.971,0,"소솨소솨",32.484,-85.535,0,"ke ro",-19.327,-118.447,0,"Sabo_10",-46.352,-92.99,0,4495.02,-0.92,-21.053,4496.886,3,"아침땅_",-11.699,-58.691,0,0,0,0,0,0,0,2
73,3,0,0,5,0,0,0,0,0,0,255,255,255,0,4716.135,"とりらむ",R,0,78,129,2.171,2.845,0.027,1.1,-36.333,1,0,0,0,0,0.948,-7.812,0,5,4,R,"_이누_",190,90.187,0.45,0,81,0,0,0,0,0,0,0,0,0,0,0,0,0,0,0,0,0.178,-37.108,0,"Pring__",0.014,-16.326,0,"ʚEveɞ",-23.79,-51.33,0,"Fresh825",-14.497,-64.115,0,"Megu3568",18.018,-44.74,0,"Yaksok~",14.23,-64.167,0,"IbikiKai_JP",35.027,-91.221,0,"Gonyong",1.166,-121.829,0,"SOM_candy",-46.733,-79.421,0,0,0,0,0,0,"",0,0,0,0,0,0,0,0,0,0
74,3,0,0,5,1,0,0,0,0,0,255,255,255,1,4735.545,"とりらむ",R,0,81,133,0.903,-0.475,0.06,1.475,-36.327,2,0,0,0,0,0,0,1,5,4,R,"_이누_",190,90.187,0.45,3,81,4736.675,226,13,84,37,6,143,90,3.015,11.399,-0.77,-0.029,-0.088,0.253,0,0.177,-0.186,-36.873,0,"Pring__",0.031,-16.907,0,"ʚEveɞ",-23.587,-51.378,81,"Fresh825",-14.272,-64.06,0,"Megu3568",17.98,-44.549,0,"Yaksok~",14.203,-64.3,0,"IbikiKai_JP",37.385,-91.79,0,"Gonyong",1.171,-121.946,0,"SOM_candy",-49.143,-82.573,0,4735.286,-5.087,-40.286,4736.52,3,"Fresh825",-9.541,-58.751,1,0,0,0,0,0,0,2
75,3,0,0,5,0,0,0,1,0,0,13,255,255,2,4842.806,"とりらむ",R,5,77,114,1.414,-0.419,0.496,1.592,-36.689,2,0,-64.842,0,-5.776,0,0,1,6,3,R,"아침땅_",160,95,0.5,2,40,4843.79,128,14,49,117,35,133,85,15.273,4.471,-0.14,-0.043,-0.061,0.029,0,0.388,0.245,-36.778,0,"Pring__",0.036,-16.892,0,"ʚEveɞ",-21.211,-44.277,0,"Fresh825",-15.182,-62.778,0,"Megu3568",17.292,-44.299,0,"Yaksok~",8.761,-62.441,85,"IbikiKai_JP",32.904,-92.938,0,"Gonyong",-8.154,-107.096,108,"SOM_candy",-42.892,-77.719,0,4844.353,-3.955,-73.027,4846.02,7,"Gonyong",-5.159,-87.567,1,0,0,0,0,0,0,2
76,3,0,0,5,0,0,1,1,0,0,12,255,255,3,4874.27,"とりらむ",R,0,91,140,-0.809,-0.767,-0.127,1.295,-36.336,0,0,0,0,0,0,0,0,7,7,L,"ke ro",164.6,85.04,0.421,0,40,0,0,0,0,0,0,0,0,0,0,0,0,0,0,0,0,0.197,-37.045,107,"Pring__",-0.021,-16.798,0,"ʚEveɞ",-20.98,-46.566,70,"Fresh825",-4.534,-61.124,0,"Megu3568",17.675,-44.06,0,"Yaksok~",15.892,-61.839,0,"IbikiKai_JP",35.425,-93.695,0,"Gonyong",-0.481,-107.731,0,"SOM_candy",-38.617,-94.856,0,0,0,0,0,0,"",0,0,0,0,0,0,0,0,0,0
77,3,0,0,5,0,1,1,1,0,0,12,255,255,4,4910.971,"とりらむ",R,0,86,140,-0.463,-0.694,0.041,1.321,-36.318,0,0,0,0,0,0,0,1,7,7,L,"ke ro",164.6,85.04,0.421,0,40,0,0,0,0,0,0,0,0,0,0,0,0,0,0,0,0,0.194,-37.216,0,"Pring__",-0.098,-16.873,0,"ʚEveɞ",-20.575,-46.145,0,"Fresh825",-2.346,-60.92,0,"Megu3568",17.7,-44.035,0,"Yaksok~",14.554,-62.168,0,"IbikiKai_JP",35.403,-93.686,0,"Gonyong",-0.331,-108.015,0,"SOM_candy",-38.144,-92.656,0,0,0,0,0,0,"",0,0,0,0,0,0,0,0,0,0
78,3,0,0,5,0,2,1,1,0,0,12,255,255,5,4930.367,"とりらむ",R,10,86,128,-0.647,-2.892,0.068,1.538,-36.423,4,0,0,400,19.814,-0.117,-17.554,1,7,7,L,"ke ro",164.6,85.04,0.421,0,40,0,0,0,0,0,0,0,0,0,0,0,0,0,0,0,0,0.069,-37.326,0,"Pring__",-0.095,-17.698,0,"ʚEveɞ",-21.15,-44.41,0,"Fresh825",-2.825,-60.617,0,"Megu3568",17.606,-43.978,0,"Yaksok~",15.039,-61.932,0,"IbikiKai_JP",35.438,-93.637,0,"Gonyong",-0.323,-108.134,0,"SOM_candy",-38.664,-94.3,0,0,0,0,0,0,"",0,0,0,0,0,0,0,0,0,0
79,3,0,0,5,0,0,2,1,0,0,12,255,255,6,4951.428,"とりらむ",R,0,94,140,1.149,-0.333,0.003,1.239,-36.229,2,0,0,0,0,0,0,1,8,6,R,"소솨소솨",160,80,0.5,2,40,4952.215,255,6,99,0,38,134,70,-20.212,38.902,-0.86,-0.059,-0.163,0.175,0,0.28,0.094,-36.774,0,"Pring__",-0.062,-16.888,0,"ʚEveɞ",-21.042,-42.475,0,"Fresh825",-14.227,-61.666,0,"Megu3568",17.593,-43.885,0,"Yaksok~",6.961,-62.088,0,"IbikiKai_JP",35.47,-92.591,0,"Gonyong",0.586,-112.407,0,"SOM_candy",-42.03,-92.274,0,4950.086,-1.14,-21.181,4952.053,2,"ʚEveɞ",-16.461,-43.821,0,0,0,0,0,0,0,2
80,4,1,0,5,0,0,0,0,0,0,255,255,255,37,5010.365,"アリアル",R,0,87,140,0.439,0.566,0.701,1.5,-36.812,0,0,0,0,0,0,0,0,2,7,R,"Gonyong",174.6,80,0.2,0,40,0,0,0,0,0,0,0,0,0,0,0,0,0,0,0,0,0.393,-37.793,0,"눈꽃",-0.655,-16.955,0,"Slaris",-20.327,-49.584,0,"아침땅_",-15.274,-63.313,0,"_이누_",20.599,-50.957,0,"coder_",10.116,-65.977,0,"소솨소솨",32.346,-85.332,0,"ke ro",-0.204,-111.931,0,"Sabo_10",-40.597,-89.163,0,0,0,0,0,0,"",0,0,0,0,0,0,0,0,0,0
81,4,1,0,5,0,1,0,0,0,0,255,255,255,38,5025.561,"アリアル",R,0,88,140,-1.058,1.138,0.59,1.538,-36.775,1,0,0,0,0,0,0,0,2,7,R,"Gonyong",174.6,80,0.2,0,40,0,0,0,0,0,0,0,0,0,0,0,0,0,0,0,0,0.59,-37.445,0,"눈꽃",-0.064,-17.032,0,"Slaris",-20.126,-49.785,0,"아침땅_",-15.277,-63.342,0,"_이누_",20.658,-51.328,0,"coder_",9.972,-66.177,0,"소솨소솨",32.355,-85.336,0,"ke ro",-1.671,-110.304,0,"Sabo_10",-42.628,-90.688,0,0,0,0,0,0,"",0,0,0,0,0,0,0,0,0,0
82,4,1,0,5,1,1,0,0,0,0,255,255,255,39,5042.512,"アリアル",R,0,86,140,0.585,1.778,0.622,1.53,-36.731,1,0,0,0,0,0,0,0,2,7,R,"Gonyong",174.6,80,0.2,0,40,0,0,0,0,0,0,0,0,0,0,0,0,0,0,0,0,0.485,-37.746,0,"눈꽃",-0.093,-17.043,0,"Slaris",-20.285,-49.598,0,"아침땅_",-15.258,-63.32,0,"_이누_",20.579,-51.41,0,"coder_",9.89,-66.168,0,"소솨소솨",32.34,-85.326,0,"ke ro",-1.625,-110.184,0,"Sabo_10",-42.432,-89.666,0,0,0,0,0,0,"",0,0,0,0,0,0,0,0,0,0
83,4,1,0,5,2,1,0,0,0,0,255,255,255,40,5058.018,"アリアル",R,0,85,139,-0.737,-1.161,0.619,1.331,-36.811,1,0,0,0,0,0,0,0,2,7,R,"Gonyong",174.6,80,0.2,0,40,0,0,0,0,0,0,0,0,0,0,0,0,0,0,0,0,0.475,-37.615,0,"눈꽃",-0.123,-17.025,0,"Slaris",-21.638,-48.345,0,"아침땅_",-15.532,-63.17,0,"_이누_",20.461,-51.329,0,"coder_",9.681,-66.288,0,"소솨소솨",32.334,-85.334,0,"ke ro",-1.378,-110.155,0,"Sabo_10",-42.554,-85.88,0,0,0,0,0,0,"",0,0,0,0,0,0,0,0,0,0
84,4,1,0,5,3,1,0,0,0,0,255,255,255,41,5070.221,"アリアル",R,0,85,138,0.463,0.792,0.645,1.48,-36.724,0,0,0,0,0,0,0,0,2,7,R,"Gonyong",174.6,80,0.2,0,40,0,0,0,0,0,0,0,0,0,0,0,0,0,0,0,0,0.465,-37.447,0,"눈꽃",0.017,-17.083,0,"Slaris",-20.971,-48.947,0,"아침땅_",-15.309,-63.278,0,"_이누_",21.089,-51.791,0,"coder_",9.76,-66.207,0,"소솨소솨",32.35,-85.332,0,"ke ro",-1.37,-110.204,0,"Sabo_10",-41.646,-88.416,0,0,0,0,0,0,"",0,0,0,0,0,0,0,0,0,0
85,4,1,0,5,3,2,0,0,0,0,255,255,255,42,5086.911,"アリアル",R,0,85,138,-1.514,-0.115,0.484,1.365,-36.794,4,0,0,0,0,0,0,1,2,7,R,"Gonyong",174.6,80,0.2,0,40,0,0,0,0,0,0,0,0,0,0,0,0,0,0,0,0,0.437,-37.603,0,"눈꽃",-0.237,-17.045,0,"Slaris",-21.321,-46.867,0,"아침땅_",-15.698,-63.044,0,"_이누_",20.307,-52.296,0,"coder_",9.227,-66.441,0,"소솨소솨",32.365,-85.342,0,"ke ro",-1.375,-110.169,0,"Sabo_10",-40.138,-82.534,0,0,0,0,0,0,"",0,0,0,0,0,0,0,0,0,0
86,4,1,0,5,0,0,1,0,0,0,255,255,255,43,5110.193,"アリアル",R,0,91,140,-1.657,1.368,0.551,1.531,-36.748,1,0,0,0,0,0,0,0,3,1,L,"Pring__",179.8,94.516,0.485,0,40,0,0,0,0,0,0,0,0,0,0,0,0,0,0,0,0,0.345,-37.905,0,"눈꽃",-0.136,-16.985,0,"Slaris",-19.503,-48.516,0,"아침땅_",-13.444,-64.57,0,"_이누_",23.127,-51.199,0,"coder_",11.399,-67.876,0,"소솨소솨",46.693,-98.941,0,"ke ro",0.968,-119.962,0,"Sabo_10",-40.814,-93.767,0,0,0,0,0,0,"",0,0,0,0,0,0,0,0,0,0
87,4,1,0,5,1,0,1,0,0,0,255,255,255,44,5124.445,"アリアル",R,9,47,96,2.939,0.652,0.724,1.433,-36.663,4,0,340.743,-312.348,8.46,0,0,1,3,1,L,"Pring__",179.8,94.516,0.485,0,40,0,0,0,0,0,0,0,0,0,0,0,0,0,0,0,0,0.45,-37.928,0,"눈꽃",0.109,-17.022,0,"Slaris",-20.351,-47.541,0,"아침땅_",-13.025,-64.724,0,"_이누_",22.605,-51.553,0,"coder_",10.171,-66.244,0,"소솨소솨",45.951,-97.385,0,"ke ro",-0.293,-117.908,0,"Sabo_10",-41.897,-94.85,0,0,0,0,0,0,"",0,0,0,0,0,0,0,0,0,0
88,4,1,0,5,1,1,1,0,0,0,255,255,255,46,5142.308,"アリアル",R,6,50,98,2.989,-0.216,0.807,1.365,-36.681,1,0,445.455,0,-17.832,0,0,0,3,1,L,"Pring__",179.8,94.516,0.485,0,40,0,0,0,0,0,0,0,0,0,0,0,0,0,0,0,0,0.513,-37.703,0,"눈꽃",0.116,-16.997,0,"Slaris",-19.319,-48.862,0,"아침땅_",-13.035,-64.747,0,"_이누_",22.156,-49.938,0,"coder_",12.074,-64.833,0,"소솨소솨",45.961,-97.374,0,"ke ro",-1.615,-117.923,0,"Sabo_10",-41.731,-92.304,0,0,0,0,0,0,"",0,0,0,0,0,0,0,0,0,0
89,4,1,0,5,2,1,1,0,0,0,255,255,255,46,5154.674,"アリアル",R,0,87,140,0.264,-0.515,0.605,1.301,-36.718,0,0,0,0,0,0,0,1,3,1,L,"Pring__",179.8,94.516,0.485,0,40,0,0,0,0,0,0,0,0,0,0,0,0,0,0,0,0,0.394,-37.459,0,"눈꽃",0.05,-17.013,0,"Slaris",-20.585,-47.227,0,"아침땅_",-12.832,-64.827,0,"_이누_",21.798,-49.723,0,"coder_",11.766,-65.481,0,"소솨소솨",45.959,-97.386,0,"ke ro",-0.745,-117.719,0,"Sabo_10",-39.897,-87.056,0,0,0,0,0,0,"",0,0,0,0,0,0,0,0,0,0
90,4,1,0,5,2,2,1,0,0,0,255,255,255,47,5170.005,"アリアル",R,0,83,136,-1.41,1.294,0.561,1.529,-36.741,4,0,0,0,0,0,0,1,3,1,L,"Pring__",179.8,94.516,0.485,0,40,0,0,0,0,0,0,0,0,0,0,0,0,0,0,0,0,0.492,-37.696,0,"눈꽃",-0.106,-16.949,0,"Slaris",-20.084,-46.887,0,"아침땅_",-12.844,-64.831,0,"_이누_",21.864,-49.811,0,"coder_",10.828,-65.621,0,"소솨소솨",45.881,-97.409,0,"ke ro",-0.587,-117.712,0,"Sabo_10",-41.924,-91.693,0,0,0,0,0,0,"",0,0,0,0,0,0,0,0,0,0
91,4,1,0,5,0,0,2,0,0,0,255,255,255,48,5192.25,"アリアル",R,0,78,129,-0.937,-0.796,0.523,1.182,-36.817,0,0,0,0,0,0,0,0,4,5,R,"Yaksok~",173.2,90.462,0.303,0,40,0,0,0,0,0,0,0,0,0,0,0,0,0,0,0,0,0.477,-37.649,0,"눈꽃",-0.131,-16.978,0,"Slaris",-21.054,-49.995,0,"아침땅_",-15.282,-62.976,0,"_이누_",20.568,-52.127,0,"coder_",6.99,-67.188,0,"소솨소솨",33.834,-82.866,0,"ke ro",-1.627,-104.97,0,"Sabo_10",-38.714,-77.129,0,0,0,0,0,0,"",0,0,0,0,0,0,0,0,0,0
92,4,1,0,5,0,1,2,0,0,0,255,255,255,49,5204.494,"アリアル",R,3,83,122,-2.939,-1.406,0.563,1.314,-36.674,4,0,-496.243,61.183,13.541,0,0,1,4,5,R,"Yaksok~",173.2,90.462,0.303,0,40,0,0,0,0,0,0,0,0,0,0,0,0,0,0,0,0,0.431,-37.478,0,"눈꽃",-0.335,-17.09,0,"Slaris",-21.442,-47.877,0,"아침땅_",-15.293,-62.976,0,"_이누_",19.872,-52.081,0,"coder_",7.194,-67.013,0,"소솨소솨",33.842,-82.872,0,"ke ro",-1.61,-104.994,0,"Sabo_10",-39.298,-76.909,0,0,0,0,0,0,"",0,0,0,0,0,0,0,0,0,0
93,4,1,0,5,0,2,2,0,0,0,255,255,255,50,5221,"アリアル",R,0,90,140,-0.242,-0.783,0.648,1.267,-36.729,0,0,0,0,0,0,0,0,4,5,R,"Yaksok~",173.2,90.462,0.303,0,69,0,0,0,0,0,0,0,0,0,0,0,0,0,0,0,0,0.406,-37.92,0,"눈꽃",0.065,-17.069,0,"Slaris",-20.709,-49.108,0,"아침땅_",-15.342,-63.121,0,"_이누_",20.694,-51.498,0,"coder_",8.322,-66.731,0,"소솨소솨",33.875,-82.848,0,"ke ro",-0.684,-106.626,0,"Sabo_10",-38.619,-78.915,0,0,0,0,0,0,"",0,0,0,0,0,0,0,0,0,0
94,4,0,0,5,0,0,0,0,0,0,255,255,255,7,5450.724,"とりらむ",R,3,84,111,-2.052,0.342,0.179,1.579,-36.551,4,0,-389.62,0,-12.491,0,0,1,0,5,R,"coder_",164,80,0.503,0,39,0,0,0,0,0,0,0,0,0,0,0,0,0,0,0,0,-0.121,-38.111,0,"편하비_",-0.354,-16.974,0,"ʚEveɞ",-22.101,-47.562,0,"Fresh825",-14.742,-63.988,0,"Megu3568",18.554,-45.266,0,"Yaksok~",10.51,-64.653,0,"IbikiKai_JP",38.13,-93.894,0,"Gonyong",-6.449,-108.726,0,"SOM_candy",-39.324,-80.184,0,0,0,0,0,0,"",0,0,0,0,0,0,0,0,0,0
95,4,0,0,5,0,1,0,0,0,0,255,255,255,8,5466.308,"とりらむ",R,0,95,140,0.455,-1.404,-0.026,1.134,-36.397,1,0,0,0,0,0.336,-17.3,0,0,5,R,"coder_",164,80,0.503,0,56,0,0,0,0,0,0,0,0,0,0,0,0,0,0,0,0,0.021,-37.742,0,"편하비_",-0.045,-17.155,0,"ʚEveɞ",-22.099,-47.583,0,"Fresh825",-14.616,-63.795,0,"Megu3568",18.74,-45.637,0,"Yaksok~",10.607,-65.139,0,"IbikiKai_JP",37.927,-94.102,0,"Gonyong",-6.437,-108.847,0,"SOM_candy",-38.719,-80.338,0,0,0,0,0,0,"",0,0,0,0,0,0,0,0,0,0
96,4,0,0,5,1,1,0,0,0,0,255,255,255,9,5486.631,"とりらむ",R,3,77,105,-0.403,0.267,0.43,1.576,-36.58,2,0,-403.337,0,-16.158,0,0,1,0,5,R,"coder_",164,80,0.503,3,56,5487.84,187,14,78,40,0,141,81,27.356,35.629,0.94,-0.023,0.001,0.264,0,0.328,0.355,-36.796,0,"편하비_",0.091,-16.999,0,"ʚEveɞ",-21.945,-47.555,76,"Fresh825",-14.735,-63.809,0,"Megu3568",18.653,-45.496,0,"Yaksok~",10.607,-65.153,0,"IbikiKai_JP",37.84,-93.43,0,"Gonyong",-6.351,-108.749,0,"SOM_candy",-39.585,-82.513,96,5489.62,-41.678,-65.097,5490.469,8,"SOM_candy",-45.775,-69.328,1,0,0,0,0,0,0,2
97,4,0,0,5,0,0,0,1,0,0,14,255,255,10,5538.695,"とりらむ",R,23,89,123,-1.573,-0.417,0.096,1.315,-36.281,2,0,-64.674,49.326,-9.67,0,0,1,1,2,R,"Slaris",190,86.36,0.452,3,39,5539.619,183,20,188,153,72,150,130,-30,47.925,0.65,-0.044,-0.052,0.139,0,0.141,0.065,-36.771,0,"편하비_",-0.498,-16.994,0,"ʚEveɞ",-20.356,-42.21,0,"Fresh825",-16.495,-62.261,0,"Megu3568",18.672,-45.514,0,"Yaksok~",9.056,-62.397,0,"IbikiKai_JP",45.71,-110.908,0,"Gonyong",1.08,-122.985,0,"SOM_candy",-58.285,-102.701,0,5537.386,-1.857,-22.332,0,0,"",0,0,0,0,0,0,0,0,0,3
98,4,0,0,5,0,1,0,1,0,0,14,255,255,11,5559.274,"とりらむ",R,10,95,128,0.939,-2.023,0.082,1.242,-36.187,4,0,0,400,42.19,0.288,-17.199,1,1,2,R,"Slaris",190,86.36,0.452,0,39,0,0,0,0,0,0,0,0,0,0,0,0,0,0,0,0,0.086,-37.085,0,"편하비_",0.123,-17.228,0,"ʚEveɞ",-21.288,-46.164,0,"Fresh825",-15.855,-61.875,0,"Megu3568",18.961,-45.87,0,"Yaksok~",5.439,-61.097,0,"IbikiKai_JP",46.494,-103.867,0,"Gonyong",0.558,-122.445,0,"SOM_candy",-56.28,-103.707,0,0,0,0,0,0,"",0,0,0,0,0,0,0,0,0,0
99,4,0,0,5,0,2,0,1,0,0,14,255,255,12,5576.395,"とりらむ",R,10,91,128,1.51,-1.723,0.171,1.321,-36.134,2,0,0,400,39.441,0,0,1,1,2,R,"Slaris",190,86.36,0.452,3,39,5577.327,198,13,132,99,76,150,107,-23.285,-38.457,-0.01,-0.067,-0.07,0.157,0,0.168,0.207,-36.596,0,"편하비_",0.078,-17.373,0,"ʚEveɞ",-21.879,-47.081,86,"Fresh825",-15.811,-61.869,0,"Megu3568",19.163,-45.268,0,"Yaksok~",1.529,-60.929,0,"IbikiKai_JP",46.904,-102.487,0,"Gonyong",1.684,-122.2,0,"SOM_candy",-56.515,-103.55,0,5575.02,0.66,-21.196,5576.37,4,"Megu3568",17.008,-41.788,0,0,0,0,0,0,0,2
100,4,0,0,5,0,0,1,0,1,0,255,14,255,13,5644.162,"とりらむ",R,0,90,140,0.278,-1.166,-0.008,1.03,-36.206,2,0,0,0,0,0,0,1,2,9,L,"encounter v",190,90,0.547,3,39,5645.2,122,25,134,118,67,141,125,94.629,84.791,0.57,0.007,-0.152,0.099,0,0.601,0.013,-36.996,0,"편하비_",0.086,-16.937,0,"ʚEveɞ",-23.028,-50.771,0,"Fresh825",-2.435,-61.448,0,"Megu3568",17.8,-43.346,0,"Yaksok~",16.474,-62.162,0,"IbikiKai_JP",49.203,-101.328,0,"Gonyong",0.511,-118.091,0,"SOM_candy",-39.853,-100.927,0,0,0,0,0,0,"",0,0,0,0,0,0,0,0,0,3
101,4,0,0,5,0,1,1,0,1,0,255,14,255,14,5662.029,"とりらむ",R,13,85,109,-2.14,-0.576,-0.092,1.238,-36.343,4,0,-373.099,328.986,-31.896,0,0,1,2,9,L,"encounter v",190,90,0.547,0,39,0,0,0,0,0,0,0,0,0,0,0,0,0,0,0,0,-0.25,-37.995,0,"편하비_",-0.39,-16.936,0,"ʚEveɞ",-22.197,-51.011,0,"Fresh825",-3.909,-62.195,0,"Megu3568",18.242,-42.124,0,"Yaksok~",17.158,-61.921,0,"IbikiKai_JP",52.229,-99.352,0,"Gonyong",1.343,-116.59,0,"SOM_candy",-38.691,-102.773,0,0,0,0,0,0,"",0,0,0,0,0,0,0,0,0,0
102,4,0,0,5,0,2,1,0,1,0,255,14,255,15,5679.877,"とりらむ",R,0,89,140,0.45,0.468,0.065,1.525,-36.297,2,0,0,0,0,0,0,1,2,9,L,"encounter v",190,90,0.547,3,39,5680.977,255,12,116,127,56,150,77,-3.488,-41.928,0.97,0.027,-0.117,0.09,0,0.565,0.051,-36.87,0,"편하비_",-0.03,-16.866,0,"ʚEveɞ",-22.122,-50.957,0,"Fresh825",-5.099,-61.83,0,"Megu3568",17.666,-43.024,0,"Yaksok~",17.196,-61.957,0,"IbikiKai_JP",52.301,-99.248,0,"Gonyong",1.338,-116.551,0,"SOM_candy",-38.384,-102.371,0,5679.236,7.572,-27.348,5680.403,4,"Megu3568",17.788,-38.809,0,1,0,0,0,0,0,2
103,5,1,0,5,0,0,0,0,0,0,255,255,255,51,5907.808,"アリアル",R,3,78,116,-3.899,0.896,0.466,1.416,-36.853,1,0,-500,0,20.76,0,0,0,5,0,R,"とりらむ",174.9,85.612,0.4,0,39,0,0,0,0,0,0,0,0,0,0,0,0,0,0,0,0,0.47,-38.157,0,"눈꽃",-0.179,-16.889,0,"Slaris",-19.741,-49.134,0,"아침땅_",-15.292,-63.446,0,"_이누_",20.706,-52.832,0,"coder_",10.793,-66.168,0,"소솨소솨",34.419,-84.311,0,"ke ro",-0.068,-103.545,0,"Sabo_10",-40.405,-82.868,0,0,0,0,0,0,"",0,0,0,0,0,0,0,0,0,0
104,5,1,0,5,1,0,0,0,0,0,255,255,255,52,5921.006,"アリアル",R,0,85,139,1.028,-0.059,0.79,1.473,-36.868,0,0,0,0,0,0,0,1,5,0,R,"とりらむ",174.9,85.612,0.4,0,39,0,0,0,0,0,0,0,0,0,0,0,0,0,0,0,0,0.575,-37.599,0,"눈꽃",-0.282,-17.03,0,"Slaris",-19.524,-49.223,0,"아침땅_",-15.023,-63.575,0,"_이누_",20.189,-53.235,0,"coder_",11.162,-65.73,0,"소솨소솨",34.463,-84.301,0,"ke ro",0.45,-102.687,0,"Sabo_10",-39.845,-83.372,0,0,0,0,0,0,"",0,0,0,0,0,0,0,0,0,0
105,5,1,0,5,1,1,0,0,0,0,255,255,255,53,5935.324,"アリアル",R,0,85,139,0.61,0.573,0.631,1.422,-36.724,0,0,0,0,0,0,0,0,5,0,R,"とりらむ",174.9,85.612,0.4,0,39,0,0,0,0,0,0,0,0,0,0,0,0,0,0,0,0,0.311,-37.84,0,"눈꽃",-0.767,-17.017,0,"Slaris",-20.537,-47.198,0,"아침땅_",-15.025,-63.643,0,"_이누_",21.307,-52.557,0,"coder_",11.074,-65.848,0,"소솨소솨",34.469,-84.31,0,"ke ro",1.023,-103.037,0,"Sabo_10",-40.327,-83.122,0,0,0,0,0,0,"",0,0,0,0,0,0,0,0,0,0
106,5,1,0,5,1,2,0,0,0,0,255,255,255,54,5951.323,"アリアル",R,13,88,126,-3.554,-1.181,0.583,1.45,-36.757,4,0,-390.434,312.348,29.529,-1.168,-17.699,1,5,0,R,"とりらむ",174.9,85.612,0.4,0,39,0,0,0,0,0,0,0,0,0,0,0,0,0,0,0,0,0.389,-37.915,0,"눈꽃",-1.063,-18.121,0,"Slaris",-21.393,-47.099,0,"아침땅_",-15.222,-63.452,0,"_이누_",21.397,-52.546,0,"coder_",10.885,-65.157,0,"소솨소솨",34.462,-84.296,0,"ke ro",0.121,-102.984,0,"Sabo_10",-41.411,-85.264,0,0,0,0,0,0,"",0,0,0,0,0,0,0,0,0,0
107,5,1,0,5,0,0,1,0,0,0,255,255,255,55,5988.229,"アリアル",R,0,83,136,-1.862,0.802,0.426,1.469,-36.763,2,0,0,0,0,0,0,1,6,8,L,"SOM_candy",180.4,94.547,0.503,3,39,5989.316,116,9,79,50,28,139,90,51.253,-53.853,-0.46,-0.065,0.058,0.207,0,0.183,0.481,-37.252,0,"눈꽃",-0.135,-17.126,0,"Slaris",-19.183,-48.278,0,"아침땅_",-12.143,-65.169,0,"_이누_",21.867,-50.754,0,"coder_",12.557,-65.54,0,"소솨소솨",40.085,-85.668,0,"ke ro",6.993,-109.035,0,"Sabo_10",-40.881,-85.432,0,5992.053,57.785,-58.236,0,0,"",0,0,0,0,0,0,0,0,0,3
108,5,1,0,5,0,1,1,0,0,0,255,255,255,56,6008.485,"アリアル",R,0,86,140,-2.698,1.475,0.439,1.603,-36.793,2,0,0,0,0,0,0,0,6,8,L,"SOM_candy",180.4,94.547,0.503,3,39,6009.561,98,7,77,46,16,132,123,27.634,-47.095,0.32,-0.067,0.031,0.079,0,0.176,0.404,-37.274,0,"눈꽃",-0.166,-17.143,0,"Slaris",-19.209,-47.504,0,"아침땅_",-11.428,-65.216,0,"_이누_",21.953,-50.377,0,"coder_",12.694,-64.968,0,"소솨소솨",43.69,-84.501,0,"ke ro",9.744,-108.551,0,"Sabo_10",-39.671,-84.306,0,6012.069,92.831,-75.279,0,0,"",0,0,0,0,0,0,0,0,0,3
109,5,1,0,5,0,2,1,0,0,0,255,255,255,57,6026.828,"アリアル",R,14,43,93,3.984,-1.035,0.739,1.38,-36.829,1,0,330.095,312.348,23.25,0.911,-17.29,0,6,8,L,"SOM_candy",180.4,94.547,0.503,0,39,0,0,0,0,0,0,0,0,0,0,0,0,0,0,0,0,0.528,-37.906,0,"눈꽃",0.14,-17.056,0,"Slaris",-19.94,-47.077,0,"아침땅_",-10.857,-65.759,0,"_이누_",20.685,-47.973,0,"coder_",13.616,-64.136,0,"소솨소솨",44.076,-83.76,0,"ke ro",12.876,-107.603,0,"Sabo_10",-35.519,-83.714,0,0,0,0,0,0,"",0,0,0,0,0,0,0,0,0,0
110,5,1,0,5,1,2,1,0,0,0,255,255,255,58,6042.721,"アリアル",R,0,85,139,0.904,-1.076,0.807,1.283,-36.835,4,0,0,0,0,0,0,1,6,8,L,"SOM_candy",180.4,94.547,0.503,0,39,0,0,0,0,0,0,0,0,0,0,0,0,0,0,0,0,0.648,-37.401,0,"눈꽃",0.047,-17.006,0,"Slaris",-19.765,-45.949,0,"아침땅_",-10.764,-65.718,0,"_이누_",20.288,-45.916,0,"coder_",15.867,-63.941,0,"소솨소솨",44.121,-83.743,0,"ke ro",12.89,-107.615,0,"Sabo_10",-31.911,-79.289,0,0,0,0,0,0,"",0,0,0,0,0,0,0,0,0,0
111,5,1,0,5,0,0,2,0,0,0,255,255,255,59,6068.133,"アリアル",R,0,84,137,-0.676,0.414,0.594,1.463,-36.773,0,0,0,0,0,0,0,1,7,6,L,"IbikiKai_JP",174.7,90,0.5,0,39,0,0,0,0,0,0,0,0,0,0,0,0,0,0,0,0,0.43,-37.702,0,"눈꽃",-0.101,-17.031,0,"Slaris",-19.83,-47.082,0,"아침땅_",-11.994,-65.07,0,"_이누_",21.264,-49.017,0,"coder_",10.016,-66.257,0,"소솨소솨",42.706,-85.392,0,"ke ro",7.565,-109.527,0,"Sabo_10",-37.358,-83.431,0,0,0,0,0,0,"",0,0,0,0,0,0,0,0,0,0
112,5,1,0,5,0,1,2,0,0,0,255,255,255,60,6082.433,"アリアル",R,0,81,133,-1.546,1.678,0.451,1.527,-36.752,4,0,0,0,0,0,0,1,7,6,L,"IbikiKai_JP",174.7,90,0.5,0,41,0,0,0,0,0,0,0,0,0,0,0,0,0,0,0,0,0.434,-37.771,0,"눈꽃",-0.181,-17.049,0,"Slaris",-21.08,-47.545,0,"아침땅_",-11.951,-65.03,0,"_이누_",21.359,-49.431,0,"coder_",10.645,-66.137,0,"소솨소솨",42.751,-85.419,0,"ke ro",6.01,-108.098,0,"Sabo_10",-35.672,-83.486,0,0,0,0,0,0,"",0,0,0,0,0,0,0,0,0,0
113,5,1,0,5,0,2,2,0,0,0,255,255,255,61,6099.863,"アリアル",R,50,35,97,0.726,-0.287,0.814,1.245,-36.648,0,0,-69.933,70.285,-17.456,0,0,0,7,6,L,"IbikiKai_JP",174.7,90,0.5,0,41,0,0,0,0,0,0,0,0,0,0,0,0,0,0,0,0,0.382,-37.235,0,"눈꽃",0.119,-17.008,0,"Slaris",-19.558,-44.872,0,"아침땅_",-10.634,-65.335,0,"_이누_",21.784,-49.56,0,"coder_",10.559,-66.164,0,"소솨소솨",42.75,-85.371,0,"ke ro",6.005,-108.127,0,"Sabo_10",-34.233,-79.424,0,0,0,0,0,0,"",0,0,0,0,0,0,0,0,0,0
114,5,0,0,5,0,0,0,0,0,0,255,255,255,16,6152.372,"とりらむ",R,13,90,113,-1.976,-1.23,0.051,1.147,-36.381,1,0,-340.27,366.356,-38.136,-0.873,-17.415,0,3,1,L,"눈꽃",179.8,90,0.496,0,39,0,0,0,0,0,0,0,0,0,0,0,0,0,0,0,0,-0.05,-37.106,0,"편하비_",-0.232,-17.028,0,"ʚEveɞ",-23.404,-50.874,0,"Fresh825",-10.989,-64.429,0,"Megu3568",18.422,-44.617,0,"Yaksok~",16.154,-62.251,0,"IbikiKai_JP",45.656,-96.193,0,"Gonyong",-5.283,-116.008,0,"SOM_candy",-39.448,-88.654,0,0,0,0,0,0,"",0,0,0,0,0,0,0,0,0,0
115,5,0,0,5,1,0,0,0,0,0,255,255,255,18,6171.172,"とりらむ",R,0,90,140,1.424,-0.363,-0.021,1.304,-36.339,2,0,0,0,0,0,0,1,3,1,L,"눈꽃",179.8,90,0.496,3,39,6172.141,252,12,103,95,72,150,128,92.231,82.926,0.59,0.025,-0.014,0.069,0,0.363,0.208,-36.782,0,"편하비_",0.112,-16.936,0,"ʚEveɞ",-23.366,-50.848,0,"Fresh825",-10.731,-64.263,0,"Megu3568",18.2,-44.483,0,"Yaksok~",16.168,-62.27,0,"IbikiKai_JP",45.111,-96.709,0,"Gonyong",-5.288,-116.095,0,"SOM_candy",-39.205,-88.376,0,0,0,0,0,0,"",0,0,0,0,0,0,0,0,0,3
116,5,0,0,5,1,1,0,0,0,0,255,255,255,18,6189.901,"とりらむ",R,0,96,140,-0.723,-0.413,-0.211,1.003,-36.383,0,0,0,0,0,0,0,0,3,1,L,"눈꽃",179.8,90,0.496,0,39,0,0,0,0,0,0,0,0,0,0,0,0,0,0,0,0,-0.209,-37.716,0,"편하비_",-0.178,-16.918,0,"ʚEveɞ",-22.857,-47.958,0,"Fresh825",-9.652,-64.866,0,"Megu3568",18.8,-44.045,0,"Yaksok~",16.954,-61.583,0,"IbikiKai_JP",42.163,-94.434,0,"Gonyong",0.04,-119.127,0,"SOM_candy",-38.439,-88.783,0,0,0,0,0,0,"",0,0,0,0,0,0,0,0,0,0
117,5,0,0,5,1,2,0,0,0,0,255,255,255,19,6205.456,"とりらむ",R,0,96,139,-0.468,-0.808,-0.185,1.026,-36.355,0,0,9.174,0,-112.249,-0.08,-17.855,0,3,1,L,"눈꽃",179.8,90,0.496,0,39,0,0,0,0,0,0,0,0,0,0,0,0,0,0,0,0,-0.09,-37.853,0,"편하비_",-0.186,-17.225,0,"ʚEveɞ",-23.026,-48.833,0,"Fresh825",-8.89,-65.481,0,"Megu3568",19.179,-44.702,0,"Yaksok~",16.353,-61.754,0,"IbikiKai_JP",44.372,-96.309,0,"Gonyong",0.056,-119.008,0,"SOM_candy",-40.86,-87.123,0,0,0,0,0,0,"",0,0,0,0,0,0,0,0,0,0
118,5,0,0,5,0,0,1,0,0,0,255,255,255,20,6248.348,"とりらむ",R,3,80,111,-0.067,-0.306,0.397,1.494,-36.52,0,0,-281.815,0,-12.809,0,0,1,4,8,L,"Sabo_10",184.6,90,0.602,0,81,0,0,0,0,0,0,0,0,0,0,0,0,0,0,0,0,-0.137,-36.917,0,"편하비_",0.088,-16.953,0,"ʚEveɞ",-23.901,-50.697,0,"Fresh825",-8.87,-65.401,0,"Megu3568",18.341,-44.073,0,"Yaksok~",16.062,-62.383,0,"IbikiKai_JP",47.587,-100.777,0,"Gonyong",4.172,-124.083,0,"SOM_candy",-40.562,-95.079,0,0,0,0,0,0,"",0,0,0,0,0,0,0,0,0,0
119,5,0,0,5,0,1,1,0,0,0,255,255,255,21,6279.668,"とりらむ",R,0,89,140,1.534,-0.366,0.03,1.449,-36.19,2,0,0,0,0,0,0,1,4,8,L,"Sabo_10",184.6,90,0.602,3,81,6280.625,187,11,100,105,57,150,111,26.598,-20.905,0.89,0,-0.038,0.285,0,0.614,-0.1,-36.652,0,"편하비_",0.251,-16.875,0,"ʚEveɞ",-22.65,-50.911,0,"Fresh825",-8.708,-65.231,0,"Megu3568",18.54,-44.411,0,"Yaksok~",17.15,-62.605,0,"IbikiKai_JP",48.453,-100.224,96,"Gonyong",3.639,-123.452,0,"SOM_candy",-40.728,-105.153,0,0,0,0,6283.253,6,"IbikiKai_JP",48.833,-97.378,0,0,0,0,0,0,0,1
120,5,0,0,5,0,0,2,0,0,0,255,255,255,22,6306.514,"とりらむ",R,0,93,140,1.297,-0.414,-0.042,1.287,-36.225,0,0,0,0,0,0,0,0,5,4,R,"_이누_",190,90.187,0.45,0,39,0,0,0,0,0,0,0,0,0,0,0,0,0,0,0,0,0.043,-37.057,0,"편하비_",0.108,-17.02,113,"ʚEveɞ",-24.357,-51.978,0,"Fresh825",-13.008,-63.876,0,"Megu3568",18.451,-45.41,0,"Yaksok~",12.791,-64.328,0,"IbikiKai_JP",46.387,-99.075,0,"Gonyong",-4.578,-116.17,0,"SOM_candy",-44.073,-77.614,0,0,0,0,0,0,"",0,0,0,0,0,0,0,0,0,0
121,5,0,0,5,0,1,2,0,0,0,255,255,255,23,6322.932,"とりらむ",R,13,96,118,-2.831,-1.904,-0.043,1.087,-36.198,1,0,-313.547,389.472,-19.079,-0.678,-17.777,0,5,4,R,"_이누_",190,90.187,0.45,0,39,0,0,0,0,0,0,0,0,0,0,0,0,0,0,0,0,0.036,-37.006,0,"편하비_",-0.584,-16.998,0,"ʚEveɞ",-24.164,-51.73,0,"Fresh825",-12.675,-63.872,0,"Megu3568",18.564,-45.315,0,"Yaksok~",12.503,-64.454,0,"IbikiKai_JP",37.69,-90.994,0,"Gonyong",-7.919,-116.603,0,"SOM_candy",-44.254,-77.377,0,0,0,0,0,0,"",0,0,0,0,0,0,0,0,0,0
122,5,0,0,5,1,1,2,0,0,0,255,255,255,24,6341.327,"とりらむ",R,0,87,140,0.664,0,-0.157,1.226,-36.164,0,0,0,0,0,0,0,0,5,4,R,"_이누_",190,90.187,0.45,0,39,0,0,0,0,0,0,0,0,0,0,0,0,0,0,0,0,0.182,-37.573,0,"편하비_",0.021,-16.912,0,"ʚEveɞ",-24.162,-51.802,0,"Fresh825",-12.657,-64.066,0,"Megu3568",18.513,-45.336,0,"Yaksok~",12.482,-64.437,0,"IbikiKai_JP",37.809,-91.488,0,"Gonyong",-1.128,-116.46,0,"SOM_candy",-45.7,-78.031,0,0,0,0,0,0,"",0,0,0,0,0,0,0,0,0,0
123,5,0,0,5,1,2,2,0,0,0,255,255,255,25,6356.682,"とりらむ",R,10,89,128,1.155,-2.26,-0.017,1.449,-36.285,2,0,0,400,35.283,0.223,-19.78,1,5,4,R,"_이누_",190,90.187,0.45,3,39,6357.737,175,26,88,70,32,150,78,5.276,44.945,0.97,-0.017,-0.096,0.06,0,0.268,0.174,-36.85,0,"편하비_",0.111,-17.211,0,"ʚEveɞ",-24.06,-51.757,0,"Fresh825",-12.561,-64.155,0,"Megu3568",18.228,-45.167,0,"Yaksok~",12.35,-64.687,0,"IbikiKai_JP",37.828,-91.498,0,"Gonyong",-1.08,-116.434,0,"SOM_candy",-46.003,-77.785,0,6355.986,-8.024,-27.883,6359.503,0,"とりらむ",-13.343,-34.224,1,0,0,0,0,0,0,2
124,5,0,0,5,0,0,2,1,0,0,13,255,255,26,6406.588,"とりらむ",R,0,84,137,1.331,0.468,0.244,1.478,-36.366,2,0,0,0,0,0,0,1,6,3,R,"아침땅_",160,95,0.5,2,38,6407.542,143,6,110,83,27,150,102,108.898,-60.829,0.85,-0.002,-0.037,0.12,0,0.258,0.097,-36.941,0,"편하비_",0.136,-17.053,0,"ʚEveɞ",-21.023,-47.565,0,"Fresh825",-14.915,-63.26,0,"Megu3568",18.5,-45.529,0,"Yaksok~",8.726,-62.857,0,"IbikiKai_JP",34.884,-89.339,0,"Gonyong",-8.85,-108.936,0,"SOM_candy",-46.105,-78.129,0,0,0,0,0,0,"",0,0,0,0,0,0,0,0,0,3
125,5,0,0,5,0,1,2,1,0,0,13,255,255,27,6426.207,"とりらむ",R,10,91,128,1.537,-2.957,0.084,1.383,-36.278,1,1,0,400,34.195,0.284,-17.694,0,6,3,R,"아침땅_",160,95,0.5,0,38,0,0,0,0,0,0,0,0,0,0,0,0,0,0,0,0,0.007,-37.823,0,"편하비_",0.118,-17.165,0,"ʚEveɞ",-20.018,-45.721,0,"Fresh825",-14.72,-63.237,0,"Megu3568",19.295,-46.316,0,"Yaksok~",8.417,-62.255,0,"IbikiKai_JP",35.574,-86.908,0,"Gonyong",-8.128,-106.524,0,"SOM_candy",-46.211,-77.971,0,0,0,0,0,0,"",0,0,0,0,0,0,0,0,0,0
126,5,0,0,5,1,1,2,0,1,0,255,13,255,28,6617.669,"とりらむ",R,0,96,140,1.79,0.023,0.048,1.347,-36.287,1,0,0,0,0,0,0,0,6,3,R,"아침땅_",160,95,0.5,0,38,0,0,0,0,0,0,0,0,0,0,0,0,0,0,0,0,0.268,-37.263,0,"편하비_",-0.008,-16.977,0,"ʚEveɞ",-24.308,-51.411,0,"Fresh825",-14.762,-62.983,0,"Megu3568",17.559,-44.58,0,"Yaksok~",10.769,-64.406,0,"IbikiKai_JP",39.163,-92.276,0,"Gonyong",-7.365,-109.281,0,"SOM_candy",-42.527,-74.425,0,0,0,0,0,0,"",0,0,0,0,0,0,0,0,0,0
127,5,0,0,5,2,1,2,0,1,0,255,13,255,29,6632.656,"とりらむ",R,3,77,105,-0.396,0.638,0.44,1.64,-36.657,0,0,-407.962,0,-11.014,-0.55,-17.799,0,6,3,R,"아침땅_",160,95,0.5,0,38,0,0,0,0,0,0,0,0,0,0,0,0,0,0,0,0,-0.126,-37.449,0,"편하비_",-0.108,-17.076,0,"ʚEveɞ",-24.277,-51.434,0,"Fresh825",-14.721,-62.965,0,"Megu3568",18.817,-43.933,0,"Yaksok~",10.519,-63.373,0,"IbikiKai_JP",38.978,-92.328,0,"Gonyong",-7.234,-109.254,0,"SOM_candy",-42.059,-76.721,0,0,0,0,0,0,"",0,0,0,0,0,0,0,0,0,0
128,5,0,0,5,2,2,2,0,1,0,255,13,255,30,6666.595,"とりらむ",R,0,89,140,1.524,-0.406,0.075,1.173,-36.286,1,0,0,0,0,0,0,0,6,3,R,"아침땅_",160,95,0.5,0,38,0,0,0,0,0,0,0,0,0,0,0,0,0,0,0,0,0.094,-37.642,0,"편하비_",0.191,-17.232,0,"ʚEveɞ",-24.244,-51.026,0,"Fresh825",-14.789,-63.068,0,"Megu3568",17.736,-42.127,0,"Yaksok~",8.405,-61.498,0,"IbikiKai_JP",39,-92.342,0,"Gonyong",-7.815,-107.306,0,"SOM_candy",-43.924,-78.937,0,0,0,0,0,0,"",0,0,0,0,0,0,0,0,0,0
129,5,0,0,5,3,2,2,0,1,0,255,13,255,31,6688.253,"とりらむ",R,0,97,140,0.572,17.258,0.024,0.724,-36.218,1,0,0,0,0,0,0,0,6,3,R,"아침땅_",160,95,0.5,0,38,0,0,0,0,0,0,0,0,0,0,0,0,0,0,0,0,-0.137,-36.3,0,"편하비_",0.017,-16.927,0,"ʚEveɞ",-23.645,-50.087,0,"Fresh825",-14.788,-62.891,0,"Megu3568",18.383,-44.749,0,"Yaksok~",5.671,-59.878,0,"IbikiKai_JP",38.03,-92.858,0,"Gonyong",-6.533,-106.783,0,"SOM_candy",-43.17,-78.244,0,0,0,0,0,0,"",0,0,0,0,0,0,0,0,0,5
130,5,0,0,5,0,0,2,1,0,1,12,255,13,32,6743.706,"とりらむ",R,10,91,128,-0.493,-1.362,-0.233,1.229,-36.27,2,0,11.755,400,68.771,0,0,1,7,7,L,"ke ro",164.6,85.04,0.421,2,38,6744.694,156,12,60,64,43,140,88,-65.833,45.016,-0.32,0.064,-0.095,0.204,0,0.299,-0.265,-37.048,0,"편하비_",-0.218,-17.15,0,"ʚEveɞ",-19.964,-45.854,78,"Fresh825",-5.334,-65.002,0,"Megu3568",17.481,-44.416,0,"Yaksok~",15.546,-62.574,0,"IbikiKai_JP",39.662,-91.531,0,"Gonyong",-0.305,-106.594,0,"SOM_candy",-42.466,-79.017,0,6742.403,-0.232,-19.686,6745.053,2,"ʚEveɞ",-18.443,-37.886,0,0,0,0,0,0,0,2
131,5,0,0,5,0,1,2,1,0,1,12,255,13,33,6772.347,"とりらむ",R,3,81,108,-2.289,-0.43,0.195,1.463,-36.565,2,0,-430.707,0,-18.638,0,0,1,7,7,L,"ke ro",164.6,85.04,0.421,2,38,6773.412,200,15,89,105,16,150,81,33.944,39.309,-0.86,0.072,-0.104,0.113,0,0.396,0.086,-36.951,0,"편하비_",-0.391,-17.03,0,"ʚEveɞ",-20.785,-48.675,0,"Fresh825",-1.608,-61.674,0,"Megu3568",18.175,-43.524,0,"Yaksok~",16.464,-62.115,0,"IbikiKai_JP",37.854,-92.179,0,"Gonyong",-0.814,-105.944,0,"SOM_candy",-42.362,-81.463,86,6775.62,-47.435,-65.9,6775.736,8,"SOM_candy",-45.849,-64.435,0,0,0,0,0,0,0,1
132,6,1,0,5,0,0,0,0,0,0,255,255,255,62,6828.39,"アリアル",R,32,84,137,-0.329,0.598,0.598,1.493,-36.843,0,0,250,-81.976,6.299,0,0,1,8,3,L,"Fresh825",172.8,80,0.2,0,38,0,0,0,0,0,0,0,0,0,0,0,0,0,0,0,0,0.465,-37.821,0,"눈꽃",-0.163,-17.135,0,"Slaris",-20.083,-48.725,0,"아침땅_",-11.474,-65.404,0,"_이누_",20.092,-48.596,0,"coder_",14.05,-67.857,0,"소솨소솨",40.818,-84.586,0,"ke ro",8.843,-103.387,0,"Sabo_10",-31.919,-83.254,0,0,0,0,0,0,"",0,0,0,0,0,0,0,0,0,0
133,6,1,0,5,0,1,0,0,0,0,255,255,255,63,6844.324,"アリアル",R,0,87,140,-1.943,1.329,0.516,1.542,-36.815,1,0,0,0,0,0,0,0,8,3,L,"Fresh825",172.8,80,0.2,0,38,0,0,0,0,0,0,0,0,0,0,0,0,0,0,0,0,0.528,-37.419,0,"눈꽃",-0.132,-17.002,0,"Slaris",-19.61,-48.918,0,"아침땅_",-11.473,-65.432,0,"_이누_",20.921,-49.146,0,"coder_",13.082,-68.38,0,"소솨소솨",40.844,-84.563,0,"ke ro",8.662,-103.57,0,"Sabo_10",-31.9,-83.248,0,0,0,0,0,0,"",0,0,0,0,0,0,0,0,0,0
134,6,1,0,5,1,1,0,0,0,0,255,255,255,64,6858.58,"アリアル",R,0,84,137,-1.322,0.56,0.522,1.471,-36.803,0,0,0,0,0,0,0,1,8,3,L,"Fresh825",172.8,80,0.2,0,38,0,0,0,0,0,0,0,0,0,0,0,0,0,0,0,0,0.388,-37.742,0,"눈꽃",-0.117,-16.991,0,"Slaris",-19.406,-49.073,0,"아침땅_",-11.878,-65.019,0,"_이누_",20.608,-49.203,0,"coder_",11.044,-66.196,0,"소솨소솨",40.862,-84.59,0,"ke ro",8.652,-103.547,0,"Sabo_10",-32.313,-84.717,0,0,0,0,0,0,"",0,0,0,0,0,0,0,0,0,0
135,6,1,0,5,1,2,0,0,0,0,255,255,255,65,6870.114,"アリアル",R,14,56,102,3.769,-1.582,0.711,1.335,-36.677,1,0,352.853,324.343,2.066,0,0,0,8,3,L,"Fresh825",172.8,80,0.2,0,38,0,0,0,0,0,0,0,0,0,0,0,0,0,0,0,0,0.522,-38.054,0,"눈꽃",0.136,-17.007,0,"Slaris",-20.203,-47.978,0,"아침땅_",-11.423,-65.293,0,"_이누_",19.033,-45.626,0,"coder_",11.129,-66.033,0,"소솨소솨",40.863,-84.597,0,"ke ro",8.443,-103.642,0,"Sabo_10",-29.914,-81.108,0,0,0,0,0,0,"",0,0,0,0,0,0,0,0,0,0
136,6,1,0,5,2,2,0,0,0,0,255,255,255,66,6885.95,"アリアル",R,0,81,134,0.703,-0.437,0.553,1.26,-36.743,2,0,0,0,0,0,0,1,8,3,L,"Fresh825",172.8,80,0.2,3,38,6886.972,170,12,104,73,59,150,126,26.683,-4.794,0.67,0.049,-0.079,0.156,0,0.091,0.618,-37.19,0,"눈꽃",0.017,-17.059,0,"Slaris",-19.726,-48.296,0,"아침땅_",-11.128,-65.45,81,"_이누_",20.995,-49.399,0,"coder_",11.268,-65.931,0,"소솨소솨",40.876,-84.594,0,"ke ro",8.019,-103.373,87,"Sabo_10",-32.746,-84.694,0,6890.553,26.207,-129.56,6891.52,7,"ke ro",24.004,-125.637,1,0,0,0,0,0,0,2
137,6,1,0,5,0,0,0,0,1,0,255,3,255,67,6919.626,"アリアル",R,0,81,133,-1.445,1.207,0.531,1.515,-36.755,1,0,0,0,0,0,0,0,0,2,L,"ʚEveɞ",190,80,0.297,0,38,0,0,0,0,0,0,0,0,0,0,0,0,0,0,0,0,0.33,-38.013,0,"눈꽃",-0.111,-16.98,0,"Slaris",-18.592,-48.562,0,"아침땅_",-9.167,-63.434,0,"_이누_",21.143,-48.35,0,"coder_",9.983,-65.038,0,"소솨소솨",40.611,-85.336,0,"ke ro",3.454,-109.9,0,"Sabo_10",-39.714,-90.409,0,0,0,0,0,0,"",0,0,0,0,0,0,0,0,0,0
138,6,1,0,5,1,0,0,0,1,0,255,3,255,68,6934.024,"アリアル",R,14,60,105,2.179,-1.19,0.696,1.327,-36.876,1,0,372.687,312.348,8.844,0,0,0,0,2,L,"ʚEveɞ",190,80,0.297,0,38,0,0,0,0,0,0,0,0,0,0,0,0,0,0,0,0,0.447,-37.927,0,"눈꽃",0.06,-16.975,0,"Slaris",-18.605,-48.542,0,"아침땅_",-9.056,-62.858,0,"_이누_",19.338,-44.218,0,"coder_",10.598,-64.361,0,"소솨소솨",40.933,-86.466,0,"ke ro",4.306,-108.934,0,"Sabo_10",-39.933,-88.675,0,0,0,0,0,0,"",0,0,0,0,0,0,0,0,0,0
139,6,1,0,5,2,0,0,0,1,0,255,3,255,69,6947.32,"アリアル",R,0,83,135,-0.818,0.846,0.555,1.539,-36.812,0,0,0,0,0,0,0,1,0,2,L,"ʚEveɞ",190,80,0.297,0,38,0,0,0,0,0,0,0,0,0,0,0,0,0,0,0,0,0.361,-37.714,0,"눈꽃",-0.116,-16.989,0,"Slaris",-18.444,-48.586,0,"아침땅_",-10.058,-63.18,0,"_이누_",20.872,-45.84,0,"coder_",11.104,-64.999,0,"소솨소솨",40.933,-86.458,0,"ke ro",4.293,-108.985,0,"Sabo_10",-40.283,-92.207,0,0,0,0,0,0,"",0,0,0,0,0,0,0,0,0,0
140,6,1,0,5,2,1,0,0,1,0,255,3,255,70,6966.615,"アリアル",R,14,57,103,2.573,-1.664,0.646,1.308,-36.585,1,0,365.589,312.348,-26.13,0.568,-18.35,0,0,2,L,"ʚEveɞ",190,80,0.297,0,38,0,0,0,0,0,0,0,0,0,0,0,0,0,0,0,0,0.424,-37.897,0,"눈꽃",0.022,-17.016,0,"Slaris",-17.946,-47.078,0,"아침땅_",-7.663,-62.508,0,"_이누_",21.384,-45.17,0,"coder_",11.456,-64.864,0,"소솨소솨",40.959,-86.432,0,"ke ro",4.617,-111.26,0,"Sabo_10",-40.372,-92.272,0,0,0,0,0,0,"",0,0,0,0,0,0,0,0,0,0
141,6,1,0,5,3,1,0,0,1,0,255,3,255,71,6981.008,"アリアル",R,0,79,130,-4.924,-0.959,0.487,1.414,-36.737,2,0,0,0,0,0,0,1,0,2,L,"ʚEveɞ",190,80,0.297,3,38,6982.044,238,29,105,68,6,150,105,33.722,-30.66,-0.1,0.065,-0.016,0.311,0,0.324,0.599,-37.398,0,"눈꽃",-0.146,-17.05,0,"Slaris",-17.815,-48.351,0,"아침땅_",-10.371,-63.669,0,"_이누_",21.858,-50.334,0,"coder_",12.924,-64.182,92,"소솨소솨",40.958,-86.465,92,"ke ro",6.752,-112.754,0,"Sabo_10",-42.783,-93.197,0,6985.02,51.25,-92.972,6985.203,6,"소솨소솨",49.772,-91.032,0,0,0,0,0,0,0,1
142,6,1,0,5,0,0,1,0,1,0,255,3,255,72,7010.708,"アリアル",R,0,85,138,0.833,0.595,0.632,1.495,-36.785,0,0,0,0,0,0,0,0,1,4,R,"Megu3568",175.3,86,0.404,0,38,0,0,0,0,0,0,0,0,0,0,0,0,0,0,0,0,0.369,-37.597,0,"눈꽃",-0.63,-17.016,0,"Slaris",-20.039,-46.985,0,"아침땅_",-15.152,-63.125,0,"_이누_",20.127,-46.624,0,"coder_",6.632,-63.788,0,"소솨소솨",29.653,-85.401,0,"ke ro",-16.733,-115.861,0,"Sabo_10",-42.804,-84.218,0,0,0,0,0,0,"",0,0,0,0,0,0,0,0,0,0
143,6,1,0,5,0,1,1,0,1,0,255,3,255,73,7026.246,"アリアル",R,3,77,116,-4.268,1.295,0.417,1.406,-36.803,1,0,-473.39,0,10.913,0,0,0,1,4,R,"Megu3568",175.3,86,0.404,0,38,0,0,0,0,0,0,0,0,0,0,0,0,0,0,0,0,0.537,-37.333,0,"눈꽃",-0.745,-17.07,0,"Slaris",-19.907,-46.61,0,"아침땅_",-15.129,-63.273,0,"_이누_",21.458,-44.549,0,"coder_",6.456,-63.193,0,"소솨소솨",29.679,-85.349,0,"ke ro",-15.193,-115.454,0,"Sabo_10",-44.015,-88.218,0,0,0,0,0,0,"",0,0,0,0,0,0,0,0,0,0
144,6,1,0,5,1,1,1,0,1,0,255,3,255,74,7046.593,"アリアル",R,13,89,126,-2.448,-1.051,0.612,1.433,-36.63,4,0,-413.227,281.502,30.761,-1,-17.596,1,1,4,R,"Megu3568",175.3,86,0.404,0,38,0,0,0,0,0,0,0,0,0,0,0,0,0,0,0,0,0.39,-37.451,0,"눈꽃",-0.932,-17.71,0,"Slaris",-19.829,-46.71,0,"아침땅_",-15.136,-63.062,0,"_이누_",19.588,-48.416,0,"coder_",6.859,-63.733,0,"소솨소솨",29.692,-85.373,0,"ke ro",-14.905,-115.379,0,"Sabo_10",-43.682,-89.378,0,0,0,0,0,0,"",0,0,0,0,0,0,0,0,0,0
145,6,1,0,5,1,2,1,0,1,0,255,3,255,75,7093.631,"アリアル",R,38,24,90,0.429,-0.75,0.702,1.168,-36.555,2,0,0,0,0,0,0,1,1,4,R,"Megu3568",175.3,86,0.404,3,38,7094.98,255,11,114,115,47,150,117,31.365,32.282,0.21,-0.001,-0.021,0.199,0,0.687,0.513,-37.173,0,"눈꽃",0.005,-17.149,0,"Slaris",-19.026,-48.936,0,"아침땅_",-15.144,-63.01,87,"_이누_",18.84,-49.709,0,"coder_",6.614,-62.836,0,"소솨소솨",28.188,-87.468,0,"ke ro",-12.713,-114.645,85,"Sabo_10",-45.628,-89.491,0,7097.136,-34.797,-109.755,7098.886,7,"ke ro",-37.517,-124.351,1,0,0,0,0,0,0,2
146,6,1,1,5,0,0,1,0,1,0,255,4,255,76,7136.166,"アリアル",R,0,80,132,0.785,0.676,0.635,1.463,-36.75,2,0,0,0,0,0,0,1,2,7,R,"Gonyong",174.6,80,0.2,3,38,7137.112,230,14,68,86,38,146,87,37.48,11.96,-0.73,-0.024,-0.008,0,0,0.252,0.517,-37.257,0,"눈꽃",0.065,-17.097,0,"Slaris",-19.621,-49.417,0,"아침땅_",-14.893,-63.492,95,"_이누_",18.812,-49.442,0,"coder_",8.864,-62.771,90,"소솨소솨",31.514,-88.827,0,"ke ro",-0.919,-116.142,0,"Sabo_10",-44.759,-90.273,0,7139.819,-19.74,-81.701,7140.103,0,"とりらむ",-19.569,-81.197,0,0,0,0,0,0,0,1
147,6,1,1,5,0,0,2,0,1,0,255,4,255,77,7190.359,"アリアル",R,13,85,124,-1.531,-0.928,0.426,1.178,-36.762,1,0,-390.434,312.348,37.315,0,0,0,3,1,R,"편하비_",182.6,86,0.455,0,38,0,0,0,0,0,0,0,0,0,0,0,0,0,0,0,0,0.28,-37.437,0,"눈꽃",-0.007,-17.67,0,"Slaris",-19.128,-47.486,0,"아침땅_",-14.577,-63.674,0,"_이누_",20.29,-45.281,84,"coder_",8.407,-62.89,0,"소솨소솨",35.927,-87.998,0,"ke ro",-5.789,-105.957,0,"Sabo_10",-40.754,-85.567,0,0,0,0,0,0,"",0,0,0,0,0,0,0,0,0,0
148,6,1,1,5,1,0,2,0,0,1,255,255,4,78,7209.61,"アリアル",R,0,85,139,0.372,0.59,0.62,1.5,-36.755,0,0,0,0,0,0,0,1,3,1,R,"편하비_",182.6,86,0.455,0,38,0,0,0,0,0,0,0,0,0,0,0,0,0,0,0,0,0.341,-37.511,0,"눈꽃",-0.358,-17.171,0,"Slaris",-19.311,-47.972,0,"아침땅_",-14.814,-63.519,0,"_이누_",19.375,-48.679,0,"coder_",12.426,-64.987,0,"소솨소솨",35.901,-88.01,0,"ke ro",-4.882,-105.201,0,"Sabo_10",-39.563,-88.485,0,0,0,0,0,0,"",0,0,0,0,0,0,0,0,0,0
149,6,1,1,5,1,1,2,0,0,1,255,255,4,79,7223.915,"アリアル",R,3,78,116,-3.59,0.601,0.464,1.384,-36.824,2,0,-487.794,0,11.923,0,0,1,3,1,R,"편하비_",182.6,86,0.455,2,38,7224.821,255,9,98,91,24,150,89,94.265,-83.084,-0.75,-0.022,-0.055,0.139,0,0.412,0.668,-37.014,0,"눈꽃",-0.544,-17.126,0,"Slaris",-20.109,-49.364,0,"아침땅_",-14.754,-63.634,0,"_이누_",18.572,-49.107,0,"coder_",12.136,-64.82,0,"소솨소솨",35.919,-87.994,0,"ke ro",-3.085,-104.831,0,"Sabo_10",-39.565,-88.434,0,0,0,0,0,0,"",0,0,0,0,0,0,0,0,0,3
150,6,1,1,5,1,2,2,0,0,1,255,255,4,80,7245.887,"アリアル",R,0,85,138,0.206,1.403,0.737,1.568,-36.817,1,0,0,0,0,0,0,0,3,1,R,"편하비_",182.6,86,0.455,0,37,0,0,0,0,0,0,0,0,0,0,0,0,0,0,0,0,0.436,-37.95,0,"눈꽃",0.267,-17.631,0,"Slaris",-19.906,-48.045,0,"아침땅_",-14.687,-63.621,0,"_이누_",20.795,-43.31,0,"coder_",13.48,-63.741,0,"소솨소솨",34.556,-84.422,0,"ke ro",-5.146,-101.14,0,"Sabo_10",-38.437,-89.636,0,0,0,0,0,0,"",0,0,0,0,0,0,0,0,0,0
151,6,1,1,5,2,2,2,0,0,1,255,255,4,81,7261.173,"アリアル",R,0,84,137,1.825,0.354,0.706,1.442,-36.789,4,0,0,0,0,-0.286,-20.11,1,3,1,R,"편하비_",182.6,86,0.455,0,37,0,0,0,0,0,0,0,0,0,0,0,0,0,0,0,0,0.552,-37.604,0,"눈꽃",-0.225,-17.753,0,"Slaris",-20.537,-49.255,0,"아침땅_",-14.872,-63.403,0,"_이누_",17.809,-45.716,0,"coder_",12.212,-64.381,0,"소솨소솨",34.293,-84.812,0,"ke ro",-3.467,-101.204,0,"Sabo_10",-38.506,-88.96,0,0,0,0,0,0,"",0,0,0,0,0,0,0,0,0,0
152,6,0,1,5,0,0,0,0,0,0,255,255,255,34,7319.759,"とりらむ",R,14,90,126,1.904,-0.983,0.079,0.929,-36.363,1,0,365.322,341.379,-52.409,0.697,-17.909,0,8,6,R,"소솨소솨",160,80,0.5,0,37,0,0,0,0,0,0,0,0,0,0,0,0,0,0,0,0,-0.284,-37.486,0,"편하비_",0.166,-17.207,0,"ʚEveɞ",-23.791,-50.852,0,"Fresh825",-15.27,-63.419,0,"Megu3568",17.903,-44.264,0,"Yaksok~",12.067,-64.487,0,"IbikiKai_JP",37.462,-88.522,0,"Gonyong",-2.201,-111.422,0,"SOM_candy",-43.808,-90.788,0,0,0,0,0,0,"",0,0,0,0,0,0,0,0,0,0
153,6,0,1,5,1,0,0,0,0,0,255,255,255,35,7336.878,"とりらむ",R,0,88,140,1.571,-0.263,-0.037,1.346,-36.306,1,0,0,0,0,0.361,-17.774,0,8,6,R,"소솨소솨",160,80,0.5,0,37,0,0,0,0,0,0,0,0,0,0,0,0,0,0,0,0,0.038,-37.118,0,"편하비_",0.139,-17.3,0,"ʚEveɞ",-23.766,-50.854,0,"Fresh825",-14.949,-63.224,0,"Megu3568",18.101,-44.437,0,"Yaksok~",11.967,-64.759,0,"IbikiKai_JP",37.564,-88.685,0,"Gonyong",0.698,-109.628,0,"SOM_candy",-39.281,-84.382,0,0,0,0,0,0,"",0,0,0,0,0,0,0,0,0,0
154,6,0,1,5,2,0,0,0,0,0,255,255,255,36,7360.342,"とりらむ",R,13,86,110,-1.529,-1.358,0.126,1.264,-36.363,1,0,-370.691,335.541,-29.409,-0.558,-17.687,0,8,6,R,"소솨소솨",160,80,0.5,0,37,0,0,0,0,0,0,0,0,0,0,0,0,0,0,0,0,0.054,-37.138,0,"편하비_",-0.389,-17.51,0,"ʚEveɞ",-23.769,-50.895,0,"Fresh825",-14.643,-63.409,0,"Megu3568",18.134,-44.434,0,"Yaksok~",12.223,-65.77,0,"IbikiKai_JP",37.476,-88.671,0,"Gonyong",0.747,-109.702,0,"SOM_candy",-41.94,-84.196,0,0,0,0,0,0,"",0,0,0,0,0,0,0,0,0,0
155,6,0,1,5,3,0,0,0,0,0,255,255,255,37,7372.697,"とりらむ",R,0,83,136,0.895,0.343,-0.043,1.342,-36.357,0,0,0,0,0,0,0,0,8,6,R,"소솨소솨",160,80,0.5,0,37,0,0,0,0,0,0,0,0,0,0,0,0,0,0,0,0,0.084,-37.107,0,"편하비_",0.035,-17.189,0,"ʚEveɞ",-23.78,-50.862,0,"Fresh825",-14.59,-63.578,0,"Megu3568",18.121,-44.331,0,"Yaksok~",10.864,-64.418,0,"IbikiKai_JP",37.563,-88.618,0,"Gonyong",0.733,-109.719,0,"SOM_candy",-43.215,-85.954,0,0,0,0,0,0,"",0,0,0,0,0,0,0,0,0,0
156,6,0,1,5,3,1,0,0,0,0,255,255,255,38,7384.101,"とりらむ",R,10,65,97,-0.084,0.055,0.129,1.744,-36.719,0,0,0,400,5.784,-0.295,-17.819,0,8,6,R,"소솨소솨",160,80,0.5,0,37,0,0,0,0,0,0,0,0,0,0,0,0,0,0,0,0,-0.057,-37.506,0,"편하비_",-0.132,-17.676,0,"ʚEveɞ",-23.762,-50.856,0,"Fresh825",-14.754,-63.716,0,"Megu3568",17.867,-44.552,0,"Yaksok~",10.846,-64.4,0,"IbikiKai_JP",37.424,-88.74,0,"Gonyong",0.75,-109.745,0,"SOM_candy",-42.44,-86.729,0,0,0,0,0,0,"",0,0,0,0,0,0,0,0,0,0
157,6,0,1,5,3,2,0,0,0,0,255,255,255,39,7397.687,"とりらむ",R,0,92,140,0.96,-1.653,-0.076,1.18,-36.294,1,0,0,0,0,0,0,0,8,6,R,"소솨소솨",160,80,0.5,0,37,0,0,0,0,0,0,0,0,0,0,0,0,0,0,0,0,0.198,-37.016,0,"편하비_",0.112,-17.502,0,"ʚEveɞ",-23.723,-50.656,0,"Fresh825",-14.767,-63.921,0,"Megu3568",17.848,-44.53,0,"Yaksok~",10.376,-64.463,0,"IbikiKai_JP",37.532,-88.64,0,"Gonyong",0.762,-109.757,0,"SOM_candy",-42.296,-84.699,0,0,0,0,0,0,"",0,0,0,0,0,0,0,0,0,5
158,6,0,1,5,0,0,0,1,0,0,15,255,255,40,7419.463,"とりらむ",R,3,74,114,-1.771,0.841,0.187,1.589,-36.606,2,0,-471.03,57.448,-20.106,0,0,0,0,5,R,"coder_",164,107,0.503,3,37,7420.543,6,1,65,32,16,6,32,-64.22,61.498,0.94,-0.023,-0.058,0.049,1,0.811,-0.421,-37.204,0,"편하비_",-0.476,-17.174,0,"ʚEveɞ",-19.206,-40.23,87,"Fresh825",-13.508,-61.089,0,"Megu3568",13.796,-38.752,0,"Yaksok~",3.505,-62.025,0,"IbikiKai_JP",34.894,-90.183,0,"Gonyong",-5.865,-108.174,0,"SOM_candy",-44.751,-87.438,0,7418.403,-1.27,-19.935,7422.47,2,"ʚEveɞ",-14.393,-28.584,0,0,0,0,0,0,0,2
159,6,0,1,5,0,1,0,1,0,0,15,255,255,41,7447.845,"とりらむ",R,10,79,119,0.826,-1.259,0.216,1.584,-36.568,1,0,0,400,12.764,0,0,0,0,5,R,"coder_",164,80,0.503,0,57,0,0,0,0,0,0,0,0,0,0,0,0,0,0,0,0,-0.004,-37.271,0,"편하비_",0.091,-17.151,0,"ʚEveɞ",-20.324,-45.66,0,"Fresh825",-15.623,-58.982,0,"Megu3568",16.303,-42.322,0,"Yaksok~",4.139,-62.066,0,"IbikiKai_JP",33.461,-87.502,0,"Gonyong",-10.184,-110.076,0,"SOM_candy",-40.769,-80.075,0,0,0,0,0,0,"",0,0,0,0,0,0,0,0,0,0
160,6,0,1,5,0,2,0,1,0,0,15,255,255,42,7466.208,"とりらむ",R,0,94,140,2.073,-0.895,0.068,1.218,-36.249,2,0,0,0,0,0,0,0,0,5,R,"coder_",164,80,0.503,3,57,7467.228,159,11,93,53,29,150,88,6.638,24.477,-0.38,-0.1,-0.112,0.238,0,0.309,0.207,-36.616,0,"편하비_",0.23,-17.405,0,"ʚEveɞ",-21.601,-45.626,86,"Fresh825",-12.449,-56.287,105,"Megu3568",17.303,-43.429,0,"Yaksok~",-0.113,-60.665,0,"IbikiKai_JP",33.579,-87.489,0,"Gonyong",-10.188,-110.187,0,"SOM_candy",-42.124,-84.364,0,7466.286,-10.236,-46.147,7466.82,3,"Fresh825",-12.006,-50.88,0,0,0,0,0,0,0,2
161,6,0,1,5,0,0,1,0,1,0,255,15,255,43,7493.069,"とりらむ",R,0,93,140,-0.549,-0.964,-0.145,0.926,-36.317,1,0,0,0,0,0,0,0,1,2,R,"Slaris",190,86.36,0.452,0,37,0,0,0,0,0,0,0,0,0,0,0,0,0,0,0,0,-0.414,-37.818,0,"편하비_",-0.269,-17.432,0,"ʚEveɞ",-23.854,-50.707,0,"Fresh825",-15.457,-62.261,0,"Megu3568",19.18,-41.931,0,"Yaksok~",5.961,-62.567,87,"IbikiKai_JP",46.025,-107.22,0,"Gonyong",-8.596,-123.115,0,"SOM_candy",-54.617,-102.873,0,0,0,0,0,0,"",0,0,0,0,0,0,0,0,0,0
162,6,0,1,5,1,0,1,0,1,0,255,15,255,44,7530.115,"とりらむ",R,0,74,127,3.272,0.558,0.294,1.676,-36.699,2,0,0,0,0,0,0,1,1,2,R,"Slaris",190,86.36,0.452,3,37,7531.034,150,10,106,81,34,150,104,3.334,24.961,-0.15,0,-0.002,0.176,0,0.23,-0.13,-36.998,0,"편하비_",-0.048,-17.062,0,"ʚEveɞ",-23.754,-50.245,71,"Fresh825",-15.177,-62.261,85,"Megu3568",17.714,-43.347,0,"Yaksok~",4.946,-60.938,0,"IbikiKai_JP",49.391,-107.209,0,"Gonyong",-5.891,-121.467,0,"SOM_candy",-56.801,-104.231,0,7530.12,-15.168,-52.715,7530.52,3,"Fresh825",-16.882,-56.38,0,0,0,0,0,0,0,2
163,6,0,1,5,0,0,2,0,0,1,255,255,15,45,7661.969,"とりらむ",R,0,82,134,-0.485,0.186,0.02,1.463,-36.431,2,0,0,0,0,0,0,1,2,9,L,"encounter v",190,90,0.547,3,37,7663.039,255,15,120,145,96,150,86,-88.708,-88.683,-0.91,0.017,-0.142,0.048,0,0.711,0.053,-36.937,0,"편하비_",-0.459,-17.082,0,"ʚEveɞ",-23.389,-51.291,0,"Fresh825",-9.99,-63.853,0,"Megu3568",17.745,-43.286,0,"Yaksok~",14.683,-62.863,0,"IbikiKai_JP",46.474,-96.875,0,"Gonyong",-0.925,-114.996,0,"SOM_candy",-43.97,-90.177,0,7660.836,0.862,-19.507,0,0,"",0,0,0,0,0,0,0,0,0,0
164,6,0,1,5,0,0,2,0,0,1,255,255,15,46,7686.29,"とりらむ",R,10,80,121,-0.953,-1.1,-0.014,1.517,-36.507,2,0,0,400,27.849,0,0,1,2,9,L,"encounter v",190,90,0.547,3,37,7687.384,203,19,82,103,94,150,114,-30,-32.974,0.1,0.015,-0.147,0.047,0,0.587,0.136,-36.983,0,"편하비_",-0.226,-17.153,0,"ʚEveɞ",-23.003,-51.194,0,"Fresh825",-10.239,-65.08,0,"Megu3568",18.557,-44.022,0,"Yaksok~",16.87,-61.891,0,"IbikiKai_JP",51.381,-94.471,0,"Gonyong",-0.852,-114.201,0,"SOM_candy",-48.032,-83.856,0,7685.186,0.406,-21.252,7686.486,4,"Megu3568",14.784,-43.54,0,0,0,0,0,0,0,2
165,7,1,1,5,0,0,0,0,0,0,255,255,255,82,7746.238,"アリアル",R,0,91,140,0.62,0.681,0.798,1.517,-36.911,0,0,0,0,0,0,0,0,4,5,R,"Yaksok~",173.2,90.462,0.303,0,69,0,0,0,0,0,0,0,0,0,0,0,0,0,0,0,0,0.493,-37.532,0,"눈꽃",-0.326,-17.004,0,"Slaris",-21.528,-50.508,0,"아침땅_",-15.312,-63.43,0,"_이누_",19.625,-51.317,0,"coder_",7.041,-67.105,0,"소솨소솨",33.102,-85.774,0,"ke ro",0.384,-101.869,0,"Sabo_10",-34.864,-79.574,0,0,0,0,0,0,"",0,0,0,0,0,0,0,0,0,0
166,7,1,1,5,0,1,0,0,0,0,255,255,255,83,7762.267,"アリアル",R,3,75,115,-3.503,0.356,0.556,1.367,-36.922,4,0,-458.974,0,15.26,0,0,1,4,5,R,"Yaksok~",173.2,90.462,0.303,0,69,0,0,0,0,0,0,0,0,0,0,0,0,0,0,0,0,0.418,-37.821,0,"눈꽃",-1.182,-16.808,0,"Slaris",-24.492,-48.628,0,"아침땅_",-15.316,-63.371,0,"_이누_",20.291,-51.007,0,"coder_",7.841,-66.944,0,"소솨소솨",33.1,-85.783,0,"ke ro",0.957,-102.279,0,"Sabo_10",-38.167,-82.153,0,0,0,0,0,0,"",0,0,0,0,0,0,0,0,0,0
167,7,1,1,5,0,2,0,0,0,0,255,255,255,84,7775.737,"アリアル",R,13,84,124,-2.99,-0.547,0.471,1.36,-36.778,4,0,-430.415,254.446,37.637,0,0,1,4,5,R,"Yaksok~",173.2,90.462,0.303,0,69,0,0,0,0,0,0,0,0,0,0,0,0,0,0,0,0,0.397,-37.671,0,"눈꽃",-0.495,-17.049,0,"Slaris",-21.89,-47.392,0,"아침땅_",-15.539,-63.277,0,"_이누_",19.443,-51.015,0,"coder_",7.928,-66.894,0,"소솨소솨",33.09,-85.798,0,"ke ro",-0.171,-102.317,0,"Sabo_10",-40.482,-80.78,0,0,0,0,0,0,"",0,0,0,0,0,0,0,0,0,0
168,7,1,1,5,0,0,1,0,0,0,255,255,255,85,7808.886,"アリアル",R,0,87,140,0.042,0.433,0.603,1.464,-36.762,0,0,0,0,0,0,0,0,5,0,R,"とりらむ",174.9,85.612,0.4,0,37,0,0,0,0,0,0,0,0,0,0,0,0,0,0,0,0,0.479,-37.569,0,"눈꽃",-0.873,-16.828,0,"Slaris",-20.525,-49.634,0,"아침땅_",-15.298,-63.295,0,"_이누_",20.111,-51.711,0,"coder_",10.435,-65.571,0,"소솨소솨",30.603,-85.77,0,"ke ro",0.699,-104.346,0,"Sabo_10",-38.068,-87.987,0,0,0,0,0,0,"",0,0,0,0,0,0,0,0,0,0
169,7,1,1,5,0,1,1,0,0,0,255,255,255,86,7825.61,"アリアル",R,0,87,140,0.219,0.361,0.622,1.437,-36.749,0,0,0,0,0,0,0,0,5,0,R,"とりらむ",174.9,85.612,0.4,0,37,0,0,0,0,0,0,0,0,0,0,0,0,0,0,0,0,0.493,-37.841,0,"눈꽃",-0.379,-16.918,0,"Slaris",-20.429,-49.7,0,"아침땅_",-15.148,-63.395,0,"_이누_",19.392,-50.325,0,"coder_",10.855,-65.823,0,"소솨소솨",30.618,-85.796,0,"ke ro",0.769,-101.42,0,"Sabo_10",-38.089,-89.116,0,0,0,0,0,0,"",0,0,0,0,0,0,0,0,0,0
170,7,1,1,5,0,2,1,0,0,0,255,255,255,87,7838.416,"アリアル",R,3,94,126,-2.836,0.026,0.698,1.491,-36.749,4,0,-499.652,18.643,13.813,0,0,1,5,0,R,"とりらむ",174.9,85.612,0.4,0,37,0,0,0,0,0,0,0,0,0,0,0,0,0,0,0,0,0.41,-37.528,0,"눈꽃",-0.545,-16.969,0,"Slaris",-22.672,-48.293,0,"아침땅_",-15.3,-63.289,0,"_이누_",20.565,-49.215,0,"coder_",10.59,-65.843,0,"소솨소솨",30.624,-85.82,0,"ke ro",0.765,-101.457,0,"Sabo_10",-39.391,-91.054,0,0,0,0,0,0,"",0,0,0,0,0,0,0,0,0,0
171,7,1,1,5,0,0,2,0,0,0,255,255,255,88,7859.335,"アリアル",R,0,83,135,-1.12,-0.247,0.545,1.33,-36.791,0,0,0,0,0,-0.707,-9.537,0,6,8,L,"SOM_candy",180.4,94.547,0.503,0,37,0,0,0,0,0,0,0,0,0,0,0,0,0,0,0,0,0.39,-37.917,0,"눈꽃",-0.103,-16.977,0,"Slaris",-19.997,-48.501,0,"아침땅_",-12.868,-64.793,0,"_이누_",21.464,-49.495,0,"coder_",11.915,-65.496,0,"소솨소솨",39.859,-83.261,0,"ke ro",8.32,-105.893,0,"Sabo_10",-32.67,-86.906,0,0,0,0,0,0,"",0,0,0,0,0,0,0,0,0,0
172,7,1,1,5,0,1,2,0,0,0,255,255,255,89,7872.555,"アリアル",R,0,60,117,1.453,-0.787,0.752,1.263,-36.698,2,0,-14.527,0,24.562,0,0,1,6,8,L,"SOM_candy",180.4,94.547,0.503,3,37,7873.708,146,14,89,112,69,150,75,5.344,-19.455,0.97,-0.021,0.079,0.027,0,0.207,0.599,-37.283,0,"눈꽃",0.175,-17.173,0,"Slaris",-19.647,-48.52,0,"아침땅_",-12.85,-64.796,0,"_이누_",21.46,-49.814,0,"coder_",11.565,-65.576,98,"소솨소솨",39.894,-83.257,0,"ke ro",8.925,-107.942,0,"Sabo_10",-32.677,-86.849,0,7872.419,7.001,-39.635,7873.936,5,"coder_",11.819,-56.93,0,0,0,0,0,0,0,2
173,7,0,1,5,0,0,0,0,0,0,255,255,255,47,7967.442,"とりらむ",R,0,86,139,0.675,-1.054,0.181,1.403,-36.341,2,0,0,0,0,0,0,1,3,1,L,"눈꽃",179.8,90,0.496,3,37,7968.428,191,27,81,83,82,150,118,-30,1.526,0.81,-0.014,0.006,0.052,0,0.429,-0.102,-36.659,0,"편하비_",0.136,-16.927,0,"ʚEveɞ",-23.076,-51.553,94,"Fresh825",-12.141,-65.697,94,"Megu3568",17.817,-44.196,0,"Yaksok~",15.686,-63.05,0,"IbikiKai_JP",44.693,-90.241,0,"Gonyong",-0.261,-107.428,0,"SOM_candy",-42.71,-91.649,0,7966.169,0.1,-21.512,7968.203,3,"Fresh825",-7.636,-59.767,0,0,0,0,0,0,0,2
174,7,0,1,5,0,0,1,0,0,0,255,255,255,48,7994.387,"とりらむ",R,33,88,140,1.068,-0.49,0.371,1.257,-36.373,0,0,149.721,-99.698,9.07,0,0,0,4,8,L,"Sabo_10",184.6,90,0.602,0,37,0,0,0,0,0,0,0,0,0,0,0,0,0,0,0,0,0.04,-37.055,0,"편하비_",0.125,-16.856,0,"ʚEveɞ",-22.717,-50.241,0,"Fresh825",-11.706,-66.267,0,"Megu3568",18.114,-44.255,0,"Yaksok~",16.967,-61.402,0,"IbikiKai_JP",50.325,-98.302,0,"Gonyong",5.546,-123.377,0,"SOM_candy",-48.144,-85.584,0,0,0,0,0,0,"",0,0,0,0,0,0,0,0,0,0
175,7,0,1,5,0,1,1,0,0,0,255,255,255,49,8007.653,"とりらむ",R,32,74,126,3.671,-0.68,0.55,1.168,-36.739,1,0,183.89,-88.102,1.756,1,-17.66,0,4,8,L,"Sabo_10",184.6,90,0.602,0,37,0,0,0,0,0,0,0,0,0,0,0,0,0,0,0,0,-0.008,-37.445,0,"편하비_",0.414,-16.994,0,"ʚEveɞ",-22.698,-50.27,0,"Fresh825",-11.743,-66.337,0,"Megu3568",18.106,-44.249,0,"Yaksok~",16.559,-61.082,0,"IbikiKai_JP",50.34,-98.315,0,"Gonyong",3.164,-122.552,0,"SOM_candy",-44.8,-96.212,0,0,0,0,0,0,"",0,0,0,0,0,0,0,0,0,0
176,7,0,1,5,1,1,1,0,0,0,255,255,255,50,8027.087,"とりらむ",R,3,76,120,1.346,0.302,0.594,1.355,-36.673,2,0,-315.978,0,2.21,0,0,1,4,8,L,"Sabo_10",184.6,90,0.602,3,37,8028.091,195,17,108,113,68,150,130,-9.077,15.217,0.36,0.022,-0.041,0.283,0,0.521,0.058,-36.987,0,"편하비_",0.139,-17.008,0,"ʚEveɞ",-22.704,-50.324,85,"Fresh825",-11.515,-65.74,101,"Megu3568",17.844,-44.11,0,"Yaksok~",17.044,-61.704,0,"IbikiKai_JP",50.394,-98.338,0,"Gonyong",3.211,-122.405,0,"SOM_candy",-39.776,-102.101,0,8026.003,-1.276,-26.468,8027.303,3,"Fresh825",-10.277,-60.266,0,0,0,0,0,0,0,2
177,7,0,1,5,0,0,2,0,0,0,255,255,255,51,8050.202,"とりらむ",R,0,82,134,-1.519,-0.059,-0.119,1.465,-36.421,1,0,0,0,0,0,0,0,5,4,R,"_이누_",190,90.187,0.45,0,88,0,0,0,0,0,0,0,0,0,0,0,0,0,0,0,0,0.179,-37.704,0,"편하비_",-0.307,-17.161,0,"ʚEveɞ",-23.563,-52.397,0,"Fresh825",-15.145,-63.047,0,"Megu3568",17.941,-44.458,0,"Yaksok~",8.517,-62.667,0,"IbikiKai_JP",47.139,-94.473,0,"Gonyong",0.599,-114.675,0,"SOM_candy",-42.973,-92.816,0,0,0,0,0,0,"",0,0,0,0,0,0,0,0,0,0
178,7,0,1,5,1,0,2,0,0,0,255,255,255,52,8066.918,"とりらむ",R,3,86,112,-0.248,-0.284,0.413,1.376,-36.522,0,0,-414.589,15.893,-22.116,-0.441,-17.642,1,5,4,R,"_이누_",190,90.187,0.45,0,88,0,0,0,0,0,0,0,0,0,0,0,0,0,0,0,0,0.152,-37.164,0,"편하비_",-0.225,-17.077,0,"ʚEveɞ",-23.714,-51.634,0,"Fresh825",-14.57,-63.983,0,"Megu3568",18,-44.505,0,"Yaksok~",8.521,-62.72,0,"IbikiKai_JP",37.008,-88.955,0,"Gonyong",0.533,-116.398,0,"SOM_candy",-46.219,-95.067,0,0,0,0,0,0,"",0,0,0,0,0,0,0,0,0,0
179,7,0,1,5,1,1,2,0,0,0,255,255,255,53,8090.005,"とりらむ",R,0,94,140,1.247,-0.31,-0.038,0.952,-36.381,0,0,0,0,0,0,0,0,5,4,R,"_이누_",190,90.187,0.45,0,88,0,0,0,0,0,0,0,0,0,0,0,0,0,0,0,0,-0.187,-37.893,0,"편하비_",0.089,-16.975,0,"ʚEveɞ",-23.503,-52.746,0,"Fresh825",-14.758,-63.977,0,"Megu3568",18.037,-44.431,0,"Yaksok~",8.382,-62.636,0,"IbikiKai_JP",37.022,-88.969,0,"Gonyong",-0.117,-116.795,0,"SOM_candy",-45.527,-95.522,0,0,0,0,0,0,"",0,0,0,0,0,0,0,0,0,0
180,7,0,1,5,1,2,2,0,0,0,255,255,255,54,8107.747,"とりらむ",R,10,85,127,0.049,-1.028,0.063,1.672,-36.576,2,0,0,400,17.58,0,0,1,5,4,R,"_이누_",190,90.187,0.45,3,88,8108.82,200,14,65,69,37,143,125,25.906,20.983,0.27,-0.036,-0.121,0.054,0,0.217,-0.033,-36.823,0,"편하비_",0.144,-17.064,0,"ʚEveɞ",-23.513,-52.72,0,"Fresh825",-14.689,-63.832,0,"Megu3568",17.841,-44.318,0,"Yaksok~",10.394,-63.692,0,"IbikiKai_JP",37.044,-89.018,0,"Gonyong",-0.194,-116.873,0,"SOM_candy",-45.423,-81.124,0,8114.236,-63.986,-133.511,0,0,"",0,0,0,0,0,0,0,0,0,4
181,7,0,1,6,0,0,2,0,0,0,255,255,255,0,8323.431,"편하비_",R,10,67,112,1.409,0.555,0.144,2.094,-37.244,0,0,0,400,10.848,0,0,0,6,3,R,"아침땅_",160,95,0.5,0,37,0,0,0,0,0,0,0,0,0,0,0,0,0,0,0,0,0.03,-38.171,0,"ʚEveɞ",-0.025,-16.924,0,"Fresh825",-24.762,-48.7,0,"とりらむ",-13.21,-63.06,0,"Megu3568",17.35,-43.66,0,"Yaksok~",9.063,-63.588,0,"IbikiKai_JP",47.031,-98.951,0,"Gonyong",-5.802,-111.889,0,"SOM_candy",-47.156,-90.88,0,0,0,0,0,0,"",0,0,0,0,0,0,0,0,0,0
182,7,0,1,6,0,1,2,0,0,0,255,255,255,1,8338.192,"편하비_",R,10,47,98,-0.616,1.172,0.105,2.058,-37.368,2,0,0,400,-4.172,0,0,1,6,3,R,"아침땅_",160,95,0.5,2,37,8339.3,190,7,108,85,50,150,95,26.289,14.552,-0.01,0.003,-0.032,0.102,0.048,0.339,0.128,-37.81,0,"ʚEveɞ",0.153,-16.991,0,"Fresh825",-23.84,-47.089,0,"とりらむ",-13.26,-64.078,103,"Megu3568",17.403,-43.78,0,"Yaksok~",9.737,-62.872,0,"IbikiKai_JP",37.25,-89.707,0,"Gonyong",-5.697,-111.827,104,"SOM_candy",-46.755,-83.955,0,8341.803,-28.786,-94.696,8346.969,7,"Gonyong",-43.242,-122.544,1,0,0,0,0,0,0,2
183,7,0,1,6,0,0,2,0,0,1,255,255,12,2,8381.677,"편하비_",R,32,57,114,-1.043,-0.566,0.279,1.774,-36.924,0,0,250,-200,42.228,0,0,1,7,7,L,"ke ro",164.6,85.04,0.421,0,37,0,0,0,0,0,0,0,0,0,0,0,0,0,0,0,0,0.034,-38.085,0,"ʚEveɞ",-0.144,-16.853,120,"Fresh825",-18.983,-50.295,0,"とりらむ",-7.604,-64.734,0,"Megu3568",17.986,-42.341,0,"Yaksok~",16.772,-58.517,0,"IbikiKai_JP",42.403,-90.978,0,"Gonyong",5.156,-112.418,0,"SOM_candy",-41.966,-88.762,0,0,0,0,0,0,"",0,0,0,0,0,0,0,0,0,0
184,7,0,1,6,0,1,2,0,0,1,255,255,12,3,8397.974,"편하비_",R,32,56,114,0.863,-0.192,0.39,1.761,-36.934,2,0,250,-192.618,23.431,0,0,1,7,7,L,"ke ro",164.6,85.04,0.421,2,37,8399.07,183,16,104,38,32,150,83,52.298,-26.71,-0.53,0.08,-0.167,0.18,0,0.369,0.056,-37.476,0,"ʚEveɞ",0.167,-16.785,0,"Fresh825",-18.583,-49.674,0,"とりらむ",-9.898,-65.357,0,"Megu3568",17.928,-43.796,0,"Yaksok~",16.127,-59.706,106,"IbikiKai_JP",38.99,-87.851,0,"Gonyong",-0.045,-105.183,0,"SOM_candy",-37.987,-83.127,0,8402.103,24.247,-67.351,8402.253,5,"Yaksok~",23.561,-65.996,0,0,0,0,0,0,0,1
185,8,1,1,6,0,0,0,0,0,0,255,255,255,90,8451.413,"アリアル",R,0,88,140,-1.279,1.555,0.479,1.514,-36.794,2,0,0,0,0,0,0,1,7,6,L,"IbikiKai_JP",174.7,90,0.5,3,37,8452.483,43,3,29,31,20,29,59,49.765,-55.226,-0.04,-0.043,-0.012,0.001,0,0.243,0.569,-37.354,0,"눈꽃",-0.152,-17.084,0,"Slaris",-19.183,-48.579,0,"아침땅_",-11.706,-65.456,0,"_이누_",20.695,-48.578,115,"coder_",12.929,-65.521,0,"소솨소솨",41.13,-88.918,0,"ke ro",7.591,-103.366,0,"Sabo_10",-31.707,-83.03,0,0,0,0,8454.286,4,"_이누_",32.321,-41.557,0,0,0,0,0,0,0,1
186,8,1,1,6,0,0,1,0,0,0,255,255,255,91,8475.36,"アリアル",R,9,51,98,5.294,0.429,0.748,1.338,-36.731,1,0,347.842,-312.348,-4.502,0,0,0,8,2,L,"Fresh825",172.8,80,0.2,0,37,0,0,0,0,0,0,0,0,0,0,0,0,0,0,0,0,0.535,-37.76,0,"눈꽃",0.177,-17.029,0,"Slaris",-20.672,-45.028,0,"아침땅_",-12.658,-64.259,0,"_이누_",19.43,-48.038,0,"coder_",12.529,-65.174,0,"소솨소솨",40.12,-84.393,0,"ke ro",7.84,-106.546,0,"Sabo_10",-31.058,-82.518,0,0,0,0,0,0,"",0,0,0,0,0,0,0,0,0,0
187,8,1,1,6,1,0,1,0,0,0,255,255,255,92,8489.455,"アリアル",R,0,80,132,-0.959,0.779,0.433,1.4,-36.814,0,0,0,0,0,0,0,0,8,2,L,"Fresh825",172.8,80,0.2,0,37,0,0,0,0,0,0,0,0,0,0,0,0,0,0,0,0,0.439,-37.777,0,"눈꽃",-0.14,-17.025,0,"Slaris",-18.973,-47.651,0,"아침땅_",-12.625,-64.607,0,"_이누_",20.572,-48.502,0,"coder_",12.334,-65.358,0,"소솨소솨",39.575,-84.319,0,"ke ro",7.991,-105.903,0,"Sabo_10",-33.145,-84.272,0,0,0,0,0,0,"",0,0,0,0,0,0,0,0,0,0
188,8,1,1,6,1,1,1,0,0,0,255,255,255,93,8502.51,"アリアル",R,0,84,137,-2.314,1.231,0.483,1.528,-36.866,4,0,0,0,0,0,0,1,8,2,L,"Fresh825",172.8,80,0.2,0,37,0,0,0,0,0,0,0,0,0,0,0,0,0,0,0,0,0.399,-37.549,0,"눈꽃",-0.131,-17.009,0,"Slaris",-18.906,-47.749,0,"아침땅_",-12.624,-64.609,0,"_이누_",21.097,-49.021,0,"coder_",12.158,-65.328,0,"소솨소솨",39.575,-84.317,0,"ke ro",8.008,-105.894,0,"Sabo_10",-31.676,-85.6,0,0,0,0,0,0,"",0,0,0,0,0,0,0,0,0,0
189,8,1,1,6,1,2,1,0,0,0,255,255,255,94,8513.868,"アリアル",R,14,51,99,3.542,-2.763,0.655,1.236,-36.786,4,0,347.67,317.447,11.714,0.637,-21.037,1,8,2,L,"Fresh825",172.8,80,0.2,0,37,0,0,0,0,0,0,0,0,0,0,0,0,0,0,0,0,0.572,-38.077,0,"눈꽃",0.048,-17.587,0,"Slaris",-20.361,-45.086,90,"아침땅_",-12.628,-64.646,0,"_이누_",19.529,-47.348,0,"coder_",12.158,-65.157,0,"소솨소솨",39.572,-84.324,0,"ke ro",7.862,-105.449,0,"Sabo_10",-31.698,-86.291,0,0,0,0,0,0,"",0,0,0,0,0,0,0,0,0,0
190,8,1,1,6,0,0,2,0,0,0,255,255,255,95,8537.578,"アリアル",R,0,77,128,-1.738,1.339,0.549,1.514,-36.809,4,0,0,0,0,0,0,1,0,1,L,"ʚEveɞ",190,80,0.297,0,37,0,0,0,0,0,0,0,0,0,0,0,0,0,0,0,0,0.447,-37.773,0,"눈꽃",-0.092,-17.052,0,"Slaris",-18.207,-48.228,0,"아침땅_",-11.917,-65.276,0,"_이누_",21.16,-49.186,0,"coder_",11.909,-65.665,0,"소솨소솨",42.897,-87.577,0,"ke ro",1.177,-100.907,0,"Sabo_10",-39.376,-84.586,0,0,0,0,0,0,"",0,0,0,0,0,0,0,0,0,0
191,8,1,1,6,0,1,2,0,0,0,255,255,255,96,8629.728,"アリアル",R,6,55,104,5.329,-0.47,0.772,1.324,-36.736,1,0,389.704,0,-5.479,0,0,0,0,1,L,"ʚEveɞ",190,80,0.297,0,78,0,0,0,0,0,0,0,0,0,0,0,0,0,0,0,0,0.417,-38.087,0,"눈꽃",0.092,-16.958,0,"Slaris",-19.454,-46.177,0,"아침땅_",-12.137,-65.164,0,"_이누_",21.354,-49.963,0,"coder_",12.473,-65.402,0,"소솨소솨",42.779,-87.546,0,"ke ro",0.886,-104.319,0,"Sabo_10",-40.91,-93.235,0,0,0,0,0,0,"",0,0,0,0,0,0,0,0,0,0
192,8,1,1,6,1,1,2,0,0,0,255,255,255,97,8643.293,"アリアル",R,14,48,96,2.795,-1.067,0.649,1.328,-36.758,1,0,340.743,312.348,-2.582,0,0,0,0,1,L,"ʚEveɞ",190,80,0.297,0,78,0,0,0,0,0,0,0,0,0,0,0,0,0,0,0,0,0.463,-37.643,0,"눈꽃",0.075,-17.002,0,"Slaris",-20.168,-46.407,0,"아침땅_",-12.176,-65.17,0,"_이누_",19.85,-47.75,0,"coder_",12.522,-65.395,0,"소솨소솨",42.835,-87.528,0,"ke ro",0.787,-104.303,0,"Sabo_10",-41.834,-88.873,0,0,0,0,0,0,"",0,0,0,0,0,0,0,0,0,0
193,8,1,1,6,1,2,2,0,0,0,255,255,255,98,8663.988,"アリアル",R,14,59,105,0.802,-1.678,0.612,1.335,-36.683,4,0,337.944,353.07,-25.277,0.185,-18.528,1,0,1,L,"ʚEveɞ",190,80,0.297,0,37,0,0,0,0,0,0,0,0,0,0,0,0,0,0,0,0,0.505,-37.842,0,"눈꽃",-0.567,-19.215,0,"Slaris",-19.144,-45.947,0,"아침땅_",-12.159,-65.174,0,"_이누_",19.631,-46.748,0,"coder_",12.03,-64.456,0,"소솨소솨",42.857,-87.547,0,"ke ro",1.244,-104.363,0,"Sabo_10",-38.649,-90.328,0,0,0,0,0,0,"",0,0,0,1,0,0,0,0,0,0
194,8,0,1,6,0,0,0,0,0,0,255,255,255,4,8747.483,"편하비_",R,0,81,133,-2.975,-2.887,-0.043,1.787,-36.962,1,0,0,0,0,-0.773,-16.743,0,8,6,R,"소솨소솨",160,80,0.5,0,36,0,0,0,0,0,0,0,0,0,0,0,0,0,0,0,0,-0.069,-37.549,0,"ʚEveɞ",-0.329,-16.901,0,"Fresh825",-23.738,-47.27,0,"とりらむ",-12.021,-64.032,0,"Megu3568",16.877,-43.051,0,"Yaksok~",11.208,-63.413,0,"IbikiKai_JP",44.999,-94.624,0,"Gonyong",-0.075,-109.902,0,"SOM_candy",-42.495,-90.075,0,0,0,0,0,0,"",0,0,0,0,0,0,0,0,0,0
195,8,0,1,6,1,0,0,0,0,0,255,255,255,5,8758.493,"편하비_",R,0,65,120,1.367,1.172,0.25,2.085,-37.24,0,0,0,0,0,0,0,0,8,6,R,"소솨소솨",160,80,0.5,0,36,0,0,0,0,0,0,0,0,0,0,0,0,0,0,0,0,0.126,-38.227,0,"ʚEveɞ",-0.039,-16.947,0,"Fresh825",-24.183,-47.445,0,"とりらむ",-12.799,-64.107,0,"Megu3568",16.913,-43.026,0,"Yaksok~",11.203,-63.402,0,"IbikiKai_JP",41.974,-92.263,0,"Gonyong",-0.077,-109.881,0,"SOM_candy",-42.414,-90.237,0,0,0,0,0,0,"",0,0,0,0,0,0,0,0,0,0
196,8,0,1,6,1,1,0,0,0,0,255,255,255,6,8771.478,"편하비_",R,14,58,104,0.035,-1.885,-0.296,2.055,-37.194,1,0,354.567,330.693,-7.554,0.093,-18.941,0,8,6,R,"소솨소솨",160,80,0.5,0,36,0,0,0,0,0,0,0,0,0,0,0,0,0,0,0,0,0.016,-37.797,0,"ʚEveɞ",-0.114,-16.928,0,"Fresh825",-24.25,-47.527,0,"とりらむ",-12.226,-64.607,0,"Megu3568",16.864,-42.965,0,"Yaksok~",10.329,-64.547,0,"IbikiKai_JP",38.78,-87.491,0,"Gonyong",-0.05,-109.933,0,"SOM_candy",-43.514,-89.669,0,0,0,0,0,0,"",0,0,0,0,0,0,0,0,0,0
197,8,0,1,6,2,1,0,0,0,0,255,255,255,7,8782.615,"편하비_",R,12,55,111,1.256,2.832,0.188,2.174,-37.374,1,0,0,111.818,6.719,0,0,0,8,6,R,"소솨소솨",160,80,0.5,0,36,0,0,0,0,0,0,0,0,0,0,0,0,0,0,0,0,0.007,-38.344,0,"ʚEveɞ",-0.097,-16.85,0,"Fresh825",-24.246,-47.542,0,"とりらむ",-12.159,-64.519,0,"Megu3568",16.992,-42.964,0,"Yaksok~",10.346,-64.582,0,"IbikiKai_JP",38.549,-88.528,0,"Gonyong",-0.023,-110.035,0,"SOM_candy",-44.74,-91.017,0,0,0,0,0,0,"",0,0,0,0,0,0,0,0,0,0
198,8,0,1,6,3,1,0,0,0,0,255,255,255,8,8796.22,"편하비_",R,10,52,102,-0.746,-2.97,0.011,1.819,-36.815,1,0,0,400,7.823,-0.125,-21.802,0,8,6,R,"소솨소솨",160,80,0.5,0,36,0,0,0,0,0,0,0,0,0,0,0,0,0,0,0,0,0.305,-37.815,0,"ʚEveɞ",-0.081,-16.964,0,"Fresh825",-24.26,-47.533,0,"とりらむ",-12.66,-62.997,0,"Megu3568",17.04,-42.969,0,"Yaksok~",9.328,-64.54,0,"IbikiKai_JP",38.59,-88.57,0,"Gonyong",-0.06,-110.1,0,"SOM_candy",-46.039,-91.725,0,0,0,0,0,0,"",0,0,0,0,0,0,0,0,0,5
199,8,0,1,6,0,0,0,1,0,0,15,255,255,9,8821.709,"편하비_",R,10,54,103,0.113,-1.185,0.083,1.864,-36.857,1,0,0,400,9.937,0.143,-16.934,0,0,5,R,"coder_",164,99.631,0.503,0,36,0,0,0,0,0,0,0,0,0,0,0,0,0,0,0,0,0.013,-37.881,0,"ʚEveɞ",-0.078,-16.955,0,"Fresh825",-18.792,-39.56,0,"とりらむ",-10.882,-57.613,0,"Megu3568",15.018,-40.498,0,"Yaksok~",5.87,-61.607,0,"IbikiKai_JP",36.356,-91.468,0,"Gonyong",-5.801,-109.049,0,"SOM_candy",-41.507,-89.577,0,0,0,0,0,0,"",0,0,0,0,0,0,0,0,0,0
200,8,0,1,6,1,0,0,1,0,0,15,255,255,10,8841.552,"편하비_",R,14,61,106,0.424,-1,-0.118,1.805,-36.898,2,0,365.206,326.142,6.691,0,0,0,0,5,R,"coder_",164,99.631,0.503,3,36,8842.787,4,1,36,37,26,5,31,-67.523,45.324,-0.75,-0.043,-0.159,0.053,1,0.586,0.265,-37.933,88,"ʚEveɞ",-0.037,-16.837,0,"Fresh825",-18.78,-39.821,82,"とりらむ",-11.884,-58.671,0,"Megu3568",15.448,-42.121,0,"Yaksok~",6.409,-61.064,0,"IbikiKai_JP",36.343,-91.455,0,"Gonyong",-5.739,-110.921,0,"SOM_candy",-46.027,-89.344,0,8840.536,-0.036,-19.609,8844.536,0,"편하비_",-7.692,-29.602,1,0,0,0,0,0,0,2
201,8,0,1,6,0,0,0,1,1,0,14,15,255,11,8874.265,"편하비_",R,10,72,115,0.87,-0.223,0.081,1.903,-36.886,2,0,0,381.665,4.493,0,0,1,1,2,R,"Slaris",190,86.36,0.452,3,36,8875.263,108,12,93,109,78,139,120,-1.499,-6.074,0.18,0.008,0.007,0.142,0,0.124,0.134,-37.636,0,"ʚEveɞ",-0.006,-17.037,0,"Fresh825",-22.217,-46.29,0,"とりらむ",-13.776,-61.882,0,"Megu3568",17.587,-42.623,0,"Yaksok~",3.308,-61.436,0,"IbikiKai_JP",46.419,-110.179,0,"Gonyong",-3.254,-123.919,7,"SOM_candy",-47.427,-90.558,0,8873.452,1.668,-36.858,8876.952,7,"Gonyong",9.331,-109.359,1,0,0,0,0,0,0,2
