id,inn,half,scoreA,scoreB,ball,strk,out,b1,b2,b3,b1Idx,b2Idx,b3Idx,pCnt,pSec,pName,pHand,pType,spdK,zoneX,zoneY,startX,startY,zDist,call,balk,sH,sV,gyro,plx,plz,bSwing,bIdx,bPos,bZone,bName,bHCm,batLen,batCen,batType,bFps,hSec,rotS,shS,lgS,impMv,batSpd,ev,ldeg,sdeg,hPos,hMoveX,hMoveY,stayCon,hitSpnX,hitSpnY,hitSpnZ,PPosX,PPosY,CName,CPosX,CPosY,1BName,1BPosX,1BPosY,2BName,2BPosX,2BPosY,3BName,3BPosX,3BPosY,SSName,SSPosX,SSPosY,LFName,LFPosX,LFPosY,CFName,CFPosX,CFPosY,RFName,RFPosX,RFPosY,ltSec,lx,lz,cSec,cPos,cPlr,cx,cz,1BSafe,tag,cpSec,sb2Sec,sb3Sec,sbhSec,ass,result
1,1,1,0,0,0,0,0,0,0,0,255,255,255,0,1502.715,"Apple_Sherbet",R,14,103,1.247,-0.906,0.307,1.621,-36.441,0,0,350.007,332.082,50.958,0.864,-17.099,0,0,5,R,"coder_",165,94.897,0.345,0,59,0,0,0,0,0,0,0,0,0,0,0,0,0,0,0,0,0.342,-37.374,"TaeGeuk_",0.424,-17.547,"하루（Haru）",-21.367,-47.793,"장덕춘_",-13.666,-64.099,"bdg06213",23.629,-51.718,"Pugeuk",9.814,-65.564,"Azuner",36.923,-86.755,"ʚneul_ɞ",0.193,-108.403,"卯月満開",-37.432,-91.738,0,0,0,0,0,"",0,0,0,0,0,0,0,0,0,0
2,1,1,0,0,0,1,0,0,0,0,255,255,255,1,1521.52,"Apple_Sherbet",R,32,140,0.919,-0.975,0.369,1.637,-36.391,0,0,218.278,-200,50.214,-0.021,-17.642,1,0,5,R,"coder_",165,94.897,0.345,0,59,0,0,0,0,0,0,0,0,0,0,0,0,0,0,0,0,0.4,-37.233,"TaeGeuk_",0.198,-17.511,"하루（Haru）",-20.762,-46.962,"장덕춘_",-13.841,-64.59,"bdg06213",23.591,-51.678,"Pugeuk",10.375,-65.394,"Azuner",36.913,-86.75,"ʚneul_ɞ",0.139,-108.223,"卯月満開",-37.421,-91.716,0,0,0,0,0,"",0,0,0,0,0,0,0,0,0,0
3,1,1,0,0,0,2,0,0,0,0,255,255,255,2,1538.768,"Apple_Sherbet",R,10,110,-0.468,-2.366,0.255,1.479,-36.302,4,0,0,400,48.554,0,0,1,0,5,R,"coder_",165,94.897,0.345,0,59,0,0,0,0,0,0,0,0,0,0,0,0,0,0,0,0,0.524,-37.211,"TaeGeuk_",-0.655,-18.688,"하루（Haru）",-19.135,-44.301,"장덕춘_",-13.925,-64.614,"bdg06213",23.467,-51.806,"Pugeuk",8.348,-63.556,"Azuner",37.024,-86.694,"ʚneul_ɞ",0.533,-110.262,"卯月満開",-37.51,-91.849,0,0,0,0,0,"",0,0,0,0,0,0,0,0,0,0
4,1,1,0,0,0,0,1,0,0,0,255,255,255,3,1569.135,"Apple_Sherbet",R,13,114,-0.716,0.391,0.337,1.837,-36.463,2,0,-358.423,348.616,47.564,0,0,1,1,9,L,"encounter v",190,95,0.447,3,59,1570.345,168,115,27,149,146,126,-30,-37.854,0.2,0.05,-0.198,0.294,0,0,0,0.102,-37.033,"TaeGeuk_",-0.42,-17.758,"하루（Haru）",-20.073,-47.263,"장덕춘_",-13.735,-64.637,"bdg06213",23.575,-51.815,"Pugeuk",9.599,-65.06,"Azuner",40.414,-86.383,"ʚneul_ɞ",1.59,-110.27,"卯月満開",-35.702,-92.05,1570.507,0.97,-20.813,1572.123,4,"bdg06213",22.226,-47.805,0,0,0,0,0,0,0,2
5,1,1,0,0,0,0,2,0,0,0,255,255,255,4,1603.496,"Apple_Sherbet",R,14,101,0.672,0.498,0.158,2.082,-36.5,2,0,293.959,384.06,31.713,0,0,1,2,1,L,"눈꽃",190,94.886,0.496,3,59,1604.549,155,148,33,196,147,108,-27.03,-39.33,0.89,0.011,0.006,0.037,0,0,0,0.011,-36.793,"TaeGeuk_",-0.322,-17.733,"하루（Haru）",-20.275,-47.498,"장덕춘_",-13.891,-64.194,"bdg06213",25.123,-52.076,"Pugeuk",11.017,-64.816,"Azuner",39.547,-87.629,"ʚneul_ɞ",0.396,-111.108,"卯月満開",-35.362,-88.535,1604.69,1.813,-21.915,1606.407,4,"bdg06213",22.72,-47.591,0,0,0,0,0,0,0,2
6,1,0,0,0,0,0,0,0,0,0,255,255,255,0,1774.719,"アリアル",R,0,140,3.146,0.059,0.152,1.456,-36.942,1,0,0,0,0,0,0,0,0,0,R,"Apple_Sherbet",190,88.921,0.302,0,59,0,0,0,0,0,0,0,0,0,0,0,0,0,0,0,0,0.133,-37.529,"눈꽃",0.111,-16.951,"Slaris",-21.672,-48.844,"아침땅_",-14.177,-64.427,"_이누_",19.62,-51.41,"coder_",13.479,-67.33,"소솨소솨",35.315,-84.602,"ke ro",-0.177,-100.586,"Sabo_10",-45.44,-80.733,0,0,0,0,0,"",0,0,0,0,0,0,0,0,0,0
7,1,0,0,0,1,0,0,0,0,0,255,255,255,1,1786.838,"アリアル",R,0,131,0.61,-0.197,0.05,1.407,-36.756,0,0,0,0,0,0,0,0,0,0,R,"Apple_Sherbet",190,88.921,0.302,0,59,0,0,0,0,0,0,0,0,0,0,0,0,0,0,0,0,-0.014,-37.903,"눈꽃",-0.185,-16.882,"Slaris",-20.35,-51.007,"아침땅_",-14.158,-64.43,"_이누_",19.649,-51.445,"coder_",12.969,-67.686,"소솨소솨",35.301,-84.582,"ke ro",-0.19,-100.581,"Sabo_10",-45.112,-81.085,0,0,0,0,0,"",0,0,0,0,0,0,0,0,0,0
8,1,0,0,0,1,1,0,0,0,0,255,255,255,2,1800.663,"アリアル",R,0,128,1.645,0.751,0.117,1.427,-36.76,1,0,0,0,0,0,0,0,0,0,R,"Apple_Sherbet",190,88.921,0.302,0,59,0,0,0,0,0,0,0,0,0,0,0,0,0,0,0,0,0.076,-37.704,"눈꽃",-0.257,-16.947,"Slaris",-20.523,-50.926,"아침땅_",-14.116,-64.448,"_이누_",19.935,-51.289,"coder_",13.082,-66.827,"소솨소솨",35.353,-84.572,"ke ro",-0.392,-101.05,"Sabo_10",-44.564,-80.376,0,0,0,0,0,"",0,0,0,0,0,0,0,0,0,0
9,1,0,0,0,2,1,0,0,0,0,255,255,255,3,1814.089,"アリアル",R,0,125,1.77,0.274,0.092,1.404,-36.652,2,0,0,0,0,0,0,1,0,0,R,"Apple_Sherbet",190,88.921,0.302,3,59,1815.102,170,149,34,224,153,96,18.12,-6.055,-0.45,-0.042,-0.071,0.23,0,0,0,0.147,-37.342,"눈꽃",0.067,-16.979,"Slaris",-20.283,-50.968,"아침땅_",-14.115,-64.427,"_이누_",20.088,-51.389,"coder_",13.779,-67.068,"소솨소솨",35.208,-84.666,"ke ro",-0.516,-101.479,"Sabo_10",-45.645,-81.312,0,0,0,1819.14,7,"ke ro",6.045,-91.373,0,0,0,0,0,0,0,1
10,1,0,0,0,0,0,1,0,0,0,255,255,255,4,1849.583,"アリアル",R,3,126,0.864,-0.774,0.312,1.417,-37.031,0,0,-500,0,0.218,0,0,0,1,2,L,"하루（Haru）",190,107,0.55,0,59,0,0,0,0,0,0,0,0,0,0,0,0,0,0,0,0,0.066,-38.024,"눈꽃",0.028,-16.975,"Slaris",-20.76,-49.961,"아침땅_",-9.951,-66.308,"_이누_",23.933,-51.748,"coder_",13.854,-68.867,"소솨소솨",41.061,-77.616,"ke ro",1.178,-110.039,"Sabo_10",-39.696,-84.349,0,0,0,0,0,"",0,0,0,0,0,0,0,0,0,0
11,1,0,0,0,0,1,1,0,0,0,255,255,255,5,1864.162,"アリアル",R,0,129,0.381,0.126,0.036,1.398,-36.871,0,0,0,0,0,0,0,1,1,2,L,"하루（Haru）",190,107,0.55,0,59,0,0,0,0,0,0,0,0,0,0,0,0,0,0,0,0,-0.056,-37.649,"눈꽃",-0.112,-16.936,"Slaris",-20.656,-50.004,"아침땅_",-9.948,-66.33,"_이누_",23.91,-51.69,"coder_",13.974,-68.885,"소솨소솨",41.123,-77.569,"ke ro",0.765,-109.895,"Sabo_10",-39.152,-82.389,0,0,0,0,0,"",0,0,0,0,0,0,0,0,0,0
12,1,0,0,0,0,2,1,0,0,0,255,255,255,6,1880.628,"アリアル",R,0,134,-1.309,-0.184,-0.053,1.396,-36.91,0,0,0,0,0,0,0,0,1,2,L,"하루（Haru）",190,107,0.55,0,59,0,0,0,0,0,0,0,0,0,0,0,0,0,0,0,0,0.009,-37.788,"눈꽃",-0.141,-16.908,"Slaris",-21.079,-48.79,"아침땅_",-9.82,-66.359,"_이누_",23.563,-51.844,"coder_",13.255,-68.946,"소솨소솨",41.095,-77.593,"ke ro",0.756,-109.89,"Sabo_10",-40.863,-80.934,0,0,0,0,0,"",0,0,0,0,0,0,0,0,0,0
13,1,0,0,0,0,0,2,0,0,0,255,255,255,7,1911.794,"アリアル",R,13,126,-2.071,0.008,-0.015,1.527,-36.9,1,0,-390.434,312.348,17.689,0,0,0,2,4,R,"bdg06213",190,99.549,0.504,0,59,0,0,0,0,0,0,0,0,0,0,0,0,0,0,0,0,-0.07,-37.634,"눈꽃",-0.49,-16.926,"Slaris",-21.935,-50.784,"아침땅_",-14.729,-64.053,"_이누_",22.246,-54.349,"coder_",11.991,-68.82,"소솨소솨",30.971,-85.242,"ke ro",-1.732,-108.931,"Sabo_10",-40.905,-79.549,0,0,0,0,0,"",0,0,0,0,0,0,0,0,0,0
14,1,0,0,0,1,0,2,0,0,0,255,255,255,8,1926.238,"アリアル",R,0,140,1.57,-0.158,0.116,1.424,-36.885,2,0,0,0,0,0,0,1,2,4,R,"bdg06213",190,99.549,0.504,3,59,1927.321,94,105,75,119,139,86,47.967,-31.334,-0.48,-0.015,-0.173,0.085,0,0,0,0.219,-37.204,"눈꽃",0.115,-16.959,"Slaris",-21.774,-50.869,"아침땅_",-14.217,-64.436,"_이누_",22.301,-54.067,"coder_",12.215,-67.503,"소솨소솨",31.615,-85.062,"ke ro",-1.713,-108.933,"Sabo_10",-41.051,-81.466,1932.34,35.318,-72.366,1932.523,6,"소솨소솨",33.929,-70.3,0,0,0,0,0,0,0,1
15,2,1,0,0,0,0,0,0,0,0,255,255,255,5,1991.339,"Apple_Sherbet",R,14,98,-0.737,0.586,-0.005,1.989,-36.471,0,0,347.842,312.348,25.255,0.402,-15.293,0,3,8,L,"Sabo_10",185.1,94,0.597,0,59,0,0,0,0,0,0,0,0,0,0,0,0,0,0,0,0,0.099,-37.226,"TaeGeuk_",0.466,-17.4,"하루（Haru）",-20.543,-46.847,"장덕춘_",-13.905,-64.764,"bdg06213",24.923,-51.685,"Pugeuk",16.031,-62.181,"Azuner",39.733,-87.29,"ʚneul_ɞ",4.137,-112.903,"卯月満開",-35.048,-92.623,0,0,0,0,0,"",0,0,0,0,0,0,0,0,0,0
16,2,1,0,0,0,1,0,0,0,0,255,255,255,6,2008.788,"Apple_Sherbet",R,26,140,-0.417,1.219,0.266,1.83,-36.355,4,0,-20.963,-200,40.308,0,0,1,3,8,L,"Sabo_10",185.1,94,0.597,0,59,0,0,0,0,0,0,0,0,0,0,0,0,0,0,0,0,0.378,-37.264,"TaeGeuk_",-0.184,-17.768,"하루（Haru）",-21.001,-45.811,"장덕춘_",-13.829,-64.785,"bdg06213",24.494,-51.696,"Pugeuk",15.953,-62.244,"Azuner",39.522,-87.06,"ʚneul_ɞ",0.334,-109.015,"卯月満開",-35.051,-92.63,0,0,0,0,0,"",0,0,0,0,0,0,0,0,0,0
17,2,1,0,0,0,2,0,0,0,0,255,255,255,7,2024.926,"Apple_Sherbet",R,26,140,-0.971,0.853,0.236,1.744,-36.304,0,0,-155.748,-200,49.956,0,0,1,3,8,L,"Sabo_10",185.1,94,0.597,0,59,0,0,0,0,0,0,0,0,0,0,0,0,0,0,0,0,0.445,-37.161,"TaeGeuk_",-0.337,-17.303,"하루（Haru）",-20.502,-45.993,"장덕춘_",-13.799,-64.558,"bdg06213",24.468,-51.763,"Pugeuk",15.092,-62.125,"Azuner",39.431,-86.991,"ʚneul_ɞ",2.167,-114.906,"卯月満開",-35.054,-92.621,0,0,0,0,0,"",0,0,0,0,0,0,0,0,0,0
18,2,1,0,0,0,0,1,0,0,0,255,255,255,8,2047.88,"Apple_Sherbet",R,26,113,-0.063,-0.272,0.277,1.657,-36.225,0,0,94.518,-200,65.542,0,0,0,4,2,R,"Slaris",190,92,0.451,0,59,0,0,0,0,0,0,0,0,0,0,0,0,0,0,0,0,0.362,-37.338,"TaeGeuk_",-0.072,-17.652,"하루（Haru）",-20.735,-44.817,"장덕춘_",-13.838,-64.591,"bdg06213",23.747,-52.346,"Pugeuk",9.142,-65.447,"Azuner",38.63,-88.738,"ʚneul_ɞ",-0.946,-114.338,"卯月満開",-35.303,-92.786,0,0,0,0,0,"",0,0,0,0,0,0,0,0,0,0
19,2,1,0,0,0,1,1,0,0,0,255,255,255,9,2063.973,"Apple_Sherbet",R,10,112,0.513,-0.959,0.391,1.808,-36.386,1,0,0,400,18.956,0,0,0,4,2,R,"Slaris",190,92,0.451,0,59,0,0,0,0,0,0,0,0,0,0,0,0,0,0,0,0,0.375,-37.365,"TaeGeuk_",-0.341,-17.444,"하루（Haru）",-20.668,-46.893,"장덕춘_",-13.755,-64.597,"bdg06213",23.735,-52.328,"Pugeuk",9.896,-65.509,"Azuner",37.996,-90.096,"ʚneul_ɞ",-1.268,-113.682,"卯月満開",-35.295,-92.802,0,0,0,0,0,"",0,0,0,0,0,0,0,0,0,0
20,2,1,0,0,1,1,1,0,0,0,255,255,255,10,2083.53,"Apple_Sherbet",R,32,140,3.632,0.959,0.16,1.675,-36.429,2,0,216.518,-200,70.637,0,0,1,4,2,R,"Slaris",190,92,0.451,3,59,2084.455,176,133,28,209,153,130,-8.128,12.012,0.55,0.034,-0.103,0.378,0,0,0,0.044,-36.922,"TaeGeuk_",-0.288,-17.389,"하루（Haru）",-20.729,-47.411,"장덕춘_",-13.618,-64.584,"bdg06213",23.755,-52.413,"Pugeuk",10.022,-65.44,"Azuner",38.191,-90.005,"ʚneul_ɞ",-0.393,-114.541,"卯月満開",-36.012,-92.315,2084.624,-1.119,-23.157,2086.29,3,"장덕춘_",-7.978,-62.378,0,0,0,0,0,0,0,2
21,2,1,0,0,0,0,2,0,0,0,255,255,255,11,2112.971,"Apple_Sherbet",R,26,120,1.43,1.117,0.449,1.863,-36.48,1,0,136.031,-200,55.645,0,0,0,5,4,R,"_이누_",190,90.187,0.5,0,59,0,0,0,0,0,0,0,0,0,0,0,0,0,0,0,0,0.336,-37.155,"TaeGeuk_",0.237,-17.729,"하루（Haru）",-20.953,-45.895,"장덕춘_",-13.925,-64.644,"bdg06213",23.896,-50.954,"Pugeuk",10.034,-65.091,"Azuner",37.263,-90.44,"ʚneul_ɞ",-0.209,-111.196,"卯月満開",-35.861,-91.786,0,0,0,0,0,"",0,0,0,0,0,0,0,0,0,0
22,2,1,0,0,1,0,2,0,0,0,255,255,255,12,2132.131,"Apple_Sherbet",R,13,98,0.627,-0.224,0.612,1.818,-36.534,2,0,-319.903,347.945,25.745,0,0,1,5,4,R,"_이누_",190,90.187,0.5,3,59,2133.097,169,134,12,216,148,130,50,-47.132,0.59,-0.052,-0.097,0.421,0,0,0,0.139,-36.931,"TaeGeuk_",0.272,-17.861,"하루（Haru）",-20.391,-46.91,"장덕춘_",-13.757,-64.66,"bdg06213",23.69,-51.437,"Pugeuk",10.107,-65.104,"Azuner",37.115,-90.575,"ʚneul_ɞ",-0.151,-110.535,"卯月満開",-35.828,-91.779,2139.523,62.898,-115.135,0,0,"",0,0,0,0,0,0,0,0,0,4
23,2,1,1,0,0,0,2,0,0,0,255,255,255,13,2201.301,"Apple_Sherbet",R,32,140,0.409,1.419,0.276,1.78,-36.298,2,0,250,-200,26.498,0,0,1,6,3,R,"아침땅_",160,95,0.5,2,59,2202.096,80,81,7,82,112,64,97.754,-74.135,-0.16,-0.013,-0.046,0.339,0,0,0,0.216,-36.828,"TaeGeuk_",0.175,-17.197,"하루（Haru）",-21.134,-48.169,"장덕춘_",-13.815,-64.421,"bdg06213",25.097,-51.143,"Pugeuk",10.326,-64.103,"Azuner",38.78,-89.085,"ʚneul_ɞ",-0.356,-110.323,"卯月満開",-34.255,-89.683,2207.14,-26.547,-10.717,0,0,"",0,0,0,0,0,0,0,0,0,3
24,2,1,1,0,0,1,2,0,0,0,255,255,255,14,2220.884,"Apple_Sherbet",R,32,140,1.198,-0.195,0.363,1.559,-36.223,2,0,250,-200,41.245,0,0,1,6,3,R,"아침땅_",160,95,0.5,2,59,2221.75,113,82,19,127,137,76,8.883,43.653,-0.43,-0.097,-0.074,0.402,0,0,0,0.217,-36.836,"TaeGeuk_",-0.019,-17.669,"하루（Haru）",-21.512,-48.12,"장덕춘_",-13.977,-64.527,"bdg06213",26.036,-52.409,"Pugeuk",10.942,-64.153,"Azuner",38.985,-89.013,"ʚneul_ɞ",-0.047,-112.028,"卯月満開",-33.945,-89.672,0,0,0,2222.19,1,"TaeGeuk_",0.015,-19.11,0,0,0,0,0,0,0,3
25,2,1,1,0,0,2,2,0,0,0,255,255,255,15,2239.615,"Apple_Sherbet",R,13,106,-2.196,-1.5,0.237,1.673,-36.303,1,0,-321.672,372.25,34.429,-0.965,-17.742,0,6,3,R,"아침땅_",160,95,0.5,0,59,0,0,0,0,0,0,0,0,0,0,0,0,0,0,0,0,0.26,-37.384,"TaeGeuk_",-0.81,-17.733,"하루（Haru）",-20.33,-45.631,"장덕춘_",-14.341,-64.353,"bdg06213",24.557,-52.074,"Pugeuk",9.752,-64.585,"Azuner",38.105,-90.378,"ʚneul_ɞ",0.045,-113.91,"卯月満開",-34.829,-86.796,0,0,0,0,0,"",0,0,0,0,0,0,0,0,0,0
26,2,1,1,0,1,2,2,0,0,0,255,255,255,16,2256.62,"Apple_Sherbet",R,32,140,3.02,1.537,0.522,1.795,-36.491,4,0,250,-200,35.827,1.378,-17.346,1,6,3,R,"아침땅_",160,95,0.5,0,59,0,0,0,0,0,0,0,0,0,0,0,0,0,0,0,0,0.328,-37.209,"TaeGeuk_",0.385,-17.301,"하루（Haru）",-20.171,-45.117,"장덕춘_",-14.164,-64.261,"bdg06213",24.599,-52.066,"Pugeuk",7.931,-64.425,"Azuner",38.356,-90.378,"ʚneul_ɞ",-0.676,-112.964,"卯月満開",-33.922,-86.256,0,0,0,0,0,"",0,0,0,0,0,0,0,0,0,0
27,2,0,1,0,0,0,0,0,0,0,255,255,255,9,2316.411,"アリアル",R,0,136,0.698,0.102,0.06,1.404,-36.961,2,0,0,0,0,0,0,1,3,1,R,"TaeGeuk_",177.3,89.367,0.415,3,59,2317.254,172,98,0,169,141,111,-30,37.9,0.15,-0.044,-0.028,0.15,0,0,0,0.199,-37.373,"눈꽃",0.025,-16.9,"Slaris",-20.228,-50.578,"아침땅_",-13.909,-64.438,"_이누_",19.424,-50.595,"coder_",11.618,-65.922,"소솨소솨",33.997,-83.913,"ke ro",-0.463,-106.468,"Sabo_10",-39.293,-84.646,2317.374,-0.815,-19.248,2319.04,2,"Slaris",-21.24,-45.326,0,0,0,0,0,0,0,2
28,2,0,1,0,0,0,1,0,0,0,255,255,255,10,2345.331,"アリアル",R,0,126,1.822,1.887,0.138,1.464,-36.843,1,0,0,0,0,0,0,0,4,3,R,"장덕춘_",169.5,94.815,0.549,0,59,0,0,0,0,0,0,0,0,0,0,0,0,0,0,0,0,0.048,-37.616,"눈꽃",0.058,-16.958,"Slaris",-19.397,-49.372,"아침땅_",-14.478,-64.234,"_이누_",20.276,-49.918,"coder_",11.564,-65.996,"소솨소솨",31.824,-83.366,"ke ro",-0.099,-112.121,"Sabo_10",-36.907,-79.747,0,0,0,0,0,"",0,0,0,0,0,0,0,0,0,0
29,2,0,1,0,1,0,1,0,0,0,255,255,255,11,2360.607,"アリアル",R,0,129,0.396,1.175,0.058,1.447,-36.842,1,0,0,0,0,0,0,0,4,3,R,"장덕춘_",169.5,94.815,0.549,0,59,0,0,0,0,0,0,0,0,0,0,0,0,0,0,0,0,-0.218,-37.273,"눈꽃",0.091,-16.962,"Slaris",-20.204,-50.228,"아침땅_",-14.446,-64.268,"_이누_",20.428,-49.852,"coder_",11.737,-65.961,"소솨소솨",31.849,-83.358,"ke ro",-0.179,-111.044,"Sabo_10",-37.606,-81.25,0,0,0,0,0,"",0,0,0,0,0,0,0,0,0,0
30,2,0,1,0,2,0,1,0,0,0,255,255,255,12,2375.664,"アリアル",R,0,134,0.659,-0.37,0.097,1.392,-36.797,0,0,0,0,0,0,0,0,4,3,R,"장덕춘_",169.5,94.815,0.549,0,59,0,0,0,0,0,0,0,0,0,0,0,0,0,0,0,0,-0.009,-37.739,"눈꽃",0.114,-16.986,"Slaris",-19.781,-50.362,"아침땅_",-14.317,-64.327,"_이누_",20.677,-50.036,"coder_",11.728,-66.001,"소솨소솨",31.878,-83.396,"ke ro",-0.22,-111.173,"Sabo_10",-33.671,-78.718,0,0,0,0,0,"",0,0,0,0,0,0,0,0,0,0
31,2,0,1,0,2,1,1,0,0,0,255,255,255,13,2391.855,"アリアル",R,0,140,2.675,0.129,0.147,1.451,-36.931,4,0,0,0,0,-0.166,-20.498,1,4,3,R,"장덕춘_",169.5,94.815,0.549,0,59,0,0,0,0,0,0,0,0,0,0,0,0,0,0,0,0,0.129,-37.636,"눈꽃",0.006,-17.115,"Slaris",-20.224,-50.217,"아침땅_",-14.322,-64.363,"_이누_",20.6,-49.991,"coder_",11.555,-66.004,"소솨소솨",31.893,-83.304,"ke ro",-0.226,-111.511,"Sabo_10",-35.132,-81.192,0,0,0,0,0,"",0,0,0,0,0,0,0,0,0,0
32,2,0,1,0,2,2,1,0,0,0,255,255,255,14,2414.18,"アリアル",R,13,124,-2.455,-0.904,0.074,1.342,-36.97,2,0,-381.837,322.802,12.122,0,0,1,4,3,R,"장덕춘_",169.5,94.815,0.549,3,59,2415.076,147,107,60,108,144,94,-30,28.964,0.05,-0.068,-0.049,0.225,0,0,0,0.052,-37.254,"눈꽃",-0.425,-17.188,"Slaris",-19.652,-50.813,"아침땅_",-14.463,-64.222,"_이누_",20.774,-50.031,"coder_",11.706,-65.389,"소솨소솨",31.926,-83.311,"ke ro",-0.234,-111.518,"Sabo_10",-39.037,-80.129,2415.273,-1.001,-21.379,2417.874,3,"아침땅_",-21.451,-58.846,1,0,0,0,0,0,0,2
33,2,0,1,0,0,0,1,1,0,0,12,255,255,15,2447.93,"アリアル",R,0,140,1.312,0.289,0.067,1.416,-36.825,0,0,0,0,0,0,0,0,5,5,R,"Pugeuk",170.1,90.547,0.552,0,58,0,0,0,0,0,0,0,0,0,0,0,0,0,0,0,0,0.286,-37.765,"눈꽃",0.088,-16.915,"Slaris",-20.844,-46.873,"아침땅_",-14.218,-63.912,"_이누_",20.91,-49.933,"coder_",6.335,-63.302,"소솨소솨",29.053,-84.094,"ke ro",-0.286,-105.229,"Sabo_10",-33.583,-73.255,0,0,0,0,0,"",0,0,0,0,0,0,0,0,0,0
34,2,0,1,0,0,1,1,1,0,0,12,255,255,16,2467.511,"アリアル",R,0,140,0.789,-0.101,0.119,1.4,-36.839,0,0,0,0,0,0,0,0,5,5,R,"Pugeuk",170.1,90.547,0.552,0,58,0,0,0,0,0,0,0,0,0,0,0,0,0,0,0,0,0.066,-37.652,"눈꽃",0.139,-16.978,"Slaris",-20.188,-43.111,"아침땅_",-14.315,-64.045,"_이누_",21.349,-51.698,"coder_",7.766,-63.424,"소솨소솨",29.054,-84.095,"ke ro",-0.33,-105.246,"Sabo_10",-36.709,-79.942,0,0,0,0,0,"",0,0,0,0,0,0,0,0,0,0
35,2,0,1,0,0,2,1,1,0,0,12,255,255,17,2485.529,"アリアル",R,0,135,0.355,2.934,-0.056,1.581,-36.829,1,0,0,0,0,0,0,0,5,5,R,"Pugeuk",170.1,90.547,0.552,0,58,0,0,0,0,0,0,0,0,0,0,0,0,0,0,0,0,0.124,-37.774,"눈꽃",0.058,-16.907,"Slaris",-20.062,-45.486,"아침땅_",-14.319,-64.079,"_이누_",21.424,-51.76,"coder_",7.815,-63.905,"소솨소솨",29.064,-84.08,"ke ro",-0.305,-105.234,"Sabo_10",-37.192,-77.278,0,0,0,0,0,"",0,0,0,0,0,0,0,0,0,0
36,2,0,1,0,0,0,2,1,0,0,12,255,255,18,2561.159,"アリアル",R,3,115,1.771,1.258,0.31,1.506,-36.791,1,0,-429.459,0,15.313,0,0,0,6,6,L,"Azuner",180.2,86,0.398,0,47,0,0,0,0,0,0,0,0,0,0,0,0,0,0,0,0,0.096,-38.079,"눈꽃",0.047,-16.977,"Slaris",-20.651,-47.264,"아침땅_",-8.032,-65.842,"_이누_",23.23,-51.18,"coder_",12.064,-65.128,"소솨소솨",38.049,-80.949,"ke ro",3.23,-109.943,"Sabo_10",-39.655,-81.829,0,0,0,0,0,"",0,0,0,0,0,0,0,0,0,0
37,2,0,1,0,1,0,2,1,0,0,12,255,255,19,2577.769,"アリアル",R,0,137,-0.221,-0.004,0.039,1.413,-36.883,2,0,0,0,0,0,0,1,6,6,L,"Azuner",180.2,86,0.398,3,47,2578.864,175,142,63,236,155,127,92.888,82.752,0.81,0.011,-0.068,0.276,0,0,0,-0.13,-37.24,"눈꽃",-0.131,-17.043,"Slaris",-20.451,-49.328,"아침땅_",-9.082,-66.208,"_이누_",23.261,-51.077,"coder_",12.978,-65.159,"소솨소솨",38.081,-80.943,"ke ro",3.28,-109.909,"Sabo_10",-41.178,-81.068,0,0,0,0,0,"",0,0,0,0,0,0,0,0,0,3
38,2,0,1,0,1,1,2,1,0,0,12,255,255,20,2603.848,"アリアル",R,0,140,-0.634,0.418,-0.052,1.463,-36.864,0,0,0,0,0,0,0,0,6,6,L,"Azuner",180.2,86,0.398,0,47,0,0,0,0,0,0,0,0,0,0,0,0,0,0,0,0,-0.046,-37.595,"눈꽃",-0.221,-17.049,"Slaris",-19.889,-46.441,"아침땅_",-8.703,-66.048,"_이누_",22.028,-50.004,"coder_",13.011,-66.09,"소솨소솨",38.108,-80.745,"ke ro",-0.121,-103.193,"Sabo_10",-39.936,-79.15,0,0,0,0,0,"",0,0,0,0,0,0,0,0,0,0
39,2,0,1,0,1,2,2,1,0,0,12,255,255,21,2737.442,"アリアル",R,0,137,0.069,2.724,0.066,1.667,-36.844,1,0,0,0,0,0,0,0,6,6,L,"Azuner",180.2,86,0.398,0,47,0,0,0,0,0,0,0,0,0,0,0,0,0,0,0,0,0.013,-37.663,"눈꽃",-0.151,-16.777,"Slaris",-21.318,-47.331,"아침땅_",-8.541,-65.905,"_이누_",21.384,-49.431,"coder_",12.428,-64.641,"소솨소솨",37.64,-78.218,"ke ro",1.819,-103.352,"Sabo_10",-39.449,-84.243,0,0,0,0,0,"",0,0,0,0,0,0,0,0,0,0
40,2,0,1,0,2,2,2,1,0,0,12,255,255,22,2762.395,"アリアル",R,0,139,-0.051,1.758,0.025,1.602,-36.791,1,0,0,0,0,0,0,0,6,6,L,"Azuner",180.2,86,0.398,0,47,0,0,0,0,0,0,0,0,0,0,0,0,0,0,0,0,0.002,-37.599,"눈꽃",-0.178,-17.037,"Slaris",-20.806,-47.535,"아침땅_",-7.028,-65.918,"_이누_",21.436,-49.498,"coder_",11.665,-65.36,"소솨소솨",40.323,-80.249,"ke ro",1.076,-103.527,"Sabo_10",-38.473,-83.158,0,0,0,0,0,"",0,0,0,0,0,0,0,0,0,0
41,2,0,1,0,3,2,2,1,0,0,12,255,255,23,2781.571,"アリアル",R,0,140,0.594,1.47,0.008,1.538,-36.767,4,0,0,0,0,0,0,1,6,6,L,"Azuner",180.2,86,0.398,0,47,0,0,0,0,0,0,0,0,0,0,0,0,0,0,0,0,-0.033,-37.715,"눈꽃",-0.162,-17.05,"Slaris",-20.922,-47.992,"아침땅_",-4.86,-65.373,"_이누_",21.718,-49.224,"coder_",10.249,-63.804,"소솨소솨",40.324,-80.256,"ke ro",1.053,-103.572,"Sabo_10",-37.178,-80.998,0,0,0,0,0,"",0,0,0,0,0,0,0,0,0,0
42,3,1,1,0,0,0,0,0,0,0,255,255,255,17,2835.178,"Apple_Sherbet",R,17,89,0.163,1.017,0.322,1.801,-36.379,0,0,0,-113.527,14.286,0,0,1,7,7,R,"ke ro",166.4,88,0.326,0,58,0,0,0,0,0,0,0,0,0,0,0,0,0,0,0,0,0.309,-37.333,"TaeGeuk_",0.035,-17.443,"하루（Haru）",-20.474,-46.592,"장덕춘_",-13.639,-64.638,"bdg06213",23.957,-51.555,"Pugeuk",9.576,-64.09,"Azuner",38.455,-88.683,"ʚneul_ɞ",0.133,-108.379,"卯月満開",-38.602,-91.395,0,0,0,0,0,"",0,0,0,0,0,0,0,0,0,0
43,3,1,1,0,0,1,0,0,0,0,255,255,255,18,2853.675,"Apple_Sherbet",R,26,140,0.711,-0.119,0.341,1.569,-36.225,0,0,159.783,-200,59.733,0.257,-17.462,1,7,7,R,"ke ro",166.4,88,0.326,0,58,0,0,0,0,0,0,0,0,0,0,0,0,0,0,0,0,0.212,-37.753,"TaeGeuk_",-0.069,-17.206,"하루（Haru）",-20.446,-46.138,"장덕춘_",-13.255,-64.602,"bdg06213",24.082,-51.345,"Pugeuk",9.843,-64.047,"Azuner",38.392,-88.711,"ʚneul_ɞ",0.09,-109.78,"卯月満開",-38.624,-91.423,0,0,0,0,0,"",0,0,0,0,0,0,0,0,0,0
44,3,1,1,0,0,2,0,0,0,0,255,255,255,19,2870.943,"Apple_Sherbet",R,32,140,2.066,1.76,0.418,1.847,-36.374,4,0,250,-200,3.997,0,0,1,7,7,R,"ke ro",166.4,88,0.326,0,58,0,0,0,0,0,0,0,0,0,0,0,0,0,0,0,0,0.59,-37.186,"TaeGeuk_",-0.078,-17.359,"하루（Haru）",-20.172,-45.44,"장덕춘_",-13.423,-64.566,"bdg06213",23.903,-51.357,"Pugeuk",9.832,-64.053,"Azuner",38.435,-88.752,"ʚneul_ɞ",1.237,-111.105,"卯月満開",-38.652,-91.417,0,0,0,0,0,"",0,0,0,0,0,0,0,0,0,0
45,3,1,1,0,0,0,1,0,0,0,255,255,255,20,2895.725,"Apple_Sherbet",R,10,122,-1.089,-0.038,0.199,1.773,-36.348,0,0,0,400,-3.04,0,0,0,8,6,R,"소솨소솨",175.2,95.565,0.5,0,58,0,0,0,0,0,0,0,0,0,0,0,0,0,0,0,0,0.387,-37.214,"TaeGeuk_",0.013,-17.412,"하루（Haru）",-20.734,-46.058,"장덕춘_",-13.419,-64.482,"bdg06213",24.416,-52.251,"Pugeuk",9.425,-64.296,"Azuner",38.382,-88.917,"ʚneul_ɞ",0.089,-110.993,"卯月満開",-38.719,-90.958,0,0,0,0,0,"",0,0,0,0,0,0,0,0,0,0
46,3,1,1,0,0,1,1,0,0,0,255,255,255,21,2909.764,"Apple_Sherbet",R,14,126,2.481,-0.832,0.411,1.597,-36.449,2,0,390.434,312.348,26.1,0,0,1,8,6,R,"소솨소솨",175.2,95.565,0.5,2,58,2910.611,178,86,18,149,141,83,-38.356,-37.663,-0.49,-0.009,-0.17,0.156,0,0,0,0.098,-36.859,"TaeGeuk_",0.135,-17.192,"하루（Haru）",-20.844,-47.473,"장덕춘_",-13.249,-64.521,"bdg06213",24.45,-52.289,"Pugeuk",9.958,-64.464,"Azuner",38.358,-89.35,"ʚneul_ɞ",0.127,-110.723,"卯月満開",-38.699,-90.932,2910.724,1.006,-20.222,2913.14,4,"bdg06213",21.26,-46.836,0,256,0,0,0,0,0,2
47,3,1,1,0,0,0,2,0,0,0,255,255,255,22,2942.882,"Apple_Sherbet",R,32,140,1.391,0.716,0.386,1.69,-36.303,2,0,250,-200,45.444,0,0,1,0,5,R,"coder_",165,94.897,0.345,3,58,2943.886,172,97,44,128,144,82,-18.171,-22.284,-0.44,-0.015,-0.139,0.192,0,0,0,0.308,-36.947,"TaeGeuk_",0.123,-17.168,"하루（Haru）",-21.319,-48.321,"장덕춘_",-13.599,-64.783,"bdg06213",23.819,-52.671,"Pugeuk",9.325,-64.993,"Azuner",39.129,-89.506,"ʚneul_ɞ",0.587,-112.679,"卯月満開",-37.99,-90.741,2944.207,1.527,-23.831,2946.673,5,"Pugeuk",15.763,-57.937,1,0,0,0,0,0,0,2
48,3,1,1,0,0,0,2,1,0,0,5,255,255,23,2980.595,"Apple_Sherbet",R,32,140,-0.179,0.463,0.213,1.677,-36.3,0,0,250,-200,13.167,0,0,1,1,9,L,"encounter v",190,95,0.447,0,58,0,0,0,0,0,0,0,0,0,0,0,0,0,0,0,0,0.372,-37.396,"TaeGeuk_",-0.173,-17.029,"하루（Haru）",-18.967,-42.911,"장덕춘_",-1.077,-59.873,"bdg06213",23.797,-51.558,"Pugeuk",13.009,-61.941,"Azuner",40.117,-88.156,"ʚneul_ɞ",2.971,-114.692,"卯月満開",-37.482,-87.498,0,0,0,0,0,"",0,0,0,0,0,0,0,0,0,0
49,3,1,1,0,0,1,2,1,0,0,5,255,255,24,3033.359,"Apple_Sherbet",R,32,140,-0.238,0.561,0.222,1.696,-36.292,2,0,224.189,-200,26.054,0,0,1,1,9,L,"encounter v",190,95,0.447,3,58,3034.399,74,47,8,78,63,63,34.659,-30.961,0.08,0.05,-0.131,0.168,0,0,0,0.096,-36.655,"TaeGeuk_",-0.113,-17.337,"하루（Haru）",-17.856,-43.678,"장덕춘_",-6.446,-61.03,"bdg06213",23.725,-51.494,"Pugeuk",12.147,-62.262,"Azuner",40.037,-88.46,"ʚneul_ɞ",3.51,-114.037,"卯月満開",-36.06,-86.444,0,0,0,3038.523,4,"bdg06213",21.772,-55.644,0,0,0,0,0,0,0,1
50,3,0,1,0,0,0,0,0,0,0,255,255,255,24,3092.771,"アリアル",R,0,140,0.347,-0.288,0.014,1.387,-36.822,0,0,0,0,0,0,0,0,7,8,R,"卯月満開",169.8,89.902,0.2,0,58,0,0,0,0,0,0,0,0,0,0,0,0,0,0,0,0,-0.056,-37.56,"눈꽃",0.059,-17.03,"Slaris",-19.457,-49.787,"아침땅_",-14.188,-64.364,"_이누_",19.827,-50.842,"coder_",11.107,-66.054,"소솨소솨",33.108,-83.609,"ke ro",-0.42,-111.074,"Sabo_10",-34.558,-78.558,0,0,0,0,0,"",0,0,0,0,0,0,0,0,0,0
51,3,0,1,0,0,1,0,0,0,0,255,255,255,25,3110.13,"アリアル",R,0,139,1.874,0.228,0.01,1.372,-36.887,4,0,0,0,0,0,0,1,7,8,R,"卯月満開",169.8,89.902,0.2,0,58,0,0,0,0,0,0,0,0,0,0,0,0,0,0,0,0,0.115,-37.338,"눈꽃",0.076,-17.027,"Slaris",-19.653,-49.705,"아침땅_",-14.177,-64.383,"_이누_",19.754,-50.777,"coder_",11.732,-65.979,"소솨소솨",33.303,-84.48,"ke ro",-0.648,-110.972,"Sabo_10",-34.604,-78.205,0,0,0,0,0,"",0,0,0,0,0,0,0,0,0,0
52,3,0,1,0,0,2,0,0,0,0,255,255,255,26,3131.679,"アリアル",R,0,127,1.498,1.977,0.053,1.545,-36.759,1,0,0,0,0,0,0,0,7,8,R,"卯月満開",169.8,89.902,0.2,0,58,0,0,0,0,0,0,0,0,0,0,0,0,0,0,0,0,0.047,-37.639,"눈꽃",0.101,-16.995,"Slaris",-19.682,-49.794,"아침땅_",-14.089,-64.358,"_이누_",19.826,-50.872,"coder_",11.728,-69.473,"소솨소솨",33.34,-84.473,"ke ro",-0.867,-110.384,"Sabo_10",-38.752,-83.846,0,0,0,0,0,"",0,0,0,0,0,0,0,0,0,0
53,3,0,1,0,1,2,0,0,0,0,255,255,255,27,3146.322,"アリアル",R,0,139,2.211,0.9,0.423,1.668,-36.959,4,0,0,0,0,0,0,1,7,8,R,"卯月満開",169.8,89.902,0.2,0,58,0,0,0,0,0,0,0,0,0,0,0,0,0,0,0,0,0.147,-37.308,"눈꽃",0.014,-17.056,"Slaris",-20.265,-49.223,"아침땅_",-13.954,-64.291,"_이누_",20.403,-51.091,"coder_",10.119,-66.365,"소솨소솨",33.292,-84.501,"ke ro",-1.014,-109.443,"Sabo_10",-38.375,-82.494,0,0,0,0,0,"",0,0,0,0,0,0,0,0,0,0
54,3,0,1,0,0,0,1,0,0,0,255,255,255,28,3174.024,"アリアル",R,0,132,0.366,-0.237,0.047,1.416,-36.848,0,0,0,0,0,0,0,0,8,7,L,"ʚneul_ɞ",175,97,0.526,0,71,0,0,0,0,0,0,0,0,0,0,0,0,0,0,0,0,0.038,-37.774,"눈꽃",-0.065,-17.009,"Slaris",-20.304,-48.769,"아침땅_",-9.181,-66.525,"_이누_",22.625,-50.387,"coder_",15.767,-66.535,"소솨소솨",41.86,-77.382,"ke ro",0.301,-107.847,"Sabo_10",-36.593,-80.959,0,0,0,0,0,"",0,0,0,0,0,0,0,0,0,0
55,3,0,1,0,0,1,1,0,0,0,255,255,255,29,3186.373,"アリアル",R,0,133,-0.864,0.624,-0.016,1.428,-36.88,2,0,0,0,0,0,0,1,8,7,L,"ʚneul_ɞ",175,97,0.526,2,71,3187.158,205,129,17,179,152,90,54.519,-31.783,-0.39,0.044,-0.047,0.573,0,0,0,-0.071,-37.397,"눈꽃",-0.203,-17.029,"Slaris",-20.128,-48.898,"아침땅_",-9.055,-66.599,"_이누_",22.588,-50.386,"coder_",14.311,-64.433,"소솨소솨",41.884,-77.346,"ke ro",0.363,-108.73,"Sabo_10",-37.536,-81.992,0,0,0,3192.94,6,"소솨소솨",34.884,-67.761,0,0,0,0,0,0,0,1
56,3,0,1,0,0,0,2,0,0,0,255,255,255,30,3227.362,"アリアル",R,13,126,0.185,0.7,0.117,1.495,-36.866,0,0,-390.434,312.348,15.962,0,0,0,0,0,R,"Apple_Sherbet",190,88.921,0.302,0,58,0,0,0,0,0,0,0,0,0,0,0,0,0,0,0,0,-0.013,-37.697,"눈꽃",0.078,-17.036,"Slaris",-21.564,-50.186,"아침땅_",-14.035,-64.487,"_이누_",20.643,-49.864,"coder_",13.778,-67.121,"소솨소솨",37.407,-85.784,"ke ro",0.053,-103.311,"Sabo_10",-40.562,-82.417,0,0,0,0,0,"",0,0,0,0,0,0,0,0,0,0
57,3,0,1,0,0,1,2,0,0,0,255,255,255,31,3241.971,"アリアル",R,0,133,1.245,1.012,0.1,1.445,-36.894,2,0,0,0,0,0,0,1,0,0,R,"Apple_Sherbet",190,88.921,0.302,3,58,3242.988,189,114,32,121,148,130,50,39.228,0.27,-0.006,-0.027,0.133,0,0,0,0.143,-37.365,"눈꽃",0.178,-17.04,"Slaris",-21.413,-50.151,"아침땅_",-14.029,-64.493,"_이누_",20.39,-49.829,"coder_",14.569,-67.957,"소솨소솨",37.114,-85.884,"ke ro",0.29,-103.327,"Sabo_10",-40.114,-82.663,3249.84,-81.785,-91.666,0,0,"",0,0,0,0,0,0,0,0,0,3
58,3,0,1,0,0,2,2,0,0,0,255,255,255,32,3264.913,"アリアル",R,0,139,-0.043,-0.282,0.012,1.372,-36.914,0,0,0,0,0,0,0,0,0,0,R,"Apple_Sherbet",190,88.921,0.302,0,58,0,0,0,0,0,0,0,0,0,0,0,0,0,0,0,0,-0.015,-37.725,"눈꽃",0.082,-17.026,"Slaris",-21.146,-50.405,"아침땅_",-14.163,-64.201,"_이누_",20.035,-50.053,"coder_",12.882,-65.368,"소솨소솨",34.041,-85.489,"ke ro",0.141,-100.04,"Sabo_10",-42.893,-84.676,0,0,0,0,0,"",0,0,0,0,0,0,0,0,0,0
59,4,1,1,0,0,0,0,0,0,0,255,255,255,25,3320.374,"Apple_Sherbet",R,14,126,2.939,-1.838,0.459,1.587,-36.469,4,0,390.434,312.348,6.858,0.622,-18.596,1,2,1,L,"눈꽃",190,94.886,0.496,0,58,0,0,0,0,0,0,0,0,0,0,0,0,0,0,0,0,0.394,-37.453,"TaeGeuk_",-0.032,-17.215,"하루（Haru）",-20.172,-45.091,"장덕춘_",-13.457,-64.723,"bdg06213",23.285,-52.791,"Pugeuk",11.186,-63.579,"Azuner",40.088,-87.102,"ʚneul_ɞ",0.933,-107.59,"卯月満開",-36.253,-92.726,0,0,0,0,0,"",0,0,0,0,0,0,0,0,0,0
60,4,1,1,0,0,1,0,0,0,0,255,255,255,26,3340.062,"Apple_Sherbet",R,14,98,2.808,-1.677,0.499,1.547,-36.441,1,0,347.842,312.348,41.164,0.657,-18.972,0,2,1,L,"눈꽃",190,94.886,0.496,0,58,0,0,0,0,0,0,0,0,0,0,0,0,0,0,0,0,0.33,-37.496,"TaeGeuk_",1.001,-16.876,"하루（Haru）",-20.226,-44.836,"장덕춘_",-13.503,-64.662,"bdg06213",23.451,-53.106,"Pugeuk",11.314,-63.546,"Azuner",39.183,-87.567,"ʚneul_ɞ",0.176,-109.2,"卯月満開",-36.263,-92.711,0,0,0,0,0,"",0,0,0,0,0,0,0,0,0,0
61,4,1,1,0,1,1,0,0,0,0,255,255,255,27,3360.592,"Apple_Sherbet",R,32,140,0.598,0.212,0.335,1.822,-36.368,2,0,250,-200,-119.826,0,0,1,2,1,L,"눈꽃",190,94.886,0.496,3,58,3361.513,185,87,9,139,141,88,63.312,-41.524,-0.44,0.079,-0.011,0.245,0,0,0,0.246,-36.915,"TaeGeuk_",0.359,-17.679,"하루（Haru）",-20.79,-47.345,"장덕춘_",-13.38,-64.732,"bdg06213",24.486,-52.9,"Pugeuk",11.368,-63.499,"Azuner",39.219,-87.569,"ʚneul_ɞ",0.167,-108.988,"卯月満開",-36.242,-92.742,3367.324,37.218,-59.205,3367.423,4,"bdg06213",36.112,-58.037,0,0,0,0,0,0,0,1
62,4,1,1,0,0,0,1,0,0,0,255,255,255,28,3396.054,"Apple_Sherbet",R,32,140,-0.749,0.901,0.185,1.751,-36.346,2,0,250,-200,42.162,0,0,1,3,8,L,"Sabo_10",185.1,94,0.597,3,58,3397.037,155,117,33,176,144,129,17.755,30.7,0.6,0.077,-0.118,0.151,0,0,0,-0.023,-36.746,"TaeGeuk_",-0.191,-17.321,"하루（Haru）",-21.588,-48.852,"장덕춘_",-13.472,-64.474,"bdg06213",23.724,-51.561,"Pugeuk",13.146,-62.912,"Azuner",40.278,-87.522,"ʚneul_ɞ",4.148,-114.011,"卯月満開",-34.533,-92.089,3401.04,-45.682,-112.616,3403.107,8,"卯月満開",-34.107,-107.192,1,0,0,0,0,0,0,2
63,4,1,1,0,0,0,1,1,0,0,8,255,255,29,3432.872,"Apple_Sherbet",R,14,126,1.235,-0.499,0.295,1.638,-36.35,2,0,390.434,312.348,19.218,0,0,1,4,2,R,"Slaris",190,92,0.451,3,58,3433.843,157,101,25,165,143,89,-24.699,-40.935,-0.44,-0.001,-0.075,0.277,0,0,0,0.073,-36.719,"TaeGeuk_",0.118,-17.381,"하루（Haru）",-18.702,-43.868,"장덕춘_",-12.712,-64.032,"bdg06213",23.801,-54.283,"Pugeuk",7.864,-64.263,"Azuner",38.236,-89.159,"ʚneul_ɞ",-1.208,-113.431,"卯月満開",-36.945,-92.285,3433.99,1.474,-21.654,3436.057,4,"bdg06213",23.914,-48.092,1,0,0,0,0,0,0,2
64,4,1,1,0,0,0,2,1,0,0,2,255,255,30,3466.034,"Apple_Sherbet",R,26,140,1.091,0.342,0.354,1.654,-36.296,0,0,197.757,-200,26.977,0,0,0,5,4,R,"_이누_",190,90.187,0.5,0,58,0,0,0,0,0,0,0,0,0,0,0,0,0,0,0,0,0.408,-37.194,"TaeGeuk_",0.322,-17.47,"하루（Haru）",-19.156,-43.136,"장덕춘_",-13.285,-64.938,"bdg06213",23.775,-52.587,"Pugeuk",7.323,-63.899,"Azuner",38.433,-89.834,"ʚneul_ɞ",-1.149,-110.523,"卯月満開",-37.491,-93.797,0,0,0,0,0,"",0,0,0,0,0,0,0,0,0,0
65,4,1,1,0,0,1,2,1,0,0,2,255,255,31,3481.306,"Apple_Sherbet",R,3,101,-1.342,0.018,0.461,1.773,-36.529,0,0,-415.311,0,-12.699,0,0,1,5,4,R,"_이누_",190,90.187,0.5,0,58,0,0,0,0,0,0,0,0,0,0,0,0,0,0,0,0,0.045,-37.121,"TaeGeuk_",-0.597,-17.036,"하루（Haru）",-19.905,-42.669,"장덕춘_",-13.182,-64.871,"bdg06213",23.778,-52.58,"Pugeuk",5.302,-62.129,"Azuner",38.549,-89.734,"ʚneul_ɞ",-1.012,-111.628,"卯月満開",-37.481,-93.79,0,0,0,0,0,"",0,0,0,0,0,0,0,0,0,0
66,4,1,1,0,0,2,2,1,0,0,2,255,255,32,3496.34,"Apple_Sherbet",R,13,126,-2.474,-1.273,0.208,1.583,-36.319,4,0,-390.434,312.348,52.264,-1.003,-17.263,1,5,4,R,"_이누_",190,90.187,0.5,0,58,0,0,0,0,0,0,0,0,0,0,0,0,0,0,0,0,0.351,-37.281,"TaeGeuk_",-1.116,-17.518,"하루（Haru）",-19.479,-40.592,"장덕춘_",-13.011,-64.648,"bdg06213",23.757,-52.476,"Pugeuk",2.041,-61.926,"Azuner",38.507,-89.73,"ʚneul_ɞ",-1.017,-111.255,"卯月満開",-37.499,-93.801,0,0,0,0,0,"",0,0,0,0,0,0,0,0,0,0
67,4,0,1,0,0,0,0,0,0,0,255,255,255,33,3557.196,"アリアル",R,0,138,0.015,-0.191,-0.042,1.394,-36.983,0,0,0,0,0,0,0,1,1,2,L,"하루（Haru）",190,107,0.55,0,58,0,0,0,0,0,0,0,0,0,0,0,0,0,0,0,0,-0.006,-37.703,"눈꽃",-0.101,-16.98,"Slaris",-20.567,-50.392,"아침땅_",-8.717,-66.592,"_이누_",23.982,-52.449,"coder_",14.986,-67.737,"소솨소솨",42.769,-82.177,"ke ro",3.085,-112.326,"Sabo_10",-36.674,-84.456,0,0,0,0,0,"",0,0,0,0,0,0,0,0,0,0
68,4,0,1,0,0,1,0,0,0,0,255,255,255,34,3577.665,"アリアル",R,0,135,0.753,0.192,-0.012,1.459,-36.903,2,0,0,0,0,0,0,1,1,2,L,"하루（Haru）",190,107,0.55,3,58,3578.7,212,86,22,123,142,105,-8.651,-38.958,0.08,0.093,-0.09,0,0,0,0,-0.039,-37.412,"눈꽃",-0.186,-17.084,"Slaris",-20.006,-50.772,"아침땅_",-8.553,-66.652,"_이누_",23.933,-52.392,"coder_",14.052,-66.212,"소솨소솨",42.826,-82.129,"ke ro",3.392,-112.385,"Sabo_10",-36.554,-83.467,3579.057,4.981,-25.223,3580.557,4,"_이누_",23.721,-47.371,0,0,0,0,0,0,0,2
69,4,0,1,0,0,0,1,0,0,0,255,255,255,35,3604.834,"アリアル",R,0,133,0.735,0.921,0.036,1.418,-36.837,2,0,0,0,0,0,0,1,2,4,R,"bdg06213",190,99.549,0.504,3,58,3606.019,89,114,12,155,132,82,30.805,-9.639,-0.5,-0.004,-0.094,0.144,0,0,0,-0.016,-37.279,"눈꽃",0.086,-17.021,"Slaris",-20.141,-48.846,"아침땅_",-14.086,-64.414,"_이누_",21.169,-51.41,"coder_",13.238,-64.699,"소솨소솨",31.551,-86.724,"ke ro",-1.63,-109.352,"Sabo_10",-38.444,-80.922,0,0,0,3610.89,5,"coder_",10.428,-81.81,0,0,0,0,0,0,0,1
70,4,0,1,0,0,0,2,0,0,0,255,255,255,36,3638.771,"アリアル",R,0,140,1.093,-0.443,0.155,1.441,-36.891,0,0,0,0,0,0,0,0,3,1,R,"TaeGeuk_",177.3,89.367,0.415,0,58,0,0,0,0,0,0,0,0,0,0,0,0,0,0,0,0,-0.045,-37.552,"눈꽃",0.103,-16.958,"Slaris",-20.801,-49.011,"아침땅_",-14.208,-64.204,"_이누_",20.783,-51.788,"coder_",11.537,-65.785,"소솨소솨",31.055,-82.883,"ke ro",-0.13,-107.913,"Sabo_10",-36.335,-83.694,0,0,0,0,0,"",0,0,0,0,0,0,0,0,0,0
71,4,0,1,0,0,1,2,0,0,0,255,255,255,37,3658.523,"アリアル",R,0,140,1.48,0.025,0.102,1.449,-36.922,2,0,0,0,0,0,0,1,3,1,R,"TaeGeuk_",177.3,89.367,0.415,3,58,3659.287,145,108,17,166,142,88,-30,32.433,0,-0.096,-0.072,0.225,0,0,0,0.159,-37.364,"눈꽃",0.101,-16.999,"Slaris",-20.633,-48.958,"아침땅_",-14.191,-64.167,"_이누_",20.971,-51.546,"coder_",12.109,-66.864,"소솨소솨",31.073,-82.886,"ke ro",0.179,-107.933,"Sabo_10",-37.482,-84.704,3659.423,-0.616,-20.765,3661.407,2,"Slaris",-17.094,-46.603,0,0,0,0,0,0,0,2
72,5,1,1,0,0,0,0,0,0,0,255,255,255,33,3712.016,"Apple_Sherbet",R,32,140,0.266,1.299,0.249,1.763,-36.381,4,0,250,-200,4.756,0,0,1,6,3,R,"아침땅_",160,95,0.5,0,37,0,0,0,0,0,0,0,0,0,0,0,0,0,0,0,0,0.304,-37.317,"TaeGeuk_",0.015,-17.459,"하루（Haru）",-21.014,-47.167,"장덕춘_",-14.237,-63.605,"bdg06213",23.809,-52.335,"Pugeuk",9.516,-64.235,"Azuner",37.526,-88.26,"ʚneul_ɞ",-0.472,-108.787,"卯月満開",-37.94,-89.645,0,0,0,0,0,"",0,0,0,0,0,0,0,0,0,0
73,5,1,1,0,0,1,0,0,0,0,255,255,255,34,3728.8,"Apple_Sherbet",R,10,126,-0.111,-1.939,0.305,1.612,-36.286,1,0,0,400,21.23,0,0,0,6,3,R,"아침땅_",160,95,0.5,0,58,0,0,0,0,0,0,0,0,0,0,0,0,0,0,0,0,0.388,-37.318,"TaeGeuk_",-0.181,-17.518,"하루（Haru）",-20.49,-46.681,"장덕춘_",-13.726,-64.01,"bdg06213",23.941,-52.283,"Pugeuk",11.002,-65.01,"Azuner",37.329,-89.146,"ʚneul_ɞ",-1.083,-109.953,"卯月満開",-37.96,-89.659,0,0,0,0,0,"",0,0,0,0,0,0,0,0,0,0
74,5,1,1,0,1,1,0,0,0,0,255,255,255,35,3745.477,"Apple_Sherbet",R,26,140,0.674,1.313,0.331,1.765,-36.281,4,0,111.693,-200,11.956,0,0,1,6,3,R,"아침땅_",160,95,0.5,0,58,0,0,0,0,0,0,0,0,0,0,0,0,0,0,0,0,0.272,-37.187,"TaeGeuk_",-0.025,-17.583,"하루（Haru）",-19.944,-45.249,"장덕춘_",-13.752,-64.877,"bdg06213",23.979,-52.301,"Pugeuk",13.058,-63.746,"Azuner",38.01,-90.228,"ʚneul_ɞ",-1.23,-111.823,"卯月満開",-37.967,-89.658,0,0,0,0,0,"",0,0,0,0,0,0,0,0,0,0
75,5,1,1,0,1,2,0,0,0,0,255,255,255,36,3762.966,"Apple_Sherbet",R,10,104,-0.407,-1.726,0.329,1.679,-36.358,1,0,-42.444,400,0.065,0,0,0,6,3,R,"아침땅_",160,95,0.5,0,58,0,0,0,0,0,0,0,0,0,0,0,0,0,0,0,0,0.326,-37.25,"TaeGeuk_",-0.578,-17.769,"하루（Haru）",-19.92,-44.6,"장덕춘_",-13.503,-64.381,"bdg06213",23.89,-52.17,"Pugeuk",10.046,-64.019,"Azuner",37.899,-90.295,"ʚneul_ɞ",-0.963,-113.962,"卯月満開",-38.035,-89.644,0,0,0,0,0,"",0,0,0,0,0,0,0,0,0,0
76,5,1,1,0,2,2,0,0,0,0,255,255,255,37,3783.241,"Apple_Sherbet",R,32,140,0.026,-0.466,0.267,1.522,-36.22,0,0,220.203,-200,54.922,0,0,0,6,3,R,"아침땅_",160,95,0.5,0,58,0,0,0,0,0,0,0,0,0,0,0,0,0,0,0,0,0.324,-37.248,"TaeGeuk_",-0.075,-17.628,"하루（Haru）",-19.713,-44.407,"장덕춘_",-13.927,-64.282,"bdg06213",24.084,-53.378,"Pugeuk",9.723,-63.968,"Azuner",37.767,-90.304,"ʚneul_ɞ",-0.5,-110.418,"卯月満開",-36.931,-90.326,0,0,0,0,0,"",0,0,0,0,0,0,0,0,0,0
77,5,1,1,0,0,0,1,0,0,0,255,255,255,38,3809.659,"Apple_Sherbet",R,32,140,0.022,-0.058,0.263,1.578,-36.212,0,0,250,-200,57.45,0.184,-17.879,1,7,7,R,"ke ro",166.4,90,0.326,0,58,0,0,0,0,0,0,0,0,0,0,0,0,0,0,0,0,0.268,-37.312,"TaeGeuk_",0.001,-17.426,"하루（Haru）",-20.253,-45.688,"장덕춘_",-15.17,-65.757,"bdg06213",23.496,-53.944,"Pugeuk",8.918,-66.131,"Azuner",36.441,-90.598,"ʚneul_ɞ",-1,-113.805,"卯月満開",-36.695,-89.478,0,0,0,0,0,"",0,0,0,0,0,0,0,0,0,0
78,5,1,1,0,0,1,1,0,0,0,255,255,255,39,3827.211,"Apple_Sherbet",R,32,140,0.154,1.385,0.269,1.791,-36.384,2,0,250,-200,46.465,0,0,1,7,7,R,"ke ro",166.4,90,0.326,2,58,3828.2,80,82,22,89,116,68,101.66,46.13,-0.01,0.004,-0.041,0.21,0,0,0,0.134,-36.699,"TaeGeuk_",0.166,-17.349,"하루（Haru）",-20.06,-46.839,"장덕춘_",-13.454,-65.003,"bdg06213",23.539,-53.952,"Pugeuk",9.039,-66.158,"Azuner",36.675,-90.746,"ʚneul_ɞ",-1.261,-109.078,"卯月満開",-36.378,-88.788,3833.64,14.964,-5.955,0,0,"",0,0,0,0,0,0,0,0,0,3
79,5,1,1,0,0,2,1,0,0,0,255,255,255,40,3855.54,"Apple_Sherbet",R,0,92,0.029,0.293,0.303,1.707,-36.347,2,0,0,0,1.379,0,0,1,7,7,R,"ke ro",166.4,90,0.326,2,83,3856.674,132,111,56,159,142,123,25.439,33.614,0.28,-0.037,-0.07,0.358,0,0,0,0.112,-36.975,"TaeGeuk_",-0.311,-17.873,"하루（Haru）",-20.018,-46.73,"장덕춘_",-13.885,-64.53,"bdg06213",23.739,-53.974,"Pugeuk",9.111,-65.819,"Azuner",36.159,-89.203,"ʚneul_ɞ",-0.943,-113.864,"卯月満開",-36.728,-90.419,3861.54,-44.766,-109.485,3862.99,-1,"집으로_",-40.731,-107.672,1,0,0,0,0,0,0,2
80,5,1,1,0,0,0,1,1,0,0,7,255,255,41,3892.254,"Apple_Sherbet",R,14,125,1.659,-0.678,0.325,1.639,-36.353,1,0,377.553,327.801,-7.101,0,0,0,8,6,R,"소솨소솨",175.2,95.565,0.5,0,58,0,0,0,0,0,0,0,0,0,0,0,0,0,0,0,0,0.199,-36.836,"TaeGeuk_",0.243,-18.217,"하루（Haru）",-19.545,-42.846,"장덕춘_",-7.319,-61.618,"bdg06213",24.418,-52.483,"Pugeuk",4.681,-63.389,"Azuner",35.907,-89.633,"ʚneul_ɞ",-0.563,-114.15,"卯月満開",-37.573,-90.995,0,0,0,0,0,"",0,0,0,0,0,0,0,0,0,0
81,5,1,1,0,1,0,1,0,1,0,255,7,255,42,3921.455,"Apple_Sherbet",R,32,128,2.455,2.088,0.447,1.922,-36.617,2,0,250,-200,-16.019,0,0,1,8,6,R,"소솨소솨",175.2,95.565,0.5,2,58,3922.374,159,83,23,147,141,83,66.389,-57.376,-0.53,-0.001,-0.087,0.27,0,0,0,0.263,-36.694,"TaeGeuk_",0.099,-17.381,"하루（Haru）",-20.312,-47.185,"장덕춘_",-13.406,-64.814,"bdg06213",23.073,-50.401,"Pugeuk",8.031,-65.952,"Azuner",37.088,-88.237,"ʚneul_ɞ",-0.04,-113.351,"卯月満開",-37.118,-90.263,3927.874,44.038,-49.756,0,0,"",0,0,0,0,0,0,0,0,0,3
82,5,1,1,0,1,1,1,0,1,0,255,7,255,43,3948.028,"Apple_Sherbet",R,26,140,-0.498,-0.783,0.236,1.459,-36.206,2,0,86.357,-200,37.478,0,0,1,8,6,R,"소솨소솨",175.2,95.565,0.5,2,58,3948.897,128,66,15,98,130,110,-3.395,18.231,0.23,-0.126,-0.172,0.108,0,0,0,0.294,-36.826,"TaeGeuk_",0,-17.316,"하루（Haru）",-21.009,-48.452,"장덕춘_",-14.01,-64.299,"bdg06213",23.616,-51.648,"Pugeuk",7.096,-64.214,"Azuner",37.681,-90.031,"ʚneul_ɞ",-0.889,-117.613,"卯月満開",-37.811,-89.478,3949.29,-2.483,-26.946,3950.957,3,"장덕춘_",-13.47,-59.621,0,0,0,0,0,0,0,2
83,5,1,1,0,0,0,2,0,0,1,255,255,7,44,3987.577,"Apple_Sherbet",R,13,98,-2.228,-1.078,0.297,1.756,-36.494,2,0,-347.842,312.348,7.375,0,0,1,0,5,R,"coder_",165,94.897,0.345,3,53,3988.782,137,147,41,255,143,81,-30,36.358,0.94,-0.197,-0.205,0.507,0,0,0,-0.105,-36.94,"TaeGeuk_",-0.691,-17.402,"하루（Haru）",-21.758,-49.075,"장덕춘_",-13.911,-64.65,"bdg06213",21.98,-49.866,"Pugeuk",8.281,-64.531,"Azuner",36.601,-89.39,"ʚneul_ɞ",-0.697,-113.581,"卯月満開",-40.645,-94.514,3988.94,-1.059,-21.136,3991.074,2,"하루（Haru）",-18.217,-44.666,0,0,0,0,0,0,0,2
84,5,0,1,0,0,0,0,0,0,0,255,255,255,38,4051.799,"アリアル",R,0,139,1.746,0.74,0.048,1.371,-36.858,2,0,0,0,0,0,0,0,4,3,R,"장덕춘_",169.5,94.815,0.549,3,58,4052.658,166,68,0,102,127,100,-30,47.901,0.81,-0.088,-0.07,0.099,0,0,0,0.001,-37.121,"눈꽃",0.054,-16.973,"Slaris",-20.552,-49.341,"아침땅_",-14.263,-64.306,"_이누_",19.976,-49.81,"coder_",10.785,-67.017,"소솨소솨",31.554,-83.055,"ke ro",-0.991,-106.87,"Sabo_10",-37.543,-85.114,4052.89,-1.741,-19.687,4054.824,2,"Slaris",-23.35,-44.075,0,0,0,0,0,0,0,2
85,5,0,1,0,0,0,1,0,0,0,255,255,255,39,4090.491,"アリアル",R,0,140,1.481,0.213,0.075,1.373,-36.902,2,0,0,0,0,0.072,-19.563,1,5,5,R,"Pugeuk",170.1,90.547,0.552,3,58,4091.507,134,105,21,168,142,97,-30,15.14,0.07,-0.01,-0.094,0.31,0,0,0,0.068,-37.354,"눈꽃",-0.008,-17.047,"Slaris",-19.894,-48.752,"아침땅_",-14.432,-64.142,"_이누_",20.243,-50.777,"coder_",12.109,-65.641,"소솨소솨",29.634,-85.074,"ke ro",-0.604,-108.512,"Sabo_10",-38.783,-84.038,4092.79,-3.963,-47.752,4095.974,7,"ke ro",-10.565,-93.884,1,0,0,0,0,0,0,2
86,5,0,1,0,0,0,1,1,0,0,14,255,255,40,4128.209,"アリアル",R,0,137,-0.088,-0.032,-0.03,1.391,-36.84,2,0,0,0,0,0,0,1,6,6,L,"Azuner",180.2,86,0.398,3,58,4129.265,173,127,96,100,155,128,28.695,-38.551,0.68,-0.012,-0.066,0.12,0,0,0,-0.01,-37.328,"눈꽃",-0.036,-17.062,"Slaris",-19.734,-45.772,"아침땅_",-4.238,-63.536,"_이누_",21.662,-49.463,"coder_",11.556,-62.261,"소솨소솨",38.442,-81.154,"ke ro",3.153,-107.114,"Sabo_10",-38.68,-84.791,4134.273,53.908,-119.558,0,0,"",0,0,0,0,0,0,0,0,0,4
87,5,0,1,2,0,0,1,0,0,0,255,255,255,41,4204.634,"アリアル",R,0,140,1.576,-0.426,0.067,1.33,-36.845,1,0,0,0,0,0,0,0,7,8,R,"卯月満開",169.8,89.902,0.2,0,58,0,0,0,0,0,0,0,0,0,0,0,0,0,0,0,0,-0.028,-37.547,"눈꽃",0.055,-16.971,"Slaris",-20.368,-47.757,"아침땅_",-14.175,-64.194,"_이누_",20.685,-51.489,"coder_",12.254,-65.643,"소솨소솨",36.483,-85.365,"ke ro",0.444,-109.79,"Sabo_10",-37.78,-83.056,0,0,0,0,0,"",0,0,0,0,0,0,0,0,0,0
88,5,0,1,2,1,0,1,0,0,0,255,255,255,42,4217.501,"アリアル",R,0,140,1,-0.054,0.047,1.389,-36.81,0,0,0,0,0,0,0,1,7,8,R,"卯月満開",169.8,89.902,0.2,0,58,0,0,0,0,0,0,0,0,0,0,0,0,0,0,0,0,0.121,-37.429,"눈꽃",-0.177,-17.034,"Slaris",-20.2,-48.125,"아침땅_",-14.225,-64.277,"_이누_",20.78,-51.53,"coder_",12.096,-65.551,"소솨소솨",31.967,-84.37,"ke ro",0.584,-109.851,"Sabo_10",-38.626,-82.452,0,0,0,0,0,"",0,0,0,0,0,0,0,0,0,0
89,5,0,1,2,1,1,1,0,0,0,255,255,255,43,4235.492,"アリアル",R,0,136,1.128,0.733,0.071,1.495,-36.801,0,0,0,0,0,0,0,0,7,8,R,"卯月満開",169.8,89.902,0.2,0,58,0,0,0,0,0,0,0,0,0,0,0,0,0,0,0,0,-0.02,-37.659,"눈꽃",-0.228,-17.027,"Slaris",-20.241,-48.457,"아침땅_",-14.247,-64.35,"_이누_",20.776,-51.471,"coder_",11.022,-66.029,"소솨소솨",31.642,-83.536,"ke ro",0.143,-109.626,"Sabo_10",-37.173,-82.669,0,0,0,0,0,"",0,0,0,0,0,0,0,0,0,0
90,5,0,1,2,1,2,1,0,0,0,255,255,255,44,4255.544,"アリアル",R,13,126,1.808,-2.148,0.018,1.301,-37.103,1,0,-390.434,312.348,4.387,0.427,-17.044,0,7,8,R,"卯月満開",169.8,89.902,0.2,0,58,0,0,0,0,0,0,0,0,0,0,0,0,0,0,0,0,-0.058,-37.644,"눈꽃",-0.126,-17.13,"Slaris",-20.44,-47.704,"아침땅_",-14.455,-64.118,"_이누_",20.893,-51.546,"coder_",11.895,-64.179,"소솨소솨",31.655,-83.53,"ke ro",-0.053,-109.6,"Sabo_10",-38.565,-85.352,0,0,0,0,0,"",0,0,0,0,0,0,0,0,0,0
91,5,0,1,2,2,2,1,0,0,0,255,255,255,45,4268.847,"アリアル",R,3,121,-4.659,-0.526,-0.129,1.381,-36.971,1,0,-500,0,3.6,0,0,0,7,8,R,"卯月満開",169.8,89.902,0.2,0,58,0,0,0,0,0,0,0,0,0,0,0,0,0,0,0,0,-0.072,-37.513,"눈꽃",-0.474,-17.13,"Slaris",-20.523,-47.648,"아침땅_",-14.296,-64.138,"_이누_",20.916,-51.434,"coder_",12.127,-65.453,"소솨소솨",31.639,-83.554,"ke ro",0.217,-109.83,"Sabo_10",-38.208,-83.133,0,0,0,0,0,"",0,0,0,0,0,0,0,0,0,0
92,5,0,1,2,3,2,1,0,0,0,255,255,255,46,4283.369,"アリアル",R,0,123,-0.854,1.632,0.078,1.581,-36.69,1,0,0,0,0,0,0,0,7,8,R,"卯月満開",169.8,89.902,0.2,0,58,0,0,0,0,0,0,0,0,0,0,0,0,0,0,0,0,-0.03,-37.612,"눈꽃",0.047,-16.923,"Slaris",-20.452,-48.417,"아침땅_",-14.283,-64.263,"_이누_",20.906,-51.413,"coder_",11.365,-65.723,"소솨소솨",30.39,-85.87,"ke ro",0.27,-109.011,"Sabo_10",-38.268,-82.558,0,0,0,0,0,"",0,0,0,0,0,0,0,0,0,5
93,5,0,1,2,0,0,1,1,0,0,17,255,255,47,4327.344,"アリアル",R,0,128,-1.277,0.208,-0.071,1.405,-36.798,4,1,0,0,0,0.257,-20.696,1,8,7,L,"ʚneul_ɞ",175,97,0.526,0,58,0,0,0,0,0,0,0,0,0,0,0,0,0,0,0,0,-0.015,-37.514,"눈꽃",-0.063,-17.032,"Slaris",-20.718,-46.761,"아침땅_",-8.129,-65.965,"_이누_",22.523,-50.115,"coder_",12.271,-65.435,"소솨소솨",40.791,-80.654,"ke ro",0.821,-109.356,"Sabo_10",-36.928,-77.654,0,0,0,0,0,"",0,0,0,0,0,0,0,0,0,0
94,5,0,1,2,0,1,1,0,1,0,255,255,255,48,4498.728,"アリアル",R,0,134,-0.838,-0.84,0.114,1.417,-36.909,0,0,0,0,0,0,0,1,8,7,L,"ʚneul_ɞ",175,97,0.526,0,71,0,0,0,0,0,0,0,0,0,0,0,0,0,0,0,0,-0.033,-37.844,"눈꽃",-0.024,-17.094,"Slaris",-20.097,-48.641,"아침땅_",-4.072,-65.061,"_이누_",21.565,-48.638,"coder_",13.13,-61.319,"소솨소솨",39.263,-81.019,"ke ro",0.811,-105.936,"Sabo_10",-37.516,-81.858,0,0,0,0,0,"",0,0,0,0,0,0,0,0,0,0
95,5,0,1,2,0,2,1,0,1,0,255,255,255,49,4518.369,"アリアル",R,0,125,-1.162,1.34,0.012,1.548,-36.726,2,0,0,0,0,0,0,1,8,7,L,"ʚneul_ɞ",175,97,0.526,2,71,4519.098,195,120,30,151,151,90,54.063,11.819,-0.3,0.076,-0.101,0.596,0,0,0,-0.017,-37.39,"눈꽃",-0.082,-17.072,"Slaris",-19.901,-49.16,"아침땅_",-4.923,-66.239,"_이누_",20.972,-48.664,"coder_",14.258,-63.346,"소솨소솨",40.911,-82.926,"ke ro",0.043,-104.562,"Sabo_10",-36.475,-80.663,4524.99,-7.229,-75.902,4525.724,0,"アリアル",-7.186,-75.523,0,0,0,0,0,0,0,1
96,5,0,1,2,0,0,2,0,1,0,255,255,255,50,4552.223,"アリアル",R,0,137,0.072,1.726,-0.013,1.588,-36.865,1,0,0,0,0,0,0,0,0,0,R,"Apple_Sherbet",190,88.921,0.302,0,58,0,0,0,0,0,0,0,0,0,0,0,0,0,0,0,0,-0.083,-37.592,"눈꽃",0.001,-16.977,"Slaris",-20.829,-49.336,"아침땅_",-7.824,-67.024,"_이누_",20.314,-49.95,"coder_",14.35,-66.815,"소솨소솨",33.576,-89.163,"ke ro",-0.252,-103.854,"Sabo_10",-37.963,-82.261,0,0,0,0,0,"",0,0,0,0,0,0,0,0,0,0
97,5,0,1,2,1,0,2,0,1,0,255,255,255,51,4574.159,"アリアル",R,0,128,-0.001,-0.092,0.057,1.383,-36.805,2,0,0,0,0,0,0,1,0,0,R,"Apple_Sherbet",190,88.921,0.302,3,58,4575.056,222,128,46,136,155,100,8.228,-39.966,-0.01,-0.033,-0.089,0.235,0,0,0,0.124,-37.456,"눈꽃",0.142,-17.028,"Slaris",-20.407,-49.962,"아침땅_",-5.943,-65.867,"_이누_",20.167,-50.407,"coder_",12.347,-64.416,"소솨소솨",34.045,-88.925,"ke ro",-0.239,-103.823,"Sabo_10",-44.764,-84.959,4576.607,21.666,-49.392,4576.907,4,"_이누_",19.986,-46.981,0,0,0,0,0,0,0,1
98,6,1,1,2,0,0,0,0,0,0,255,255,255,45,4670.785,"Apple_Sherbet",R,14,93,2.468,-1.446,0.413,1.676,-36.32,1,0,322.508,323.245,26.556,0.617,-18.636,0,1,9,L,"encounter v",190,95,0.447,0,58,0,0,0,0,0,0,0,0,0,0,0,0,0,0,0,0,0.328,-37.314,"TaeGeuk_",0.112,-17.71,"하루（Haru）",-21.13,-46.31,"장덕춘_",-13.302,-65.069,"bdg06213",24.326,-52.677,"Pugeuk",11.701,-64.781,"Azuner",37.934,-87.192,"ʚneul_ɞ",4.186,-113.482,"卯月満開",-36.869,-92.905,0,0,0,0,0,"",0,0,0,0,0,0,0,0,0,0
99,6,1,1,2,1,0,0,0,0,0,255,255,255,46,4687.809,"Apple_Sherbet",R,32,127,1.038,-0.169,0.366,1.743,-36.301,2,0,250,-200,-68.708,0,0,1,1,9,L,"encounter v",190,95,0.447,3,58,4688.896,139,144,8,255,143,130,3.435,-41.054,0.53,0.075,-0.148,0.487,0,0,0,0.126,-36.825,"TaeGeuk_",-0.174,-17.528,"하루（Haru）",-20.627,-47.273,"장덕춘_",-12.622,-64.214,"bdg06213",24.395,-52.567,"Pugeuk",12.553,-64.627,"Azuner",39.011,-87.424,"ʚneul_ɞ",3.633,-116.151,"卯月満開",-36.84,-92.875,4690.007,25.144,-44.195,0,0,"",0,0,0,0,0,0,0,0,0,3
100,6,1,1,2,1,1,0,0,0,0,255,255,255,47,4713.123,"Apple_Sherbet",R,13,126,-0.949,0.127,0.292,1.727,-36.235,2,0,-390.434,312.348,81.149,0,0,1,1,9,L,"encounter v",190,95,0.447,3,58,4714.22,148,124,12,202,143,91,-34.93,9.258,-0.09,0.057,-0.19,0.4,0,0,0,0.017,-36.697,"TaeGeuk_",-0.367,-17.444,"하루（Haru）",-20.871,-47.952,"장덕춘_",-13.629,-64.475,"bdg06213",23.987,-51.061,"Pugeuk",15.584,-62.86,"Azuner",39.721,-88.509,"ʚneul_ɞ",4.771,-119.506,"卯月満開",-36.241,-90.37,4714.39,-0.475,-20.668,4721.34,7,"ʚneul_ɞ",-8.918,-100.399,1,0,0,0,0,0,0,2
101,6,1,1,2,0,0,0,1,0,0,0,255,255,48,4751.864,"Apple_Sherbet",R,26,140,-0.586,0.605,0.244,1.704,-36.369,2,0,4.992,-200,9.207,0,0,1,2,1,L,"눈꽃",190,94.886,0.496,3,58,4752.849,156,90,14,114,141,88,62.579,15.183,-0.46,-0.013,0.047,0.199,0,0,0,0.057,-36.892,"TaeGeuk_",-0.2,-17.226,"하루（Haru）",-20.146,-43.243,"장덕춘_",-10.29,-63.146,"bdg06213",23.529,-51.25,"Pugeuk",9.956,-63.601,"Azuner",40.512,-86.412,"ʚneul_ɞ",0.927,-116.537,"卯月満開",-36.908,-94.601,4759.04,-12.169,-60.658,4759.24,3,"장덕춘_",-11.922,-59.84,0,0,0,0,0,0,0,1
102,6,1,1,2,0,0,1,1,0,0,0,255,255,49,4793.855,"Apple_Sherbet",R,32,140,0.153,0.234,0.271,1.824,-36.394,2,0,211.358,-200,3.951,0,0,1,3,8,L,"Sabo_10",185.1,94,0.597,3,58,4794.93,145,100,24,143,142,129,57.5,-50.117,0.36,0.108,-0.158,0.21,0,0,0,0.065,-36.88,"TaeGeuk_",0.205,-17.511,"하루（Haru）",-20.224,-46.34,"장덕춘_",-13.942,-64.326,"bdg06213",24.553,-52.709,"Pugeuk",12.118,-63.139,"Azuner",39.383,-87.754,"ʚneul_ɞ",0.409,-114.445,"卯月満開",-36.994,-92.897,4801.874,90.697,-73.017,0,0,"",0,0,0,0,0,0,0,0,0,3
103,6,1,1,2,0,1,1,1,0,0,0,255,255,50,4822.69,"Apple_Sherbet",R,14,91,-0.224,0.587,0.015,2.07,-36.484,2,0,312.806,327.15,21.542,0,0,1,3,8,L,"Sabo_10",185.1,94,0.597,3,58,4823.892,144,125,59,139,144,130,113.852,49.231,0.55,0.019,-0.084,0.448,0,0,0,-0.049,-36.772,"TaeGeuk_",0.089,-17.216,"하루（Haru）",-18.29,-46.944,"장덕춘_",-13.321,-63.971,"bdg06213",23.924,-52.167,"Pugeuk",12.623,-63.573,"Azuner",39.572,-87.472,"ʚneul_ɞ",0.316,-111.128,"卯月満開",-35.441,-92.533,0,0,0,0,0,"",0,0,0,0,0,0,0,0,0,3
104,6,1,1,2,0,2,1,1,0,0,0,255,255,51,4847.345,"Apple_Sherbet",R,13,107,-1.023,-1.157,0.353,1.762,-36.387,2,0,-281.844,400,-5.684,0,0,1,3,8,L,"Sabo_10",185.1,94,0.597,3,58,4848.432,175,179,52,230,155,104,-30,-37.357,0.89,0.184,-0.259,0.439,0,0,0,0.018,-36.676,"TaeGeuk_",-0.052,-17.222,"하루（Haru）",-20.609,-46.843,"장덕춘_",-8.849,-63.135,"bdg06213",24.04,-52.195,"Pugeuk",13.465,-63.375,"Azuner",39.988,-88.064,"ʚneul_ɞ",3.876,-115.078,"卯月満開",-35.516,-92.304,4848.507,0.641,-22.121,4850.374,4,"bdg06213",20.956,-48.583,0,0,0,0,0,0,0,2
105,6,1,1,2,0,0,2,0,1,0,255,0,255,52,4884.179,"Apple_Sherbet",R,32,140,0.896,-0.567,0.37,1.672,-36.274,2,0,211.702,-200,52.724,0,0,1,4,2,R,"Slaris",190,92,0.451,3,58,4885.076,114,62,17,111,127,110,-22.5,-37.708,0.22,0.003,-0.066,0.141,0,0,0,0.268,-36.792,"TaeGeuk_",0.191,-17.061,"하루（Haru）",-20.943,-47.711,"장덕춘_",-13.74,-64.648,"bdg06213",23.743,-52.043,"Pugeuk",6.308,-63.648,"Azuner",38.159,-88.278,"ʚneul_ɞ",0.146,-115.076,"卯月満開",-38.264,-93.262,4885.273,1.375,-20.71,4886.94,4,"bdg06213",19.206,-49.386,0,0,0,0,0,0,0,2
106,6,0,1,2,0,0,0,0,0,0,255,255,255,52,4946.964,"アリアル",R,0,137,0.482,-0.083,0.06,1.374,-36.864,2,0,0,0,0,0,0,1,1,2,R,"하루（Haru）",190,107,0.55,3,43,4947.947,217,128,30,205,155,97,-3.146,17.129,-0.45,-0.085,-0.074,0.218,0,0,0,0.128,-37.372,"눈꽃",0.091,-16.943,"Slaris",-20.977,-48.878,"아침땅_",-14.269,-64.216,"_이누_",21.786,-52.145,"coder_",11.091,-66.003,"소솨소솨",30.007,-88.782,"ke ro",0.873,-107.993,"Sabo_10",-38.982,-84.096,4948.507,-2.797,-30.606,4950.257,3,"아침땅_",-12.106,-58.685,0,0,0,0,0,0,0,2
107,6,0,1,2,0,0,1,0,0,0,255,255,255,53,4974.377,"アリアル",R,0,140,1.733,-0.332,0.115,1.416,-36.973,2,0,0,0,0,0,0,1,2,4,R,"bdg06213",190,99.549,0.504,3,58,4975.515,178,150,41,181,155,96,24.694,4.297,-0.5,0.033,-0.092,0.166,0,0,0,0.042,-37.324,"눈꽃",0.1,-16.888,"Slaris",-20.022,-47.718,"아침땅_",-14.218,-64.285,"_이누_",21.928,-51.864,"coder_",10.15,-68.66,"소솨소솨",31.263,-83.18,"ke ro",-2.215,-103.238,"Sabo_10",-36.212,-81.134,4980.49,-15.039,-101.502,4980.64,7,"ke ro",-14.6,-99.626,0,0,0,0,0,0,0,1
108,6,0,1,2,0,0,2,0,0,0,255,255,255,54,5006.88,"アリアル",R,0,133,0.56,1.523,0.019,1.499,-36.905,1,0,0,0,0,0,0,0,3,1,R,"TaeGeuk_",177.3,89.367,0.415,0,58,0,0,0,0,0,0,0,0,0,0,0,0,0,0,0,0,0.055,-37.641,"눈꽃",0.091,-16.872,"Slaris",-19.638,-48.084,"아침땅_",-14.353,-64.101,"_이누_",21.18,-52.323,"coder_",11.346,-65.92,"소솨소솨",30.634,-87.148,"ke ro",-2.135,-103.764,"Sabo_10",-33.781,-77.659,0,0,0,0,0,"",0,0,0,0,0,0,0,0,0,0
109,6,0,1,2,1,0,2,0,0,0,255,255,255,55,5023.768,"アリアル",R,0,121,0.661,1.604,0.138,1.601,-36.703,2,0,0,0,0,0,0,1,3,1,R,"TaeGeuk_",177.3,89.367,0.415,3,58,5024.655,174,105,43,141,146,88,27.43,-38.226,-0.25,-0.033,0.099,0.276,0,0,0,0.03,-37.429,"눈꽃",0.078,-16.965,"Slaris",-19.288,-48.156,"아침땅_",-14.255,-64.272,"_이누_",21.189,-52.318,"coder_",12.076,-65.527,"소솨소솨",30.981,-87.343,"ke ro",-0.531,-99.647,"Sabo_10",-35.644,-77.98,5029.19,49.198,-75.095,5034.54,6,"소솨소솨",66.646,-90.883,1,0,0,0,0,0,0,2
110,6,0,1,2,0,0,2,0,1,0,255,10,255,56,5069.088,"アリアル",R,0,125,1.402,0.55,0.151,1.41,-36.754,0,0,0,0,0,0,0,0,4,3,R,"장덕춘_",169.5,94.815,0.549,0,58,0,0,0,0,0,0,0,0,0,0,0,0,0,0,0,0,0.009,-37.585,"눈꽃",0.094,-16.926,"Slaris",-20.17,-48.332,"아침땅_",-14.117,-64.134,"_이누_",20.113,-48.41,"coder_",9.157,-64.075,"소솨소솨",30.789,-83.82,"ke ro",0.034,-103.023,"Sabo_10",-35.822,-80.954,0,0,0,0,0,"",0,0,0,0,0,0,0,0,0,0
111,6,0,1,2,0,1,2,0,1,0,255,10,255,57,5093.111,"アリアル",R,3,118,-1.319,-0.232,0.068,1.314,-36.865,0,0,-500,0,8.293,0,0,0,4,3,R,"장덕춘_",169.5,94.815,0.549,0,58,0,0,0,0,0,0,0,0,0,0,0,0,0,0,0,0,-0.014,-37.738,"눈꽃",0.414,-17.828,"Slaris",-20.377,-48.467,"아침땅_",-13.953,-64.151,"_이누_",20.744,-48.623,"coder_",10.61,-63.352,"소솨소솨",32.273,-85.523,"ke ro",-0.31,-102.994,"Sabo_10",-34.562,-79.75,0,0,0,0,0,"",0,0,0,0,0,0,0,0,0,0
112,6,0,1,2,0,2,2,0,0,1,255,255,10,58,5117.858,"アリアル",R,0,124,-0.575,2.441,0.101,1.706,-36.678,2,0,0,0,0,0,0,1,4,3,R,"장덕춘_",169.5,94.815,0.549,3,58,5118.906,124,98,61,102,142,96,33.674,-17.106,0.07,-0.097,-0.046,0.265,0,0,0,0.156,-37.38,"눈꽃",0.062,-16.924,"Slaris",-20.079,-49.131,"아침땅_",-14.242,-64.218,"_이누_",20.725,-50.61,"coder_",12.856,-65.304,"소솨소솨",32.253,-85.498,"ke ro",-0.788,-99.565,"Sabo_10",-42.655,-86.089,5124.157,27.765,-92.629,5124.307,6,"소솨소솨",27.119,-91.036,0,0,0,0,0,0,0,1
113,7,1,1,2,0,0,0,0,0,0,255,255,255,53,5180.279,"Apple_Sherbet",R,14,93,-0.403,-0.83,0.071,1.766,-36.317,0,0,322.012,323.936,32.695,0,0,0,5,4,R,"_이누_",190,90.187,0.5,0,58,0,0,0,0,0,0,0,0,0,0,0,0,0,0,0,0,0.224,-37.266,"TaeGeuk_",0.007,-17.329,"하루（Haru）",-21.082,-47.055,"장덕춘_",-13.845,-64.382,"bdg06213",23.053,-53.179,"Pugeuk",6.162,-66.141,"Azuner",38.097,-87.747,"ʚneul_ɞ",0.522,-108.395,"卯月満開",-39.201,-91.727,0,0,0,0,0,"",0,0,0,0,0,0,0,0,0,0
114,7,1,1,2,0,1,0,0,0,0,255,255,255,54,5198.655,"Apple_Sherbet",R,13,101,-2.675,-1.421,0.187,1.61,-36.284,2,0,-302.975,375.657,19.411,0,0,1,5,4,R,"_이누_",190,90.187,0.5,3,58,5199.655,173,163,45,220,155,54,-26.327,2.476,0.89,-0.081,-0.151,0.35,0,0,0,-0.021,-36.771,"TaeGeuk_",-0.618,-17.333,"하루（Haru）",-20.844,-47.627,"장덕춘_",-13.803,-64.29,"bdg06213",22.975,-53.265,"Pugeuk",7.513,-65.97,"Azuner",38.236,-87.745,"ʚneul_ɞ",0.709,-109.911,"卯月満開",-39.214,-91.741,5199.79,-0.547,-20.995,5201.523,0,"Apple_Sherbet",-3.513,-34.748,0,0,0,0,0,0,0,2
115,7,1,1,2,0,0,1,0,0,0,255,255,255,55,5273.745,"Apple_Sherbet",R,32,140,-1.078,0.961,0.16,1.731,-36.235,2,0,250,-200,-80.101,0,0,1,6,3,L,"˗ˋˏ 카피 ˎˊ˗",167.3,87.669,0.554,3,58,5274.782,139,53,11,76,111,63,7.432,-33.659,-0.51,0.096,-0.093,0.08,0,0,0,0.051,-36.847,"TaeGeuk_",-0.242,-17.699,"하루（Haru）",-22.17,-48.726,"장덕춘_",-13.133,-63.638,"bdg06213",23.199,-51.311,"Pugeuk",12.516,-63.253,"Azuner",39.3,-87.983,"ʚneul_ɞ",0.063,-112.033,"卯月満開",-37.53,-88.402,5276.107,10.777,-35.757,5277.607,4,"bdg06213",17.055,-46.866,1,0,0,0,0,0,0,2
116,7,1,1,2,0,0,1,1,0,0,3,255,255,56,5308.831,"Apple_Sherbet",R,26,104,0.686,0.136,0.373,1.758,-36.362,0,0,63.992,-200,8.102,0,0,0,7,7,R,"ke ro",166.4,90,0.326,0,58,0,0,0,0,0,0,0,0,0,0,0,0,0,0,0,0,0.077,-36.904,"TaeGeuk_",0.126,-17.841,"하루（Haru）",-19.292,-41.956,"장덕춘_",-12.552,-63.832,"bdg06213",22.561,-51.897,"Pugeuk",4.185,-63.403,"Azuner",38.602,-89.741,"ʚneul_ɞ",-0.633,-118.901,"卯月満開",-40.501,-92.659,0,0,0,0,0,"",0,0,0,0,0,0,0,0,0,0
117,7,1,1,2,0,1,1,1,0,0,3,255,255,57,5326.073,"Apple_Sherbet",R,3,99,-1.924,-0.262,0.36,1.709,-36.41,4,0,-385.107,0,-11.516,0,0,1,7,7,R,"ke ro",166.4,90,0.326,0,58,0,0,0,0,0,0,0,0,0,0,0,0,0,0,0,0,0.072,-37.236,"TaeGeuk_",-0.72,-17.76,"하루（Haru）",-19.256,-42.98,"장덕춘_",-14.705,-63.6,"bdg06213",22.537,-51.886,"Pugeuk",3.696,-63.152,"Azuner",38.525,-89.837,"ʚneul_ɞ",0.2,-118.976,"卯月満開",-40.068,-92.157,0,0,0,0,0,"",0,0,0,0,0,0,0,0,0,0
118,7,1,1,2,0,2,1,1,0,0,3,255,255,58,5342.731,"Apple_Sherbet",R,26,140,0.9,1.269,0.342,1.774,-36.326,4,0,172.762,-200,27.226,0,0,1,7,7,R,"ke ro",166.4,90,0.326,0,58,0,0,0,0,0,0,0,0,0,0,0,0,0,0,0,0,0.467,-37.401,"TaeGeuk_",-0.052,-17.411,"하루（Haru）",-18.235,-46.353,"장덕춘_",-14.688,-63.552,"bdg06213",22.734,-50.529,"Pugeuk",5.491,-61.861,"Azuner",38.569,-89.945,"ʚneul_ɞ",-0.017,-117.395,"卯月満開",-40.08,-92.154,0,0,0,0,0,"",0,0,0,0,0,0,0,0,0,0
119,7,1,1,2,0,0,2,1,0,0,3,255,255,59,5370.531,"Apple_Sherbet",R,26,140,0.03,0.937,0.312,1.741,-36.264,2,0,-42.509,-200,36.667,0,0,1,8,6,R,"소솨소솨",175.2,95.565,0.5,2,58,5371.461,174,100,39,158,144,85,25.195,4.658,-0.51,-0.03,-0.151,0.308,0,0,0,0.18,-36.651,"TaeGeuk_",-0.401,-17.21,"하루（Haru）",-20.881,-47.31,"장덕춘_",-14.739,-63.534,"bdg06213",24.408,-52.909,"Pugeuk",8.504,-62.599,"Azuner",38.997,-90.019,"ʚneul_ɞ",0.576,-118.877,"卯月満開",-39.864,-92.312,5376.34,-14.256,-89.647,5377.857,8,"卯月満開",-16.761,-100.217,1,64,0,0,0,0,0,2
120,7,0,1,2,0,0,0,0,0,0,255,255,255,59,5480.86,"アリアル",R,0,127,1.277,1.068,0.145,1.453,-36.774,2,0,0,0,0,0,0,1,5,5,R,"Pugeuk",170.1,90.547,0.552,3,58,5481.874,115,81,25,137,138,116,15.529,-3.024,0.23,-0.002,-0.066,0.082,0,0,0,0.155,-37.378,"눈꽃",0.072,-16.991,"Slaris",-18.877,-48.7,"˗ˋˏ 카피 ˎˊ˗",-17.019,-62.797,"_이누_",21.123,-52.111,"coder_",12.29,-65.342,"소솨소솨",35.509,-85.958,"ke ro",-1.056,-105.453,"Sabo_10",-37.846,-82.873,0,0,0,5486.173,7,"ke ro",-2.24,-110.81,0,0,0,0,0,0,0,1
121,7,0,1,2,0,0,1,0,0,0,255,255,255,60,5508.962,"アリアル",R,0,136,-1.827,1.091,-0.075,1.396,-36.82,1,0,0,0,0,0,0,0,6,6,L,"Azuner",180.2,86,0.398,0,58,0,0,0,0,0,0,0,0,0,0,0,0,0,0,0,0,-0.078,-37.674,"눈꽃",-0.165,-16.96,"Slaris",-20.185,-48.195,"˗ˋˏ 카피 ˎˊ˗",-18.648,-61.454,"_이누_",23.222,-51.415,"coder_",14.199,-69.061,"소솨소솨",42.322,-81.882,"ke ro",4.222,-105.864,"Sabo_10",-36.431,-82.593,0,0,0,0,0,"",0,0,0,0,0,0,0,0,0,0
122,7,0,1,2,1,0,1,0,0,0,255,255,255,61,5520.872,"アリアル",R,0,126,-1.025,0.589,-0.057,1.546,-36.678,0,0,0,0,0,0,0,0,6,6,L,"Azuner",180.2,86,0.398,0,58,0,0,0,0,0,0,0,0,0,0,0,0,0,0,0,0,-0.033,-37.729,"눈꽃",-0.138,-16.978,"Slaris",-20.059,-48.819,"˗ˋˏ 카피 ˎˊ˗",-16.686,-62.878,"_이누_",23.187,-51.417,"coder_",12.295,-68.508,"소솨소솨",42.264,-81.904,"ke ro",4.679,-105.416,"Sabo_10",-35.234,-81.136,0,0,0,0,0,"",0,0,0,0,0,0,0,0,0,0
123,7,0,1,2,1,1,1,0,0,0,255,255,255,62,5534.378,"アリアル",R,0,127,-1.509,1.916,-0.102,1.579,-36.705,2,0,0,0,0,0,0,1,6,6,L,"Azuner",180.2,86,0.398,3,58,5535.547,133,126,56,131,143,128,9.726,28.698,0.6,-0.078,-0.007,0.284,0,0,0,-0.161,-37.148,"눈꽃",-0.198,-17.053,"Slaris",-19.511,-49.324,"˗ˋˏ 카피 ˎˊ˗",-16.616,-62.815,"_이누_",23.145,-51.393,"coder_",12.553,-67.803,"소솨소솨",42.339,-81.916,"ke ro",4.707,-105.432,"Sabo_10",-36.348,-81.673,0,0,0,5537.173,2,"Slaris",-20.118,-50.349,0,0,0,0,0,0,0,1
124,7,0,1,2,0,0,2,0,0,0,255,255,255,63,5563.814,"アリアル",R,0,134,0.799,1.825,-0.045,1.478,-36.81,1,0,0,0,0,0,0,0,7,8,R,"卯月満開",169.8,89.902,0.2,0,58,0,0,0,0,0,0,0,0,0,0,0,0,0,0,0,0,-0.097,-37.624,"눈꽃",0.068,-17.018,"Slaris",-19.895,-49.361,"˗ˋˏ 카피 ˎˊ˗",-15.619,-63.145,"_이누_",20.254,-51.55,"coder_",11.869,-63.987,"소솨소솨",33.332,-87.8,"ke ro",0.505,-106.792,"Sabo_10",-37.944,-84.33,0,0,0,0,0,"",0,0,0,0,0,0,0,0,0,0
125,7,0,1,2,1,0,2,0,0,0,255,255,255,64,5576.671,"アリアル",R,0,140,0.768,0.682,-0.011,1.457,-36.765,2,0,0,0,0,0,0,1,7,8,R,"卯月満開",169.8,89.902,0.2,2,58,5577.532,183,91,30,133,143,82,-16.881,-17.116,-0.51,-0.098,-0.072,0.062,0,0,0,0.088,-37.155,"눈꽃",0.094,-17.045,"Slaris",-19.54,-49.382,"˗ˋˏ 카피 ˎˊ˗",-15.599,-63.119,"_이누_",20.142,-51.419,"coder_",12.267,-64.357,"소솨소솨",34.338,-86.746,"ke ro",1.042,-104.458,"Sabo_10",-37.834,-84.171,5577.773,1.138,-22.729,5580.374,5,"coder_",15.271,-55.578,0,0,0,0,0,0,0,2
126,8,1,1,2,0,0,0,0,0,0,255,255,255,60,5636.137,"Apple_Sherbet",R,14,98,-0.079,-0.756,0.055,1.729,-36.381,2,0,321.871,345.651,21.612,0,0,1,0,5,R,"coder_",165,94.897,0.345,3,58,5637.351,142,71,33,77,139,96,-1.176,16.744,0.11,-0.031,-0.226,0.081,0,0,0,-0.074,-36.748,"TaeGeuk_",0.002,-17.344,"하루（Haru）",-21.207,-48.306,"장덕춘_",-13.244,-64.889,"bdg06213",23.275,-54.119,"Pugeuk",6.97,-65.298,"Azuner",37.668,-88.029,"ʚneul_ɞ",-0.187,-109.707,"卯月満開",-37.873,-91.65,5637.923,-3.668,-31.826,5639.673,3,"장덕춘_",-11.917,-60.332,0,0,0,0,0,0,0,2
127,8,1,1,2,0,0,1,0,0,0,255,255,255,61,5667.006,"Apple_Sherbet",R,32,140,3.408,-0.546,0.583,1.675,-36.425,1,0,250,-200,39.904,0,0,0,1,9,L,"encounter v",190,95,0.447,0,58,0,0,0,0,0,0,0,0,0,0,0,0,0,0,0,0,0.438,-37.658,"TaeGeuk_",0.782,-17.352,"하루（Haru）",-20.344,-45.473,"장덕춘_",-13.319,-64.442,"bdg06213",24.417,-52.057,"Pugeuk",12.019,-63.939,"Azuner",38.897,-88.159,"ʚneul_ɞ",2.242,-118.916,"卯月満開",-37.732,-95.541,0,0,0,0,0,"",0,0,0,0,0,0,0,0,0,0
128,8,1,1,2,1,0,1,0,0,0,255,255,255,62,5685.129,"Apple_Sherbet",R,13,126,-1.477,0.455,0.246,1.789,-36.347,2,0,-389.551,313.448,76.873,0,0,1,1,9,L,"encounter v",190,95,0.447,3,58,5686.258,178,120,46,192,154,95,-5.072,40.742,-0.47,0.02,-0.189,0.398,0,0,0,-0.007,-36.892,"TaeGeuk_",-0.157,-17.263,"하루（Haru）",-20.437,-46.997,"장덕춘_",-13.232,-64.453,"bdg06213",24.368,-52.105,"Pugeuk",11.718,-64.044,"Azuner",38.926,-88.196,"ʚneul_ɞ",1.862,-120.222,"卯月満開",-37.706,-95.514,5686.69,-5.479,-26.71,5687.99,2,"하루（Haru）",-18.801,-43.424,0,0,0,0,0,0,0,2
129,8,1,1,2,0,0,2,0,0,0,255,255,255,63,5719.466,"Apple_Sherbet",R,10,121,0.932,0.893,0.387,1.947,-36.437,2,0,0,400,20.568,0,0,1,2,1,L,"눈꽃",190,94.886,0.496,3,58,5720.492,93,109,34,81,136,120,19.324,-11.978,0.24,-0.035,0.102,0.047,0,0,0,0.053,-36.931,"TaeGeuk_",-0.219,-17.076,"하루（Haru）",-21.748,-48.698,"장덕춘_",-13.298,-64.845,"bdg06213",23.808,-52.329,"Pugeuk",10.464,-67.527,"Azuner",39.551,-86.878,"ʚneul_ɞ",1.326,-117.286,"卯月満開",-39.166,-102.088,5725.773,36.287,-116.611,5727.273,7,"ʚneul_ɞ",30.835,-112.599,1,0,0,0,0,0,0,2
130,8,1,1,2,0,0,2,1,0,0,1,255,255,64,5763.765,"Apple_Sherbet",R,26,135,-0.261,1.738,0.267,1.903,-36.396,2,1,29.021,-200,6.454,0,0,1,3,8,L,"Sabo_10",185.1,94,0.597,3,58,5764.824,154,164,44,255,147,129,103.757,37.791,0.34,0.086,-0.124,0.534,0,0,0,0.015,-36.789,"TaeGeuk_",-0.097,-17.159,"하루（Haru）",-20.7,-47.307,"장덕춘_",-10.773,-63.543,"bdg06213",24.589,-51.642,"Pugeuk",11.289,-64.097,"Azuner",38.991,-88.834,"ʚneul_ɞ",1.717,-123.82,"卯月満開",-37.505,-95.488,0,0,0,0,0,"",0,0,0,0,0,0,0,0,0,3
131,8,1,1,2,0,1,2,0,1,0,255,1,255,65,5947.373,"Apple_Sherbet",R,10,123,1.246,-1.652,0.437,1.669,-36.294,4,0,0,400,-5.832,0.203,-18.318,1,3,8,L,"Sabo_10",185.1,94,0.597,0,58,0,0,0,0,0,0,0,0,0,0,0,0,0,0,0,0,0.445,-37.404,"TaeGeuk_",0.021,-18.018,"하루（Haru）",-21.057,-47.101,"장덕춘_",-11.791,-63.105,"bdg06213",23.982,-50.964,"Pugeuk",11.596,-62.219,"Azuner",38.787,-87.259,"ʚneul_ɞ",6.992,-119.886,"卯月満開",-37.507,-91.79,0,0,0,0,0,"",0,0,0,0,0,0,0,0,0,0
132,8,1,1,2,0,2,2,0,1,0,255,1,255,66,5966.014,"Apple_Sherbet",R,14,99,2.992,-1.134,0.49,1.762,-36.468,4,0,341.681,325.376,7.68,0,0,1,3,8,L,"Sabo_10",185.1,94,0.597,0,58,0,0,0,0,0,0,0,0,0,0,0,0,0,0,0,0,0.488,-37.047,"TaeGeuk_",-0.506,-18.881,"하루（Haru）",-20.594,-45.808,"장덕춘_",-8.956,-62.486,"bdg06213",24.263,-50.365,"Pugeuk",13.979,-60.874,"Azuner",38.512,-87.386,"ʚneul_ɞ",5.267,-116.884,"卯月満開",-37.71,-93.764,0,0,0,0,0,"",0,0,0,0,0,0,0,0,0,0
133,8,0,1,2,0,0,0,0,0,0,255,255,255,65,6036.731,"アリアル",R,0,140,-0.423,-0.03,0.097,1.504,-36.877,2,0,0,0,0,0,0,1,8,7,L,"ʚneul_ɞ",175,97,0.526,2,71,6037.451,170,135,23,175,150,89,54.644,-49.953,-0.44,0.071,-0.091,0.567,0,0,0,-0.068,-37.29,"눈꽃",-0.106,-17.011,"Slaris",-20.681,-48.427,"˗ˋˏ 카피 ˎˊ˗",-14.6,-63.933,"_이누_",23.191,-51.814,"coder_",13.674,-64.871,"소솨소솨",41.193,-79.38,"ke ro",0.121,-104.962,"Sabo_10",-39.708,-83.741,6042.707,50.771,-61.472,6043.04,6,"소솨소솨",50.038,-60.89,0,0,0,0,0,0,0,1
134,8,0,1,2,1,0,1,0,0,0,255,255,255,1,6271.996,"Slaris",R,6,124,-0.929,0.256,-0.351,1.741,-36.438,2,0,462.519,0.978,26.313,0,0,1,0,0,R,"Apple_Sherbet",190,88.921,0.302,3,58,6272.915,193,145,47,179,155,97,29.328,35.906,-0.43,-0.064,-0.099,0.33,0,0,0,-0.198,-36.807,"눈꽃",-0.109,-17.006,"アリアル",-24.506,-50.731,"˗ˋˏ 카피 ˎˊ˗",-15.42,-63.931,"_이누_",20.142,-50.929,"coder_",12.189,-66.822,"소솨소솨",35.52,-89.343,"ke ro",-0.896,-109.037,"Sabo_10",-39.745,-82.959,6277.79,-60.687,-79.015,0,0,"",0,0,0,0,0,0,0,0,0,3
135,8,0,1,2,1,1,1,0,0,0,255,255,255,2,6296.505,"Slaris",R,10,119,-2.847,-1.789,-0.357,1.396,-36.307,2,0,-33.508,400,1.027,0,0,1,0,0,R,"Apple_Sherbet",190,88.921,0.302,3,58,6297.439,195,143,55,183,155,107,-30,30.259,0.92,-0.08,-0.15,0.266,0,0,0,-0.328,-36.74,"눈꽃",-0.472,-16.909,"アリアル",-23.502,-49.104,"˗ˋˏ 카피 ˎˊ˗",-17.002,-62.275,"_이누_",20.894,-50.73,"coder_",11.877,-65.66,"소솨소솨",34.668,-92.192,"ke ro",-0.403,-97.997,"Sabo_10",-43.293,-81.052,6297.557,-0.727,-20.407,6299.607,3,"˗ˋˏ 카피 ˎˊ˗",-20.599,-54.486,0,0,0,0,0,0,0,2
136,8,0,1,2,0,0,2,0,0,0,255,255,255,3,6330.437,"Slaris",R,27,140,-0.678,0.683,-0.121,1.795,-36.411,2,0,67.61,-134.221,11.227,0,0,1,1,2,L,"하루（Haru）",190,107,0.55,3,58,6331.412,184,109,35,133,147,93,59.097,-37.142,-0.3,0.072,-0.011,0,0,0,0,-0.347,-37.175,"눈꽃",-0.164,-16.96,"アリアル",-22.77,-49.191,"˗ˋˏ 카피 ˎˊ˗",-15.449,-63.32,"_이누_",23.5,-51.941,"coder_",14.72,-66.881,"소솨소솨",40.17,-78.435,"ke ro",0.543,-100.645,"Sabo_10",-42.28,-82.591,6337.39,40.839,-63.516,6337.724,4,"_이누_",40.393,-63.05,0,0,0,0,0,0,0,1
137,9,1,1,2,0,0,0,0,0,0,255,255,255,0,6502.256,"TaeGeuk_",R,0,140,-0.075,0.605,0.371,1.112,-36.446,0,0,0,0,0,0,0,0,4,2,R,"アリアル",190,95.386,0.5,0,58,0,0,0,0,0,0,0,0,0,0,0,0,0,0,0,0,0.072,-37.118,"Apple_Sherbet",-0.043,-17.011,"하루（Haru）",-20.552,-46.666,"장덕춘_",-13.879,-63.842,"bdg06213",22.597,-52.635,"Pugeuk",8.41,-64.404,"Azuner",37.016,-89.168,"ʚneul_ɞ",-0.988,-110.714,"卯月満開",-40.897,-93.949,0,0,0,0,0,"",0,0,0,0,0,0,0,0,0,0
138,9,1,1,2,0,1,0,0,0,0,255,255,255,1,6516.113,"TaeGeuk_",R,5,132,1.606,0.145,0.575,1.022,-36.594,2,0,-141.149,0,-6.605,0,0,1,4,2,R,"アリアル",190,95.386,0.5,3,58,6516.951,228,75,0,229,139,79,-15.113,-20.172,0.97,-0.1,0.016,0.137,0,0,0,0.431,-36.632,"Apple_Sherbet",-0.226,-17.209,"하루（Haru）",-20.817,-47.389,"장덕춘_",-13.845,-63.787,"bdg06213",22.166,-53.007,"Pugeuk",8.418,-64.578,"Azuner",37.159,-89.118,"ʚneul_ɞ",0.447,-114.067,"卯月満開",-40.876,-93.92,6517.324,1.432,-20.824,6517.624,1,"Apple_Sherbet",0.207,-17.575,0,0,0,0,0,0,0,3
139,9,1,1,2,0,2,0,0,0,0,255,255,255,2,6535.891,"TaeGeuk_",R,3,128,-2.62,-0.012,0.277,0.992,-36.401,4,0,-418.106,0,-1.943,0,0,1,4,2,R,"アリアル",190,95.386,0.5,0,36,0,0,0,0,0,0,0,0,0,0,0,0,0,0,0,0,-0.431,-37.324,"Apple_Sherbet",-0.509,-16.938,"하루（Haru）",-20.862,-46.265,"장덕춘_",-14.188,-64.422,"bdg06213",23.253,-51.299,"Pugeuk",8.612,-63.183,"Azuner",37.424,-88.697,"ʚneul_ɞ",0.458,-114.378,"卯月満開",-39.722,-93.666,0,0,0,0,0,"",0,0,0,0,0,0,0,0,0,0
140,9,1,1,2,0,0,1,0,0,0,255,255,255,3,6561.842,"TaeGeuk_",R,0,140,0.457,0,0.42,0.995,-36.472,2,0,0,0,0,0,0,1,5,4,R,"_이누_",190,90.187,0.5,3,58,6562.746,156,147,37,233,147,91,-2.35,23.154,-0.26,-0.127,-0.211,0.361,0,0,0,0.068,-36.565,"Apple_Sherbet",0.207,-17.122,"하루（Haru）",-20.573,-47.407,"장덕춘_",-13.839,-64.599,"bdg06213",22.927,-52.862,"Pugeuk",8.352,-65.68,"Azuner",37.587,-88.666,"ʚneul_ɞ",-0.208,-116.802,"卯月満開",-39.031,-92.605,6563.324,-4.923,-30.677,6565.84,-1,"집으로_",-19.447,-64.123,0,0,0,0,0,0,0,2
141,9,1,1,2,0,0,2,0,0,0,255,255,255,4,6591.607,"TaeGeuk_",R,3,124,-0.703,0.234,0.403,1.027,-36.487,0,0,-255.808,0,-2.46,0,0,0,6,3,L,"˗ˋˏ 카피 ˎˊ˗",167.3,87.669,0.554,0,58,0,0,0,0,0,0,0,0,0,0,0,0,0,0,0,0,0.008,-37.05,"Apple_Sherbet",-0.117,-17.105,"하루（Haru）",-20.431,-46.432,"장덕춘_",-13.439,-64.982,"bdg06213",20.726,-48.597,"Pugeuk",11.585,-63.709,"Azuner",36.74,-86.588,"ʚneul_ɞ",0.567,-117.109,"卯月満開",-35.085,-90.33,0,0,0,0,0,"",0,0,0,0,0,0,0,0,0,0
142,9,1,1,2,0,1,2,0,0,0,255,255,255,5,6619.042,"TaeGeuk_",R,32,140,0.262,0.768,0.353,1.116,-36.415,0,0,161.342,24.366,4.2,0,0,1,6,3,L,"˗ˋˏ 카피 ˎˊ˗",167.3,87.669,0.554,0,58,0,0,0,0,0,0,0,0,0,0,0,0,0,0,0,0,-0.016,-37.356,"Apple_Sherbet",-0.117,-17.07,"하루（Haru）",-19.652,-46.109,"장덕춘_",-13.436,-64.917,"bdg06213",21.134,-48.563,"Pugeuk",12.534,-62.814,"Azuner",36.837,-86.788,"ʚneul_ɞ",1.862,-109.338,"卯月満開",-35.097,-90.335,0,0,0,0,0,"",0,0,0,0,0,0,0,0,0,0
143,9,1,1,2,0,2,2,0,0,0,255,255,255,6,6638.356,"TaeGeuk_",R,3,128,-1.184,-0.848,0.413,0.948,-36.565,2,0,-425.552,0,-7.113,0,0,1,6,3,L,"˗ˋˏ 카피 ˎˊ˗",167.3,87.669,0.554,3,58,6639.419,109,123,76,122,141,73,38.069,-1.319,-0.33,0.192,-0.325,0.323,0,0,0,-0.071,-36.694,"Apple_Sherbet",-0.255,-17.142,"하루（Haru）",-20.68,-47.634,"장덕춘_",-13.319,-64.887,"bdg06213",22.324,-50.693,"Pugeuk",12.17,-63.475,"Azuner",38.064,-87.496,"ʚneul_ɞ",2.134,-118.464,"卯月満開",-35.062,-90.569,6644.224,1.756,-73.632,6644.324,5,"Pugeuk",1.672,-71.471,0,0,0,0,0,0,0,1
