id,inn,half,scoreA,scoreB,ball,strk,out,b1,b2,b3,b1Idx,b2Idx,b3Idx,pCnt,pSec,pName,pHand,pType,spdK,zoneX,zoneY,startX,startY,zDist,call,balk,sH,sV,gyro,plx,plz,bSwing,bIdx,bPos,bZone,bName,bHCm,batLen,batCen,batType,bFps,hSec,rotS,rotL,shS,lgS,prepS,impMv,batSpd,ev,ldeg,sdeg,hPos,hMoveX,hMoveY,stayCon,buntGrip,PPosX,PPosY,PThrSpd,CName,CPosX,CPosY,CThrSpd,1BName,1BPosX,1BPosY,1BThrSpd,2BName,2BPosX,2BPosY,2BThrSpd,3BName,3BPosX,3BPosY,3BThrSpd,SSName,SSPosX,SSPosY,SSThrSpd,LFName,LFPosX,LFPosY,LFThrSpd,CFName,CFPosX,CFPosY,CFThrSpd,RFName,RFPosX,RFPosY,RFThrSpd,ltSec,lx,lz,cSec,cPos,cPlr,cx,cz,1BSafe,tag,cpSec,sb2Sec,sb3Sec,sbhSec,ass,result
1,1,1,0,0,0,0,0,0,0,0,255,255,255,0,798.891,"Espressο",R,27,140,0.854,-0.565,0.281,1.443,-36.613,0,0,102.088,-144.346,-6.476,0,0,0,0,3,L,"ʚEveɞ",165.2,95.3,0.401,0,102,0,0,0,0,0,0,0,0,0,0,0,0,0,0,0,0,0.147,-37.51,0,"ゆっち一",-0.077,-17.202,0,"檸檬の残骸",-19.456,-46.393,0,"mochi_2929",-9.851,-59.719,0,"にゃんこ3K",22.876,-47.817,0,"559：広告",10.116,-59.748,0,"sano jpn",40.774,-83.205,0,"alcohol500",2.523,-106.283,0,"あくせる",-37.456,-90.539,0,0,0,0,0,0,"",0,0,0,0,0,0,0,0,0,0
2,1,1,0,0,0,1,0,0,0,0,255,255,255,1,816.84,"Espressο",R,10,109,0.246,0.153,0.181,1.945,-36.936,2,0,0,313.207,-15.95,0,0,1,0,3,L,"ʚEveɞ",165.2,95.3,0.401,3,102,817.967,233,16,148,53,29,147,150,126,-30,31.679,0.31,0.078,-0.063,0.183,0,-0.28,-37.383,0,"ゆっち一",0.03,-16.592,0,"檸檬の残骸",-19.624,-46.903,0,"mochi_2929",-9.937,-60.229,0,"にゃんこ3K",23.032,-47.894,0,"559：広告",10.099,-59.714,0,"sano jpn",44.08,-82.613,0,"alcohol500",2.554,-107.057,0,"あくせる",-37.394,-90.499,0,818.147,-0.86,-22.04,819.564,2,"檸檬の残骸",-15.937,-46.5,0,0,0,0,0,0,0,2
3,1,1,0,0,0,0,1,0,0,0,255,255,255,2,830.543,"Espressο",R,38,73,-19.93,-2.727,0.115,1.244,-37.737,1,0,10.564,13.075,-1.727,-1.12,-32.109,0,1,4,R,"Megu3568",175.3,86,0.404,0,100,0,0,0,0,0,0,0,0,0,0,0,0,0,0,0,0,-0.232,-37.857,0,"ゆっち一",-0.048,-16.354,0,"檸檬の残骸",-19.323,-46.243,0,"mochi_2929",-12.803,-59.429,0,"にゃんこ3K",22.012,-50.977,0,"559：広告",9.762,-59.941,0,"sano jpn",41.312,-84.392,0,"alcohol500",-1.288,-108.987,0,"あくせる",-44.71,-89.756,0,0,0,0,0,0,"",0,0,0,0,0,0,0,0,0,0
4,1,1,0,0,0,0,1,0,0,0,255,255,255,3,875.252,"Espressο",R,26,140,0.573,0.589,0.275,1.666,-36.532,0,0,27.96,-200,-5.863,0,0,0,1,4,R,"Megu3568",175.3,86,0.404,0,100,0,0,0,0,0,0,0,0,0,0,0,0,0,0,0,0,0.173,-37.624,0,"ゆっち一",-0.012,-16.383,0,"檸檬の残骸",-19.422,-46.317,0,"mochi_2929",-11.024,-59.372,0,"にゃんこ3K",22.092,-52.668,0,"559：広告",7.658,-64.419,0,"sano jpn",36.23,-88.556,0,"alcohol500",-0.092,-106.598,0,"あくせる",-44.404,-90.019,0,0,0,0,0,0,"",0,0,0,0,0,0,0,0,0,0
5,1,1,0,0,0,1,1,0,0,0,255,255,255,4,890.882,"Espressο",R,26,140,0.494,0.29,0.257,1.593,-36.469,2,0,42.924,-200,3.187,0,0,0,1,4,R,"Megu3568",175.3,86,0.404,3,100,891.876,183,19,86,48,14,111,140,93,-1.422,33.603,-0.26,0.008,0.03,0.245,0,-0.172,-37.27,0,"ゆっち一",0.02,-16.503,0,"檸檬の残骸",-19.616,-46.51,0,"mochi_2929",-11.069,-59.798,0,"にゃんこ3K",22.153,-52.458,0,"559：広告",7.719,-64.334,0,"sano jpn",36.276,-88.458,0,"alcohol500",0.367,-106.374,0,"あくせる",-44.381,-90.062,0,892.481,-6.916,-29.447,893.593,2,"檸檬の残骸",-17.439,-42.798,0,0,0,0,0,0,0,2
6,1,1,0,0,0,0,2,0,0,0,255,255,255,5,923.14,"Espressο",R,13,123,0.842,-0.272,0.495,1.676,-36.687,0,0,-382.717,321.758,-14.678,0,0,0,2,7,R,"Gonyong",174.6,80,0.2,0,98,0,0,0,0,0,0,0,0,0,0,0,0,0,0,0,0,0.126,-37.473,0,"ゆっち一",-0.019,-16.383,0,"檸檬の残骸",-19.383,-46.544,0,"mochi_2929",-12.388,-61.07,0,"にゃんこ3K",21.111,-52.083,0,"559：広告",7.033,-64.52,0,"sano jpn",34.796,-88.448,0,"alcohol500",-0.426,-104.953,0,"あくせる",-44.138,-88.176,0,0,0,0,0,0,"",0,0,0,0,0,0,0,0,0,0
7,1,1,0,0,0,1,2,0,0,0,255,255,255,6,940.261,"Espressο",R,26,140,0.7,0.928,0.289,1.76,-36.616,0,0,34.24,-164.329,-2.012,0,0,0,2,7,R,"Gonyong",174.6,80,0.2,0,98,0,0,0,0,0,0,0,0,0,0,0,0,0,0,0,0,0.303,-37.603,0,"ゆっち一",-0.006,-16.345,0,"檸檬の残骸",-19.627,-46.329,0,"mochi_2929",-12.166,-61.148,0,"にゃんこ3K",21.176,-52.045,0,"559：広告",6.639,-63.692,0,"sano jpn",37.336,-87.722,0,"alcohol500",-0.739,-105.178,0,"あくせる",-44.154,-88.082,0,0,0,0,0,0,"",0,0,0,0,0,0,0,0,0,0
8,1,1,0,0,0,2,2,0,0,0,255,255,255,7,956.981,"Espressο",R,13,126,-3.142,-0.497,-0.056,1.66,-36.69,2,0,-346.394,360.57,-4.636,0,0,1,2,7,R,"Gonyong",174.6,80,0.2,3,43,957.908,118,23,91,82,23,93,143,112,-30,48.124,0.92,0.012,-0.017,0.009,0,-0.235,-37.304,0,"ゆっち一",-0.533,-16.598,0,"檸檬の残骸",-19.926,-46.771,0,"mochi_2929",-12.073,-61.154,0,"にゃんこ3K",21.211,-52.107,0,"559：広告",6.616,-63.715,0,"sano jpn",30.981,-90.536,0,"alcohol500",-1.066,-105.625,0,"あくせる",-44.144,-88.123,0,958.047,-1.558,-18.828,0,0,"",0,0,0,0,0,0,0,0,0,3
9,1,1,0,0,0,2,2,0,0,0,255,255,255,8,976.517,"Espressο",R,26,140,1.509,1.291,0.366,1.834,-36.648,2,0,115.188,-200,-11.504,0,0,1,2,7,R,"Gonyong",174.6,80,0.2,3,97,977.391,108,11,61,20,1,75,89,64,93.401,-77.452,-0.23,0.042,0.001,0.029,0,-0.133,-37.26,0,"ゆっち一",0.156,-16.553,0,"檸檬の残骸",-19.678,-46.399,0,"mochi_2929",-13.568,-62.833,0,"にゃんこ3K",22.128,-51.976,0,"559：広告",6.101,-64.071,0,"sano jpn",37.681,-91.273,0,"alcohol500",-3.548,-105.246,0,"あくせる",-42.301,-90.217,0,0,0,0,982.743,1,"ゆっち一",-15.511,-14.27,0,0,0,0,0,0,0,1
10,1,0,0,0,0,0,0,0,0,0,255,255,255,0,1228.274,"HANA_ARASHI",R,26,127,1.399,0.529,0.171,1.719,-36.371,2,0,-0.524,-200,0,0,0,1,0,3,R,"mochi_2929",174,98.434,0.447,3,92,1229.34,155,14,95,95,34,99,150,92,37.293,-45.704,-0.46,0.06,-0.052,0.007,0,-0.106,-36.854,0,"Pring__",0.058,-17.053,0,"인생최패망자",-20.427,-45.667,0,"ʚEveɞ",-12.914,-64.693,0,"Megu3568",19.475,-47.118,0,"Yaksok~",12.285,-63.754,0,"IbikiKai_JP",40.723,-97.072,0,"Gonyong",0.241,-117.708,0,"SOM_candy",-39.705,-81.538,0,1234.201,62.343,-63.524,0,0,"",0,0,0,0,0,0,0,0,0,3
11,1,0,0,0,0,1,0,0,0,0,255,255,255,1,1255.022,"HANA_ARASHI",R,13,98,-1.632,-0.679,0.023,1.892,-36.401,2,0,-278.702,340.394,0,0,0,1,0,3,R,"mochi_2929",174,98.434,0.447,3,91,1256.201,177,21,116,94,57,195,150,128,-30,-48.998,0.27,-0.035,-0.089,0,0,-0.472,-36.98,0,"Pring__",-0.319,-17.126,0,"인생최패망자",-20.173,-45.745,0,"ʚEveɞ",-12.89,-65.044,0,"Megu3568",18.993,-45.689,0,"Yaksok~",12.067,-63.408,0,"IbikiKai_JP",49.335,-91.785,0,"Gonyong",0.553,-113.646,0,"SOM_candy",-39.147,-85.168,0,1256.368,1.175,-22.533,1295.36,-1,"gwant",-0.223,-37.927,0,0,0,0,0,0,0,3
12,1,0,0,0,0,2,0,0,0,0,255,255,255,2,1300.053,"HANA_ARASHI",R,26,136,0.894,0.077,0.108,1.645,-36.281,0,0,-85.522,-200,0,0,0,1,0,3,R,"mochi_2929",174,98.434,0.447,0,90,0,0,0,0,0,0,0,0,0,0,0,0,0,0,0,0,-0.387,-37.213,0,"Pring__",0.004,-16.894,0,"인생최패망자",-19.267,-43.728,0,"ʚEveɞ",-12.655,-65.013,0,"Megu3568",19.941,-47.268,0,"Yaksok~",12.928,-63.231,0,"IbikiKai_JP",48.492,-87.47,0,"Gonyong",0.505,-110.903,0,"SOM_candy",-38.491,-82.922,0,0,0,0,0,0,"",0,0,0,0,0,0,0,0,0,0
13,1,0,0,0,0,0,1,0,0,0,255,255,255,3,1328.271,"HANA_ARASHI",R,26,140,1.377,0.781,0.084,1.594,-36.319,2,0,-74.546,-200,0,0,0,1,1,6,R,"sano jpn",169.8,88.117,0.398,3,90,1329.279,131,14,124,86,39,112,150,117,-30,14.171,0.19,-0.028,0.008,0.091,0.095,-0.126,-36.589,0,"Pring__",0.071,-16.993,0,"인생최패망자",-19.986,-45.597,0,"ʚEveɞ",-12.582,-65.113,0,"Megu3568",19.745,-47.16,0,"Yaksok~",14.137,-64.262,0,"IbikiKai_JP",46.466,-89.44,0,"Gonyong",-2.666,-106.277,0,"SOM_candy",-39.021,-84.234,0,1329.418,-0.179,-20.81,1331.48,-1,"gwant",-10.999,-62.876,0,0,0,0,0,0,0,2
14,1,0,0,0,0,0,2,0,0,0,255,255,255,4,1356.733,"HANA_ARASHI",R,0,132,0.944,-0.332,0.088,1.626,-36.293,0,0,0,0,0,0,0,0,2,1,R,"ゆっち一",190,89.623,0.46,0,90,0,0,0,0,0,0,0,0,0,0,0,0,0,0,0,0,-0.401,-37.471,0,"Pring__",-0.011,-16.864,0,"인생최패망자",-21.512,-47.585,0,"ʚEveɞ",-12.884,-65.078,0,"Megu3568",20.34,-47.739,0,"Yaksok~",12.888,-63.744,0,"IbikiKai_JP",48.059,-97.843,0,"Gonyong",0.809,-115.234,0,"SOM_candy",-49.609,-95.147,0,0,0,0,0,0,"",0,0,0,0,0,0,0,0,0,0
15,1,0,0,0,0,1,2,0,0,0,255,255,255,5,1372.873,"HANA_ARASHI",R,13,116,-2.851,-0.903,-0.124,1.797,-36.275,1,0,-253.128,400,0,0,0,0,2,1,R,"ゆっち一",190,89.623,0.46,0,90,0,0,0,0,0,0,0,0,0,0,0,0,0,0,0,0,-0.3,-37.131,0,"Pring__",-0.546,-16.892,0,"인생최패망자",-21.754,-47.287,0,"ʚEveɞ",-12.862,-65.093,0,"Megu3568",20.325,-47.867,0,"Yaksok~",12.816,-63.632,0,"IbikiKai_JP",48.156,-97.238,0,"Gonyong",0.612,-115.206,0,"SOM_candy",-48.287,-95.833,0,0,0,0,0,0,"",0,0,0,0,0,0,0,0,0,0
16,1,0,0,0,1,1,2,0,0,0,255,255,255,6,1389.659,"HANA_ARASHI",R,13,98,-1.349,-1.459,-0.008,1.669,-36.304,4,0,-269.046,377.788,0,0,0,1,2,1,R,"ゆっち一",190,89.623,0.46,0,90,0,0,0,0,0,0,0,0,0,0,0,0,0,0,0,0,-0.282,-37.15,0,"Pring__",-0.063,-16.885,0,"인생최패망자",-21.083,-46.544,0,"ʚEveɞ",-12.774,-65.05,0,"Megu3568",20.193,-47.802,0,"Yaksok~",12.84,-63.668,0,"IbikiKai_JP",48.568,-97.038,0,"Gonyong",0.725,-117.62,0,"SOM_candy",-51.55,-97.581,0,0,0,0,0,0,"",0,0,0,0,0,0,0,0,0,0
17,1,0,0,0,1,2,2,0,0,0,255,255,255,7,1411.49,"HANA_ARASHI",R,26,140,-1.591,-2.153,-0.138,1.17,-36.496,1,0,-35.179,-194.037,0,0,0,0,2,1,R,"ゆっち一",190,89.623,0.46,0,90,0,0,0,0,0,0,0,0,0,0,0,0,0,0,0,0,-0.386,-37.4,0,"Pring__",-0.076,-16.872,0,"인생최패망자",-21.201,-46.835,0,"ʚEveɞ",-12.754,-65.099,0,"Megu3568",20.282,-47.871,0,"Yaksok~",12.831,-63.665,0,"IbikiKai_JP",48.995,-96.678,0,"Gonyong",0.684,-117.513,0,"SOM_candy",-50.167,-97.732,0,0,0,0,0,0,"",0,0,0,0,0,0,0,0,0,0
18,1,0,0,0,2,2,2,0,0,0,255,255,255,8,1426.27,"HANA_ARASHI",R,26,135,-0.057,2.03,-0.013,1.972,-36.437,4,0,26.085,-200,0,0,0,1,2,1,R,"ゆっち一",190,89.623,0.46,0,90,0,0,0,0,0,0,0,0,0,0,0,0,0,0,0,0,-0.414,-36.962,0,"Pring__",0.059,-17.083,0,"인생최패망자",-20.855,-44.863,0,"ʚEveɞ",-12.747,-65.112,0,"Megu3568",19.645,-47.344,0,"Yaksok~",12.87,-63.684,0,"IbikiKai_JP",49.032,-96.672,0,"Gonyong",0.679,-117.486,0,"SOM_candy",-50.238,-97.78,0,0,0,0,0,0,"",0,0,0,0,0,0,0,0,0,0
19,2,1,0,0,1,0,0,0,0,0,255,255,255,8,1504.623,"Espressο",R,26,140,-0.698,0.879,0.09,1.757,-36.633,2,0,51.414,-175.178,9.734,0,0,1,3,1,L,"Pring__",179.9,94.516,0.485,3,88,1505.349,166,21,135,85,38,138,150,103,26.714,-7.923,-0.02,0.003,-0.046,0.256,0,-0.278,-37.226,0,"ゆっち一",-0.176,-16.639,0,"檸檬の残骸",-20.361,-46.117,0,"mochi_2929",-10.406,-62.719,0,"にゃんこ3K",23.552,-49.505,0,"559：広告",11.345,-61.438,0,"sano jpn",43.192,-85.754,0,"alcohol500",3.078,-107.658,0,"あくせる",-34.771,-95.646,0,1510.58,9.645,-108.069,1511.635,-1,"gwant",9.593,-106.086,0,0,0,0,0,0,0,1
20,2,1,0,0,0,0,1,0,0,0,255,255,255,10,1574.177,"Espressο",R,26,140,1.296,1.215,0.364,1.872,-36.652,1,0,50.603,-200,-13.612,0,0,0,4,0,R,"HANA_ARASHI",190,86,0.27,0,49,0,0,0,0,0,0,0,0,0,0,0,0,0,0,0,0,0.188,-37.428,0,"ゆっち一",0.045,-16.488,0,"檸檬の残骸",-19.841,-46.998,0,"mochi_2929",-10.777,-61.668,0,"にゃんこ3K",22.047,-51.771,0,"559：広告",8.335,-64.87,0,"sano jpn",35.564,-87.843,0,"alcohol500",-0.8,-108.416,0,"あくせる",-44.302,-92.263,0,0,0,0,0,0,"",0,0,0,0,0,0,0,0,0,0
21,2,1,0,0,1,0,1,0,0,0,255,255,255,11,1590.388,"Espressο",R,27,140,0.585,0.111,0.273,1.583,-36.53,2,0,36.416,-124.225,-4.495,0,0,1,4,0,R,"HANA_ARASHI",190,86,0.27,3,49,1591.258,101,12,114,53,24,170,140,98,-3.311,32.942,-0.29,-0.012,-0.073,0.213,0,-0.125,-37.075,0,"ゆっち一",-0.003,-16.539,0,"檸檬の残骸",-20.225,-47.623,0,"mochi_2929",-10.659,-61.925,0,"にゃんこ3K",22.044,-51.693,0,"559：広告",8.001,-64.956,0,"sano jpn",34.903,-101.966,0,"alcohol500",-0.564,-108.702,0,"あくせる",-44.864,-92.949,0,1591.876,-7.078,-31.291,1594.88,-1,"gwant",-18.73,-41.642,0,0,0,0,0,0,0,2
22,2,1,0,0,0,0,2,0,0,0,255,255,255,12,1619.959,"Espressο",R,10,111,-0.356,0.254,0.17,2.059,-36.865,0,0,0,334.828,1.014,0,0,0,5,5,R,"Yaksok~",172.9,98.835,0.303,0,87,0,0,0,0,0,0,0,0,0,0,0,0,0,0,0,0,0.092,-37.485,0,"ゆっち一",-0.051,-16.497,0,"檸檬の残骸",-19.782,-46.9,0,"mochi_2929",-11.942,-63.067,0,"にゃんこ3K",21.684,-51.907,0,"559：広告",6.497,-64.238,0,"sano jpn",40.669,-94.083,0,"alcohol500",-1.262,-109.084,0,"あくせる",-44.503,-89.391,0,0,0,0,0,0,"",0,0,0,0,0,0,0,0,0,0
23,2,1,0,0,0,1,2,0,0,0,255,255,255,13,1637.493,"Espressο",R,26,140,2.068,-0.473,0.437,1.423,-36.582,2,0,133.569,-162.921,-1.401,0,0,1,5,5,R,"Yaksok~",172.9,98.835,0.303,3,87,1638.281,111,22,106,59,17,207,141,87,-25.12,-22.128,-0.42,-0.122,-0.047,0.169,0,-0.15,-37.115,0,"ゆっち一",0.231,-16.674,0,"檸檬の残骸",-19.637,-46.73,0,"mochi_2929",-11.925,-63.018,0,"にゃんこ3K",21.678,-51.772,0,"559：広告",6.628,-63.906,0,"sano jpn",39.824,-89.916,0,"alcohol500",-0.682,-106.914,0,"あくせる",-44.493,-89.404,0,1638.431,0.939,-20.407,1642.751,-1,"gwant",27.016,-81.583,1,0,0,0,0,0,0,2
24,2,1,0,0,0,0,2,1,0,0,5,255,255,14,1672.118,"Espressο",R,13,118,-0.42,-0.171,0.314,1.719,-36.647,0,0,-353.339,353.768,-0.868,0,0,0,6,2,R,"인생최패망자",190,80,0.401,0,86,0,0,0,0,0,0,0,0,0,0,0,0,0,0,0,0,0.281,-37.601,0,"ゆっち一",-0.046,-16.383,0,"檸檬の残骸",-20.093,-43.904,0,"mochi_2929",-10.329,-61.657,0,"にゃんこ3K",20.354,-49.884,0,"559：広告",6.816,-64.08,0,"sano jpn",33.405,-89.552,0,"alcohol500",-0.969,-103.643,0,"あくせる",-45.719,-91.154,0,0,0,0,0,0,"",0,0,0,0,0,0,0,0,0,0
25,2,1,0,0,0,1,2,1,0,0,5,255,255,15,1688.374,"Espressο",R,10,123,-2.096,0.093,-0.035,1.824,-36.716,2,0,-98.208,400,11.653,0,0,1,6,2,R,"인생최패망자",190,80,0.401,3,86,1689.391,233,15,115,66,62,136,150,116,-30,37.072,0.91,-0.091,-0.067,0.065,0,-0.433,-37.167,0,"ゆっち一",-0.167,-16.559,0,"檸檬の残骸",-19.363,-44.933,0,"mochi_2929",-10.325,-61.662,0,"にゃんこ3K",21.416,-50.68,0,"559：広告",9.267,-64.637,0,"sano jpn",33.246,-89.625,0,"alcohol500",-2.555,-103.908,0,"あくせる",-45.799,-91.379,0,1689.643,-1.723,-22.783,1697.447,-1,"gwant",-48.705,-94.876,1,0,0,0,0,0,0,2
26,2,1,0,0,0,0,2,0,1,1,255,2,5,16,1719.48,"Espressο",R,26,135,-0.626,0.924,0.11,1.758,-36.5,0,0,22.791,-161.862,-2.51,0,0,1,7,6,L,"IbikiKai_JP",174.5,90,0.5,0,41,0,0,0,0,0,0,0,0,0,0,0,0,0,0,0,0,0.181,-37.811,0,"ゆっち一",-0.074,-16.387,0,"檸檬の残骸",-19.876,-47.027,0,"mochi_2929",-9.324,-60.985,0,"にゃんこ3K",18.614,-42.014,0,"559：広告",10.964,-61.892,0,"sano jpn",39.129,-86.829,0,"alcohol500",3.649,-110.15,0,"あくせる",-38.753,-96.918,0,0,0,0,0,0,"",0,0,0,0,0,0,0,0,0,0
27,2,1,0,0,0,1,2,0,1,1,255,2,5,17,1734.714,"Espressο",R,10,110,-1.414,0.392,0.01,1.943,-36.688,0,0,0,400,4.594,0,0,1,7,6,L,"IbikiKai_JP",174.5,90,0.5,0,41,0,0,0,0,0,0,0,0,0,0,0,0,0,0,0,0,0.058,-37.334,0,"ゆっち一",-0.175,-16.479,0,"檸檬の残骸",-20.207,-47.334,0,"mochi_2929",-8.266,-62.566,0,"にゃんこ3K",18.804,-42.704,0,"559：広告",12.393,-60.623,0,"sano jpn",43.459,-91.36,0,"alcohol500",3.155,-109.067,0,"あくせる",-38.689,-96.927,0,0,0,0,0,0,"",0,0,0,0,0,0,0,0,0,0
28,2,1,0,0,0,2,2,0,1,1,255,2,5,18,1750.159,"Espressο",R,26,140,-2.156,0.215,-0.106,1.593,-36.446,4,0,28.849,-153.435,3.531,-0.781,-17.225,1,7,6,L,"IbikiKai_JP",174.5,90,0.5,0,41,0,0,0,0,0,0,0,0,0,0,0,0,0,0,0,0,0.048,-37.499,0,"ゆっち一",-0.549,-16.971,0,"檸檬の残骸",-20.358,-47.818,0,"mochi_2929",-8.974,-61.301,0,"にゃんこ3K",18.342,-43.446,0,"559：広告",11.422,-61.016,0,"sano jpn",42.597,-90.321,0,"alcohol500",4.226,-110.967,0,"あくせる",-39.56,-96.722,0,0,0,0,0,0,"",0,0,0,32,0,0,0,0,0,0
29,2,0,0,0,0,0,0,0,0,0,255,255,255,9,2044.139,"HANA_ARASHI",R,26,127,2.205,1.441,0.199,1.883,-36.49,1,0,21.392,-200,0,0,0,0,3,4,R,"にゃんこ3K",190,90.222,0.6,0,83,0,0,0,0,0,0,0,0,0,0,0,0,0,0,0,0,-0.114,-37.115,0,"Pring__",0.053,-16.914,0,"인생최패망자",-21.461,-46.492,0,"ʚEveɞ",-13.114,-64.726,0,"Megu3568",19.55,-47.93,0,"Yaksok~",12.865,-63.563,0,"IbikiKai_JP",43.287,-92.678,0,"Gonyong",-3.562,-114.832,0,"SOM_candy",-38.784,-86.523,0,0,0,0,0,0,"",0,0,0,0,0,0,0,0,0,0
30,2,0,0,0,1,0,0,0,0,0,255,255,255,10,2058.191,"HANA_ARASHI",R,0,140,0.392,-0.947,0.037,1.481,-36.296,0,0,0,0,0,0,0,0,3,4,R,"にゃんこ3K",190,90.222,0.6,0,83,0,0,0,0,0,0,0,0,0,0,0,0,0,0,0,0,-0.277,-37.621,0,"Pring__",0.023,-16.928,0,"인생최패망자",-20.821,-45.602,0,"ʚEveɞ",-13.119,-64.713,0,"Megu3568",19.482,-47.973,0,"Yaksok~",12.73,-63.504,0,"IbikiKai_JP",43.278,-92.689,0,"Gonyong",-3.561,-114.902,0,"SOM_candy",-38.897,-87.445,0,0,0,0,0,0,"",0,0,0,0,0,0,0,0,0,0
31,2,0,0,0,1,1,0,0,0,0,255,255,255,11,2075.283,"HANA_ARASHI",R,0,129,1.582,1.308,0.147,1.915,-36.485,1,0,0,0,0,0,0,0,3,4,R,"にゃんこ3K",190,90.222,0.6,0,83,0,0,0,0,0,0,0,0,0,0,0,0,0,0,0,0,-0.361,-37.478,0,"Pring__",0.049,-16.916,0,"인생최패망자",-20.839,-45.961,0,"ʚEveɞ",-13.082,-64.711,0,"Megu3568",19.466,-47.952,0,"Yaksok~",12.729,-63.502,0,"IbikiKai_JP",42.915,-93.021,0,"Gonyong",-3.682,-114.929,0,"SOM_candy",-40.967,-85.12,0,0,0,0,0,0,"",0,0,0,0,0,0,0,0,0,0
32,2,0,0,0,2,1,0,0,0,0,255,255,255,12,2091.432,"HANA_ARASHI",R,13,114,-0.67,-0.484,0.061,1.692,-36.263,2,0,-355.27,351.829,0,0,0,1,3,4,R,"にゃんこ3K",190,90.222,0.6,3,83,2092.585,165,20,126,67,32,135,150,100,-15.173,36.846,0.96,-0.009,-0.035,0.068,0,-0.297,-37.03,0,"Pring__",-0.005,-16.993,0,"인생최패망자",-21.152,-46.323,0,"ʚEveɞ",-13.06,-64.694,0,"Megu3568",19.468,-47.933,0,"Yaksok~",12.418,-63.727,0,"IbikiKai_JP",42.913,-93.012,0,"Gonyong",-3.632,-114.964,0,"SOM_candy",-40.806,-84.92,0,2092.864,-2.109,-22.882,2096.222,-1,"gwant",-40.401,-73.305,0,0,0,0,0,0,0,2
33,2,0,0,0,0,0,1,0,0,0,255,255,255,13,2128.025,"HANA_ARASHI",R,0,134,0.903,-2.09,0.084,1.319,-36.286,1,0,0,0,0,0.117,-17.573,0,4,8,R,"あくせる",175.3,89.575,0.684,0,82,0,0,0,0,0,0,0,0,0,0,0,0,0,0,0,0,-0.542,-37.575,0,"Pring__",0.016,-16.935,0,"인생최패망자",-20.386,-45.76,0,"ʚEveɞ",-13.271,-64.799,0,"Megu3568",18.929,-46.983,0,"Yaksok~",12.907,-62.51,0,"IbikiKai_JP",41.074,-91.92,0,"Gonyong",-7.231,-105.504,0,"SOM_candy",-38.276,-84.111,0,0,0,0,0,0,"",0,0,0,0,0,0,0,0,0,0
34,2,0,0,0,1,0,1,0,0,0,255,255,255,14,2143.211,"HANA_ARASHI",R,0,131,1.57,0.551,0.146,1.753,-36.33,2,0,0,0,0,0,0,1,4,8,R,"あくせる",175.3,89.575,0.684,3,82,2144.219,138,15,125,53,32,144,150,108,25.587,-0.809,0.1,-0.012,-0.055,0.183,0,0.067,-36.772,0,"Pring__",0.012,-16.941,0,"인생최패망자",-20.504,-45.888,0,"ʚEveɞ",-13.207,-64.783,0,"Megu3568",18.869,-46.94,0,"Yaksok~",13.532,-63.932,0,"IbikiKai_JP",38.195,-88.335,0,"Gonyong",-7.298,-105.376,0,"SOM_candy",-37.242,-82.021,0,2149.193,-16.828,-109.76,2149.66,-1,"gwant",-14.828,-107.453,0,0,0,0,0,0,0,1
35,2,0,0,0,0,0,2,0,0,0,255,255,255,15,2176.898,"HANA_ARASHI",R,14,99,3.235,-2.229,0.276,1.511,-36.268,1,0,318.153,353.603,0,0.812,-17.645,0,5,5,L,"559：広告",170.4,83.967,0.437,0,82,0,0,0,0,0,0,0,0,0,0,0,0,0,0,0,0,-0.255,-37.417,0,"Pring__",0.519,-17.358,0,"인생최패망자",-17.682,-46.892,0,"ʚEveɞ",-12.514,-64.881,0,"Megu3568",16.196,-43.613,0,"Yaksok~",14.436,-63.306,0,"IbikiKai_JP",44.916,-89.584,0,"Gonyong",3.64,-119.181,0,"SOM_candy",-35.103,-81.265,0,0,0,0,0,0,"",0,0,0,0,0,0,0,0,0,0
36,2,0,0,0,1,0,2,0,0,0,255,255,255,16,2195.559,"HANA_ARASHI",R,0,140,-1.657,-0.744,-0.154,1.554,-36.266,1,0,0,0,0,0,0,0,5,5,L,"559：広告",170.4,83.967,0.437,0,82,0,0,0,0,0,0,0,0,0,0,0,0,0,0,0,0,-0.061,-37.129,0,"Pring__",-0.104,-16.753,0,"인생최패망자",-17.711,-46.913,0,"ʚEveɞ",-12.486,-64.911,0,"Megu3568",16.65,-42.911,0,"Yaksok~",14.416,-63.284,0,"IbikiKai_JP",43.912,-86.567,0,"Gonyong",2.959,-118.77,0,"SOM_candy",-35.686,-84.763,0,0,0,0,0,0,"",0,0,0,0,0,0,0,0,0,0
37,2,0,0,0,2,0,2,0,0,0,255,255,255,17,2209.638,"HANA_ARASHI",R,0,135,1.11,0.927,0.103,1.814,-36.331,0,0,0,0,0,0,0,0,5,5,L,"559：広告",170.4,83.967,0.437,0,82,0,0,0,0,0,0,0,0,0,0,0,0,0,0,0,0,-0.359,-37.129,0,"Pring__",0.075,-16.802,0,"인생최패망자",-17.379,-46.614,0,"ʚEveɞ",-12.505,-64.933,0,"Megu3568",16.576,-43.096,0,"Yaksok~",13.929,-63.936,0,"IbikiKai_JP",43.908,-86.567,0,"Gonyong",6.978,-119.372,0,"SOM_candy",-35.822,-84.779,0,0,0,0,0,0,"",0,0,0,0,0,0,0,0,0,0
38,2,0,0,0,2,1,2,0,0,0,255,255,255,18,2229.61,"HANA_ARASHI",R,10,92,-0.091,-0.448,-0.013,2.021,-36.629,0,0,0,400,0,0,0,1,5,5,L,"559：広告",170.4,83.967,0.437,0,82,0,0,0,0,0,0,0,0,0,0,0,0,0,0,0,0,-0.266,-37.091,0,"Pring__",0.229,-16.755,0,"인생최패망자",-17.333,-44.935,0,"ʚEveɞ",-11.776,-65.197,0,"Megu3568",16.55,-43.058,0,"Yaksok~",13.916,-63.932,0,"IbikiKai_JP",43.852,-86.589,0,"Gonyong",7.008,-119.335,0,"SOM_candy",-35.665,-84.591,0,0,0,0,0,0,"",0,0,0,0,0,0,0,0,0,0
39,2,0,0,0,2,2,2,0,0,0,255,255,255,19,2248.688,"HANA_ARASHI",R,26,140,-1.926,-2.246,-0.131,1.587,-36.298,2,0,-60.793,-200,0,0,0,1,5,5,L,"559：広告",170.4,83.967,0.437,3,82,2249.711,208,3,73,12,22,102,123,76,-27.851,2.342,-0.49,0.065,-0.091,0.174,0,-0.437,-36.813,0,"Pring__",-0.039,-17.166,0,"인생최패망자",-17.189,-47.256,0,"ʚEveɞ",-11.83,-65.206,0,"Megu3568",16.495,-42.916,0,"Yaksok~",13.921,-63.933,0,"IbikiKai_JP",43.897,-86.583,0,"Gonyong",7.657,-119.246,0,"SOM_candy",-35.706,-84.93,0,2249.959,-0.368,-20.949,2251.372,-1,"gwant",-1.157,-34.468,0,0,0,0,0,0,0,2
40,3,1,0,0,0,0,0,0,0,0,255,255,255,19,2299.405,"Espressο",R,0,0,0,0,0,0,0,0,0,0,0,0,0,0,0,7,6,L,"IbikiKai_JP",174.5,90,0.5,0,81,0,0,0,0,0,0,0,0,0,0,0,0,0,0,0,0,0,0,0,"",0,0,0,"",0,0,0,"",0,0,0,"",0,0,0,"",0,0,0,"",0,0,0,"",0,0,0,"",0,0,0,0,0,0,0,0,"",0,0,0,0,0,0,0,0,0,0
41,3,1,0,0,0,0,0,0,0,0,255,255,255,20,2314.038,"Espressο",R,26,140,-0.829,0.821,0.088,1.72,-36.583,2,0,8.459,-198.93,6.078,0,0,1,7,6,L,"IbikiKai_JP",174.5,90,0.5,3,81,2315.091,152,11,96,55,33,119,141,90,32.518,-16.193,-0.45,-0.017,-0.036,0.13,0,-0.134,-37.277,0,"ゆっち一",-0.096,-16.757,0,"檸檬の残骸",-19.923,-46.123,0,"mochi_2929",-10.095,-59.886,0,"にゃんこ3K",22.77,-49.687,0,"559：広告",10.804,-62.484,0,"sano jpn",52.066,-83.117,0,"alcohol500",5.013,-105.963,0,"あくせる",-38.549,-95.645,0,2319.997,26.705,-86.929,2321.801,-1,"gwant",32.495,-92.176,1,0,0,0,0,0,0,2
42,3,1,0,0,0,0,0,1,0,0,6,255,255,21,2451.915,"Espressο",R,27,140,-1.348,0.039,0.003,1.565,-36.471,0,0,42.238,-117.284,3.878,0,0,1,8,8,L,"SOM_candy",179.8,85.364,0.503,0,52,0,0,0,0,0,0,0,0,0,0,0,0,0,0,0,0,0.09,-37.674,0,"ゆっち一",-0.07,-16.428,0,"檸檬の残骸",-19.072,-43.375,0,"mochi_2929",-6.617,-61.287,0,"にゃんこ3K",19.895,-45.035,0,"559：広告",11.745,-63.073,0,"sano jpn",40.402,-84.74,0,"alcohol500",4.546,-107.044,0,"あくせる",-34.573,-96.539,0,0,0,0,0,0,"",0,0,0,0,0,0,0,0,0,0
43,3,1,0,0,0,1,0,1,0,0,6,255,255,22,2465.783,"Espressο",R,13,112,-2.861,-0.281,0.029,1.729,-36.687,2,0,-372.908,333.076,-6.683,0,0,1,8,8,L,"SOM_candy",179.8,85.364,0.503,3,52,2466.918,197,10,162,74,41,255,150,94,2.391,24.06,-0.44,0.01,0.059,0.053,0,-0.346,-37.008,0,"ゆっち一",-0.154,-16.384,0,"檸檬の残骸",-19.754,-43.855,0,"mochi_2929",-7.454,-59.044,0,"にゃんこ3K",19.712,-44.724,0,"559：広告",11.735,-63.129,0,"sano jpn",40.409,-84.744,0,"alcohol500",4.68,-106.9,0,"あくせる",-34.556,-96.604,0,2467.735,-7.949,-35.969,2470.947,-1,"gwant",-31.119,-85.656,1,0,0,0,0,0,0,2
44,3,1,0,0,0,0,0,1,1,0,8,6,255,23,2506.714,"Espressο",R,26,140,-0.885,0.425,0.073,1.615,-36.525,2,0,25.702,-194.004,1.834,0,0,1,0,3,L,"ʚEveɞ",165.2,95.3,0.401,3,80,2507.746,149,14,102,34,10,198,140,85,-36.705,-10.192,-0.45,0.087,-0.057,0.275,0,-0.219,-37.213,0,"ゆっち一",-0.114,-16.543,0,"檸檬の残骸",-19.724,-45.15,0,"mochi_2929",-8.4,-58.302,0,"にゃんこ3K",19.896,-43.435,0,"559：広告",10.504,-61.777,0,"sano jpn",41.346,-82.512,0,"alcohol500",6.669,-108.081,0,"あくせる",-33.34,-96.095,0,2507.989,0.03,-20.538,2510.834,-1,"gwant",7.285,-56.342,1,0,0,0,0,0,0,2
45,3,1,0,0,0,0,1,0,1,1,255,255,8,24,2652.052,"Espressο",R,27,140,0.548,0.696,0.26,1.718,-36.484,2,1,53.677,-135.555,-1.847,0,0,1,1,4,R,"Megu3568",175.3,86,0.404,3,79,2653.166,255,11,83,48,18,112,140,128,-15.156,17.043,0.37,0.007,0.04,0.244,0,-0.272,-37.279,0,"ゆっち一",-0.06,-16.602,0,"檸檬の残骸",-19.86,-45.882,0,"mochi_2929",-9.711,-59.58,0,"にゃんこ3K",18.743,-42.588,0,"559：広告",3.036,-63.311,0,"sano jpn",28.717,-81.104,0,"alcohol500",-0.292,-105.285,0,"あくせる",-44.776,-92.04,0,2653.385,-1.15,-22.689,2655.122,-1,"gwant",-11.653,-57.83,0,0,0,0,0,0,0,2
46,3,1,2,0,0,0,2,0,0,0,255,255,255,25,2999.245,"Espressο",R,26,140,1.078,1.262,0.337,1.828,-36.634,1,0,44.7,-198.067,0.852,0,0,0,2,7,R,"Gonyong",174.6,80,0.2,0,45,0,0,0,0,0,0,0,0,0,0,0,0,0,0,0,0,0.216,-37.649,0,"ゆっち一",-0.018,-16.472,0,"檸檬の残骸",-19.626,-45.154,0,"mochi_2929",-10.543,-59.894,0,"にゃんこ3K",22.244,-50.849,0,"559：広告",7.19,-65.466,0,"sano jpn",36.295,-86.693,0,"alcohol500",-1.555,-105.572,0,"あくせる",-45.83,-92.342,0,0,0,0,0,0,"",0,0,0,0,0,0,0,0,0,0
47,3,1,2,0,1,0,2,0,0,0,255,255,255,26,3009.102,"Espressο",R,26,140,2.131,1.531,0.461,1.892,-36.69,1,0,98.415,-200,-28.846,0,0,0,2,7,R,"Gonyong",174.6,80,0.2,0,45,0,0,0,0,0,0,0,0,0,0,0,0,0,0,0,0,0.028,-37.378,0,"ゆっち一",-0.038,-16.478,0,"檸檬の残骸",-19.953,-45.88,0,"mochi_2929",-11.291,-59.488,0,"にゃんこ3K",21.449,-50.737,0,"559：広告",7.189,-65.476,0,"sano jpn",33.007,-87.222,0,"alcohol500",-0.926,-105.413,0,"あくせる",-45.787,-92.371,0,0,0,0,0,0,"",0,0,0,0,0,0,0,0,0,0
48,3,1,2,0,2,0,2,0,0,0,255,255,255,27,3018.628,"Espressο",R,26,140,1.324,0.867,0.361,1.735,-36.549,0,0,69.798,-192.269,-5.346,0,0,1,2,7,R,"Gonyong",174.6,80,0.2,0,45,0,0,0,0,0,0,0,0,0,0,0,0,0,0,0,0,0.268,-37.441,0,"ゆっち一",0.002,-16.429,0,"檸檬の残骸",-20.093,-46.222,0,"mochi_2929",-11.302,-59.489,0,"にゃんこ3K",21.438,-50.684,0,"559：広告",7.208,-65.556,0,"sano jpn",33.847,-87.611,0,"alcohol500",-1.15,-107.333,0,"あくせる",-45.822,-92.229,0,0,0,0,0,0,"",0,0,0,0,0,0,0,0,0,0
49,3,1,2,0,2,1,2,0,0,0,255,255,255,28,3029.257,"Espressο",R,26,140,-0.053,0.278,0.153,1.589,-36.45,2,0,108.416,-200,6.243,0,0,1,2,7,R,"Gonyong",174.6,80,0.2,3,45,3030.095,70,21,96,68,26,120,120,115,111.555,-55.555,0.6,-0.051,-0.009,0.053,0.048,-0.546,-37.026,0,"ゆっち一",-0.119,-16.628,0,"檸檬の残骸",-19.74,-45.935,0,"mochi_2929",-10.734,-61.067,0,"にゃんこ3K",21.409,-50.681,0,"559：広告",7.179,-65.528,0,"sano jpn",34.374,-88.182,0,"alcohol500",-0.974,-107.489,0,"あくせる",-45.907,-92.466,0,0,0,0,0,0,"",0,0,0,0,0,0,0,0,0,3
50,3,1,2,0,2,2,2,0,0,0,255,255,255,29,3041.021,"Espressο",R,26,140,1.093,2.682,0.297,2.003,-36.721,1,0,38.979,-152.511,-7.305,0.507,-16.954,0,2,7,R,"Gonyong",174.6,80,0.2,0,45,0,0,0,0,0,0,0,0,0,0,0,0,0,0,0,0,0.161,-37.498,0,"ゆっち一",-0.119,-16.489,0,"檸檬の残骸",-20.034,-46.222,0,"mochi_2929",-11.472,-60.831,0,"にゃんこ3K",21.772,-50.527,0,"559：広告",5.848,-66.347,0,"sano jpn",36.555,-89.336,0,"alcohol500",-1.115,-108.016,0,"あくせる",-44.461,-93.219,0,0,0,0,0,0,"",0,0,0,0,0,0,0,0,0,0
51,3,1,2,0,3,2,2,0,0,0,255,255,255,30,3053.836,"Espressο",R,26,140,1.17,0.908,0.349,1.795,-36.598,4,0,46.967,-178.95,-1.722,0.192,-20.66,1,2,7,R,"Gonyong",174.6,80,0.2,0,45,0,0,0,0,0,0,0,0,0,0,0,0,0,0,0,0,0.366,-37.597,0,"ゆっち一",0.069,-17.834,0,"檸檬の残骸",-19.952,-46.154,0,"mochi_2929",-11.116,-60.809,0,"にゃんこ3K",21.645,-50.631,0,"559：広告",5.696,-66.089,0,"sano jpn",36.524,-89.369,0,"alcohol500",-0.931,-107.388,0,"あくせる",-44.489,-93.257,0,0,0,0,0,0,"",0,0,0,0,0,0,0,0,0,0
52,3,0,2,0,0,0,0,0,0,0,255,255,255,20,3120.443,"HANA_ARASHI",R,26,133,-0.021,1.687,-0.008,1.864,-36.44,1,0,21.289,-189.943,0,0,0,0,6,7,L,"alcohol500",168.1,88.08,0.349,0,78,0,0,0,0,0,0,0,0,0,0,0,0,0,0,0,0,-0.273,-37.202,0,"Pring__",-0.003,-16.881,0,"인생최패망자",-18.63,-48.545,0,"ʚEveɞ",-13.198,-64.934,0,"Megu3568",18.286,-45.934,0,"Yaksok~",12.799,-62.841,0,"IbikiKai_JP",41.675,-82.572,0,"Gonyong",8.861,-104.212,0,"SOM_candy",-38.118,-83.262,0,0,0,0,0,0,"",0,0,0,0,0,0,0,0,0,0
53,3,0,2,0,1,0,0,0,0,0,255,255,255,21,3136.06,"HANA_ARASHI",R,0,132,0.564,-0.964,-0.066,1.772,-36.342,2,0,0,0,0,0,0,1,6,7,L,"alcohol500",168.1,88.08,0.349,3,78,3137.153,147,7,90,33,13,107,139,85,43.418,25.459,-0.5,-0.007,-0.017,0.156,0,-0.266,-36.837,0,"Pring__",-0.027,-16.835,0,"인생최패망자",-18.614,-48.471,0,"ʚEveɞ",-11.79,-65.212,0,"Megu3568",18.336,-45.858,0,"Yaksok~",12.557,-62.972,0,"IbikiKai_JP",41.676,-82.596,0,"Gonyong",8.497,-104.958,0,"SOM_candy",-34.134,-87.898,0,3142.447,-28.834,-74.598,3143.151,-1,"gwant",-28.649,-73.721,0,0,0,0,0,0,0,1
54,3,0,2,0,0,0,1,0,0,0,255,255,255,22,3175.473,"HANA_ARASHI",R,0,0,0,0,0,0,0,0,0,0,0,0,0,0,0,7,9,L,"CAT tourniquet",190,80,0.601,0,46,0,0,0,0,0,0,0,0,0,0,0,0,0,0,0,0,0,0,0,"",0,0,0,"",0,0,0,"",0,0,0,"",0,0,0,"",0,0,0,"",0,0,0,"",0,0,0,"",0,0,0,0,0,0,0,0,"",0,0,0,0,0,0,0,0,0,0
55,3,0,2,0,0,0,1,0,0,0,255,255,255,22,3281.284,"HANA_ARASHI",R,0,139,-0.736,-1.124,-0.069,1.555,-36.329,1,0,0,0,0,0.043,-17.528,0,7,9,L,"CAT tourniquet",190,80,0.601,0,77,0,0,0,0,0,0,0,0,0,0,0,0,0,0,0,0,-0.44,-37.248,0,"Pring__",0.016,-17.027,0,"인생최패망자",-17.181,-47.596,0,"ʚEveɞ",-12.6,-65.091,0,"Megu3568",18.029,-44.466,0,"Yaksok~",12.486,-61.935,0,"IbikiKai_JP",40.162,-85.361,0,"Gonyong",1.574,-111.298,0,"SOM_candy",-40.157,-71.876,0,0,0,0,0,0,"",0,0,0,0,0,0,0,0,0,0
56,3,0,2,0,1,0,1,0,0,0,255,255,255,23,3297.575,"HANA_ARASHI",R,26,138,-1.469,-0.648,-0.129,1.596,-36.299,0,0,-26.149,-200,0,0,0,0,7,9,L,"CAT tourniquet",190,80,0.601,0,77,0,0,0,0,0,0,0,0,0,0,0,0,0,0,0,0,0.043,-37.135,0,"Pring__",-0.052,-16.835,0,"인생최패망자",-17.545,-47.375,0,"ʚEveɞ",-12.542,-65.086,0,"Megu3568",17.895,-44.394,0,"Yaksok~",12.473,-61.931,0,"IbikiKai_JP",40.156,-85.39,0,"Gonyong",1.55,-111.362,0,"SOM_candy",-40.142,-71.768,0,0,0,0,0,0,"",0,0,0,0,0,0,0,0,0,0
57,3,0,2,0,1,1,1,0,0,0,255,255,255,24,3327.484,"HANA_ARASHI",R,26,140,-0.877,0.822,-0.077,1.762,-36.344,2,0,-15.168,-192.933,0,0,0,1,7,9,L,"CAT tourniquet",190,80,0.601,3,77,3328.412,232,8,89,42,0,145,140,92,31.443,-18.292,-0.5,-0.013,0.141,0.036,0,-0.264,-37.034,0,"Pring__",-0.066,-16.979,0,"인생최패망자",-16.914,-47.169,0,"ʚEveɞ",-12.625,-65.05,0,"Megu3568",17.831,-44.338,0,"Yaksok~",12.479,-61.907,0,"IbikiKai_JP",40.211,-85.412,0,"Gonyong",1.503,-111.412,0,"SOM_candy",-40.156,-71.859,0,3333.535,29.182,-87.486,3334.376,9,"CAT tourniquet",28.774,-86.278,0,0,0,0,0,0,0,1
58,3,0,2,0,0,0,2,0,0,0,255,255,255,25,3362.014,"HANA_ARASHI",R,26,140,-1.201,-2.109,-0.1,1.369,-36.368,4,0,-46.886,-200,0,0,0,1,8,2,L,"檸檬の残骸",175.1,80,0.502,0,77,0,0,0,0,0,0,0,0,0,0,0,0,0,0,0,0,-0.315,-37.68,0,"Pring__",-0.057,-17.1,0,"인생최패망자",-17.772,-48.222,0,"ʚEveɞ",-12.993,-64.875,0,"Megu3568",18.416,-45.01,0,"Yaksok~",14.846,-62.293,0,"IbikiKai_JP",41.533,-89.281,0,"Gonyong",8.59,-112.979,0,"SOM_candy",-35.612,-81.843,0,0,0,0,0,0,"",0,0,0,0,0,0,0,0,0,0
59,3,0,2,0,0,1,2,0,0,0,255,255,255,26,3377.645,"HANA_ARASHI",R,26,140,-1.544,-0.568,-0.13,1.59,-36.343,2,0,-49.464,-200,0,0,0,1,8,2,L,"檸檬の残骸",175.1,80,0.502,3,45,3378.705,217,11,93,45,21,112,142,89,19.918,5.509,-0.54,-0.002,-0.038,0.211,0,-0.303,-36.871,0,"Pring__",-0.079,-16.948,0,"인생최패망자",-17.688,-48.198,0,"ʚEveɞ",-13.009,-64.831,0,"Megu3568",18.239,-44.917,0,"Yaksok~",13.968,-62.356,0,"IbikiKai_JP",41.554,-89.334,0,"Gonyong",8.585,-112.907,0,"SOM_candy",-35.647,-81.879,0,3383.185,-11.415,-92.29,3389.939,7,"Gonyong",-21.032,-132.553,1,0,0,0,0,0,0,2
60,3,0,2,0,0,0,2,0,0,1,255,255,11,27,3447.219,"HANA_ARASHI",R,10,116,-0.274,-0.99,0.083,1.818,-36.426,4,0,-137.008,400,0,0.029,-17.4,1,0,3,R,"mochi_2929",174,98.434,0.447,0,77,0,0,0,0,0,0,0,0,0,0,0,0,0,0,0,0,-0.515,-37.563,0,"Pring__",0.285,-17.249,0,"인생최패망자",-19.337,-42.969,0,"ʚEveɞ",-12.068,-65.14,0,"Megu3568",17.767,-43.816,0,"Yaksok~",12.491,-62.974,0,"IbikiKai_JP",45.057,-88.472,0,"Gonyong",-2.137,-117.289,0,"SOM_candy",-38.212,-84.777,0,0,0,0,0,0,"",0,0,0,0,0,0,0,0,0,0
61,3,0,2,0,0,1,2,0,0,1,255,255,11,28,3465.252,"HANA_ARASHI",R,13,102,-3.166,-1.637,-0.145,1.652,-36.225,4,0,-335.659,344.916,0,-0.722,-18.372,1,0,3,R,"mochi_2929",174,98.434,0.447,0,77,0,0,0,0,0,0,0,0,0,0,0,0,0,0,0,0,-0.269,-37.309,0,"Pring__",-0.277,-17.001,0,"인생최패망자",-19.703,-45.027,0,"ʚEveɞ",-12.161,-64.985,0,"Megu3568",18.559,-42.898,0,"Yaksok~",12.505,-62.98,0,"IbikiKai_JP",44.859,-88.643,0,"Gonyong",-1.95,-117.122,0,"SOM_candy",-38.955,-84.323,0,0,0,0,0,0,"",0,0,0,0,0,0,0,0,0,0
62,3,0,2,0,0,2,2,0,0,1,255,255,11,29,3484.306,"HANA_ARASHI",R,26,126,0.355,2.347,0.089,2.046,-36.565,1,0,47.727,-200,0,0,0,0,0,3,R,"mochi_2929",174,98.434,0.447,0,76,0,0,0,0,0,0,0,0,0,0,0,0,0,0,0,0,-0.035,-37.092,0,"Pring__",0.039,-17.171,0,"인생최패망자",-19.485,-44.551,0,"ʚEveɞ",-12.168,-64.99,0,"Megu3568",18.88,-43.606,0,"Yaksok~",12.51,-62.981,0,"IbikiKai_JP",43.661,-89.926,0,"Gonyong",-1.337,-118.743,0,"SOM_candy",-38.891,-84.345,0,0,0,0,0,0,"",0,0,0,0,0,0,0,0,0,0
63,3,0,2,0,1,2,2,0,0,1,255,255,11,30,3502.218,"HANA_ARASHI",R,13,114,-0.454,-0.488,0.163,1.792,-36.375,2,0,-356.311,350.774,0,0,0,1,0,3,R,"mochi_2929",174,98.434,0.447,3,76,3503.339,125,19,77,80,38,45,140,89,19.496,17.668,-0.42,-0.049,-0.1,0.056,0,-0.207,-36.893,0,"Pring__",-0.015,-17.136,0,"인생최패망자",-20.164,-45.198,0,"ʚEveɞ",-12.171,-64.935,0,"Megu3568",17.832,-44.629,0,"Yaksok~",13.361,-63.683,0,"IbikiKai_JP",43.631,-89.917,0,"Gonyong",-1.339,-118.687,0,"SOM_candy",-39.82,-83.616,0,3506.993,-28.206,-77.008,3507.443,8,"SOM_candy",-28.67,-77.76,1,0,0,0,0,0,0,2
64,3,0,2,1,0,0,2,1,0,0,12,255,255,31,3540.939,"HANA_ARASHI",R,26,140,0.84,0.176,0.098,1.76,-36.354,2,0,-70.596,-200,0,0,0,1,1,6,R,"sano jpn",169.8,88.117,0.398,3,76,3541.978,113,11,103,47,24,134,140,90,28.764,12.273,0.96,-0.026,0.02,0.127,0.048,-0.077,-37,0,"Pring__",0.021,-17.072,0,"인생최패망자",-19.232,-43.769,0,"ʚEveɞ",-13.664,-64.717,0,"Megu3568",18.013,-45.048,0,"Yaksok~",8.077,-61.033,0,"IbikiKai_JP",36.512,-93.091,0,"Gonyong",-9.468,-106.957,0,"SOM_candy",-38.132,-82.176,0,0,0,0,3547.151,7,"Gonyong",-24.831,-87.65,0,0,0,0,0,0,0,1
65,4,1,2,1,0,0,0,0,0,0,255,255,255,30,3594.543,"Espressο",R,26,140,-2.612,1.157,-0.167,1.823,-36.619,2,0,22.573,-191.431,10.022,0,0,1,3,1,L,"Pring__",179.9,94.516,0.485,3,76,3595.277,191,18,123,78,30,163,150,96,34.93,28.677,-0.34,0.017,-0.037,0.305,0,-0.26,-37.335,0,"ゆっち一",-0.173,-16.648,0,"檸檬の残骸",-20.033,-46.159,0,"mochi_2929",-10.227,-60.614,0,"にゃんこ3K",23.351,-48.841,0,"559：広告",11.775,-61.814,0,"sano jpn",41.345,-88.032,0,"alcohol500",2.278,-106.062,0,"あくせる",-36.935,-96.031,0,3600.685,-39.92,-87.491,3600.81,8,"あくせる",-38.971,-85.902,0,0,0,0,0,0,0,1
66,4,1,2,1,0,0,1,0,0,0,255,255,255,31,3621.316,"Espressο",R,26,140,2.649,1.112,0.546,1.842,-36.643,1,0,64.988,-200,-5.212,0,0,0,4,0,R,"HANA_ARASHI",190,86,0.27,0,76,0,0,0,0,0,0,0,0,0,0,0,0,0,0,0,0,0.365,-37.604,0,"ゆっち一",-0.049,-16.514,0,"檸檬の残骸",-20.943,-47.183,0,"mochi_2929",-11.234,-62.426,0,"にゃんこ3K",21.452,-51.647,0,"559：広告",10.033,-63.302,0,"sano jpn",34.637,-95.424,0,"alcohol500",-1.895,-105.093,0,"あくせる",-42.982,-91.554,0,0,0,0,0,0,"",0,0,0,0,0,0,0,0,0,0
67,4,1,2,1,1,0,1,0,0,0,255,255,255,32,3630.855,"Espressο",R,26,140,1.178,1.472,0.331,1.946,-36.674,1,0,89.101,-200,-5.036,0,0,0,4,0,R,"HANA_ARASHI",190,86,0.27,0,76,0,0,0,0,0,0,0,0,0,0,0,0,0,0,0,0,0.35,-37.591,0,"ゆっち一",-0.065,-16.533,0,"檸檬の残骸",-20.725,-47.268,0,"mochi_2929",-10.367,-62.108,0,"にゃんこ3K",21.364,-51.57,0,"559：広告",10.025,-63.256,0,"sano jpn",34.742,-94.593,0,"alcohol500",-1.498,-105.569,0,"あくせる",-42.862,-91.514,0,0,0,0,0,0,"",0,0,0,0,0,0,0,0,0,0
68,4,1,2,1,2,0,1,0,0,0,255,255,255,33,3641.329,"Espressο",R,26,140,3.858,0.921,0.504,1.741,-36.717,3,0,114.915,-200,4.274,-0.029,-20.488,0,4,0,R,"HANA_ARASHI",190,86,0.27,0,76,0,0,0,0,0,0,0,0,0,0,0,0,0,0,0,0,0.309,-37.781,0,"ゆっち一",-0.233,-17.411,0,"檸檬の残骸",-20.802,-47.356,0,"mochi_2929",-10.52,-61.993,0,"にゃんこ3K",21.323,-51.527,0,"559：広告",10.038,-63.267,0,"sano jpn",34.849,-94.567,0,"alcohol500",-1.698,-104.963,0,"あくせる",-42.767,-91.271,0,0,0,0,0,0,"",0,0,0,0,0,0,0,0,0,6
69,4,1,2,1,0,0,1,1,0,0,0,255,255,34,3674.262,"Espressο",R,26,140,0.82,0.356,0.385,1.716,-36.538,2,0,54.904,-153.698,-2.362,0,0,1,5,5,R,"Yaksok~",172.9,98.835,0.303,3,76,3675.066,102,17,86,60,10,131,139,93,-9.556,13.788,-0.17,-0.083,-0.029,0.228,0,-0.042,-37.146,0,"ゆっち一",0.086,-16.488,0,"檸檬の残骸",-19.56,-45.05,0,"mochi_2929",-8.707,-59.141,0,"にゃんこ3K",19.229,-46.99,0,"559：広告",10.294,-63.329,0,"sano jpn",32.911,-92.527,0,"alcohol500",-1.002,-106.269,0,"あくせる",-43.209,-91.18,0,3675.426,-1.113,-25.164,3677.126,3,"mochi_2929",-8.351,-53.264,0,16,0,0,0,0,0,2
70,4,0,2,1,0,0,0,0,0,0,255,255,255,32,3730.384,"HANA_ARASHI",R,26,129,-0.788,0.745,-0.073,1.753,-36.381,0,0,-1.413,-200,0,0,0,1,2,1,R,"ゆっち一",190,89.623,0.46,0,76,0,0,0,0,0,0,0,0,0,0,0,0,0,0,0,0,-0.131,-37.188,0,"Pring__",0.011,-16.651,0,"인생최패망자",-20.028,-45.376,0,"ʚEveɞ",-13.243,-64.736,0,"Megu3568",18.166,-44.904,0,"Yaksok~",12.124,-63.062,0,"IbikiKai_JP",42.218,-96.969,0,"Gonyong",-1.262,-116.378,0,"SOM_candy",-51.534,-98.164,0,0,0,0,0,0,"",0,0,0,0,0,0,0,0,0,0
71,4,0,2,1,0,1,0,0,0,0,255,255,255,33,3747.198,"HANA_ARASHI",R,10,111,0.327,0.081,0.005,1.927,-36.352,2,0,0,400,0,0,0,1,2,1,R,"ゆっち一",190,89.623,0.46,3,76,3748.342,101,16,120,68,28,130,140,125,-22.091,8.11,0.74,-0.069,-0.07,0.082,0.048,-0.538,-37.135,0,"Pring__",-0.124,-16.722,0,"인생최패망자",-21.196,-46.179,0,"ʚEveɞ",-13.272,-64.736,0,"Megu3568",18.163,-44.851,0,"Yaksok~",12.118,-63.059,0,"IbikiKai_JP",42.195,-96.972,0,"Gonyong",-1.26,-116.825,0,"SOM_candy",-48.054,-93.932,0,3748.589,-0.56,-22.11,3750.435,3,"ʚEveɞ",-6.819,-63.709,0,0,0,0,0,0,0,2
72,4,0,2,1,0,0,1,0,0,0,255,255,255,34,3779.057,"HANA_ARASHI",R,26,126,0.811,1.257,0.085,1.834,-36.414,1,0,-30.069,-200,0,0.261,-17.73,0,3,4,R,"にゃんこ3K",190,90.222,0.6,0,76,0,0,0,0,0,0,0,0,0,0,0,0,0,0,0,0,-0.37,-37.205,0,"Pring__",0.077,-16.869,0,"인생최패망자",-20.22,-45.432,0,"ʚEveɞ",-13.155,-64.979,0,"Megu3568",18.415,-45.484,0,"Yaksok~",13.08,-62.446,0,"IbikiKai_JP",43.511,-97.104,0,"Gonyong",-4.328,-116.944,0,"SOM_candy",-44.338,-90.044,0,0,0,0,0,0,"",0,0,0,0,0,0,0,0,0,0
73,4,0,2,1,1,0,1,0,0,0,255,255,255,35,3798.089,"HANA_ARASHI",R,13,113,-1.901,-0.982,-0.052,1.782,-36.351,1,0,-339.021,367.512,0,0,0,0,3,4,R,"にゃんこ3K",190,90.222,0.6,0,76,0,0,0,0,0,0,0,0,0,0,0,0,0,0,0,0,-0.222,-37.059,0,"Pring__",-0.119,-16.788,0,"인생최패망자",-19.776,-44.843,0,"ʚEveɞ",-13.168,-64.95,0,"Megu3568",18.368,-45.418,0,"Yaksok~",13.066,-62.443,0,"IbikiKai_JP",43.513,-97.154,0,"Gonyong",-4.253,-117.122,0,"SOM_candy",-44.375,-90.137,0,0,0,0,0,0,"",0,0,0,0,0,0,0,0,0,0
74,4,0,2,1,2,0,1,0,0,0,255,255,255,36,3815.602,"HANA_ARASHI",R,13,107,0,-0.216,0.153,1.924,-36.476,0,0,-375.843,317.348,0,0,0,0,3,4,R,"にゃんこ3K",190,90.222,0.6,0,76,0,0,0,0,0,0,0,0,0,0,0,0,0,0,0,0,-0.107,-37.13,0,"Pring__",-0.023,-16.633,0,"인생최패망자",-20.184,-45.43,0,"ʚEveɞ",-13.157,-64.966,0,"Megu3568",18.473,-45.343,0,"Yaksok~",13.055,-62.439,0,"IbikiKai_JP",43.537,-97.192,0,"Gonyong",-6.047,-118.041,0,"SOM_candy",-44.323,-90.06,0,0,0,0,0,0,"",0,0,0,0,0,0,0,0,0,0
75,4,0,2,1,2,1,1,0,0,0,255,255,255,37,3834.765,"HANA_ARASHI",R,26,140,0.072,-1.095,0.019,1.424,-36.309,1,0,-29.306,-170.903,0,0,0,0,3,4,R,"にゃんこ3K",190,90.222,0.6,0,76,0,0,0,0,0,0,0,0,0,0,0,0,0,0,0,0,-0.029,-37.162,0,"Pring__",0.039,-16.726,0,"인생최패망자",-19.647,-44.602,0,"ʚEveɞ",-13.126,-64.979,0,"Megu3568",18.261,-45.189,0,"Yaksok~",13.059,-62.444,0,"IbikiKai_JP",43.516,-97.154,0,"Gonyong",-1.69,-118.047,0,"SOM_candy",-44.474,-90.2,0,0,0,0,0,0,"",0,0,0,0,0,0,0,0,0,0
76,4,0,2,1,3,1,1,0,0,0,255,255,255,38,3851.001,"HANA_ARASHI",R,26,128,0.445,0.577,0.045,1.734,-36.275,0,0,2.314,-200,0,0,0,0,3,4,R,"にゃんこ3K",190,90.222,0.6,0,76,0,0,0,0,0,0,0,0,0,0,0,0,0,0,0,0,-0.405,-37.003,0,"Pring__",0.044,-16.742,0,"인생최패망자",-19.888,-45.01,0,"ʚEveɞ",-13.121,-64.972,0,"Megu3568",18.304,-45.161,0,"Yaksok~",13.06,-62.436,0,"IbikiKai_JP",43.484,-97.166,0,"Gonyong",-1.7,-118.128,0,"SOM_candy",-43.733,-89.235,0,0,0,0,0,0,"",0,0,0,0,0,0,0,0,0,0
77,4,0,2,1,3,2,1,0,0,0,255,255,255,39,3869.745,"HANA_ARASHI",R,13,113,0.766,0.223,0.182,1.875,-36.395,2,0,-285.736,400,0,0,0,1,3,4,R,"にゃんこ3K",190,90.222,0.6,3,76,3870.895,187,19,118,57,29,128,150,106,-31.539,19.416,-0.08,-0.014,-0.087,0.216,0,-0.385,-37.026,0,"Pring__",0.025,-16.775,0,"인생최패망자",-20.469,-45.642,0,"ʚEveɞ",-13.068,-64.95,0,"Megu3568",18.355,-45.068,0,"Yaksok~",12.705,-62.6,0,"IbikiKai_JP",43.527,-97.174,0,"Gonyong",-1.702,-118.126,0,"SOM_candy",-44.611,-89.578,0,3871.185,-0.422,-21.248,3873.31,3,"ʚEveɞ",-13.398,-58.809,0,0,0,0,0,0,0,2
78,4,0,2,1,0,0,2,0,0,0,255,255,255,40,3894.423,"HANA_ARASHI",R,13,113,0.68,-0.186,0.209,1.769,-36.33,0,0,-385.176,318.809,0,0,0,0,4,8,R,"あくせる",175.3,89.575,0.684,0,76,0,0,0,0,0,0,0,0,0,0,0,0,0,0,0,0,-0.071,-37.221,0,"Pring__",0.024,-16.72,0,"인생최패망자",-19.938,-45.145,0,"ʚEveɞ",-13.354,-64.922,0,"Megu3568",18.576,-45.003,0,"Yaksok~",11.972,-61.938,0,"IbikiKai_JP",38.442,-90.489,0,"Gonyong",-2.343,-112.386,0,"SOM_candy",-38.198,-82.871,0,0,0,0,0,0,"",0,0,0,0,0,0,0,0,0,0
79,4,0,2,1,0,1,2,0,0,0,255,255,255,41,3912.347,"HANA_ARASHI",R,5,125,0.7,1.492,0.106,1.877,-36.386,1,0,-114.021,0,0,0,0,0,4,8,R,"あくせる",175.3,89.575,0.684,0,76,0,0,0,0,0,0,0,0,0,0,0,0,0,0,0,0,-0.067,-37.137,0,"Pring__",0.015,-16.709,0,"인생최패망자",-19.72,-44.838,0,"ʚEveɞ",-13.323,-64.906,0,"Megu3568",18.095,-45.326,0,"Yaksok~",12.785,-61.846,0,"IbikiKai_JP",38.492,-90.517,0,"Gonyong",-4.278,-105.299,0,"SOM_candy",-39.411,-85.447,0,0,0,0,0,0,"",0,0,0,0,0,0,0,0,0,0
80,4,0,2,1,1,1,2,0,0,0,255,255,255,42,3925.677,"HANA_ARASHI",R,13,115,-1.872,-0.988,-0.04,1.594,-36.283,2,0,-366.51,340.104,0,0,0,1,4,8,R,"あくせる",175.3,89.575,0.684,3,76,3926.726,158,28,102,114,54,110,150,114,-12.559,-10.707,0.9,-0.013,-0.055,0.051,0,-0.196,-36.868,0,"Pring__",-0.058,-16.838,0,"인생최패망자",-19.887,-45.083,0,"ʚEveɞ",-13.257,-64.886,0,"Megu3568",18.196,-45.375,0,"Yaksok~",12.808,-61.864,0,"IbikiKai_JP",38.458,-90.537,0,"Gonyong",-4.274,-105.46,0,"SOM_candy",-39.566,-85.584,0,3927.005,-0.3,-21.82,3928.959,5,"Yaksok~",7.804,-63.936,1,0,0,0,0,0,0,2
81,4,0,2,1,0,0,2,1,0,0,17,255,255,43,3964.855,"HANA_ARASHI",R,0,116,1.17,0.686,0.204,1.963,-36.798,0,0,0,0,0,0,0,0,5,5,R,"559：広告",170.4,83.967,0.437,0,75,0,0,0,0,0,0,0,0,0,0,0,0,0,0,0,0,-0.29,-37.162,0,"Pring__",-0.032,-17.007,0,"인생최패망자",-19.865,-43.45,0,"ʚEveɞ",-13.068,-65.033,0,"Megu3568",16.662,-43.693,0,"Yaksok~",6.641,-61.824,0,"IbikiKai_JP",38.98,-90.58,0,"Gonyong",-0.152,-110.065,0,"SOM_candy",-36.34,-80.592,0,0,0,0,0,0,"",0,0,0,0,0,0,0,0,0,0
82,4,0,2,1,0,1,2,1,0,0,17,255,255,44,3995.289,"HANA_ARASHI",R,27,136,0.229,-0.573,0.039,1.704,-36.305,2,0,-33.034,-140.06,0,0,0,1,5,5,R,"559：広告",170.4,83.967,0.437,3,75,3996.325,255,20,138,80,33,144,150,63,25.426,6.077,1,-0.02,-0.05,0.115,0,-0.201,-36.612,0,"Pring__",0.043,-16.972,0,"인생최패망자",-19.38,-44.383,0,"ʚEveɞ",-12.968,-65.016,0,"Megu3568",16.998,-44.307,0,"Yaksok~",9.605,-62.265,0,"IbikiKai_JP",38.472,-91.165,0,"Gonyong",-0.164,-109.899,0,"SOM_candy",-36.84,-81.57,0,0,0,0,4000.005,3,"ʚEveɞ",-3.352,-57.104,0,0,0,0,0,0,0,1
83,5,1,2,1,0,0,0,0,0,0,255,255,255,35,4056.529,"Espressο",R,26,140,-0.315,0.443,0.18,1.964,-36.847,0,0,-38.527,-200,4.355,0,0,0,6,2,R,"인생최패망자",190,80,0.401,0,75,0,0,0,0,0,0,0,0,0,0,0,0,0,0,0,0,-0.066,-38.035,0,"ゆっち一",-0.052,-16.523,0,"檸檬の残骸",-19.605,-45.911,0,"mochi_2929",-10.879,-60.249,0,"にゃんこ3K",22.586,-51.939,0,"559：広告",9.157,-64.352,0,"sano jpn",29.907,-90.977,0,"alcohol500",-0.494,-105.567,0,"あくせる",-44.315,-91.956,0,0,0,0,0,0,"",0,0,0,0,0,0,0,0,0,0
84,5,1,2,1,0,1,0,0,0,0,255,255,255,36,4070.753,"Espressο",R,10,126,0.372,-1.008,0.111,2.049,-37.092,1,0,0,400,0.692,-0.109,-17.223,0,6,2,R,"인생최패망자",190,80,0.401,0,75,0,0,0,0,0,0,0,0,0,0,0,0,0,0,0,0,0.163,-37.574,0,"ゆっち一",-0.102,-17.06,0,"檸檬の残骸",-19.544,-45.96,0,"mochi_2929",-10.644,-60.457,0,"にゃんこ3K",22.581,-52.066,0,"559：広告",9.175,-64.369,0,"sano jpn",29.905,-90.973,0,"alcohol500",-0.703,-105.204,0,"あくせる",-44.322,-92.037,0,0,0,0,0,0,"",0,0,0,0,0,0,0,0,0,0
85,5,1,2,1,1,1,0,0,0,0,255,255,255,37,4082.841,"Espressο",R,26,140,0.964,0.3,0.287,1.929,-36.83,0,0,33.341,-200,6.629,0,0,0,6,2,R,"인생최패망자",190,80,0.401,0,75,0,0,0,0,0,0,0,0,0,0,0,0,0,0,0,0,0.341,-37.648,0,"ゆっち一",-0.048,-16.571,0,"檸檬の残骸",-19.52,-45.944,0,"mochi_2929",-10.943,-60.932,0,"にゃんこ3K",22.626,-52.046,0,"559：広告",9.184,-64.414,0,"sano jpn",30.42,-92.547,0,"alcohol500",-0.894,-105.208,0,"あくせる",-44.267,-91.861,0,0,0,0,0,0,"",0,0,0,0,0,0,0,0,0,0
86,5,1,2,1,1,2,0,0,0,0,255,255,255,38,4095.03,"Espressο",R,10,121,-2.604,-0.326,-0.155,2.032,-36.857,2,0,0,400,-0.735,0,0,1,6,2,R,"인생최패망자",190,80,0.401,3,75,4096.176,109,12,83,57,31,142,139,115,27.094,26.825,0.18,-0.036,-0.118,0.054,0,-0.165,-37.476,0,"ゆっち一",-0.189,-16.777,0,"檸檬の残骸",-19.872,-45.966,0,"mochi_2929",-11.255,-60.841,0,"にゃんこ3K",22.553,-51.975,0,"559：広告",9.186,-63.422,0,"sano jpn",30.433,-92.529,0,"alcohol500",-0.878,-105.238,0,"あくせる",-44.233,-91.992,0,0,0,0,4101.709,8,"あくせる",-47.212,-108.407,0,0,0,0,0,0,0,1
87,5,1,2,1,0,0,1,0,0,0,255,255,255,39,4134.035,"Espressο",R,27,140,-1.63,-0.167,-0.038,1.817,-36.606,1,0,41.835,-147.258,3.597,0,0,0,7,6,L,"IbikiKai_JP",174.5,90,0.5,0,75,0,0,0,0,0,0,0,0,0,0,0,0,0,0,0,0,0.331,-37.618,0,"ゆっち一",-0.146,-16.621,0,"檸檬の残骸",-20.358,-46.212,0,"mochi_2929",-8.152,-60.014,0,"にゃんこ3K",23.27,-49.138,0,"559：広告",8.902,-63.357,0,"sano jpn",43.421,-87.829,0,"alcohol500",2.933,-105.247,0,"あくせる",-36.692,-98.087,0,0,0,0,0,0,"",0,0,0,0,0,0,0,0,0,0
88,5,1,2,1,1,0,1,0,0,0,255,255,255,40,4142.803,"Espressο",R,14,109,0.312,-1.375,-0.112,1.968,-36.782,4,0,358.29,345.343,5.625,0.253,-17.133,1,7,6,L,"IbikiKai_JP",174.5,90,0.5,0,75,0,0,0,0,0,0,0,0,0,0,0,0,0,0,0,0,0.296,-37.799,0,"ゆっち一",0.289,-17.402,0,"檸檬の残骸",-19.59,-45.456,0,"mochi_2929",-9.586,-60.992,0,"にゃんこ3K",23.224,-49.071,0,"559：広告",9.344,-63.315,0,"sano jpn",43.298,-87.981,0,"alcohol500",3.095,-106.333,0,"あくせる",-36.569,-97.781,0,0,0,0,0,0,"",0,0,0,0,0,0,0,0,0,0
89,5,1,2,1,1,1,1,0,0,0,255,255,255,41,4155.463,"Espressο",R,26,140,-0.44,1.352,0.158,2.173,-37.144,1,0,-27.115,-170.612,-2.178,0,0,0,7,6,L,"IbikiKai_JP",174.5,90,0.5,0,42,0,0,0,0,0,0,0,0,0,0,0,0,0,0,0,0,0.096,-37.406,0,"ゆっち一",-0.077,-16.48,0,"檸檬の残骸",-20.082,-45.761,0,"mochi_2929",-10.224,-60.791,0,"にゃんこ3K",22.734,-49.928,0,"559：広告",9.689,-63.525,0,"sano jpn",43.067,-88.083,0,"alcohol500",3.562,-106.985,0,"あくせる",-35.671,-93.803,0,0,0,0,0,0,"",0,0,0,0,0,0,0,0,0,0
90,5,1,2,1,2,1,1,0,0,0,255,255,255,42,4166.536,"Espressο",R,10,124,-2.315,0.45,-0.176,2.23,-36.845,4,0,117.183,400,-9.64,0,0,1,7,6,L,"IbikiKai_JP",174.5,90,0.5,0,42,0,0,0,0,0,0,0,0,0,0,0,0,0,0,0,0,0.145,-37.504,0,"ゆっち一",-0.21,-16.549,0,"檸檬の残骸",-20.08,-45.76,0,"mochi_2929",-10.193,-61.039,0,"にゃんこ3K",22.708,-49.96,0,"559：広告",10.002,-63.373,0,"sano jpn",42.511,-90.436,0,"alcohol500",3.851,-106.903,0,"あくせる",-35.353,-94.941,0,0,0,0,0,0,"",0,0,0,0,0,0,0,0,0,0
91,5,1,2,1,3,1,1,0,0,0,255,255,255,43,4220.07,"Espressο",R,26,140,-1.548,0.66,0.002,2.006,-36.682,2,0,-24.486,-176.496,5.831,0,0,1,7,6,L,"IbikiKai_JP",174.5,90,0.5,3,42,4221.116,224,17,108,60,22,116,150,90,22.193,7.873,-0.53,0.036,-0.032,0.135,0,-0.269,-37.185,0,"ゆっち一",-0.084,-16.661,0,"檸檬の残骸",-19.527,-47.321,0,"mochi_2929",-9.553,-61.681,0,"にゃんこ3K",22.056,-49.975,0,"559：広告",9.964,-63.477,0,"sano jpn",42.628,-90.408,0,"alcohol500",5.292,-106.23,0,"あくせる",-35.337,-94.897,0,4225.789,-21.659,-90.229,4226.505,8,"あくせる",-23.451,-95.081,1,0,0,0,0,0,0,2
92,5,1,2,1,0,0,1,1,0,0,6,255,255,44,4257.801,"Espressο",R,27,140,-3.044,0.725,-0.083,1.939,-36.658,1,0,23.92,-142.53,10.254,-0.909,-16.552,0,8,8,L,"SOM_candy",179.8,85.364,0.503,0,75,0,0,0,0,0,0,0,0,0,0,0,0,0,0,0,0,-0.121,-37.48,0,"ゆっち一",-0.349,-16.151,0,"檸檬の残骸",-19.451,-44.027,0,"mochi_2929",-9.337,-60.16,0,"にゃんこ3K",20.764,-45.271,0,"559：広告",9.759,-63.406,0,"sano jpn",42.056,-86.115,0,"alcohol500",2.69,-102.486,0,"あくせる",-36.883,-95.571,0,0,0,0,0,0,"",0,0,0,0,0,0,0,0,0,0
93,5,1,2,1,1,0,1,1,0,0,6,255,255,45,4274.494,"Espressο",R,26,140,-2.094,1.564,-0.031,2.069,-36.656,1,0,148.456,-200,19.199,0,0,0,8,8,L,"SOM_candy",179.8,85.364,0.503,0,75,0,0,0,0,0,0,0,0,0,0,0,0,0,0,0,0,0.083,-37.423,0,"ゆっち一",-0.077,-16.395,0,"檸檬の残骸",-19.595,-43.422,0,"mochi_2929",-8.799,-60.747,0,"にゃんこ3K",20.955,-45.771,0,"559：広告",11.026,-63.243,0,"sano jpn",40.958,-86.784,0,"alcohol500",3.342,-103.121,0,"あくせる",-36.764,-96.074,0,0,0,0,0,0,"",0,0,0,0,0,0,0,0,0,0
94,5,1,2,1,2,0,1,1,0,0,6,255,255,46,4288.435,"Espressο",R,26,122,-3.917,1.093,-0.231,2.05,-36.652,3,0,-173.436,-200,15.979,-0.669,-20.685,0,8,8,L,"SOM_candy",179.8,85.364,0.503,0,75,0,0,0,0,0,0,0,0,0,0,0,0,0,0,0,0,-0.084,-37.373,0,"ゆっち一",-0.06,-16.902,0,"檸檬の残骸",-19.351,-43.346,0,"mochi_2929",-7.621,-60.787,0,"にゃんこ3K",21.124,-46.085,0,"559：広告",10.829,-63.067,0,"sano jpn",40.986,-86.776,0,"alcohol500",3.082,-105.435,0,"あくせる",-36.749,-96.062,0,0,0,0,0,0,"",0,0,0,0,0,0,0,0,0,6
95,5,1,2,1,0,0,1,1,1,0,8,6,255,47,4345.012,"Espressο",R,26,133,-0.167,1.602,0.129,2.105,-36.683,2,0,114.785,-200,1.794,0,0,1,0,3,L,"ʚEveɞ",165.2,95.3,0.401,3,75,4346.05,156,18,82,29,1,89,137,121,26.543,-35.158,0.35,0.08,-0.026,0.286,0,-0.258,-37.072,0,"ゆっち一",-0.159,-16.626,0,"檸檬の残骸",-19.624,-45.926,0,"mochi_2929",-7.521,-61.994,0,"にゃんこ3K",20.506,-46.036,0,"559：広告",12.863,-61.992,0,"sano jpn",38.944,-88.155,0,"alcohol500",4.084,-105.818,0,"あくせる",-36.314,-95.748,0,4351.647,66.093,-109.499,0,0,"",0,0,0,0,0,0,0,0,0,4
96,5,1,5,1,0,0,1,0,0,0,255,255,255,48,4581.347,"Espressο",R,26,140,0.63,0.519,0.278,1.905,-36.519,0,0,38.614,-163.759,-4.466,0,0,0,1,4,R,"Megu3568",175.3,86,0.404,0,75,0,0,0,0,0,0,0,0,0,0,0,0,0,0,0,0,0.079,-37.43,0,"ゆっち一",0.029,-16.458,0,"檸檬の残骸",-20.634,-47.688,0,"mochi_2929",-10.827,-61.39,0,"にゃんこ3K",21.64,-51.098,0,"559：広告",7.792,-65.132,0,"sano jpn",33.961,-86.823,0,"alcohol500",-0.749,-106.724,0,"あくせる",-44.143,-93.447,0,0,0,0,0,0,"",0,0,0,0,0,0,0,0,0,0
97,5,1,5,1,0,1,1,0,0,0,255,255,255,49,4595.441,"Espressο",R,10,128,-2.142,-0.833,-0.076,1.836,-36.674,4,0,-29.972,400,-10.599,-0.462,-17.344,1,1,4,R,"Megu3568",175.3,86,0.404,0,75,0,0,0,0,0,0,0,0,0,0,0,0,0,0,0,0,0.068,-37.36,0,"ゆっち一",-0.404,-17.258,0,"檸檬の残骸",-20.605,-47.791,0,"mochi_2929",-10.862,-61.76,0,"にゃんこ3K",21.602,-51.089,0,"559：広告",7.759,-65.113,0,"sano jpn",33.977,-86.816,0,"alcohol500",-0.801,-105.933,0,"あくせる",-44.133,-93.37,0,0,0,0,0,0,"",0,0,0,0,0,0,0,0,0,0
98,5,1,5,1,0,2,1,0,0,0,255,255,255,50,4612.014,"Espressο",R,26,140,0.642,0.304,0.274,1.855,-36.532,2,0,51.146,-156.94,-0.901,0,0,1,1,4,R,"Megu3568",175.3,86,0.404,3,75,4613.035,253,17,113,62,17,116,150,125,27.413,12.29,0.67,-0.037,0.005,0.204,0,-0.204,-37.087,0,"ゆっち一",0.008,-16.595,0,"檸檬の残骸",-20.698,-47.621,0,"mochi_2929",-11.237,-61.418,0,"にゃんこ3K",21.62,-51.03,0,"559：広告",7.764,-65.09,0,"sano jpn",33.965,-86.866,0,"alcohol500",-0.946,-106.103,0,"あくせる",-44.174,-93.479,0,4617.318,-24.74,-112.668,4619.88,7,"alcohol500",-22.483,-124.486,1,0,0,0,0,0,0,2
99,5,1,5,1,0,0,1,0,1,0,255,4,255,51,4658.17,"Espressο",R,7,109,0.746,0.948,0.213,2.125,-36.718,0,0,159.933,77.79,-17.105,0,0,0,2,7,R,"Gonyong",174.6,80,0.2,0,75,0,0,0,0,0,0,0,0,0,0,0,0,0,0,0,0,0.077,-37.419,0,"ゆっち一",2.266,-19.379,0,"檸檬の残骸",-20.164,-47.101,0,"mochi_2929",-9.445,-61.833,0,"にゃんこ3K",19.158,-41.313,0,"559：広告",2.491,-61.804,0,"sano jpn",35.253,-88.755,0,"alcohol500",0.206,-112.252,0,"あくせる",-44.533,-94.528,0,0,0,0,0,0,"",0,0,0,0,0,0,0,0,0,0
100,5,1,5,1,0,1,1,0,0,1,255,255,4,52,4705.238,"Espressο",R,12,126,1.114,-0.482,0.367,1.769,-36.511,2,0,-12.108,100.023,-3.909,0,0,1,2,7,R,"Gonyong",174.6,80,0.2,3,75,4706.071,201,25,103,87,40,82,150,125,-8.613,17.166,0.26,-0.053,-0.044,0.035,0.048,-0.209,-36.978,0,"ゆっち一",0.043,-16.553,0,"檸檬の残骸",-20.244,-46.928,0,"mochi_2929",-9.869,-59.5,0,"にゃんこ3K",18.25,-42.859,0,"559：広告",5.001,-63.901,0,"sano jpn",35.743,-92.963,0,"alcohol500",-0.265,-110.93,0,"あくせる",-42.998,-92.25,0,4706.443,-1.085,-23.743,4707.922,3,"mochi_2929",-11.047,-55.587,0,0,0,0,0,0,0,2
101,5,1,6,1,0,0,2,0,0,0,255,255,255,53,4730.437,"Espressο",R,27,140,-2.025,-0.559,-0.002,1.716,-36.496,2,0,74.761,-142.79,5.057,0,0,1,3,1,L,"Pring__",179.9,94.516,0.485,3,75,4731.086,209,23,152,85,39,173,150,94,91.141,-88.662,-0.47,-0.003,-0.069,0.197,0,-0.232,-37.029,0,"ゆっち一",-0.132,-16.626,0,"檸檬の残骸",-19.951,-46.407,0,"mochi_2929",-9.068,-60.57,0,"にゃんこ3K",22.596,-46.908,0,"559：広告",11.354,-60.458,0,"sano jpn",43.579,-90.357,0,"alcohol500",2.737,-109.686,0,"あくせる",-35.915,-94.254,0,0,0,0,0,0,"",0,0,0,0,0,0,0,0,0,3
102,5,1,6,1,0,1,2,0,0,0,255,255,255,54,4747.234,"Espressο",R,26,140,-2.631,-0.178,-0.076,1.768,-36.535,2,0,133.998,-193.513,19.519,0,0,1,3,1,L,"Pring__",179.9,94.516,0.485,3,79,4747.873,199,19,138,81,30,179,150,94,29.016,33.832,-0.43,0.038,-0.071,0.334,0,-0.27,-37.09,0,"ゆっち一",-0.159,-16.601,0,"檸檬の残骸",-19.815,-46.857,0,"mochi_2929",-10.102,-61.413,0,"にゃんこ3K",21.824,-46.368,0,"559：広告",8.397,-61.421,0,"sano jpn",40.754,-89.34,0,"alcohol500",2.761,-108.626,0,"あくせる",-40.95,-96.34,0,4753.143,-37.579,-94.198,4756.939,8,"あくせる",-43.087,-110.645,1,0,0,0,0,0,0,2
103,5,1,6,1,0,0,2,0,1,0,255,1,255,55,4834.336,"Espressο",R,26,140,0.165,-0.524,0.197,1.711,-36.568,0,0,87.751,-150.588,0.24,0,0,0,4,0,R,"HANA_ARASHI",190,86,0.27,0,74,0,0,0,0,0,0,0,0,0,0,0,0,0,0,0,0,-0.008,-37.381,0,"ゆっち一",0.014,-16.429,0,"檸檬の残骸",-19.522,-46.066,0,"mochi_2929",-8.708,-61.921,0,"にゃんこ3K",20.303,-46.328,0,"559：広告",1.539,-61.533,0,"sano jpn",36.402,-94.296,0,"alcohol500",-0.302,-110.886,0,"あくせる",-46.991,-94.596,0,0,0,0,0,0,"",0,0,0,0,0,0,0,0,0,0
104,5,1,6,1,0,1,2,0,1,0,255,1,255,56,4878.79,"Espressο",R,26,140,1.38,-0.401,0.306,1.731,-36.496,2,0,103.549,-166.744,1.188,0,0,1,4,0,R,"HANA_ARASHI",190,86,0.27,3,74,4879.778,124,13,82,42,17,61,138,129,-30,-1.817,0.66,-0.017,-0.104,0.101,0,-0.259,-36.958,0,"ゆっち一",0.081,-16.662,0,"檸檬の残骸",-20.119,-46.926,0,"mochi_2929",-10.371,-62.008,0,"にゃんこ3K",20.435,-46.718,0,"559：広告",3.664,-62.26,0,"sano jpn",36.148,-93.794,0,"alcohol500",-0.227,-108.967,0,"あくせる",-46.986,-94.582,0,4880.081,0.299,-19.613,4881.831,5,"559：広告",1.52,-57.858,0,0,0,0,0,0,0,2
105,5,0,6,1,0,0,0,0,0,0,255,255,255,45,4950.536,"HANA_ARASHI",R,26,133,-1.023,0.171,-0.074,1.65,-36.346,0,0,-44.83,-200,0,0,0,0,6,7,L,"alcohol500",168.1,88.08,0.349,0,74,0,0,0,0,0,0,0,0,0,0,0,0,0,0,0,0,-0.019,-37.162,0,"Pring__",-0.035,-16.931,0,"인생최패망자",-17.863,-47.739,0,"ʚEveɞ",-12.444,-65.239,0,"Megu3568",18.138,-44.099,0,"Yaksok~",13.232,-61.977,0,"IbikiKai_JP",40.038,-88.2,0,"Gonyong",5.884,-103.705,0,"SOM_candy",-34.681,-85.98,0,0,0,0,0,0,"",0,0,0,0,0,0,0,0,0,0
106,5,0,6,1,0,1,0,0,0,0,255,255,255,46,4968.439,"HANA_ARASHI",R,13,111,1.836,-0.531,0.317,1.724,-36.425,2,0,-371.425,334.729,0,0,0,1,6,7,L,"alcohol500",168.1,88.08,0.349,3,74,4969.587,158,15,106,93,45,101,150,73,-12.73,-6.599,0.98,0.119,-0.038,0.044,0,-0.022,-36.992,0,"Pring__",0.104,-17.059,0,"인생최패망자",-17.951,-48.142,0,"ʚEveɞ",-12.337,-65.217,0,"Megu3568",17.94,-44.135,0,"Yaksok~",13.257,-62.602,0,"IbikiKai_JP",39.984,-88.212,0,"Gonyong",6.234,-104.148,0,"SOM_candy",-34.921,-83.343,0,4969.968,0.605,-22.754,4971.031,0,"HANA_ARASHI",1.098,-34.946,0,0,0,0,0,0,0,2
107,5,0,6,1,0,0,1,0,0,0,255,255,255,47,5008.104,"HANA_ARASHI",R,0,0,0,0,0,0,0,0,0,0,0,0,0,0,0,7,9,L,"CAT tourniquet",190,80,0.601,0,74,0,0,0,0,0,0,0,0,0,0,0,0,0,0,0,0,0,0,0,"",0,0,0,"",0,0,0,"",0,0,0,"",0,0,0,"",0,0,0,"",0,0,0,"",0,0,0,"",0,0,0,0,0,0,0,0,"",0,0,0,0,0,0,0,0,0,0
108,5,0,6,1,0,0,1,0,0,0,255,255,255,47,5088.03,"HANA_ARASHI",R,5,112,1.342,0.584,0.166,1.947,-36.638,0,0,-90.026,0,0,0,0,0,7,9,L,"CAT tourniquet",190,80,0.601,0,74,0,0,0,0,0,0,0,0,0,0,0,0,0,0,0,0,-0.081,-36.988,0,"Pring__",-0.001,-16.925,0,"인생최패망자",-18.029,-49.099,0,"ʚEveɞ",-13.196,-64.607,0,"Megu3568",18.429,-45.353,0,"Yaksok~",13.153,-62.555,0,"IbikiKai_JP",39.92,-89.772,0,"Gonyong",1.251,-106.251,0,"SOM_candy",-38.195,-81.741,0,0,0,0,0,0,"",0,0,0,0,0,0,0,0,0,0
109,5,0,6,1,0,1,1,0,0,0,255,255,255,48,5105.18,"HANA_ARASHI",R,10,116,-0.78,-0.904,0.023,1.791,-36.336,2,0,-117.831,400,0,0,0,1,7,9,L,"CAT tourniquet",190,80,0.601,3,74,5106.112,255,10,125,71,46,148,150,118,-30,-15.299,0.85,0.094,0,0.063,0,-0.246,-36.856,0,"Pring__",-0.052,-16.995,0,"인생최패망자",-18.098,-48.941,0,"ʚEveɞ",-13.196,-64.63,0,"Megu3568",18.318,-45.313,0,"Yaksok~",13.158,-62.563,0,"IbikiKai_JP",39.963,-89.814,0,"Gonyong",1.226,-106.368,0,"SOM_candy",-38.225,-81.967,0,5106.501,0.172,-21.984,5108.301,5,"Yaksok~",10.255,-58.939,0,0,0,0,0,0,0,2
110,5,0,6,1,0,0,2,0,0,0,255,255,255,49,5137.608,"HANA_ARASHI",R,26,127,-0.305,0.135,0.014,1.771,-36.348,2,0,-7.824,-200,0,0,0,1,8,2,L,"檸檬の残骸",175.1,80,0.502,3,74,5138.713,218,12,100,33,26,125,141,96,25.638,23.155,-0.13,-0.033,-0.014,0.213,0,-0.235,-36.857,0,"Pring__",-0.038,-17,0,"인생최패망자",-17.919,-48.042,0,"ʚEveɞ",-10.81,-64.872,0,"Megu3568",18.038,-44.943,0,"Yaksok~",12.72,-62.233,0,"IbikiKai_JP",41.287,-86.711,0,"Gonyong",6.195,-101.921,0,"SOM_candy",-33.992,-81.83,0,5143.314,-30.415,-92.869,5143.489,8,"SOM_candy",-29.508,-90.678,0,0,0,0,0,0,0,1
111,6,1,6,1,0,0,0,0,0,0,255,255,255,0,5791.624,"alcohol500",R,27,110,0.255,1.47,0.036,1.711,-36.999,1,0,45.409,-121.168,31.172,0,0,0,5,5,R,"Yaksok~",172.9,98.835,0.303,0,74,0,0,0,0,0,0,0,0,0,0,0,0,0,0,0,0,0.044,-38.422,0,"ゆっち一",-0.071,-16.375,0,"CAT tourniquet",-19.896,-46.5,0,"mochi_2929",-9.688,-60.43,0,"にゃんこ3K",21.403,-52.496,0,"559：広告",7.109,-65.107,0,"sano jpn",37.59,-90.354,0,"檸檬の残骸",-4.186,-106.166,0,"あくせる",-44.917,-93.026,0,0,0,0,0,0,"",0,0,0,0,0,0,0,0,0,0
112,6,1,6,1,1,0,0,0,0,0,255,255,255,1,5805.493,"alcohol500",R,0,112,0.311,1.903,0.057,1.804,-37.156,2,0,40.893,-46.413,0.244,0,0,1,5,5,R,"Yaksok~",172.9,98.835,0.303,3,74,5806.408,108,15,97,53,13,136,140,124,32.791,-33.444,0.64,-0.046,-0.024,0.329,0,0.15,-38.09,0,"ゆっち一",-0.048,-16.575,0,"CAT tourniquet",-20.128,-46.777,0,"mochi_2929",-10.209,-60.849,0,"にゃんこ3K",21.422,-52.523,0,"559：広告",7.088,-65.054,0,"sano jpn",35.839,-91.722,0,"檸檬の残骸",-5.246,-107.816,0,"あくせる",-45.123,-93.19,0,5812.085,40.014,-123.284,0,0,"",0,0,0,0,0,0,0,0,0,4
113,6,1,7,1,0,0,0,0,0,0,255,255,255,2,5870.688,"alcohol500",R,0,110,-0.098,-0.266,0.013,1.561,-37.05,0,0,0,0,17.233,0,0,0,6,2,R,"인생최패망자",190,80,0.401,0,74,0,0,0,0,0,0,0,0,0,0,0,0,0,0,0,0,0.072,-38.442,0,"ゆっち一",-0.063,-16.598,0,"CAT tourniquet",-20.065,-46.526,0,"mochi_2929",-10.794,-60.678,0,"にゃんこ3K",21.398,-50.27,0,"559：広告",8.729,-64.705,0,"sano jpn",37.283,-93.601,0,"檸檬の残骸",-0.822,-107.185,0,"あくせる",-43.935,-93.663,0,0,0,0,0,0,"",0,0,0,0,0,0,0,0,0,0
114,6,1,7,1,0,1,0,0,0,0,255,255,255,3,5887.567,"alcohol500",R,0,118,0.062,-0.983,0.033,1.543,-37.093,2,0,0,19.025,3.964,0,0,1,6,2,R,"인생최패망자",190,80,0.401,3,74,5888.651,167,18,130,73,27,223,150,128,27.097,-18.97,0.63,-0.029,-0.124,0.106,0,0.038,-38.316,0,"ゆっち一",-0.103,-16.665,0,"CAT tourniquet",-19.755,-46.019,0,"mochi_2929",-10.814,-60.331,0,"にゃんこ3K",21.377,-50.259,0,"559：広告",8.741,-64.762,0,"sano jpn",37.387,-93.705,0,"檸檬の残骸",-4.597,-107.294,0,"あくせる",-44.038,-93.913,0,5893.635,17.135,-128.208,5896.068,7,"檸檬の残骸",16.81,-125.029,1,0,0,0,0,0,0,2
115,6,1,7,1,0,0,0,0,1,0,255,2,255,0,6190.82,"ゆっち一",R,0,131,-1.531,-1.006,0.056,1.323,-36.284,4,0,0,0,0,0,0,1,7,6,L,"IbikiKai_JP",174.5,90,0.5,0,42,0,0,0,0,0,0,0,0,0,0,0,0,0,0,0,0,-0.02,-37.495,0,"mochi_2929",-0.247,-16.636,0,"CAT tourniquet",-19.689,-48.72,0,"559：広告",-4.989,-64.519,0,"にゃんこ3K",20.281,-46.716,0,"檸檬の残骸",14.492,-61.465,0,"sano jpn",38.457,-86.094,0,"alcohol500",5.294,-110.079,0,"あくせる",-37.017,-94.238,0,0,0,0,0,0,"",0,0,0,0,0,0,0,0,0,0
116,6,1,7,1,1,0,0,0,1,0,255,2,255,1,6229.151,"ゆっち一",R,0,131,-0.661,0.156,0.038,1.413,-36.26,2,0,0,0,0,0,0,1,7,6,L,"IbikiKai_JP",174.5,90,0.5,3,42,6230.21,255,8,113,76,44,109,150,93,44.034,-45.048,-0.42,-0.014,-0.051,0.047,0,0.146,-36.984,0,"mochi_2929",-0.088,-16.754,0,"CAT tourniquet",-19.827,-48.001,0,"559：広告",-4.168,-63.798,0,"にゃんこ3K",21.706,-48.205,0,"檸檬の残骸",13.001,-59.116,0,"sano jpn",40.027,-91.087,0,"alcohol500",4.946,-111.88,0,"あくせる",-36.837,-95.571,0,6235.452,47.259,-75.88,6235.556,6,"sano jpn",45.943,-74.245,0,0,0,0,0,0,0,1
117,6,1,7,1,0,0,1,0,1,0,255,2,255,2,6266.36,"ゆっち一",R,27,133,-0.242,0.757,-0.015,1.482,-36.344,0,0,-25.625,-143.007,-0.822,0,0,0,8,8,L,"SOM_candy",179.8,85.364,0.503,0,73,0,0,0,0,0,0,0,0,0,0,0,0,0,0,0,0,0.019,-37.623,0,"mochi_2929",-0.253,-16.449,0,"CAT tourniquet",-20.227,-48.338,0,"559：広告",-3.708,-62.705,0,"にゃんこ3K",22.113,-46.948,0,"檸檬の残骸",14.683,-61.287,0,"sano jpn",38.442,-90.355,0,"alcohol500",5.077,-106.708,0,"あくせる",-34.665,-97.675,0,0,0,0,0,0,"",0,0,0,0,0,0,0,0,0,0
118,6,1,7,1,0,1,1,0,1,0,255,2,255,3,6283.86,"ゆっち一",R,10,111,-0.912,-1.416,-0.127,1.45,-36.409,1,0,0,400,-0.247,-0.176,-17.667,0,8,8,L,"SOM_candy",179.8,85.364,0.503,0,73,0,0,0,0,0,0,0,0,0,0,0,0,0,0,0,0,-0.062,-37.338,0,"mochi_2929",-0.202,-16.604,0,"CAT tourniquet",-20.26,-47.837,0,"559：広告",-3.224,-62.437,0,"にゃんこ3K",21.566,-45.353,0,"檸檬の残骸",12.587,-61.284,0,"sano jpn",38.442,-90.346,0,"alcohol500",5.691,-108.426,0,"あくせる",-34.638,-97.715,0,0,0,0,0,0,"",0,0,0,0,0,0,0,0,0,0
119,6,1,7,1,1,1,1,0,1,0,255,2,255,4,6303.358,"ゆっち一",R,13,102,-1.795,-0.175,0.007,1.748,-36.588,2,0,-351.337,326.252,-19.777,0,0,1,8,8,L,"SOM_candy",179.8,85.364,0.503,3,53,6304.525,90,20,140,99,53,255,138,115,-30,-44.335,0.88,0.024,0.066,0.046,0,-0.122,-36.723,0,"mochi_2929",-0.164,-16.7,0,"CAT tourniquet",-19.658,-47.845,0,"559：広告",-4.491,-63.1,0,"にゃんこ3K",21.399,-46.126,0,"檸檬の残骸",14.209,-61.324,0,"sano jpn",38.506,-90.335,0,"alcohol500",6.947,-110.184,0,"あくせる",-34.631,-97.634,0,6304.906,1.243,-22.881,6306.401,4,"にゃんこ3K",18.634,-42.002,0,0,0,0,0,0,0,2
120,6,1,7,1,0,0,2,0,0,1,255,255,2,5,6339.763,"ゆっち一",R,10,112,0.312,-0.931,0.139,1.603,-36.41,0,0,0,400,-4.906,0.039,-16.842,1,0,3,L,"ʚEveɞ",165.2,95.3,0.401,0,73,0,0,0,0,0,0,0,0,0,0,0,0,0,0,0,0,0.116,-37.34,0,"mochi_2929",-0.121,-16.644,0,"CAT tourniquet",-19.179,-47.878,0,"559：広告",-7.084,-64.397,0,"にゃんこ3K",19.587,-41.947,0,"檸檬の残骸",15.245,-60.684,0,"sano jpn",39.748,-87.641,0,"alcohol500",8.088,-109.821,0,"あくせる",-34.298,-98.21,0,0,0,0,0,0,"",0,0,0,0,0,0,0,0,0,0
121,6,1,7,1,0,1,2,0,0,1,255,255,2,6,6358.929,"ゆっち一",R,26,133,-1.193,-0.807,0.074,1.414,-36.298,2,0,24.406,-200,8.847,0,0,1,0,3,L,"ʚEveɞ",165.2,95.3,0.401,3,73,6359.962,221,19,151,67,33,238,150,97,-16.524,15.247,0.02,0.1,-0.104,0.219,0,0.185,-37.26,0,"mochi_2929",-0.076,-16.735,0,"CAT tourniquet",-18.918,-47.244,0,"559：広告",-7.894,-63.884,0,"にゃんこ3K",17.748,-43.358,0,"檸檬の残骸",15.842,-60.518,0,"sano jpn",40.026,-87.52,0,"alcohol500",6.821,-108.288,0,"あくせる",-34.814,-98.394,0,6360.443,-0.722,-21.443,6362.431,3,"559：広告",-11.131,-57.906,0,1,0,0,0,0,0,2
122,6,0,7,1,0,0,0,0,0,0,255,255,255,50,6469.919,"HANA_ARASHI",R,13,100,-3.409,-1.66,-0.145,1.624,-36.226,2,0,-348.401,321.133,0,0,0,1,0,1,R,"mochi_2929",174,98.434,0.447,3,73,6471.122,145,30,105,104,15,143,150,112,-30,-40.997,0.13,-0.032,-0.14,0,0,-0.349,-36.884,0,"Pring__",-0.183,-17.186,0,"인생최패망자",-20.571,-45.787,0,"ʚEveɞ",-11.228,-65.099,0,"Megu3568",18.899,-46.035,0,"Yaksok~",11.668,-63.526,0,"IbikiKai_JP",39.034,-86.718,0,"Gonyong",-6.116,-105.494,0,"SOM_candy",-43.28,-79.07,0,6471.464,-0.515,-21.434,6472.868,4,"Megu3568",17.559,-42.214,0,0,0,0,0,0,0,2
123,6,0,7,1,0,0,1,0,0,0,255,255,255,51,6502.785,"HANA_ARASHI",R,26,131,0.449,1.735,0.033,1.869,-36.446,2,0,29.982,-200,0,0,0,1,1,6,R,"sano jpn",169.8,88.117,0.398,3,73,6503.835,109,15,112,78,34,107,141,106,100.064,-51.171,0.88,-0.037,0.038,0.114,0.095,-0.139,-36.978,0,"Pring__",0.014,-17.022,0,"인생최패망자",-20.63,-45.916,0,"ʚEveɞ",-12.074,-65.321,0,"Megu3568",18.366,-45.558,0,"Yaksok~",12.14,-63.297,0,"IbikiKai_JP",33.771,-90.362,0,"Gonyong",-7.387,-102.296,0,"SOM_candy",-37.463,-83.949,0,0,0,0,0,0,"",0,0,0,0,0,0,0,0,0,3
124,6,0,7,1,0,1,1,0,0,0,255,255,255,52,6526.943,"HANA_ARASHI",R,13,114,0.36,-0.657,0.16,1.854,-36.358,2,0,-355.777,351.316,0,0,0,1,1,6,R,"sano jpn",169.8,88.117,0.398,3,73,6528.101,115,11,51,97,70,110,120,104,3.815,35.024,0.91,-0.056,-0.014,0.049,0.143,-0.151,-36.769,0,"Pring__",-0.021,-17.094,0,"인생최패망자",-19.792,-45.13,0,"ʚEveɞ",-12.269,-65.173,0,"Megu3568",18.467,-45.398,0,"Yaksok~",11.489,-63.872,0,"IbikiKai_JP",33.464,-90.214,0,"Gonyong",-6.406,-102.528,0,"SOM_candy",-37.44,-84.846,0,6529.343,-14.206,-39.5,6529.814,2,"인생최패망자",-15.607,-41.201,0,0,0,0,0,0,0,2
125,6,0,7,1,0,0,2,0,0,0,255,255,255,53,6558.381,"HANA_ARASHI",R,0,140,1.683,0.332,0.157,1.733,-36.32,2,0,0,0,0,0,0,0,2,0,R,"ゆっち一",190,89.623,0.46,3,72,6559.452,119,12,71,37,19,80,130,96,-30,32.283,0.95,-0.056,-0.124,0.198,0,0.019,-36.792,0,"Pring__",0.032,-16.961,0,"인생최패망자",-21.861,-47.109,0,"ʚEveɞ",-12.031,-65.306,0,"Megu3568",18.41,-46.16,0,"Yaksok~",11.863,-63.806,0,"IbikiKai_JP",41.755,-99.97,0,"Gonyong",-3.652,-122.811,0,"SOM_candy",-50.642,-96.907,0,6559.852,-0.718,-20.257,6561.401,2,"인생최패망자",-15.646,-43.53,0,0,0,0,0,0,0,2
126,7,1,7,1,0,0,0,0,0,0,255,255,255,7,6755.638,"ゆっち一",R,10,115,-0.777,-1.062,-0.108,1.532,-36.242,4,0,0,400,30.241,-0.151,-17.181,1,1,4,R,"Megu3568",175.3,86,0.404,0,72,0,0,0,0,0,0,0,0,0,0,0,0,0,0,0,0,0.385,-37.148,0,"mochi_2929",-0.074,-16.591,0,"CAT tourniquet",-20.552,-46.994,0,"559：広告",-11.429,-65.142,0,"にゃんこ3K",21.806,-51.603,0,"檸檬の残骸",11.04,-63.973,0,"sano jpn",36.423,-87.681,0,"alcohol500",-1.245,-108.691,0,"あくせる",-43.264,-98.072,0,0,0,0,0,0,"",0,0,0,0,0,0,0,0,0,0
127,7,1,7,1,0,1,0,0,0,0,255,255,255,8,6774.315,"ゆっち一",R,10,116,0.518,-1.077,0.072,1.529,-36.301,2,0,0,400,7.039,0,0,0,1,4,R,"Megu3568",175.3,86,0.404,3,72,6775.414,189,25,132,119,50,235,150,122,-23.912,-41.531,0.78,-0.006,0.039,0.14,0.238,0.108,-36.911,0,"mochi_2929",-0.496,-16.52,0,"CAT tourniquet",-20.822,-46.858,0,"559：広告",-11.426,-65.088,0,"にゃんこ3K",21.717,-51.669,0,"檸檬の残骸",13.344,-63.172,0,"sano jpn",36.654,-87.657,0,"alcohol500",-1.145,-108.653,0,"あくせる",-43.309,-98.154,0,6775.776,1.04,-21.214,0,0,"",0,0,0,0,0,0,0,0,0,3
128,7,1,7,1,0,2,0,0,0,0,255,255,255,9,6819.069,"ゆっち一",R,26,140,1.642,-1.488,0.153,1.092,-36.434,1,0,-2.283,-200,0.344,0.335,-17.249,0,1,4,R,"Megu3568",175.3,86,0.404,0,72,0,0,0,0,0,0,0,0,0,0,0,0,0,0,0,0,0.288,-37.712,0,"mochi_2929",0.247,-16.813,0,"CAT tourniquet",-20.804,-47.316,0,"559：広告",-11.011,-64.416,0,"にゃんこ3K",23.204,-48.999,0,"檸檬の残骸",14.723,-63.312,0,"sano jpn",38.398,-89.163,0,"alcohol500",-0.988,-107.526,0,"あくせる",-40.762,-98.489,0,0,0,0,0,0,"",0,0,0,0,0,0,0,0,0,0
129,7,1,7,1,1,2,0,0,0,0,255,255,255,10,6838.442,"ゆっち一",R,13,111,-0.056,-1.29,0.328,1.302,-36.441,2,0,-364.763,341.976,-38.345,0,0,1,1,4,R,"Megu3568",175.3,86,0.404,3,72,6839.57,255,17,118,85,63,166,150,127,93.622,-84.492,0.57,-0.005,-0.088,0.073,0,0.56,-37.055,0,"mochi_2929",-0.02,-16.868,0,"CAT tourniquet",-20.371,-46.778,0,"559：広告",-11.42,-64.043,0,"にゃんこ3K",23.263,-49.097,0,"檸檬の残骸",14.106,-63.524,0,"sano jpn",38.383,-89.192,0,"alcohol500",-0.796,-107.968,0,"あくせる",-40.797,-98.558,0,0,0,0,0,0,"",0,0,0,0,0,0,0,0,0,3
130,7,1,7,1,1,2,0,0,0,0,255,255,255,11,6862.536,"ゆっち一",R,26,140,1.933,0.056,0.283,1.347,-36.304,2,0,-13.386,-200,3.604,0,0,0,1,4,R,"Megu3568",175.3,86,0.404,3,72,6863.573,71,11,106,54,20,141,122,50,13.992,45.19,0.29,-0.003,0.02,0.265,1,0.266,-37.198,0,"mochi_2929",0.17,-16.687,0,"CAT tourniquet",-19.992,-46.296,0,"559：広告",-12.625,-63.55,0,"にゃんこ3K",23.201,-48.927,0,"檸檬の残骸",14.485,-62.306,0,"sano jpn",38.173,-88.692,0,"alcohol500",-1.755,-108.975,0,"あくせる",-41.862,-98.059,0,6865.272,-11.707,-31.182,6866.781,2,"CAT tourniquet",-18.414,-39.485,0,0,0,0,0,0,0,2
131,7,1,7,1,0,0,1,0,0,0,255,255,255,12,6915.888,"ゆっち一",R,13,108,-1.197,-0.13,0.162,1.546,-36.496,0,0,-383.336,312.348,-45.261,0,0,1,2,7,R,"Gonyong",174.6,80,0.2,0,45,0,0,0,0,0,0,0,0,0,0,0,0,0,0,0,0,0.059,-37.165,0,"mochi_2929",0.071,-16.676,0,"CAT tourniquet",-20.376,-46.851,0,"559：広告",-10.93,-63.566,0,"にゃんこ3K",22.53,-52.083,0,"檸檬の残骸",12.46,-63.488,0,"sano jpn",32.862,-87.817,0,"alcohol500",-1.154,-103.464,0,"あくせる",-42.23,-92.569,0,0,0,0,0,0,"",0,0,0,0,0,0,0,0,0,0
132,7,1,7,1,0,1,1,0,0,0,255,255,255,13,6939.905,"ゆっち一",R,26,140,0.528,-1.552,0.274,1.084,-36.32,1,0,-94.919,-200,10.615,0,0,0,2,7,R,"Gonyong",174.6,80,0.2,0,72,0,0,0,0,0,0,0,0,0,0,0,0,0,0,0,0,0.222,-37.68,0,"mochi_2929",-0.093,-17.601,0,"CAT tourniquet",-20.369,-46.592,0,"559：広告",-10.916,-63.982,0,"にゃんこ3K",22.505,-52.037,0,"檸檬の残骸",12.227,-63.218,0,"sano jpn",33.143,-87.678,0,"alcohol500",-1.535,-103.657,0,"あくせる",-42.223,-92.617,0,0,0,0,0,0,"",0,0,0,0,0,0,0,0,0,0
133,7,1,7,1,1,1,1,0,0,0,255,255,255,14,6958.629,"ゆっち一",R,26,139,1.678,0.678,0.282,1.448,-36.292,2,0,-94.205,-200,12.367,0,0,1,2,7,R,"Gonyong",174.6,80,0.2,3,72,6959.523,153,15,88,38,13,87,139,90,91.551,-27.877,-0.36,-0.019,0.02,0.097,0,0.266,-37.08,0,"mochi_2929",0.229,-16.724,0,"CAT tourniquet",-20.365,-46.565,0,"559：広告",-10.92,-63.884,0,"にゃんこ3K",22.694,-51.98,0,"檸檬の残骸",12.326,-63.23,0,"sano jpn",33.147,-87.675,0,"alcohol500",-1.331,-102.972,0,"あくせる",-42.227,-92.705,0,6966.535,0.23,-11.916,6966.718,1,"mochi_2929",0.228,-12.049,0,0,0,0,0,0,0,1
134,7,1,7,1,0,0,2,0,0,0,255,255,255,15,6989.897,"ゆっち一",R,10,112,-1.004,-2.187,-0.126,1.247,-36.477,1,0,0,400,17.767,-0.19,-19.309,0,3,1,L,"Pring__",179.9,94.516,0.485,0,72,0,0,0,0,0,0,0,0,0,0,0,0,0,0,0,0,0.267,-37.393,0,"mochi_2929",-0.189,-17.414,0,"CAT tourniquet",-18.885,-46.763,0,"559：広告",-10.614,-65.193,0,"にゃんこ3K",23.695,-48.987,0,"檸檬の残骸",14.409,-63.324,0,"sano jpn",40.456,-88.838,0,"alcohol500",2.725,-108.961,0,"あくせる",-37.557,-100.811,0,0,0,0,0,0,"",0,0,0,0,0,0,0,0,0,0
135,7,1,7,1,1,0,2,0,0,0,255,255,255,16,7008.339,"ゆっち一",R,26,125,0.415,-0.713,0.067,1.219,-36.312,0,0,-44.453,-165.177,10.469,0.025,-11.181,0,3,1,L,"Pring__",179.9,94.516,0.485,0,72,0,0,0,0,0,0,0,0,0,0,0,0,0,0,0,0,-0.049,-37.395,0,"mochi_2929",-0.025,-16.81,0,"CAT tourniquet",-18.631,-46.046,0,"559：広告",-10.574,-65.144,0,"にゃんこ3K",23.616,-48.989,0,"檸檬の残骸",14.951,-62.369,0,"sano jpn",41.459,-87.089,0,"alcohol500",2.57,-108.939,0,"あくせる",-37.441,-100.864,0,0,0,0,0,0,"",0,0,0,0,0,0,0,0,0,0
136,7,1,7,1,1,1,2,0,0,0,255,255,255,17,7026.419,"ゆっち一",R,26,137,-0.09,-0.589,0.037,1.237,-36.315,0,0,-113.723,-200,28.798,0,0,0,3,1,L,"Pring__",179.9,94.516,0.485,0,72,0,0,0,0,0,0,0,0,0,0,0,0,0,0,0,0,0.019,-37.226,0,"mochi_2929",0.192,-18.549,0,"CAT tourniquet",-19.317,-47.515,0,"559：広告",-10.565,-65.14,0,"にゃんこ3K",23.638,-48.955,0,"檸檬の残骸",15.451,-61.809,0,"sano jpn",43.38,-88.266,0,"alcohol500",2.473,-108.536,0,"あくせる",-37.377,-100.73,0,0,0,0,0,0,"",0,0,0,0,0,0,0,0,0,0
137,7,1,7,1,1,2,2,0,0,0,255,255,255,18,7047.361,"ゆっち一",R,26,134,-0.919,-1.791,0.063,1.22,-36.285,2,0,-149.595,-200,7.931,0,0,1,3,1,L,"Pring__",179.9,94.516,0.485,3,72,7048.127,152,24,149,107,56,143,150,88,15.188,26.038,0.97,0.046,-0.111,0.068,0,0.174,-37.052,0,"mochi_2929",-0.146,-16.858,0,"CAT tourniquet",-19.974,-47.432,0,"559：広告",-10.656,-65.205,0,"にゃんこ3K",23.676,-49.073,0,"檸檬の残骸",15.779,-61.276,0,"sano jpn",43.368,-88.23,0,"alcohol500",2.63,-108.626,0,"あくせる",-37.43,-100.765,0,0,0,0,7050.827,3,"559：広告",-14.261,-60.027,0,0,0,0,0,0,0,1
138,7,0,7,1,0,0,0,0,0,0,255,255,255,54,7122.599,"HANA_ARASHI",R,13,115,-3.585,-2.529,-0.229,1.484,-36.24,4,0,-290.179,400,0,-0.677,-20.088,1,3,4,R,"にゃんこ3K",190,90.222,0.6,0,38,0,0,0,0,0,0,0,0,0,0,0,0,0,0,0,0,-0.1,-37.188,0,"Pring__",-0.105,-17.113,0,"인생최패망자",-19.856,-45.226,0,"ʚEveɞ",-12.544,-65.076,0,"Megu3568",18.122,-45.538,0,"Yaksok~",11.849,-63.016,0,"IbikiKai_JP",35.143,-89.868,0,"Gonyong",-6.286,-117.241,0,"SOM_candy",-44.41,-88.057,0,0,0,0,0,0,"",0,0,0,0,0,0,0,0,0,0
139,7,0,7,1,0,1,0,0,0,0,255,255,255,55,7142.418,"HANA_ARASHI",R,0,130,0.696,0.153,0.065,1.701,-36.313,0,0,0,0,0,0,0,0,3,4,R,"にゃんこ3K",190,90.222,0.6,0,38,0,0,0,0,0,0,0,0,0,0,0,0,0,0,0,0,-0.304,-37.63,0,"Pring__",0.039,-17.023,0,"인생최패망자",-19.409,-45.059,0,"ʚEveɞ",-12.633,-64.901,0,"Megu3568",18.383,-45.853,0,"Yaksok~",11.813,-63.06,0,"IbikiKai_JP",35.22,-89.862,0,"Gonyong",-6.289,-117.126,0,"SOM_candy",-44.475,-88.198,0,0,0,0,0,0,"",0,0,0,0,0,0,0,0,0,0
140,7,0,7,1,0,2,0,0,0,0,255,255,255,56,7161.826,"HANA_ARASHI",R,14,100,-0.244,-0.664,-0.147,1.862,-36.236,0,0,332.815,340.549,0,0,0,1,3,4,R,"にゃんこ3K",190,90.222,0.6,0,38,0,0,0,0,0,0,0,0,0,0,0,0,0,0,0,0,-0.076,-37.267,0,"Pring__",-0.363,-17.017,0,"인생최패망자",-19.252,-44.529,0,"ʚEveɞ",-12.631,-64.947,0,"Megu3568",18.244,-45.893,0,"Yaksok~",10.993,-62.673,0,"IbikiKai_JP",35.218,-89.823,0,"Gonyong",-6.278,-117.031,0,"SOM_candy",-43.597,-87.671,0,0,0,0,0,0,"",0,0,0,0,0,0,0,0,0,0
141,7,0,7,1,0,0,1,0,0,0,255,255,255,57,7185.603,"HANA_ARASHI",R,10,119,-0.097,-0.963,-0.009,1.628,-36.241,2,0,0,347.684,0,0,0,1,4,8,R,"あくせる",175.3,89.575,0.684,3,72,7186.641,192,18,141,92,41,187,150,128,-2.131,33.91,0.34,-0.003,-0.029,0.115,0,-0.198,-36.908,0,"Pring__",-0.021,-16.956,0,"인생최패망자",-20.468,-45.753,0,"ʚEveɞ",-12.637,-64.882,0,"Megu3568",18.398,-45.897,0,"Yaksok~",12.616,-63.289,0,"IbikiKai_JP",38.5,-95.14,0,"Gonyong",-8.135,-108.666,0,"SOM_candy",-40.965,-85.758,0,7187.322,-5.826,-28.439,7189.789,8,"SOM_candy",-38.402,-76.946,0,0,0,0,0,0,0,2
142,7,0,7,1,0,0,2,0,0,0,255,255,255,58,7223.951,"HANA_ARASHI",R,10,111,2.555,0.926,0.239,1.949,-36.425,2,0,-2.991,393.5,0,0,0,1,5,3,R,"559：広告",170.4,83.967,0.437,3,33,7225.064,207,19,122,100,74,125,150,90,-31.632,1.304,-0.46,-0.014,-0.033,0.031,0,-0.167,-36.98,0,"Pring__",0.017,-16.939,0,"인생최패망자",-20.59,-45.819,0,"ʚEveɞ",-12.889,-64.891,0,"Megu3568",18.106,-45.847,0,"Yaksok~",11.627,-63.619,0,"IbikiKai_JP",38.006,-93.216,0,"Gonyong",-5.674,-113.678,0,"SOM_candy",-38.546,-78.687,0,7225.464,0.444,-21.778,7226.593,0,"HANA_ARASHI",0.243,-35.576,0,0,0,0,0,0,0,2
143,8,1,7,1,0,0,0,0,0,0,255,255,255,19,7429.397,"にゃんこ3K",R,0,139,1.261,-0.046,0.117,1.578,-36.486,0,0,0,0,0,0,0,0,4,0,R,"HANA_ARASHI",190,86,0.27,0,72,0,0,0,0,0,0,0,0,0,0,0,0,0,0,0,0,-0.031,-38.165,0,"ゆっち一",-0.042,-16.47,0,"CAT tourniquet",-20.411,-46.865,0,"mochi_2929",-9.971,-61.53,0,"559：広告",20.774,-47.064,0,"檸檬の残骸",13.485,-61.583,0,"sano jpn",33.371,-90.992,0,"alcohol500",0.523,-107.288,0,"あくせる",-43.292,-93.382,0,0,0,0,0,0,"",0,0,0,0,0,0,0,0,0,0
144,8,1,7,1,0,1,0,0,0,0,255,255,255,20,7446.81,"にゃんこ3K",R,0,129,1.938,0.853,0.18,1.751,-36.606,2,0,0,0,0,0,0,1,4,0,R,"HANA_ARASHI",190,86,0.27,3,72,7447.875,150,18,148,80,43,199,150,123,-4.205,38.953,0.21,-0.004,-0.022,0.338,0,0.341,-37.396,0,"ゆっち一",0.06,-16.512,0,"CAT tourniquet",-20.121,-46.492,0,"mochi_2929",-11.047,-61.375,0,"559：広告",20.782,-46.975,0,"檸檬の残骸",14.856,-61.193,0,"sano jpn",33.179,-90.991,0,"alcohol500",1.346,-108.545,0,"あくせる",-43.332,-93.693,0,7448.685,-9.369,-32.585,7449.572,2,"CAT tourniquet",-18.649,-44.247,0,0,0,0,0,0,0,2
145,8,1,7,1,0,0,1,0,0,0,255,255,255,1,7478.566,"にゃんこ3K",R,13,114,-1.227,-0.286,0.011,1.684,-36.73,0,0,-332.139,373.743,10.465,-0.227,-17.419,1,5,5,R,"Yaksok~",172.9,98.835,0.303,0,72,0,0,0,0,0,0,0,0,0,0,0,0,0,0,0,0,0.051,-37.985,0,"ゆっち一",-0.039,-17.081,0,"CAT tourniquet",-20.274,-46.833,0,"mochi_2929",-11.255,-62.487,0,"559：広告",19.724,-47.738,0,"檸檬の残骸",12.85,-61.57,0,"sano jpn",35.595,-91.985,0,"alcohol500",0.156,-105.008,0,"あくせる",-43.637,-92.128,0,0,0,0,0,0,"",0,0,0,0,0,0,0,0,0,0
146,8,1,7,1,0,1,1,0,0,0,255,255,255,2,7500.371,"にゃんこ3K",R,0,140,1.97,0.305,0.183,1.635,-36.585,2,0,0,0,0,0,0,1,5,5,R,"Yaksok~",172.9,98.835,0.303,3,72,7501.211,103,23,88,24,6,53,130,87,-37.104,8.941,-0.15,-0.063,-0.027,0.108,0,0.093,-37.39,0,"ゆっち一",0.13,-16.543,0,"CAT tourniquet",-20.3,-46.813,0,"mochi_2929",-11.102,-61.581,0,"559：広告",19.709,-47.745,0,"檸檬の残骸",13.374,-62.016,0,"sano jpn",35.626,-91.993,0,"alcohol500",-0.11,-106.964,0,"あくせる",-43.786,-92.103,0,7501.639,0.196,-20.227,7504.189,3,"mochi_2929",-5.578,-55.612,0,0,0,0,0,0,0,2
147,8,1,7,1,0,0,2,0,0,0,255,255,255,3,7533.329,"にゃんこ3K",R,10,117,0.682,-1.888,0.063,1.365,-36.526,4,0,0,400,-3.965,0.132,-17.102,1,6,2,R,"인생최패망자",190,80,0.401,0,72,0,0,0,0,0,0,0,0,0,0,0,0,0,0,0,0,-0.041,-38.14,0,"ゆっち一",0.138,-17.2,0,"CAT tourniquet",-20.096,-46.375,0,"mochi_2929",-11.567,-62.327,0,"559：広告",21.225,-48.542,0,"檸檬の残骸",13.707,-61.435,0,"sano jpn",34.133,-91.585,0,"alcohol500",-1.391,-104.375,0,"あくせる",-43.37,-94.748,0,0,0,0,0,0,"",0,0,0,0,0,0,0,0,0,0
148,8,1,7,1,0,1,2,0,0,0,255,255,255,4,7551.213,"にゃんこ3K",R,0,139,1.04,-0.07,0.097,1.574,-36.503,0,0,0,0,0,0,0,1,6,2,R,"인생최패망자",190,80,0.401,0,72,0,0,0,0,0,0,0,0,0,0,0,0,0,0,0,0,-0.126,-38.185,0,"ゆっち一",-0.126,-16.264,0,"CAT tourniquet",-20.052,-46.384,0,"mochi_2929",-11.153,-63.376,0,"559：広告",21.171,-48.47,0,"檸檬の残骸",15.137,-61.191,0,"sano jpn",34.448,-91.442,0,"alcohol500",-1.006,-105.394,0,"あくせる",-43.416,-94.757,0,0,0,0,0,0,"",0,0,0,0,0,0,0,0,0,0
149,8,1,7,1,0,2,2,0,0,0,255,255,255,5,7571.732,"にゃんこ3K",R,13,95,-3.261,-0.959,0.099,1.765,-37.005,4,0,-317.686,338.657,1.397,-1.085,-16.763,1,6,2,R,"인생최패망자",190,80,0.401,0,72,0,0,0,0,0,0,0,0,0,0,0,0,0,0,0,0,-0.005,-38.058,0,"ゆっち一",-0.976,-16.774,0,"CAT tourniquet",-20.026,-46.049,0,"mochi_2929",-12.243,-61.951,0,"559：広告",21.144,-48.515,0,"檸檬の残骸",13.177,-61.466,0,"sano jpn",34.487,-91.427,0,"alcohol500",-1.209,-106.223,0,"あくせる",-43.426,-94.61,0,0,0,0,0,0,"",0,0,0,0,0,0,0,0,0,0
150,8,0,7,1,0,0,0,0,0,0,255,255,255,59,7637.297,"HANA_ARASHI",R,10,118,-0.893,-0.514,-0.083,1.71,-36.265,0,0,-1.362,400,0,0,0,0,6,7,L,"alcohol500",168.1,88.08,0.349,0,36,0,0,0,0,0,0,0,0,0,0,0,0,0,0,0,0,-0.432,-37.124,0,"Pring__",-0.01,-17.034,0,"인생최패망자",-17.032,-47.648,0,"ʚEveɞ",-10.867,-65.072,0,"Megu3568",17.399,-45.953,0,"Yaksok~",13.457,-63.596,0,"IbikiKai_JP",37.114,-83.283,0,"Gonyong",-5.666,-100.129,0,"SOM_candy",-35.464,-79.589,0,0,0,0,0,0,"",0,0,0,0,0,0,0,0,0,0
151,8,0,7,1,0,1,0,0,0,0,255,255,255,60,7654.653,"HANA_ARASHI",R,13,113,-0.91,0.751,0.049,1.879,-36.328,0,0,-357.534,349.527,0,0,0,0,6,7,L,"alcohol500",168.1,88.08,0.349,0,36,0,0,0,0,0,0,0,0,0,0,0,0,0,0,0,0,-0.408,-37.182,0,"Pring__",-0.034,-17.013,0,"인생최패망자",-17.595,-47.993,0,"ʚEveɞ",-10.816,-65.09,0,"Megu3568",17.536,-45.78,0,"Yaksok~",13.443,-63.577,0,"IbikiKai_JP",37.128,-83.312,0,"Gonyong",5.287,-99.856,0,"SOM_candy",-34.997,-80.007,0,0,0,0,0,0,"",0,0,0,0,0,0,0,0,0,0
152,8,0,7,1,0,2,0,0,0,0,255,255,255,61,7669.918,"HANA_ARASHI",R,14,100,2.76,-2.212,0.222,1.574,-36.237,2,0,254.937,373.022,0,0.558,-19.377,1,6,7,L,"alcohol500",168.1,88.08,0.349,3,36,7671.094,25,3,14,92,77,82,16,32,-85.648,-84.007,0.91,0.101,-0.093,0.022,0,-0.287,-36.83,0,"Pring__",0.241,-17.212,0,"인생최패망자",-17.615,-48.008,0,"ʚEveɞ",-10.769,-65.074,0,"Megu3568",18.224,-44.932,0,"Yaksok~",13.444,-63.588,0,"IbikiKai_JP",39.595,-81.632,0,"Gonyong",7.235,-100.928,0,"SOM_candy",-34.904,-79.865,0,7672.497,4.33,-21.589,7676.139,4,"Megu3568",12.555,-28.87,0,0,0,0,0,0,0,2
153,8,0,7,1,0,2,0,0,0,0,255,255,255,62,7693.546,"HANA_ARASHI",R,0,133,-0.288,1.72,-0.025,1.912,-36.394,2,0,0,0,0,0,0,1,6,7,L,"alcohol500",168.1,88.08,0.349,3,36,7694.652,146,4,61,12,13,80,86,86,-8.835,-36.354,0.91,-0.046,-0.006,0.079,0,-0.071,-36.922,0,"Pring__",-0.04,-16.945,0,"인생최패망자",-17.377,-47.698,0,"ʚEveɞ",-10.894,-65.026,0,"Megu3568",17.672,-44.236,0,"Yaksok~",13.343,-62.979,0,"IbikiKai_JP",39.614,-81.63,0,"Gonyong",-1.103,-101.11,0,"SOM_candy",-35.007,-79.554,0,0,0,0,7695.293,1,"Pring__",-0.05,-22.144,0,0,0,0,0,0,0,3
154,8,0,7,1,0,2,0,0,0,0,255,255,255,63,7711.937,"HANA_ARASHI",R,0,140,-1.073,-0.091,-0.098,1.638,-36.3,2,0,0,0,0,0,0,1,6,7,L,"alcohol500",168.1,88.08,0.349,3,36,7712.986,111,5,64,16,17,66,88,63,-36.111,-19.574,-0.17,-0.003,-0.032,0.109,0,-0.182,-36.679,0,"Pring__",-0.11,-17.034,0,"인생최패망자",-17.861,-47.503,0,"ʚEveɞ",-11.073,-65.441,0,"Megu3568",18.085,-44.316,0,"Yaksok~",14.03,-62.617,0,"IbikiKai_JP",40.465,-81.36,0,"Gonyong",-0.041,-103.604,0,"SOM_candy",-35.689,-79.373,0,7713.359,0.03,-18.995,7716.73,5,"Yaksok~",12.261,-52.796,1,0,0,0,0,0,0,2
155,8,0,7,1,0,0,0,1,0,0,16,255,255,64,7750.317,"HANA_ARASHI",R,14,107,-0.309,-0.247,-0.111,1.92,-36.363,0,0,367.546,327.458,0,0,0,0,7,2,L,"CAT tourniquet",190,80,0.601,0,47,0,0,0,0,0,0,0,0,0,0,0,0,0,0,0,0,-0.261,-37.33,0,"Pring__",-0.089,-17.154,0,"인생최패망자",-19.433,-43.75,0,"ʚEveɞ",-9.827,-66.287,0,"Megu3568",17.516,-44.189,0,"Yaksok~",12.403,-61.241,0,"IbikiKai_JP",39.218,-83.332,0,"Gonyong",-1.438,-108.814,0,"SOM_candy",-37.299,-82.884,0,0,0,0,0,0,"",0,0,0,0,0,0,0,0,0,0
156,8,0,7,1,0,1,0,1,0,0,16,255,255,65,7779.116,"HANA_ARASHI",R,14,101,2.246,-0.436,0.093,1.925,-36.378,4,0,341.533,334.127,0,0,0,1,7,2,L,"CAT tourniquet",190,80,0.601,0,47,0,0,0,0,0,0,0,0,0,0,0,0,0,0,0,0,-0.237,-37.314,0,"Pring__",0.066,-17.211,0,"인생최패망자",-16.74,-45.875,0,"ʚEveɞ",-9.265,-63.784,0,"Megu3568",17.433,-43.532,0,"Yaksok~",11.436,-60.861,0,"IbikiKai_JP",39.281,-83.424,0,"Gonyong",-1.35,-108.801,0,"SOM_candy",-38.359,-80.972,0,0,0,0,0,0,"",0,0,0,0,0,0,0,0,0,0
157,8,0,7,1,0,2,0,0,1,0,255,16,255,66,7799.538,"HANA_ARASHI",R,0,132,-1.293,0.163,-0.119,1.862,-36.456,0,0,0,0,0,0,0,1,7,2,L,"CAT tourniquet",190,80,0.601,0,47,0,0,0,0,0,0,0,0,0,0,0,0,0,0,0,0,-0.172,-37.092,0,"Pring__",-0.045,-16.941,0,"인생최패망자",-17.489,-44.716,0,"ʚEveɞ",-10.305,-66.078,0,"Megu3568",17.897,-42.896,0,"Yaksok~",11.969,-60.767,0,"IbikiKai_JP",39.258,-83.425,0,"Gonyong",-2.594,-109.504,0,"SOM_candy",-39.824,-82.694,0,0,0,0,0,0,"",0,0,0,0,0,0,0,0,0,0
158,8,0,7,1,0,0,1,0,1,0,255,16,255,67,7825.025,"HANA_ARASHI",R,0,118,-0.441,-1.176,0.016,1.635,-36.231,2,0,0,0,0,0,0,1,8,5,L,"檸檬の残骸",175.1,80,0.502,3,71,7826.049,226,11,102,40,18,120,144,115,-30,-25.406,0.87,-0.027,-0.01,0.209,0,-0.383,-36.901,0,"Pring__",-0.037,-17.041,0,"인생최패망자",-17.784,-48.458,0,"ʚEveɞ",-9.859,-65.999,0,"Megu3568",17.736,-43.138,0,"Yaksok~",13.306,-61.344,0,"IbikiKai_JP",40.72,-83.803,0,"Gonyong",3.712,-113.174,0,"SOM_candy",-40.396,-80.616,0,7826.468,0.325,-21.424,7828.269,5,"Yaksok~",13.05,-56.7,1,0,0,0,0,0,0,2
159,8,0,7,1,0,0,1,1,0,1,14,255,16,68,7909.094,"HANA_ARASHI",R,0,140,0.1,-0.958,0.065,1.675,-36.318,2,0,0,0,0,0,0,1,0,3,R,"mochi_2929",174,98.434,0.447,3,71,7910.036,70,13,95,29,2,77,115,108,1.629,40.866,0.79,0.029,-0.075,0.192,0,-0.055,-36.753,0,"Pring__",0.026,-16.843,0,"인생최패망자",-19.101,-44.605,0,"ʚEveɞ",-10.86,-65.87,0,"Megu3568",18.523,-43.074,0,"Yaksok~",11.194,-62.415,0,"IbikiKai_JP",40.324,-88.124,0,"Gonyong",-0.381,-104.188,0,"SOM_candy",-34.368,-89.048,0,7911.056,-11.645,-31.481,7911.939,2,"인생최패망자",-20.582,-40.15,0,0,0,0,0,0,0,2
160,8,0,7,1,0,1,1,1,0,1,14,255,16,69,7934.559,"HANA_ARASHI",R,14,114,0.918,-0.585,0.012,1.885,-36.335,2,0,201.918,400,0,0,0,1,0,3,R,"mochi_2929",174,98.434,0.447,3,71,7935.615,165,13,103,80,37,150,150,90,2.684,-6.508,-0.48,-0.034,-0.127,0.039,0,-0.349,-36.832,0,"Pring__",0.039,-16.779,0,"인생최패망자",-19.138,-44.816,0,"ʚEveɞ",-10.308,-66.031,0,"Megu3568",17.75,-44.405,0,"Yaksok~",9.686,-61.719,0,"IbikiKai_JP",41.72,-93.287,0,"Gonyong",0.391,-102.739,0,"SOM_candy",-37.891,-91.017,0,7936.718,1.766,-36.554,7938.302,5,"Yaksok~",3.699,-61.418,0,0,0,0,0,0,0,2
161,9,1,7,1,0,0,0,0,0,0,255,255,255,6,8104.63,"にゃんこ3K",R,0,132,-0.365,0.86,-0.034,1.726,-36.679,2,0,0,0,0,0,0,1,7,6,L,"IbikiKai_JP",174.5,90,0.5,3,42,8105.662,204,22,133,82,36,174,150,91,24.4,-29.707,-0.51,-0.002,-0.013,0.088,0,0.101,-37.487,0,"ゆっち一",-0.115,-16.695,0,"CAT tourniquet",-19.521,-48.793,0,"559：広告",-9.21,-64.625,0,"mochi_2929",18.844,-44.569,0,"檸檬の残骸",14.926,-58.219,0,"sano jpn",40.469,-87.383,0,"alcohol500",1.78,-105.411,0,"あくせる",-35.162,-98.828,0,8110.039,24.476,-85.544,8115.289,7,"alcohol500",32.939,-122.895,1,0,0,0,0,0,0,2
162,9,1,7,1,0,0,0,0,1,0,255,6,255,7,8151.698,"にゃんこ3K",R,0,140,-0.149,-0.726,-0.014,1.461,-36.445,0,0,0,0,0,0,0,0,8,8,L,"SOM_candy",179.8,85.364,0.503,0,71,0,0,0,0,0,0,0,0,0,0,0,0,0,0,0,0,-0.165,-38.03,0,"ゆっち一",-0.059,-16.616,0,"CAT tourniquet",-19.339,-46.84,0,"559：広告",-1.417,-61.196,0,"mochi_2929",15.108,-38.54,0,"檸檬の残骸",16.088,-56.022,0,"sano jpn",39.149,-84.742,0,"alcohol500",3.703,-110.883,0,"あくせる",-34.651,-100.316,0,0,0,0,0,0,"",0,0,0,0,0,0,0,0,0,0
163,9,1,7,1,0,1,0,0,1,0,255,6,255,8,8174.889,"にゃんこ3K",R,0,129,-0.526,0.627,-0.049,1.694,-36.609,2,0,0,0,0,0,0,1,8,8,L,"SOM_candy",179.8,85.364,0.503,3,71,8175.992,101,18,84,55,21,110,138,108,96.092,75.478,0.1,-0.041,0.075,0.086,0,-0.052,-37.536,0,"ゆっち一",-0.149,-16.795,0,"CAT tourniquet",-19.59,-47.345,0,"559：広告",-3.726,-63.773,0,"mochi_2929",15.167,-38.857,0,"檸檬の残骸",15.622,-58.415,0,"sano jpn",39.295,-84.634,0,"alcohol500",4.124,-111.928,0,"あくせる",-34.654,-100.247,0,0,0,0,0,0,"",0,0,0,0,0,0,0,0,0,3
164,9,1,7,1,0,2,0,0,1,0,255,6,255,9,8211.835,"にゃんこ3K",R,0,108,0.908,0.183,0.126,1.638,-36.558,0,0,0,0,0,0,0,0,8,8,L,"SOM_candy",179.8,85.364,0.503,0,53,0,0,0,0,0,0,0,0,0,0,0,0,0,0,0,0,0.188,-37.841,0,"ゆっち一",-0.037,-16.533,0,"CAT tourniquet",-20.533,-49.332,0,"559：広告",-1.769,-63.005,0,"mochi_2929",19.129,-44.196,0,"檸檬の残骸",17.496,-57.812,0,"sano jpn",39.246,-84.444,0,"alcohol500",5.609,-112.781,0,"あくせる",-33.157,-101.527,0,0,0,0,0,0,"",0,0,0,0,0,0,0,0,0,0
165,9,1,7,1,0,0,1,0,1,0,255,6,255,10,8244.391,"にゃんこ3K",R,0,134,-2.107,-0.626,-0.209,1.464,-36.503,2,0,0,0,0,0,0,1,0,3,L,"ʚEveɞ",165.2,95.3,0.401,3,71,8245.366,142,29,129,57,4,255,150,120,-30,22.367,0.26,0.098,-0.048,0.4,0,-0.084,-37.382,0,"ゆっち一",-0.241,-16.699,0,"CAT tourniquet",-20.151,-48.715,0,"559：広告",-2.418,-62.697,0,"mochi_2929",19.349,-44.954,0,"檸檬の残骸",16.384,-59.436,0,"sano jpn",39.103,-84.569,0,"alcohol500",5.709,-115.716,0,"あくせる",-35.693,-102.984,0,8245.889,-0.774,-20.539,8249.435,8,"あくせる",-28.793,-92.007,1,0,0,0,0,0,0,2
166,9,1,7,1,0,0,1,1,0,1,3,255,6,11,8286.49,"にゃんこ3K",R,0,136,0.759,0.19,0.071,1.622,-36.502,2,0,0,0,0,0,0,1,1,4,R,"Megu3568",175.3,86,0.404,3,71,8287.501,235,12,103,47,10,38,147,101,-6.89,33.408,-0.02,-0.012,0.023,0.176,0,0.138,-37.297,0,"ゆっち一",-0.072,-16.959,0,"CAT tourniquet",-19.391,-44.846,0,"559：広告",-9.509,-62.19,0,"mochi_2929",20.723,-44.651,0,"檸檬の残骸",3.104,-61.735,0,"sano jpn",39.972,-90.518,0,"alcohol500",-2.18,-111.48,0,"あくせる",-44.028,-100.199,0,8288.164,-4.056,-25.765,8291.868,8,"あくせる",-38.228,-83.345,1,0,0,0,0,0,0,2
167,9,1,8,1,0,0,1,1,0,1,4,255,3,12,8340.642,"にゃんこ3K",R,3,107,-4.23,-0.183,-0.031,1.746,-36.926,4,0,-333.224,4.247,8.47,0,0,1,2,7,R,"Gonyong",174.6,80,0.2,0,71,0,0,0,0,0,0,0,0,0,0,0,0,0,0,0,0,-0.096,-38.034,0,"ゆっち一",-0.458,-16.619,0,"CAT tourniquet",-19.904,-43.343,0,"559：広告",-10.207,-63.461,0,"mochi_2929",20.532,-45.73,0,"檸檬の残骸",1.831,-61.727,0,"sano jpn",37.754,-86.135,0,"alcohol500",-1.05,-108.837,0,"あくせる",-39.676,-95.691,0,0,0,0,0,0,"",0,0,0,0,0,0,0,0,0,0
168,9,1,9,1,0,1,1,0,1,0,255,255,255,0,8839.955,"mochi_2929",R,27,123,0.536,0.91,0.033,1.703,-36.802,2,0,48.659,-107.499,3.646,0,0,1,2,7,R,"Gonyong",174.6,80,0.2,3,46,8840.923,215,18,107,76,46,157,150,106,25.281,29.533,0.93,-0.024,0.012,0.106,0.048,-0.221,-37.44,0,"ゆっち一",0.051,-16.493,0,"CAT tourniquet",-19.947,-45.747,0,"559：広告",-10.351,-64.207,0,"にゃんこ3K",20.046,-47.929,0,"檸檬の残骸",13.426,-60.252,0,"sano jpn",33.891,-90.118,0,"alcohol500",1.838,-110.486,0,"あくせる",-44.22,-92.641,0,0,0,0,8846.326,8,"あくせる",-32.909,-102.568,0,0,0,0,0,0,0,1
169,9,1,9,1,0,0,2,0,1,0,255,255,255,1,8875.366,"mochi_2929",R,3,112,-1.061,0.037,-0.037,1.631,-36.832,2,0,-257.234,0,-2.46,0,0,1,3,1,L,"Pring__",179.9,94.516,0.485,3,70,8876.243,175,21,139,99,51,143,150,123,113.545,-22.435,0.24,0.02,-0.053,0.183,0,-0.187,-37.587,0,"ゆっち一",-0.024,-16.48,0,"CAT tourniquet",-20.377,-46.656,0,"559：広告",-5.747,-64.882,0,"にゃんこ3K",19.729,-46.279,0,"檸檬の残骸",8.971,-60.646,0,"sano jpn",39.927,-90.301,0,"alcohol500",3.044,-111.951,0,"あくせる",-37.973,-100.483,0,0,0,0,0,0,"",0,0,0,0,0,0,0,0,0,3
170,9,1,9,1,0,1,2,0,1,0,255,255,255,2,8893.945,"mochi_2929",R,4,116,-0.171,-0.316,0.027,1.58,-36.763,2,0,-229.985,0,1.11,0,0,1,3,1,L,"Pring__",179.9,94.516,0.485,3,70,8894.744,173,20,132,107,57,207,150,129,31.845,-8.253,0.46,0.028,-0.069,0.151,0,-0.268,-37.498,0,"ゆっち一",-0.036,-16.482,0,"CAT tourniquet",-20.004,-46.258,0,"559：広告",-7.725,-65.359,0,"にゃんこ3K",21.124,-46.137,0,"檸檬の残骸",13.972,-60.566,0,"sano jpn",39.283,-90.351,0,"alcohol500",3.3,-113.485,0,"あくせる",-38.483,-101.759,0,8901.114,38.677,-132.376,0,0,"",0,0,0,0,0,0,0,0,0,4
171,9,1,11,1,0,0,2,0,0,0,255,255,255,3,8940.016,"mochi_2929",R,0,117,2.463,1.339,0.249,1.897,-37.178,4,0,0,0,1.668,0,0,1,4,0,R,"HANA_ARASHI",190,86,0.27,0,70,0,0,0,0,0,0,0,0,0,0,0,0,0,0,0,0,-0.109,-37.995,0,"ゆっち一",-0.056,-16.401,0,"CAT tourniquet",-20.287,-46.514,0,"559：広告",-8.813,-65.697,0,"にゃんこ3K",21.881,-50.971,0,"檸檬の残骸",12.288,-60.983,0,"sano jpn",35.293,-90.275,0,"alcohol500",-0.322,-114.364,0,"あくせる",-39.085,-95.672,0,0,0,0,0,0,"",0,0,0,0,0,0,0,0,0,0
172,9,1,11,1,0,1,2,0,0,0,255,255,255,4,8952.929,"mochi_2929",R,10,103,-1.213,-0.064,-0.266,1.909,-37.033,0,0,0,342.009,-15.017,-0.587,-16.856,1,4,0,R,"HANA_ARASHI",190,86,0.27,0,70,0,0,0,0,0,0,0,0,0,0,0,0,0,0,0,0,-0.058,-38.043,0,"ゆっち一",-0.267,-16.999,0,"CAT tourniquet",-20.152,-46.431,0,"559：広告",-8.768,-65.819,0,"にゃんこ3K",21.265,-50.904,0,"檸檬の残骸",12.38,-60.719,0,"sano jpn",35.3,-90.231,0,"alcohol500",0.006,-112.926,0,"あくせる",-46.324,-93.465,0,0,0,0,0,0,"",0,0,0,0,0,0,0,0,0,0
173,9,1,11,1,0,2,2,0,0,0,255,255,255,5,8970.969,"mochi_2929",R,11,91,1.753,0.209,0.095,1.916,-37.401,4,0,0,233.039,-1.812,0,0,1,4,0,R,"HANA_ARASHI",190,86,0.27,0,70,0,0,0,0,0,0,0,0,0,0,0,0,0,0,0,0,-0.1,-38.026,0,"ゆっち一",-0.016,-16.295,0,"CAT tourniquet",-19.952,-44.028,0,"559：広告",-11.771,-64.135,0,"にゃんこ3K",21.75,-51.978,0,"檸檬の残骸",10.815,-62.376,0,"sano jpn",35.322,-90.227,0,"alcohol500",0.16,-112.821,0,"あくせる",-46.106,-92.774,0,0,0,0,0,0,"",0,0,0,0,0,0,0,0,0,0
174,9,0,11,1,0,0,0,0,0,0,255,255,255,70,9023.38,"HANA_ARASHI",R,13,113,1.418,-0.421,0.278,1.885,-36.403,0,0,-390.434,312.348,0,-0.069,-17.92,0,1,6,R,"sano jpn",169.8,88.117,0.398,0,70,0,0,0,0,0,0,0,0,0,0,0,0,0,0,0,0,0.036,-36.986,0,"Pring__",0.021,-17.553,0,"인생최패망자",-19.418,-45.015,0,"ʚEveɞ",-12.449,-65.163,0,"Megu3568",17.537,-45.808,0,"Yaksok~",11.281,-63.058,0,"IbikiKai_JP",36.816,-87.779,0,"Gonyong",-4.18,-100.659,0,"SOM_candy",-39.731,-89.691,0,0,0,0,0,0,"",0,0,0,0,0,0,0,0,0,0
175,9,0,11,1,0,1,0,0,0,0,255,255,255,71,9042.522,"HANA_ARASHI",R,13,112,-1.324,-0.914,0.09,1.842,-36.348,0,0,-305.239,396.017,0,0,0,1,1,6,R,"sano jpn",169.8,88.117,0.398,0,70,0,0,0,0,0,0,0,0,0,0,0,0,0,0,0,0,-0.116,-37.294,0,"Pring__",-0.516,-16.862,0,"인생최패망자",-19.556,-44.619,0,"ʚEveɞ",-12.448,-65.129,0,"Megu3568",17.143,-45.038,0,"Yaksok~",12.029,-62.713,0,"IbikiKai_JP",37.328,-88.454,0,"Gonyong",-4.173,-100.647,0,"SOM_candy",-37.25,-83.546,0,0,0,0,0,0,"",0,0,0,0,0,0,0,0,0,0
176,9,0,11,1,0,2,0,0,0,0,255,255,255,72,9056.075,"HANA_ARASHI",R,0,140,0.309,0.01,0.029,1.832,-36.281,2,0,0,0,0,0,0,1,1,6,R,"sano jpn",169.8,88.117,0.398,3,70,9057.039,123,13,63,29,15,89,117,105,-20.293,36.385,0.13,0.015,0.014,0.058,0,-0.399,-36.715,0,"Pring__",0.043,-16.979,0,"인생최패망자",-19.785,-44.82,0,"ʚEveɞ",-12.474,-65.155,0,"Megu3568",16.908,-44.897,0,"Yaksok~",11.997,-62.68,0,"IbikiKai_JP",37.385,-88.473,0,"Gonyong",-4.167,-100.779,0,"SOM_candy",-37.626,-83.911,0,9057.522,-1.428,-21.141,9058.931,2,"인생최패망자",-16.225,-41.156,0,0,0,0,0,0,0,2
177,9,0,11,1,0,0,1,0,0,0,255,255,255,73,9082.817,"HANA_ARASHI",R,0,140,1.568,0.408,0.146,1.748,-36.346,2,0,0,0,0,0,0,1,2,1,R,"ゆっち一",190,89.623,0.46,3,70,9083.83,137,20,97,49,18,85,140,109,-16.169,43.599,0.91,-0.141,-0.065,0.255,0,-0.036,-36.866,0,"Pring__",0.077,-16.929,0,"인생최패망자",-24.866,-50.493,0,"ʚEveɞ",-11.952,-65.268,0,"Megu3568",17.539,-45.245,0,"Yaksok~",11.629,-63.866,0,"IbikiKai_JP",39.711,-100.244,0,"Gonyong",-4.023,-120.953,0,"SOM_candy",-51.225,-98.082,0,9084.381,-2.769,-21.326,9084.514,1,"Pring__",0.289,-20.541,0,0,0,0,0,0,0,3
178,9,0,11,1,0,1,1,0,0,0,255,255,255,74,9101.59,"HANA_ARASHI",R,0,140,0.94,-0.901,0.087,1.495,-36.229,0,0,0,0,0,0,0,0,2,1,R,"ゆっち一",190,89.623,0.46,0,72,0,0,0,0,0,0,0,0,0,0,0,0,0,0,0,0,-0.246,-37.13,0,"Pring__",0.078,-16.933,0,"인생최패망자",-23.189,-48.45,0,"ʚEveɞ",-12.133,-65.345,0,"Megu3568",17.848,-45.084,0,"Yaksok~",11.826,-63.738,0,"IbikiKai_JP",38.338,-99.325,0,"Gonyong",-0.765,-119.056,0,"SOM_candy",-49.674,-96.285,0,0,0,0,0,0,"",0,0,0,0,0,0,0,0,0,0
179,9,0,11,1,0,2,1,0,0,0,255,255,255,75,9118.459,"HANA_ARASHI",R,13,106,-2.948,-0.982,-0.105,1.75,-36.171,1,0,-351.426,342.057,0,0,0,0,2,1,R,"ゆっち一",190,89.623,0.46,0,72,0,0,0,0,0,0,0,0,0,0,0,0,0,0,0,0,-0.151,-37.083,0,"Pring__",-0.606,-16.852,0,"인생최패망자",-22.118,-46.827,0,"ʚEveɞ",-12.137,-65.363,0,"Megu3568",17.881,-45.184,0,"Yaksok~",11.823,-63.736,0,"IbikiKai_JP",38.308,-99.286,0,"Gonyong",-0.811,-119.039,0,"SOM_candy",-49.393,-95.98,0,0,0,0,0,0,"",0,0,0,0,0,0,0,0,0,0
180,9,0,11,1,1,2,1,0,0,0,255,255,255,76,9135.609,"HANA_ARASHI",R,26,131,1.266,0.796,0.127,1.732,-36.363,2,0,-31.486,-200,0,0,0,1,2,1,R,"ゆっち一",190,89.623,0.46,3,72,9136.65,115,11,65,41,26,81,127,112,-30,45.874,0.85,-0.08,-0.137,0.128,0,-0.048,-37.031,0,"Pring__",0.138,-16.918,0,"인생최패망자",-22.59,-47.494,0,"ʚEveɞ",-12.232,-65.32,0,"Megu3568",17.743,-44.962,0,"Yaksok~",11.829,-63.743,0,"IbikiKai_JP",38.338,-99.317,0,"Gonyong",-0.8,-119.158,0,"SOM_candy",-49.875,-95.892,0,9137.151,-1.852,-20.856,9138.848,2,"인생최패망자",-24.631,-42.861,0,0,0,0,0,0,0,2
181,9,0,11,1,1,2,1,0,0,0,255,255,255,77,9154.556,"HANA_ARASHI",R,26,125,0.553,1.942,0.08,2.008,-36.531,2,0,11.646,-200,0,0,0,1,2,1,R,"ゆっち一",190,89.623,0.46,3,72,9155.606,126,15,108,48,19,148,142,130,28.481,39.194,0.57,-0.054,0.059,0.359,0,-0.12,-36.681,0,"Pring__",-0.031,-16.973,0,"인생최패망자",-23.787,-48.605,0,"ʚEveɞ",-11.924,-65.442,0,"Megu3568",18.138,-44.562,0,"Yaksok~",12.493,-64.239,0,"IbikiKai_JP",33.77,-98.464,0,"Gonyong",0.361,-118.624,0,"SOM_candy",-49.426,-96.318,0,9161.089,-88.627,-94.876,0,0,"",0,0,0,0,0,0,0,0,0,3
182,9,0,11,1,1,2,1,0,0,0,255,255,255,78,9178.777,"HANA_ARASHI",R,10,117,2.035,-0.139,0.342,1.936,-36.618,1,0,-6.229,289.862,0,0.565,-17.236,0,2,1,R,"ゆっち一",190,89.623,0.46,0,72,0,0,0,0,0,0,0,0,0,0,0,0,0,0,0,0,-0.137,-37.019,0,"Pring__",0.237,-17.194,0,"인생최패망자",-23.531,-48.019,0,"ʚEveɞ",-12.111,-65.318,0,"Megu3568",18.141,-44.639,0,"Yaksok~",11.013,-64.196,0,"IbikiKai_JP",32.933,-100.002,0,"Gonyong",0.223,-116.384,0,"SOM_candy",-50.743,-99.017,0,0,0,0,0,0,"",0,0,0,0,0,0,0,0,0,0
183,9,0,11,1,2,2,1,0,0,0,255,255,255,79,9193.101,"HANA_ARASHI",R,10,110,-1.75,-2.176,-0.114,1.424,-36.191,1,0,-54.89,400,0,-0.339,-19.572,0,2,1,R,"ゆっち一",190,89.623,0.46,0,72,0,0,0,0,0,0,0,0,0,0,0,0,0,0,0,0,-0.059,-36.949,0,"Pring__",-0.053,-16.959,0,"인생최패망자",-22.606,-47.186,0,"ʚEveɞ",-12.11,-65.354,0,"Megu3568",18.585,-44.674,0,"Yaksok~",10.678,-63.656,0,"IbikiKai_JP",32.92,-100.015,0,"Gonyong",0.235,-116.314,0,"SOM_candy",-50.766,-99.055,0,0,0,0,0,0,"",0,0,0,0,0,0,0,0,0,0
184,9,0,11,1,3,2,1,0,0,0,255,255,255,80,9208.435,"HANA_ARASHI",R,26,140,1.632,0.373,0.146,1.679,-36.29,2,0,19.642,-200,0,0,0,1,2,1,R,"ゆっち一",190,89.623,0.46,3,72,9209.422,116,18,120,58,24,134,143,124,93.09,-80.629,0.75,-0.074,-0.108,0.199,0,-0.073,-36.774,0,"Pring__",0.185,-16.892,0,"인생최패망자",-23.024,-47.696,0,"ʚEveɞ",-12.195,-65.282,0,"Megu3568",18.262,-44.938,0,"Yaksok~",10.664,-63.648,0,"IbikiKai_JP",32.916,-100.002,0,"Gonyong",-0.984,-118.01,0,"SOM_candy",-51.291,-98.9,0,0,0,0,0,0,"",0,0,0,0,0,0,0,0,0,3
185,9,0,11,1,3,2,1,0,0,0,255,255,255,81,9228.556,"HANA_ARASHI",R,13,107,-2.65,-1.642,-0.067,1.562,-36.251,4,0,-352.825,344.146,0,-0.627,-18.322,1,2,1,R,"ゆっち一",190,89.623,0.46,0,72,0,0,0,0,0,0,0,0,0,0,0,0,0,0,0,0,-0.494,-37.362,0,"Pring__",-0.419,-17.211,0,"인생최패망자",-22.117,-46.243,0,"ʚEveɞ",-12.355,-65.288,0,"Megu3568",18.72,-45.361,0,"Yaksok~",11.562,-64.204,0,"IbikiKai_JP",36.744,-101.872,0,"Gonyong",0.388,-116.748,0,"SOM_candy",-53.208,-98.163,0,0,0,0,0,0,"",0,0,0,0,0,0,0,0,0,0
186,9,0,11,1,0,0,2,0,0,0,255,255,255,82,9260.189,"HANA_ARASHI",R,13,112,-0.26,-0.068,0.089,1.761,-36.319,0,0,-359.646,347.354,0,0,0,0,3,4,R,"にゃんこ3K",190,90.222,0.6,0,39,0,0,0,0,0,0,0,0,0,0,0,0,0,0,0,0,0.021,-37.151,0,"Pring__",0.047,-16.748,0,"인생최패망자",-20.8,-46.251,0,"ʚEveɞ",-12.186,-65.143,0,"Megu3568",18.278,-45.594,0,"Yaksok~",13.006,-63.523,0,"IbikiKai_JP",35.284,-101.003,0,"Gonyong",-4.588,-114.744,0,"SOM_candy",-50.855,-96.735,0,0,0,0,0,0,"",0,0,0,0,0,0,0,0,0,0
187,9,0,11,1,0,1,2,0,0,0,255,255,255,83,9277.272,"HANA_ARASHI",R,26,137,1.519,0.656,0.152,1.735,-36.303,2,0,-38.581,-200,0,0,0,1,3,4,R,"にゃんこ3K",190,90.222,0.6,3,39,9278.326,132,12,77,45,32,95,137,92,38.897,-14.318,-0.5,-0.021,-0.113,0.127,0,0.043,-36.802,0,"Pring__",0.082,-16.778,0,"인생최패망자",-20.948,-45.979,0,"ʚEveɞ",-12.172,-65.076,0,"Megu3568",18.14,-45.63,0,"Yaksok~",12.177,-63.589,0,"IbikiKai_JP",35.277,-101.049,0,"Gonyong",-4.593,-114.919,0,"SOM_candy",-50.834,-96.825,0,9283.881,24.948,-84.43,9284.035,6,"IbikiKai_JP",24.242,-82.686,0,0,0,0,0,0,0,1
