id,inn,half,scoreA,scoreB,ball,strk,out,b1,b2,b3,b1Idx,b2Idx,b3Idx,pCnt,pSec,pName,pHand,pType,spdK,zoneX,zoneY,startX,startY,zDist,call,balk,sH,sV,gyro,plx,plz,bSwing,bIdx,bPos,bZone,bName,bHCm,batLen,batCen,batType,bFps,hSec,rotS,rotL,shS,lgS,prepS,impMv,batSpd,ev,ldeg,sdeg,hPos,hMoveX,hMoveY,stayCon,buntGrip,PPosX,PPosY,PThrSpd,CName,CPosX,CPosY,CThrSpd,1BName,1BPosX,1BPosY,1BThrSpd,2BName,2BPosX,2BPosY,2BThrSpd,3BName,3BPosX,3BPosY,3BThrSpd,SSName,SSPosX,SSPosY,SSThrSpd,LFName,LFPosX,LFPosY,LFThrSpd,CFName,CFPosX,CFPosY,CFThrSpd,RFName,RFPosX,RFPosY,RFThrSpd,ltSec,lx,lz,cSec,cPos,cPlr,cx,cz,1BSafe,tag,cpSec,sb2Sec,sb3Sec,sbhSec,ass,result
1,1,1,0,0,0,0,0,0,0,0,255,255,255,0,1653.749,"P0TA0",R,0,125,0.333,0.44,0.118,1.811,-36.739,0,0,0,0,0,0,0,0,0,3,R,"Megu3568",175.3,86,0.404,0,59,0,0,0,0,0,0,0,0,0,0,0,0,0,0,0,0,-0.143,-37.574,0,"白霜らいふ",0.077,-16.971,0,"甲斐野柊太",-18.302,-43.344,0,"vovopo 보보포",-10.661,-62.78,0,"Kenomo",17.616,-43.391,0,"shimenawa",14.53,-63.82,0,"あおいぬ",41.13,-87.727,0,"紅さかな",0.507,-116.197,0,"-Alta-",-46.579,-92.201,0,0,0,0,0,0,"",0,0,0,0,0,0,0,0,0,0
2,1,1,0,0,0,1,0,0,0,0,255,255,255,1,1672.003,"P0TA0",R,13,96,-0.593,-2.081,0.23,1.597,-36.85,4,0,-310.723,351.053,0,-0.176,-19.291,1,0,3,R,"Megu3568",175.3,86,0.404,0,59,0,0,0,0,0,0,0,0,0,0,0,0,0,0,0,0,-0.391,-37.91,0,"白霜らいふ",0.03,-16.96,0,"甲斐野柊太",-18.664,-42.436,0,"vovopo 보보포",-9.183,-61.908,0,"Kenomo",17.649,-43.427,0,"shimenawa",13.796,-62.951,0,"あおいぬ",41.259,-87.729,0,"紅さかな",0.804,-116.377,0,"-Alta-",-46.677,-92.176,0,0,0,0,0,0,"",0,0,0,0,0,0,0,0,0,0
3,1,1,0,0,0,2,0,0,0,0,255,255,255,2,1689.346,"P0TA0",R,13,98,-0.712,-1.905,0.091,1.792,-37.045,4,0,-236.196,400,0,0,0,1,0,3,R,"Megu3568",175.3,86,0.404,0,59,0,0,0,0,0,0,0,0,0,0,0,0,0,0,0,0,-0.316,-37.794,0,"白霜らいふ",0.042,-17.059,0,"甲斐野柊太",-19.161,-41.434,0,"vovopo 보보포",-11.987,-64.101,0,"Kenomo",18.811,-43.623,0,"shimenawa",11.158,-62.868,0,"あおいぬ",41.183,-87.688,0,"紅さかな",0.435,-117.526,0,"-Alta-",-47.383,-91.076,0,0,0,0,0,0,"",0,0,0,0,0,0,0,0,0,0
4,1,1,0,0,0,0,1,0,0,0,255,255,255,3,1720.917,"P0TA0",R,13,96,-0.213,-1.824,0.309,1.58,-36.946,2,0,-336.733,318.005,0,0,0,1,1,0,L,"ʚEveɞ",190,95.3,0.401,3,77,1722.132,200,23,170,112,55,146,150,111,-10.588,-24.784,0.91,0.118,-0.143,0.041,0,-0.441,-37.564,0,"白霜らいふ",0.054,-17.102,0,"甲斐野柊太",-18.071,-44.196,0,"vovopo 보보포",-9.113,-66.261,0,"Kenomo",17.309,-42.916,0,"shimenawa",15.494,-64.013,0,"あおいぬ",41.182,-87.728,0,"紅さかな",1.29,-118.858,0,"-Alta-",-47.394,-91.088,0,1722.254,0.844,-22.966,1725.387,6,"あおいぬ",29.644,-80.667,1,0,0,0,0,0,0,2
5,1,1,0,0,0,0,1,1,0,0,0,255,255,4,1754.288,"P0TA0",R,0,137,-0.321,0.378,0.057,1.801,-36.649,2,0,0,0,0,0,0,1,2,7,R,"Gonyong",174.6,80,0.2,3,59,1755.208,205,17,93,71,36,84,150,117,26.02,32.155,0.79,0.014,-0.013,0.069,0,-0.645,-37.379,0,"白霜らいふ",0.02,-17.091,0,"甲斐野柊太",-17.678,-40.458,0,"vovopo 보보포",-15.995,-63.233,0,"Kenomo",17.72,-43.109,0,"shimenawa",13.412,-64.19,0,"あおいぬ",43.111,-87.217,0,"紅さかな",0.425,-117.257,0,"-Alta-",-47.453,-89.516,0,1760.621,-56.069,-112.206,0,0,"",0,0,0,0,0,0,0,0,0,4
6,1,1,2,0,0,0,1,0,0,0,255,255,255,5,1795.332,"P0TA0",R,13,109,-0.963,-2.616,0.24,1.603,-36.918,2,0,-376.549,324.957,0,0,0,1,3,5,L,"Pring__",179.9,94.516,0.485,3,59,1796.166,118,24,117,121,81,124,145,109,-30,-46.536,0.92,0.065,-0.172,0.054,0,-0.554,-37.671,0,"白霜らいふ",0.024,-17.084,0,"甲斐野柊太",-17.351,-43.99,0,"vovopo 보보포",-12.584,-65.181,0,"Kenomo",17.81,-43.233,0,"shimenawa",15.891,-63.381,0,"あおいぬ",41.188,-86.994,0,"紅さかな",0.774,-118.721,0,"-Alta-",-44.103,-87.306,0,1796.304,0.163,-21.724,1797.621,4,"Kenomo",19.466,-40.036,0,8,0,0,0,0,0,2
7,1,1,2,0,0,0,2,0,0,0,255,255,255,6,1824.603,"P0TA0",R,13,101,-2.503,-1.461,0.148,1.632,-36.964,1,0,-354.959,317.095,0,0,0,0,4,4,R,"인생최패망자",190,80,0.401,0,59,0,0,0,0,0,0,0,0,0,0,0,0,0,0,0,0,-0.335,-37.955,0,"白霜らいふ",-0.019,-17.094,0,"甲斐野柊太",-18.063,-42.937,0,"vovopo 보보포",-8.627,-64.69,0,"Kenomo",18.955,-44.124,0,"shimenawa",14.299,-63.689,0,"あおいぬ",41.825,-85.763,0,"紅さかな",0.009,-120.369,0,"-Alta-",-43.84,-89.528,0,0,0,0,0,0,"",0,0,0,0,0,0,0,0,0,0
8,1,1,2,0,1,0,2,0,0,0,255,255,255,7,1839.516,"P0TA0",R,0,129,0.676,0.198,0.15,1.771,-36.818,2,0,0,0,0,0,0,1,4,4,R,"인생최패망자",190,80,0.401,3,59,1840.555,255,15,140,81,76,144,150,130,13.527,-40.162,0.47,-0.037,-0.034,0.078,0,-0.52,-37.442,0,"白霜らいふ",0.062,-17.017,0,"甲斐野柊太",-18.04,-43.173,0,"vovopo 보보포",-14.562,-64.144,0,"Kenomo",19.026,-44.136,0,"shimenawa",14.501,-63.625,0,"あおいぬ",41.79,-85.767,0,"紅さかな",0.214,-120.415,0,"-Alta-",-43.838,-89.517,0,1843.204,51.886,-79.372,1848.587,6,"あおいぬ",56.837,-73.336,1,0,0,0,0,0,0,2
9,1,1,2,0,0,0,2,0,1,0,255,4,255,8,1876.99,"P0TA0",R,3,108,0.04,-0.634,0.294,1.862,-37.227,2,0,-403.46,238.757,0,0,0,1,5,8,L,"SOM_candy",179.8,85.364,0.503,3,59,1878.176,143,15,116,70,77,111,150,96,5.969,-44.765,0.96,0.064,0.054,0.079,0.048,-0.398,-37.643,0,"白霜らいふ",0.069,-17.042,0,"甲斐野柊太",-17.715,-43.243,0,"vovopo 보보포",-10.954,-65.624,0,"Kenomo",18.738,-43.555,0,"shimenawa",13.17,-64.095,0,"あおいぬ",43.357,-88.064,0,"紅さかな",2.477,-117.701,0,"-Alta-",-44.038,-90.759,0,1879.471,20.284,-43.138,1879.604,4,"Kenomo",18.145,-40.576,0,0,0,0,0,0,0,1
10,1,0,2,0,0,0,0,0,0,0,255,255,255,0,2116.325,"ʚEveɞ",R,27,140,-1.635,0.482,-0.162,1.529,-36.202,2,0,40.502,-149.627,13.477,0,0,1,0,3,L,"vovopo 보보포",175.3,90,0.6,3,59,2117.376,249,46,59,11,7,74,107,64,-30,-10.398,1,-0.026,-0.019,0.071,0,-0.142,-36.454,0,"편하비_",-0.222,-17.049,0,"Riyaj",-20.669,-47.354,0,"Megu3568",-12.619,-62.056,0,"인생최패망자",19.572,-45.322,0,"Pring__",12.098,-64.384,0,"IbikiKai_JP",40.927,-86.252,0,"Gonyong",4.336,-110.347,0,"SOM_candy",-42.466,-86.667,0,2117.538,-0.001,-21.592,2120.221,4,"인생최패망자",9.073,-43.857,0,0,0,0,0,0,0,2
11,1,0,2,0,0,0,1,0,0,0,255,255,255,1,2164.239,"ʚEveɞ",R,29,115,-3.149,0.376,-0.236,1.591,-36.248,1,0,-250,176.218,39.49,-1.106,-17.584,0,1,5,L,"shimenawa",174.6,94.582,0.2,0,105,0,0,0,0,0,0,0,0,0,0,0,0,0,0,0,0,0.103,-36.901,0,"편하비_",-0.573,-16.943,0,"Riyaj",-21.249,-46.822,0,"Megu3568",-9.508,-64.973,0,"인생최패망자",19.236,-44.556,0,"Pring__",14.207,-61.832,0,"IbikiKai_JP",43.334,-91.37,0,"Gonyong",10.465,-119.87,0,"SOM_candy",-31.9,-96.465,0,0,0,0,0,0,"",0,0,0,0,0,0,0,0,0,0
12,1,0,2,0,1,0,1,0,0,0,255,255,255,2,2181.532,"ʚEveɞ",R,10,114,-0.028,-1.308,-0.003,1.426,-36.411,4,0,0,400,-14.106,-0.046,-17.937,1,1,5,L,"shimenawa",174.6,94.582,0.2,0,105,0,0,0,0,0,0,0,0,0,0,0,0,0,0,0,0,0.008,-36.93,0,"편하비_",0.074,-17.439,0,"Riyaj",-21.323,-46.847,0,"Megu3568",-9.34,-64.905,0,"인생최패망자",20.456,-46.172,0,"Pring__",13.847,-63.438,0,"IbikiKai_JP",43.66,-92.561,0,"Gonyong",10.892,-118.472,0,"SOM_candy",-32.361,-96.226,0,0,0,0,0,0,"",0,0,0,0,0,0,0,0,0,0
13,1,0,2,0,1,1,1,0,0,0,255,255,255,3,2199.511,"ʚEveɞ",R,28,140,-0.332,1.82,-0.035,1.767,-36.251,1,0,16.224,-67.53,4.83,0,0,0,1,5,L,"shimenawa",174.6,94.582,0.2,0,59,0,0,0,0,0,0,0,0,0,0,0,0,0,0,0,0,0.006,-36.854,0,"편하비_",-0.028,-16.956,0,"Riyaj",-21.14,-46.907,0,"Megu3568",-9.318,-64.918,0,"인생최패망자",19.46,-44.945,0,"Pring__",13.64,-63.394,0,"IbikiKai_JP",42.978,-91.94,0,"Gonyong",9.652,-116.584,0,"SOM_candy",-33.921,-93.809,0,0,0,0,0,0,"",0,0,0,0,0,0,0,0,0,0
14,1,0,2,0,2,1,1,0,0,0,255,255,255,4,2216.637,"ʚEveɞ",R,6,110,2.224,0.654,0.013,1.598,-36.329,1,0,500,0,43.266,1.476,-16.64,0,1,5,L,"shimenawa",174.6,94.582,0.2,0,59,0,0,0,0,0,0,0,0,0,0,0,0,0,0,0,0,0.143,-36.834,0,"편하비_",0.285,-16.826,0,"Riyaj",-21.136,-46.976,0,"Megu3568",-9.407,-64.888,0,"인생최패망자",19.882,-45.208,0,"Pring__",13.62,-63.374,0,"IbikiKai_JP",43.171,-92.052,0,"Gonyong",9.502,-116.808,0,"SOM_candy",-34.094,-94.268,0,0,0,0,0,0,"",0,0,0,0,0,0,0,0,0,0
15,1,0,2,0,3,1,1,0,0,0,255,255,255,5,2234.729,"ʚEveɞ",R,27,140,-0.273,-1.016,-0.035,1.29,-36.188,2,0,35.295,-129.376,0.952,0,0,1,1,5,L,"shimenawa",174.6,94.582,0.2,3,59,2235.847,86,20,96,69,6,85,136,124,30.333,-40.569,0.67,-0.028,-0.009,0.002,0,-0.009,-36.375,0,"편하비_",0.052,-17.027,0,"Riyaj",-20.7,-47.182,0,"Megu3568",-9.432,-64.745,0,"인생최패망자",20.246,-46.115,0,"Pring__",13.674,-63.441,0,"IbikiKai_JP",43.063,-91.966,0,"Gonyong",9.722,-115.916,0,"SOM_candy",-34.016,-93.94,0,2240.738,82.276,-89.829,0,0,"",0,0,0,0,0,0,0,0,0,3
16,1,0,2,0,3,2,1,0,0,0,255,255,255,6,2260.498,"ʚEveɞ",R,14,111,0.471,-0.711,-0.098,1.509,-36.346,0,0,364.218,342.557,41.151,0.481,-17.537,0,1,5,L,"shimenawa",174.6,94.582,0.2,0,104,0,0,0,0,0,0,0,0,0,0,0,0,0,0,0,0,0.178,-36.978,0,"편하비_",0.13,-17.311,0,"Riyaj",-21.141,-47.238,0,"Megu3568",-9.763,-62.925,0,"인생최패망자",19.713,-44.631,0,"Pring__",8.88,-63.69,0,"IbikiKai_JP",47.425,-92.61,0,"Gonyong",11.374,-117.442,0,"SOM_candy",-32.481,-95.649,0,0,0,0,0,0,"",0,0,0,0,0,0,0,0,0,0
17,1,0,2,0,0,0,2,0,0,0,255,255,255,7,2287.033,"ʚEveɞ",R,26,140,1.344,0.217,0.1,1.475,-36.264,0,0,111.749,-200,22.275,0,0,0,2,8,L,"-Alta-",180.2,80,0.479,0,59,0,0,0,0,0,0,0,0,0,0,0,0,0,0,0,0,-0.002,-36.841,0,"편하비_",0.197,-16.919,0,"Riyaj",-20.284,-46.837,0,"Megu3568",-11.986,-62.648,0,"인생최패망자",20.2,-45.294,0,"Pring__",13.175,-64.292,0,"IbikiKai_JP",45.259,-88.307,0,"Gonyong",9.15,-112.233,0,"SOM_candy",-33.662,-95.234,0,0,0,0,0,0,"",0,0,0,0,0,0,0,0,0,0
18,1,0,2,0,0,1,2,0,0,0,255,255,255,8,2300.138,"ʚEveɞ",R,27,140,-0.248,1.409,-0.022,1.698,-36.23,4,0,-5.37,-138.676,7.693,0,0,1,2,8,L,"-Alta-",180.2,80,0.479,0,59,0,0,0,0,0,0,0,0,0,0,0,0,0,0,0,0,-0.055,-36.925,0,"편하비_",-0.211,-16.961,0,"Riyaj",-21.353,-45.928,0,"Megu3568",-11.458,-63.141,0,"인생최패망자",20.58,-45.743,0,"Pring__",12.256,-64.612,0,"IbikiKai_JP",45.225,-88.42,0,"Gonyong",6.4,-115.091,0,"SOM_candy",-39.797,-86.925,0,0,0,0,0,0,"",0,0,0,0,0,0,0,0,0,0
19,1,0,2,0,0,2,2,0,0,0,255,255,255,9,2313.113,"ʚEveɞ",R,26,140,0.189,2.32,0.005,1.84,-36.346,1,0,44.058,-200,7.915,0,0,0,2,8,L,"-Alta-",180.2,80,0.479,0,59,0,0,0,0,0,0,0,0,0,0,0,0,0,0,0,0,0.039,-36.973,0,"편하비_",-0.088,-17.242,0,"Riyaj",-21.031,-46.357,0,"Megu3568",-11.352,-63.214,0,"인생최패망자",19.679,-44.799,0,"Pring__",12.295,-64.713,0,"IbikiKai_JP",44.563,-87.471,0,"Gonyong",6.409,-114.941,0,"SOM_candy",-43.618,-84.372,0,0,0,0,0,0,"",0,0,0,0,0,0,0,0,0,0
20,1,0,2,0,1,2,2,0,0,0,255,255,255,10,2326.845,"ʚEveɞ",R,10,117,-2.006,-1.72,-0.2,1.332,-36.323,1,0,38.376,400,13.573,-0.66,-17.601,0,2,8,L,"-Alta-",180.2,80,0.479,0,59,0,0,0,0,0,0,0,0,0,0,0,0,0,0,0,0,-0.051,-36.931,0,"편하비_",-0.385,-17.301,0,"Riyaj",-20.999,-46.442,0,"Megu3568",-11.302,-63.254,0,"인생최패망자",19.328,-44.655,0,"Pring__",12.351,-64.578,0,"IbikiKai_JP",44.578,-87.454,0,"Gonyong",6.447,-114.928,0,"SOM_candy",-43.486,-84.204,0,0,0,0,0,0,"",0,0,0,0,0,0,0,0,0,0
21,1,0,2,0,2,2,2,0,0,0,255,255,255,11,2342.428,"ʚEveɞ",R,6,126,0.741,-1.248,-0.053,1.27,-36.179,1,0,500,0,118.693,0.305,-17.65,0,2,8,L,"-Alta-",180.2,80,0.479,0,59,0,0,0,0,0,0,0,0,0,0,0,0,0,0,0,0,0.087,-37.041,0,"편하비_",0.201,-17.174,0,"Riyaj",-20.806,-47.102,0,"Megu3568",-11.295,-63.227,0,"인생최패망자",18.582,-43.77,0,"Pring__",12.37,-64.598,0,"IbikiKai_JP",44.586,-87.473,0,"Gonyong",6.432,-114.876,0,"SOM_candy",-43.476,-84.097,0,0,0,0,0,0,"",0,0,0,0,0,0,0,0,0,0
22,1,0,2,0,3,2,2,0,0,0,255,255,255,12,2362.939,"ʚEveɞ",R,27,140,-2.656,0.389,-0.255,1.526,-36.223,1,0,27.385,-116.96,14.187,0,0,0,2,8,L,"-Alta-",180.2,80,0.479,0,59,0,0,0,0,0,0,0,0,0,0,0,0,0,0,0,0,-0.175,-36.836,0,"편하비_",-0.253,-17.073,0,"Riyaj",-20.832,-46.572,0,"Megu3568",-10.977,-62.125,0,"인생최패망자",19.429,-44.614,0,"Pring__",12.527,-64.893,0,"IbikiKai_JP",44.884,-87.844,0,"Gonyong",6.364,-115.022,0,"SOM_candy",-43.702,-84.772,0,0,0,0,0,0,"",0,0,0,0,0,0,0,0,0,5
23,1,0,2,0,0,0,2,1,0,0,17,255,255,13,2387.916,"ʚEveɞ",R,26,135,0.208,0.698,0.015,1.582,-36.176,0,0,19.437,-154.18,14.803,0,0,1,3,2,R,"甲斐野柊太",190,80,0.2,3,59,2389.137,219,12,112,49,23,105,150,110,25.033,26.766,0.94,0.091,0.012,0.129,0,0.144,-36.441,0,"편하비_",0.087,-17.083,0,"Riyaj",-20.482,-44.362,0,"Megu3568",-12.338,-63.198,0,"인생최패망자",15.656,-47.924,0,"Pring__",8.405,-62.08,0,"IbikiKai_JP",34.886,-98.167,0,"Gonyong",-5.912,-119.601,0,"SOM_candy",-49.042,-95.965,0,0,0,0,2389.554,1,"편하비_",0.035,-22.101,0,0,0,0,0,0,0,3
24,1,0,2,0,0,1,2,1,0,0,17,255,255,14,2407.183,"ʚEveɞ",R,6,106,1.536,-0.034,-0.056,1.487,-36.23,2,0,481.818,0,37.143,0,0,1,3,2,R,"甲斐野柊太",190,80,0.2,3,59,2408.451,208,9,94,51,35,88,143,96,43.625,-42.525,-0.48,0.019,-0.042,0.178,0,0.068,-36.345,0,"편하비_",0.171,-17.201,0,"Riyaj",-20.683,-46.97,0,"Megu3568",-12.45,-62.344,0,"인생최패망자",16.271,-47.992,0,"Pring__",8.462,-64.08,0,"IbikiKai_JP",35.328,-95.877,0,"Gonyong",-7.055,-113.417,0,"SOM_candy",-46.5,-93.083,0,2413.554,59.652,-67.973,0,0,"",0,0,0,0,0,0,0,0,0,3
25,1,0,2,0,0,2,2,1,0,0,17,255,255,15,2429.48,"ʚEveɞ",R,29,115,-2.201,-0.155,-0.115,1.468,-36.26,4,0,-250,21.365,25.839,0,0,1,3,2,R,"甲斐野柊太",190,80,0.2,0,59,0,0,0,0,0,0,0,0,0,0,0,0,0,0,0,0,0.16,-37.011,0,"편하비_",-0.673,-16.981,0,"Riyaj",-21.504,-46.061,0,"Megu3568",-12.751,-62.895,0,"인생최패망자",16.91,-43.87,0,"Pring__",11.94,-64.382,0,"IbikiKai_JP",43.273,-92.22,0,"Gonyong",-5.725,-107.494,0,"SOM_candy",-44.234,-91.182,0,0,0,0,0,0,"",0,0,0,0,0,0,0,0,0,0
26,2,1,2,0,0,0,0,0,0,0,255,255,255,9,2502.325,"P0TA0",R,13,103,-1.605,-1.477,0.263,1.678,-36.955,1,0,-343.972,339.198,0,-0.466,-18.03,0,6,2,R,"Riyaj",190,80,0.2,0,59,0,0,0,0,0,0,0,0,0,0,0,0,0,0,0,0,-0.325,-37.695,0,"白霜らいふ",-0.064,-16.817,0,"甲斐野柊太",-18.02,-43.801,0,"vovopo 보보포",-12.323,-63.34,0,"Kenomo",18.155,-43.142,0,"shimenawa",14.339,-63.986,0,"あおいぬ",37.773,-85.73,0,"紅さかな",0.672,-118.093,0,"-Alta-",-43.591,-88.059,0,0,0,0,0,0,"",0,0,0,0,0,0,0,0,0,0
27,2,1,2,0,1,0,0,0,0,0,255,255,255,10,2517.577,"P0TA0",R,13,90,-1.737,-1.358,0.188,1.641,-36.834,4,0,-273.105,344.57,0,0,0,1,6,2,R,"Riyaj",190,80,0.2,0,59,0,0,0,0,0,0,0,0,0,0,0,0,0,0,0,0,-0.014,-37.865,0,"白霜らいふ",-0.054,-16.771,0,"甲斐野柊太",-18.628,-42.619,0,"vovopo 보보포",-10.721,-63.273,0,"Kenomo",19.249,-44.243,0,"shimenawa",14.413,-64.308,0,"あおいぬ",41.824,-86.799,0,"紅さかな",0.916,-117.905,0,"-Alta-",-43.609,-88.235,0,0,0,0,0,0,"",0,0,0,0,0,0,0,0,0,0
28,2,1,2,0,1,1,0,0,0,0,255,255,255,11,2532.107,"P0TA0",R,13,98,-0.184,-2.307,0.364,1.445,-36.843,4,0,-246.74,400,0,-0.057,-19.97,1,6,2,R,"Riyaj",190,80,0.2,0,46,0,0,0,0,0,0,0,0,0,0,0,0,0,0,0,0,-0.143,-37.752,0,"白霜らいふ",0.024,-16.786,0,"甲斐野柊太",-19.11,-41.17,0,"vovopo 보보포",-12.666,-64.931,0,"Kenomo",19.254,-44.275,0,"shimenawa",14.828,-63.648,0,"あおいぬ",41.852,-86.81,0,"紅さかな",1.154,-118.116,0,"-Alta-",-43.943,-87.459,0,0,0,0,0,0,"",0,0,0,0,0,0,0,0,0,0
29,2,1,2,0,1,2,0,0,0,0,255,255,255,12,2546.171,"P0TA0",R,0,125,1.365,1.802,0.19,2.015,-36.99,1,0,0,0,0,0,0,0,6,2,R,"Riyaj",190,80,0.2,0,46,0,0,0,0,0,0,0,0,0,0,0,0,0,0,0,0,-0.339,-37.439,0,"白霜らいふ",0.026,-16.607,0,"甲斐野柊太",-17.758,-43.494,0,"vovopo 보보포",-12.718,-63.737,0,"Kenomo",17.291,-42.491,0,"shimenawa",12.452,-64.575,0,"あおいぬ",41.812,-86.774,0,"紅さかな",0.95,-118.078,0,"-Alta-",-44.149,-87.777,0,0,0,0,0,0,"",0,0,0,0,0,0,0,0,0,0
30,2,1,2,0,2,2,0,0,0,0,255,255,255,13,2559.786,"P0TA0",R,10,105,0.456,-2.317,0.146,1.687,-36.881,2,0,0,400,0,0,0,1,6,2,R,"Riyaj",190,80,0.2,3,46,2560.711,137,14,68,102,89,87,139,115,-15,23.783,0.92,-0.079,-0.057,0.016,0,-0.154,-37.396,0,"白霜らいふ",0.016,-16.691,0,"甲斐野柊太",-17.77,-43.509,0,"vovopo 보보포",-15.603,-63.681,0,"Kenomo",17.258,-42.485,0,"shimenawa",14.689,-64.079,0,"あおいぬ",41.884,-86.855,0,"紅さかな",0.136,-118.314,0,"-Alta-",-44.14,-87.784,0,2560.854,-0.181,-21.62,2562.704,3,"vovopo 보보포",-16.702,-59.694,0,0,0,0,0,0,0,2
31,2,1,2,0,0,0,1,0,0,0,255,255,255,14,2584.822,"P0TA0",R,0,122,-2.525,0.403,-0.06,1.804,-36.592,1,0,0,0,0,0,0,0,7,6,L,"IbikiKai_JP",174.5,90,0.5,0,59,0,0,0,0,0,0,0,0,0,0,0,0,0,0,0,0,-0.429,-37.641,0,"白霜らいふ",-0.111,-16.707,0,"甲斐野柊太",-17.194,-43.696,0,"vovopo 보보포",-12.672,-64.032,0,"Kenomo",18.153,-43.104,0,"shimenawa",13.668,-64.021,0,"あおいぬ",42.231,-86.846,0,"紅さかな",1.369,-117.211,0,"-Alta-",-40.438,-88.992,0,0,0,0,0,0,"",0,0,0,0,0,0,0,0,0,0
32,2,1,2,0,1,0,1,0,0,0,255,255,255,15,2597.832,"P0TA0",R,0,127,-0.946,0.289,0.087,1.782,-36.588,2,0,0,0,0,0,0,1,7,6,L,"IbikiKai_JP",174.5,90,0.5,3,59,2598.92,255,19,138,79,35,179,150,106,18.047,-2.362,0.92,0.003,-0.023,0.059,0,-0.361,-37.328,0,"白霜らいふ",0.014,-16.842,0,"甲斐野柊太",-17.225,-43.72,0,"vovopo 보보포",-8.04,-65.978,0,"Kenomo",16.857,-42.561,0,"shimenawa",15.243,-63.398,0,"あおいぬ",42.25,-86.851,0,"紅さかな",1.977,-117.894,0,"-Alta-",-40.442,-88.989,0,2602.387,-2.947,-98.255,2603.254,7,"紅さかな",-3.91,-105.533,1,0,0,0,0,0,0,2
33,2,1,2,0,0,0,1,1,0,0,6,255,255,16,2631.575,"P0TA0",R,13,102,-0.214,-2.041,0.323,1.626,-36.847,1,0,-344.293,334.872,0,-0.103,-19.283,0,8,1,R,"편하비_",183.2,86,0.455,0,59,0,0,0,0,0,0,0,0,0,0,0,0,0,0,0,0,-0.117,-37.805,0,"白霜らいふ",-0.02,-17.202,0,"甲斐野柊太",-17.584,-40.988,0,"vovopo 보보포",-13.343,-62.69,0,"Kenomo",17.479,-42.776,0,"shimenawa",7.828,-63.534,0,"あおいぬ",41.523,-85.181,0,"紅さかな",-1.106,-112.553,0,"-Alta-",-45.675,-92.487,0,0,0,0,0,0,"",0,0,0,0,0,0,0,0,0,0
34,2,1,2,0,1,0,1,1,0,0,6,255,255,17,2649.575,"P0TA0",R,13,94,-2.14,-2.616,0.281,1.369,-36.75,4,0,-323.428,326.731,0,-0.354,-21.029,1,8,1,R,"편하비_",183.2,86,0.455,0,59,0,0,0,0,0,0,0,0,0,0,0,0,0,0,0,0,0.005,-37.995,0,"白霜らいふ",-0.215,-17.241,0,"甲斐野柊太",-18.407,-41.785,0,"vovopo 보보포",-12.398,-63.532,0,"Kenomo",17.687,-43.212,0,"shimenawa",12.882,-63.343,0,"あおいぬ",41.382,-85.279,0,"紅さかな",-1.122,-112.537,0,"-Alta-",-45.489,-93.113,0,0,0,0,0,0,"",0,0,0,0,0,0,0,0,0,0
35,2,1,2,0,1,1,1,1,0,0,6,255,255,18,2667.355,"P0TA0",R,0,138,-1.221,0.854,0.061,1.894,-36.754,0,0,0,0,0,0,0,0,8,1,R,"편하비_",183.2,86,0.455,0,59,0,0,0,0,0,0,0,0,0,0,0,0,0,0,0,0,-0.108,-37.601,0,"白霜らいふ",-0.049,-17.109,0,"甲斐野柊太",-17.222,-41.825,0,"vovopo 보보포",-12.236,-64.07,0,"Kenomo",17.911,-43.124,0,"shimenawa",9.832,-64.448,0,"あおいぬ",41.319,-85.276,0,"紅さかな",-0.693,-115.264,0,"-Alta-",-45.488,-93.105,0,0,0,0,0,0,"",0,0,0,0,0,0,0,0,0,0
36,2,1,2,0,1,2,1,1,0,0,6,255,255,19,2684.616,"P0TA0",R,4,95,-0.564,-1.314,0.309,1.616,-36.946,1,0,-224.366,29.865,0,-0.283,-17.285,0,8,1,R,"편하비_",183.2,86,0.455,0,59,0,0,0,0,0,0,0,0,0,0,0,0,0,0,0,0,-0.102,-37.958,0,"白霜らいふ",-0.198,-17.318,0,"甲斐野柊太",-17.124,-41.319,0,"vovopo 보보포",-15.369,-63.859,0,"Kenomo",17.285,-43.949,0,"shimenawa",8.719,-62.422,0,"あおいぬ",41.373,-85.279,0,"紅さかな",-1.966,-116.337,0,"-Alta-",-45.499,-93.121,0,0,0,0,0,0,"",0,0,0,0,0,0,0,0,0,0
37,2,1,2,0,2,2,1,1,0,0,6,255,255,20,2708.341,"P0TA0",R,13,97,-0.554,-1.799,0.522,1.574,-36.881,2,0,-372.793,266.98,0,0,0,1,8,1,R,"편하비_",183.2,86,0.455,2,59,2709.448,255,11,114,43,28,210,150,96,0.601,6.41,-0.44,-0.051,-0.05,0.229,0,-0.401,-37.832,0,"白霜らいふ",-0.038,-17.005,0,"甲斐野柊太",-16.385,-42.093,0,"vovopo 보보포",-16.87,-63.2,0,"Kenomo",17.784,-43.704,0,"shimenawa",14.48,-64.378,0,"あおいぬ",41.38,-85.208,0,"紅さかな",-1.062,-116.864,0,"-Alta-",-45.261,-92.944,0,2709.921,-1.338,-31.38,2713.871,7,"紅さかな",-11.24,-101.652,1,0,0,0,0,0,0,2
38,2,1,2,0,0,0,1,1,1,0,1,6,255,0,3033.45,"甲斐野柊太",R,28,128,0.861,0.101,0.066,1.832,-36.713,0,0,43.685,-50.762,0,0,0,0,0,3,R,"Megu3568",175.3,86,0.404,0,59,0,0,0,0,0,0,0,0,0,0,0,0,0,0,0,0,-0.252,-37.036,0,"白霜らいふ",0.048,-16.648,0,"P0TA0",-19.213,-41.385,0,"vovopo 보보포",-12.74,-62.272,0,"Kenomo",17.174,-42.253,0,"shimenawa",13.812,-62.458,0,"あおいぬ",40.939,-85.584,0,"紅さかな",0.599,-114.511,0,"-Alta-",-45.75,-89.893,0,0,0,0,0,0,"",0,0,0,0,0,0,0,0,0,0
39,2,1,2,0,0,1,1,1,1,0,1,6,255,1,3057.058,"甲斐野柊太",R,14,117,-0.976,-2.434,-0.202,1.581,-36.682,1,0,302.601,398.036,0,-0.164,-19.83,0,0,3,R,"Megu3568",175.3,86,0.404,0,59,0,0,0,0,0,0,0,0,0,0,0,0,0,0,0,0,-0.124,-37.402,0,"白霜らいふ",0,-16.811,0,"P0TA0",-20.263,-41.934,0,"vovopo 보보포",-12.685,-63.573,0,"Kenomo",17.413,-42.104,0,"shimenawa",9.337,-63.992,0,"あおいぬ",41.119,-85.243,0,"紅さかな",0.812,-115.141,0,"-Alta-",-45.919,-90.054,0,0,0,0,0,0,"",0,0,0,0,0,0,0,0,0,0
40,2,1,2,0,1,1,1,1,1,0,1,6,255,2,3073.865,"甲斐野柊太",R,34,140,0.798,-0.067,0.05,1.805,-36.635,0,0,81.94,-59.775,0,0,0,1,0,3,R,"Megu3568",175.3,86,0.404,0,59,0,0,0,0,0,0,0,0,0,0,0,0,0,0,0,0,-0.232,-36.939,0,"白霜らいふ",0.124,-16.925,0,"P0TA0",-20.233,-42.877,0,"vovopo 보보포",-12.99,-63.705,0,"Kenomo",17.904,-42.259,0,"shimenawa",10.366,-64.258,0,"あおいぬ",40.682,-84.772,0,"紅さかな",0.773,-115.728,0,"-Alta-",-47.231,-91.255,0,0,0,0,0,0,"",0,0,0,0,0,0,0,0,0,0
41,2,1,2,0,1,2,1,1,1,0,1,6,255,3,3106.831,"甲斐野柊太",R,33,138,1.328,0.185,0.092,1.84,-36.76,2,0,105.428,-79.433,0,0,0,1,0,3,R,"Megu3568",175.3,86,0.404,3,59,3107.993,233,17,92,58,13,73,144,91,13.114,-10.964,-0.49,0.015,-0.012,0.15,0,-0.29,-36.899,0,"白霜らいふ",-0.098,-16.826,0,"P0TA0",-19.576,-43.359,0,"vovopo 보보포",-16.104,-63.205,0,"Kenomo",17.887,-42.255,0,"shimenawa",13.503,-63.803,0,"あおいぬ",40.673,-84.789,0,"紅さかな",0.575,-115.89,0,"-Alta-",-44.497,-92.497,0,0,0,0,3110.337,5,"shimenawa",5.452,-62.975,0,0,0,0,0,0,0,1
42,2,0,2,0,0,0,0,0,0,0,255,255,255,16,3171.614,"ʚEveɞ",R,26,140,2.627,1.353,0.226,1.656,-36.37,1,0,75.37,-183.462,-3.598,0,0,0,4,7,R,"紅さかな",172.5,95.324,0.45,0,59,0,0,0,0,0,0,0,0,0,0,0,0,0,0,0,0,0.006,-37.003,0,"편하비_",0.156,-16.968,0,"Riyaj",-21.521,-47.442,0,"Megu3568",-10.41,-63.269,0,"인생최패망자",17.633,-48.341,0,"Pring__",11.311,-63.623,0,"IbikiKai_JP",38.394,-93.278,0,"Gonyong",-7.7,-113.336,0,"SOM_candy",-38.769,-81.963,0,0,0,0,0,0,"",0,0,0,0,0,0,0,0,0,0
43,2,0,2,0,1,0,0,0,0,0,255,255,255,17,3187.149,"ʚEveɞ",R,26,140,0.366,0.647,0.016,1.548,-36.273,2,0,63.399,-168.804,9.59,0,0,1,4,7,R,"紅さかな",172.5,95.324,0.45,3,59,3188.193,138,16,100,44,21,113,140,97,32.433,42.964,0.01,0.045,-0.011,0.089,0,0.124,-36.556,0,"편하비_",0.144,-17.208,0,"Riyaj",-21.261,-47.359,0,"Megu3568",-11.081,-62.426,0,"인생최패망자",18.796,-47.951,0,"Pring__",12.349,-64.302,0,"IbikiKai_JP",38.433,-93.372,0,"Gonyong",-6.451,-113.652,0,"SOM_candy",-38.825,-81.92,0,3193.054,-64.995,-70.602,0,0,"",0,0,0,0,0,0,0,0,0,3
44,2,0,2,0,1,1,0,0,0,0,255,255,255,18,3210.581,"ʚEveɞ",R,29,124,-0.66,-0.067,0.003,1.482,-36.268,0,0,-250,25.228,71.777,0,0,0,4,7,R,"紅さかな",172.5,95.324,0.45,0,45,0,0,0,0,0,0,0,0,0,0,0,0,0,0,0,0,0.003,-36.844,0,"편하비_",-0.174,-17.13,0,"Riyaj",-20.394,-47.142,0,"Megu3568",-11.373,-61.744,0,"인생최패망자",18.531,-46.143,0,"Pring__",11.35,-65.792,0,"IbikiKai_JP",37.124,-91.331,0,"Gonyong",-7.85,-112.35,0,"SOM_candy",-39.614,-82.939,0,0,0,0,0,0,"",0,0,0,0,0,0,0,0,0,0
45,2,0,2,0,1,2,0,0,0,0,255,255,255,19,3226.861,"ʚEveɞ",R,14,110,-0.274,-1.986,-0.157,1.319,-36.39,1,0,339.544,367.029,6.729,0.089,-18.168,0,4,7,R,"紅さかな",172.5,95.324,0.45,0,45,0,0,0,0,0,0,0,0,0,0,0,0,0,0,0,0,-0.103,-36.947,0,"편하비_",-0.242,-17.402,0,"Riyaj",-20.888,-46.949,0,"Megu3568",-12.085,-62.7,0,"인생최패망자",18.28,-46.243,0,"Pring__",12.377,-65.469,0,"IbikiKai_JP",37.115,-91.309,0,"Gonyong",-7.858,-112.558,0,"SOM_candy",-41.188,-81.619,0,0,0,0,0,0,"",0,0,0,0,0,0,0,0,0,0
46,2,0,2,0,2,2,0,0,0,0,255,255,255,20,3242.02,"ʚEveɞ",R,27,140,0.23,0.277,0.017,1.503,-36.177,2,0,17.745,-112.326,7.715,0,0,1,4,7,R,"紅さかな",172.5,95.324,0.45,3,45,3243.13,79,15,73,47,19,110,125,115,4.601,7.077,0.75,0.027,-0.027,0.033,0,0.132,-36.308,0,"편하비_",0.11,-17.127,0,"Riyaj",-20.891,-46.925,0,"Megu3568",-11.293,-62.099,0,"인생최패망자",18.126,-46.247,0,"Pring__",12.043,-65.637,0,"IbikiKai_JP",37.12,-91.356,0,"Gonyong",-7.923,-112.566,0,"SOM_candy",-40.37,-81.546,0,3244.837,-5.765,-64.19,3246.904,7,"Gonyong",-10.105,-98.284,1,0,0,0,0,0,0,2
47,2,0,2,0,0,0,0,1,0,0,16,255,255,21,3274.605,"ʚEveɞ",R,28,133,-0.604,0.331,-0.061,1.524,-36.186,0,0,20.376,-62.203,6.407,0,0,0,5,6,R,"あおいぬ",174.1,80,0.397,0,59,0,0,0,0,0,0,0,0,0,0,0,0,0,0,0,0,-0.114,-36.863,0,"편하비_",0.047,-17.075,0,"Riyaj",-21.115,-45.876,0,"Megu3568",-10.707,-61.923,0,"인생최패망자",18.793,-45.573,0,"Pring__",9.709,-62.565,0,"IbikiKai_JP",34.621,-95.817,0,"Gonyong",-6.898,-114.599,0,"SOM_candy",-41.071,-87.761,0,0,0,0,0,0,"",0,0,0,0,0,0,0,0,0,0
48,2,0,2,0,0,1,0,1,0,0,16,255,255,22,3316.549,"ʚEveɞ",R,28,140,-0.376,0.711,-0.043,1.578,-36.211,2,0,28.849,-99.858,9.879,0,0,1,5,6,R,"あおいぬ",174.1,80,0.397,3,59,3317.646,94,11,80,41,14,92,134,93,-15.272,40.575,0.01,-0.001,-0.004,0.183,0,-0.112,-36.373,0,"편하비_",0.137,-17.266,0,"Riyaj",-21.042,-47.117,0,"Megu3568",-10.559,-61.331,0,"인생최패망자",19.739,-46.961,0,"Pring__",9.892,-62.494,0,"IbikiKai_JP",34.674,-95.893,0,"Gonyong",-7.202,-113.559,0,"SOM_candy",-43.65,-87.252,0,3317.821,-3.197,-22.562,3319.438,2,"Riyaj",-20.929,-42.696,1,0,0,0,0,0,0,2
49,2,0,2,0,0,0,0,1,1,0,255,16,255,23,3351.543,"ʚEveɞ",R,6,109,0.69,-0.927,-0.071,1.378,-36.231,0,0,448.214,213.075,68.571,0.546,-17.066,0,6,2,R,"P0TA0",190,97,0.384,0,59,0,0,0,0,0,0,0,0,0,0,0,0,0,0,0,0,-0.031,-36.81,0,"편하비_",0.454,-16.855,0,"Riyaj",-21.047,-47.452,0,"Megu3568",-10.702,-58.663,0,"인생최패망자",18.748,-44.957,0,"Pring__",8.199,-64.115,0,"IbikiKai_JP",35.516,-98.128,0,"Gonyong",-9.258,-114.184,0,"SOM_candy",-41.572,-85.349,0,0,0,0,0,0,"",0,0,0,0,0,0,0,0,0,0
50,2,0,2,0,0,1,0,1,1,0,255,16,255,24,3369.304,"ʚEveɞ",R,6,111,1.405,-1.144,-0.051,1.271,-36.297,1,0,500,0,51.605,0.788,-17.523,0,6,2,R,"P0TA0",190,97,0.384,0,59,0,0,0,0,0,0,0,0,0,0,0,0,0,0,0,0,0.155,-36.787,0,"편하비_",0.458,-17.138,0,"Riyaj",-21.401,-46.605,0,"Megu3568",-10.489,-58.324,0,"인생최패망자",17.956,-45.502,0,"Pring__",5.339,-63.349,0,"IbikiKai_JP",34.377,-99.313,0,"Gonyong",-9.872,-113.713,0,"SOM_candy",-43.337,-87.261,0,0,0,0,0,0,"",0,0,0,0,0,0,0,0,0,0
51,2,0,2,0,1,1,0,1,1,0,255,16,255,25,3388.772,"ʚEveɞ",R,27,140,2.617,1.122,0.231,1.672,-36.291,4,0,43.131,-131.545,5.35,0,0,1,6,2,R,"P0TA0",190,97,0.384,0,59,0,0,0,0,0,0,0,0,0,0,0,0,0,0,0,0,0.011,-36.677,0,"편하비_",0.177,-16.906,0,"Riyaj",-21.733,-47.478,0,"Megu3568",-9.326,-59.245,0,"인생최패망자",16.164,-45.077,0,"Pring__",7.692,-64.24,0,"IbikiKai_JP",34.358,-99.318,0,"Gonyong",-10.452,-114.235,0,"SOM_candy",-41.891,-86.461,0,0,0,0,0,0,"",0,0,0,0,0,0,0,0,0,0
52,2,0,2,0,1,2,0,1,1,0,255,16,255,26,3405.935,"ʚEveɞ",R,10,114,-0.7,-0.858,-0.065,1.472,-36.333,0,0,0,400,-1.749,-0.199,-17.799,1,6,2,R,"P0TA0",190,97,0.384,0,59,0,0,0,0,0,0,0,0,0,0,0,0,0,0,0,0,0.009,-36.686,0,"편하비_",-0.05,-17.396,0,"Riyaj",-20.729,-45.433,0,"Megu3568",-8.802,-60.063,0,"인생최패망자",16.793,-45.001,0,"Pring__",5.899,-62.536,0,"IbikiKai_JP",34.348,-99.353,0,"Gonyong",-10.492,-114.313,0,"SOM_candy",-41.337,-85.109,0,0,0,0,0,0,"",0,0,0,0,0,0,0,0,0,0
53,2,0,2,0,0,0,1,1,1,0,15,16,255,27,3432.488,"ʚEveɞ",R,28,132,-0.215,0.247,-0.027,1.511,-36.169,0,0,29.505,-94.273,13.293,0,0,0,7,1,R,"白霜らいふ",190,100.044,0.704,0,59,0,0,0,0,0,0,0,0,0,0,0,0,0,0,0,0,-0.075,-36.9,0,"편하비_",0.112,-17.098,0,"Riyaj",-21.432,-46.722,0,"Megu3568",-11.485,-61.043,0,"인생최패망자",19.525,-46.342,0,"Pring__",8.884,-64.691,0,"IbikiKai_JP",33.387,-100.775,0,"Gonyong",-1.402,-112.884,0,"SOM_candy",-42.178,-86.261,0,0,0,0,0,0,"",0,0,0,0,0,0,0,0,0,0
54,2,0,2,0,0,1,1,1,1,0,15,16,255,28,3450.37,"ʚEveɞ",R,14,88,1.74,0.211,0.016,1.815,-36.361,2,0,292.426,341.155,27.805,0,0,1,7,1,R,"白霜らいふ",190,100.044,0.704,3,59,3451.725,169,16,103,76,60,95,150,107,-1.236,-20.916,-0.03,-0.044,-0.032,0.05,0,-0.211,-36.713,0,"편하비_",0.108,-17.2,0,"Riyaj",-20.875,-47.378,0,"Megu3568",-11.431,-60.66,0,"인생최패망자",16.923,-47.173,0,"Pring__",11.458,-64.551,0,"IbikiKai_JP",34.985,-100.289,0,"Gonyong",-0.655,-109.413,0,"SOM_candy",-42.019,-87.171,0,3452.271,5.525,-35.276,3453.721,5,"Pring__",14.982,-59.884,0,0,0,0,0,0,0,2
55,2,0,2,0,0,0,2,0,1,1,255,15,16,29,3500.043,"ʚEveɞ",R,29,106,-2.127,0.456,-0.186,1.636,-36.281,1,0,-240.909,33.528,27.184,0,0,0,8,4,R,"Kenomo",190,80,0.469,0,59,0,0,0,0,0,0,0,0,0,0,0,0,0,0,0,0,-0.052,-36.979,0,"편하비_",-0.442,-17.006,0,"Riyaj",-20.622,-46.852,0,"Megu3568",-10.662,-62.034,0,"인생최패망자",18.555,-44.128,0,"Pring__",13.131,-64.684,0,"IbikiKai_JP",41.759,-95.355,0,"Gonyong",-7.341,-102.75,0,"SOM_candy",-38.151,-86.437,0,0,0,0,0,0,"",0,0,0,0,0,0,0,0,0,0
56,2,0,2,0,1,0,2,0,1,1,255,15,16,30,3514.938,"ʚEveɞ",R,27,140,0.019,0.158,-0.011,1.486,-36.174,2,0,47.751,-133.075,6.722,0,0,1,8,4,R,"Kenomo",190,80,0.469,3,59,3516.01,175,20,93,56,14,76,142,126,27.109,-0.07,0.27,-0.003,-0.049,0.064,0,-0.096,-36.222,0,"편하비_",0.118,-17.169,0,"Riyaj",-20.655,-47.063,0,"Megu3568",-11.709,-62.522,0,"인생최패망자",18.584,-43.434,0,"Pring__",11.892,-64.192,0,"IbikiKai_JP",41.806,-95.393,0,"Gonyong",-7.188,-106.219,0,"SOM_candy",-38.62,-83.403,0,3521.688,10.094,-134.748,3522.637,7,"Gonyong",10.177,-130.975,1,0,0,0,0,0,0,2
57,2,0,2,2,0,0,2,0,1,0,255,15,255,31,3549.091,"ʚEveɞ",R,26,140,-0.264,0.822,-0.037,1.575,-36.234,0,0,45.732,-189.118,6.544,0,0,0,0,3,L,"vovopo 보보포",175.3,90,0.6,0,59,0,0,0,0,0,0,0,0,0,0,0,0,0,0,0,0,-0.174,-36.829,0,"편하비_",-0.15,-16.896,0,"Riyaj",-20.262,-47.618,0,"Megu3568",-9.854,-59.926,0,"인생최패망자",18.713,-44.18,0,"Pring__",12.871,-64.966,0,"IbikiKai_JP",40.299,-89.872,0,"Gonyong",1.356,-112.221,0,"SOM_candy",-39.191,-87.884,0,0,0,0,0,0,"",0,0,0,0,0,0,0,0,0,0
58,2,0,2,2,0,1,2,0,1,0,255,15,255,32,3563.722,"ʚEveɞ",R,10,103,-0.28,-0.794,-0.026,1.526,-36.223,2,0,0,400,13.349,0,0,1,0,3,L,"vovopo 보보포",175.3,90,0.6,3,59,3564.919,75,31,123,119,50,139,131,111,-30,-35.544,0.87,0.039,-0.087,0.072,0,-0.216,-36.204,0,"편하비_",-0.31,-17.126,0,"Riyaj",-20.313,-47.625,0,"Megu3568",-10.506,-63.148,0,"인생최패망자",19.851,-45.579,0,"Pring__",10.898,-64.979,0,"IbikiKai_JP",40.609,-89.569,0,"Gonyong",3.252,-111.601,0,"SOM_candy",-39.116,-85.661,0,3565.054,0.709,-21.488,3566.404,4,"인생최패망자",14.87,-41.536,0,0,0,0,0,0,0,2
59,3,1,2,2,0,0,0,0,0,0,255,255,255,4,3631.229,"甲斐野柊太",R,10,97,1.065,-1.925,0.148,1.574,-36.735,2,0,0,400,0,0,0,1,1,0,L,"ʚEveɞ",190,95.3,0.401,3,59,3632.443,167,32,158,123,41,149,150,116,-30,-25.324,0.94,0.084,-0.1,0.034,0,-0.141,-37.138,0,"白霜らいふ",0.218,-16.772,0,"P0TA0",-20.666,-44.457,0,"vovopo 보보포",-9.54,-65.967,0,"Kenomo",19.256,-43.802,0,"shimenawa",14.217,-63.779,0,"あおいぬ",43.075,-86.315,0,"紅さかな",0.948,-115.609,0,"-Alta-",-39.086,-90.956,0,3632.571,0.318,-20.209,3635.821,6,"あおいぬ",29.152,-81.65,1,0,0,0,0,0,0,2
60,3,1,2,2,0,0,0,1,0,0,0,255,255,5,3664.834,"甲斐野柊太",R,10,73,-3.642,-2.737,-0.195,1.603,-37.686,1,0,18.129,400,0,-0.622,-22.397,0,2,7,R,"Gonyong",174.6,80,0.2,0,59,0,0,0,0,0,0,0,0,0,0,0,0,0,0,0,0,-0.307,-37.251,0,"白霜らいふ",-0.125,-17.147,0,"P0TA0",-18.363,-39.329,0,"vovopo 보보포",-7.37,-61.435,0,"Kenomo",16.843,-43.417,0,"shimenawa",5.193,-61.535,0,"あおいぬ",43.543,-89.847,0,"紅さかな",0.246,-115.688,0,"-Alta-",-47.283,-93.209,0,0,0,0,0,0,"",0,0,0,0,0,0,0,0,0,0
61,3,1,2,2,1,0,0,1,0,0,0,255,255,6,3682.722,"甲斐野柊太",R,28,129,-0.159,-0.75,0.045,1.841,-36.847,0,0,60.819,-71.398,0,0,0,0,2,7,R,"Gonyong",174.6,80,0.2,0,59,0,0,0,0,0,0,0,0,0,0,0,0,0,0,0,0,-0.385,-37.221,0,"白霜らいふ",0.053,-16.83,0,"P0TA0",-18.459,-39.381,0,"vovopo 보보포",-8.602,-63.061,0,"Kenomo",17.543,-44.343,0,"shimenawa",6.467,-63.077,0,"あおいぬ",43.299,-89.977,0,"紅さかな",0.5,-116.314,0,"-Alta-",-49.766,-90.958,0,0,0,0,0,0,"",0,0,0,0,0,0,0,0,0,0
62,3,1,2,2,1,1,0,1,0,0,0,255,255,7,3699.652,"甲斐野柊太",R,28,126,0.998,-0.405,0.079,1.747,-36.767,2,0,40.616,-56.143,0,0,0,1,2,7,R,"Gonyong",174.6,80,0.2,3,59,3700.565,187,15,104,65,25,133,150,124,28.039,28.893,0.61,-0.018,-0.025,0.059,0.048,-0.339,-37.012,0,"白霜らいふ",0.068,-16.917,0,"P0TA0",-18.376,-39.373,0,"vovopo 보보포",-14.943,-63.629,0,"Kenomo",18.58,-44.173,0,"shimenawa",11.573,-64.111,0,"あおいぬ",43.28,-89.598,0,"紅さかな",-0.329,-117.352,0,"-Alta-",-48.663,-92.462,0,3706.254,-67.803,-112.703,0,0,"",0,0,0,0,0,0,0,0,0,4
63,3,1,4,2,0,0,0,0,0,0,255,255,255,8,3743.935,"甲斐野柊太",R,10,96,2.045,-1.225,0.284,1.788,-36.806,2,0,0,385.36,0,0,0,1,3,5,L,"Pring__",179.9,94.516,0.485,3,59,3744.872,199,17,166,79,81,211,150,108,23.604,-17.86,0.94,0.022,-0.1,0.07,0,-0.02,-37.057,0,"白霜らいふ",0.15,-16.619,0,"P0TA0",-21.189,-44.426,0,"vovopo 보보포",-8.113,-66.232,0,"Kenomo",19.498,-44.305,0,"shimenawa",15.716,-63.561,0,"あおいぬ",43.71,-87.399,0,"紅さかな",0.961,-114.176,0,"-Alta-",-47.67,-90.611,0,0,0,0,3749.821,6,"あおいぬ",44.297,-101.105,0,0,0,0,0,0,0,1
64,3,1,4,2,0,0,1,0,0,0,255,255,255,9,3792.622,"甲斐野柊太",R,12,96,-2.618,0.137,-0.285,1.999,-36.993,1,0,0,100.764,0,0,0,0,4,4,R,"인생최패망자",190,80,0.401,0,82,0,0,0,0,0,0,0,0,0,0,0,0,0,0,0,0,-0.473,-37.188,0,"白霜らいふ",-0.105,-16.499,0,"P0TA0",-21.003,-44.572,0,"vovopo 보보포",-11.909,-62.639,0,"Kenomo",17.816,-44.046,0,"shimenawa",12.093,-64.693,0,"あおいぬ",41.821,-86.063,0,"紅さかな",0.818,-121.275,0,"-Alta-",-45.933,-94.154,0,0,0,0,0,0,"",0,0,0,0,0,0,0,0,0,0
65,3,1,4,2,1,0,1,0,0,0,255,255,255,10,3806.728,"甲斐野柊太",R,10,100,1.237,-0.753,0.118,1.758,-36.843,0,0,0,265.883,0,0,0,0,4,4,R,"인생최패망자",190,80,0.401,0,82,0,0,0,0,0,0,0,0,0,0,0,0,0,0,0,0,-0.208,-37.07,0,"白霜らいふ",0.07,-16.643,0,"P0TA0",-20.977,-44.376,0,"vovopo 보보포",-10.511,-62.592,0,"Kenomo",17.883,-44.162,0,"shimenawa",13.239,-63.867,0,"あおいぬ",42.183,-85.801,0,"紅さかな",0.945,-121.32,0,"-Alta-",-47.808,-93.463,0,0,0,0,0,0,"",0,0,0,0,0,0,0,0,0,0
66,3,1,4,2,1,1,1,0,0,0,255,255,255,11,3821.753,"甲斐野柊太",R,10,99,0.532,-2.144,0.074,1.498,-36.761,1,0,0,400,0,0,0,0,4,4,R,"인생최패망자",190,80,0.401,0,82,0,0,0,0,0,0,0,0,0,0,0,0,0,0,0,0,-0.237,-37.345,0,"白霜らいふ",0.042,-16.629,0,"P0TA0",-21.35,-44.541,0,"vovopo 보보포",-12.377,-60.96,0,"Kenomo",17.81,-44.103,0,"shimenawa",14.205,-64.387,0,"あおいぬ",42.21,-85.811,0,"紅さかな",-0.221,-122.528,0,"-Alta-",-47.892,-93.426,0,0,0,0,0,0,"",0,0,0,0,0,0,0,0,0,0
67,3,1,4,2,2,1,1,0,0,0,255,255,255,12,3837.668,"甲斐野柊太",R,1,85,-0.63,-0.692,0.024,2.102,-37.618,2,0,0,0,0,0,0,1,4,4,R,"인생최패망자",190,80,0.401,3,82,3838.999,90,13,74,61,72,39,136,95,26.08,-19.89,-0.11,-0.051,-0.158,0.031,0,-0.609,-37.246,0,"白霜らいふ",-0.055,-16.85,0,"P0TA0",-21.64,-44.565,0,"vovopo 보보포",-17.216,-62.312,0,"Kenomo",17.295,-44.433,0,"shimenawa",13.653,-65.19,0,"あおいぬ",42.149,-85.77,0,"紅さかな",0.07,-122.886,0,"-Alta-",-48.092,-93.752,0,3843.938,21.682,-98.987,3847.671,5,"shimenawa",25.983,-116.397,1,0,0,0,0,0,0,2
68,3,1,4,2,0,0,1,0,1,0,255,4,255,13,3878.216,"甲斐野柊太",R,6,94,2.113,-0.495,0.009,1.715,-36.749,4,0,394.756,7.979,0,0,0,1,5,8,L,"SOM_candy",179.8,85.364,0.503,0,59,0,0,0,0,0,0,0,0,0,0,0,0,0,0,0,0,-0.06,-37.286,0,"白霜らいふ",0.11,-16.487,0,"P0TA0",-20.79,-43.909,0,"vovopo 보보포",-5.765,-64.908,0,"Kenomo",19.402,-42.742,0,"shimenawa",9.461,-63.158,0,"あおいぬ",43.465,-85.079,0,"紅さかな",1.116,-123.755,0,"-Alta-",-43.494,-92.87,0,0,0,0,0,0,"",0,0,0,0,0,0,0,0,0,0
69,3,1,4,2,0,1,1,0,1,0,255,4,255,14,3896.946,"甲斐野柊太",R,27,135,-2.168,0.309,-0.227,1.845,-36.713,2,0,82.108,-143.686,0,0,0,1,5,8,L,"SOM_candy",179.8,85.364,0.503,3,59,3898.081,86,10,68,43,21,91,125,126,-30,-28.714,0.51,-0.053,-0.012,0.086,0,-0.418,-36.871,0,"白霜らいふ",-0.05,-16.826,0,"P0TA0",-20.811,-43.931,0,"vovopo 보보포",-11.196,-66.298,0,"Kenomo",18.428,-43.696,0,"shimenawa",13.233,-63.834,0,"あおいぬ",43.503,-84.995,0,"紅さかな",0.91,-124.251,0,"-Alta-",-43.486,-92.866,0,3898.204,0.33,-19.916,3901.504,7,"紅さかな",33.418,-81.177,1,48,0,0,0,0,0,2
70,3,0,4,2,0,0,0,0,0,0,255,255,255,33,3961.417,"ʚEveɞ",R,10,98,0.025,0.152,0.003,1.799,-36.363,0,0,0,400,15.03,0.042,-17.671,0,1,5,L,"shimenawa",174.6,94.582,0.2,0,104,0,0,0,0,0,0,0,0,0,0,0,0,0,0,0,0,-0.063,-36.861,0,"편하비_",0.088,-17.265,0,"Riyaj",-20.712,-47.228,0,"Megu3568",-11.954,-64.093,0,"인생최패망자",21.151,-47.438,0,"Pring__",12.422,-63.437,0,"IbikiKai_JP",41.655,-98.084,0,"Gonyong",0.858,-123.067,0,"SOM_candy",-42.532,-88.344,0,0,0,0,0,0,"",0,0,0,0,0,0,0,0,0,0
71,3,0,4,2,0,1,0,0,0,0,255,255,255,34,3978.451,"ʚEveɞ",R,26,138,-1.014,0.344,-0.108,1.505,-36.211,2,0,48.292,-154.406,-0.043,0,0,1,1,5,L,"shimenawa",174.6,94.582,0.2,3,104,3979.552,105,14,94,36,24,89,138,130,26.314,-4.475,0.47,-0.05,-0.02,0,0,-0.123,-36.368,0,"편하비_",-0.011,-16.991,0,"Riyaj",-20.748,-47.184,0,"Megu3568",-11.687,-63.3,0,"인생최패망자",21.612,-47.619,0,"Pring__",12.544,-63.55,0,"IbikiKai_JP",41.623,-98.058,0,"Gonyong",0.885,-123.495,0,"SOM_candy",-42.13,-87.192,0,3984.004,3.226,-126.49,3984.154,7,"Gonyong",3.263,-123.344,0,0,0,0,0,0,0,1
72,3,0,4,2,0,0,1,0,0,0,255,255,255,35,4005.853,"ʚEveɞ",R,29,131,-1.958,-0.056,-0.113,1.445,-36.299,1,0,-250,-120.068,52.189,0,0,0,2,8,L,"-Alta-",180.2,80,0.479,0,59,0,0,0,0,0,0,0,0,0,0,0,0,0,0,0,0,-0.175,-36.579,0,"편하비_",-0.292,-17.104,0,"Riyaj",-21.006,-48.146,0,"Megu3568",-9.22,-64.448,0,"인생최패망자",21.278,-46.629,0,"Pring__",9.911,-64.495,0,"IbikiKai_JP",38.425,-88.486,0,"Gonyong",1.161,-119.768,0,"SOM_candy",-34.949,-98.153,0,0,0,0,0,0,"",0,0,0,0,0,0,0,0,0,0
73,3,0,4,2,1,0,1,0,0,0,255,255,255,36,4020.953,"ʚEveɞ",R,14,108,0.429,0.142,-0.092,1.66,-36.327,0,0,337.247,363.336,8.963,0,0,1,2,8,L,"-Alta-",180.2,80,0.479,0,59,0,0,0,0,0,0,0,0,0,0,0,0,0,0,0,0,-0.04,-37.201,0,"편하비_",-0.166,-16.996,0,"Riyaj",-20.512,-47.594,0,"Megu3568",-10.241,-63.702,0,"인생최패망자",20.29,-45.049,0,"Pring__",11.028,-65.497,0,"IbikiKai_JP",41.008,-91.664,0,"Gonyong",0.955,-117.917,0,"SOM_candy",-37.629,-91.646,0,0,0,0,0,0,"",0,0,0,0,0,0,0,0,0,0
74,3,0,4,2,1,1,1,0,0,0,255,255,255,37,4036.787,"ʚEveɞ",R,6,104,1.58,-0.344,-0.051,1.434,-36.243,4,0,472.727,0,38.655,0,0,1,2,8,L,"-Alta-",180.2,80,0.479,0,59,0,0,0,0,0,0,0,0,0,0,0,0,0,0,0,0,0.119,-37.226,0,"편하비_",0.286,-17.234,0,"Riyaj",-20.461,-47.798,0,"Megu3568",-10.255,-63.725,0,"인생최패망자",19.301,-43.907,0,"Pring__",10.82,-64.29,0,"IbikiKai_JP",40.99,-91.681,0,"Gonyong",0.917,-118,0,"SOM_candy",-37.993,-88.536,0,0,0,0,0,0,"",0,0,0,0,0,0,0,0,0,0
75,3,0,4,2,1,2,1,0,0,0,255,255,255,38,4055.3,"ʚEveɞ",R,6,116,-0.77,-0.533,-0.239,1.396,-36.285,0,0,500,0,53.434,0,0,0,2,8,L,"-Alta-",180.2,80,0.479,0,59,0,0,0,0,0,0,0,0,0,0,0,0,0,0,0,0,-0.021,-37.093,0,"편하비_",-0.113,-17.168,0,"Riyaj",-19.28,-44.848,0,"Megu3568",-7.659,-62.849,0,"인생최패망자",20.213,-44.603,0,"Pring__",10.646,-65.631,0,"IbikiKai_JP",41.041,-91.707,0,"Gonyong",0.885,-117.725,0,"SOM_candy",-39.509,-96.592,0,0,0,0,0,0,"",0,0,0,0,0,0,0,0,0,0
76,3,0,4,2,0,0,2,0,0,0,255,255,255,39,4077.258,"ʚEveɞ",R,27,140,-0.79,1.088,-0.077,1.662,-36.262,2,0,11.028,-144.494,10.252,0,0,1,3,0,R,"甲斐野柊太",190,80,0.2,3,59,4078.408,255,13,126,55,33,149,150,101,102.053,-77.774,-0.21,0.105,0.019,0.09,0,-0.189,-36.458,0,"편하비_",-0.163,-17.187,0,"Riyaj",-20.143,-47.028,0,"Megu3568",-10.699,-61.869,0,"인생최패망자",15.084,-49.581,0,"Pring__",8.192,-65.542,0,"IbikiKai_JP",38.923,-93.481,0,"Gonyong",-3.181,-117.639,0,"SOM_candy",-45.392,-93.876,0,0,0,0,0,0,"",0,0,0,0,0,0,0,0,0,3
77,3,0,4,2,0,1,2,0,0,0,255,255,255,40,4094.451,"ʚEveɞ",R,29,123,-2.8,-0.438,-0.186,1.401,-36.246,1,0,-250,-6.368,52.712,-0.969,-17.398,0,3,0,R,"甲斐野柊太",190,80,0.2,0,59,0,0,0,0,0,0,0,0,0,0,0,0,0,0,0,0,-0.048,-37.087,0,"편하비_",-0.506,-17.178,0,"Riyaj",-20.532,-47.221,0,"Megu3568",-11.006,-62.823,0,"인생최패망자",15.265,-48.449,0,"Pring__",5.629,-62.258,0,"IbikiKai_JP",40.059,-86.416,0,"Gonyong",-1.896,-116.576,0,"SOM_candy",-45.234,-93.251,0,0,0,0,0,0,"",0,0,0,0,0,0,0,0,0,0
78,3,0,4,2,1,1,2,0,0,0,255,255,255,41,4110.887,"ʚEveɞ",R,26,140,0.201,0.408,0.004,1.516,-36.24,2,0,54.054,-200,17.024,0,0,1,3,0,R,"甲斐野柊太",190,80,0.2,3,59,4111.999,134,25,109,92,35,128,150,104,31.069,1.604,-0.14,0.072,0.003,0.044,0,-0.152,-36.177,0,"편하비_",0.104,-17.002,0,"Riyaj",-19.887,-47.018,0,"Megu3568",-10.935,-62.78,0,"인생최패망자",15.011,-48.431,0,"Pring__",8.605,-61.748,0,"IbikiKai_JP",40.08,-86.436,0,"Gonyong",-1.9,-116.662,0,"SOM_candy",-45.709,-93.606,0,4117.438,-8.502,-106.554,4117.521,7,"Gonyong",-8.17,-103.918,0,0,0,0,0,0,0,1
79,4,1,4,2,0,0,0,0,0,0,255,255,255,0,4397.716,"Kenomo",R,33,125,-2.227,-0.027,0.156,1.866,-36.91,2,0,127.35,-109.288,3.164,0,0,1,6,2,R,"Riyaj",190,80,0.2,3,59,4398.61,255,10,87,85,15,84,150,112,27.768,6.656,0.91,-0.014,-0.021,0.064,0,-0.182,-37.24,0,"白霜らいふ",-0.01,-16.771,0,"P0TA0",-21.923,-45.14,0,"vovopo 보보포",-17.614,-62.216,0,"甲斐野柊太",17.562,-45.098,0,"shimenawa",13.983,-63.447,0,"あおいぬ",41.765,-87.645,0,"紅さかな",0.337,-119.04,0,"-Alta-",-49.044,-94.802,0,4403.838,-29.871,-112.698,4406.438,7,"紅さかな",-29.95,-119.504,1,0,0,0,0,0,0,2
80,4,1,4,2,0,0,0,0,1,0,255,2,255,1,4430.659,"Kenomo",R,10,114,-0.008,-2.06,0.192,1.571,-36.87,4,0,-3.074,373.319,4.083,-0.018,-19.072,1,7,6,L,"IbikiKai_JP",174.5,90,0.5,0,59,0,0,0,0,0,0,0,0,0,0,0,0,0,0,0,0,0.078,-37.694,0,"白霜らいふ",0.131,-16.53,0,"P0TA0",-20.297,-43.87,0,"vovopo 보보포",-4.128,-65.03,0,"甲斐野柊太",17.967,-43.781,0,"shimenawa",14.123,-64.171,0,"あおいぬ",41.524,-87.339,0,"紅さかな",0.731,-117.584,0,"-Alta-",-46.731,-92.102,0,0,0,0,0,0,"",0,0,0,0,0,0,0,0,0,0
81,4,1,4,2,0,1,0,0,1,0,255,2,255,2,4443.951,"Kenomo",R,13,110,0.451,-0.767,0.263,1.604,-36.825,0,0,-228.322,253.858,0.117,0,0,1,7,6,L,"IbikiKai_JP",174.5,90,0.5,0,59,0,0,0,0,0,0,0,0,0,0,0,0,0,0,0,0,-0.014,-37.467,0,"白霜らいふ",0.157,-16.491,0,"P0TA0",-20.356,-44.036,0,"vovopo 보보포",-8.614,-66.342,0,"甲斐野柊太",18.856,-42.935,0,"shimenawa",12.988,-64.436,0,"あおいぬ",41.53,-87.27,0,"紅さかな",1.513,-116.919,0,"-Alta-",-46.732,-92.093,0,0,0,0,0,0,"",0,0,0,0,0,0,0,0,0,0
82,4,1,4,2,0,2,0,0,1,0,255,2,255,3,4460.174,"Kenomo",R,10,110,1.532,-0.997,0.255,1.6,-36.807,1,0,-44.032,344.432,6.559,0,0,0,7,6,L,"IbikiKai_JP",174.5,90,0.5,0,59,0,0,0,0,0,0,0,0,0,0,0,0,0,0,0,0,-0.011,-37.613,0,"白霜らいふ",0.154,-16.497,0,"P0TA0",-20.387,-44.016,0,"vovopo 보보포",-3.701,-67.273,0,"甲斐野柊太",18.391,-43.347,0,"shimenawa",11.855,-64.491,0,"あおいぬ",41.535,-87.156,0,"紅さかな",2.865,-118.58,0,"-Alta-",-46.727,-92.097,0,0,0,0,0,0,"",0,0,0,0,0,0,0,0,0,0
83,4,1,4,2,1,2,0,0,1,0,255,2,255,4,4475.713,"Kenomo",R,34,132,-2.012,-0.315,0.122,1.804,-36.918,2,0,77.084,-60.251,2.207,0,0,1,7,6,L,"IbikiKai_JP",174.5,90,0.5,3,59,4476.791,240,21,111,83,37,128,150,91,16.15,-37.394,-0.52,-0.008,0.001,0.043,0,-0.225,-37.17,0,"白霜らいふ",0.08,-16.696,0,"P0TA0",-20.292,-44.453,0,"vovopo 보보포",-10.856,-66.279,0,"甲斐野柊太",18.246,-45.371,0,"shimenawa",15.023,-63.788,0,"あおいぬ",39.536,-85.797,0,"紅さかな",3.152,-119.847,0,"-Alta-",-46.716,-92.09,0,4479.871,29.712,-70.301,4480.521,6,"あおいぬ",32.201,-74.775,1,64,0,0,0,0,0,2
84,4,1,4,2,0,0,1,1,0,0,6,255,255,5,4512.417,"Kenomo",R,13,104,-0.891,-0.62,0.144,1.596,-36.704,0,0,-340.887,346.412,5.436,0,0,1,8,1,R,"편하비_",183.2,86,0.455,0,59,0,0,0,0,0,0,0,0,0,0,0,0,0,0,0,0,0.01,-37.316,0,"白霜らいふ",-0.059,-16.656,0,"P0TA0",-18.534,-39.302,0,"vovopo 보보포",-9.152,-65.122,0,"甲斐野柊太",18.315,-43.235,0,"shimenawa",10.242,-63.522,0,"あおいぬ",40.692,-88.022,0,"紅さかな",-2.047,-118.217,0,"-Alta-",-47.448,-93.153,0,0,0,0,0,0,"",0,0,0,0,0,0,0,0,0,0
85,4,1,4,2,0,1,1,1,0,0,6,255,255,6,4529.371,"Kenomo",R,13,113,-2.039,-0.766,-0.034,1.532,-36.76,2,0,-348.294,358.736,11.11,0,0,1,8,1,R,"편하비_",183.2,86,0.455,2,59,4530.468,182,30,123,44,14,255,150,130,-11.095,14.832,0.58,-0.053,-0.038,0.311,0,-0.295,-37.168,0,"白霜らいふ",-0.069,-16.644,0,"P0TA0",-18.331,-39.33,0,"vovopo 보보포",-16.076,-63.046,0,"甲斐野柊太",16.897,-45.556,0,"shimenawa",13.148,-62.983,0,"あおいぬ",41.179,-87.165,0,"紅さかな",-1.728,-118.387,0,"-Alta-",-47.451,-93.145,0,4530.571,-1.248,-23.687,4532.171,3,"vovopo 보보포",-11.111,-60.301,1,0,0,0,0,0,0,2
86,4,1,4,2,0,0,2,1,0,0,1,255,255,7,4565.403,"Kenomo",R,3,105,-2.858,-0.085,-0.096,1.518,-36.792,1,0,-389.313,0,5.759,0,0,0,0,3,R,"Megu3568",175.3,86,0.404,0,59,0,0,0,0,0,0,0,0,0,0,0,0,0,0,0,0,-0.068,-37.765,0,"白霜らいふ",-0.122,-16.371,0,"P0TA0",-18.805,-39.258,0,"vovopo 보보포",-12.041,-63.385,0,"甲斐野柊太",17.472,-45.378,0,"shimenawa",11.493,-64.347,0,"あおいぬ",38.994,-86.489,0,"紅さかな",-0.944,-117.424,0,"-Alta-",-44.81,-90.544,0,0,0,0,0,0,"",0,0,0,0,0,0,0,0,0,0
87,4,1,4,2,1,0,2,1,0,0,1,255,255,8,4584.923,"Kenomo",R,27,140,0.641,-0.601,0.095,1.402,-36.674,2,0,52.915,-134.755,7.038,0,0,1,0,3,R,"Megu3568",175.3,86,0.404,3,59,4586.006,255,22,159,50,19,155,150,99,25.525,17.144,-0.13,-0.009,0.034,0.224,0,-0.046,-37.348,0,"白霜らいふ",0.087,-17.136,0,"P0TA0",-18.423,-39.358,0,"vovopo 보보포",-14.718,-63.438,0,"甲斐野柊太",17.571,-44.915,0,"shimenawa",14.331,-63.971,0,"あおいぬ",39.063,-86.374,0,"紅さかな",-1.359,-117.297,0,"-Alta-",-44.804,-90.545,0,4590.871,-38.948,-95.652,4591.038,8,"-Alta-",-37.56,-93.396,0,0,0,0,0,0,0,1
88,4,0,4,2,0,0,0,0,0,0,255,255,255,42,4646.458,"ʚEveɞ",R,27,140,-1.248,-0.03,-0.123,1.457,-36.232,0,0,25.357,-100.466,3.653,0,0,0,4,7,R,"紅さかな",172.5,95.324,0.45,0,59,0,0,0,0,0,0,0,0,0,0,0,0,0,0,0,0,0.042,-37.002,0,"편하비_",-0.185,-17.067,0,"Riyaj",-22.219,-49.147,0,"Megu3568",-10.906,-63.438,0,"인생최패망자",14.137,-47.446,0,"Pring__",11.602,-65.433,0,"IbikiKai_JP",35.831,-88.467,0,"Gonyong",0.77,-116.298,0,"SOM_candy",-46.608,-93.649,0,0,0,0,0,0,"",0,0,0,0,0,0,0,0,0,0
89,4,0,4,2,0,1,0,0,0,0,255,255,255,43,4663.394,"ʚEveɞ",R,6,98,0.709,0.184,-0.128,1.524,-36.179,2,0,445.455,0,4.644,0,0,1,4,7,R,"紅さかな",172.5,95.324,0.45,3,59,4664.779,152,14,87,47,21,104,139,106,19.574,22.074,0.11,0.014,-0.004,0.048,0,-0.085,-36.537,0,"편하비_",0.174,-17.136,0,"Riyaj",-22.203,-49.192,0,"Megu3568",-10.953,-63.351,0,"인생최패망자",14.166,-47.541,0,"Pring__",11.624,-65.43,0,"IbikiKai_JP",33.532,-90.859,0,"Gonyong",0.636,-117.594,0,"SOM_candy",-46.6,-93.591,0,4670.288,-40.654,-110.707,4671.938,8,"SOM_candy",-39.498,-112.839,1,0,0,0,0,0,0,2
90,4,0,4,2,0,0,0,0,1,0,255,16,255,44,4697.114,"ʚEveɞ",R,26,140,1.698,2.151,0.138,1.791,-36.357,1,0,69.715,-178.708,4.777,0.723,-17.957,0,5,6,R,"あおいぬ",174.1,80,0.397,0,59,0,0,0,0,0,0,0,0,0,0,0,0,0,0,0,0,0.049,-36.806,0,"편하비_",0.239,-17.154,0,"Riyaj",-22.585,-49.418,0,"Megu3568",-9.438,-61.498,0,"인생최패망자",16.758,-45.856,0,"Pring__",4.704,-62.868,0,"IbikiKai_JP",37.032,-91.712,0,"Gonyong",-0.369,-115.325,0,"SOM_candy",-42.877,-89.976,0,0,0,0,0,0,"",0,0,0,0,0,0,0,0,0,0
91,4,0,4,2,1,0,0,0,1,0,255,16,255,45,4714.684,"ʚEveɞ",R,10,92,-0.931,1.441,-0.092,2.065,-36.508,1,0,0,400,-6.083,-0.441,-17.811,0,5,6,R,"あおいぬ",174.1,80,0.397,0,59,0,0,0,0,0,0,0,0,0,0,0,0,0,0,0,0,0.095,-36.989,0,"편하비_",0.01,-17.135,0,"Riyaj",-22.483,-49.511,0,"Megu3568",-10.679,-62.059,0,"인생최패망자",15.84,-46.71,0,"Pring__",4.228,-62.095,0,"IbikiKai_JP",33.478,-91.416,0,"Gonyong",-0.417,-114.995,0,"SOM_candy",-45.608,-94.229,0,0,0,0,0,0,"",0,0,0,0,0,0,0,0,0,0
92,4,0,4,2,2,0,0,0,1,0,255,16,255,46,4734.859,"ʚEveɞ",R,28,140,0.015,-1.272,-0.008,1.258,-36.16,1,0,35.964,-91.006,13.595,0,0,0,5,6,R,"あおいぬ",174.1,80,0.397,0,59,0,0,0,0,0,0,0,0,0,0,0,0,0,0,0,0,0.048,-37.106,0,"편하비_",0.052,-17.212,0,"Riyaj",-22.27,-48.753,0,"Megu3568",-9.934,-62.801,0,"인생최패망자",18.08,-44.628,0,"Pring__",2.07,-61.548,0,"IbikiKai_JP",34.147,-92.725,0,"Gonyong",-0.347,-115.009,0,"SOM_candy",-46.278,-94.04,0,0,0,0,0,0,"",0,0,0,0,0,0,0,0,0,0
93,4,0,4,2,3,0,0,0,1,0,255,16,255,47,4753.375,"ʚEveɞ",R,6,106,-0.984,-0.21,-0.289,1.458,-36.234,0,0,481.818,0,29.554,0.188,-17.972,0,5,6,R,"あおいぬ",174.1,80,0.397,0,59,0,0,0,0,0,0,0,0,0,0,0,0,0,0,0,0,-0.041,-36.887,0,"편하비_",-0.171,-17.219,0,"Riyaj",-21.585,-49.774,0,"Megu3568",-10.559,-62.018,0,"인생최패망자",17.554,-45.688,0,"Pring__",5.918,-63.411,0,"IbikiKai_JP",34.136,-92.701,0,"Gonyong",-0.521,-117.476,0,"SOM_candy",-43.845,-90.255,0,0,0,0,0,0,"",0,0,0,0,0,0,0,0,0,0
94,4,0,4,2,3,1,0,0,1,0,255,16,255,48,4771.082,"ʚEveɞ",R,26,140,1.75,0.604,0.03,1.35,-36.223,2,0,22.778,-182.642,11.018,0,0,1,5,6,R,"あおいぬ",174.1,80,0.397,3,59,4772.233,136,17,81,50,12,79,139,95,-30.804,25.402,-0.1,-0.028,-0.013,0.098,0,-0.104,-36.301,0,"편하비_",0.053,-16.979,0,"Riyaj",-21.721,-49.611,0,"Megu3568",-11.783,-64.455,0,"인생최패망자",17.499,-47.85,0,"Pring__",6.15,-64.331,0,"IbikiKai_JP",34.148,-92.779,0,"Gonyong",-0.419,-117.506,0,"SOM_candy",-45.321,-92.217,0,4772.354,-0.455,-21.091,4776.571,8,"SOM_candy",-30.659,-79.964,1,0,0,0,0,0,0,2
95,4,0,4,2,0,0,0,1,0,1,15,255,16,49,4920.849,"ʚEveɞ",R,6,107,-1.002,-1.084,-0.265,1.284,-36.292,1,0,486.364,0,52.441,0.248,-17.428,0,6,2,R,"P0TA0",190,97,0.384,0,59,0,0,0,0,0,0,0,0,0,0,0,0,0,0,0,0,-0.031,-36.913,0,"Megu3568",0.014,-17.438,0,"Riyaj",-20.933,-44.331,0,"편하비_",-14.606,-64.004,0,"인생최패망자",18.432,-41.222,0,"Pring__",4.958,-61.291,0,"IbikiKai_JP",37.282,-101.507,0,"Gonyong",0.054,-116.483,0,"SOM_candy",-45.935,-90.032,0,0,0,0,0,0,"",0,0,0,0,0,0,0,0,0,0
96,4,0,4,2,1,0,0,0,1,1,255,15,16,50,4943.046,"ʚEveɞ",R,26,140,0.306,-0.917,0.015,1.262,-36.195,0,0,51.213,-195.493,14.598,0,0,0,6,2,R,"P0TA0",190,97,0.384,0,59,0,0,0,0,0,0,0,0,0,0,0,0,0,0,0,0,-0.075,-36.888,0,"Megu3568",0.187,-16.863,0,"Riyaj",-20.266,-46.499,0,"편하비_",-13.676,-63.561,0,"인생최패망자",18.867,-41.836,0,"Pring__",4.503,-63.596,0,"IbikiKai_JP",37.538,-101.461,0,"Gonyong",0.056,-116.76,0,"SOM_candy",-45.765,-89.756,0,0,0,0,0,0,"",0,0,0,0,0,0,0,0,0,0
97,4,0,4,2,1,1,0,0,1,1,255,15,16,51,4964.253,"ʚEveɞ",R,14,90,-1.23,-0.533,-0.423,1.58,-36.312,0,0,325.377,303.065,27.784,0,0,1,6,2,R,"P0TA0",190,97,0.384,0,59,0,0,0,0,0,0,0,0,0,0,0,0,0,0,0,0,0.044,-37.094,0,"Megu3568",-0.033,-17.036,0,"Riyaj",-19.826,-46.182,0,"편하비_",-14.766,-62.925,0,"인생최패망자",17.272,-43.855,0,"Pring__",2.071,-61.285,0,"IbikiKai_JP",36.082,-95.348,0,"Gonyong",0.046,-116.701,0,"SOM_candy",-45.675,-90.553,0,0,0,0,0,0,"",0,0,0,0,0,0,0,0,0,0
98,4,0,4,2,1,2,0,0,1,1,255,15,16,52,4988.732,"ʚEveɞ",R,14,95,3.709,-2.529,-0.023,1.334,-36.256,2,0,337.193,312.348,43.703,0.663,-20.748,1,6,2,R,"P0TA0",190,97,0.384,3,59,4989.677,155,19,125,79,70,121,150,103,-21.238,-21.142,-0.19,-0.055,-0.035,0.035,0,0.001,-36.538,0,"Megu3568",0.246,-16.942,0,"Riyaj",-20.062,-46.859,0,"편하비_",-14.768,-62.945,0,"인생최패망자",17.301,-41.967,0,"Pring__",3.863,-63.028,0,"IbikiKai_JP",36.006,-96.943,0,"Gonyong",0.08,-116.802,0,"SOM_candy",-45.771,-90.668,0,4990.738,11.354,-41.344,4991.188,4,"인생최패망자",12.481,-43.32,1,16,0,0,0,0,0,2
99,4,0,4,2,0,0,1,1,0,1,11,255,15,53,5123.454,"ʚEveɞ",R,6,92,0.016,-0.871,-0.306,1.246,-36.274,0,0,418.182,0,44.743,0,0,0,7,1,R,"白霜らいふ",190,100.044,0.704,0,36,0,0,0,0,0,0,0,0,0,0,0,0,0,0,0,0,-0.002,-36.921,0,"Megu3568",-0.944,-18.555,0,"Riyaj",-20.221,-46.853,0,"편하비_",-13.74,-61.213,0,"인생최패망자",18.423,-42.738,0,"Pring__",2.028,-61.701,0,"IbikiKai_JP",36.811,-101.871,0,"Gonyong",0.13,-114.848,0,"SOM_candy",-44.079,-92.036,0,0,0,0,0,0,"",0,0,0,0,0,0,0,0,0,0
100,4,0,4,2,0,1,1,1,0,1,11,255,15,54,5147.751,"ʚEveɞ",R,26,123,0.469,0.762,0.059,1.613,-36.306,2,0,14.226,-193.421,13.416,0,0,1,7,1,R,"白霜らいふ",190,100.044,0.704,3,36,5148.83,138,22,94,72,71,94,143,121,26.831,-4.825,0.19,-0.052,-0.074,0.082,0,-0.138,-36.239,0,"Megu3568",0.186,-16.937,0,"Riyaj",-21.492,-47.855,0,"편하비_",-13.749,-61.217,0,"인생최패망자",18.769,-43.067,0,"Pring__",9.358,-64.984,0,"IbikiKai_JP",36.769,-101.742,0,"Gonyong",0.167,-114.829,0,"SOM_candy",-43.316,-93.487,0,5153.504,-5.186,-122.385,5153.721,7,"Gonyong",-4.851,-119.73,0,0,0,0,0,0,0,1
101,4,0,4,3,0,0,2,1,0,0,11,255,255,55,5214.211,"ʚEveɞ",R,6,93,-0.119,0.181,-0.312,1.546,-36.306,2,0,422.727,0,21.052,0,0,1,8,0,R,"Kenomo",190,80,0.469,3,59,5215.437,238,12,51,77,64,43,134,130,-30,8.289,0.51,-0.02,-0.044,0,0.238,-0.16,-36.859,0,"Megu3568",-0.011,-16.741,0,"Riyaj",-21.003,-47.688,0,"편하비_",-14.529,-64.096,0,"인생최패망자",16.035,-48.211,0,"Pring__",10.083,-64.81,0,"IbikiKai_JP",35.062,-102.953,0,"Gonyong",-0.052,-117.86,0,"SOM_candy",-41.197,-92.193,0,5215.588,-0.356,-22.822,5219.738,7,"Gonyong",3.734,-99.71,1,0,0,0,0,0,0,2
102,4,0,4,3,0,0,2,1,1,0,255,11,255,56,5254.152,"ʚEveɞ",R,14,114,0.592,-1.198,-0.086,1.404,-36.366,2,0,390.434,312.348,36.639,0,0,1,0,3,L,"vovopo 보보포",175.3,90,0.6,3,59,5255.287,231,22,147,133,41,188,150,103,-30,-24.255,0.95,0.026,-0.083,0.073,0,0.015,-36.603,0,"Megu3568",0.418,-16.905,0,"Riyaj",-20.889,-48.822,0,"편하비_",-10.688,-63.304,0,"인생최패망자",19.88,-45.647,0,"Pring__",11.769,-64.264,0,"IbikiKai_JP",39.815,-96.544,0,"Gonyong",2.68,-114.246,0,"SOM_candy",-41.099,-89.617,0,5255.421,0.508,-21.735,5259.521,6,"IbikiKai_JP",26.957,-85.908,1,0,0,0,0,0,0,2
103,4,0,4,3,0,0,2,1,1,1,12,9,11,57,5294.907,"ʚEveɞ",R,6,103,-0.494,-1.429,-0.243,1.26,-36.253,1,0,468.182,0,46.362,0,0,0,1,5,L,"shimenawa",174.6,94.582,0.2,0,102,0,0,0,0,0,0,0,0,0,0,0,0,0,0,0,0,-0.024,-36.942,0,"Megu3568",0.071,-16.965,0,"Riyaj",-20.55,-48.922,0,"편하비_",-11.822,-64.959,0,"인생최패망자",19.168,-43.475,0,"Pring__",14.829,-62.876,0,"IbikiKai_JP",41.088,-97.705,0,"Gonyong",0.619,-120.519,0,"SOM_candy",-43.324,-94.388,0,0,0,0,0,0,"",0,0,0,0,0,0,0,0,0,0
104,4,0,4,3,1,0,2,1,1,1,12,9,11,58,5318.254,"ʚEveɞ",R,26,140,0.668,1.712,0.049,1.719,-36.319,1,0,45.167,-190.422,1.593,0,0,0,1,5,L,"shimenawa",174.6,94.582,0.2,0,59,0,0,0,0,0,0,0,0,0,0,0,0,0,0,0,0,-0.08,-36.896,0,"Megu3568",-0.078,-16.683,0,"Riyaj",-20.739,-48.69,0,"편하비_",-11.9,-65.308,0,"인생최패망자",19.771,-43.796,0,"Pring__",14.834,-62.91,0,"IbikiKai_JP",41.149,-97.781,0,"Gonyong",3.134,-121.697,0,"SOM_candy",-42.167,-96.249,0,0,0,0,0,0,"",0,0,0,0,0,0,0,0,0,0
105,4,0,4,3,2,0,2,1,1,1,12,9,11,59,5337.058,"ʚEveɞ",R,28,140,-0.217,-0.035,-0.024,1.46,-36.137,0,0,15.225,-88.064,10.536,0,0,1,1,5,L,"shimenawa",174.6,94.582,0.2,0,59,0,0,0,0,0,0,0,0,0,0,0,0,0,0,0,0,-0.058,-36.833,0,"Megu3568",-0.044,-17.014,0,"Riyaj",-20.71,-48.7,0,"편하비_",-10.515,-65.492,0,"인생최패망자",19.425,-43.023,0,"Pring__",14.88,-63.038,0,"IbikiKai_JP",40.579,-97.009,0,"Gonyong",3.201,-121.342,0,"SOM_candy",-41.998,-95.937,0,0,0,0,0,0,"",0,0,0,0,0,0,0,0,0,0
106,4,0,4,3,2,1,2,1,1,1,12,9,11,60,5360.614,"ʚEveɞ",R,14,107,0.859,-0.641,-0.045,1.54,-36.263,2,0,314.174,381.684,14.848,0,0,1,1,5,L,"shimenawa",174.6,94.582,0.2,3,102,5361.847,82,9,54,41,27,75,103,64,109.558,68.29,0.97,-0.055,-0.066,0,0,-0.134,-36.496,0,"Megu3568",-0.025,-16.862,0,"Riyaj",-22.115,-50.188,0,"편하비_",-12.393,-65.055,0,"인생최패망자",19.456,-44.318,0,"Pring__",14.711,-62.965,0,"IbikiKai_JP",40.593,-97.032,0,"Gonyong",3.248,-121.287,0,"SOM_candy",-41.907,-95.742,0,0,0,0,0,0,"",0,0,0,0,0,0,0,0,0,3
107,4,0,4,3,2,2,2,1,1,1,12,9,11,61,5385.317,"ʚEveɞ",R,6,86,-0.092,-0.616,-0.31,1.347,-36.262,0,0,390.909,0,0,0,0,1,1,5,L,"shimenawa",174.6,94.582,0.2,0,102,0,0,0,0,0,0,0,0,0,0,0,0,0,0,0,0,-0.047,-36.974,0,"Megu3568",0.001,-17.089,0,"Riyaj",-21.488,-49.784,0,"편하비_",-10.293,-65.101,0,"인생최패망자",18.378,-42.174,0,"Pring__",13.756,-62.782,0,"IbikiKai_JP",43.107,-97.28,0,"Gonyong",0.433,-123.526,0,"SOM_candy",-42.945,-96.475,0,0,0,0,0,0,"",0,0,0,0,0,0,0,0,0,0
108,5,1,4,3,0,0,0,0,0,0,255,255,255,9,5449.534,"Kenomo",R,13,93,0.324,-1.294,0.335,1.56,-36.881,2,0,-328.587,314.564,2.168,0,0,0,1,0,L,"ʚEveɞ",190,95.3,0.401,3,59,5450.8,172,25,144,88,43,168,150,129,-30,24.699,0.56,0.091,-0.074,0.111,0,0.01,-37.188,0,"白霜らいふ",0.196,-16.673,0,"P0TA0",-21.104,-44.154,0,"vovopo 보보포",-11.128,-65.252,0,"甲斐野柊太",17.965,-43.616,0,"shimenawa",15.005,-63.728,0,"あおいぬ",41.27,-86.433,0,"紅さかな",0.557,-117.822,0,"-Alta-",-41.983,-95.714,0,5450.955,-0.302,-21.039,5454.138,8,"-Alta-",-30.748,-86.866,1,0,0,0,0,0,0,2
109,5,1,4,3,0,0,0,1,0,0,0,255,255,10,5484.428,"Kenomo",R,28,129,0.849,2.169,0.138,1.87,-36.912,1,0,60.924,-89.079,5.169,0.457,-17.995,0,2,7,R,"Gonyong",174.6,80,0.2,0,59,0,0,0,0,0,0,0,0,0,0,0,0,0,0,0,0,-0.13,-37.216,0,"白霜らいふ",0,-16.962,0,"P0TA0",-18.38,-39.379,0,"vovopo 보보포",-13.783,-62.488,0,"甲斐野柊太",17.658,-44.783,0,"shimenawa",8.607,-62.062,0,"あおいぬ",41.858,-89.311,0,"紅さかな",-0.949,-113.558,0,"-Alta-",-42.006,-99.192,0,0,0,0,0,0,"",0,0,0,0,0,0,0,0,0,0
110,5,1,4,3,1,0,0,1,0,0,0,255,255,11,5507.91,"Kenomo",R,13,106,-1.928,-1.029,0.125,1.667,-36.927,2,0,-354.508,338.616,9.368,0,0,1,2,7,R,"Gonyong",174.6,80,0.2,3,59,5508.902,27,23,50,83,69,50,31,41,-80.008,79.057,0.92,-0.068,-0.045,0,0.095,0.049,-37.11,0,"白霜らいふ",0.004,-16.782,0,"P0TA0",-18.331,-39.63,0,"vovopo 보보포",-17.923,-61.869,0,"甲斐野柊太",17.793,-45.393,0,"shimenawa",13.642,-64.638,0,"あおいぬ",41.837,-89.261,0,"紅さかな",0.329,-118.842,0,"-Alta-",-46.958,-102.531,0,5509.038,-0.807,-19.86,0,0,"",0,0,0,0,0,0,0,0,0,3
111,5,1,4,3,1,1,0,1,0,0,0,255,255,12,5534.303,"Kenomo",R,10,109,1.004,-1.142,0.203,1.585,-36.829,2,0,-89.415,307.488,3.15,0,0,1,2,7,R,"Gonyong",174.6,80,0.2,3,59,5535.254,135,16,70,82,61,43,139,113,-15.047,-21.135,0.87,-0.03,-0.038,0.018,0.095,-0.104,-37.155,0,"白霜らいふ",0.067,-16.796,0,"P0TA0",-18.596,-39.379,0,"vovopo 보보포",-9.017,-62.843,0,"甲斐野柊太",16.917,-44.871,0,"shimenawa",4.249,-59.885,0,"あおいぬ",44.021,-90.758,0,"紅さかな",-0.693,-120.256,0,"-Alta-",-48.985,-99.648,0,5535.388,0.792,-22.084,5538.805,6,"あおいぬ",26.827,-93.43,1,0,0,0,0,0,0,2
112,5,1,4,3,0,0,0,1,1,0,7,0,255,13,5582.601,"Kenomo",R,28,134,0.191,1.375,0.041,1.751,-36.845,2,1,86.518,-86.888,4.727,0,0,1,3,5,L,"Pring__",179.9,94.516,0.485,3,59,5583.441,160,16,108,67,31,122,150,114,-30,-31.399,0.93,-0.015,-0.035,0.244,0,-0.289,-37.036,0,"白霜らいふ",0.009,-17.007,0,"P0TA0",-19.846,-43.438,0,"vovopo 보보포",-10.503,-66.189,0,"甲斐野柊太",17.729,-43.881,0,"shimenawa",15.411,-63.483,0,"あおいぬ",42.733,-87.557,0,"紅さかな",-0.096,-119.141,0,"-Alta-",-40.568,-103.033,0,5583.555,1.438,-21.969,5584.921,4,"甲斐野柊太",14.359,-42.768,1,2,0,0,0,0,0,2
113,5,1,4,3,0,0,2,0,1,0,255,255,255,14,5901.141,"Kenomo",R,10,122,-0.959,-1.089,0.028,1.581,-36.859,2,0,-56.594,400,3.561,0,0,1,4,4,R,"인생최패망자",190,80,0.401,3,82,5902.227,255,14,106,102,42,116,150,130,27.837,-25.66,0.51,0.017,-0.057,0.044,0,-0.09,-37.278,0,"白霜らいふ",-0.029,-16.994,0,"P0TA0",-20.64,-44.804,0,"vovopo 보보포",-17.565,-61.756,0,"甲斐野柊太",16.399,-44.874,0,"shimenawa",13.921,-63.524,0,"あおいぬ",41.092,-88.929,0,"紅さかな",1.073,-118.203,0,"-Alta-",-46.515,-95.105,0,5908.138,45.16,-135.965,0,0,"",0,0,0,0,0,0,0,0,0,4
114,5,1,6,3,0,0,2,0,0,0,255,255,255,15,5949.486,"Kenomo",R,28,136,-0.077,0.758,0.022,1.648,-36.72,0,0,68.619,-74.604,5.116,0,0,0,5,8,L,"SOM_candy",179.8,85.364,0.503,0,58,0,0,0,0,0,0,0,0,0,0,0,0,0,0,0,0,0.036,-37.349,0,"白霜らいふ",0.036,-16.74,0,"P0TA0",-20.762,-44.829,0,"vovopo 보보포",-10.342,-65.293,0,"甲斐野柊太",17.351,-44.026,0,"shimenawa",14.429,-63.768,0,"あおいぬ",40.215,-83.255,0,"紅さかな",0.366,-122.611,0,"-Alta-",-43.978,-97.569,0,0,0,0,0,0,"",0,0,0,0,0,0,0,0,0,0
115,5,1,6,3,0,1,2,0,0,0,255,255,255,16,5969.04,"Kenomo",R,27,138,-1.75,0.028,-0.141,1.504,-36.708,2,0,93.847,-143.224,5.546,0,0,1,5,8,L,"SOM_candy",179.8,85.364,0.503,3,58,5970.122,135,6,63,31,11,68,121,88,-30,-19.701,0.95,-0.036,-0.011,0.104,0,-0.212,-37.046,0,"白霜らいふ",-0.035,-16.833,0,"P0TA0",-20.554,-44.801,0,"vovopo 보보포",-10.092,-65.948,0,"甲斐野柊太",17.479,-44.079,0,"shimenawa",14.546,-63.81,0,"あおいぬ",41.355,-84.673,0,"紅さかな",0.407,-122.549,0,"-Alta-",-45.04,-98.445,0,5970.254,0.173,-20.142,5972.638,5,"shimenawa",14.748,-56.105,0,32,0,0,0,0,0,2
116,5,0,6,3,0,0,0,0,0,0,255,255,255,62,6051.204,"ʚEveɞ",R,32,139,0.199,-0.092,-0.026,1.219,-36.334,2,0,158.271,141.407,15.6,0,0,1,2,8,L,"-Alta-",180.2,80,0.479,3,58,6052.289,149,9,123,39,15,157,149,130,-30,-39.206,0.6,0.047,-0.078,0.208,0,-0.203,-36.346,0,"Megu3568",0.109,-16.935,0,"Riyaj",-21.542,-47.507,0,"Pring__",-15.684,-62.87,0,"인생최패망자",19.836,-45.84,0,"편하비_",14.272,-63.961,0,"IbikiKai_JP",46.172,-93.134,0,"Gonyong",0.984,-117.606,0,"SOM_candy",-37.426,-98.727,0,6052.421,1.176,-20.311,6053.738,4,"인생최패망자",18.379,-41.188,0,0,0,0,0,0,0,2
117,5,0,6,3,0,0,1,0,0,0,255,255,255,63,6083.029,"ʚEveɞ",R,6,115,-1.471,-0.375,-0.29,1.124,-36.324,0,0,500,0,97.195,0,0,0,3,4,R,"甲斐野柊太",190,80,0.2,0,58,0,0,0,0,0,0,0,0,0,0,0,0,0,0,0,0,-0.186,-37.173,0,"Megu3568",-0.013,-16.873,0,"Riyaj",-21.82,-48.59,0,"Pring__",-15.257,-62.728,0,"인생최패망자",14.415,-48.025,0,"편하비_",7.806,-66.328,0,"IbikiKai_JP",44.836,-93.021,0,"Gonyong",0.509,-119.323,0,"SOM_candy",-49.006,-97.593,0,0,0,0,0,0,"",0,0,0,0,0,0,0,0,0,0
118,5,0,6,3,0,1,1,0,0,0,255,255,255,64,6106.623,"ʚEveɞ",R,10,117,0.25,-0.875,0.023,1.169,-36.345,2,0,0,400,11.429,0,0,1,3,4,R,"甲斐野柊太",190,80,0.2,3,35,6107.804,128,24,119,98,49,140,150,126,-30,-30.657,0.76,0.024,-0.027,0,0.048,-0.015,-36.68,0,"Megu3568",0.025,-16.847,0,"Riyaj",-21.43,-48.582,0,"Pring__",-15.295,-62.728,0,"인생최패망자",14.948,-48.746,0,"편하비_",7.848,-66.938,0,"IbikiKai_JP",44.901,-93.097,0,"Gonyong",1.895,-119.024,0,"SOM_candy",-48.888,-97.487,0,6107.971,0.615,-20.68,6111.171,6,"IbikiKai_JP",36.567,-81.616,1,0,0,0,0,0,0,2
119,5,0,6,3,0,0,1,1,0,0,13,255,255,65,6165.874,"ʚEveɞ",R,33,128,0.019,-0.941,-0.031,1.065,-36.186,0,0,105.428,70.993,6.944,0,0,0,4,7,R,"紅さかな",172.5,95.324,0.45,0,58,0,0,0,0,0,0,0,0,0,0,0,0,0,0,0,0,-0.112,-37.237,0,"Megu3568",-0.724,-18.217,0,"Riyaj",-21.211,-45.694,0,"Pring__",-10.965,-60.189,0,"인생최패망자",17.039,-45.671,0,"편하비_",5.59,-65,0,"IbikiKai_JP",40.323,-91.986,0,"Gonyong",0.596,-113.077,0,"SOM_candy",-45.471,-89.706,0,0,0,0,0,0,"",0,0,0,0,0,0,0,0,0,0
120,5,0,6,3,0,1,1,1,0,0,13,255,255,66,6410.23,"ʚEveɞ",R,35,131,0.388,-0.244,-0.011,1.215,-36.34,0,0,152.793,196.643,12.133,0,0,0,4,7,R,"紅さかな",172.5,95.324,0.45,0,46,0,0,0,0,0,0,0,0,0,0,0,0,0,0,0,0,-0.238,-37.186,0,"Megu3568",-0.299,-17.193,0,"Riyaj",-20.249,-45.672,0,"Pring__",-13.694,-62.151,0,"인생최패망자",16.825,-45.164,0,"편하비_",7.344,-65.619,0,"IbikiKai_JP",38.835,-92.48,0,"Gonyong",-0.348,-119.985,0,"SOM_candy",-46.606,-93.317,0,0,0,0,0,0,"",0,0,0,0,0,0,0,0,0,0
121,5,0,6,3,0,2,1,1,0,0,13,255,255,67,6430.154,"ʚEveɞ",R,0,122,-0.14,-0.153,-0.013,1.168,-36.208,0,0,0,0,3.943,0,0,1,4,7,R,"紅さかな",172.5,95.324,0.45,0,46,0,0,0,0,0,0,0,0,0,0,0,0,0,0,0,0,-0.165,-37.032,0,"Megu3568",-1.106,-18.179,0,"Riyaj",-21.398,-46.16,0,"Pring__",-12.576,-63.38,0,"인생최패망자",17.138,-45.743,0,"편하비_",6.255,-64.951,0,"IbikiKai_JP",38.88,-92.442,0,"Gonyong",-0.354,-119.987,0,"SOM_candy",-45.869,-93.622,0,0,0,0,0,0,"",0,0,0,0,0,0,0,0,0,0
122,5,0,6,3,0,0,2,1,0,0,13,255,255,68,6462.921,"ʚEveɞ",R,35,134,0.824,-0.858,0.029,1.108,-36.189,2,0,166.506,187.643,3.229,0,0,1,5,6,R,"あおいぬ",174.1,80,0.397,3,58,6464.06,142,16,66,66,30,37,138,120,-30,-26.842,0.23,-0.024,-0.015,0.026,0,-0.266,-36.355,0,"Megu3568",0.087,-16.763,0,"Riyaj",-21.25,-48.091,0,"Pring__",-11.037,-63.364,0,"인생최패망자",16.935,-48.228,0,"편하비_",10.041,-64.2,0,"IbikiKai_JP",38.514,-94.024,0,"Gonyong",-0.21,-120.047,0,"SOM_candy",-47.773,-96.467,0,6464.138,0.65,-20.773,6467.388,6,"IbikiKai_JP",31.802,-82.21,1,0,0,0,0,0,0,2
123,5,0,6,3,0,0,2,1,1,0,15,13,255,69,6501.475,"ʚEveɞ",R,33,131,0.99,0.244,0.049,1.279,-36.181,0,0,143.833,126.649,14.243,0,0,0,6,2,R,"P0TA0",190,97,0.384,0,58,0,0,0,0,0,0,0,0,0,0,0,0,0,0,0,0,-0.259,-36.934,0,"Megu3568",0.881,-18.744,0,"Riyaj",-20.742,-47.71,0,"Pring__",-7.271,-63.818,0,"인생최패망자",18.302,-44.503,0,"편하비_",13.541,-63.559,0,"IbikiKai_JP",39.503,-95.296,0,"Gonyong",-0.805,-118.794,0,"SOM_candy",-44.071,-95.711,0,0,0,0,0,0,"",0,0,0,64,0,0,0,0,0,0
124,5,0,6,3,0,1,2,1,1,0,15,13,255,70,6524.592,"ʚEveɞ",R,35,128,-1.827,0.243,-0.207,1.3,-36.183,2,0,119.431,189.499,13.865,0,0,1,6,2,R,"P0TA0",190,97,0.384,3,58,6525.577,169,9,92,28,8,76,139,118,-30,21.291,0.85,0.083,0.034,0.125,0,-0.194,-36.606,0,"Megu3568",-0.166,-16.832,0,"Riyaj",-20.448,-47.045,0,"Pring__",-13.753,-63.088,0,"인생최패망자",17.55,-46.716,0,"편하비_",11.442,-63.838,0,"IbikiKai_JP",39.525,-94.902,0,"Gonyong",-0.851,-118.854,0,"SOM_candy",-43.351,-95.526,0,6525.638,-0.971,-19.279,6527.655,3,"Pring__",-15.924,-57.418,0,0,0,0,0,0,0,2
125,6,1,6,3,0,0,0,0,0,0,255,255,255,17,6577.145,"Kenomo",R,13,108,-3.458,-1.713,-0.09,1.417,-36.852,1,0,-315.094,347.509,5.16,0,0,0,6,2,R,"Riyaj",190,80,0.2,0,58,0,0,0,0,0,0,0,0,0,0,0,0,0,0,0,0,0.002,-37.534,0,"白霜らいふ",-0.068,-16.727,0,"P0TA0",-20.671,-44.463,0,"vovopo 보보포",-15.208,-63.841,0,"甲斐野柊太",15.414,-44.938,0,"shimenawa",13.449,-63.339,0,"あおいぬ",38.975,-86.818,0,"紅さかな",0.681,-118.213,0,"-Alta-",-43.301,-94.797,0,0,0,0,0,0,"",0,0,0,0,0,0,0,0,0,0
126,6,1,6,3,1,0,0,0,0,0,255,255,255,18,6590.29,"Kenomo",R,34,140,1.402,0.229,0.151,1.591,-36.771,2,0,90.88,-90.032,3.208,0,0,1,6,2,R,"Riyaj",190,80,0.2,3,58,6591.093,171,4,80,65,46,117,140,96,92.756,-62.017,-0.42,-0.016,-0.027,0.1,0,-0.067,-37.039,0,"白霜らいふ",0.076,-16.83,0,"P0TA0",-20.706,-44.471,0,"vovopo 보보포",-16.069,-63.494,0,"甲斐野柊太",15.401,-44.986,0,"shimenawa",14.521,-64.653,0,"あおいぬ",38.292,-87.741,0,"紅さかな",0.947,-118.11,0,"-Alta-",-43.345,-94.764,0,6598.221,-7.143,-8.672,6598.321,1,"白霜らいふ",-7.013,-8.875,0,0,0,0,0,0,0,1
127,6,1,6,3,0,0,1,0,0,0,255,255,255,19,6623.245,"Kenomo",R,33,140,-1.459,-0.041,-0.122,1.499,-36.695,0,0,126.212,-119.248,9.361,0,0,0,7,6,L,"IbikiKai_JP",174.5,90,0.5,0,58,0,0,0,0,0,0,0,0,0,0,0,0,0,0,0,0,-0.014,-37.641,0,"白霜らいふ",-0.017,-16.67,0,"P0TA0",-20.919,-45.049,0,"vovopo 보보포",-8.743,-66.173,0,"甲斐野柊太",17.32,-43.775,0,"shimenawa",14.511,-64.295,0,"あおいぬ",40.696,-83.932,0,"紅さかな",1.398,-119.984,0,"-Alta-",-43.01,-99.871,0,0,0,0,0,0,"",0,0,0,0,0,0,0,0,0,0
128,6,1,6,3,0,1,1,0,0,0,255,255,255,20,6640.323,"Kenomo",R,33,129,-0.07,0.766,0.007,1.634,-36.715,2,0,114.198,-93.311,6.746,0,0,1,7,6,L,"IbikiKai_JP",174.5,90,0.5,3,58,6641.367,218,16,108,55,37,82,150,125,30.309,-36.151,0.41,0.005,-0.048,0.046,0,-0.19,-37.012,0,"白霜らいふ",-0.025,-16.826,0,"P0TA0",-21.363,-44.619,0,"vovopo 보보포",-12.377,-65.829,0,"甲斐野柊太",17.283,-43.792,0,"shimenawa",14.376,-64.239,0,"あおいぬ",40.45,-84.063,0,"紅さかな",-0.451,-121.253,0,"-Alta-",-43.123,-100.518,0,6646.504,47.483,-119.66,0,0,"",0,0,0,0,0,0,0,0,0,4
129,6,1,7,3,0,0,1,0,0,0,255,255,255,21,6681.344,"Kenomo",R,27,140,0.451,-0.518,0.067,1.411,-36.723,2,0,87.345,-123.508,7.325,0,0,1,8,5,R,"편하비_",183.2,86,0.455,2,58,6682.43,255,11,72,42,17,178,139,92,22.349,32.837,-0.44,-0.049,-0.065,0.149,0,-0.234,-37.06,0,"白霜らいふ",0.113,-16.837,0,"P0TA0",-21.496,-45.046,0,"vovopo 보보포",-17.378,-62.05,0,"甲斐野柊太",15.748,-45.726,0,"shimenawa",14.06,-63.525,0,"あおいぬ",38.505,-82.359,0,"紅さかな",4.402,-122.545,0,"-Alta-",-42.177,-101.054,0,6687.004,-45.142,-81.039,6687.471,8,"-Alta-",-45.771,-81.872,1,0,0,0,0,0,0,2
130,6,1,7,3,0,0,1,1,0,0,5,255,255,22,6718.898,"Kenomo",R,27,139,1.412,-0.116,0.201,1.596,-36.804,2,0,75.092,-125.251,6.11,0,0,1,0,1,R,"Megu3568",175.3,86,0.404,3,58,6719.975,255,22,148,57,20,255,150,99,-13.746,37.031,-0.09,-0.012,0.015,0.251,0,-0.217,-36.961,0,"白霜らいふ",0.089,-17.152,0,"P0TA0",-18.384,-39.409,0,"vovopo 보보포",-17.515,-61.917,0,"甲斐野柊太",15.652,-45.837,0,"shimenawa",12.987,-63.359,0,"あおいぬ",41.878,-87.678,0,"紅さかな",-0.11,-119.122,0,"-Alta-",-45.04,-93.131,0,6720.088,-2.226,-21.991,6723.688,8,"-Alta-",-42.091,-75.803,1,0,0,0,0,0,0,2
131,6,1,7,3,0,0,2,1,0,0,5,255,255,23,6799.829,"Kenomo",R,28,140,-0.934,0.162,-0.051,1.552,-36.719,0,0,48.754,-65.291,4.51,0,0,1,1,0,L,"ʚEveɞ",190,95.3,0.401,0,58,0,0,0,0,0,0,0,0,0,0,0,0,0,0,0,0,-0.109,-37.228,0,"白霜らいふ",0.089,-17.048,0,"P0TA0",-18.636,-39.458,0,"vovopo 보보포",-11.843,-65.046,0,"甲斐野柊太",17.331,-44.135,0,"shimenawa",8.796,-62.097,0,"あおいぬ",40.452,-86.091,0,"紅さかな",2.917,-118.982,0,"-Alta-",-43.049,-91.125,0,0,0,0,0,0,"",0,0,0,0,0,0,0,0,0,0
132,6,1,7,3,0,1,2,0,1,0,255,1,255,24,6825.822,"Kenomo",R,0,102,1.62,-2.529,0.195,1.141,-36.665,1,0,0,0.096,15.678,0.238,-29.937,0,1,0,L,"ʚEveɞ",190,95.3,0.401,0,58,0,0,0,0,0,0,0,0,0,0,0,0,0,0,0,0,-0.065,-37.298,0,"白霜らいふ",0.076,-16.97,0,"P0TA0",-20.795,-43.957,0,"vovopo 보보포",-4.617,-62.686,0,"甲斐野柊太",18.254,-40.438,0,"shimenawa",12.097,-60.566,0,"あおいぬ",41.887,-82.856,0,"紅さかな",2.62,-118.045,0,"-Alta-",-42.975,-91.061,0,0,0,0,0,0,"",0,0,0,0,0,0,0,0,0,0
133,6,1,7,3,1,1,2,0,0,1,255,255,1,25,6845.48,"Kenomo",R,27,139,-0.948,0.017,-0.064,1.511,-36.767,2,0,88.786,-111.613,8.674,0,0,1,1,0,L,"ʚEveɞ",190,95.3,0.401,3,58,6846.509,219,22,112,56,8,140,150,129,-30,35.912,0.44,0.09,-0.049,0.334,0,-0.124,-36.842,0,"白霜らいふ",-0.018,-16.852,0,"P0TA0",-20.722,-43.917,0,"vovopo 보보포",-14.468,-64.108,0,"甲斐野柊太",17.011,-45.304,0,"shimenawa",13.593,-64.137,0,"あおいぬ",41.455,-86.118,0,"紅さかな",2.018,-119.193,0,"-Alta-",-43.794,-91.925,0,6846.638,-1.284,-20.503,6847.971,2,"P0TA0",-19.144,-44.864,0,0,0,0,0,0,0,2
134,6,0,7,3,0,0,0,0,0,0,255,255,255,71,6919.69,"ʚEveɞ",R,6,103,-1.662,0.192,-0.341,1.532,-36.407,1,0,468.182,0,59.639,0,0,0,7,1,R,"白霜らいふ",190,100.044,0.704,0,58,0,0,0,0,0,0,0,0,0,0,0,0,0,0,0,0,-0.225,-37.5,0,"Megu3568",-0.034,-17.069,0,"Riyaj",-21.585,-47.601,0,"Pring__",-16.757,-62.099,0,"인생최패망자",15.433,-49.087,0,"편하비_",6.717,-67.122,0,"IbikiKai_JP",35.864,-95.494,0,"Gonyong",-1.039,-122.021,0,"SOM_candy",-43.82,-93.987,0,0,0,0,0,0,"",0,0,0,0,0,0,0,0,0,0
135,6,0,7,3,1,0,0,0,0,0,255,255,255,72,6942.72,"ʚEveɞ",R,6,108,-0.041,-0.731,-0.191,1.352,-36.353,0,0,490.909,0,50.284,0,0,0,7,1,R,"白霜らいふ",190,100.044,0.704,0,58,0,0,0,0,0,0,0,0,0,0,0,0,0,0,0,0,0.002,-36.97,0,"Megu3568",-0.022,-17.027,0,"Riyaj",-21.746,-47.574,0,"Pring__",-16.833,-62.273,0,"인생최패망자",15.623,-48.175,0,"편하비_",6.705,-67.121,0,"IbikiKai_JP",35.879,-95.518,0,"Gonyong",-1.125,-121.987,0,"SOM_candy",-44.161,-94.566,0,0,0,0,0,0,"",0,0,0,0,0,0,0,0,0,0
136,6,0,7,3,1,1,0,0,0,0,255,255,255,73,6964.075,"ʚEveɞ",R,29,114,-1.86,0.036,-0.082,1.484,-36.29,4,0,-250,-42.945,31.137,0,0,1,7,1,R,"白霜らいふ",190,100.044,0.704,0,58,0,0,0,0,0,0,0,0,0,0,0,0,0,0,0,0,0.047,-37.026,0,"Megu3568",-0.26,-16.979,0,"Riyaj",-21.169,-46.791,0,"Pring__",-17.463,-61.502,0,"인생최패망자",15.654,-46.211,0,"편하비_",6.605,-67.278,0,"IbikiKai_JP",35.898,-95.567,0,"Gonyong",-0.45,-120.846,0,"SOM_candy",-43.994,-94.271,0,0,0,0,0,0,"",0,0,0,0,0,0,0,0,0,0
137,6,0,7,3,1,2,0,0,0,0,255,255,255,74,6986.62,"ʚEveɞ",R,14,96,2.697,-0.508,0.117,1.544,-36.276,2,0,307.743,354.482,22.347,0,0,1,7,1,R,"白霜らいふ",190,100.044,0.704,3,58,6987.88,78,12,81,37,81,116,125,86,-40.139,-41.415,-0.39,-0.036,-0.066,0.067,0,0.09,-36.419,0,"Megu3568",0.12,-16.924,0,"Riyaj",-21.891,-47.877,0,"Pring__",-15.718,-62.536,0,"인생최패망자",16.195,-49.856,0,"편하비_",9.674,-65.895,0,"IbikiKai_JP",35.936,-95.823,0,"Gonyong",-0.44,-120.945,0,"SOM_candy",-44.046,-94.511,0,6987.988,1.297,-21.08,6993.805,6,"IbikiKai_JP",52.889,-73.88,1,0,0,0,0,0,0,2
138,6,0,7,3,0,0,0,1,0,0,10,255,255,75,7030.171,"ʚEveɞ",R,6,96,1.515,-0.909,-0.049,1.234,-36.326,1,0,436.364,0,103.85,0,0,0,8,0,R,"Kenomo",190,80,0.469,0,96,0,0,0,0,0,0,0,0,0,0,0,0,0,0,0,0,0.025,-36.899,0,"Megu3568",-0.867,-18.353,0,"Riyaj",-20.137,-47.469,0,"Pring__",-10.221,-63.038,0,"인생최패망자",18.734,-44.448,0,"편하비_",8.133,-63.133,0,"IbikiKai_JP",39.449,-97.178,0,"Gonyong",-1.558,-122.718,0,"SOM_candy",-42.324,-92.477,0,0,0,0,0,0,"",0,0,0,0,0,0,0,0,0,0
139,6,0,7,3,1,0,0,1,0,0,10,255,255,76,7049.873,"ʚEveɞ",R,26,140,0.493,-0.733,0.023,1.306,-36.143,0,0,83.336,-167.375,13.895,0,0,0,8,0,R,"Kenomo",190,80,0.469,0,96,0,0,0,0,0,0,0,0,0,0,0,0,0,0,0,0,-0.045,-36.888,0,"Megu3568",-0.573,-17.295,0,"Riyaj",-20.218,-45.538,0,"Pring__",-12.244,-63.64,0,"인생최패망자",18.637,-44.577,0,"편하비_",10.946,-64.758,0,"IbikiKai_JP",41.6,-95.885,0,"Gonyong",-1.541,-122.82,0,"SOM_candy",-42.965,-92.492,0,0,0,0,0,0,"",0,0,0,0,0,0,0,0,0,0
140,6,0,7,3,1,1,0,1,0,0,10,255,255,77,7068.258,"ʚEveɞ",R,14,108,-1.356,-0.876,-0.234,1.483,-36.277,2,0,273.6,400,21.941,0,0,1,8,0,R,"Kenomo",190,80,0.469,3,96,7069.42,193,22,59,81,51,38,138,130,-16.072,-0.014,0.41,-0.007,-0.064,0.021,0.143,-0.235,-36.841,0,"Megu3568",-0.152,-16.849,0,"Riyaj",-20.286,-46.92,0,"Pring__",-16.027,-60.934,0,"인생최패망자",17.357,-47.34,0,"편하비_",9.336,-64.564,0,"IbikiKai_JP",41.619,-95.892,0,"Gonyong",-1.519,-122.854,0,"SOM_candy",-42.602,-93.474,0,7069.504,-0.244,-22.252,7073.504,7,"Gonyong",9.223,-112.852,1,0,0,0,0,0,0,2
141,6,0,7,3,0,0,0,1,1,0,9,10,255,78,7107.411,"ʚEveɞ",R,9,111,-1.583,0.118,-0.269,1.411,-36.291,1,0,392.757,-309.422,77.819,0,0,0,0,3,L,"vovopo 보보포",175.3,90,0.6,0,58,0,0,0,0,0,0,0,0,0,0,0,0,0,0,0,0,0.066,-37.033,0,"Megu3568",0.001,-18.036,0,"Riyaj",-21.701,-47.662,0,"Pring__",-10.571,-64.5,0,"인생최패망자",18.955,-43.001,0,"편하비_",13.773,-63.269,0,"IbikiKai_JP",41.203,-92.72,0,"Gonyong",3.651,-117.579,0,"SOM_candy",-38.633,-86.506,0,0,0,0,0,0,"",0,0,0,0,0,0,0,0,0,0
142,6,0,7,3,1,0,0,1,1,0,9,10,255,79,7126.224,"ʚEveɞ",R,6,99,2.179,0.268,-0.006,1.539,-36.293,1,0,450,0,33.586,0,0,0,0,3,L,"vovopo 보보포",175.3,90,0.6,0,58,0,0,0,0,0,0,0,0,0,0,0,0,0,0,0,0,-0.093,-37.022,0,"Megu3568",0.207,-16.834,0,"Riyaj",-21.523,-47.739,0,"Pring__",-8.335,-65.084,0,"인생최패망자",19.826,-43.337,0,"편하비_",13.949,-63.69,0,"IbikiKai_JP",41.167,-92.708,0,"Gonyong",3.636,-116.971,0,"SOM_candy",-38.067,-86.175,0,0,0,0,0,0,"",0,0,0,0,0,0,0,0,0,0
143,6,0,7,3,2,0,0,1,1,0,9,10,255,80,7147.45,"ʚEveɞ",R,2,92,-1.901,2.861,-0.025,1.839,-36.401,2,0,-315.682,-327.925,-53.796,0,0,1,0,3,L,"vovopo 보보포",175.3,90,0.6,3,58,7148.698,254,21,165,102,42,250,150,93,44.276,50.862,-0.43,-0.022,0.021,0.073,0,-0.019,-36.876,0,"Megu3568",0.149,-16.716,0,"Riyaj",-21.603,-47.817,0,"Pring__",-6.845,-65.023,0,"인생최패망자",20.063,-46.084,0,"편하비_",14.208,-63.317,0,"IbikiKai_JP",41.389,-92.629,0,"Gonyong",3.6,-117.038,0,"SOM_candy",-37.816,-87.505,0,7153.821,-58.418,-66.73,0,0,"",0,0,0,0,0,0,0,0,0,3
144,6,0,7,3,2,1,0,1,1,0,9,10,255,81,7174.411,"ʚEveɞ",R,26,139,-1.315,0.459,-0.138,1.524,-36.202,2,0,57.038,-154.692,11.399,0,0,1,0,3,L,"vovopo 보보포",175.3,90,0.6,3,48,7175.494,140,11,58,20,8,37,95,96,-30,-16.087,0.15,-0.057,-0.019,0.063,0,-0.22,-36.714,0,"Megu3568",-0.027,-16.74,0,"Riyaj",-21.606,-48.427,0,"Pring__",-11.641,-63.977,0,"인생최패망자",20.324,-46.311,0,"편하비_",13.813,-64.516,0,"IbikiKai_JP",42.678,-93.32,0,"Gonyong",3.65,-117.41,0,"SOM_candy",-37.301,-88.556,0,7175.604,0.216,-20.003,7178.055,5,"편하비_",11.649,-58.153,1,0,0,0,0,0,0,2
145,6,0,7,3,0,0,1,1,0,1,12,255,10,82,7212.771,"ʚEveɞ",R,6,90,-0.982,0.124,-0.408,1.618,-36.386,2,0,409.091,0,24.632,0,0,1,1,5,L,"shimenawa",174.6,94.582,0.2,3,100,7214.14,96,18,97,79,40,152,139,127,104.019,57.186,0.56,-0.084,0.006,0,0,-0.099,-37.012,0,"Megu3568",0.019,-16.967,0,"Riyaj",-18.94,-43.976,0,"Pring__",-4.58,-62.918,0,"인생최패망자",18.991,-43.952,0,"편하비_",13.866,-64.182,0,"IbikiKai_JP",41.688,-94.719,0,"Gonyong",-0.063,-124.417,0,"SOM_candy",-43.678,-100.058,0,0,0,0,0,0,"",0,0,0,0,0,0,0,0,0,3
146,6,0,7,3,0,1,1,1,0,1,12,255,10,83,7235.755,"ʚEveɞ",R,26,138,1.277,-0.95,0.1,1.283,-36.243,2,0,70.105,-195.466,31.87,0,0,1,1,5,L,"shimenawa",174.6,94.582,0.2,3,100,7236.869,92,16,84,22,0,82,121,108,-5.566,-22.912,0.87,-0.019,-0.078,0.007,0,-0.102,-36.704,0,"Megu3568",0.191,-16.772,0,"Riyaj",-20.384,-45.769,0,"Pring__",-5.835,-64.643,0,"인생최패망자",19.963,-45.812,0,"편하비_",14.901,-63.324,0,"IbikiKai_JP",44.397,-92.529,0,"Gonyong",-1.569,-124.256,0,"SOM_candy",-41.923,-100.566,0,7237.004,2.184,-23.378,7238.854,5,"편하비_",16.733,-57.912,0,0,0,0,0,0,0,2
147,6,0,7,4,0,0,2,0,1,0,255,12,255,84,7276.122,"ʚEveɞ",R,6,108,-1.283,0.489,-0.312,1.574,-36.425,2,0,490.909,0,42.211,0,0,1,2,8,L,"-Alta-",180.2,80,0.479,3,58,7277.157,255,17,132,82,26,129,150,126,13.872,8.31,0.28,0.068,-0.034,0.183,0,-0.173,-36.926,0,"Megu3568",0.041,-16.455,0,"Riyaj",-21.81,-47.639,0,"Pring__",-14.455,-63.448,0,"인생최패망자",19.675,-45.876,0,"편하비_",11.411,-64.554,0,"IbikiKai_JP",44.322,-97.462,0,"Gonyong",0.072,-123.55,0,"SOM_candy",-41.357,-97.551,0,7281.321,3.067,-124.794,7283.504,7,"Gonyong",7.686,-127.001,1,0,0,0,0,0,0,2
148,6,0,7,5,0,0,2,0,1,0,255,17,255,85,7422.166,"ʚEveɞ",R,28,140,-0.558,0.244,-0.055,1.521,-36.281,2,0,12.637,-57.388,5.657,0,0,1,3,4,R,"甲斐野柊太",190,80,0.2,3,58,7423.285,255,14,125,84,48,104,150,122,27.364,33.645,0.78,0.054,0.005,0.058,0,-0.307,-36.571,0,"Megu3568",0.009,-16.671,0,"Riyaj",-20.885,-47.354,0,"Pring__",-14.235,-63.229,0,"인생최패망자",18.329,-48.714,0,"편하비_",6.34,-66.461,0,"IbikiKai_JP",42.959,-96.964,0,"Gonyong",1.662,-122.748,0,"SOM_candy",-43.274,-98.095,0,7428.071,-39.508,-115.198,7431.471,8,"SOM_candy",-29.539,-110.389,1,0,0,0,0,0,0,2
149,6,0,7,6,0,0,2,0,1,0,255,13,255,86,7464.639,"ʚEveɞ",R,26,140,-2.209,0.504,-0.217,1.525,-36.26,2,0,42.409,-167.038,17.587,0,0,1,4,7,R,"紅さかな",172.5,95.324,0.45,3,58,7465.744,203,22,127,86,33,149,150,111,3.805,25.209,0.94,-0.037,-0.022,0.088,0,-0.255,-36.741,0,"Megu3568",-0.023,-16.922,0,"Riyaj",-20.991,-48.563,0,"Pring__",-10.151,-63.034,0,"인생최패망자",19.243,-43.131,0,"편하비_",8.628,-65.519,0,"IbikiKai_JP",38.354,-97.618,0,"Gonyong",-0.357,-122.921,0,"SOM_candy",-42.425,-94.451,0,7466.988,-12.555,-49.292,7467.705,3,"Pring__",-15.304,-58.475,0,0,0,0,0,0,0,2
150,7,1,7,6,0,0,0,0,0,0,255,255,255,26,7523.426,"Kenomo",R,3,97,-0.791,0.246,0.201,1.598,-36.844,2,0,-366.868,0,-2.575,0,0,1,2,7,R,"Gonyong",174.6,80,0.2,3,58,7524.458,111,29,107,74,36,150,141,84,27.914,22.801,0.97,-0.043,-0.013,0.163,0,0.074,-37.243,0,"白霜らいふ",0.01,-17.11,0,"P0TA0",-20.557,-44.289,0,"vovopo 보보포",-17.546,-61.678,0,"甲斐野柊太",16.243,-44.696,0,"shimenawa",13.659,-63.34,0,"あおいぬ",39.946,-89.076,0,"紅さかな",0.236,-121.375,0,"-Alta-",-46.354,-98.857,0,7528.604,-27.633,-79.888,7529.621,8,"-Alta-",-30.401,-85.771,1,0,0,0,0,0,0,2
151,7,1,7,6,0,0,0,1,0,0,7,255,255,27,7555.912,"Kenomo",R,27,140,-0.936,0.1,-0.06,1.522,-36.718,0,0,79.236,-123.261,9.316,0,0,0,3,3,L,"Pring__",179.9,94.516,0.485,0,58,0,0,0,0,0,0,0,0,0,0,0,0,0,0,0,0,0.28,-37.95,0,"白霜らいふ",0.039,-16.954,0,"P0TA0",-18.42,-39.657,0,"vovopo 보보포",-7.452,-64.652,0,"甲斐野柊太",17.092,-43.675,0,"shimenawa",12.525,-63.264,0,"あおいぬ",43.265,-89.487,0,"紅さかな",1.914,-114.379,0,"-Alta-",-39.809,-94.01,0,0,0,0,0,0,"",0,0,0,0,0,0,0,0,0,0
152,7,1,7,6,0,1,0,1,0,0,7,255,255,28,7581.267,"Kenomo",R,33,139,-1.748,0.8,0.007,1.71,-36.804,2,1,130.185,-112.163,7.211,0,0,1,3,3,L,"Pring__",179.9,94.516,0.485,3,58,7582.033,146,10,98,52,20,105,141,127,26.179,-41.947,0.58,-0.04,-0.038,0.139,0,-0.221,-37.017,0,"白霜らいふ",-0.025,-17.083,0,"P0TA0",-18.645,-39.584,0,"vovopo 보보포",-11.604,-65.73,0,"甲斐野柊太",17.161,-42.981,0,"shimenawa",15.619,-62.723,0,"あおいぬ",43.303,-89.508,0,"紅さかな",1.575,-115.284,0,"-Alta-",-38.011,-95.923,0,7587.104,84.895,-99.117,0,0,"",0,0,0,0,0,0,0,0,0,3
153,7,1,7,6,0,2,0,0,0,1,255,255,255,29,7692.9,"Kenomo",R,13,92,0.495,-1.038,0.389,1.772,-37.001,2,0,-167.449,400,0.246,0,0,1,3,3,L,"Pring__",179.9,94.516,0.485,3,58,7693.878,18,5,27,28,63,35,16,31,-3.714,6.796,0.78,0.039,-0.111,0.072,0,-0.11,-37.163,0,"白霜らいふ",0.169,-16.859,0,"P0TA0",-20.158,-44.214,0,"vovopo 보보포",-13.828,-64.603,0,"甲斐野柊太",17.239,-44.976,0,"shimenawa",14.878,-63.371,0,"あおいぬ",45.507,-86.784,0,"紅さかな",0.106,-118.205,0,"-Alta-",-38.903,-90.529,0,7694.438,-0.336,-25.298,7695.921,0,"Kenomo",-1.112,-32.828,0,0,0,0,0,0,0,2
154,7,1,7,6,0,0,1,0,0,1,255,255,255,30,7727.591,"Kenomo",R,10,103,-1.996,-1.623,0.16,1.71,-36.943,1,0,-79.743,400,24.374,-0.447,-18.623,0,4,4,R,"인생최패망자",190,80,0.401,0,58,0,0,0,0,0,0,0,0,0,0,0,0,0,0,0,0,-0.033,-37.604,0,"白霜らいふ",-0.05,-16.749,0,"P0TA0",-20.397,-43.822,0,"vovopo 보보포",-14.672,-62.181,0,"甲斐野柊太",17.847,-44.453,0,"shimenawa",9.455,-63.855,0,"あおいぬ",43.485,-85.405,0,"紅さかな",0.279,-118.341,0,"-Alta-",-42.795,-89.944,0,0,0,0,0,0,"",0,0,0,0,0,0,0,0,0,0
155,7,1,7,6,1,0,1,0,0,1,255,255,255,31,7745.453,"Kenomo",R,0,104,-0.009,-2.529,0.199,1.29,-36.78,1,0,0,0,6.371,0.011,-21.406,0,4,4,R,"인생최패망자",190,80,0.401,0,58,0,0,0,0,0,0,0,0,0,0,0,0,0,0,0,0,0.099,-37.557,0,"白霜らいふ",0.085,-16.826,0,"P0TA0",-20.115,-44.025,0,"vovopo 보보포",-15.753,-61.401,0,"甲斐野柊太",17.482,-42.96,0,"shimenawa",11.116,-63.599,0,"あおいぬ",44.629,-83.959,0,"紅さかな",0.377,-118.437,0,"-Alta-",-42.898,-91.064,0,0,0,0,0,0,"",0,0,0,0,0,0,0,0,0,0
156,7,1,7,6,2,0,1,0,0,1,255,255,255,32,7763.581,"Kenomo",R,27,140,0.078,-1.451,0.109,1.433,-36.788,2,0,78.123,-132.692,8.158,0,0,1,4,4,R,"인생최패망자",190,80,0.401,3,58,7764.59,185,19,100,126,43,106,150,130,-30,-45.371,0.3,-0.016,-0.089,0.045,0,-0.036,-37.277,0,"白霜らいふ",0.093,-17.131,0,"P0TA0",-20.14,-44.007,0,"vovopo 보보포",-18.531,-61.477,0,"甲斐野柊太",17.104,-45.367,0,"shimenawa",13.36,-64.122,0,"あおいぬ",43.051,-84.799,0,"紅さかな",0.115,-118.592,0,"-Alta-",-42.824,-91.16,0,7764.655,0.944,-21.832,7770.571,6,"あおいぬ",68.053,-80.833,1,0,0,0,0,0,0,2
157,7,1,8,6,0,0,1,0,1,0,255,4,255,33,7803.267,"Kenomo",R,28,138,-0.973,0.28,-0.064,1.562,-36.717,0,0,78.859,-89.06,8.701,0,0,1,5,8,L,"SOM_candy",179.8,85.364,0.503,0,58,0,0,0,0,0,0,0,0,0,0,0,0,0,0,0,0,0.124,-37.306,0,"白霜らいふ",-0.014,-16.658,0,"P0TA0",-20.069,-43.974,0,"vovopo 보보포",-8.526,-65.419,0,"甲斐野柊太",17.873,-43.363,0,"shimenawa",11.943,-64.205,0,"あおいぬ",45.731,-88.534,0,"紅さかな",0.72,-120.887,0,"-Alta-",-40.8,-91.74,0,0,0,0,0,0,"",0,0,0,0,0,0,0,0,0,0
158,7,1,8,6,0,1,1,0,1,0,255,4,255,34,7822.379,"Kenomo",R,27,139,-1.408,-0.384,-0.1,1.443,-36.699,2,0,65.47,-104.223,10.067,0,0,1,5,8,L,"SOM_candy",179.8,85.364,0.503,3,58,7823.455,87,13,77,77,35,111,135,95,12.005,-38.753,-0.1,-0.058,0.051,0.015,0,0.005,-37.019,0,"白霜らいふ",-0.035,-16.941,0,"P0TA0",-20.102,-43.925,0,"vovopo 보보포",-10.205,-65.995,0,"甲斐野柊太",18.009,-43.323,0,"shimenawa",14.744,-63.363,0,"あおいぬ",45.453,-88.108,0,"紅さかな",-0.735,-122.071,0,"-Alta-",-40.514,-92.459,0,7825.655,33.475,-54.12,7827.888,6,"あおいぬ",53.453,-74.126,1,0,0,0,0,0,0,2
159,7,1,8,6,0,0,1,0,1,1,255,8,4,35,7860.834,"Kenomo",R,3,105,-1.919,-0.738,0.059,1.56,-36.798,4,0,-380.041,237.477,4.033,0,0,1,6,2,R,"Riyaj",190,80,0.2,0,58,0,0,0,0,0,0,0,0,0,0,0,0,0,0,0,0,-0.094,-37.513,0,"白霜らいふ",-0.106,-16.925,0,"P0TA0",-20.428,-44.245,0,"vovopo 보보포",-17.157,-62.469,0,"甲斐野柊太",18.706,-43.286,0,"shimenawa",12.501,-63.255,0,"あおいぬ",43.409,-85.438,0,"紅さかな",0.394,-126.246,0,"-Alta-",-44.618,-93.617,0,0,0,0,0,0,"",0,0,0,0,0,0,0,0,0,0
160,7,1,8,6,0,1,1,0,1,1,255,8,4,36,7876.234,"Kenomo",R,3,104,-1.226,0.322,0.079,1.633,-36.827,2,0,-391.283,0,0.264,0,0,1,6,2,R,"Riyaj",190,80,0.2,3,58,7877.23,155,6,66,69,40,49,139,127,25.1,-10.001,0.69,-0.006,-0.021,0.008,0,-0.069,-37.085,0,"白霜らいふ",-0.182,-16.985,0,"P0TA0",-20.449,-44.203,0,"vovopo 보보포",-17.688,-62.831,0,"甲斐野柊太",16.589,-45.174,0,"shimenawa",14.108,-62.992,0,"あおいぬ",41.56,-82.585,0,"紅さかな",-0.242,-126.145,0,"-Alta-",-44.64,-93.634,0,7883.305,31.122,-137.672,0,0,"",0,0,0,0,0,0,0,0,0,4
161,7,1,11,6,0,0,1,0,0,0,255,255,255,0,8113.491,"白霜らいふ",R,0,129,-0.449,0.468,-0.042,1.715,-36.422,0,0,0,0,0,0,0,1,7,6,L,"IbikiKai_JP",174.5,90,0.5,0,58,0,0,0,0,0,0,0,0,0,0,0,0,0,0,0,0,0.109,-37.015,0,"甲斐野柊太",-0.082,-16.376,0,"P0TA0",-19.958,-43.799,0,"vovopo 보보포",-14.269,-63.886,0,"Kenomo",19.475,-45.301,0,"shimenawa",13.145,-62.132,0,"あおいぬ",39.828,-83.322,0,"紅さかな",0.118,-124.154,0,"-Alta-",-40.816,-94.508,0,0,0,0,0,0,"",0,0,0,0,0,0,0,0,0,0
162,7,1,11,6,0,1,1,0,0,0,255,255,255,1,8128.698,"白霜らいふ",R,14,107,1.429,-0.61,0.009,1.679,-36.46,0,0,352.648,344.337,64.816,0.784,-16.456,0,7,6,L,"IbikiKai_JP",174.5,90,0.5,0,58,0,0,0,0,0,0,0,0,0,0,0,0,0,0,0,0,-0.212,-37.774,0,"甲斐野柊太",0.492,-16.353,0,"P0TA0",-20.252,-43.964,0,"vovopo 보보포",-9.375,-65.092,0,"Kenomo",19.544,-45.391,0,"shimenawa",10.171,-62.141,0,"あおいぬ",42.698,-84.711,0,"紅さかな",0.589,-124.214,0,"-Alta-",-40.811,-94.507,0,0,0,0,0,0,"",0,0,0,0,0,0,0,0,0,0
163,7,1,11,6,0,2,1,0,0,0,255,255,255,2,8146.857,"白霜らいふ",R,0,125,2.32,-0.751,0.216,1.516,-36.456,4,0,0,0,0,0,0,1,7,6,L,"IbikiKai_JP",174.5,90,0.5,0,58,0,0,0,0,0,0,0,0,0,0,0,0,0,0,0,0,-0.155,-37.729,0,"甲斐野柊太",-0.324,-17.942,0,"P0TA0",-20.256,-43.383,0,"vovopo 보보포",-6.34,-66.4,0,"Kenomo",19.574,-45.412,0,"shimenawa",11.16,-63.509,0,"あおいぬ",42.005,-85.063,0,"紅さかな",0.358,-124.949,0,"-Alta-",-41.343,-95.739,0,0,0,0,0,0,"",0,0,0,128,0,0,0,0,0,0
164,7,1,11,6,1,2,1,0,0,0,255,255,255,3,8178.609,"白霜らいふ",R,10,109,0.431,-0.323,-0.004,1.808,-36.543,0,0,103.844,400,30.653,0,0,0,7,6,L,"IbikiKai_JP",174.5,90,0.5,0,40,0,0,0,0,0,0,0,0,0,0,0,0,0,0,0,0,-0.132,-37.851,0,"甲斐野柊太",-0.751,-18.201,0,"P0TA0",-20.143,-43.793,0,"vovopo 보보포",-6.349,-65.035,0,"Kenomo",17.546,-44.027,0,"shimenawa",10.275,-63.518,0,"あおいぬ",42.452,-85.364,0,"紅さかな",-0.98,-124.121,0,"-Alta-",-41.36,-94.954,0,0,0,0,0,0,"",0,0,0,128,0,0,0,0,0,0
165,7,1,11,6,0,0,2,0,0,0,255,255,255,4,8197.146,"白霜らいふ",R,0,134,-0.155,-0.291,0.032,1.529,-36.424,2,0,0,0,0,0,0,1,8,5,R,"편하비_",183.2,86,0.455,2,58,8198.144,255,10,104,37,14,255,143,101,10.835,2.623,-0.11,-0.057,-0.058,0.155,0,0.016,-37.317,0,"甲斐野柊太",0.253,-16.222,0,"P0TA0",-20.483,-44.298,0,"vovopo 보보포",-15.343,-61.513,0,"Kenomo",17.526,-43.972,0,"shimenawa",13.534,-63.999,0,"あおいぬ",44.022,-89.552,0,"紅さかな",-0.861,-121.966,0,"-Alta-",-42.944,-93.131,0,8200.305,-6.015,-69.362,8202.938,7,"紅さかな",-13.99,-105.839,1,0,0,0,0,0,0,2
166,7,1,11,6,0,0,2,1,0,0,5,255,255,5,8228.602,"白霜らいふ",R,13,105,-1.644,-1.385,-0.027,1.556,-36.538,4,0,-323.467,367.651,-25.645,-0.466,-17.926,1,0,1,R,"Megu3568",175.3,86,0.404,0,58,0,0,0,0,0,0,0,0,0,0,0,0,0,0,0,0,-0.186,-37.334,0,"甲斐野柊太",-1.628,-17.976,0,"P0TA0",-20.008,-40.495,0,"vovopo 보보포",-9.849,-64.294,0,"Kenomo",19.111,-43.297,0,"shimenawa",8.414,-63.717,0,"あおいぬ",40.784,-85.75,0,"紅さかな",1.267,-118.385,0,"-Alta-",-42.758,-88.238,0,0,0,0,0,0,"",0,0,0,0,0,0,0,0,0,0
167,7,1,11,6,0,1,2,1,0,0,5,255,255,6,8246.07,"白霜らいふ",R,13,108,-0.641,-1.572,0.048,1.537,-36.477,2,0,-279.524,400,-25.404,0,0,1,0,1,R,"Megu3568",175.3,86,0.404,3,58,8247.338,255,12,114,54,35,106,150,125,25.353,35.359,0.61,0,-0.022,0.339,0,0.06,-37.036,0,"甲斐野柊太",-0.279,-16.184,0,"P0TA0",-19.98,-40.299,0,"vovopo 보보포",-14.618,-64.689,0,"Kenomo",19.091,-43.274,0,"shimenawa",12.782,-63.618,0,"あおいぬ",41.528,-86.389,0,"紅さかな",-2.628,-116.013,0,"-Alta-",-42.88,-88.935,0,8252.104,-54.936,-115.524,0,0,"",0,0,0,0,0,0,0,0,0,4
168,7,1,13,6,0,0,2,0,0,0,255,255,255,7,8289.598,"白霜らいふ",R,0,129,-0.709,1.226,-0.066,1.778,-36.564,2,0,0,0,0,0,0,1,1,0,L,"ʚEveɞ",190,95.3,0.401,3,78,8290.599,174,27,143,64,6,255,150,130,30.342,-4.292,0.31,0.036,-0.021,0.352,0,-0.265,-37.166,0,"甲斐野柊太",-0.133,-16.097,0,"P0TA0",-20.898,-44.69,0,"vovopo 보보포",-11.407,-66.076,0,"Kenomo",17.82,-43.026,0,"shimenawa",13.97,-63.359,0,"あおいぬ",39.012,-83.37,0,"紅さかな",-1.408,-117.127,0,"-Alta-",-37.887,-85.915,0,8299.321,23.813,-141.462,0,0,"",0,0,0,0,0,0,0,0,0,4
169,7,1,14,6,0,0,2,0,0,0,255,255,255,8,8333.078,"白霜らいふ",R,6,100,-0.202,0.176,-0.143,1.587,-36.523,2,0,323.751,0,43.831,0,0,1,2,7,R,"Gonyong",174.6,80,0.2,3,58,8334.092,171,10,83,49,13,52,140,97,26.663,36.991,-0.04,0.034,0.009,0.03,0.048,-0.04,-37.354,0,"甲斐野柊太",-0.85,-16.073,0,"P0TA0",-20.161,-44.052,0,"vovopo 보보포",-16.446,-63.093,0,"Kenomo",19.3,-44.206,0,"shimenawa",13.881,-64.093,0,"あおいぬ",41.843,-86.101,0,"紅さかな",0.116,-119.305,0,"-Alta-",-37.688,-96.086,0,8338.854,-50.399,-86.355,8338.971,8,"-Alta-",-48.557,-83.94,0,0,0,0,0,0,0,1
170,7,0,14,6,0,0,0,0,0,0,255,255,255,0,8571.876,"Pring__",R,32,129,1.3,0.283,0.063,1.451,-36.521,0,0,180.791,-67.441,-2.58,0,0,0,5,6,R,"あおいぬ",174.1,80,0.397,0,58,0,0,0,0,0,0,0,0,0,0,0,0,0,0,0,0,0.045,-37.603,0,"ʚEveɞ",0.063,-16.926,0,"Riyaj",-20.566,-47.154,0,"인생최패망자",-13.263,-58.676,0,"Megu3568",19.128,-47.669,0,"편하비_",11.187,-64.838,0,"IbikiKai_JP",39.548,-97.662,0,"Gonyong",-0.582,-125.123,0,"SOM_candy",-45.406,-98.743,0,0,0,0,0,0,"",0,0,0,0,0,0,0,0,0,0
171,7,0,14,6,0,1,0,0,0,0,255,255,255,1,8594.622,"Pring__",R,13,100,-1.087,-0.142,0.069,1.617,-36.436,0,0,-336.564,336.061,-0.6,0,0,1,5,6,R,"あおいぬ",174.1,80,0.397,0,58,0,0,0,0,0,0,0,0,0,0,0,0,0,0,0,0,-0.533,-37.473,0,"ʚEveɞ",-0.398,-16.721,0,"Riyaj",-20.936,-46.745,0,"인생최패망자",-13.993,-61.145,0,"Megu3568",19.142,-47.561,0,"편하비_",11.909,-64.995,0,"IbikiKai_JP",39.532,-97.678,0,"Gonyong",-0.572,-125.119,0,"SOM_candy",-45.428,-98.799,0,0,0,0,0,0,"",0,0,0,0,0,0,0,0,0,0
172,7,0,14,6,0,2,0,0,0,0,255,255,255,2,8608.774,"Pring__",R,13,102,-2.377,-0.264,-0.122,1.59,-36.358,2,0,-328.63,352.7,6.501,0,0,1,5,6,R,"あおいぬ",174.1,80,0.397,3,58,8610.06,114,16,84,69,41,90,140,111,-12.579,33.895,0.94,-0.014,-0.024,0.039,0,-0.179,-36.828,0,"ʚEveɞ",-0.672,-16.752,0,"Riyaj",-21.912,-48.311,0,"인생최패망자",-14.116,-61.008,0,"Megu3568",19.12,-47.449,0,"편하비_",6.385,-66.218,0,"IbikiKai_JP",39.579,-97.475,0,"Gonyong",-0.641,-125.143,0,"SOM_candy",-45.384,-98.996,0,8610.221,-2.563,-22.887,8617.238,8,"SOM_candy",-48.573,-97.807,1,0,0,0,0,0,0,2
173,7,0,14,6,0,0,0,0,1,0,255,15,255,3,8650.084,"Pring__",R,10,92,0.297,0.211,-0.065,1.796,-36.531,0,0,142.411,400,-17.424,0,0,0,6,2,R,"P0TA0",190,97,0.384,0,58,0,0,0,0,0,0,0,0,0,0,0,0,0,0,0,0,-0.261,-37.508,0,"ʚEveɞ",0.233,-16.63,0,"Riyaj",-20.956,-47.944,0,"인생최패망자",-11.653,-61.964,0,"Megu3568",19.74,-46.885,0,"편하비_",6.746,-62.692,0,"IbikiKai_JP",39.674,-100.9,0,"Gonyong",-0.139,-122.205,0,"SOM_candy",-44.396,-95.208,0,0,0,0,0,0,"",0,0,0,0,0,0,0,0,0,0
174,7,0,14,6,0,1,0,0,1,0,255,15,255,4,8671.106,"Pring__",R,14,91,-0.987,0.278,-0.338,1.787,-36.389,2,0,276.2,372.199,-14.399,0,0,1,6,2,R,"P0TA0",190,97,0.384,3,58,8672.209,159,20,145,81,13,172,150,103,4.936,16.724,-0.22,0.043,0.027,0.2,0,-0.118,-37.234,0,"ʚEveɞ",-0.372,-16.6,0,"Riyaj",-20.849,-47.991,0,"인생최패망자",-13.633,-62.688,0,"Megu3568",18.889,-47.868,0,"편하비_",3.362,-65.05,0,"IbikiKai_JP",39.718,-100.981,0,"Gonyong",-0.153,-122.395,0,"SOM_candy",-44.384,-95.178,0,8673.621,-13.103,-54.09,8674.088,3,"인생최패망자",-13.725,-55.427,0,0,0,0,0,0,0,2
175,7,0,14,6,0,0,1,0,0,1,255,255,15,5,8704.969,"Pring__",R,32,125,1.51,0.155,0.068,1.419,-36.514,2,0,224.395,-114.603,-6.506,0,0,1,7,0,R,"白霜らいふ",190,100.044,0.704,3,36,8706.131,168,18,95,62,54,105,144,99,11.58,-8.707,-0.35,-0.064,-0.078,0.221,0,-0.425,-37.16,0,"ʚEveɞ",-0.002,-16.732,0,"Riyaj",-20.253,-46.735,0,"인생최패망자",-13.723,-62.33,0,"Megu3568",17.385,-43.926,0,"편하비_",11.683,-63.797,0,"IbikiKai_JP",40.479,-99.59,0,"Gonyong",-2.269,-122.02,0,"SOM_candy",-45.354,-95.72,0,8708.638,2.548,-76.799,8710.704,7,"Gonyong",-0.012,-104.527,1,0,0,0,0,0,0,2
176,7,0,14,7,0,0,1,1,0,0,9,255,255,6,8785.782,"Pring__",R,3,95,2.193,0.55,0.461,1.504,-36.701,1,0,-431.818,0,11.818,0,0,0,8,4,R,"Kenomo",190,80,0.469,0,95,0,0,0,0,0,0,0,0,0,0,0,0,0,0,0,0,-0.07,-37.598,0,"ʚEveɞ",0.068,-16.681,0,"Riyaj",-20.06,-41.975,0,"인생최패망자",-12.392,-60.829,0,"Megu3568",19.82,-44.11,0,"편하비_",9.668,-64.688,0,"IbikiKai_JP",37.212,-98.355,0,"Gonyong",-0.866,-122.311,0,"SOM_candy",-42.518,-95.574,0,0,0,0,0,0,"",0,0,0,0,0,0,0,0,0,0
177,7,0,14,7,1,0,1,1,0,0,9,255,255,7,8802.676,"Pring__",R,13,100,-0.909,-0.22,0.088,1.596,-36.502,2,0,-326.767,347.563,-1.176,0,0,1,8,4,R,"Kenomo",190,80,0.469,3,95,8803.931,137,26,90,71,30,51,142,110,18.021,5.773,0.93,0.026,-0.046,0.056,0.048,-0.271,-36.606,0,"ʚEveɞ",-0.37,-16.83,0,"Riyaj",-20.03,-43.407,0,"인생최패망자",-13.415,-61.418,0,"Megu3568",18.503,-47.891,0,"편하비_",7.62,-66.075,0,"IbikiKai_JP",37.201,-98.429,0,"Gonyong",-0.842,-122.462,0,"SOM_candy",-42.733,-95.039,0,0,0,0,8809.338,7,"Gonyong",-11.175,-121.513,0,0,0,0,0,0,0,1
178,7,0,14,7,0,0,2,1,0,0,9,255,255,8,8838.791,"Pring__",R,14,95,-0.868,-0.284,-0.348,1.591,-36.298,0,0,327.066,326.467,3.161,0,0,0,0,3,L,"vovopo 보보포",175.3,90,0.6,0,58,0,0,0,0,0,0,0,0,0,0,0,0,0,0,0,0,0.067,-37.258,0,"ʚEveɞ",0.168,-16.89,0,"Riyaj",-19.742,-39.941,0,"인생최패망자",-8.769,-60.808,0,"Megu3568",18.588,-45.766,0,"편하비_",8.372,-64.44,0,"IbikiKai_JP",41.741,-94.434,0,"Gonyong",6.197,-114.667,0,"SOM_candy",-40.869,-93.207,0,0,0,0,0,0,"",0,0,0,0,0,0,0,0,0,0
179,7,0,14,7,0,1,2,1,0,0,9,255,255,9,8866.688,"Pring__",R,14,97,-0.612,-0.446,-0.307,1.544,-36.274,0,0,331.794,329.284,2.971,0,0,0,0,3,L,"vovopo 보보포",175.3,90,0.6,0,58,0,0,0,0,0,0,0,0,0,0,0,0,0,0,0,0,-0.011,-37.395,0,"ʚEveɞ",0.029,-16.755,0,"Riyaj",-19.605,-42.131,0,"인생최패망자",-5.697,-61.17,0,"Megu3568",18.913,-45.326,0,"편하비_",10.154,-63.562,0,"IbikiKai_JP",41.834,-94.508,0,"Gonyong",0.789,-114.617,0,"SOM_candy",-39.291,-91.21,0,0,0,0,0,0,"",0,0,0,0,0,0,0,0,0,0
180,7,0,14,7,0,2,2,1,0,0,9,255,255,10,8885.153,"Pring__",R,32,129,-1.425,0.799,-0.188,1.512,-36.37,0,0,175.856,-157.79,9.591,0,0,1,0,3,L,"vovopo 보보포",175.3,90,0.6,0,58,0,0,0,0,0,0,0,0,0,0,0,0,0,0,0,0,0.005,-37.107,0,"ʚEveɞ",-0.035,-16.612,0,"Riyaj",-19.746,-42.648,0,"인생최패망자",-8.882,-62.725,0,"Megu3568",18.624,-44.72,0,"편하비_",10.408,-62.095,0,"IbikiKai_JP",41.753,-94.509,0,"Gonyong",0.719,-115.337,0,"SOM_candy",-39.537,-91.804,0,0,0,0,0,0,"",0,0,0,0,0,0,0,0,0,0
