id,inn,half,scoreA,scoreB,ball,strk,out,b1,b2,b3,b1Idx,b2Idx,b3Idx,pCnt,pSec,pName,pHand,pType,spdK,zoneX,zoneY,startX,startY,zDist,call,balk,sH,sV,gyro,plx,plz,bSwing,bIdx,bPos,bZone,bName,bHCm,batLen,batCen,batType,bFps,hSec,rotS,rotL,shS,lgS,prepS,impMv,batSpd,ev,ldeg,sdeg,hPos,hMoveX,hMoveY,stayCon,buntGrip,PPosX,PPosY,PThrSpd,CName,CPosX,CPosY,CThrSpd,1BName,1BPosX,1BPosY,1BThrSpd,2BName,2BPosX,2BPosY,2BThrSpd,3BName,3BPosX,3BPosY,3BThrSpd,SSName,SSPosX,SSPosY,SSThrSpd,LFName,LFPosX,LFPosY,LFThrSpd,CFName,CFPosX,CFPosY,CFThrSpd,RFName,RFPosX,RFPosY,RFThrSpd,ltSec,lx,lz,cSec,cPos,cPlr,cx,cz,1BSafe,tag,cpSec,sb2Sec,sb3Sec,sbhSec,ass,result
1,1,1,0,0,0,0,0,0,0,0,255,255,255,0,270.042,"인생최패망자",R,26,140,-0.697,-0.464,-0.058,1.564,-36.263,0,0,-28.316,-200,0,0,0,0,0,5,R,"muyang_",172.1,90.462,0.5,0,36,0,0,0,0,0,0,0,0,0,0,0,0,0,0,0,0,-0.003,-37.521,0,"Pring__",0.037,-16.898,0,"Fresh825",-22.943,-47.237,0,"ʚEveɞ",-14.023,-64.292,0,"HANA_ARASHI",24.097,-51.878,0,"Yaksok~",11.885,-63.443,0,"IbikiKai_JP",37.852,-90.632,0,"Gonyong",-8.615,-98.335,0,"SOM_candy",-38.401,-81.958,0,0,0,0,0,0,"",0,0,0,0,0,0,0,0,0,0
2,1,1,0,0,0,1,0,0,0,0,255,255,255,1,284.978,"인생최패망자",R,13,90,-1.02,-0.885,0.096,1.721,-36.402,0,0,-319.446,312.348,0,-0.39,-17.321,0,0,5,R,"muyang_",172.1,90.462,0.5,0,36,0,0,0,0,0,0,0,0,0,0,0,0,0,0,0,0,-0.074,-37.06,0,"Pring__",-0.068,-16.913,0,"Fresh825",-23.073,-47.066,0,"ʚEveɞ",-13.114,-64.995,0,"HANA_ARASHI",22.385,-51.636,0,"Yaksok~",10.522,-62.158,0,"IbikiKai_JP",38.07,-90.936,0,"Gonyong",-9.6,-97.813,0,"SOM_candy",-38.234,-81.793,0,0,0,0,0,0,"",0,0,0,0,0,0,0,0,0,0
3,1,1,0,0,0,2,0,0,0,0,255,255,255,2,299.029,"인생최패망자",R,27,140,2.529,1.205,0.223,1.843,-36.446,3,0,55.435,-121.9,0,0.389,-20.212,0,0,5,R,"muyang_",172.1,90.462,0.5,0,36,0,0,0,0,0,0,0,0,0,0,0,0,0,0,0,0,0.15,-37.167,0,"Pring__",0.091,-17.159,0,"Fresh825",-23.104,-47.093,0,"ʚEveɞ",-13.181,-64.978,0,"HANA_ARASHI",23.601,-51.097,0,"Yaksok~",10.532,-62.178,0,"IbikiKai_JP",37.059,-89.284,0,"Gonyong",-9.57,-97.785,0,"SOM_candy",-39.206,-82.228,0,0,0,0,0,0,"",0,0,0,0,0,0,0,0,0,6
4,1,1,0,0,0,0,0,1,0,0,5,255,255,3,329.088,"인생최패망자",R,13,91,-0.656,-0.833,0.103,1.663,-36.454,0,0,-312.607,327.428,0,0,0,0,1,0,R,"-라후이-",190,95,0.498,0,35,0,0,0,0,0,0,0,0,0,0,0,0,0,0,0,0,-0.062,-37.22,0,"Pring__",-0.222,-16.923,0,"Fresh825",-18.384,-39.579,0,"ʚEveɞ",-13.323,-63.31,0,"HANA_ARASHI",23.112,-52.716,0,"Yaksok~",6.691,-62.755,0,"IbikiKai_JP",38.213,-91.112,0,"Gonyong",-11.635,-110.328,0,"SOM_candy",-47.441,-93.136,0,0,0,0,0,0,"",0,0,0,0,0,0,0,0,0,0
5,1,1,0,0,0,1,0,1,0,0,5,255,255,4,348.646,"인생최패망자",R,13,90,0.437,-1.611,0.376,1.523,-36.554,2,0,-307.372,329.95,0,0,0,1,1,0,R,"-라후이-",190,95,0.498,3,35,349.719,152,23,83,130,79,90,143,110,-8.235,39.03,0.89,-0.053,-0.187,0,0,-0.235,-37.055,0,"Pring__",0.105,-17.156,0,"Fresh825",-18.49,-39.459,0,"ʚEveɞ",-13.28,-63.308,0,"HANA_ARASHI",24.564,-51.318,0,"Yaksok~",9.787,-62.354,0,"IbikiKai_JP",38.163,-91.084,0,"Gonyong",-11.983,-110.759,0,"SOM_candy",-46.429,-91.68,0,346.077,-2.221,-24.105,347.177,2,"Fresh825",-17.558,-41.367,0,0,0,0,0,0,0,2
6,1,1,0,0,0,0,2,0,0,0,255,255,255,5,386.329,"인생최패망자",R,10,100,-1.494,-1.889,0.053,1.583,-36.529,1,0,-76.253,400,0,-0.317,-18.957,0,2,1,R,"Dοpi",179.8,90,0.3,0,34,0,0,0,0,0,0,0,0,0,0,0,0,0,0,0,0,0.323,-37.472,0,"Pring__",-0.306,-16.787,0,"Fresh825",-23.106,-47.942,0,"ʚEveɞ",-13.411,-64.239,0,"HANA_ARASHI",24.373,-51.832,0,"Yaksok~",9.246,-61.834,0,"IbikiKai_JP",37.96,-92.531,0,"Gonyong",-5.695,-110.309,0,"SOM_candy",-37.785,-83.457,0,0,0,0,0,0,"",0,0,0,0,0,0,0,0,0,0
7,1,1,0,0,1,0,2,0,0,0,255,255,255,6,403.163,"인생최패망자",R,26,140,0.831,0.794,0.083,1.78,-36.413,0,0,-19.49,-183.027,0,0,0,1,2,1,R,"Dοpi",179.8,90,0.3,0,34,0,0,0,0,0,0,0,0,0,0,0,0,0,0,0,0,0.16,-37.407,0,"Pring__",0.029,-16.854,0,"Fresh825",-23.408,-47.566,0,"ʚEveɞ",-14.399,-63.94,0,"HANA_ARASHI",24.889,-51.181,0,"Yaksok~",9.739,-63.015,0,"IbikiKai_JP",38.099,-92.75,0,"Gonyong",-7.144,-110.241,0,"SOM_candy",-37.823,-83.576,0,0,0,0,0,0,"",0,0,0,0,0,0,0,0,0,0
8,1,1,0,0,1,1,2,0,0,0,255,255,255,7,417.466,"인생최패망자",R,26,139,1.062,1.488,0.098,1.895,-36.435,1,0,1.247,-200,0,0,0,0,2,1,R,"Dοpi",179.8,90,0.3,0,34,0,0,0,0,0,0,0,0,0,0,0,0,0,0,0,0,0.164,-37.251,0,"Pring__",0.137,-17.159,0,"Fresh825",-23.118,-47.569,0,"ʚEveɞ",-13.572,-64.263,0,"HANA_ARASHI",24.335,-51.31,0,"Yaksok~",9.693,-63.006,0,"IbikiKai_JP",38.241,-92.789,0,"Gonyong",-7.253,-110.241,0,"SOM_candy",-37.744,-83.443,0,0,0,0,0,0,"",0,0,0,0,0,0,0,0,0,0
9,1,1,0,0,2,1,2,0,0,0,255,255,255,8,431.613,"인생최패망자",R,26,140,0.955,0.492,0.084,1.726,-36.438,2,0,17.329,-187.711,0,0,0,1,2,1,R,"Dοpi",179.8,90,0.3,3,34,432.57,48,15,55,54,43,72,64,64,20.931,-18.431,-0.46,-0.019,-0.01,0,0,-0.204,-37.005,0,"Pring__",0.116,-16.949,0,"Fresh825",-23.081,-47.543,0,"ʚEveɞ",-13.633,-64.27,0,"HANA_ARASHI",24.115,-51.459,0,"Yaksok~",9.699,-63.014,0,"IbikiKai_JP",38.093,-92.736,0,"Gonyong",-7.236,-110.278,0,"SOM_candy",-38.166,-83.706,0,0,0,0,431.477,5,"Yaksok~",11.571,-53.47,0,0,0,0,0,0,0,1
10,1,0,0,0,0,0,0,0,0,0,255,255,255,0,546.972,"-라후이-",R,26,140,1.504,-0.206,0.235,1.621,-36.283,4,0,16.806,-176.266,9.836,0,0,1,0,3,L,"ʚEveɞ",165.4,94.542,0.398,0,32,0,0,0,0,0,0,0,0,0,0,0,0,0,0,0,0,0.209,-37.309,0,"Dοpi",0.102,-16.847,0,"siesta_aves",-21.001,-45.931,0,"즉석카레",-13.779,-63.914,0,"peperon8655",20.368,-45.813,0,"muyang_",13.419,-63.467,0,"Roscosmos",39,-81.058,0,"ByeolBam",1.374,-112.043,0,"Penguin_iDOL",-36.652,-86.801,0,0,0,0,0,0,"",0,0,0,0,0,0,0,0,0,0
11,1,0,0,0,0,1,0,0,0,0,255,255,255,1,561.17,"-라후이-",R,26,136,2.499,-1.127,0.054,1.739,-36.308,2,0,16.868,-198.445,18.307,0,0,1,0,3,L,"ʚEveɞ",165.4,94.542,0.398,3,32,562.198,212,29,132,49,4,210,150,94,-20.116,-8.685,-0.14,0.057,-0.038,0.313,0,0.079,-36.812,0,"Dοpi",-0.224,-17.065,0,"siesta_aves",-21.046,-45.919,0,"즉석카레",-13.802,-63.82,0,"peperon8655",19.916,-44.824,0,"muyang_",14.19,-63.843,0,"Roscosmos",35.225,-81.62,0,"ByeolBam",1.486,-112.006,0,"Penguin_iDOL",-36.332,-87.131,0,558.16,0.247,-21.514,562.493,7,"ByeolBam",2.221,-93.513,1,0,0,0,0,0,0,2
12,1,0,0,0,0,0,0,1,0,0,12,255,255,2,676.109,"-라후이-",R,27,140,-1.74,-0.228,-0.022,1.768,-36.379,1,0,-0.095,-138.232,16.893,0,0,0,1,8,L,"SOM_candy",180.3,100.048,0.58,0,31,0,0,0,0,0,0,0,0,0,0,0,0,0,0,0,0,-0.088,-37.166,0,"Dοpi",-0.191,-17.012,0,"siesta_aves",-19.49,-41.415,0,"즉석카레",-11.593,-62.96,0,"peperon8655",19.448,-46.244,0,"muyang_",11.495,-61.156,0,"Roscosmos",38.78,-83.075,0,"ByeolBam",0.229,-109.091,0,"Penguin_iDOL",-37.629,-85.746,0,0,0,0,0,0,"",0,0,0,0,0,0,0,0,0,0
13,1,0,0,0,1,0,0,1,0,0,12,255,255,3,689.037,"-라후이-",R,26,135,-0.607,0.963,0.099,1.895,-36.434,0,0,-18.238,-200,16.458,0,0,1,1,8,L,"SOM_candy",180.3,100.048,0.58,0,31,0,0,0,0,0,0,0,0,0,0,0,0,0,0,0,0,0.152,-37.459,0,"Dοpi",-0.735,-17.328,0,"siesta_aves",-19.748,-43.281,0,"즉석카레",-7.253,-62.398,0,"peperon8655",19.674,-46.217,0,"muyang_",11.515,-61.553,0,"Roscosmos",37.827,-81.404,0,"ByeolBam",0.239,-109.08,0,"Penguin_iDOL",-37.561,-85.759,0,0,0,0,0,0,"",0,0,0,0,0,0,0,0,0,0
14,1,0,0,0,1,1,0,1,0,0,12,255,255,4,704.055,"-라후이-",R,26,132,-0.943,1.019,0.114,1.983,-36.478,0,0,-8.865,-187.348,11.485,0,0,0,1,8,L,"SOM_candy",180.3,100.048,0.58,0,31,0,0,0,0,0,0,0,0,0,0,0,0,0,0,0,0,-0.139,-37.282,0,"Dοpi",-0.175,-17.073,0,"siesta_aves",-19.869,-42.834,0,"즉석카레",-5.509,-62.4,0,"peperon8655",19.727,-46.229,0,"muyang_",9.997,-64.034,0,"Roscosmos",36.815,-80.513,0,"ByeolBam",0.101,-107.873,0,"Penguin_iDOL",-37.641,-85.726,0,0,0,0,0,0,"",0,0,0,0,0,0,0,0,0,0
15,1,0,0,0,1,2,0,0,1,0,255,12,255,5,736.594,"-라후이-",R,27,128,-0.351,1.784,0.056,1.864,-36.382,1,0,2.606,-149.411,10.349,0,0,0,1,8,L,"SOM_candy",180.3,100.048,0.58,0,31,0,0,0,0,0,0,0,0,0,0,0,0,0,0,0,0,0.097,-37.217,0,"Dοpi",-0.075,-16.994,0,"siesta_aves",-19.892,-44.983,0,"즉석카레",-7.923,-61.33,0,"peperon8655",20.21,-44.627,0,"muyang_",11.2,-62.123,0,"Roscosmos",39.225,-80.237,0,"ByeolBam",0.134,-110.266,0,"Penguin_iDOL",-37.707,-85.79,0,0,0,0,0,0,"",0,0,0,0,0,0,0,0,0,0
16,1,0,0,0,2,2,0,0,1,0,255,12,255,6,747.463,"-라후이-",R,26,130,-0.954,0.934,0.021,1.8,-36.349,0,0,-27.658,-195.137,21.182,0,0,0,1,8,L,"SOM_candy",180.3,100.048,0.58,0,31,0,0,0,0,0,0,0,0,0,0,0,0,0,0,0,0,0.197,-37.217,0,"Dοpi",-0.241,-17.173,0,"siesta_aves",-19.973,-44.758,0,"즉석카레",-6.741,-63.143,0,"peperon8655",20.267,-41.261,0,"muyang_",12.835,-60.024,0,"Roscosmos",39.411,-80.48,0,"ByeolBam",0.14,-110.382,0,"Penguin_iDOL",-37.498,-85.938,0,0,0,0,0,0,"",0,0,0,0,0,0,0,0,0,0
17,1,0,0,0,0,0,1,0,1,0,255,12,255,7,765.379,"-라후이-",R,10,90,-0.834,-0.615,0.163,1.922,-36.449,0,0,0,400,5.196,0,0,0,2,7,R,"Gonyong",175.1,94.755,0.3,0,55,0,0,0,0,0,0,0,0,0,0,0,0,0,0,0,0,-0.012,-37.257,0,"Dοpi",-0.24,-16.948,0,"siesta_aves",-19.958,-45.687,0,"즉석카레",-13.44,-63.314,0,"peperon8655",20.2,-45.563,0,"muyang_",7.279,-62.303,0,"Roscosmos",38.565,-79.489,0,"ByeolBam",0.859,-110.095,0,"Penguin_iDOL",-37.763,-81.354,0,0,0,0,0,0,"",0,0,0,0,0,0,0,0,0,0
18,1,0,0,0,0,1,1,0,1,0,255,12,255,8,777.586,"-라후이-",R,10,94,-1.08,-1.188,0.111,1.768,-36.338,1,0,0,400,7.296,0,0,0,2,7,R,"Gonyong",175.1,94.755,0.3,0,55,0,0,0,0,0,0,0,0,0,0,0,0,0,0,0,0,-0.169,-37.202,0,"Dοpi",-0.184,-16.976,0,"siesta_aves",-19.951,-45.705,0,"즉석카레",-14.416,-63.854,0,"peperon8655",20.264,-45.437,0,"muyang_",4.462,-62.229,0,"Roscosmos",37.911,-80.236,0,"ByeolBam",0.289,-110.085,0,"Penguin_iDOL",-37.86,-81.371,0,0,0,0,0,0,"",0,0,0,0,0,0,0,0,0,0
19,1,0,0,0,1,1,1,0,1,0,255,12,255,9,790.748,"-라후이-",R,14,107,1.732,-0.439,0.177,1.841,-36.347,1,0,386.218,303.898,20.725,0,0,0,2,7,R,"Gonyong",175.1,94.755,0.3,0,55,0,0,0,0,0,0,0,0,0,0,0,0,0,0,0,0,0.061,-37.449,0,"Dοpi",0.166,-17.056,0,"siesta_aves",-20.135,-45.542,0,"즉석카레",-13.529,-63.988,0,"peperon8655",19.913,-46.488,0,"muyang_",7.903,-61.115,0,"Roscosmos",38.607,-80.217,0,"ByeolBam",-0.156,-110.084,0,"Penguin_iDOL",-38.247,-81.641,0,0,0,0,0,0,"",0,0,0,0,0,0,0,0,0,0
20,1,0,0,0,2,1,1,0,1,0,255,12,255,10,1027.246,"-라후이-",R,14,108,1.452,0.141,0.158,2.151,-36.871,0,0,353.001,347.466,-1.144,0.72,-17.677,0,2,7,R,"Gonyong",175.1,94.755,0.3,0,30,0,0,0,0,0,0,0,0,0,0,0,0,0,0,0,0,0.262,-37.678,0,"Dοpi",0.076,-16.986,0,"siesta_aves",-20.886,-45.378,0,"즉석카레",-14.985,-63.432,0,"peperon8655",20.269,-44.563,0,"muyang_",3.573,-60.923,0,"Roscosmos",35.518,-80.466,0,"ByeolBam",-0.449,-108.315,0,"Penguin_iDOL",-37.977,-81.232,0,0,0,0,0,0,"",0,0,0,0,0,0,0,0,0,0
21,1,0,0,0,2,2,1,0,1,0,255,12,255,11,1042.493,"-라후이-",R,26,140,1.361,1.329,0.296,1.901,-36.31,4,0,-113.273,-200,13.545,0,0,1,2,7,R,"Gonyong",175.1,94.755,0.3,0,30,0,0,0,0,0,0,0,0,0,0,0,0,0,0,0,0,0.201,-37.24,0,"Dοpi",0.111,-17.183,0,"siesta_aves",-21.396,-46.6,0,"즉석카레",-14.656,-63.793,0,"peperon8655",20.65,-43.245,0,"muyang_",4.928,-60.818,0,"Roscosmos",35.401,-79.889,0,"ByeolBam",-0.28,-108.551,0,"Penguin_iDOL",-37.86,-81.314,0,0,0,0,0,0,"",0,0,0,0,0,0,0,0,0,0
22,1,0,0,0,0,0,2,0,1,0,255,12,255,12,1065.427,"-라후이-",R,14,112,2.121,-0.176,0.242,1.801,-36.247,2,0,390.434,312.348,-1.085,0,0,1,3,1,L,"Pring__",180.2,94.516,0.485,3,30,1066.289,122,19,133,93,40,146,148,113,29.994,-13.121,0.14,0.026,-0.101,0.079,0,0.054,-36.704,0,"Dοpi",0.365,-17.052,0,"siesta_aves",-21.981,-46.777,0,"즉석카레",-4.263,-63.468,0,"peperon8655",20.416,-44.739,0,"muyang_",10.972,-62.28,0,"Roscosmos",38.4,-79.859,0,"ByeolBam",0.009,-109.57,0,"Penguin_iDOL",-39.469,-89.692,0,1067.243,32.596,-113.974,1069.81,7,"ByeolBam",30.02,-118.038,1,0,0,0,0,0,0,2
23,1,0,0,1,0,0,2,0,1,0,255,10,255,13,1102.411,"-라후이-",R,26,140,1.558,0.912,0.235,1.819,-36.358,1,0,16.894,-182.127,11.447,0.666,-17.156,0,4,0,R,"인생최패망자",190,80,0.401,0,30,0,0,0,0,0,0,0,0,0,0,0,0,0,0,0,0,0.168,-37.437,0,"Dοpi",0.09,-16.812,0,"siesta_aves",-21.739,-47.003,0,"즉석카레",-13.997,-63.51,0,"peperon8655",20.863,-45.327,0,"muyang_",7.961,-61.35,0,"Roscosmos",38.391,-83.874,0,"ByeolBam",0.223,-112.51,0,"Penguin_iDOL",-32.036,-94.031,0,0,0,0,0,0,"",0,0,0,0,0,0,0,0,0,0
24,1,0,0,1,1,0,2,0,1,0,255,10,255,14,1115.657,"-라후이-",R,26,140,2.191,0.675,0.256,1.774,-36.344,4,0,25.301,-200,20.816,-0.261,-21.013,1,4,0,R,"인생최패망자",190,80,0.401,0,30,0,0,0,0,0,0,0,0,0,0,0,0,0,0,0,0,0.269,-37.315,0,"Dοpi",-0.274,-17.236,0,"siesta_aves",-21.62,-46.542,0,"즉석카레",-14.2,-63.135,0,"peperon8655",20.277,-43.725,0,"muyang_",8.413,-62.56,0,"Roscosmos",36.365,-81.423,0,"ByeolBam",0.221,-112.51,0,"Penguin_iDOL",-31.899,-94.234,0,0,0,0,0,0,"",0,0,0,0,0,0,0,0,0,0
25,1,0,0,1,1,1,2,0,1,0,255,10,255,15,1132.099,"-라후이-",R,26,140,0.836,1.467,0.125,1.905,-36.322,2,0,9.77,-200,16.375,0,0,1,4,0,R,"인생최패망자",190,80,0.401,3,30,1133.123,223,16,111,69,35,116,150,97,90.007,89.988,-0.48,-0.036,-0.021,0.05,0,-0.136,-36.921,0,"Dοpi",-0.035,-17.038,0,"siesta_aves",-21.236,-47.053,0,"즉석카레",-14.523,-63.187,0,"peperon8655",20.862,-45.738,0,"muyang_",11.103,-62.245,0,"Roscosmos",36.045,-81.28,0,"ByeolBam",1.44,-112.388,0,"Penguin_iDOL",-32.089,-94.213,0,0,0,0,0,0,"",0,0,0,0,0,0,0,0,0,3
26,1,0,0,1,1,2,2,0,1,0,255,10,255,16,1151.211,"-라후이-",R,26,135,1.976,0.618,0.313,1.805,-36.382,4,0,41.649,-194.705,13.557,0.595,-21.628,1,4,0,R,"인생최패망자",190,80,0.401,0,80,0,0,0,0,0,0,0,0,0,0,0,0,0,0,0,0,0.145,-36.983,0,"Dοpi",0.075,-16.92,0,"siesta_aves",-21.5,-45.876,0,"즉석카레",-15.501,-62.751,0,"peperon8655",21.222,-44.828,0,"muyang_",6.927,-60.843,0,"Roscosmos",35.771,-80.632,0,"ByeolBam",1.115,-110.659,0,"Penguin_iDOL",-34.437,-92.811,0,0,0,0,0,0,"",0,0,0,0,0,0,0,0,0,0
27,2,1,0,1,0,0,0,0,0,0,255,255,255,9,1208.139,"인생최패망자",R,26,140,-0.739,-0.951,-0.069,1.495,-36.299,0,0,-0.129,-154.617,0,0,0,0,3,7,R,"ByeolBam",174.5,90.238,0.496,0,30,0,0,0,0,0,0,0,0,0,0,0,0,0,0,0,0,-0.008,-37.964,0,"Pring__",0.019,-16.873,0,"Fresh825",-22.072,-46.161,0,"ʚEveɞ",-13.695,-65.084,0,"HANA_ARASHI",24.388,-51.206,0,"Yaksok~",9.962,-62.405,0,"IbikiKai_JP",37.619,-85.963,0,"Gonyong",-3.773,-114.888,0,"SOM_candy",-44.782,-91.465,0,0,0,0,0,0,"",0,0,0,0,0,0,0,0,0,0
28,2,1,0,1,0,1,0,0,0,0,255,255,255,10,1224.145,"인생최패망자",R,0,134,2.989,0.365,0.397,1.772,-36.746,1,0,44.768,-35.564,0,0,0,0,3,7,R,"ByeolBam",174.5,90.238,0.496,0,30,0,0,0,0,0,0,0,0,0,0,0,0,0,0,0,0,0.119,-37.255,0,"Pring__",0.151,-16.909,0,"Fresh825",-22.291,-46.289,0,"ʚEveɞ",-13.372,-64.835,0,"HANA_ARASHI",24,-51.414,0,"Yaksok~",9.964,-62.429,0,"IbikiKai_JP",38.715,-87.24,0,"Gonyong",-4.835,-118.418,0,"SOM_candy",-41.917,-88.292,0,0,0,0,0,0,"",0,0,0,0,0,0,0,0,0,0
29,2,1,0,1,1,1,0,0,0,0,255,255,255,11,1294.681,"인생최패망자",R,26,140,-36.901,-2.738,0.062,1.467,-36.298,2,0,31.059,-200,0,0,0,1,3,7,R,"ByeolBam",174.5,90.238,0.496,3,30,1295.532,110,14,81,60,28,110,139,115,2.268,25.324,0.16,-0.059,-0.112,0.168,0,0.013,-36.948,0,"Pring__",0.18,-16.988,0,"Fresh825",-22.236,-46.203,0,"ʚEveɞ",-13.493,-64.843,0,"HANA_ARASHI",23.532,-52.055,0,"Yaksok~",10.999,-63.726,0,"IbikiKai_JP",38.266,-87.932,0,"Gonyong",-4.646,-118.005,0,"SOM_candy",-42.341,-88.311,0,1290.993,-10.457,-41.719,1292.21,3,"ʚEveɞ",-19.516,-60.91,0,0,0,0,0,0,0,2
30,2,1,0,1,0,0,1,0,0,0,255,255,255,12,1326.824,"인생최패망자",R,13,93,-0.332,-0.641,0.22,1.773,-36.526,0,0,-304.812,346.436,0,0,0,1,4,8,R,"Penguin_iDOL",180.3,80,0.395,0,29,0,0,0,0,0,0,0,0,0,0,0,0,0,0,0,0,0.13,-37.677,0,"Pring__",-0.063,-16.76,0,"Fresh825",-22.072,-46.7,0,"ʚEveɞ",-12.787,-65.053,0,"HANA_ARASHI",22.898,-50.355,0,"Yaksok~",9.168,-62.03,0,"IbikiKai_JP",35.345,-88.504,0,"Gonyong",-7.248,-115.758,0,"SOM_candy",-39.378,-85.157,0,0,0,0,0,0,"",0,0,0,0,0,0,0,0,0,0
31,2,1,0,1,0,1,1,0,0,0,255,255,255,13,1342.189,"인생최패망자",R,13,94,-2.969,-1.716,0.03,1.586,-36.463,2,0,-316.459,335.946,0,0,0,1,4,8,R,"Penguin_iDOL",180.3,80,0.395,3,29,1343.479,167,28,148,76,33,255,150,105,103.775,-59.26,0.95,-0.008,-0.013,0.069,0,0.001,-37.438,0,"Pring__",-0.362,-17.029,0,"Fresh825",-22.207,-46.423,0,"ʚEveɞ",-12.751,-64.933,0,"HANA_ARASHI",23.068,-52.247,0,"Yaksok~",9.154,-62.056,0,"IbikiKai_JP",35.292,-88.504,0,"Gonyong",-7.255,-115.88,0,"SOM_candy",-39.698,-84.834,0,0,0,0,0,0,"",0,0,0,0,0,0,0,0,0,3
32,2,1,0,1,0,2,1,0,0,0,255,255,255,14,1357.24,"인생최패망자",R,26,136,0.829,-1.272,0.068,1.422,-36.308,4,0,31.17,-172.359,0,0,0,1,4,8,R,"Penguin_iDOL",180.3,80,0.395,0,58,0,0,0,0,0,0,0,0,0,0,0,0,0,0,0,0,-0.043,-37.756,0,"Pring__",0.106,-16.822,0,"Fresh825",-21.925,-45.11,0,"ʚEveɞ",-13.292,-64.844,0,"HANA_ARASHI",24.558,-52.271,0,"Yaksok~",6.745,-62.391,0,"IbikiKai_JP",35.745,-88.6,0,"Gonyong",-7.528,-116.146,0,"SOM_candy",-41.288,-85.574,0,0,0,0,0,0,"",0,0,0,0,0,0,0,0,0,0
33,2,1,0,1,0,0,2,0,0,0,255,255,255,15,1384.129,"인생최패망자",R,3,97,-0.586,-0.221,0.304,1.806,-36.651,0,0,-336.024,76.865,0,0,0,0,5,2,R,"siesta_aves",190,100,0.355,0,29,0,0,0,0,0,0,0,0,0,0,0,0,0,0,0,0,0.153,-37.571,0,"Pring__",-0.425,-16.784,0,"Fresh825",-22.438,-46.829,0,"ʚEveɞ",-14.041,-64.28,0,"HANA_ARASHI",24.329,-52.535,0,"Yaksok~",10.22,-62.337,0,"IbikiKai_JP",36.084,-89.092,0,"Gonyong",-8.989,-110.811,0,"SOM_candy",-39.334,-84.014,0,0,0,0,0,0,"",0,0,0,0,0,0,0,0,0,0
34,2,1,0,1,0,1,2,0,0,0,255,255,255,16,1398.732,"인생최패망자",R,13,90,-1.475,-1.255,0.14,1.66,-36.577,2,0,-311.569,324.016,0,0,0,1,5,2,R,"siesta_aves",190,100,0.355,3,29,1399.972,78,24,118,115,79,123,133,129,-30,33.01,0.61,-0.02,-0.069,0,0,-0.005,-37.347,0,"Pring__",-0.707,-17.029,0,"Fresh825",-22.483,-46.614,0,"ʚEveɞ",-12.31,-64.953,0,"HANA_ARASHI",24.448,-52.563,0,"Yaksok~",10.219,-62.331,0,"IbikiKai_JP",36.127,-89.093,0,"Gonyong",-8.963,-110.717,0,"SOM_candy",-39.194,-83.882,0,1394.51,-0.844,-21.66,1397.41,8,"SOM_candy",-37.543,-77.565,1,0,0,0,0,0,0,2
35,2,1,0,1,0,0,2,1,0,0,2,255,255,17,1433.819,"인생최패망자",R,26,125,1.506,0.696,0.178,1.792,-36.548,2,0,120.291,-200,0,0,0,1,6,4,L,"peperon8655",175.3,105,0.328,3,29,1434.743,84,20,64,31,28,75,110,105,28.186,-4.434,0.63,0.022,0.001,0.083,0,-0.026,-37.089,0,"Pring__",0.186,-16.874,0,"Fresh825",-18.548,-39.628,0,"ʚEveɞ",-11.895,-65.596,0,"HANA_ARASHI",23.909,-50.386,0,"Yaksok~",13.767,-61.865,0,"IbikiKai_JP",36.077,-84.341,0,"Gonyong",6.464,-104.531,0,"SOM_candy",-39.072,-89.343,0,1434.427,9.55,-109.956,1434.61,7,"Gonyong",9.25,-107.281,0,0,0,0,0,0,0,1
36,2,0,0,1,0,0,0,0,0,0,255,255,255,17,1493.227,"-라후이-",R,14,92,3.171,0.2,0.397,2.08,-36.521,1,0,307.884,338.358,10.995,0,0,0,5,5,R,"Yaksok~",173.1,98.835,0.303,0,29,0,0,0,0,0,0,0,0,0,0,0,0,0,0,0,0,0.256,-37.248,0,"Dοpi",0.135,-17.029,0,"siesta_aves",-20.555,-44.284,0,"즉석카레",-14.802,-63.834,0,"peperon8655",20.783,-45.64,0,"muyang_",11.035,-61.524,0,"Roscosmos",37.167,-82.908,0,"ByeolBam",1.309,-110.998,0,"Penguin_iDOL",-38.291,-87.234,0,0,0,0,0,0,"",0,0,0,0,0,0,0,0,0,0
37,2,0,0,1,1,0,0,0,0,0,255,255,255,18,1508.482,"-라후이-",R,26,128,3.629,1.71,0.482,1.996,-36.518,1,0,52.703,-183.51,7.481,0,0,0,5,5,R,"Yaksok~",173.1,98.835,0.303,0,29,0,0,0,0,0,0,0,0,0,0,0,0,0,0,0,0,0.2,-37.313,0,"Dοpi",0.178,-16.923,0,"siesta_aves",-21.341,-45.482,0,"즉석카레",-14.781,-63.846,0,"peperon8655",20.769,-45.63,0,"muyang_",11.769,-59.399,0,"Roscosmos",37.605,-83.075,0,"ByeolBam",0.597,-112.122,0,"Penguin_iDOL",-38.488,-87.449,0,0,0,0,0,0,"",0,0,0,0,0,0,0,0,0,0
38,2,0,0,1,2,0,0,0,0,0,255,255,255,19,1520.934,"-라후이-",R,26,140,-1.008,-0.288,-0.001,1.55,-36.379,0,0,-25.201,-171.126,23.763,0,0,0,5,5,R,"Yaksok~",173.1,98.835,0.303,0,29,0,0,0,0,0,0,0,0,0,0,0,0,0,0,0,0,0.092,-37.302,0,"Dοpi",-0.303,-17.013,0,"siesta_aves",-20.562,-44.49,0,"즉석카레",-14.867,-63.718,0,"peperon8655",20.527,-45.792,0,"muyang_",8.789,-65.051,0,"Roscosmos",36.093,-83.931,0,"ByeolBam",-2.815,-112.367,0,"Penguin_iDOL",-38.496,-84.301,0,0,0,0,0,0,"",0,0,0,0,0,0,0,0,0,0
39,2,0,0,1,2,1,0,0,0,0,255,255,255,20,1534.661,"-라후이-",R,26,127,3.554,1.578,0.421,1.979,-36.491,1,0,113.143,-200,13.938,0,0,0,5,5,R,"Yaksok~",173.1,98.835,0.303,0,29,0,0,0,0,0,0,0,0,0,0,0,0,0,0,0,0,-0.057,-37.302,0,"Dοpi",0.242,-16.964,0,"siesta_aves",-21.476,-44.418,0,"즉석카레",-14.831,-63.749,0,"peperon8655",20.574,-45.842,0,"muyang_",13.609,-62.328,0,"Roscosmos",37.472,-81.202,0,"ByeolBam",0.057,-112.153,0,"Penguin_iDOL",-38.494,-84.067,0,0,0,0,0,0,"",0,0,0,0,0,0,0,0,0,0
40,2,0,0,1,3,1,0,0,0,0,255,255,255,21,1546.374,"-라후이-",R,26,140,0.93,0.825,0.238,1.865,-36.406,2,0,-9.068,-180.447,11.222,0,0,1,5,5,R,"Yaksok~",173.1,98.835,0.303,3,29,1547.112,126,16,101,18,4,228,136,88,43.232,21.048,-0.31,-0.018,-0.025,0.134,0,-0.061,-36.779,0,"Dοpi",0.173,-17.099,0,"siesta_aves",-21.762,-47.114,0,"즉석카레",-14.817,-63.634,0,"peperon8655",20.548,-45.804,0,"muyang_",12.813,-64.555,0,"Roscosmos",37.433,-81.172,0,"ByeolBam",0.172,-111.876,0,"Penguin_iDOL",-38.619,-84.033,0,1546.86,-30.092,-77.203,1547.077,8,"Penguin_iDOL",-29.121,-75.428,0,0,0,0,0,0,0,1
41,2,0,0,1,0,0,1,0,0,0,255,255,255,22,1573.921,"-라후이-",R,26,140,1.339,0.538,0.189,1.705,-36.25,0,0,-1.931,-200,19.81,0,0,0,6,4,R,"HANA_ARASHI",190,86,0.25,0,29,0,0,0,0,0,0,0,0,0,0,0,0,0,0,0,0,-0.105,-37.143,0,"Dοpi",0.01,-16.9,0,"siesta_aves",-21.153,-45.936,0,"즉석카레",-14.137,-64.071,0,"peperon8655",20.19,-43.754,0,"muyang_",10.272,-63.468,0,"Roscosmos",34.878,-81.958,0,"ByeolBam",0.083,-106.637,0,"Penguin_iDOL",-37.361,-84.643,0,0,0,0,0,0,"",0,0,0,0,0,0,0,0,0,0
42,2,0,0,1,0,1,1,0,0,0,255,255,255,23,1584.445,"-라후이-",R,26,139,1.349,1.3,0.192,1.844,-36.309,2,0,-19.104,-189.389,18.042,0,0,1,6,4,R,"HANA_ARASHI",190,86,0.25,3,29,1585.412,207,12,132,60,40,204,150,124,13.94,32.403,0.24,0.049,-0.071,0.249,0,-0.134,-36.554,0,"Dοpi",0.064,-16.966,0,"siesta_aves",-21.075,-46.031,0,"즉석카레",-14.239,-63.889,0,"peperon8655",20.729,-44.514,0,"muyang_",12.726,-62.763,0,"Roscosmos",35.036,-81.929,0,"ByeolBam",0.069,-107.327,0,"Penguin_iDOL",-37.38,-85.958,0,1584.06,-42.094,-113.413,1586.877,7,"ByeolBam",-27.52,-109.616,1,0,0,0,0,0,0,2
43,2,0,0,1,0,0,1,0,1,0,255,13,255,24,1615.447,"-라후이-",R,26,134,-0.598,0.572,0.027,1.754,-36.395,0,0,-5.846,-175.251,24.816,0,0,0,7,6,L,"IbikiKai_JP",175,90,0.5,0,29,0,0,0,0,0,0,0,0,0,0,0,0,0,0,0,0,0.037,-37.229,0,"Dοpi",-0.046,-16.897,0,"siesta_aves",-19.727,-44.527,0,"즉석카레",-4.661,-62.765,0,"peperon8655",20.248,-44.722,0,"muyang_",10.609,-59.866,0,"Roscosmos",35.326,-79.767,0,"ByeolBam",-0.787,-108.441,0,"Penguin_iDOL",-31.436,-93.866,0,0,0,0,0,0,"",0,0,0,0,0,0,0,0,0,0
44,2,0,0,1,0,1,1,0,1,0,255,13,255,25,1624.4,"-라후이-",R,26,129,-0.041,1.442,0.137,1.969,-36.439,2,0,36.973,-154.605,15.39,0,0,1,7,6,L,"IbikiKai_JP",175,90,0.5,3,29,1625.516,66,6,52,36,9,52,83,89,-20.001,-41.925,0.7,-0.02,-0.006,0.017,0,-0.099,-36.85,0,"Dοpi",-0.153,-17.052,0,"siesta_aves",-19.682,-44.58,0,"즉석카레",-9.437,-62.853,0,"peperon8655",20.173,-44.633,0,"muyang_",12.542,-59.411,0,"Roscosmos",36.066,-80.207,0,"ByeolBam",-0.675,-108.582,0,"Penguin_iDOL",-31.018,-94.073,0,1620.193,2.969,-22.748,1621.71,4,"peperon8655",18.301,-39.271,0,128,0,0,0,0,0,2
45,2,0,0,1,0,0,2,0,1,0,255,13,255,26,1647.793,"-라후이-",R,26,137,-0.461,0.251,0.08,1.747,-36.377,2,0,-7.721,-191.254,23.77,0,0,1,8,2,L,"Fresh825",172.9,80,0.8,3,29,1648.782,183,13,95,52,21,75,142,105,27.356,-33.064,0.07,0.032,-0.029,0.117,0,-0.015,-36.947,0,"Dοpi",-0.21,-17.079,0,"siesta_aves",-20.413,-45.666,0,"즉석카레",-3.685,-63.798,0,"peperon8655",20.87,-45.748,0,"muyang_",14.9,-61.577,0,"Roscosmos",35.634,-76.46,0,"ByeolBam",0.443,-110.292,0,"Penguin_iDOL",-31.881,-90.641,0,1648.127,47.495,-98.977,1650.877,6,"Roscosmos",46.591,-102.993,1,0,0,0,0,0,0,2
46,2,0,0,2,0,0,2,0,1,0,255,11,255,27,1683.583,"-라후이-",R,26,140,-1.356,-1.37,-0.046,1.352,-36.434,1,0,-3.073,-200,37.102,0,0,0,0,3,L,"ʚEveɞ",165.4,94.542,0.398,0,78,0,0,0,0,0,0,0,0,0,0,0,0,0,0,0,0,0.146,-37.093,0,"Dοpi",-0.269,-17.097,0,"siesta_aves",-19.681,-42.231,0,"즉석카레",-5.297,-62.573,0,"peperon8655",20.851,-45.592,0,"muyang_",14.334,-60.018,0,"Roscosmos",40.515,-87.468,0,"ByeolBam",0.342,-110.827,0,"Penguin_iDOL",-34.666,-97.105,0,0,0,0,0,0,"",0,0,0,0,0,0,0,0,0,0
47,2,0,0,2,1,0,2,0,1,0,255,11,255,28,1696.641,"-라후이-",R,26,136,-1.116,0.334,-0.054,1.645,-36.402,2,0,-11.562,-168.965,19.496,0,0,1,0,3,L,"ʚEveɞ",165.4,94.542,0.398,3,78,1697.622,176,32,116,41,1,199,150,91,-43.335,5.209,-0.31,0.062,-0.027,0.354,0,-0.195,-36.862,0,"Dοpi",-0.155,-16.993,0,"siesta_aves",-20.627,-45.437,0,"즉석카레",-5.232,-62.815,0,"peperon8655",20.46,-45.302,0,"muyang_",14.246,-62.762,0,"Roscosmos",40.414,-86.946,0,"ByeolBam",0.344,-110.865,0,"Penguin_iDOL",-34.547,-97.251,0,1692.21,-0.293,-19.652,1694.993,3,"즉석카레",-3.635,-56.421,0,0,0,0,0,0,0,2
48,3,1,0,2,0,0,0,0,0,0,255,255,255,18,1778.688,"인생최패망자",R,26,127,1.456,0.754,0.176,1.805,-36.523,0,0,67.057,-200,0,0,0,0,7,3,R,"즉석카레",169.8,95.808,0.397,0,36,0,0,0,0,0,0,0,0,0,0,0,0,0,0,0,0,0.153,-37.387,0,"Pring__",0.112,-16.79,0,"Fresh825",-21.524,-46.163,0,"ʚEveɞ",-11.329,-65.86,0,"HANA_ARASHI",23.616,-52.96,0,"Yaksok~",10.837,-63.703,0,"IbikiKai_JP",38.35,-86.764,0,"Gonyong",0.856,-103.023,0,"SOM_candy",-38.343,-83.759,0,0,0,0,0,0,"",0,0,0,0,0,0,0,0,0,0
49,3,1,0,2,0,1,0,0,0,0,255,255,255,19,1796.563,"인생최패망자",R,13,95,-0.148,-1.197,0.249,1.658,-36.545,4,0,-327.082,326.445,0,0,0,1,7,3,R,"즉석카레",169.8,95.808,0.397,0,36,0,0,0,0,0,0,0,0,0,0,0,0,0,0,0,0,-0.049,-36.997,0,"Pring__",0.039,-16.766,0,"Fresh825",-21.528,-45.741,0,"ʚEveɞ",-11.267,-65.88,0,"HANA_ARASHI",23.645,-52.988,0,"Yaksok~",10.839,-63.706,0,"IbikiKai_JP",38.815,-86.605,0,"Gonyong",0.792,-103.137,0,"SOM_candy",-38.31,-83.783,0,0,0,0,0,0,"",0,0,0,0,0,0,0,0,0,0
50,3,1,0,2,0,2,0,0,0,0,255,255,255,20,1811.631,"인생최패망자",R,13,109,0.505,-0.747,0.235,1.697,-36.531,2,0,-385.114,314.569,0,0,0,1,7,3,R,"즉석카레",169.8,95.808,0.397,2,36,1812.626,126,14,110,67,44,255,149,86,27.189,-19.166,-0.47,-0.075,-0.166,0.073,0,0.173,-37.115,0,"Pring__",0.101,-16.802,0,"Fresh825",-21.46,-45.653,0,"ʚEveɞ",-11.903,-65.472,0,"HANA_ARASHI",23.962,-52.999,0,"Yaksok~",10.835,-63.694,0,"IbikiKai_JP",38.899,-86.58,0,"Gonyong",0.819,-103.297,0,"SOM_candy",-38.913,-84.858,0,1811.71,31.348,-84.017,1811.943,6,"IbikiKai_JP",30.036,-81.558,0,0,0,0,0,0,0,1
51,3,1,0,2,0,0,1,0,0,0,255,255,255,21,1838.005,"인생최패망자",R,26,129,0.88,-0.302,0.096,1.582,-36.367,0,0,-51.653,-200,0,0,0,0,8,6,R,"Roscosmos",175.1,95.635,0.36,0,29,0,0,0,0,0,0,0,0,0,0,0,0,0,0,0,0,0.007,-37.636,0,"Pring__",0.129,-16.622,0,"Fresh825",-23.02,-47.789,0,"ʚEveɞ",-12.976,-64.446,0,"HANA_ARASHI",24.438,-49.143,0,"Yaksok~",9.852,-62.781,0,"IbikiKai_JP",39.184,-90.598,0,"Gonyong",0.58,-103.105,0,"SOM_candy",-37.231,-84.357,0,0,0,0,0,0,"",0,0,0,0,0,0,0,0,0,0
52,3,1,0,2,0,1,1,0,0,0,255,255,255,22,1851.916,"인생최패망자",R,26,139,0.523,-0.037,0.084,1.657,-36.363,2,0,-75.01,-176.896,0,0,0,1,8,6,R,"Roscosmos",175.1,95.635,0.36,3,29,1852.642,145,20,108,75,20,125,150,97,33.432,-32.048,-0.21,-0.05,-0.075,0,0,-0.231,-36.987,0,"Pring__",0.126,-16.749,0,"Fresh825",-22.911,-47.676,0,"ʚEveɞ",-12.986,-61.221,0,"HANA_ARASHI",24.197,-53.189,0,"Yaksok~",10.62,-62.449,0,"IbikiKai_JP",39.176,-90.6,0,"Gonyong",-3.275,-103.117,0,"SOM_candy",-38.529,-84.434,0,1851.894,41.199,-88.541,1851.993,6,"IbikiKai_JP",39.753,-86.097,0,0,0,0,0,0,0,1
53,3,1,0,2,0,0,2,0,0,0,255,255,255,23,1878.057,"인생최패망자",R,13,92,0.352,-0.711,0.336,1.786,-36.584,0,0,-324.979,314.674,0,-0.156,-17.014,0,0,5,R,"muyang_",172.1,90.462,0.5,0,29,0,0,0,0,0,0,0,0,0,0,0,0,0,0,0,0,0.065,-37.598,0,"Pring__",0.091,-16.727,0,"Fresh825",-22.283,-46.827,0,"ʚEveɞ",-12.241,-62.631,0,"HANA_ARASHI",18.973,-45.919,0,"Yaksok~",11.168,-63.546,0,"IbikiKai_JP",35.889,-84.255,0,"Gonyong",-8.532,-97.051,0,"SOM_candy",-37.422,-83.845,0,0,0,0,0,0,"",0,0,0,0,0,0,0,0,0,0
54,3,1,0,2,0,1,2,0,0,0,255,255,255,24,1890.662,"인생최패망자",R,13,96,0.494,-1.979,0.406,1.601,-36.592,1,0,-297.319,365.976,0,0.017,-19.082,0,0,5,R,"muyang_",172.1,90.462,0.5,0,29,0,0,0,0,0,0,0,0,0,0,0,0,0,0,0,0,0.016,-37.701,0,"Pring__",0.075,-16.772,0,"Fresh825",-22.244,-46.76,0,"ʚEveɞ",-11.951,-62.095,0,"HANA_ARASHI",22.204,-50.009,0,"Yaksok~",11.177,-63.548,0,"IbikiKai_JP",35.83,-84.259,0,"Gonyong",-7.948,-98.433,0,"SOM_candy",-38.199,-83.29,0,0,0,0,0,0,"",0,0,0,0,0,0,0,0,0,0
55,3,1,0,2,1,1,2,0,0,0,255,255,255,25,1903.759,"인생최패망자",R,26,140,0.644,-0.035,0.054,1.644,-36.368,0,0,22.33,-150.318,0,0,0,0,0,5,R,"muyang_",172.1,90.462,0.5,0,29,0,0,0,0,0,0,0,0,0,0,0,0,0,0,0,0,0.057,-37.501,0,"Pring__",0.042,-16.601,0,"Fresh825",-21.983,-46.997,0,"ʚEveɞ",-11.861,-62.124,0,"HANA_ARASHI",21.612,-50.632,0,"Yaksok~",11.17,-63.543,0,"IbikiKai_JP",35.842,-84.25,0,"Gonyong",-7.922,-98.517,0,"SOM_candy",-38.427,-83.108,0,0,0,0,0,0,"",0,0,0,0,0,0,0,0,0,0
56,3,1,0,2,1,2,2,0,0,0,255,255,255,26,1915.508,"인생최패망자",R,26,136,2.21,0.923,0.16,1.775,-36.479,4,0,112.922,-200,0,0.313,-20.031,1,0,5,R,"muyang_",172.1,90.462,0.5,0,29,0,0,0,0,0,0,0,0,0,0,0,0,0,0,0,0,0.014,-37.546,0,"Pring__",0.114,-17.501,0,"Fresh825",-21.678,-46.261,0,"ʚEveɞ",-11.983,-62.068,0,"HANA_ARASHI",21.323,-51.111,0,"Yaksok~",11.157,-63.529,0,"IbikiKai_JP",35.89,-84.265,0,"Gonyong",-8.579,-99.696,0,"SOM_candy",-38.399,-83.137,0,0,0,0,0,0,"",0,0,0,0,0,0,0,0,0,0
57,3,0,0,2,0,0,0,0,0,0,255,255,255,29,1965.332,"-라후이-",R,6,119,-1.065,0.535,-0.069,1.891,-36.429,2,0,405.691,0,5.934,0,0,1,1,8,L,"SOM_candy",180.3,100.048,0.58,3,29,1966.467,68,14,71,52,28,73,111,113,96.301,75.492,0.51,-0.034,0.019,0.129,0,-0.056,-36.783,0,"Dοpi",-0.292,-16.98,0,"siesta_aves",-20.8,-46.24,0,"즉석카레",-13.727,-63.88,0,"peperon8655",20.785,-46.321,0,"muyang_",15.998,-62.756,0,"Roscosmos",41.825,-90.72,0,"ByeolBam",0.116,-112.684,0,"Penguin_iDOL",-45.258,-93.374,0,0,0,0,0,0,"",0,0,0,0,0,0,0,0,0,3
58,3,0,0,2,0,1,0,0,0,0,255,255,255,30,1984.757,"-라후이-",R,30,139,-1.123,-0.43,0.07,1.709,-36.303,0,0,-141.163,-98.233,6.469,0,0,0,1,8,L,"SOM_candy",180.3,100.048,0.58,0,29,0,0,0,0,0,0,0,0,0,0,0,0,0,0,0,0,0.142,-37.805,0,"Dοpi",-0.279,-16.913,0,"siesta_aves",-21.435,-45.74,0,"즉석카레",-14.048,-63.879,0,"peperon8655",21.553,-46.35,0,"muyang_",14.022,-63.867,0,"Roscosmos",41.842,-89.07,0,"ByeolBam",0.561,-112.38,0,"Penguin_iDOL",-45.654,-92.435,0,0,0,0,0,0,"",0,0,0,0,0,0,0,0,0,0
59,3,0,0,2,0,2,0,0,0,0,255,255,255,31,2004.716,"-라후이-",R,10,90,2.103,-1.046,0.553,1.848,-36.539,1,0,0,400,-6.923,0.362,-17.789,0,1,8,L,"SOM_candy",180.3,100.048,0.58,0,29,0,0,0,0,0,0,0,0,0,0,0,0,0,0,0,0,0.093,-37.352,0,"Dοpi",-0.03,-17.136,0,"siesta_aves",-20.703,-44.833,0,"즉석카레",-13.956,-63.557,0,"peperon8655",21.55,-46.422,0,"muyang_",16.492,-61.747,0,"Roscosmos",42.019,-88.911,0,"ByeolBam",0.588,-112.307,0,"Penguin_iDOL",-45.699,-92.748,0,0,0,0,0,0,"",0,0,0,0,0,0,0,0,0,0
60,3,0,0,2,1,2,0,0,0,0,255,255,255,32,2016.9,"-라후이-",R,10,83,0.469,-1.218,0.336,1.819,-36.405,1,0,0,400,2.339,0.053,-18.271,0,1,8,L,"SOM_candy",180.3,100.048,0.58,0,29,0,0,0,0,0,0,0,0,0,0,0,0,0,0,0,0,-0.025,-37.671,0,"Dοpi",0.151,-17.058,0,"siesta_aves",-21.599,-45.35,0,"즉석카레",-13.482,-63.773,0,"peperon8655",21.779,-47.149,0,"muyang_",15.131,-63.161,0,"Roscosmos",41.968,-88.901,0,"ByeolBam",0.613,-112.302,0,"Penguin_iDOL",-45.761,-92.561,0,0,0,0,0,0,"",0,0,0,0,0,0,0,0,0,0
61,3,0,0,2,2,2,0,0,0,0,255,255,255,33,2029.485,"-라후이-",R,26,109,0.285,-0.206,0.211,1.564,-36.261,0,0,-78.925,-200,14.689,0,0,0,1,8,L,"SOM_candy",180.3,100.048,0.58,0,29,0,0,0,0,0,0,0,0,0,0,0,0,0,0,0,0,-0.136,-37.2,0,"Dοpi",0.025,-17.175,0,"siesta_aves",-21.605,-45.085,0,"즉석카레",-13.694,-63.818,0,"peperon8655",21.536,-46.565,0,"muyang_",13.193,-62.587,0,"Roscosmos",42.026,-88.891,0,"ByeolBam",0.602,-112.291,0,"Penguin_iDOL",-45.568,-92.827,0,0,0,0,0,0,"",0,0,0,0,0,0,0,0,0,0
62,3,0,0,2,0,0,1,0,0,0,255,255,255,34,2050.149,"-라후이-",R,26,107,-1.176,-0.125,0.05,1.681,-36.464,0,0,-45.807,-200,7.227,0,0,0,2,7,R,"Gonyong",175.1,94.755,0.3,0,29,0,0,0,0,0,0,0,0,0,0,0,0,0,0,0,0,0.06,-37.513,0,"Dοpi",-0.22,-16.951,0,"siesta_aves",-21.043,-44.526,0,"즉석카레",-15.497,-63.035,0,"peperon8655",21.296,-46.363,0,"muyang_",8.151,-64.838,0,"Roscosmos",40.157,-89.514,0,"ByeolBam",-1.71,-111.824,0,"Penguin_iDOL",-45.493,-89.82,0,0,0,0,0,0,"",0,0,0,0,0,0,0,0,0,0
63,3,0,0,2,0,1,1,0,0,0,255,255,255,35,2066.761,"-라후이-",R,38,92,1.154,1.148,0.315,2.017,-36.441,1,0,0,0,0,0,0,0,2,7,R,"Gonyong",175.1,94.755,0.3,0,29,0,0,0,0,0,0,0,0,0,0,0,0,0,0,0,0,0.018,-37.431,0,"Dοpi",0.105,-17.065,0,"siesta_aves",-21.418,-44.512,0,"즉석카레",-15.22,-63.174,0,"peperon8655",21.251,-46.302,0,"muyang_",11.54,-64.781,0,"Roscosmos",41.646,-88.977,0,"ByeolBam",-3.39,-113.738,0,"Penguin_iDOL",-45.206,-88.908,0,0,0,0,0,0,"",0,0,0,0,0,0,0,0,0,0
64,3,0,0,2,1,1,1,0,0,0,255,255,255,36,2082.136,"-라후이-",R,26,134,1.274,0.928,0.191,1.722,-36.295,2,0,-31.483,-187.107,18.414,0,0,1,2,7,R,"Gonyong",175.1,94.755,0.3,3,29,2083.024,129,18,83,69,22,73,140,89,18.303,10.501,-0.47,-0.019,0.004,0.039,0,0.222,-36.838,0,"Dοpi",0.128,-17.069,0,"siesta_aves",-21.564,-47.333,0,"즉석카레",-15.254,-63.095,0,"peperon8655",21.255,-46.345,0,"muyang_",12.972,-64.223,0,"Roscosmos",41.756,-88.749,0,"ByeolBam",0.037,-113.139,0,"Penguin_iDOL",-45.225,-89.144,0,2081.977,-12.526,-93.288,2083.26,7,"ByeolBam",-14.103,-102.729,1,0,0,0,0,0,0,2
65,3,0,0,2,0,0,1,1,0,0,16,255,255,37,2110.706,"-라후이-",R,14,86,3.033,-0.865,0.35,1.798,-36.355,1,0,305.249,312.348,12.346,0,0,0,3,1,L,"Pring__",180.2,94.516,0.485,0,29,0,0,0,0,0,0,0,0,0,0,0,0,0,0,0,0,0.031,-37.178,0,"Dοpi",0.403,-17.001,0,"siesta_aves",-20.254,-41.229,0,"즉석카레",-6.06,-63.123,0,"peperon8655",20.622,-45.75,0,"muyang_",10.071,-61.212,0,"Roscosmos",41.913,-87.251,0,"ByeolBam",2.379,-111.098,0,"Penguin_iDOL",-40.181,-91.644,0,0,0,0,0,0,"",0,0,0,0,0,0,0,0,0,0
66,3,0,0,2,1,0,1,1,0,0,16,255,255,38,2122.534,"-라후이-",R,6,132,1.301,0.24,0.229,1.708,-36.272,0,0,274.187,0,12.563,0,0,0,3,1,L,"Pring__",180.2,94.516,0.485,0,29,0,0,0,0,0,0,0,0,0,0,0,0,0,0,0,0,0.271,-37.117,0,"Dοpi",0.159,-17.011,0,"siesta_aves",-20.056,-41.108,0,"즉석카레",-10.046,-63.418,0,"peperon8655",20.606,-45.69,0,"muyang_",12.681,-61.533,0,"Roscosmos",42.221,-87.333,0,"ByeolBam",6.768,-111.497,0,"Penguin_iDOL",-40.672,-92.165,0,0,0,0,0,0,"",0,0,0,0,0,0,0,0,0,0
67,3,0,0,2,1,1,1,1,0,0,16,255,255,39,2133.515,"-라후이-",R,6,122,0.744,0.571,0.131,1.689,-36.221,0,0,447.114,0,11.778,0,0,0,3,1,L,"Pring__",180.2,94.516,0.485,0,29,0,0,0,0,0,0,0,0,0,0,0,0,0,0,0,0,0.316,-37.377,0,"Dοpi",0.17,-16.878,0,"siesta_aves",-19.437,-42.89,0,"즉석카레",-11.342,-64.85,0,"peperon8655",20.359,-46.315,0,"muyang_",11.583,-62.98,0,"Roscosmos",42.234,-87.368,0,"ByeolBam",4.419,-111.668,0,"Penguin_iDOL",-40.7,-92.258,0,0,0,0,0,0,"",0,0,0,0,0,0,0,0,0,0
68,3,0,0,2,1,2,1,1,0,0,16,255,255,40,2145.355,"-라후이-",R,10,101,1.158,-1.148,0.407,1.687,-36.333,2,0,0,400,0.582,0,0,1,3,1,L,"Pring__",180.2,94.516,0.485,3,29,2146.267,121,15,118,90,68,118,148,92,33.72,45.096,-0.46,0.065,-0.142,0.069,0,-0.145,-36.668,0,"Dοpi",0.376,-17.137,0,"siesta_aves",-19.494,-42.902,0,"즉석카레",-11.029,-64.542,0,"peperon8655",20.386,-46.318,0,"muyang_",13.295,-62.618,0,"Roscosmos",42.222,-87.347,0,"ByeolBam",5.127,-111.964,0,"Penguin_iDOL",-40.711,-92.17,0,2147.843,-61.544,-71.35,0,0,"",0,0,0,0,0,0,0,0,0,3
69,3,0,0,2,1,2,1,1,0,0,16,255,255,41,2164.716,"-라후이-",R,10,84,2.416,-0.939,0.407,1.957,-36.58,4,0,115.716,400,-2.763,0.497,-17.924,1,3,1,L,"Pring__",180.2,94.516,0.485,0,29,0,0,0,0,0,0,0,0,0,0,0,0,0,0,0,0,-0.058,-37.825,0,"Dοpi",0.173,-16.982,0,"siesta_aves",-19.523,-42.828,0,"즉석카레",-10.003,-63.847,0,"peperon8655",20.141,-45.115,0,"muyang_",9.06,-61.843,0,"Roscosmos",40.85,-86.142,0,"ByeolBam",0.77,-113.58,0,"Penguin_iDOL",-42.768,-90.42,0,0,0,0,0,0,"",0,0,0,0,0,0,0,0,0,0
70,3,0,0,2,0,0,2,1,0,0,16,255,255,42,2183.416,"-라후이-",R,27,140,-1.734,-0.939,-0.029,1.435,-36.405,1,0,-31.88,-130.089,19.728,0,0,0,4,0,R,"인생최패망자",190,80,0.401,0,29,0,0,0,0,0,0,0,0,0,0,0,0,0,0,0,0,0.084,-37.038,0,"Dοpi",-0.786,-18.138,0,"siesta_aves",-19.352,-41.144,0,"즉석카레",-14.655,-63.057,0,"peperon8655",20.527,-45.817,0,"muyang_",7.005,-61.878,0,"Roscosmos",40.536,-86.914,0,"ByeolBam",0.015,-110.104,0,"Penguin_iDOL",-43.982,-90.324,0,0,0,0,0,0,"",0,0,0,0,0,0,0,0,0,0
71,3,0,0,2,1,0,2,0,1,0,255,16,255,43,2206.557,"-라후이-",R,31,134,0.666,0.285,0.264,1.797,-36.361,0,0,-91.888,-74.579,1.531,0,0,0,4,0,R,"인생최패망자",190,80,0.401,0,29,0,0,0,0,0,0,0,0,0,0,0,0,0,0,0,0,0.179,-37.558,0,"Dοpi",-0.041,-16.961,0,"siesta_aves",-19.836,-44.606,0,"즉석카레",-15.26,-63.13,0,"peperon8655",19.939,-43.949,0,"muyang_",11.284,-61.431,0,"Roscosmos",40.403,-85.903,0,"ByeolBam",0.147,-112.102,0,"Penguin_iDOL",-44.068,-90.713,0,0,0,0,0,0,"",0,0,0,0,0,0,0,0,0,0
72,3,0,0,2,1,1,2,0,1,0,255,16,255,44,2218.246,"-라후이-",R,8,136,0.987,0.388,0.188,1.904,-36.36,0,0,86.937,0,12.438,0,0,0,4,0,R,"인생최패망자",190,80,0.401,0,29,0,0,0,0,0,0,0,0,0,0,0,0,0,0,0,0,0.338,-37.303,0,"Dοpi",0.095,-17.141,0,"siesta_aves",-19.944,-43.621,0,"즉석카레",-15.172,-63.176,0,"peperon8655",20.369,-44.364,0,"muyang_",9.231,-60.371,0,"Roscosmos",40.414,-85.907,0,"ByeolBam",0.155,-112.083,0,"Penguin_iDOL",-44.024,-90.83,0,0,0,0,0,0,"",0,0,0,0,0,0,0,0,0,0
73,3,0,0,2,1,2,2,0,1,0,255,16,255,45,2237.069,"-라후이-",R,30,121,0.799,0.42,0.355,1.838,-36.38,0,0,-142.35,-116.217,6.846,0,0,0,4,0,R,"인생최패망자",190,80,0.401,0,29,0,0,0,0,0,0,0,0,0,0,0,0,0,0,0,0,0.25,-37.573,0,"Dοpi",-0.043,-17.056,0,"siesta_aves",-20.418,-44.213,0,"즉석카레",-15.275,-63.091,0,"peperon8655",20.663,-45.051,0,"muyang_",10.244,-62.616,0,"Roscosmos",40.554,-85.952,0,"ByeolBam",1.155,-112.454,0,"Penguin_iDOL",-44.02,-90.63,0,0,0,0,0,0,"",0,0,0,0,0,0,0,0,0,0
74,4,1,0,2,0,0,0,0,0,0,255,255,255,27,2295.759,"인생최패망자",R,26,130,1.698,0.73,0.141,1.776,-36.394,2,0,57.007,-187.41,0,0,0,1,1,0,R,"-라후이-",190,95,0.498,3,86,2296.606,178,27,124,128,74,127,150,127,26.456,-19.54,0.27,-0.046,-0.043,0.049,0,0.058,-37.089,0,"Pring__",0.123,-16.993,0,"Fresh825",-23.208,-47.478,0,"ʚEveɞ",-12.515,-65.127,0,"HANA_ARASHI",23.599,-52.488,0,"Yaksok~",9.828,-64.294,0,"IbikiKai_JP",36.842,-88.38,0,"Gonyong",-7.306,-117.495,0,"SOM_candy",-46.582,-93.534,0,2296.31,17.965,-134.494,2299.527,7,"Gonyong",17.296,-119.942,1,0,0,0,0,0,0,2
75,4,1,0,2,0,0,0,0,1,0,255,0,255,28,2335.686,"인생최패망자",R,26,128,2.352,0.474,0.198,1.76,-36.511,2,0,94.707,-200,0,0,0,1,2,1,R,"Dοpi",179.8,90,0.3,3,29,2336.616,64,15,52,98,74,67,103,68,90.01,-89.94,-0.38,-0.018,-0.005,0.027,0,-0.004,-37.173,0,"Pring__",0.061,-17.055,0,"Fresh825",-21.139,-45.882,0,"ʚEveɞ",-14.826,-63.058,0,"HANA_ARASHI",22.521,-48.469,0,"Yaksok~",7.732,-61.628,0,"IbikiKai_JP",36.215,-92.038,0,"Gonyong",1.537,-119.9,0,"SOM_candy",-43.394,-90.302,0,2336.36,-12.514,-19.015,2336.494,1,"Pring__",-12.159,-19.05,0,0,0,0,0,0,0,1
76,4,1,0,2,0,0,1,1,1,0,7,0,255,29,2393.369,"인생최패망자",R,13,95,0.344,-0.915,0.345,1.684,-36.538,2,0,-337.193,312.348,0,0,0,1,4,8,R,"Penguin_iDOL",180.3,80,0.395,3,29,2394.653,231,18,127,82,42,222,150,97,-10.43,-13.653,0.96,0.025,0.017,0.048,0,0.298,-37.405,0,"Pring__",0.05,-17.043,0,"Fresh825",-20.017,-42.223,0,"ʚEveɞ",-14.564,-63.816,0,"HANA_ARASHI",23.17,-48.663,0,"Yaksok~",8.789,-62.48,0,"IbikiKai_JP",39.463,-90.601,0,"Gonyong",-0.105,-112.839,0,"SOM_candy",-38.515,-83.522,0,2389.077,0.904,-24.453,2393.06,7,"Gonyong",13.616,-99.569,1,0,0,0,0,0,0,2
77,4,1,0,2,0,0,1,1,1,1,8,7,0,30,2435.686,"인생최패망자",R,26,128,2.668,1.044,0.269,1.879,-36.562,4,0,118.207,-151.071,0,0,0,1,5,2,R,"siesta_aves",190,100,0.355,0,29,0,0,0,0,0,0,0,0,0,0,0,0,0,0,0,0,0.129,-37.567,0,"Pring__",0.078,-17.219,0,"Fresh825",-20.408,-43.963,0,"ʚEveɞ",-13.703,-64.302,0,"HANA_ARASHI",23.977,-48.263,0,"Yaksok~",9.314,-60.491,0,"IbikiKai_JP",38.657,-89.394,0,"Gonyong",-1.428,-110.3,0,"SOM_candy",-35.266,-80.363,0,0,0,0,0,0,"",0,0,0,0,0,0,0,0,0,0
78,4,1,0,2,0,1,1,1,1,1,8,7,0,31,2451.162,"인생최패망자",R,26,140,0.843,0.607,0.059,1.756,-36.394,0,0,69.914,-200,0,0,0,1,5,2,R,"siesta_aves",190,100,0.355,0,29,0,0,0,0,0,0,0,0,0,0,0,0,0,0,0,0,0.195,-37.345,0,"Pring__",0.03,-17.247,0,"Fresh825",-19.891,-43.62,0,"ʚEveɞ",-13.657,-64.234,0,"HANA_ARASHI",22.991,-47.013,0,"Yaksok~",6.834,-62.048,0,"IbikiKai_JP",37.984,-88.822,0,"Gonyong",-1.499,-109.943,0,"SOM_candy",-35.318,-80.463,0,0,0,0,0,0,"",0,0,0,0,0,0,0,0,0,0
79,4,1,0,2,0,2,1,1,1,1,8,7,0,32,2467.839,"인생최패망자",R,13,93,-2.554,-1.347,-0.11,1.514,-36.466,2,0,-326.128,318.123,0,0,0,1,5,2,R,"siesta_aves",190,100,0.355,3,29,2469.062,113,20,102,92,46,99,143,130,22.756,23.565,0.54,-0.004,-0.053,0,0,-0.1,-37.066,0,"Pring__",-0.536,-16.986,0,"Fresh825",-22.597,-46.422,0,"ʚEveɞ",-13.644,-64.255,0,"HANA_ARASHI",23.124,-49.316,0,"Yaksok~",7.703,-61.542,0,"IbikiKai_JP",37.981,-88.844,0,"Gonyong",-7.369,-112.074,0,"SOM_candy",-35.181,-80.606,0,2467.777,-61.831,-112.846,0,0,"",0,0,0,0,0,0,0,0,0,4
80,4,1,4,2,0,0,1,0,0,0,255,255,255,33,2516.18,"인생최패망자",R,10,110,2.107,-1.666,0.133,1.646,-36.449,4,0,103.79,400,0,0.443,-17.65,1,6,4,L,"peperon8655",175.3,105,0.328,0,29,0,0,0,0,0,0,0,0,0,0,0,0,0,0,0,0,0.096,-37.64,0,"Pring__",0.276,-17.126,0,"Fresh825",-22.896,-47.45,0,"ʚEveɞ",-12.067,-61.612,0,"HANA_ARASHI",24.972,-50.729,0,"Yaksok~",11.818,-61.057,0,"IbikiKai_JP",36.131,-84.381,0,"Gonyong",-4.157,-100.526,0,"SOM_candy",-35.889,-79.156,0,0,0,0,0,0,"",0,0,0,0,0,0,0,0,0,0
81,4,1,4,2,0,1,1,0,0,0,255,255,255,34,2529.821,"인생최패망자",R,1,133,1.929,-0.339,0.101,1.631,-36.45,2,0,0,0,0,0,0,1,6,4,L,"peperon8655",175.3,105,0.328,3,29,2530.832,76,20,57,31,13,69,93,88,9.949,-13.908,0.77,0.056,-0.053,0.067,0,-0.03,-37.144,0,"Pring__",0.238,-16.827,0,"Fresh825",-22.932,-47.351,0,"ʚEveɞ",-11.731,-65.133,0,"HANA_ARASHI",24.355,-50.569,0,"Yaksok~",12.201,-61.851,0,"IbikiKai_JP",36.023,-85.105,0,"Gonyong",1.063,-101.593,0,"SOM_candy",-35.88,-79.121,0,0,0,0,2527.244,5,"Yaksok~",10.17,-55.619,0,0,0,0,0,0,0,1
82,4,1,4,2,0,0,2,0,0,0,255,255,255,35,2554.4,"인생최패망자",R,26,129,0.589,-0.761,0.06,1.52,-36.34,2,0,-17.973,-167.826,0,0,0,1,7,3,R,"즉석카레",169.8,95.808,0.397,2,29,2555.224,153,17,121,66,34,245,150,108,26.559,-20.331,0.15,-0.09,-0.09,0.046,0,-0.141,-37.119,0,"Pring__",0.157,-16.919,0,"Fresh825",-22.062,-47.265,0,"ʚEveɞ",-12.121,-62.332,0,"HANA_ARASHI",23.738,-51.326,0,"Yaksok~",9.823,-62.115,0,"IbikiKai_JP",39.399,-91.507,0,"Gonyong",0.597,-103.375,0,"SOM_candy",-37.684,-79.551,0,2553.81,31.851,-107.905,2556.427,7,"Gonyong",31.925,-118.093,1,0,0,0,0,0,0,2
83,4,1,4,2,0,0,2,0,0,1,255,255,3,36,2655.209,"인생최패망자",R,13,94,-1.46,-1.5,0.111,1.641,-36.524,1,0,-297.476,358.915,0,-0.397,-17.675,0,8,6,R,"Roscosmos",175.1,95.635,0.36,0,28,0,0,0,0,0,0,0,0,0,0,0,0,0,0,0,0,-0.133,-37.037,0,"Pring__",-0.286,-17.173,0,"Fresh825",-23.86,-49.899,0,"ʚEveɞ",-12.49,-65.088,0,"HANA_ARASHI",20.341,-43.006,0,"Yaksok~",11.919,-64.82,0,"IbikiKai_JP",36.73,-91.516,0,"Gonyong",-1.203,-102.027,0,"SOM_candy",-36.811,-82.441,0,0,0,0,0,0,"",0,0,0,0,0,0,0,0,0,0
84,4,1,4,2,1,0,2,0,0,1,255,255,3,37,2671.404,"인생최패망자",R,26,132,0.553,-0.045,0.06,1.631,-36.329,2,0,-29.77,-180.321,0,0,0,1,8,6,R,"Roscosmos",175.1,95.635,0.36,3,28,2672.172,119,13,108,81,47,124,145,120,22.058,-17.419,0.24,-0.007,-0.078,0,0,-0.155,-36.947,0,"Pring__",0.043,-16.967,0,"Fresh825",-24.098,-49.753,0,"ʚEveɞ",-12.427,-65.005,0,"HANA_ARASHI",20.579,-43.815,0,"Yaksok~",11.882,-64.306,0,"IbikiKai_JP",36.651,-91.199,0,"Gonyong",-0.987,-102.023,0,"SOM_candy",-37.608,-83.061,0,2671.01,18.942,-127.605,2674.927,7,"Gonyong",19.427,-121.75,1,0,0,0,0,0,0,2
85,4,1,5,2,0,0,2,0,1,0,255,6,255,38,2704.513,"인생최패망자",R,26,134,1.032,0.602,0.104,1.73,-36.367,0,0,-25.364,-200,0,0,0,0,0,5,R,"muyang_",172.1,90.462,0.5,0,28,0,0,0,0,0,0,0,0,0,0,0,0,0,0,0,0,-0.024,-37.327,0,"Pring__",-0.115,-16.597,0,"Fresh825",-21.193,-46.615,0,"ʚEveɞ",-12.22,-65.279,0,"HANA_ARASHI",24.073,-49.462,0,"Yaksok~",9.055,-62.933,0,"IbikiKai_JP",37.51,-93.33,0,"Gonyong",-6.403,-110.091,0,"SOM_candy",-38.301,-83.452,0,0,0,0,0,0,"",0,0,0,0,0,0,0,0,0,0
86,4,1,5,2,0,1,2,0,1,0,255,6,255,39,2718.804,"인생최패망자",R,26,133,0.633,0.542,0.076,1.73,-36.343,2,0,-59.08,-158.344,0,0,0,1,0,5,R,"muyang_",172.1,90.462,0.5,2,28,2719.733,220,11,102,70,60,234,150,90,34.782,-25.084,-0.51,-0.028,-0.054,0.039,0,-0.247,-37.16,0,"Pring__",0.066,-16.854,0,"Fresh825",-21.386,-46.435,0,"ʚEveɞ",-12.185,-65.208,0,"HANA_ARASHI",24.022,-50.066,0,"Yaksok~",9.272,-62.696,0,"IbikiKai_JP",37.158,-92.809,0,"Gonyong",-7.683,-108.647,0,"SOM_candy",-36.951,-81.164,0,0,0,0,2718.61,6,"IbikiKai_JP",34.264,-79.242,0,0,0,0,0,0,0,1
87,4,0,5,2,0,0,0,0,0,0,255,255,255,46,2776.634,"-라후이-",R,26,134,-1.25,-0.152,0.025,1.629,-36.294,0,0,-42.321,-156.911,11.238,0,0,0,5,5,R,"Yaksok~",173.1,98.835,0.303,0,28,0,0,0,0,0,0,0,0,0,0,0,0,0,0,0,0,-0.06,-37.006,0,"Dοpi",-0.226,-17.079,0,"siesta_aves",-20.041,-44.855,0,"즉석카레",-15.594,-62.75,0,"peperon8655",21.769,-46.446,0,"muyang_",8.829,-64.366,0,"Roscosmos",41.456,-88.287,0,"ByeolBam",-1.941,-112.736,0,"Penguin_iDOL",-43.764,-92.112,0,0,0,0,0,0,"",0,0,0,0,0,0,0,0,0,0
88,4,0,5,2,0,1,0,0,0,0,255,255,255,47,2794.38,"-라후이-",R,29,124,-2.535,0.113,0.044,1.59,-36.272,1,0,-191.114,-88.088,-1.973,0,0,0,5,5,R,"Yaksok~",173.1,98.835,0.303,0,28,0,0,0,0,0,0,0,0,0,0,0,0,0,0,0,0,-0.178,-37.427,0,"Dοpi",-0.174,-16.942,0,"siesta_aves",-20.119,-44.804,0,"즉석카레",-14.463,-63.161,0,"peperon8655",21.789,-46.481,0,"muyang_",13.891,-63.974,0,"Roscosmos",41.679,-88.157,0,"ByeolBam",0.062,-112.316,0,"Penguin_iDOL",-43.589,-92.327,0,0,0,0,0,0,"",0,0,0,0,0,0,0,0,0,0
89,4,0,5,2,1,1,0,0,0,0,255,255,255,48,2807.982,"-라후이-",R,6,120,-0.935,0.619,-0.064,1.836,-36.309,2,0,433.628,0,9.738,0,0,1,5,5,R,"Yaksok~",173.1,98.835,0.303,3,28,2808.8,113,20,99,59,0,97,141,127,-7.171,-24.615,0.51,-0.047,-0.042,0.203,0,-0.04,-36.797,0,"Dοpi",-0.182,-17.064,0,"siesta_aves",-19.995,-45.015,0,"즉석카레",-14.916,-63.211,0,"peperon8655",20.047,-46.604,0,"muyang_",13.581,-64.569,0,"Roscosmos",41.677,-88.152,0,"ByeolBam",3.068,-111.842,0,"Penguin_iDOL",-43.685,-92.085,0,2802.777,3.054,-27.467,2805.494,6,"Roscosmos",28.539,-87.004,1,0,0,0,0,0,0,2
90,4,0,5,2,0,0,0,1,0,0,14,255,255,49,2836.522,"-라후이-",R,26,132,-2.001,0.275,0.004,1.827,-36.427,1,0,-49.928,-150.804,14.719,0,0,0,6,4,R,"HANA_ARASHI",190,86,0.25,0,28,0,0,0,0,0,0,0,0,0,0,0,0,0,0,0,0,-0.027,-37.273,0,"Dοpi",-0.115,-16.997,0,"siesta_aves",-19.943,-40.698,0,"즉석카레",-14.548,-62.549,0,"peperon8655",21.061,-46.806,0,"muyang_",7.727,-61.106,0,"Roscosmos",40.16,-87.729,0,"ByeolBam",0.069,-112.175,0,"Penguin_iDOL",-40.362,-89.821,0,0,0,0,0,0,"",0,0,0,0,0,0,0,0,0,0
91,4,0,5,2,1,0,0,1,0,0,14,255,255,50,2848.428,"-라후이-",R,26,137,1.022,-0.029,0.278,1.685,-36.3,2,0,-31.462,-175.058,10.974,0,0,1,6,4,R,"HANA_ARASHI",190,86,0.25,3,28,2849.427,99,17,128,57,26,216,139,99,5.216,10.542,-0.23,-0.003,-0.079,0.18,0,0.046,-36.821,0,"Dοpi",-0.102,-17.216,0,"siesta_aves",-19.846,-40.399,0,"즉석카레",-14.393,-62.825,0,"peperon8655",21.086,-46.814,0,"muyang_",9.7,-62.14,0,"Roscosmos",40.55,-87.927,0,"ByeolBam",0.277,-113.972,0,"Penguin_iDOL",-40.634,-89.67,0,2844.327,-4.427,-51.08,2847.543,7,"ByeolBam",-12.729,-99.887,1,0,0,0,0,0,0,2
92,4,0,5,2,0,0,0,1,1,0,13,14,255,51,2899.463,"-라후이-",R,26,134,-1.128,-0.316,0.011,1.558,-36.249,0,0,-45.425,-162.027,12.846,0,0,1,7,6,L,"IbikiKai_JP",175,90,0.5,0,28,0,0,0,0,0,0,0,0,0,0,0,0,0,0,0,0,0.032,-37.498,0,"Dοpi",-0.063,-17.077,0,"siesta_aves",-19.939,-42.622,0,"즉석카레",-4.701,-63.845,0,"peperon8655",20.353,-44.949,0,"muyang_",8.559,-63.354,0,"Roscosmos",40.566,-86.613,0,"ByeolBam",0.184,-110.4,0,"Penguin_iDOL",-39.697,-88.52,0,0,0,0,0,0,"",0,0,0,0,0,0,0,0,0,0
93,4,0,5,2,0,1,0,1,1,0,13,14,255,52,2908.715,"-라후이-",R,27,129,-0.325,1.213,0.078,1.9,-36.413,2,0,-53.496,-147.323,11.811,0,0,1,7,6,L,"IbikiKai_JP",175,90,0.5,3,28,2909.843,145,9,74,53,35,79,138,88,16.093,-16.283,-0.48,-0.035,-0.015,0.079,0,-0.154,-37.137,0,"Dοpi",-0.072,-17.106,0,"siesta_aves",-20.263,-44.512,0,"즉석카레",-8.494,-62.602,0,"peperon8655",21.844,-45.759,0,"muyang_",11.154,-62.851,0,"Roscosmos",40.538,-86.605,0,"ByeolBam",0.262,-110.377,0,"Penguin_iDOL",-39.69,-88.592,0,2907.093,26.751,-80.397,2907.56,6,"Roscosmos",26.747,-80.39,1,0,0,0,0,0,0,2
94,4,0,5,2,0,0,0,1,1,1,15,13,14,53,2961.286,"-라후이-",R,26,134,-0.604,0.651,0.075,1.813,-36.336,0,0,18.505,-166.852,19.152,0,0,1,8,2,L,"Fresh825",172.9,80,0.8,0,28,0,0,0,0,0,0,0,0,0,0,0,0,0,0,0,0,0,-37.432,0,"Dοpi",-0.053,-17.032,0,"siesta_aves",-19.791,-42.937,0,"즉석카레",-4.207,-63.159,0,"peperon8655",19.57,-41.979,0,"muyang_",11.698,-62.151,0,"Roscosmos",39.42,-83.867,0,"ByeolBam",0.269,-110.135,0,"Penguin_iDOL",-36.628,-88.827,0,0,0,0,0,0,"",0,0,0,0,0,0,0,0,0,0
95,4,0,5,2,0,1,0,1,1,1,15,13,14,54,2976.584,"-라후이-",R,14,92,3.039,-0.78,0.348,1.865,-36.503,4,0,326.545,312.348,3.762,0,0,1,8,2,L,"Fresh825",172.9,80,0.8,0,28,0,0,0,0,0,0,0,0,0,0,0,0,0,0,0,0,-0.15,-37.707,0,"Dοpi",0.443,-17.117,0,"siesta_aves",-19.872,-43.168,0,"즉석카레",-2.756,-62.84,0,"peperon8655",18.982,-42.248,0,"muyang_",13.123,-61.201,0,"Roscosmos",39.422,-83.861,0,"ByeolBam",4.452,-110.647,0,"Penguin_iDOL",-36.644,-88.743,0,0,0,0,0,0,"",0,0,0,0,0,0,0,0,0,0
96,4,0,5,2,0,2,0,1,1,1,15,13,14,55,2991.269,"-라후이-",R,27,138,-0.881,0.912,0.074,1.943,-36.426,2,0,-27.486,-137.423,10.718,0,0,1,8,2,L,"Fresh825",172.9,80,0.8,3,28,2992.298,199,8,76,52,31,57,140,92,96.443,64.457,-0.26,0.066,-0.084,0.027,0,-0.027,-36.89,0,"Dοpi",-0.158,-17.384,0,"siesta_aves",-20.031,-43.807,0,"즉석카레",-6.329,-62.316,0,"peperon8655",18.992,-41.988,0,"muyang_",13.812,-60.911,0,"Roscosmos",39.864,-84.235,0,"ByeolBam",1.811,-111.247,0,"Penguin_iDOL",-36.763,-88.722,0,2992.543,20.125,-2.403,0,0,"",0,0,0,0,0,0,0,0,0,3
97,4,0,5,2,0,2,0,1,1,1,15,13,14,56,3016.091,"-라후이-",R,26,126,0.055,2.951,0.192,2.169,-36.598,1,0,10.447,-200,9.053,0,0,0,8,2,L,"Fresh825",172.9,80,0.8,0,83,0,0,0,0,0,0,0,0,0,0,0,0,0,0,0,0,0.082,-37.571,0,"Dοpi",-0.008,-17.04,0,"siesta_aves",-19.757,-42.055,0,"즉석카레",-4.981,-63.069,0,"peperon8655",20.154,-42.778,0,"muyang_",15.449,-61.952,0,"Roscosmos",42.457,-86.893,0,"ByeolBam",0.55,-110.476,0,"Penguin_iDOL",-34.362,-87.787,0,0,0,0,0,0,"",0,0,0,0,0,0,0,0,0,0
98,4,0,5,2,1,2,0,1,1,1,15,13,14,57,3030.817,"-라후이-",R,6,122,1.963,0.181,0.208,1.72,-36.32,4,0,431.817,0,14.414,0,0,1,8,2,L,"Fresh825",172.9,80,0.8,0,83,0,0,0,0,0,0,0,0,0,0,0,0,0,0,0,0,0.215,-37.198,0,"Dοpi",0.428,-17.135,0,"siesta_aves",-19.524,-40.741,0,"즉석카레",-4.993,-62.158,0,"peperon8655",19.633,-42.98,0,"muyang_",13.345,-62.986,0,"Roscosmos",43.433,-86.114,0,"ByeolBam",5.398,-109.552,0,"Penguin_iDOL",-34.399,-87.727,0,0,0,0,0,0,"",0,0,0,0,0,0,0,0,0,0
99,4,0,5,2,0,0,1,1,1,1,15,13,14,58,3061.254,"-라후이-",R,26,137,1.135,-0.398,0.224,1.622,-36.301,0,0,-10.86,-184.334,13.811,0,0,1,0,3,L,"ʚEveɞ",165.4,94.542,0.398,0,28,0,0,0,0,0,0,0,0,0,0,0,0,0,0,0,0,-0.054,-37.245,0,"Dοpi",0.329,-17.117,0,"siesta_aves",-19.219,-41.136,0,"즉석카레",-6.251,-62.684,0,"peperon8655",19.71,-43.327,0,"muyang_",10.885,-60.439,0,"Roscosmos",44.087,-86.354,0,"ByeolBam",1.012,-112.213,0,"Penguin_iDOL",-35.123,-88.691,0,0,0,0,0,0,"",0,0,0,0,0,0,0,0,0,0
100,4,0,5,2,0,1,1,1,1,1,15,13,14,59,3085.37,"-라후이-",R,14,126,2.662,-1.306,0.258,1.534,-36.202,4,0,347.96,359.06,29.752,0,0,1,0,3,L,"ʚEveɞ",165.4,94.542,0.398,0,28,0,0,0,0,0,0,0,0,0,0,0,0,0,0,0,0,0.156,-37.437,0,"Dοpi",0.446,-17.08,0,"siesta_aves",-19.479,-41.13,0,"즉석카레",-5.797,-62.536,0,"peperon8655",20.316,-43.605,0,"muyang_",11.174,-60.772,0,"Roscosmos",42.932,-85.541,0,"ByeolBam",4.232,-112.214,0,"Penguin_iDOL",-35.05,-88.638,0,0,0,0,0,0,"",0,0,0,0,0,0,0,0,0,0
101,4,0,5,2,0,2,1,1,1,1,15,13,14,60,3122.681,"-라후이-",R,10,94,0.923,-1.431,0.412,1.772,-36.36,2,0,0,400,-3.816,0,0,1,0,3,L,"ʚEveɞ",165.4,94.542,0.398,3,80,3123.83,186,26,117,91,37,219,150,90,24.073,-29.256,0.94,0.182,-0.058,0.047,0,0.087,-36.591,0,"Dοpi",0.083,-17.27,0,"siesta_aves",-19.659,-42.152,0,"즉석카레",-8.723,-62.631,0,"peperon8655",19.611,-43.79,0,"muyang_",10.698,-61.632,0,"Roscosmos",43.088,-86.149,0,"ByeolBam",0.387,-108.937,0,"Penguin_iDOL",-34.779,-88.733,0,3120.877,37.045,-70.076,3127.51,6,"Roscosmos",60.591,-92.473,1,0,0,0,0,0,0,2
102,4,0,5,4,0,0,1,0,1,1,255,12,15,61,3168.374,"-라후이-",R,6,128,-0.487,0.315,0.037,1.56,-36.196,0,0,407.584,0,15.748,0,0,0,1,8,L,"SOM_candy",180.3,100.048,0.58,0,28,0,0,0,0,0,0,0,0,0,0,0,0,0,0,0,0,0.157,-37.348,0,"Dοpi",-0.178,-17.022,0,"siesta_aves",-19.896,-42.996,0,"즉석카레",-11.55,-63.287,0,"peperon8655",19.599,-42.075,0,"muyang_",14.482,-61.737,0,"Roscosmos",39.94,-83.15,0,"ByeolBam",1.137,-107.454,0,"Penguin_iDOL",-37.758,-88.256,0,0,0,0,0,0,"",0,0,0,0,0,0,0,0,0,0
103,4,0,5,4,0,1,1,0,1,1,255,12,15,62,3181.216,"-라후이-",R,29,137,-1.549,0.397,0.082,1.746,-36.288,4,0,-172.396,-110.726,9.31,0,0,1,1,8,L,"SOM_candy",180.3,100.048,0.58,0,28,0,0,0,0,0,0,0,0,0,0,0,0,0,0,0,0,0.05,-37.292,0,"Dοpi",-0.09,-17.046,0,"siesta_aves",-20.364,-44.722,0,"즉석카레",-7.272,-64.09,0,"peperon8655",20.105,-42.854,0,"muyang_",12.718,-61.168,0,"Roscosmos",41.206,-83.558,0,"ByeolBam",0.429,-109.003,0,"Penguin_iDOL",-39.895,-90.475,0,0,0,0,0,0,"",0,0,0,0,0,0,0,0,0,0
104,4,0,5,4,0,2,1,0,1,1,255,12,15,63,3193.922,"-라후이-",R,10,101,0.8,-2.002,0.378,1.497,-36.311,1,0,0,400,-1.678,0.129,-19.086,0,1,8,L,"SOM_candy",180.3,100.048,0.58,0,28,0,0,0,0,0,0,0,0,0,0,0,0,0,0,0,0,-0.101,-37.394,0,"Dοpi",0.063,-17.107,0,"siesta_aves",-20.85,-43.881,0,"즉석카레",-8.868,-62.481,0,"peperon8655",19.392,-42.259,0,"muyang_",13.475,-59.568,0,"Roscosmos",41.499,-84.383,0,"ByeolBam",0.423,-108.966,0,"Penguin_iDOL",-39.964,-90.59,0,0,0,0,0,0,"",0,0,0,0,0,0,0,0,0,0
105,4,0,5,4,1,2,1,0,1,1,255,12,15,64,3205.311,"-라후이-",R,10,98,0.969,-1.651,0.28,1.533,-36.229,4,0,0,400,9.563,0.167,-18.493,1,1,8,L,"SOM_candy",180.3,100.048,0.58,0,28,0,0,0,0,0,0,0,0,0,0,0,0,0,0,0,0,-0.343,-36.947,0,"Dοpi",0.085,-17.086,0,"siesta_aves",-20.321,-43.28,0,"즉석카레",-7.365,-63.727,0,"peperon8655",19.212,-40.753,0,"muyang_",13.871,-60.215,0,"Roscosmos",41.512,-84.385,0,"ByeolBam",1.475,-109.915,0,"Penguin_iDOL",-39.996,-90.642,0,0,0,0,0,0,"",0,0,0,0,0,0,0,0,0,0
106,4,0,5,4,0,0,2,0,1,1,255,12,15,65,3285.485,"-라후이-",R,26,138,1.395,0.371,0.239,1.679,-36.228,0,0,-18.032,-153.009,11.906,0,0,0,2,7,R,"Gonyong",175.1,94.755,0.3,0,53,0,0,0,0,0,0,0,0,0,0,0,0,0,0,0,0,0.284,-37.25,0,"Dοpi",0.05,-17.009,0,"siesta_aves",-20.789,-44.35,0,"즉석카레",-14.436,-63.645,0,"peperon8655",20.292,-44.218,0,"muyang_",7.605,-61.33,0,"Roscosmos",41.71,-84.534,0,"ByeolBam",1.617,-108.371,0,"Penguin_iDOL",-42.443,-88.994,0,0,0,0,0,0,"",0,0,0,0,0,0,0,0,0,0
107,4,0,5,4,0,1,2,0,1,1,255,12,15,66,3298.697,"-라후이-",R,31,140,0.961,0.012,0.287,1.586,-36.199,0,0,-75.098,-69.415,4.634,0,0,0,2,7,R,"Gonyong",175.1,94.755,0.3,0,53,0,0,0,0,0,0,0,0,0,0,0,0,0,0,0,0,0.112,-37.472,0,"Dοpi",-0.007,-16.986,0,"siesta_aves",-20.452,-45.023,0,"즉석카레",-14.454,-63.672,0,"peperon8655",20.094,-43.484,0,"muyang_",5.664,-62.556,0,"Roscosmos",41.692,-84.519,0,"ByeolBam",0.424,-109.419,0,"Penguin_iDOL",-42.322,-89.213,0,0,0,0,0,0,"",0,0,0,0,0,0,0,0,0,0
108,4,0,5,4,0,2,2,0,1,1,255,12,15,67,3328.719,"-라후이-",R,26,140,0.77,1.501,0.186,1.951,-36.311,1,0,-4.629,-200,11.112,0,0,0,2,7,R,"Gonyong",175.1,94.755,0.3,0,53,0,0,0,0,0,0,0,0,0,0,0,0,0,0,0,0,0.132,-37.159,0,"Dοpi",0.059,-17.177,0,"siesta_aves",-20.767,-44.458,0,"즉석카레",-14.207,-63.549,0,"peperon8655",19.881,-42.602,0,"muyang_",9.082,-59.55,0,"Roscosmos",42.114,-85.826,0,"ByeolBam",0.032,-108.336,0,"Penguin_iDOL",-42.369,-89.191,0,0,0,0,0,0,"",0,0,0,0,0,0,0,0,0,0
109,4,0,5,4,1,2,2,0,1,1,255,12,15,68,3363.519,"-라후이-",R,10,113,1.66,-0.484,0.348,1.923,-36.299,2,0,0,400,-2.078,0,0,1,2,7,R,"Gonyong",175.1,94.755,0.3,3,53,3364.481,66,21,91,45,21,156,112,115,-30,-5.738,0.45,0.031,-0.01,0.175,0,0.191,-36.666,0,"Dοpi",0.175,-17.086,0,"siesta_aves",-20.825,-45.85,0,"즉석카레",-13.626,-63.724,0,"peperon8655",19.34,-43.029,0,"muyang_",9.576,-60.148,0,"Roscosmos",42.55,-87.004,0,"ByeolBam",0.157,-108.987,0,"Penguin_iDOL",-41.524,-90.508,0,3357.061,0.359,-19.234,3359.094,5,"muyang_",4.111,-57.095,0,0,0,0,0,0,0,2
110,5,1,5,4,0,0,0,0,0,0,255,255,255,40,3420.024,"인생최패망자",R,26,138,0.754,0.997,0.065,1.831,-36.358,2,0,16.472,-200,0,0,0,1,1,0,R,"-라후이-",190,95,0.498,3,28,3420.873,194,12,145,63,53,215,150,107,31.528,14.655,-0.03,-0.05,-0.04,0.043,0,-0.095,-37.148,0,"Pring__",0.094,-16.864,0,"Fresh825",-24.586,-49.042,0,"ʚEveɞ",-15.421,-63.301,0,"HANA_ARASHI",24.22,-50.91,0,"Yaksok~",10.795,-64.089,0,"IbikiKai_JP",36.731,-89.427,0,"Gonyong",2.642,-121.877,0,"SOM_candy",-48.176,-95.072,0,3418.61,-36.691,-102.236,3418.727,8,"SOM_candy",-35.634,-100.294,0,0,0,0,0,0,0,1
111,5,1,5,4,0,0,1,0,0,0,255,255,255,41,3446.689,"인생최패망자",R,26,135,1.719,1.654,0.15,1.84,-36.387,2,0,20.769,-162.337,0,0,0,1,2,1,R,"Dοpi",179.8,90,0.3,3,28,3447.64,109,11,64,64,51,86,135,91,96.025,20.712,-0.29,0.002,0.007,0,0,0.077,-37.306,0,"Pring__",0.072,-16.873,0,"Fresh825",-24.125,-48.942,0,"ʚEveɞ",-12.272,-65.205,0,"HANA_ARASHI",23.359,-51.118,0,"Yaksok~",8.555,-62.655,0,"IbikiKai_JP",36.031,-91.68,0,"Gonyong",0.479,-109.214,0,"SOM_candy",-40.808,-85.248,0,3446.627,-0.822,-3.859,3446.844,1,"Pring__",-0.796,-4.11,0,0,0,0,0,0,0,1
112,5,1,5,4,0,0,2,0,0,0,255,255,255,42,3525.119,"인생최패망자",R,27,139,-0.094,1.758,-0.01,1.937,-36.436,1,0,6.076,-148.996,0,0,0,0,3,7,R,"ByeolBam",174.5,90.238,0.496,0,28,0,0,0,0,0,0,0,0,0,0,0,0,0,0,0,0,-0.058,-37.544,0,"Pring__",0.028,-16.765,0,"Fresh825",-23.331,-48.175,0,"ʚEveɞ",-12.256,-65.259,0,"HANA_ARASHI",23.933,-51.351,0,"Yaksok~",10.248,-64.055,0,"IbikiKai_JP",36.315,-90.174,0,"Gonyong",-4.464,-120.62,0,"SOM_candy",-46.152,-94.125,0,0,0,0,0,0,"",0,0,0,0,0,0,0,0,0,0
113,5,1,5,4,1,0,2,0,0,0,255,255,255,43,3538.118,"인생최패망자",R,26,129,0.869,1.756,0.073,1.919,-36.428,1,0,26.181,-200,0,0,0,0,3,7,R,"ByeolBam",174.5,90.238,0.496,0,28,0,0,0,0,0,0,0,0,0,0,0,0,0,0,0,0,-0.054,-37.344,0,"Pring__",0.033,-16.777,0,"Fresh825",-23.31,-48.223,0,"ʚEveɞ",-12.253,-65.273,0,"HANA_ARASHI",24.072,-51.489,0,"Yaksok~",10.099,-64.459,0,"IbikiKai_JP",37.064,-94.845,0,"Gonyong",-4.592,-120.29,0,"SOM_candy",-46.077,-94.057,0,0,0,0,0,0,"",0,0,0,0,0,0,0,0,0,0
114,5,1,5,4,2,0,2,0,0,0,255,255,255,44,3550.463,"인생최패망자",R,26,140,0.5,1.476,0.035,1.88,-36.409,1,0,42.153,-195.917,0,0,0,0,3,7,R,"ByeolBam",174.5,90.238,0.496,0,28,0,0,0,0,0,0,0,0,0,0,0,0,0,0,0,0,0.014,-37.523,0,"Pring__",0.039,-16.804,0,"Fresh825",-23.277,-48.048,0,"ʚEveɞ",-12.243,-65.301,0,"HANA_ARASHI",23.679,-51.747,0,"Yaksok~",10.1,-64.462,0,"IbikiKai_JP",36.742,-94.978,0,"Gonyong",-4.545,-120.465,0,"SOM_candy",-46.075,-93.829,0,0,0,0,0,0,"",0,0,0,0,0,0,0,0,0,0
115,5,1,5,4,3,0,2,0,0,0,255,255,255,45,3565.051,"인생최패망자",R,26,140,1.805,1.205,0.159,1.834,-36.422,4,0,30.913,-200,0,0,0,1,3,7,R,"ByeolBam",174.5,90.238,0.496,0,28,0,0,0,0,0,0,0,0,0,0,0,0,0,0,0,0,0.323,-37.367,0,"Pring__",0.14,-16.781,0,"Fresh825",-23.248,-47.916,0,"ʚEveɞ",-12.213,-65.284,0,"HANA_ARASHI",23.47,-52.129,0,"Yaksok~",10.109,-64.47,0,"IbikiKai_JP",36.527,-95.122,0,"Gonyong",-4.535,-120.392,0,"SOM_candy",-45.885,-93.59,0,0,0,0,0,0,"",0,0,0,0,0,0,0,0,0,0
116,5,1,5,4,3,1,2,0,0,0,255,255,255,46,3583.389,"인생최패망자",R,13,95,0.932,-0.197,0.41,1.906,-36.677,0,0,-316.71,339.88,0,0,0,0,3,7,R,"ByeolBam",174.5,90.238,0.496,0,28,0,0,0,0,0,0,0,0,0,0,0,0,0,0,0,0,0.171,-37.614,0,"Pring__",-0.051,-16.763,0,"Fresh825",-23.36,-47.99,0,"ʚEveɞ",-12.222,-65.289,0,"HANA_ARASHI",23.286,-51.995,0,"Yaksok~",10.104,-64.458,0,"IbikiKai_JP",36.513,-95.115,0,"Gonyong",-4.533,-120.44,0,"SOM_candy",-46.079,-93.731,0,0,0,0,0,0,"",0,0,0,0,0,0,0,0,0,0
117,5,1,5,4,3,2,2,0,0,0,255,255,255,47,3597.457,"인생최패망자",R,26,138,0.303,-0.606,0.05,1.539,-36.321,2,0,-76.443,-200,0,0,0,1,3,7,R,"ByeolBam",174.5,90.238,0.496,3,28,3598.376,119,18,83,80,33,48,141,91,29.984,22.413,-0.18,-0.08,-0.158,0.105,0,-0.224,-36.977,0,"Pring__",0.096,-16.979,0,"Fresh825",-23.256,-47.962,0,"ʚEveɞ",-12.22,-65.249,0,"HANA_ARASHI",23.421,-52.376,0,"Yaksok~",10.254,-64.359,0,"IbikiKai_JP",36.5,-95.112,0,"Gonyong",-4.534,-120.376,0,"SOM_candy",-45.938,-93.607,0,3595.01,-37.299,-85.041,3595.127,8,"SOM_candy",-36.006,-82.986,0,0,0,0,0,0,0,1
118,5,0,5,4,0,0,0,0,0,0,255,255,255,69,3824.534,"-라후이-",R,28,140,0.814,0.729,0.255,1.742,-36.257,0,0,-51.317,-56.245,1.987,0,0,0,3,1,L,"Pring__",180.2,94.516,0.485,0,28,0,0,0,0,0,0,0,0,0,0,0,0,0,0,0,0,-0.033,-37.208,0,"Dοpi",-0.08,-16.774,0,"siesta_aves",-19.916,-42.377,0,"즉석카레",-13.056,-63.986,0,"peperon8655",21.283,-45.785,0,"muyang_",14.573,-63.499,0,"Roscosmos",42.775,-84.07,0,"ByeolBam",6.591,-116.025,0,"Penguin_iDOL",-40.798,-96.156,0,0,0,0,0,0,"",0,0,0,0,0,0,0,0,0,0
119,5,0,5,4,0,1,0,0,0,0,255,255,255,70,3836.282,"-라후이-",R,26,134,0.364,1.616,0.225,2.032,-36.445,1,0,-96.44,-200,6.82,0,0,0,3,1,L,"Pring__",180.2,94.516,0.485,0,28,0,0,0,0,0,0,0,0,0,0,0,0,0,0,0,0,0.17,-37.288,0,"Dοpi",0.132,-16.864,0,"siesta_aves",-20.868,-42.501,0,"즉석카레",-12.747,-64.188,0,"peperon8655",20.956,-45.386,0,"muyang_",14.446,-62.6,0,"Roscosmos",41.403,-84.425,0,"ByeolBam",5.157,-117.459,0,"Penguin_iDOL",-41.262,-99.106,0,0,0,0,0,0,"",0,0,0,0,0,0,0,0,0,0
120,5,0,5,4,1,1,0,0,0,0,255,255,255,71,3847.288,"-라후이-",R,6,123,1.907,0.704,0.249,1.878,-36.345,2,0,332.405,0,11.667,0,0,1,3,1,L,"Pring__",180.2,94.516,0.485,3,28,3848.156,118,12,111,62,33,135,144,108,30.237,-35.424,0.06,-0.022,-0.071,0.133,0,0.195,-36.751,0,"Dοpi",0.392,-17,0,"siesta_aves",-21.138,-45.223,0,"즉석카레",-12.766,-64.065,0,"peperon8655",20.96,-45.339,0,"muyang_",13.937,-62.799,0,"Roscosmos",37.967,-84.735,0,"ByeolBam",5.152,-117.428,0,"Penguin_iDOL",-41,-99.126,0,3844.594,66.42,-86.941,3846.677,6,"Roscosmos",68.042,-85.792,1,0,0,0,0,0,0,2
121,5,0,5,4,0,0,0,0,1,0,255,10,255,72,3883.74,"-라후이-",R,26,140,1.298,0.602,0.229,1.772,-36.274,2,0,-20.192,-167.541,9.719,0,0,1,4,0,R,"인생최패망자",190,80,0.401,3,28,3884.768,207,22,123,88,36,130,150,98,90.083,89.713,-0.45,-0.022,-0.027,0.067,0,-0.092,-36.773,0,"Dοpi",0.112,-16.917,0,"siesta_aves",-20.272,-45.194,0,"즉석카레",-13.875,-63.564,0,"peperon8655",20.532,-44.64,0,"muyang_",10.281,-61.488,0,"Roscosmos",45.425,-87.394,0,"ByeolBam",4.4,-111.242,0,"Penguin_iDOL",-41.016,-97.349,0,3883.11,26.997,-14.227,0,0,"",0,0,0,0,0,0,0,0,0,3
122,5,0,5,4,0,1,0,0,1,0,255,10,255,73,3910.74,"-라후이-",R,27,136,-0.794,-0.03,0.022,1.528,-36.327,2,0,-47.873,-140.75,24.017,0,0,1,4,0,R,"인생최패망자",190,80,0.401,3,83,3911.795,191,15,107,84,42,108,150,98,44.611,-5.941,-0.45,-0.031,-0.084,0.033,0,0.046,-36.923,0,"Dοpi",-0.328,-17.081,0,"siesta_aves",-19.844,-45.084,0,"즉석카레",-14.583,-62.999,0,"peperon8655",21.191,-45.745,0,"muyang_",8.978,-61.199,0,"Roscosmos",40.052,-88.428,0,"ByeolBam",-1.676,-113.708,0,"Penguin_iDOL",-39.751,-96.936,0,3909.01,3.349,-90.763,3909.193,7,"ByeolBam",3.292,-89.335,0,0,0,0,0,0,0,1
123,5,0,5,4,0,0,1,0,1,0,255,10,255,74,3946.945,"-라후이-",R,27,131,0.708,1.056,0.257,1.885,-36.337,0,0,-97.253,-115.822,6.849,0,0,0,5,5,R,"Yaksok~",173.1,98.835,0.303,0,28,0,0,0,0,0,0,0,0,0,0,0,0,0,0,0,0,0.252,-37.112,0,"Dοpi",-0.066,-16.816,0,"siesta_aves",-20.224,-44.574,0,"즉석카레",-12.624,-64.572,0,"peperon8655",20.843,-45.78,0,"muyang_",7.259,-62.351,0,"Roscosmos",41.277,-85.947,0,"ByeolBam",0.678,-109.93,0,"Penguin_iDOL",-39.727,-95.179,0,0,0,0,0,0,"",0,0,0,0,0,0,0,0,0,0
124,5,0,5,4,0,1,1,0,1,0,255,10,255,75,3959.704,"-라후이-",R,31,132,1.857,0.778,0.398,1.84,-36.304,2,0,-90.986,-82.998,2.38,0,0,1,5,5,R,"Yaksok~",173.1,98.835,0.303,3,28,3960.538,124,17,128,67,28,202,150,88,19.222,32.196,-0.47,-0.126,-0.068,0.26,0,0.005,-36.824,0,"Dοpi",0.15,-16.923,0,"siesta_aves",-20.16,-44.401,0,"즉석카레",-15.21,-63.492,0,"peperon8655",21.066,-44.377,0,"muyang_",10.03,-62.167,0,"Roscosmos",41.167,-85.774,0,"ByeolBam",1.161,-109.724,0,"Penguin_iDOL",-39.383,-95.659,0,3955.544,-31.112,-76.253,3956.427,8,"Penguin_iDOL",-33.79,-81.486,1,0,0,0,0,0,0,2
125,5,0,5,4,0,0,1,1,0,1,14,255,10,76,3989.042,"-라후이-",R,26,131,2.04,1.293,0.347,1.973,-36.415,1,0,6.472,-177.078,7.882,0,0,0,6,4,R,"HANA_ARASHI",190,86,0.25,0,28,0,0,0,0,0,0,0,0,0,0,0,0,0,0,0,0,0.319,-37.127,0,"Dοpi",-0.048,-16.792,0,"siesta_aves",-19.725,-40.845,0,"즉석카레",-12.049,-64.393,0,"peperon8655",20.598,-43.125,0,"muyang_",7.809,-61.669,0,"Roscosmos",39.929,-84.381,0,"ByeolBam",-0.879,-107.113,0,"Penguin_iDOL",-40.376,-92.688,0,0,0,0,0,0,"",0,0,0,0,0,0,0,0,0,0
126,5,0,5,4,1,0,1,1,0,1,14,255,10,77,4001.068,"-라후이-",R,26,140,1.224,0.474,0.182,1.673,-36.257,2,0,-20.002,-200,21.3,0,0,1,6,4,R,"HANA_ARASHI",190,86,0.25,3,28,4002.066,106,16,147,69,43,216,141,95,90.737,87.981,-0.48,-0.008,-0.097,0.163,0,-0.045,-36.564,0,"Dοpi",0.073,-17.026,0,"siesta_aves",-19.689,-40.311,0,"즉석카레",-11.128,-64.585,0,"peperon8655",19.705,-43.661,0,"muyang_",6.683,-60.16,0,"Roscosmos",40.351,-84.019,0,"ByeolBam",0.022,-106.487,0,"Penguin_iDOL",-40.426,-92.606,0,4000.044,37.799,-16.035,0,0,"",0,0,0,0,0,0,0,0,0,3
127,5,0,5,4,1,1,1,1,0,1,14,255,10,78,4035.915,"-라후이-",R,26,125,1.411,0.704,0.284,1.828,-36.277,2,0,-87.774,-200,20.525,0,0,1,6,4,R,"HANA_ARASHI",190,86,0.25,3,51,4036.92,187,12,138,77,39,127,150,116,-15.068,-25.135,0.93,0.012,-0.066,0.32,0,-0.213,-36.582,0,"Dοpi",0.075,-16.925,0,"siesta_aves",-19.927,-40.144,0,"즉석카레",-10.601,-64.673,0,"peperon8655",20.386,-43.451,0,"muyang_",8.133,-60.589,0,"Roscosmos",40.315,-83.88,0,"ByeolBam",-0.242,-106.774,0,"Penguin_iDOL",-41.07,-92.092,0,4028.477,2.316,-25.359,4031.21,6,"Roscosmos",27.924,-81.045,1,0,0,0,0,0,0,2
128,5,0,5,5,0,0,1,1,1,0,13,14,255,79,4065.108,"-라후이-",R,29,120,-1.761,1.14,0.068,1.875,-36.277,2,0,-250,-200,11.907,0,0,1,7,6,L,"IbikiKai_JP",175,90,0.5,3,28,4066.292,210,30,15,74,59,112,53,53,9.498,-36.449,-0.55,0,-0.033,0.064,0,0.001,-36.754,0,"Dοpi",-0.024,-16.845,0,"siesta_aves",-19.508,-43.255,0,"즉석카레",-3.671,-61.236,0,"peperon8655",19.751,-43.766,0,"muyang_",11.361,-60.782,0,"Roscosmos",39.718,-83.297,0,"ByeolBam",2.426,-104.598,0,"Penguin_iDOL",-34.747,-91.231,0,4059.01,10.004,-32.954,4059.894,4,"peperon8655",13.155,-37.841,1,0,0,0,0,0,0,2
129,5,0,5,5,0,0,2,1,1,0,15,13,255,80,4107.057,"-라후이-",R,30,139,-0.885,0.606,0.106,1.647,-36.204,2,0,-133.29,-105.626,12.145,0,0,1,8,2,L,"Fresh825",172.9,80,0.8,3,28,4108.092,165,14,85,54,48,103,140,95,34.307,-22.185,-0.12,0.03,-0.039,0.139,0,-0.002,-36.93,0,"Dοpi",-0.009,-16.923,0,"siesta_aves",-19.387,-43.95,0,"즉석카레",-8.712,-64.65,0,"peperon8655",20.66,-44.353,0,"muyang_",12.512,-59.19,0,"Roscosmos",40.527,-83.477,0,"ByeolBam",1.319,-113.48,0,"Penguin_iDOL",-39.963,-91.457,0,4104.544,35.377,-87.598,4104.76,6,"Roscosmos",34.409,-85.879,0,0,0,0,0,0,0,1
130,6,1,5,5,0,0,0,0,0,0,255,255,255,48,4166.047,"인생최패망자",R,0,127,2.477,1.936,0.407,2.037,-36.855,2,0,22.311,-22.416,0,0,0,1,4,8,R,"Penguin_iDOL",180.3,80,0.395,3,28,4167.204,142,11,53,26,17,40,104,100,93.399,80.452,0.7,0.053,0.023,0.129,0,0.105,-37.007,0,"Pring__",0.103,-16.949,0,"Fresh825",-24.431,-49.397,0,"ʚEveɞ",-11.663,-65.503,0,"HANA_ARASHI",24.011,-50.927,0,"Yaksok~",9.539,-62.476,0,"IbikiKai_JP",36.724,-94.017,0,"Gonyong",-4.195,-113.661,0,"SOM_candy",-37.152,-88.985,0,0,0,0,0,0,"",0,0,0,0,0,0,0,0,0,3
131,6,1,5,5,0,1,0,0,0,0,255,255,255,49,4185.58,"인생최패망자",R,27,132,0.288,-0.72,0.044,1.533,-36.304,0,0,-57.292,-113.065,0,0,0,1,4,8,R,"Penguin_iDOL",180.3,80,0.395,0,59,0,0,0,0,0,0,0,0,0,0,0,0,0,0,0,0,0.051,-37.92,0,"Pring__",0.05,-16.77,0,"Fresh825",-22.179,-46.022,0,"ʚEveɞ",-12.12,-65.369,0,"HANA_ARASHI",23.277,-51.423,0,"Yaksok~",8.669,-62.132,0,"IbikiKai_JP",37.181,-91.796,0,"Gonyong",-0.259,-111.429,0,"SOM_candy",-37.091,-90.326,0,0,0,0,0,0,"",0,0,0,0,0,0,0,0,0,0
132,6,1,5,5,0,2,0,0,0,0,255,255,255,50,4199.718,"인생최패망자",R,26,140,1.938,1.124,0.152,1.84,-36.413,2,0,100.003,-175.962,0,0,0,1,4,8,R,"Penguin_iDOL",180.3,80,0.395,3,59,4200.797,148,6,69,19,10,134,115,115,28.182,48.267,0.51,0.046,-0.028,0.057,0,0.206,-36.943,0,"Pring__",0.082,-16.81,0,"Fresh825",-22.172,-45.982,0,"ʚEveɞ",-12.146,-65.341,0,"HANA_ARASHI",24.166,-50.953,0,"Yaksok~",9.21,-62.312,0,"IbikiKai_JP",37.173,-91.791,0,"Gonyong",-0.433,-111.393,0,"SOM_candy",-37.045,-90.258,0,4196.727,-77.929,-84.368,0,0,"",0,0,0,0,0,0,0,0,0,3
133,6,1,5,5,0,2,0,0,0,0,255,255,255,51,4216.869,"인생최패망자",R,26,134,0.566,0.61,0.067,1.742,-36.274,2,0,-48.648,-200,0,0,0,1,4,8,R,"Penguin_iDOL",180.3,80,0.395,3,59,4217.953,164,15,98,67,31,185,147,114,-10.249,-21.853,0.06,0.031,-0.031,0.159,0,-0.066,-36.936,0,"Pring__",0.062,-16.797,0,"Fresh825",-23.395,-47.584,0,"ʚEveɞ",-13.115,-64.669,0,"HANA_ARASHI",23.028,-51.032,0,"Yaksok~",9.367,-62.596,0,"IbikiKai_JP",36.195,-90.037,0,"Gonyong",-3.808,-112.949,0,"SOM_candy",-37.384,-92.23,0,4209.377,2.295,-24.904,4212.193,6,"IbikiKai_JP",24.997,-81.859,1,0,0,0,0,0,0,2
134,6,1,5,5,0,0,0,1,0,0,8,255,255,52,4250.416,"인생최패망자",R,26,128,0.222,0.241,0.052,1.68,-36.318,2,0,-100.613,-200,0,0,0,1,5,2,R,"siesta_aves",190,100,0.355,3,28,4251.521,96,14,80,88,36,104,139,114,30.689,22.885,0.83,0.097,0.023,0.02,0,-0.254,-37.104,0,"Pring__",0.054,-16.697,0,"Fresh825",-18.547,-39.661,0,"ʚEveɞ",-11.898,-65.478,0,"HANA_ARASHI",23.031,-52.303,0,"Yaksok~",8.315,-62.35,0,"IbikiKai_JP",36.218,-91.024,0,"Gonyong",-5.272,-116.789,0,"SOM_candy",-39.778,-88.601,0,4248.41,-47.376,-108.123,4248.544,8,"SOM_candy",-46.02,-105.785,0,0,0,0,0,0,0,1
135,6,1,5,5,0,0,1,1,0,0,8,255,255,53,4289.122,"인생최패망자",R,28,140,-1.937,-0.446,-0.172,1.602,-36.336,1,0,-29.572,-52.827,0,0,0,0,6,4,L,"peperon8655",175.3,105,0.328,0,28,0,0,0,0,0,0,0,0,0,0,0,0,0,0,0,0,-0.067,-37.49,0,"Pring__",-0.03,-17.095,0,"Fresh825",-18.572,-39.8,0,"ʚEveɞ",-11.222,-64.985,0,"HANA_ARASHI",25.549,-49.452,0,"Yaksok~",12.344,-62.873,0,"IbikiKai_JP",36.205,-85.48,0,"Gonyong",6.008,-104.026,0,"SOM_candy",-36.612,-85.226,0,0,0,0,0,0,"",0,0,0,0,0,0,0,0,0,0
136,6,1,5,5,1,0,1,0,1,0,255,8,255,54,4316.585,"인생최패망자",R,26,129,-1.254,0.333,-0.115,1.693,-36.437,2,0,-3.957,-183.01,0,0,0,1,6,4,L,"peperon8655",175.3,105,0.328,3,28,4317.597,116,28,94,42,34,100,139,122,105.505,71.333,0.28,0.023,-0.015,0.151,0,-0.2,-37.076,0,"Pring__",-0.039,-16.777,0,"Fresh825",-19.103,-47.207,0,"ʚEveɞ",-11.938,-65.529,0,"HANA_ARASHI",24.193,-49.816,0,"Yaksok~",13.561,-62.376,0,"IbikiKai_JP",36.24,-85.461,0,"Gonyong",7.353,-106.583,0,"SOM_candy",-35.061,-85.931,0,0,0,0,0,0,"",0,0,0,0,0,0,0,0,0,3
137,6,1,5,5,1,1,1,0,1,0,255,8,255,55,4334.677,"인생최패망자",R,13,93,-2.482,-1.791,-0.075,1.539,-36.472,2,0,-330.095,312.348,0,0,0,1,6,4,L,"peperon8655",175.3,105,0.328,3,28,4335.809,89,14,60,47,39,59,120,84,-30,-29.881,0.95,0.082,-0.126,0.069,0,-0.069,-37.337,0,"Pring__",-0.125,-16.733,0,"Fresh825",-19.868,-47.141,0,"ʚEveɞ",-11.818,-65.284,0,"HANA_ARASHI",24.288,-51.105,0,"Yaksok~",13.307,-61.652,0,"IbikiKai_JP",36.848,-86.431,0,"Gonyong",6.768,-107.374,0,"SOM_candy",-33.479,-85.259,0,4327.061,-0.103,-21.394,4335.577,7,"Gonyong",38.902,-97.798,1,64,0,0,0,0,0,2
138,6,1,6,5,0,0,2,0,0,0,255,255,255,56,4407.219,"인생최패망자",R,27,126,1.555,0.551,0.154,1.805,-36.474,1,0,3.687,-147.086,0,0,0,0,7,3,R,"즉석카레",169.8,95.808,0.397,0,36,0,0,0,0,0,0,0,0,0,0,0,0,0,0,0,0,0.081,-37.134,0,"Pring__",0.007,-16.665,0,"Fresh825",-22.509,-47.741,0,"ʚEveɞ",-11.393,-65.378,0,"HANA_ARASHI",23.813,-49.533,0,"Yaksok~",12.175,-63.346,0,"IbikiKai_JP",39.582,-86.856,0,"Gonyong",1.908,-108.286,0,"SOM_candy",-36.272,-82.716,0,0,0,0,0,0,"",0,0,0,0,0,0,0,0,0,0
139,6,1,6,5,1,0,2,0,0,0,255,255,255,57,4422.779,"인생최패망자",R,13,96,0.996,-0.092,0.306,1.857,-36.62,0,0,-319.55,340.491,0,0,0,0,7,3,R,"즉석카레",169.8,95.808,0.397,0,36,0,0,0,0,0,0,0,0,0,0,0,0,0,0,0,0,0.146,-37.531,0,"Pring__",-0.001,-16.717,0,"Fresh825",-22.529,-47.746,0,"ʚEveɞ",-11.475,-65.367,0,"HANA_ARASHI",23.686,-49.657,0,"Yaksok~",10.767,-63.168,0,"IbikiKai_JP",39.625,-86.892,0,"Gonyong",1.892,-108.259,0,"SOM_candy",-36.359,-82.739,0,0,0,0,0,0,"",0,0,0,0,0,0,0,0,0,0
140,6,1,6,5,1,1,2,0,0,0,255,255,255,58,4435.039,"인생최패망자",R,27,138,0.421,0.16,0.049,1.681,-36.297,2,0,-37.878,-105.258,0,0,0,1,7,3,R,"즉석카레",169.8,95.808,0.397,2,36,4435.815,107,17,97,79,49,123,140,86,90.822,-87.484,-0.48,-0.103,-0.058,0.031,0,-0.068,-36.878,0,"Pring__",0.031,-16.818,0,"Fresh825",-22.654,-47.484,0,"ʚEveɞ",-11.41,-65.334,0,"HANA_ARASHI",23.58,-49.875,0,"Yaksok~",10.939,-63.087,0,"IbikiKai_JP",39.678,-86.887,0,"Gonyong",1.866,-108.476,0,"SOM_candy",-36.776,-83.544,0,4433.243,-30.651,-18.751,0,0,"",0,0,0,0,0,0,0,0,0,3
141,6,1,6,5,1,2,2,0,0,0,255,255,255,59,4454.86,"인생최패망자",R,10,97,1.585,-2.808,0.231,1.301,-36.453,2,0,0,400,0,0.29,-21.229,1,7,3,R,"즉석카레",169.8,95.808,0.397,2,36,4455.822,0,0,0,0,0,0,0,31,-64.535,27.047,1,0,0,0,0,-0.113,-37.054,0,"Pring__",0.134,-16.943,0,"Fresh825",-24.504,-48.301,0,"ʚEveɞ",-12.033,-65.203,0,"HANA_ARASHI",24.105,-51.552,0,"Yaksok~",10.883,-63.164,0,"IbikiKai_JP",41.17,-87.123,0,"Gonyong",1.357,-109.636,0,"SOM_candy",-36.836,-84.567,0,4448.127,-2.407,-21.824,4449.76,1,"Pring__",-4.373,-21.625,0,0,0,0,0,0,0,2
142,6,1,6,5,1,2,2,0,0,0,255,255,255,60,4476.391,"인생최패망자",R,13,88,1.368,-0.816,0.578,1.831,-36.814,0,0,-304.244,324.605,0,0,0,0,7,3,R,"즉석카레",169.8,95.808,0.397,0,36,0,0,0,0,0,0,0,0,0,0,0,0,0,0,0,0,0.158,-37.461,0,"Pring__",0.008,-16.927,0,"Fresh825",-21.202,-43.629,0,"ʚEveɞ",-11.68,-65.302,0,"HANA_ARASHI",23.08,-51.283,0,"Yaksok~",11.567,-63.242,0,"IbikiKai_JP",40.837,-86.963,0,"Gonyong",0.306,-109.352,0,"SOM_candy",-36.538,-85.236,0,0,0,0,0,0,"",0,0,0,0,0,0,0,0,0,0
143,6,0,6,5,0,0,0,0,0,0,255,255,255,81,4537.507,"-라후이-",R,26,140,1.286,1.361,0.11,1.537,-36.206,4,0,-13.578,-200,82.12,0,0,1,0,3,L,"ʚEveɞ",165.4,94.542,0.398,0,28,0,0,0,0,0,0,0,0,0,0,0,0,0,0,0,0,0.212,-36.964,0,"Dοpi",-0.121,-16.816,0,"siesta_aves",-19.989,-42.847,0,"즉석카레",-12.817,-64.442,0,"peperon8655",21.136,-45.575,0,"muyang_",13.038,-64.175,0,"Roscosmos",40.148,-86.298,0,"ByeolBam",-1.539,-111.312,0,"Penguin_iDOL",-40.468,-87.65,0,0,0,0,0,0,"",0,0,0,0,0,0,0,0,0,0
144,6,0,6,5,0,1,0,0,0,0,255,255,255,82,4555.581,"-라후이-",R,29,136,7.769,19.604,0.041,1.611,-36.207,1,0,-220.664,-200,21.756,0,0,0,0,3,L,"ʚEveɞ",165.4,94.542,0.398,0,28,0,0,0,0,0,0,0,0,0,0,0,0,0,0,0,0,0.117,-37.374,0,"Dοpi",-0.043,-16.68,0,"siesta_aves",-19.895,-44.464,0,"즉석카레",-12.942,-64.565,0,"peperon8655",21.097,-45.649,0,"muyang_",13.505,-64.383,0,"Roscosmos",42.976,-88.74,0,"ByeolBam",0.967,-110.206,0,"Penguin_iDOL",-40.908,-89.962,0,0,0,0,0,0,"",0,0,0,0,0,0,0,0,0,0
145,6,0,6,5,1,1,0,0,0,0,255,255,255,83,4573.092,"-라후이-",R,26,140,2.752,1.397,0.181,1.753,-36.191,1,0,52.161,-200,45.218,0,0,0,0,3,L,"ʚEveɞ",165.4,94.542,0.398,0,28,0,0,0,0,0,0,0,0,0,0,0,0,0,0,0,0,0.194,-36.974,0,"Dοpi",-0.027,-16.759,0,"siesta_aves",-20.342,-42.966,0,"즉석카레",-13.295,-64.248,0,"peperon8655",21.203,-46.079,0,"muyang_",13.967,-63.697,0,"Roscosmos",42.869,-88.485,0,"ByeolBam",-0.013,-111.382,0,"Penguin_iDOL",-41.16,-90.049,0,0,0,0,0,0,"",0,0,0,0,0,0,0,0,0,0
146,6,0,6,5,2,1,0,0,0,0,255,255,255,84,4586.131,"-라후이-",R,26,140,-0.39,-0.074,0.104,1.559,-36.184,2,0,-63.663,-193.367,10.815,0,0,1,0,3,L,"ʚEveɞ",165.4,94.542,0.398,3,28,4587.127,183,24,119,35,0,232,150,123,-30,-3.586,0.28,0.063,-0.024,0.352,0,0.103,-36.805,0,"Dοpi",-0.049,-16.889,0,"siesta_aves",-19.896,-44.944,0,"즉석카레",-13.293,-64.206,0,"peperon8655",21.223,-46.082,0,"muyang_",13.802,-63.856,0,"Roscosmos",42.855,-88.509,0,"ByeolBam",0.415,-111.315,0,"Penguin_iDOL",-41.271,-90.011,0,4578.327,-0.015,-20.32,4579.21,0,"-라후이-",1.007,-36.515,0,1,0,0,0,0,0,2
147,6,0,6,5,0,0,1,0,0,0,255,255,255,85,4613.147,"-라후이-",R,26,138,-1.131,-0.113,0.035,1.759,-36.247,0,0,-14.811,-172.468,18.084,0,0,1,1,8,L,"SOM_candy",180.3,100.048,0.52,0,28,0,0,0,0,0,0,0,0,0,0,0,0,0,0,0,0,0.221,-37.142,0,"Dοpi",-0.113,-16.766,0,"siesta_aves",-20.064,-42.302,0,"즉석카레",-12.303,-64.419,0,"peperon8655",21.109,-45.924,0,"muyang_",13.256,-62.308,0,"Roscosmos",43.267,-87.099,0,"ByeolBam",-0.299,-108.639,0,"Penguin_iDOL",-40.282,-88.981,0,0,0,0,0,0,"",0,0,0,0,0,0,0,0,0,0
148,6,0,6,5,0,1,1,0,0,0,255,255,255,86,4627.215,"-라후이-",R,26,136,-0.397,0.55,-0.003,1.678,-36.284,0,0,-17.867,-200,39.537,0,0,1,1,8,L,"SOM_candy",180.3,100.048,0.52,0,28,0,0,0,0,0,0,0,0,0,0,0,0,0,0,0,0,0.182,-37.269,0,"Dοpi",-0.103,-16.986,0,"siesta_aves",-20.155,-42.167,0,"즉석카레",-12.372,-64.477,0,"peperon8655",21.112,-45.671,0,"muyang_",13.65,-62.89,0,"Roscosmos",43.109,-86.595,0,"ByeolBam",-0.301,-108.669,0,"Penguin_iDOL",-40.179,-88.968,0,0,0,0,0,0,"",0,0,0,0,0,0,0,0,0,0
149,6,0,6,5,0,2,1,0,0,0,255,255,255,87,4645.156,"-라후이-",R,27,130,0.162,1.019,0.076,1.914,-36.227,0,0,-17.169,-118.918,16.132,0,0,0,1,8,L,"SOM_candy",180.3,100.048,0.52,0,28,0,0,0,0,0,0,0,0,0,0,0,0,0,0,0,0,0.291,-37.326,0,"Dοpi",-0.062,-16.858,0,"siesta_aves",-20.458,-42.436,0,"즉석카레",-12.663,-64.215,0,"peperon8655",21.04,-45.565,0,"muyang_",13.437,-63.069,0,"Roscosmos",43.856,-86.594,0,"ByeolBam",-0.29,-108.666,0,"Penguin_iDOL",-40.339,-88.682,0,0,0,0,0,0,"",0,0,0,0,0,0,0,0,0,0
150,6,0,6,5,0,0,2,0,0,0,255,255,255,88,4671.015,"-라후이-",R,14,96,0.976,0.114,0.091,2.094,-36.527,0,0,317.251,343.301,9.133,0,0,0,2,7,R,"Gonyong",175.1,94.755,0.3,0,53,0,0,0,0,0,0,0,0,0,0,0,0,0,0,0,0,0.194,-37.395,0,"Dοpi",0.011,-16.853,0,"siesta_aves",-19.846,-41.878,0,"즉석카레",-14.183,-63.569,0,"peperon8655",20.995,-45.536,0,"muyang_",12.464,-63.2,0,"Roscosmos",41.071,-85.736,0,"ByeolBam",-0.418,-109.973,0,"Penguin_iDOL",-42.797,-86.37,0,0,0,0,0,0,"",0,0,0,0,0,0,0,0,0,0
151,6,0,6,5,0,1,2,0,0,0,255,255,255,89,4685.412,"-라후이-",R,26,121,-0.428,-0.498,0.014,1.443,-36.171,2,0,-31.015,-200,18.376,0,0,1,2,7,R,"Gonyong",175.1,94.755,0.3,3,53,4686.325,124,21,82,83,40,123,141,125,33.998,31.895,0.4,-0.034,-0.03,0.055,0,0.074,-36.628,0,"Dοpi",-0.148,-16.864,0,"siesta_aves",-20.076,-44.163,0,"즉석카레",-13.888,-63.611,0,"peperon8655",21.032,-45.454,0,"muyang_",10.857,-64.664,0,"Roscosmos",40.173,-86.289,0,"ByeolBam",-1.538,-111.423,0,"Penguin_iDOL",-42.796,-86.378,0,4682.277,-72.475,-95.982,0,0,"",0,0,0,0,0,0,0,0,0,4
152,6,0,6,6,0,0,2,0,0,0,255,255,255,90,4729.112,"-라후이-",R,26,140,0.745,0.556,0.074,1.739,-36.206,0,0,-44.285,-200,17.992,0,0,0,3,1,L,"Pring__",180.2,94.516,0.485,0,28,0,0,0,0,0,0,0,0,0,0,0,0,0,0,0,0,-0.256,-37.257,0,"Dοpi",0.089,-16.67,0,"siesta_aves",-19.873,-42.824,0,"즉석카레",-13.445,-64.457,0,"peperon8655",20.414,-44.705,0,"muyang_",13.52,-62.906,0,"Roscosmos",41.19,-85.198,0,"ByeolBam",-0.46,-110.052,0,"Penguin_iDOL",-48.007,-88.423,0,0,0,0,0,0,"",0,0,0,0,0,0,0,0,0,0
153,6,0,6,6,0,1,2,0,0,0,255,255,255,91,4740.298,"-라후이-",R,26,140,3.697,3.309,0.36,1.705,-36.194,1,0,27.308,-200,61.886,0,0,0,3,1,L,"Pring__",180.2,94.516,0.485,0,28,0,0,0,0,0,0,0,0,0,0,0,0,0,0,0,0,0.151,-36.918,0,"Dοpi",0.141,-16.686,0,"siesta_aves",-19.982,-41.631,0,"즉석카레",-14.004,-63.964,0,"peperon8655",20.763,-45.171,0,"muyang_",12.562,-63.259,0,"Roscosmos",41.978,-85.488,0,"ByeolBam",-0.206,-110.497,0,"Penguin_iDOL",-44.351,-88.445,0,0,0,0,0,0,"",0,0,0,0,0,0,0,0,0,0
154,6,0,6,6,1,1,2,0,0,0,255,255,255,92,4758.649,"-라후이-",R,14,120,2.733,0.099,0.192,1.883,-36.2,1,0,346.285,360.676,15.009,0,0,0,3,1,L,"Pring__",180.2,94.516,0.485,0,28,0,0,0,0,0,0,0,0,0,0,0,0,0,0,0,0,0.25,-37.073,0,"Dοpi",0.25,-16.804,0,"siesta_aves",-19.817,-40.887,0,"즉석카레",-14.281,-64.024,0,"peperon8655",21.043,-45.474,0,"muyang_",13.401,-62.86,0,"Roscosmos",41.979,-85.49,0,"ByeolBam",-0.073,-111.773,0,"Penguin_iDOL",-44.457,-88.463,0,0,0,0,0,0,"",0,0,0,0,0,0,0,0,0,0
155,6,0,6,6,2,1,2,0,0,0,255,255,255,93,4770.35,"-라후이-",R,26,140,1.172,-0.021,0.177,1.705,-36.07,2,0,-55.158,-200,19.259,0,0,1,3,1,L,"Pring__",180.2,94.516,0.485,3,28,4771.048,166,20,149,86,28,168,150,130,30.929,-19.753,0.47,-0.011,-0.07,0.194,0,-0.009,-36.578,0,"Dοpi",0.212,-16.704,0,"siesta_aves",-19.742,-44.027,0,"즉석카레",-14.11,-64.2,0,"peperon8655",21.012,-45.472,0,"muyang_",13.601,-63.162,0,"Roscosmos",41.983,-85.516,0,"ByeolBam",1.108,-111.941,0,"Penguin_iDOL",-44.309,-88.623,0,4768.344,57.771,-127.66,0,0,"",0,0,0,0,0,0,0,0,0,4
156,6,0,6,7,0,0,2,0,0,0,255,255,255,94,4817.843,"-라후이-",R,6,120,1.27,0.477,0.154,1.759,-36.174,2,0,429.025,0,15.938,0,0,1,4,0,R,"인생최패망자",190,80,0.401,3,28,4818.898,251,18,131,101,63,100,150,128,-30,-44.373,0.76,-0.009,-0.022,0.067,0,0.164,-36.54,0,"Dοpi",-0.018,-16.909,0,"siesta_aves",-19.664,-45.118,0,"즉석카레",-12.567,-64.161,0,"peperon8655",20.732,-45.743,0,"muyang_",12.86,-62.004,0,"Roscosmos",39.916,-85.874,0,"ByeolBam",0.508,-112.048,0,"Penguin_iDOL",-38.944,-92.495,0,4809.993,2.337,-23.57,4811.227,4,"peperon8655",20.645,-42.171,1,0,0,0,0,0,0,2
157,6,0,6,7,0,0,2,1,0,0,9,255,255,95,4930.821,"-라후이-",R,29,136,1.151,0.097,0.331,1.45,-36.189,2,0,-162.109,-153.499,5.79,0,0,1,5,5,R,"Yaksok~",173.1,98.835,0.303,3,65,4931.591,109,18,88,35,4,88,137,117,-30,-24.821,0.79,-0.053,-0.022,0.216,0,0.208,-36.802,0,"Dοpi",-0.018,-16.953,0,"siesta_aves",-19.896,-40.447,0,"즉석카레",-13.129,-63.835,0,"peperon8655",20.466,-44.91,0,"muyang_",11.818,-62.309,0,"Roscosmos",40.907,-86.634,0,"ByeolBam",-0.414,-109.64,0,"Penguin_iDOL",-39.419,-91.118,0,4922.71,0.854,-20.611,4925.877,6,"Roscosmos",28.547,-78.825,1,0,0,0,0,0,0,2
158,6,0,6,7,0,0,2,1,1,0,14,9,255,96,4953.951,"-라후이-",R,26,135,0.584,1.132,0.079,1.744,-36.196,2,0,-11.56,-200,16.463,0,0,1,6,4,R,"HANA_ARASHI",190,86,0.25,3,28,4954.978,186,8,100,42,24,140,142,97,92.882,-86.03,-0.43,0.001,-0.051,0.073,0,-0.017,-36.734,0,"Dοpi",-0.023,-16.918,0,"siesta_aves",-19.855,-40.787,0,"즉석카레",-13.531,-63.8,0,"peperon8655",20.719,-44.815,0,"muyang_",11.989,-61.311,0,"Roscosmos",37.614,-84.92,0,"ByeolBam",-0.628,-110.042,0,"Penguin_iDOL",-37.8,-93.327,0,0,0,0,0,0,"",0,0,0,0,0,0,0,0,0,3
159,6,0,6,7,0,1,2,1,1,0,14,9,255,97,4971.451,"-라후이-",R,10,111,-1.417,-1.558,0.11,1.457,-36.216,1,0,0,400,2.51,-0.319,-18.025,0,6,4,R,"HANA_ARASHI",190,86,0.25,0,51,0,0,0,0,0,0,0,0,0,0,0,0,0,0,0,0,-0.08,-37.595,0,"Dοpi",-0.374,-16.89,0,"siesta_aves",-19.947,-41.034,0,"즉석카레",-11.196,-64.919,0,"peperon8655",21.01,-44.845,0,"muyang_",9.369,-60.818,0,"Roscosmos",38.901,-87.323,0,"ByeolBam",-0.362,-113.134,0,"Penguin_iDOL",-38.233,-92.645,0,0,0,0,0,0,"",0,0,0,0,0,0,0,0,0,0
160,6,0,6,7,1,1,2,1,1,0,14,9,255,98,4985.882,"-라후이-",R,27,132,-0.834,-0.121,0.078,1.69,-36.338,2,0,-20.605,-101.099,7.183,0,0,1,6,4,R,"HANA_ARASHI",190,86,0.25,3,51,4986.927,180,23,128,101,53,132,150,108,11.001,42.86,0.95,-0.011,-0.07,0.143,0,0.033,-37.086,0,"Dοpi",0.019,-16.955,0,"siesta_aves",-19.112,-43.662,0,"즉석카레",-13.351,-63.893,0,"peperon8655",20.567,-44.794,0,"muyang_",11.796,-61.942,0,"Roscosmos",39.377,-87.53,0,"ByeolBam",-1.145,-110.912,0,"Penguin_iDOL",-37.925,-92.919,0,4980.41,-36.684,-70.387,4981.41,8,"Penguin_iDOL",-42.827,-81.214,1,0,0,0,0,0,0,2
161,6,0,6,8,0,0,2,1,1,0,13,255,255,99,5022.686,"-라후이-",R,26,126,-3.697,1.055,0.028,1.857,-36.382,2,0,-67.476,-154.963,20.838,0,0,1,7,6,L,"IbikiKai_JP",175,90,0.5,3,27,5023.745,82,6,66,40,14,67,120,76,18.154,13.829,-0.48,-0.04,-0.02,0.076,0,-0.093,-36.954,0,"Dοpi",0.064,-16.861,0,"siesta_aves",-18.834,-43.19,0,"즉석카레",-5.317,-63.363,0,"peperon8655",20.522,-44.482,0,"muyang_",12.092,-60.531,0,"Roscosmos",38.92,-84.929,0,"ByeolBam",-0.475,-106.853,0,"Penguin_iDOL",-40.318,-98.813,0,5017.943,-14.323,-68.749,5018.077,3,"즉석카레",-13.145,-64.837,0,0,0,0,0,0,0,1
162,7,1,6,8,0,0,0,0,0,0,255,255,255,0,5201.973,"HANA_ARASHI",R,26,126,0.682,1.576,0.079,1.928,-36.438,1,0,-48.054,-200,0,0,0,0,8,6,R,"Roscosmos",175.1,95.635,0.36,0,28,0,0,0,0,0,0,0,0,0,0,0,0,0,0,0,0,0.056,-37.007,0,"Pring__",0.037,-16.593,0,"Fresh825",-24.184,-48.826,0,"ʚEveɞ",-11.488,-65.574,0,"인생최패망자",19.162,-48.165,0,"Yaksok~",9.9,-64.355,0,"IbikiKai_JP",31.349,-99.145,0,"Gonyong",-0.82,-113.545,0,"SOM_candy",-40.374,-87.88,0,0,0,0,0,0,"",0,0,0,0,0,0,0,0,0,0
163,7,1,6,8,1,0,0,0,0,0,255,255,255,1,5267.654,"HANA_ARASHI",R,10,126,0.289,-0.801,0.032,1.724,-36.291,0,0,-17.65,400,0,0,0,1,8,6,R,"Roscosmos",175.1,95.635,0.36,0,28,0,0,0,0,0,0,0,0,0,0,0,0,0,0,0,0,-0.066,-37.046,0,"Pring__",0.019,-16.604,0,"Fresh825",-23.285,-47.734,0,"ʚEveɞ",-11.441,-65.61,0,"인생최패망자",15.844,-47.221,0,"Yaksok~",11.095,-65.099,0,"IbikiKai_JP",31.326,-99.144,0,"Gonyong",0.597,-112.262,0,"SOM_candy",-40.488,-86.851,0,0,0,0,0,0,"",0,0,0,0,0,0,0,0,0,0
164,7,1,6,8,1,1,0,0,0,0,255,255,255,2,5283.128,"HANA_ARASHI",R,26,140,0.409,-0.443,0.067,1.605,-36.277,0,0,-105.289,-200,0,0,0,0,8,6,R,"Roscosmos",175.1,95.635,0.36,0,28,0,0,0,0,0,0,0,0,0,0,0,0,0,0,0,0,-0.091,-36.995,0,"Pring__",0.041,-16.607,0,"Fresh825",-23.121,-47.718,0,"ʚEveɞ",-11.496,-65.554,0,"인생최패망자",15.28,-46.871,0,"Yaksok~",11.353,-65.015,0,"IbikiKai_JP",31.335,-99.129,0,"Gonyong",0.533,-112.144,0,"SOM_candy",-40.308,-86.709,0,0,0,0,0,0,"",0,0,0,0,0,0,0,0,0,0
165,7,1,6,8,1,2,0,0,0,0,255,255,255,3,5300.689,"HANA_ARASHI",R,13,109,-4.158,-2.007,-0.277,1.538,-36.237,1,0,-354.106,349.71,0,-0.864,-19.003,0,8,6,R,"Roscosmos",175.1,95.635,0.36,0,28,0,0,0,0,0,0,0,0,0,0,0,0,0,0,0,0,-0.153,-37.008,0,"Pring__",-0.492,-16.684,0,"Fresh825",-23.135,-48.031,0,"ʚEveɞ",-11.621,-65.53,0,"인생최패망자",17.145,-46.916,0,"Yaksok~",10.655,-65.197,0,"IbikiKai_JP",31.349,-99.139,0,"Gonyong",0.488,-112.129,0,"SOM_candy",-39.933,-86.94,0,0,0,0,0,0,"",0,0,0,0,0,0,0,0,0,0
166,7,1,6,8,2,2,0,0,0,0,255,255,255,4,5316.866,"HANA_ARASHI",R,26,128,1.506,0.693,0.141,1.768,-36.38,4,0,-4.354,-200,0,0,0,1,8,6,R,"Roscosmos",175.1,95.635,0.36,0,28,0,0,0,0,0,0,0,0,0,0,0,0,0,0,0,0,0.077,-37.047,0,"Pring__",0.073,-16.688,0,"Fresh825",-22.92,-46.061,0,"ʚEveɞ",-11.608,-65.529,0,"인생최패망자",16.257,-45.413,0,"Yaksok~",10.658,-65.19,0,"IbikiKai_JP",31.311,-99.12,0,"Gonyong",0.575,-112.142,0,"SOM_candy",-39.891,-86.928,0,0,0,0,0,0,"",0,0,0,0,0,0,0,0,0,0
167,7,1,6,8,0,0,1,0,0,0,255,255,255,5,5343.782,"HANA_ARASHI",R,26,136,0.412,0.372,0.048,1.736,-36.377,0,0,-32.89,-200,0,0,0,0,0,5,R,"muyang_",172.1,90.462,0.5,0,28,0,0,0,0,0,0,0,0,0,0,0,0,0,0,0,0,-0.08,-36.99,0,"Pring__",-0.009,-16.621,0,"Fresh825",-22.354,-47.046,0,"ʚEveɞ",-12.452,-62.144,0,"인생최패망자",14.7,-50.536,0,"Yaksok~",8.565,-65.22,0,"IbikiKai_JP",35.879,-93.295,0,"Gonyong",-9.794,-104.841,0,"SOM_candy",-36.3,-83.024,0,0,0,0,0,0,"",0,0,0,0,0,0,0,0,0,0
168,7,1,6,8,0,1,1,0,0,0,255,255,255,6,5360.377,"HANA_ARASHI",R,10,98,1.734,-0.476,0.287,1.863,-36.345,2,0,-72.474,400,0,0,0,1,0,5,R,"muyang_",172.1,90.462,0.5,2,28,5361.41,255,25,167,80,42,255,150,124,-10.373,-6.78,0.72,-0.103,-0.034,0.085,0,0.146,-36.619,0,"Pring__",0.01,-16.767,0,"Fresh825",-22.493,-46.762,0,"ʚEveɞ",-13.289,-61.171,0,"인생최패망자",14.901,-50.71,0,"Yaksok~",8.185,-64.479,0,"IbikiKai_JP",35.956,-93.326,0,"Gonyong",-11.767,-102.274,0,"SOM_candy",-35.622,-82.674,0,5350.644,0.798,-25.342,5352.311,5,"Yaksok~",6.672,-60.991,0,0,0,0,0,0,0,2
169,7,1,6,8,0,0,2,0,0,0,255,255,255,7,5390.252,"HANA_ARASHI",R,26,130,-0.107,1.291,0.005,1.883,-36.422,4,0,-48.51,-200,0,0,0,1,1,0,R,"-라후이-",190,95,0.498,0,28,0,0,0,0,0,0,0,0,0,0,0,0,0,0,0,0,-0.011,-37.119,0,"Pring__",0.07,-16.933,0,"Fresh825",-24.349,-49.153,0,"ʚEveɞ",-12.261,-65.346,0,"인생최패망자",19.124,-53.026,0,"Yaksok~",10.083,-65.048,0,"IbikiKai_JP",40.25,-100.971,0,"Gonyong",-8.378,-120.097,0,"SOM_candy",-47.781,-96.729,0,0,0,0,0,0,"",0,0,0,0,0,0,0,0,0,0
170,7,1,6,8,0,1,2,0,0,0,255,255,255,8,5408.447,"HANA_ARASHI",R,26,140,-1.534,1.196,-0.116,1.849,-36.358,4,0,-95.974,-200,0,0,0,1,1,0,R,"-라후이-",190,95,0.498,0,28,0,0,0,0,0,0,0,0,0,0,0,0,0,0,0,0,-0.176,-36.894,0,"Pring__",-0.037,-16.946,0,"Fresh825",-24.476,-49.008,0,"ʚEveɞ",-12.388,-64.977,0,"인생최패망자",16.816,-49.537,0,"Yaksok~",10.056,-65.032,0,"IbikiKai_JP",39.96,-100.519,0,"Gonyong",-8.397,-119.852,0,"SOM_candy",-47.679,-96.809,0,0,0,0,0,0,"",0,0,0,0,0,0,0,0,0,0
171,7,1,6,8,0,2,2,0,0,0,255,255,255,9,5453.845,"HANA_ARASHI",R,26,131,1.071,0.89,0.153,1.785,-36.38,2,0,-176.045,-200,0,0,0,1,1,0,R,"-라후이-",190,95,0.498,3,28,5454.719,189,19,148,74,33,208,150,98,39.28,10.25,-0.44,-0.062,-0.065,0.131,0,0.178,-36.682,0,"Pring__",0.255,-16.755,0,"Fresh825",-24.446,-48.926,0,"ʚEveɞ",-12.165,-65.097,0,"인생최패망자",18.174,-51.246,0,"Yaksok~",11.082,-64.627,0,"IbikiKai_JP",39.977,-100.542,0,"Gonyong",-8.409,-120.093,0,"SOM_candy",-48.748,-96.828,0,5449.243,-22.62,-93.022,5450.36,8,"SOM_candy",-24.657,-97.444,1,0,0,0,0,0,0,2
172,7,1,6,8,0,0,2,1,0,0,0,255,255,10,5484.897,"HANA_ARASHI",R,26,129,0.857,0.832,0.096,1.833,-36.363,0,0,-61.998,-200,0,0,0,0,2,1,R,"Dοpi",190,90,0.3,0,28,0,0,0,0,0,0,0,0,0,0,0,0,0,0,0,0,-0.082,-37.145,0,"Pring__",0.019,-16.735,0,"Fresh825",-18.303,-39.586,0,"ʚEveɞ",-14.592,-63.31,0,"인생최패망자",17.807,-51.23,0,"Yaksok~",8.317,-64.809,0,"IbikiKai_JP",38.629,-99.009,0,"Gonyong",-1.871,-116.287,0,"SOM_candy",-46.636,-93.406,0,0,0,0,0,0,"",0,0,0,0,0,0,0,0,0,0
173,7,1,6,8,0,1,2,1,0,0,0,255,255,11,5499.199,"HANA_ARASHI",R,26,140,1.154,0.545,0.131,1.783,-36.337,0,0,-85.934,-200,0,0,0,0,2,1,R,"Dοpi",190,90,0.3,0,28,0,0,0,0,0,0,0,0,0,0,0,0,0,0,0,0,0.048,-37.031,0,"Pring__",0.051,-16.766,0,"Fresh825",-18.345,-39.575,0,"ʚEveɞ",-14.217,-64.061,0,"인생최패망자",17.068,-49.004,0,"Yaksok~",7.837,-64.206,0,"IbikiKai_JP",36.996,-96.063,0,"Gonyong",-2.184,-115.337,0,"SOM_candy",-45.91,-94.024,0,0,0,0,0,0,"",0,0,0,0,0,0,0,0,0,0
174,7,1,6,8,0,2,2,1,0,0,0,255,255,12,5515.475,"HANA_ARASHI",R,26,130,0.507,1.318,0.072,1.873,-36.427,1,0,-79.711,-200,0,0,0,0,2,1,R,"Dοpi",190,90,0.3,0,28,0,0,0,0,0,0,0,0,0,0,0,0,0,0,0,0,-0.103,-37.083,0,"Pring__",0.051,-17.081,0,"Fresh825",-18.532,-39.76,0,"ʚEveɞ",-13.518,-63.544,0,"인생최패망자",17.388,-46.872,0,"Yaksok~",8.304,-64.462,0,"IbikiKai_JP",36.714,-96.112,0,"Gonyong",-2.153,-115.306,0,"SOM_candy",-45.758,-93.913,0,0,0,0,0,0,"",0,0,0,0,0,0,0,0,0,0
175,7,1,6,8,1,2,2,1,0,0,0,255,255,13,5530.776,"HANA_ARASHI",R,26,130,0.223,0.383,0.056,1.693,-36.391,2,0,-114.948,-200,0,0,0,1,2,1,R,"Dοpi",190,90,0.3,3,28,5531.671,69,12,38,84,25,53,64,64,95.541,-76.687,-0.32,-0.041,-0.03,0,0,-0.209,-36.977,0,"Pring__",0.056,-16.787,0,"Fresh825",-18.442,-39.709,0,"ʚEveɞ",-16.966,-62.065,0,"인생최패망자",17.138,-49.092,0,"Yaksok~",9.474,-64.34,0,"IbikiKai_JP",37.071,-96.078,0,"Gonyong",-2.164,-115.312,0,"SOM_candy",-45.754,-93.876,0,5525.811,-23.889,-12.909,0,0,"",0,0,0,0,0,0,0,0,0,3
176,7,1,6,8,1,2,2,1,0,0,0,255,255,14,5558.218,"HANA_ARASHI",R,13,98,-1.891,0.008,0.058,2.055,-36.539,1,0,-321.526,346.054,0,0,0,0,2,1,R,"Dοpi",190,90,0.3,0,28,0,0,0,0,0,0,0,0,0,0,0,0,0,0,0,0,-0.333,-37.101,0,"Pring__",-0.166,-16.957,0,"Fresh825",-18.95,-40.06,0,"ʚEveɞ",-17.368,-60.683,0,"인생최패망자",16.102,-47.572,0,"Yaksok~",9.394,-64.578,0,"IbikiKai_JP",36.706,-96.377,0,"Gonyong",-8.51,-114.458,0,"SOM_candy",-47.669,-92.755,0,0,0,0,0,0,"",0,0,0,0,0,0,0,0,0,0
177,7,1,6,8,2,2,2,1,0,0,0,255,255,15,5575.902,"HANA_ARASHI",R,13,97,0.464,0.399,0.308,2.151,-36.65,0,0,-343.392,313.619,0,0,0,0,2,1,R,"Dοpi",190,90,0.3,0,28,0,0,0,0,0,0,0,0,0,0,0,0,0,0,0,0,-0.061,-37.019,0,"Pring__",-0.006,-17.186,0,"Fresh825",-18.833,-39.721,0,"ʚEveɞ",-17.341,-61.74,0,"인생최패망자",16.423,-47.896,0,"Yaksok~",3.059,-62.91,0,"IbikiKai_JP",36.736,-96.393,0,"Gonyong",-0.591,-115.903,0,"SOM_candy",-47.535,-92.55,0,0,0,0,0,0,"",0,0,0,0,0,0,0,0,0,0
178,7,0,6,8,0,0,0,0,0,0,255,255,255,0,5826.663,"siesta_aves",R,33,139,2.063,1.563,0.133,1.688,-36.6,4,0,125.795,-43.183,0,-0.054,-19.789,0,8,2,R,"Megu3568",175.3,86,0.404,0,28,0,0,0,0,0,0,0,0,0,0,0,0,0,0,0,0,0.001,-38.23,0,"Dοpi",-0.076,-17.106,0,"-라후이-",-20.121,-44.753,0,"즉석카레",-13.604,-63.46,0,"peperon8655",21.277,-45.645,0,"muyang_",12.683,-62.041,0,"Roscosmos",39.02,-85.372,0,"ByeolBam",0.072,-113.704,0,"Penguin_iDOL",-38.647,-92.304,0,0,0,0,0,0,"",0,0,0,0,0,0,0,0,0,0
179,7,0,6,8,1,0,0,0,0,0,255,255,255,1,6123.136,"siesta_aves",R,33,140,-2.496,0.132,-0.272,1.445,-36.369,1,0,141.502,-75.563,0,0,0,0,8,2,R,"Megu3568",175.3,86,0.404,0,28,0,0,0,0,0,0,0,0,0,0,0,0,0,0,0,0,-0.163,-38.305,0,"Dοpi",-0.371,-16.814,0,"-라후이-",-18.039,-42.707,0,"즉석카레",-14.842,-63.339,0,"peperon8655",20.797,-44.85,0,"muyang_",10.765,-62.405,0,"Roscosmos",38.603,-86.583,0,"ByeolBam",0.692,-111.695,0,"Penguin_iDOL",-41.617,-87.132,0,0,0,0,0,0,"",0,0,0,0,0,0,0,0,0,0
180,7,0,6,8,2,0,0,0,0,0,255,255,255,2,6140.781,"siesta_aves",R,33,140,2.552,1.122,0.196,1.614,-36.449,1,0,146.083,-50.141,0,0,0,0,8,2,R,"Megu3568",175.3,86,0.404,0,28,0,0,0,0,0,0,0,0,0,0,0,0,0,0,0,0,0.12,-38.09,0,"Dοpi",0.04,-16.954,0,"-라후이-",-18.52,-44.541,0,"즉석카레",-14.825,-63.326,0,"peperon8655",20.84,-44.876,0,"muyang_",13.86,-63.278,0,"Roscosmos",38.616,-86.6,0,"ByeolBam",0.768,-111.693,0,"Penguin_iDOL",-41.58,-87.091,0,0,0,0,0,0,"",0,0,0,0,0,0,0,0,0,0
181,7,0,6,8,3,0,0,0,0,0,255,255,255,3,6158.296,"siesta_aves",R,33,135,0.282,0.581,-0.007,1.52,-36.325,0,0,112.981,-66.715,0,0,0,0,8,2,R,"Megu3568",175.3,86,0.404,0,28,0,0,0,0,0,0,0,0,0,0,0,0,0,0,0,0,0.018,-38.326,0,"Dοpi",0.022,-16.921,0,"-라후이-",-19.027,-42.93,0,"즉석카레",-14.805,-63.347,0,"peperon8655",20.856,-44.86,0,"muyang_",13.898,-64.371,0,"Roscosmos",38.61,-86.585,0,"ByeolBam",0.79,-111.679,0,"Penguin_iDOL",-41.614,-87.033,0,0,0,0,0,0,"",0,0,0,0,0,0,0,0,0,0
182,7,0,6,8,3,1,0,0,0,0,255,255,255,4,6174.306,"siesta_aves",R,4,114,0.506,0.615,0.194,1.637,-36.53,0,0,-219.317,83.472,0,0,0,0,8,2,R,"Megu3568",175.3,86,0.404,0,28,0,0,0,0,0,0,0,0,0,0,0,0,0,0,0,0,-0.098,-38.074,0,"Dοpi",0,-16.908,0,"-라후이-",-15.655,-46.052,0,"즉석카레",-14.352,-64.372,0,"peperon8655",20.852,-44.865,0,"muyang_",12.212,-63.112,0,"Roscosmos",38.61,-86.585,0,"ByeolBam",0.539,-112.342,0,"Penguin_iDOL",-41.596,-87.148,0,0,0,0,0,0,"",0,0,0,0,0,0,0,0,0,0
183,7,0,6,8,3,2,0,0,0,0,255,255,255,5,6210.928,"siesta_aves",R,34,140,-4.578,-0.41,-0.453,1.361,-36.3,1,0,98.397,-57.657,0,0,0,0,8,2,R,"Megu3568",175.3,86,0.404,0,28,0,0,0,0,0,0,0,0,0,0,0,0,0,0,0,0,-0.253,-38.12,0,"Dοpi",-0.433,-16.936,0,"-라후이-",-18.561,-44.333,0,"즉석카레",-12.984,-65.018,0,"peperon8655",20.827,-45.152,0,"muyang_",13.655,-63.739,0,"Roscosmos",37.837,-86.752,0,"ByeolBam",0.083,-111.866,0,"Penguin_iDOL",-41.583,-87.243,0,0,0,0,0,0,"",0,0,0,0,0,0,0,0,0,5
184,7,0,6,8,0,0,0,1,0,0,11,255,255,6,6260.562,"siesta_aves",R,3,105,0.903,0.103,0.739,1.507,-36.972,0,0,-399.096,0,0,0,0,0,0,3,L,"ʚEveɞ",165.4,94.542,0.398,0,80,0,0,0,0,0,0,0,0,0,0,0,0,0,0,0,0,0.908,-38.893,0,"Dοpi",0.003,-16.819,0,"-라후이-",-18.269,-43.664,0,"즉석카레",-5.249,-62.211,0,"peperon8655",20.243,-45.891,0,"muyang_",11.669,-61.314,0,"Roscosmos",39.701,-85.688,0,"ByeolBam",1.031,-110.273,0,"Penguin_iDOL",-38.987,-86.267,0,0,0,0,0,0,"",0,0,0,0,0,0,0,0,0,0
185,7,0,6,8,0,1,0,0,1,0,255,11,255,7,6304.596,"siesta_aves",R,33,140,-0.213,1.057,-0.06,1.58,-36.384,2,0,147.819,-63.389,0,0,0,1,0,3,L,"ʚEveɞ",165.4,94.542,0.398,3,80,6305.601,162,29,93,20,0,26,136,120,30.078,-27.043,0.33,0.036,-0.017,0.36,0,-0.052,-37.263,0,"Dοpi",-0.239,-17.495,0,"-라후이-",-20.106,-53.779,0,"즉석카레",-4.557,-61.508,0,"peperon8655",20.095,-42.194,0,"muyang_",14.126,-61.221,0,"Roscosmos",39.69,-85.669,0,"ByeolBam",-0.999,-111.555,0,"Penguin_iDOL",-38.94,-86.068,0,6299.261,63.24,-109.011,0,0,"",0,0,0,0,0,0,0,0,0,4
186,7,0,6,10,0,0,0,0,0,0,255,255,255,8,6362.705,"siesta_aves",R,33,140,-7.311,-1.317,-0.389,1.474,-36.579,3,0,127.683,-66.017,0,-1.078,-20.558,0,1,8,L,"SOM_candy",180.3,100.048,0.52,0,28,0,0,0,0,0,0,0,0,0,0,0,0,0,0,0,0,-0.494,-38.447,0,"Dοpi",-0.452,-16.95,0,"-라후이-",-17.578,-45.558,0,"즉석카레",-12.708,-64.638,0,"peperon8655",20.63,-45.145,0,"muyang_",13.666,-62.888,0,"Roscosmos",42.556,-87.852,0,"ByeolBam",-0.155,-113.301,0,"Penguin_iDOL",-40.485,-92.418,0,0,0,0,0,0,"",0,0,0,0,0,0,0,0,0,6
187,7,0,6,10,0,0,0,1,0,0,17,255,255,9,6424.222,"siesta_aves",R,5,125,-1.032,-0.873,0.169,1.603,-36.71,0,0,-109.172,0,0,0,0,0,2,7,R,"Gonyong",175.1,94.755,0.3,0,28,0,0,0,0,0,0,0,0,0,0,0,0,0,0,0,0,0.04,-38.408,0,"Dοpi",-0.052,-16.745,0,"-라후이-",-18.695,-40.606,0,"즉석카레",-13.343,-64.063,0,"peperon8655",20.926,-47.418,0,"muyang_",8.163,-61.005,0,"Roscosmos",40.777,-91.117,0,"ByeolBam",0.31,-111.771,0,"Penguin_iDOL",-40.031,-93.996,0,0,0,0,0,0,"",0,0,0,0,0,0,0,0,0,0
188,7,0,6,10,0,1,0,1,0,0,17,255,255,10,6444.358,"siesta_aves",R,3,103,-1.402,-1.299,0.121,1.084,-36.624,2,0,-385.595,0,0,0,0,1,2,7,R,"Gonyong",175.1,94.755,0.3,3,28,6445.333,91,23,51,77,40,38,116,82,91.547,-88.161,0.95,-0.042,-0.091,0.065,0,0.132,-37.684,0,"Dοpi",0.002,-16.915,0,"-라후이-",-18.834,-42.269,0,"즉석카레",-14.254,-63.356,0,"peperon8655",20.915,-47.4,0,"muyang_",9.004,-60.753,0,"Roscosmos",41.303,-90.995,0,"ByeolBam",0.344,-112.074,0,"Penguin_iDOL",-40.862,-93.109,0,6438.527,-54.112,-20.182,0,0,"",0,0,0,0,0,0,0,0,0,3
189,7,0,6,10,0,2,0,1,0,0,17,255,255,11,6488.337,"siesta_aves",R,3,115,-6.26,-0.571,-0.275,1.449,-36.485,4,0,-452.304,0,0,-1.969,-13.529,1,2,7,R,"Gonyong",175.1,94.755,0.3,0,53,0,0,0,0,0,0,0,0,0,0,0,0,0,0,0,0,-0.035,-38.342,0,"Dοpi",-1.384,-16.039,0,"-라후이-",-19.201,-45.502,0,"즉석카레",-15.277,-63.261,0,"peperon8655",21.575,-46.07,0,"muyang_",10.127,-60.701,0,"Roscosmos",39.883,-90.295,0,"ByeolBam",0.501,-114.043,0,"Penguin_iDOL",-41.135,-91.256,0,0,0,0,0,0,"",0,0,0,0,0,0,0,0,0,0
190,7,0,6,10,0,0,1,1,1,0,10,17,255,12,6577.835,"siesta_aves",R,0,115,-1.242,-0.984,-0.037,1.33,-36.75,1,0,-11.138,0,0,0,0,0,4,4,R,"인생최패망자",190,80,0.401,0,28,0,0,0,0,0,0,0,0,0,0,0,0,0,0,0,0,-0.01,-38.559,0,"Dοpi",-0.183,-17.05,0,"-라후이-",-17.892,-44.795,0,"즉석카레",-11.404,-64.755,0,"peperon8655",20.53,-45.439,0,"muyang_",7.081,-61.639,0,"Roscosmos",39.276,-86.097,0,"ByeolBam",0.846,-110.794,0,"Penguin_iDOL",-44.304,-86.628,0,0,0,0,0,0,"",0,0,0,0,0,0,0,0,0,0
191,7,0,6,10,1,0,1,1,1,0,10,17,255,13,6595.724,"siesta_aves",R,3,94,2.446,0.706,0.623,1.705,-37.304,3,0,-307.373,0,0,0.544,-21.103,0,4,4,R,"인생최패망자",190,80,0.401,0,28,0,0,0,0,0,0,0,0,0,0,0,0,0,0,0,0,-0.063,-38.027,0,"Dοpi",0.361,-19.461,0,"-라후이-",-18.818,-47.049,0,"즉석카레",-11.288,-65.053,0,"peperon8655",20.911,-45.512,0,"muyang_",8.04,-60.109,0,"Roscosmos",41.684,-89.48,0,"ByeolBam",0.849,-110.792,0,"Penguin_iDOL",-45.595,-87.671,0,0,0,0,0,0,"",0,0,0,0,0,0,0,0,0,6
192,7,0,6,10,0,0,1,1,1,1,13,10,17,14,6640.171,"siesta_aves",R,3,129,-3.942,0.347,-0.244,1.497,-36.345,4,0,-390.819,0,0,0,0,1,5,5,R,"Yaksok~",173.1,98.835,0.303,0,28,0,0,0,0,0,0,0,0,0,0,0,0,0,0,0,0,-0.025,-38.004,0,"Dοpi",-0.144,-16.816,0,"-라후이-",-21.015,-46.941,0,"즉석카레",-10.441,-65.015,0,"peperon8655",19.945,-42.168,0,"muyang_",12.805,-61.527,0,"Roscosmos",40.318,-88.082,0,"ByeolBam",-0.7,-109.742,0,"Penguin_iDOL",-42.975,-88.461,0,0,0,0,0,0,"",0,0,0,0,0,0,0,0,0,0
193,7,0,6,10,0,1,1,1,1,1,13,10,17,15,6661.563,"siesta_aves",R,33,140,0.281,0.084,-0.01,1.449,-36.249,0,0,130.998,-29.16,0,0,0,0,5,5,R,"Yaksok~",173.1,98.835,0.303,0,64,0,0,0,0,0,0,0,0,0,0,0,0,0,0,0,0,0.269,-38.227,0,"Dοpi",-0.483,-17.482,0,"-라후이-",-19.78,-46.961,0,"즉석카레",-12.545,-65.064,0,"peperon8655",20.332,-43.178,0,"muyang_",12.365,-61.289,0,"Roscosmos",39.69,-86.369,0,"ByeolBam",0.124,-110.743,0,"Penguin_iDOL",-40.844,-85.912,0,0,0,0,0,0,"",0,0,0,0,0,0,0,0,0,0
194,7,0,6,10,0,2,1,1,1,1,13,10,17,16,6682.385,"siesta_aves",R,0,91,1.73,-0.745,0.31,1.475,-36.643,2,0,0,0,0,0,0,1,5,5,R,"Yaksok~",173.1,98.835,0.303,3,64,6683.365,116,17,127,78,48,163,144,111,33.852,36.949,0.67,-0.15,-0.147,0.074,0,0.007,-37.355,0,"Dοpi",-0.062,-17.045,0,"-라후이-",-17.205,-45.88,0,"즉석카레",-13.325,-64.631,0,"peperon8655",19.924,-42.054,0,"muyang_",11.391,-61.344,0,"Roscosmos",39.677,-86.382,0,"ByeolBam",-0.038,-112.875,0,"Penguin_iDOL",-40.766,-86.068,0,6676.094,-64.449,-87.539,6678.144,8,"Penguin_iDOL",-65.221,-87.825,1,0,0,0,0,0,0,2
195,7,0,6,12,0,0,1,1,1,0,14,13,255,17,6732.478,"siesta_aves",R,36,131,2.759,-0.02,0.226,1.471,-36.467,1,0,96.942,102.683,0,0,0,0,6,0,R,"HANA_ARASHI",190,86,0.25,0,28,0,0,0,0,0,0,0,0,0,0,0,0,0,0,0,0,0.019,-38.288,0,"Dοpi",0.124,-16.75,0,"-라후이-",-18.692,-42.1,0,"즉석카레",-10.867,-65.048,0,"peperon8655",20.833,-44.83,0,"muyang_",10.414,-61.823,0,"Roscosmos",36.811,-87.222,0,"ByeolBam",-1.464,-106.519,0,"Penguin_iDOL",-43.47,-91.178,0,0,0,0,0,0,"",0,0,0,0,0,0,0,0,0,0
196,7,0,6,12,1,0,1,1,1,0,14,13,255,18,6748.501,"siesta_aves",R,3,125,-2.291,0.061,-0.098,1.454,-36.411,2,0,-351.165,0,0,0,0,1,6,0,R,"HANA_ARASHI",190,86,0.25,3,28,6749.585,247,10,142,88,51,170,150,112,113.282,-59.623,0.91,-0.037,-0.103,0.094,0,-0.052,-37.046,0,"Dοpi",-0.187,-17.374,0,"-라후이-",-18.806,-45.796,0,"즉석카레",-11.823,-65.22,0,"peperon8655",20.838,-45.028,0,"muyang_",10.274,-59.187,0,"Roscosmos",36.924,-86.691,0,"ByeolBam",-0.233,-108.738,0,"Penguin_iDOL",-43.577,-91.081,0,0,0,0,0,0,"",0,0,0,0,0,0,0,0,0,3
197,7,0,6,12,1,1,1,1,1,0,14,13,255,19,6773.314,"siesta_aves",R,32,140,2.043,1.192,0.146,1.652,-36.454,2,0,155.541,-83.077,0,0,0,1,6,0,R,"HANA_ARASHI",190,86,0.25,3,28,6774.384,176,10,87,38,21,66,139,130,26.95,12.664,0.43,0.031,-0.053,0.102,0,0.07,-37.181,0,"Dοpi",-0.067,-17.078,0,"-라후이-",-18.718,-43.989,0,"즉석카레",-12.361,-64.488,0,"peperon8655",20.497,-44.697,0,"muyang_",7.751,-60.408,0,"Roscosmos",36.494,-85.86,0,"ByeolBam",-0.045,-108.15,0,"Penguin_iDOL",-45.669,-91.723,0,6768.427,-20.655,-142.875,0,0,"",0,0,0,0,0,0,0,0,0,4
