id,inn,half,scoreA,scoreB,ball,strk,out,b1,b2,b3,b1Idx,b2Idx,b3Idx,pCnt,pSec,pName,pHand,pType,pPow,spdK,zoneX,zoneY,startX,startY,zDist,call,balk,sH,sV,gyro,plx,plz,bSwing,bIdx,bPos,bZone,bName,bHCm,batLen,batCen,batType,bFps,hSec,rotS,rotL,shS,lgS,prepS,batSpd,ev,ldeg,sdeg,hPos,hMoveX,hMoveY,stayCon,buntGrip,handDist,PPosX,PPosY,PThrSpd,CName,CPosX,CPosY,CThrSpd,1BName,1BPosX,1BPosY,1BThrSpd,2BName,2BPosX,2BPosY,2BThrSpd,3BName,3BPosX,3BPosY,3BThrSpd,SSName,SSPosX,SSPosY,SSThrSpd,LFName,LFPosX,LFPosY,LFThrSpd,CFName,CFPosX,CFPosY,CFThrSpd,RFName,RFPosX,RFPosY,RFThrSpd,ltSec,lx,lz,cSec,cPos,cPlr,cx,cz,1BSafe,tag,cpSec,sb2Sec,sb3Sec,sbhSec,ass,result
1,1,1,0,0,0,0,0,0,0,0,255,255,255,0,1803.005,"Apple_Sherbet",R,32,86,140,0.222,-1.002,0.393,1.72,-36.435,0,0,245.041,-200,26.466,0,0,0,0,7,R,"紅さかな",172.5,87.576,0.452,0,59,0,0,0,0,0,0,0,0,0,0,0,0,0,0,0,0,0.245,-37.576,0,"HalF_HearteD",0.103,-16.819,0,"하루（Haru）",-20.599,-44.631,0,"장덕춘_",-13.811,-64.486,0,"HANA_ARASHI",22.651,-50.261,0,"Pugeuk",9.76,-65.271,0,"Azuner",36.673,-88.738,0,"magimari",-0.938,-98.751,0,"卯月満開",-39.503,-90.889,0,0,0,0,0,0,"",0,0,0,0,0,0,0,0,0,0
2,1,1,0,0,0,1,0,0,0,0,255,255,255,1,1820.62,"Apple_Sherbet",R,14,80,106,1.224,-2.697,0.407,1.519,-36.383,1,0,327.124,367.099,28.154,0.233,-20.213,0,0,7,R,"紅さかな",172.5,87.576,0.452,0,59,0,0,0,0,0,0,0,0,0,0,0,0,0,0,0,0,0.214,-37.706,0,"HalF_HearteD",0.1,-16.845,0,"하루（Haru）",-19.202,-44.836,0,"장덕춘_",-12.892,-63.868,0,"HANA_ARASHI",22.998,-51.354,0,"Pugeuk",9.853,-65.433,0,"Azuner",36.687,-88.742,0,"magimari",-1.042,-98.771,0,"卯月満開",-39.518,-90.893,0,0,0,0,0,0,"",0,0,0,0,0,0,0,0,0,0
3,1,1,0,0,1,1,0,0,0,0,255,255,255,2,1837.335,"Apple_Sherbet",R,26,86,140,0.836,-0.672,0.464,1.772,-36.481,0,0,189.826,-200,25.375,0,0,0,0,7,R,"紅さかな",172.5,87.576,0.452,0,59,0,0,0,0,0,0,0,0,0,0,0,0,0,0,0,0,0.394,-37.439,0,"HalF_HearteD",-0.069,-16.87,0,"하루（Haru）",-19.489,-44.08,0,"장덕춘_",-13.901,-64.324,0,"HANA_ARASHI",23.507,-52.077,0,"Pugeuk",9.936,-65.414,0,"Azuner",36.742,-88.726,0,"magimari",-1.031,-98.737,0,"卯月満開",-40.99,-88.569,0,0,0,0,0,0,"",0,0,0,0,0,0,0,0,0,0
4,1,1,0,0,1,2,0,0,0,0,255,255,255,3,1855.33,"Apple_Sherbet",R,13,67,96,-3.011,-1.832,0.341,1.648,-36.447,4,0,-316.765,343.89,-13.707,0,0,1,0,7,R,"紅さかな",172.5,87.576,0.452,0,59,0,0,0,0,0,0,0,0,0,0,0,0,0,0,0,0,0.149,-37.63,0,"HalF_HearteD",-0.506,-16.828,0,"하루（Haru）",-19.499,-43.895,0,"장덕춘_",-14.853,-63.906,0,"HANA_ARASHI",22.851,-51.748,0,"Pugeuk",9.479,-65.206,0,"Azuner",36.584,-88.798,0,"magimari",-0.896,-99.056,0,"卯月満開",-40.984,-88.553,0,0,0,0,0,0,"",0,0,0,0,0,0,0,0,0,0
5,1,1,0,0,0,0,1,0,0,0,255,255,255,4,1881.856,"Apple_Sherbet",R,13,82,120,-1.143,0.223,0.417,1.837,-36.496,0,0,-390.434,312.348,44.832,-0.835,-17.568,0,1,5,L,"shimenawa",174.9,95.407,0.2,0,59,0,0,0,0,0,0,0,0,0,0,0,0,0,0,0,0,0.301,-37.597,0,"HalF_HearteD",-0.152,-17.038,0,"하루（Haru）",-19.673,-45.176,0,"장덕춘_",-13.583,-64.668,0,"HANA_ARASHI",23.459,-51.293,0,"Pugeuk",10.805,-63.804,0,"Azuner",45.248,-91.633,0,"magimari",-0.991,-100.025,0,"卯月満開",-37.536,-94.712,0,0,0,0,0,0,"",0,0,0,0,0,0,0,0,0,0
6,1,1,0,0,0,1,1,0,0,0,255,255,255,5,1900.929,"Apple_Sherbet",R,32,87,140,0.798,-0.966,0.456,1.722,-36.421,0,0,205.922,-200,20.247,0,0,0,1,5,L,"shimenawa",174.9,95.407,0.2,0,59,0,0,0,0,0,0,0,0,0,0,0,0,0,0,0,0,0.304,-37.67,0,"HalF_HearteD",0.151,-16.964,0,"하루（Haru）",-19.664,-43.878,0,"장덕춘_",-13.331,-64.59,0,"HANA_ARASHI",24.262,-49.375,0,"Pugeuk",10.19,-64.89,0,"Azuner",43.794,-90.921,0,"magimari",-0.951,-99.997,0,"卯月満開",-36.855,-93.971,0,0,0,0,0,0,"",0,0,0,0,0,0,0,0,0,0
7,1,1,0,0,0,2,1,0,0,0,255,255,255,6,1916.92,"Apple_Sherbet",R,14,76,103,2.93,-2.362,0.607,1.562,-36.62,4,0,365.589,312.348,2.054,0.563,-19.81,1,1,5,L,"shimenawa",174.9,95.407,0.2,0,59,0,0,0,0,0,0,0,0,0,0,0,0,0,0,0,0,0.349,-37.632,0,"HalF_HearteD",0.243,-16.9,0,"하루（Haru）",-19.95,-44.881,0,"장덕춘_",-13.484,-64.596,0,"HANA_ARASHI",24.507,-50.08,0,"Pugeuk",8.277,-63.903,0,"Azuner",43.809,-90.924,0,"magimari",-0.941,-100.005,0,"卯月満開",-37.46,-94.228,0,0,0,0,0,0,"",0,0,0,0,0,0,0,0,0,0
8,1,1,0,0,0,0,2,0,0,0,255,255,255,7,1942.661,"Apple_Sherbet",R,13,71,112,-0.797,-0.273,0.481,1.8,-36.454,0,0,-355.175,351.925,19.571,0,0,1,2,0,L,"-Alta-",190.1,84,0.479,0,59,0,0,0,0,0,0,0,0,0,0,0,0,0,0,0,0,0.172,-37.471,0,"HalF_HearteD",-0.106,-17.032,0,"하루（Haru）",-20.114,-45.591,0,"장덕춘_",-13.45,-64.574,0,"HANA_ARASHI",23.737,-51.045,0,"Pugeuk",10.298,-64.644,0,"Azuner",43.775,-90.583,0,"magimari",-0.939,-100.103,0,"卯月満開",-36.147,-93.448,0,0,0,0,0,0,"",0,0,0,0,0,0,0,0,0,0
9,1,1,0,0,0,1,2,0,0,0,255,255,255,8,1957.555,"Apple_Sherbet",R,13,76,115,-2.03,-0.438,0.387,1.76,-36.333,2,0,-390.434,312.348,42.836,0,0,1,2,0,L,"-Alta-",190.1,84,0.479,3,59,1958.535,175,15,119,117,70,150,94,-18.696,26.342,-0.62,0.082,-0.112,0.179,0,0.238,0.027,-36.8,0,"HalF_HearteD",-0.108,-17.034,0,"하루（Haru）",-19.045,-46.251,0,"장덕춘_",-13.814,-64.591,99,"HANA_ARASHI",23.943,-51.83,0,"Pugeuk",10.243,-64.651,0,"Azuner",44.616,-90.446,0,"magimari",-1.1,-108.451,0,"卯月満開",-35.963,-93.252,0,1958.709,-1.514,-22.573,1961.109,3,"장덕춘_",-19.705,-60.722,0,0,0,0,0,0,0,2
10,1,0,0,0,0,0,0,0,0,0,255,255,255,0,2137.114,"-Alta-",L,3,82,124,1.581,0.071,-0.459,1.551,-36.399,1,0,387.448,0,-6.723,1.055,-17.351,0,0,5,R,"Pugeuk",169.8,86.326,0.404,0,59,0,0,0,0,0,0,0,0,0,0,0,0,0,0,0,0,-0.373,-37.064,0,"あおいぬ",0.369,-16.823,0,"P0TA0",-19.952,-44.497,0,"甲斐野柊太",-14.346,-64.271,0,"Kenomo",18.362,-42.955,0,"shimenawa",15.289,-63.09,0,"horisen",40.219,-100.399,0,"紅さかな",0.438,-120.571,0,"Pizzallaris",-40.654,-96.75,0,0,0,0,0,0,"",0,0,0,0,0,0,0,0,0,0
11,1,0,0,0,1,0,0,0,0,0,255,255,255,1,2153.412,"-Alta-",L,33,77,128,0.188,0.54,-0.428,1.606,-36.326,0,0,-101.43,-61.854,-20.015,0,0,0,0,5,R,"Pugeuk",169.8,86.326,0.404,0,59,0,0,0,0,0,0,0,0,0,0,0,0,0,0,0,0,0.092,-37.888,0,"あおいぬ",-0.037,-16.889,0,"P0TA0",-20,-44.474,0,"甲斐野柊太",-14.476,-64.293,0,"Kenomo",17.229,-44.133,0,"shimenawa",14.359,-63.602,0,"horisen",40.576,-101.112,0,"紅さかな",-0.498,-120.855,0,"Pizzallaris",-40.662,-96.755,0,0,0,0,0,0,"",0,0,0,0,0,0,0,0,0,0
12,1,0,0,0,1,1,0,0,0,0,255,255,255,2,2170.922,"-Alta-",L,10,83,125,-2.088,-0.617,-0.68,1.572,-36.456,2,0,28.182,398.937,-14.59,0,0,1,0,5,R,"Pugeuk",169.8,86.326,0.404,3,59,2171.9,213,12,107,85,45,150,118,3.12,-8.101,0.77,-0.017,0.011,0.301,0,0.755,-0.402,-36.748,0,"あおいぬ",-0.009,-17.053,0,"P0TA0",-20.211,-44.388,0,"甲斐野柊太",-14.027,-64.347,0,"Kenomo",17.238,-44.104,85,"shimenawa",15.706,-63.005,0,"horisen",40.711,-100.137,0,"紅さかな",-0.321,-120.813,93,"Pizzallaris",-41.12,-99.018,0,2172.909,2.818,-50.645,2175.959,7,"紅さかな",6.187,-108.82,1,0,0,0,0,0,0,2
13,1,0,0,0,0,0,0,1,0,0,14,255,255,3,2199.259,"-Alta-",L,10,84,126,1.053,-0.568,-0.379,1.542,-36.343,0,0,0,400,-18.486,0,0,0,1,2,R,"하루（Haru）",190,85,0.553,0,59,0,0,0,0,0,0,0,0,0,0,0,0,0,0,0,0,-0.364,-37.065,0,"あおいぬ",-0.026,-17.02,120,"P0TA0",-19.683,-40.843,0,"甲斐野柊太",-10.138,-61.407,0,"Kenomo",18.19,-44.669,0,"shimenawa",8.658,-64.014,0,"horisen",39.956,-100.498,0,"紅さかな",0.348,-122.38,0,"Pizzallaris",-41.812,-98.091,0,0,0,0,0,0,"",0,0,0,0,0,0,0,0,0,0
14,1,0,0,0,0,1,0,1,0,0,14,255,255,4,2216.523,"-Alta-",L,34,83,136,1.68,0.316,-0.314,1.603,-36.16,4,0,-75.108,-71.631,-10.95,-0.157,-20.886,1,1,2,R,"하루（Haru）",190,85,0.553,0,59,0,0,0,0,0,0,0,0,0,0,0,0,0,0,0,0,-0.306,-36.831,0,"あおいぬ",-0.097,-18.468,0,"P0TA0",-19.452,-41.567,0,"甲斐野柊太",-11.341,-60.458,0,"Kenomo",16.819,-45.404,0,"shimenawa",11.39,-65.117,0,"horisen",40.252,-96.799,0,"紅さかな",0.047,-120.067,0,"Pizzallaris",-41.453,-98.972,0,0,0,0,0,0,"",0,0,0,0,0,0,0,0,0,0
15,1,0,0,0,0,2,0,1,0,0,14,255,255,5,2239.372,"-Alta-",L,14,70,111,-2.885,-1.529,-0.591,1.362,-36.32,1,0,-407.153,290.217,-18.584,0,0,0,1,2,R,"하루（Haru）",190,85,0.553,0,59,0,0,0,0,0,0,0,0,0,0,0,0,0,0,0,0,-0.358,-36.676,0,"あおいぬ",-0.666,-18.113,0,"P0TA0",-19.82,-41.158,86,"甲斐野柊太",-8.914,-60.276,0,"Kenomo",15.979,-47.333,0,"shimenawa",8.952,-64.152,0,"horisen",40.866,-96.647,0,"紅さかな",0.399,-120.233,0,"Pizzallaris",-41.068,-98.573,0,0,0,0,0,0,"",0,0,0,0,0,0,0,0,0,0
16,1,0,0,0,1,2,0,1,0,0,14,255,255,6,2259.112,"-Alta-",L,33,82,134,3.027,0.418,-0.174,1.584,-36.123,4,0,-106.652,-90.219,-12.759,0.447,-20.575,1,1,2,R,"하루（Haru）",190,85,0.553,0,59,0,0,0,0,0,0,0,0,0,0,0,0,0,0,0,0,-0.208,-36.861,0,"あおいぬ",0.062,-18.025,0,"P0TA0",-19.079,-41.955,0,"甲斐野柊太",-8.508,-59.451,0,"Kenomo",17.186,-45.891,0,"shimenawa",9.974,-63.775,0,"horisen",40.67,-97.909,0,"紅さかな",-0.869,-119.688,0,"Pizzallaris",-40.546,-97.662,0,0,0,0,0,0,"",0,0,0,0,0,0,0,0,0,0
17,1,0,0,0,0,0,1,1,0,0,14,255,255,7,2284.158,"-Alta-",L,33,80,132,-0.799,-0.717,-0.513,1.378,-36.09,2,0,-132.515,-95.686,-13.564,0,0,1,2,0,R,"Apple_Sherbet",190,86.926,0.301,3,59,2285.105,255,25,178,92,52,150,130,93.009,-83.296,0.55,-0.027,-0.045,0.298,0,0.451,-0.114,-36.842,0,"あおいぬ",-0.027,-17.028,0,"P0TA0",-19.324,-41.663,0,"甲斐野柊太",-11.698,-58.221,0,"Kenomo",17.087,-44.813,0,"shimenawa",14.147,-63.998,0,"horisen",40.423,-96.999,0,"紅さかな",0.057,-121.746,0,"Pizzallaris",-41.23,-97.372,0,0,0,0,0,0,"",0,0,0,0,0,0,0,0,0,3
18,1,0,0,0,0,1,1,1,0,0,14,255,255,8,2302.835,"-Alta-",L,10,80,121,0.807,-0.314,-0.402,1.622,-36.458,0,0,0,400,-21.388,0,0,0,2,0,R,"Apple_Sherbet",190,86.926,0.301,0,102,0,0,0,0,0,0,0,0,0,0,0,0,0,0,0,0,-0.368,-36.743,0,"あおいぬ",0.166,-18.196,0,"P0TA0",-19.475,-41.737,0,"甲斐野柊太",-6.763,-60.098,0,"Kenomo",17.806,-43.512,0,"shimenawa",3.327,-59.884,0,"horisen",39.986,-97.899,0,"紅さかな",-0.636,-120.687,0,"Pizzallaris",-42.469,-97.533,0,0,0,0,0,0,"",0,0,0,1,0,0,0,0,0,0
19,1,0,0,0,0,2,2,0,0,0,255,255,255,9,2325.229,"-Alta-",L,32,87,140,0.945,-0.417,-0.36,1.456,-36.186,2,0,-155.264,-44.243,-13.281,0,0,1,2,0,R,"Apple_Sherbet",190,86.926,0.301,3,102,2326.104,255,14,145,82,52,150,105,56.079,51.631,-0.1,-0.029,-0.061,0.232,0,0.313,-0.454,-36.573,0,"あおいぬ",0.027,-17.047,0,"P0TA0",-20.313,-44.46,0,"甲斐野柊太",-12.978,-64.809,0,"Kenomo",18.225,-43.382,0,"shimenawa",14.06,-64.59,0,"horisen",41.142,-96.446,0,"紅さかな",0.215,-122.009,0,"Pizzallaris",-41.515,-97.557,0,0,0,0,0,0,"",0,0,0,0,0,0,0,0,0,3
20,1,0,0,0,0,2,2,0,0,0,255,255,255,10,2343.38,"-Alta-",L,12,87,136,0.397,-0.518,-0.416,1.488,-36.269,2,0,7.297,115.421,-20.756,0,0,1,2,0,R,"Apple_Sherbet",190,86.926,0.301,3,102,2344.311,255,24,42,3,14,69,69,2.365,19.945,-0.07,-0.045,-0.064,0.314,0,1.159,-0.074,-36.898,0,"あおいぬ",0.029,-17.03,0,"P0TA0",-19.788,-43.676,0,"甲斐野柊太",-13.398,-64.638,107,"Kenomo",18.051,-43.202,0,"shimenawa",14.739,-63.384,0,"horisen",41.275,-99.115,0,"紅さかな",0.792,-121.653,0,"Pizzallaris",-40.929,-93.917,0,2345.143,-5.051,-32.927,2347.426,3,"甲斐野柊太",-16.91,-55.991,0,0,0,0,0,0,0,2
21,2,1,0,0,0,0,0,0,0,0,255,255,255,9,2396.649,"Apple_Sherbet",R,32,92,140,-0.937,-0.129,0.312,1.661,-36.422,2,0,225.259,-200,36.883,0,0,1,3,6,L,"horisen",174.5,95,0.447,3,59,2397.71,176,5,76,56,32,144,92,-84.571,-84.275,-0.44,-0.023,0.004,0.166,0,0.209,0.137,-37.087,0,"HalF_HearteD",-0.102,-16.874,0,"하루（Haru）",-19,-46.497,0,"장덕춘_",-13.603,-64.809,0,"HANA_ARASHI",23.691,-51.757,0,"Pugeuk",10.417,-63.913,0,"Azuner",40.541,-88.37,0,"magimari",-1.019,-97.838,0,"卯月満開",-33.191,-97.69,0,2397.842,0.597,-18.789,0,0,"",0,0,0,0,0,0,0,0,0,3
22,2,1,0,0,0,1,0,0,0,0,255,255,255,10,2414.222,"Apple_Sherbet",R,26,92,140,-1.999,-0.013,0.314,1.68,-36.406,2,0,150.727,-200,41.202,0,0,1,3,6,L,"horisen",174.5,95,0.447,3,59,2415.311,186,10,73,54,26,142,85,-12.824,-36.7,-0.77,-0.011,0.015,0.235,0,0.285,0.145,-37.054,0,"HalF_HearteD",-0.051,-16.87,0,"하루（Haru）",-19.33,-46.61,93,"장덕춘_",-13.435,-64.606,0,"HANA_ARASHI",23.875,-50.678,120,"Pugeuk",12.822,-63.961,0,"Azuner",40.091,-87.371,0,"magimari",-0.75,-98.855,0,"卯月満開",-34.127,-93.439,0,2415.509,1.859,-21.87,2417.409,4,"HANA_ARASHI",19.832,-46.012,0,0,0,0,0,0,0,2
23,2,1,0,0,0,0,1,0,0,0,255,255,255,11,2442.156,"Apple_Sherbet",R,14,67,97,-0.771,-0.653,0.25,1.743,-36.454,0,0,344.292,312.348,30.192,0,0,0,4,3,L,"甲斐野柊太",174.9,80,0.2,0,59,0,0,0,0,0,0,0,0,0,0,0,0,0,0,0,0,0.217,-37.422,0,"HalF_HearteD",0.002,-16.704,95,"하루（Haru）",-18.951,-41.123,0,"장덕춘_",-12.907,-62.648,0,"HANA_ARASHI",18.899,-42.959,0,"Pugeuk",10.205,-61.742,0,"Azuner",41.822,-87.571,0,"magimari",1.652,-96.292,0,"卯月満開",-35.157,-95.031,0,0,0,0,0,0,"",0,0,0,0,0,0,0,0,0,0
24,2,1,0,0,0,1,1,0,0,0,255,255,255,12,2456.77,"Apple_Sherbet",R,26,87,140,-0.732,0.31,0.418,1.732,-36.461,2,0,195.373,-200,32.188,0,0,1,4,3,L,"甲斐野柊太",174.9,80,0.2,3,35,2457.884,164,6,114,85,13,150,82,27.556,-41.188,0.95,0.032,-0.077,0.248,0,0.118,0.149,-36.979,0,"HalF_HearteD",-0.092,-16.849,0,"하루（Haru）",-17.462,-42.834,86,"장덕춘_",-13.202,-63.772,0,"HANA_ARASHI",19.401,-44.903,0,"Pugeuk",10.451,-61.477,0,"Azuner",41.772,-87.517,112,"magimari",1.628,-96.296,0,"卯月満開",-34.56,-95.212,0,2461.176,37.983,-56.366,2462.992,6,"Azuner",49.109,-70.746,0,0,0,0,0,0,0,2
25,2,1,0,0,0,2,1,0,0,0,255,255,255,13,2486.089,"Apple_Sherbet",R,10,66,97,-0.585,-0.631,0.482,1.863,-36.428,2,0,-123.205,400,43.723,0,0,1,4,3,L,"甲斐野柊太",174.9,80,0.2,3,35,2487.335,248,14,67,152,86,146,128,-30,30.678,0.35,0.024,-0.032,0,0,0.158,0.026,-36.811,0,"HalF_HearteD",-0.104,-16.866,0,"하루（Haru）",-19.538,-46.849,95,"장덕춘_",-13.422,-64.92,0,"HANA_ARASHI",24.419,-49.352,0,"Pugeuk",12.304,-63.489,0,"Azuner",43.599,-87.26,0,"magimari",10.485,-94.958,0,"卯月満開",-27.682,-105.463,0,2487.509,-0.739,-21.218,2488.859,2,"하루（Haru）",-15.478,-45.948,0,0,0,0,0,0,0,2
26,2,1,0,0,0,0,2,0,0,0,255,255,255,14,2514.961,"Apple_Sherbet",R,14,75,114,0.815,0.045,0.336,1.846,-36.455,2,0,378.465,326.748,13.207,0,0,1,5,1,R,"あおいぬ",190,84.682,0.43,3,59,2516.096,170,13,43,106,58,129,113,-15,-0.502,0.1,-0.025,0.017,0.078,0,0.509,0.008,-36.946,0,"HalF_HearteD",0.123,-16.813,0,"하루（Haru）",-19.646,-46.827,0,"장덕춘_",-14.682,-64.141,85,"HANA_ARASHI",23.025,-50.756,0,"Pugeuk",9.141,-65.275,0,"Azuner",36.999,-87.519,0,"magimari",-0.419,-102.93,90,"卯月満開",-41.58,-89.245,0,2516.326,0.186,-24.021,2519.676,7,"magimari",0.568,-94.047,1,0,0,0,0,0,0,2
27,2,1,0,0,0,0,2,1,0,0,1,255,255,15,2544.518,"Apple_Sherbet",R,32,88,140,1.039,0.917,0.377,1.861,-36.373,0,0,250,-200,-0.058,0,0,0,6,2,R,"P0TA0",190,95.63,0.653,0,59,0,0,0,0,0,0,0,0,0,0,0,0,0,0,0,0,0.281,-37.153,0,"HalF_HearteD",0.066,-16.934,0,"하루（Haru）",-18.829,-44.572,0,"장덕춘_",-14.02,-63.951,0,"HANA_ARASHI",23.986,-50.762,0,"Pugeuk",7.975,-64.043,0,"Azuner",37.232,-86.004,0,"magimari",0.164,-101.087,0,"卯月満開",-42.967,-95.644,0,0,0,0,0,0,"",0,0,0,0,0,0,0,0,0,0
28,2,1,0,0,0,1,2,1,0,0,1,255,255,16,2560.213,"Apple_Sherbet",R,29,88,140,-0.6,-0.398,0.335,1.701,-36.332,0,0,-239.848,200,-98.572,0,0,1,6,2,R,"P0TA0",190,95.63,0.653,0,59,0,0,0,0,0,0,0,0,0,0,0,0,0,0,0,0,0.315,-37.145,0,"HalF_HearteD",-0.614,-18.067,0,"하루（Haru）",-18.903,-42.204,89,"장덕춘_",-14.074,-63.831,0,"HANA_ARASHI",22.822,-49.847,0,"Pugeuk",4.226,-63.31,0,"Azuner",37.126,-86.082,0,"magimari",0.158,-101.15,0,"卯月満開",-42.469,-94.013,0,0,0,0,0,0,"",0,0,0,0,0,0,0,0,0,0
29,2,1,0,0,0,2,2,1,0,0,1,255,255,17,2581.463,"Apple_Sherbet",R,14,63,94,2.189,-0.084,0.421,1.979,-36.595,2,0,302.575,353.028,-20.52,0.254,-19.322,1,6,2,R,"P0TA0",190,95.63,0.653,3,59,2582.575,231,12,84,65,28,150,89,-60.191,27.369,-0.87,-0.001,-0.05,0.163,0,0.226,-0.178,-36.839,0,"HalF_HearteD",0.314,-16.972,0,"하루（Haru）",-19.367,-45.52,0,"장덕춘_",-14.019,-64.361,92,"HANA_ARASHI",23.575,-50.655,0,"Pugeuk",7.406,-65.634,85,"Azuner",37.107,-86.039,0,"magimari",0.498,-100.694,0,"卯月満開",-40.479,-91.235,0,2585.376,-3.909,-54.183,2586.092,5,"Pugeuk",-4.359,-57.955,0,64,0,0,0,0,0,2
30,2,0,0,0,0,0,0,0,0,0,255,255,255,11,2636.732,"-Alta-",L,6,65,109,0.372,-0.093,-0.395,1.526,-36.413,2,0,-449.466,0,-9.297,0,0,1,3,4,R,"HANA_ARASHI",190,86.084,0.253,3,59,2637.794,255,23,202,188,98,150,89,94.593,-85.214,-0.9,-0.019,-0.027,0.155,0,0.426,-0.17,-36.812,0,"あおいぬ",-0.006,-17.048,0,"P0TA0",-20.059,-44.238,0,"甲斐野柊太",-13.527,-64.608,0,"Kenomo",17.157,-44.061,0,"shimenawa",14.141,-63.657,0,"horisen",41.317,-95.358,0,"紅さかな",0.333,-121.338,0,"Pizzallaris",-40.222,-95.581,0,0,0,0,0,0,"",0,0,0,0,0,0,0,0,0,3
31,2,0,0,0,0,1,0,0,0,0,255,255,255,12,2654.153,"-Alta-",L,33,81,133,0.32,0.658,-0.511,1.656,-36.301,0,0,-118.957,-50.295,-8.8,0,0,1,3,4,R,"HANA_ARASHI",190,86.084,0.253,0,59,0,0,0,0,0,0,0,0,0,0,0,0,0,0,0,0,-0.341,-37.182,0,"あおいぬ",-0.072,-16.844,0,"P0TA0",-20.035,-44.504,0,"甲斐野柊太",-14.844,-63.712,0,"Kenomo",16.981,-44.24,0,"shimenawa",12.589,-63.826,0,"horisen",41.483,-93.495,0,"紅さかな",0.766,-121.104,0,"Pizzallaris",-40.588,-94.666,0,0,0,0,0,0,"",0,0,0,0,0,0,0,0,0,0
32,2,0,0,0,0,2,0,0,0,0,255,255,255,13,2669.505,"-Alta-",L,32,81,134,-0.362,-0.58,-0.566,1.42,-36.228,2,0,-151.132,-36.359,-8.184,0,0,1,3,4,R,"HANA_ARASHI",190,86.084,0.253,3,59,2670.484,131,19,175,105,0,144,129,25.152,19.466,0.53,-0.074,-0.098,0.244,0,0.559,-0.284,-36.845,0,"あおいぬ",0.008,-17.061,0,"P0TA0",-20.292,-44.354,0,"甲斐野柊太",-15.607,-63.234,0,"Kenomo",16.927,-44.209,0,"shimenawa",14.163,-63.49,0,"horisen",40.942,-93.985,0,"紅さかな",0.405,-121.643,0,"Pizzallaris",-40.601,-94.652,0,2676.076,-60.541,-124.911,0,0,"",0,0,0,0,0,0,0,0,0,4
33,2,0,0,1,0,0,0,0,0,0,255,255,255,14,2709.488,"-Alta-",L,7,59,110,-2.772,-0.642,-0.597,1.535,-36.434,1,0,-243.3,0,-6.684,0,0,0,4,6,L,"Azuner",179.7,85.116,0.348,0,59,0,0,0,0,0,0,0,0,0,0,0,0,0,0,0,0,-0.411,-36.868,0,"あおいぬ",-0.075,-16.917,0,"P0TA0",-20.19,-44.794,0,"甲斐野柊太",-13.969,-64.324,0,"Kenomo",19.572,-44.107,0,"shimenawa",14.968,-62.024,0,"horisen",42.196,-93.137,0,"紅さかな",1.238,-120.761,0,"Pizzallaris",-41.32,-97.05,0,0,0,0,0,0,"",0,0,0,0,0,0,0,0,0,0
34,2,0,0,1,1,0,0,0,0,0,255,255,255,15,2725.646,"-Alta-",L,33,81,133,0.497,0.694,-0.497,1.648,-36.26,2,0,-113.692,-51.57,-9.533,0,0,1,4,6,L,"Azuner",179.7,85.116,0.348,3,59,2726.702,198,23,93,61,42,150,103,41.011,-29.665,-0.02,-0.055,-0.033,0.245,0,0.121,-0.329,-36.937,0,"あおいぬ",0.02,-17.035,0,"P0TA0",-20.17,-44.754,0,"甲斐野柊太",-13.341,-65.196,0,"Kenomo",19.644,-44.019,0,"shimenawa",16.103,-62.822,99,"horisen",42.238,-93.204,85,"紅さかな",0.096,-121.067,0,"Pizzallaris",-41.371,-97.019,0,2732.159,38.505,-92.46,2732.309,6,"horisen",37.549,-90.59,0,0,0,0,0,0,0,1
35,2,0,0,1,0,0,1,0,0,0,255,255,255,16,2752.68,"-Alta-",L,10,87,128,1.334,-1.482,-0.453,1.394,-36.289,1,0,0,400,-33.196,0.377,-17.471,0,5,8,R,"卯月満開",171,90,0.2,0,59,0,0,0,0,0,0,0,0,0,0,0,0,0,0,0,0,-0.407,-36.937,0,"あおいぬ",0.001,-16.873,0,"P0TA0",-19.99,-44.431,0,"甲斐野柊太",-14.106,-64.577,0,"Kenomo",18.321,-42.89,0,"shimenawa",15.025,-63.63,0,"horisen",41.214,-94.213,0,"紅さかな",0.646,-123.127,0,"Pizzallaris",-41.327,-97.037,0,0,0,0,0,0,"",0,0,0,0,0,0,0,0,0,0
36,2,0,0,1,1,0,1,0,0,0,255,255,255,17,2769.693,"-Alta-",L,33,82,134,0.003,0.468,-0.537,1.607,-36.248,0,0,-131.735,-26.809,-8.64,0,0,0,5,8,R,"卯月満開",171,90,0.2,0,59,0,0,0,0,0,0,0,0,0,0,0,0,0,0,0,0,-0.017,-37.214,0,"あおいぬ",0.004,-16.934,0,"P0TA0",-20.012,-44.483,0,"甲斐野柊太",-15.269,-63.756,0,"Kenomo",17.744,-43.797,0,"shimenawa",10.075,-64.69,0,"horisen",41.201,-94.207,0,"紅さかな",0.344,-123.242,0,"Pizzallaris",-41.468,-96.871,0,0,0,0,0,0,"",0,0,0,0,0,0,0,0,0,0
37,2,0,0,1,1,1,1,0,0,0,255,255,255,18,2782.633,"-Alta-",L,32,73,126,-1.644,-0.897,-0.678,1.398,-36.254,4,0,-162.109,-6.215,-2.73,0,0,1,5,8,R,"卯月満開",171,90,0.2,0,59,0,0,0,0,0,0,0,0,0,0,0,0,0,0,0,0,-0.346,-37.143,0,"あおいぬ",-0.082,-16.871,0,"P0TA0",-19.976,-44.424,0,"甲斐野柊太",-14.541,-64.152,0,"Kenomo",17.904,-43.779,0,"shimenawa",9.773,-64.393,0,"horisen",41.216,-94.225,0,"紅さかな",0.726,-123.185,0,"Pizzallaris",-41.512,-96.894,0,0,0,0,0,0,"",0,0,0,0,0,0,0,0,0,0
38,2,0,0,1,1,2,1,0,0,0,255,255,255,19,2799.096,"-Alta-",L,11,82,129,1.785,-1.194,-0.411,1.411,-36.25,2,0,1.123,184.955,-17.064,0,0,0,5,8,R,"卯月満開",171,90,0.2,2,59,2800.037,177,9,65,98,53,142,89,-53.674,-29.172,-0.24,-0.13,-0.074,0.001,0,0.251,-0.125,-37.015,0,"あおいぬ",0.08,-17.072,0,"P0TA0",-19.987,-44.439,0,"甲斐野柊太",-13.317,-64.641,0,"Kenomo",19.157,-43.965,0,"shimenawa",14.247,-63.733,0,"horisen",40.603,-94.737,0,"紅さかな",0.339,-122.661,0,"Pizzallaris",-41.17,-97.196,0,2800.109,0.544,-19.793,2802.326,4,"Kenomo",13.357,-42.721,1,0,0,0,0,0,0,2
39,2,0,0,1,0,0,1,1,0,0,17,255,255,20,2832.411,"-Alta-",L,33,89,140,1.323,0.468,-0.426,1.591,-36.139,2,0,-116.98,-92.504,-11.955,0,0,1,6,7,R,"magimari",170.1,80,0.454,3,59,2833.464,255,18,83,16,22,138,80,40.664,9.607,-0.8,0.002,-0.038,0.193,0,0.436,-0.467,-36.581,0,"あおいぬ",0.022,-16.971,0,"P0TA0",-19.383,-41.243,85,"甲斐野柊太",-10.479,-57.029,0,"Kenomo",18.326,-45.893,0,"shimenawa",14.192,-63.001,0,"horisen",41.351,-101.404,0,"紅さかな",1.555,-121.181,0,"Pizzallaris",-41.183,-97.186,0,2838.492,-9.763,-75.856,2838.692,3,"甲斐野柊太",-9.414,-73.879,0,0,0,0,0,0,0,1
40,2,0,0,1,0,0,2,1,0,0,17,255,255,21,2863.345,"-Alta-",L,33,84,137,1.517,-0.232,-0.4,1.489,-36.153,1,0,-147.619,-73.792,-10.071,0,0,0,7,1,R,"HalF_HearteD",160,80,0.403,0,59,0,0,0,0,0,0,0,0,0,0,0,0,0,0,0,0,-0.393,-36.786,0,"あおいぬ",0.153,-17.116,0,"P0TA0",-19.154,-41.479,0,"甲斐野柊太",-14.082,-64.115,0,"Kenomo",17.73,-45.035,0,"shimenawa",6.568,-61.318,0,"horisen",39.979,-96.275,0,"紅さかな",0.796,-118.462,0,"Pizzallaris",-39.917,-92.705,0,0,0,0,0,0,"",0,0,0,0,0,0,0,0,0,0
41,2,0,0,1,1,0,2,0,1,0,255,17,255,22,2881.882,"-Alta-",L,33,75,127,5.207,-2.8,-0.262,1.363,-36.055,4,0,-114.977,-68.745,-12.253,0.811,-19.927,1,7,1,R,"HalF_HearteD",160,80,0.403,0,59,0,0,0,0,0,0,0,0,0,0,0,0,0,0,0,0,-0.21,-36.645,0,"あおいぬ",0.424,-19.732,0,"P0TA0",-20.01,-44.379,0,"甲斐野柊太",-10.383,-62.907,0,"Kenomo",18.582,-40.605,0,"shimenawa",9.248,-62.377,0,"horisen",39.995,-96.827,0,"紅さかな",-0.429,-117.825,0,"Pizzallaris",-40.206,-93.239,0,0,0,0,0,0,"",0,0,0,0,0,0,0,0,0,0
42,2,0,0,1,1,1,2,0,1,0,255,17,255,23,2904.569,"-Alta-",L,0,66,121,0.342,0.232,-0.501,1.66,-36.485,0,0,0,0,-10.568,0,0,0,7,1,R,"HalF_HearteD",160,80,0.403,0,59,0,0,0,0,0,0,0,0,0,0,0,0,0,0,0,0,-0.297,-36.834,0,"あおいぬ",-0.039,-17.01,0,"P0TA0",-19.8,-44.317,0,"甲斐野柊太",-13.407,-64.209,0,"Kenomo",18.581,-43.668,0,"shimenawa",7.173,-61.812,70,"horisen",40.631,-96.895,0,"紅さかな",-1.558,-119.998,0,"Pizzallaris",-40.705,-93.839,0,0,0,0,0,0,"",0,0,0,0,0,0,0,0,0,0
43,2,0,0,1,1,2,2,0,1,0,255,17,255,24,2928.662,"-Alta-",L,34,77,128,1.122,0.695,-0.443,1.612,-36.169,2,0,-94.098,-80.284,-11.751,0,0,1,7,1,R,"HalF_HearteD",160,80,0.403,3,59,2929.666,247,18,51,42,14,137,76,1.208,12.436,-0.79,-0.002,-0.032,0.211,0,0.469,-0.115,-36.928,0,"あおいぬ",0.01,-16.999,0,"P0TA0",-20.151,-43.934,0,"甲斐野柊太",-14.466,-63.904,0,"Kenomo",19.151,-43.553,0,"shimenawa",12.073,-62.915,0,"horisen",40.853,-97.996,0,"紅さかな",1.592,-121.681,0,"Pizzallaris",-40.665,-93.812,0,2930.609,-3.265,-34.615,2932.542,3,"甲斐野柊太",-7.336,-57.651,0,128,0,0,0,0,0,2
44,3,1,0,1,0,0,0,0,0,0,255,255,255,18,2983.651,"Apple_Sherbet",R,32,88,140,-2.607,-1.08,0.249,1.672,-36.444,1,0,227.103,-200,28.409,0,0,0,7,4,R,"Kenomo",190,80,0.469,0,59,0,0,0,0,0,0,0,0,0,0,0,0,0,0,0,0,0.169,-37.644,0,"HalF_HearteD",-0.131,-16.759,0,"하루（Haru）",-20.229,-45.75,0,"장덕춘_",-14.115,-64.455,0,"HANA_ARASHI",23.138,-51.696,0,"Pugeuk",9.524,-65.844,0,"Azuner",36.834,-87.876,0,"magimari",-1.119,-103.11,0,"卯月満開",-40.477,-89.857,0,0,0,0,0,0,"",0,0,0,0,0,0,0,0,0,0
45,3,1,0,1,1,0,0,0,0,0,255,255,255,19,2998.567,"Apple_Sherbet",R,26,94,140,-1.67,-1.017,0.349,1.684,-36.362,1,0,127.645,-200,27.646,0,0,0,7,4,R,"Kenomo",190,80,0.469,0,59,0,0,0,0,0,0,0,0,0,0,0,0,0,0,0,0,0.179,-37.582,0,"HalF_HearteD",-0.022,-16.811,0,"하루（Haru）",-19.804,-45.154,0,"장덕춘_",-14.108,-64.453,0,"HANA_ARASHI",23.286,-51.967,0,"Pugeuk",9.499,-65.803,0,"Azuner",36.836,-87.869,0,"magimari",-1.154,-103.127,0,"卯月満開",-40.428,-89.806,0,0,0,0,0,0,"",0,0,0,0,0,0,0,0,0,0
46,3,1,0,1,2,0,0,0,0,0,255,255,255,20,3015.262,"Apple_Sherbet",R,13,68,97,-1.243,-0.645,0.496,1.765,-36.467,0,0,-344.292,312.348,59.026,-0.809,-17.097,0,7,4,R,"Kenomo",190,80,0.469,0,59,0,0,0,0,0,0,0,0,0,0,0,0,0,0,0,0,0.238,-37.6,0,"HalF_HearteD",-0.104,-16.95,0,"하루（Haru）",-20.159,-45.295,0,"장덕춘_",-14.106,-64.488,0,"HANA_ARASHI",21.973,-50.87,0,"Pugeuk",9.554,-65.946,0,"Azuner",36.764,-88.013,0,"magimari",-1.152,-103.121,0,"卯月満開",-40.881,-89.632,0,0,0,0,0,0,"",0,0,0,0,0,0,0,0,0,0
47,3,1,0,1,2,1,0,0,0,0,255,255,255,21,3032.589,"Apple_Sherbet",R,32,89,140,13.719,-0.959,0.431,1.654,-36.385,2,0,216.647,-200,31.524,0,0,1,7,4,R,"Kenomo",190,80,0.469,3,59,3033.636,255,11,103,70,28,150,96,2.657,21.802,-0.56,0.007,-0.07,0.149,0,0.215,0.145,-36.959,0,"HalF_HearteD",-0.072,-16.953,0,"하루（Haru）",-19.049,-45.899,88,"장덕춘_",-13.936,-64.472,99,"HANA_ARASHI",22.581,-50.984,0,"Pugeuk",8.748,-65.816,0,"Azuner",36.841,-87.863,0,"magimari",-1.184,-103.108,0,"卯月満開",-40.846,-89.646,0,3034.926,-11.207,-47.308,3035.959,3,"장덕춘_",-16.611,-59.631,0,0,0,0,0,0,0,2
48,3,1,0,1,0,0,1,0,0,0,255,255,255,22,3062.083,"Apple_Sherbet",R,26,88,140,-1.158,-1.082,0.305,1.72,-36.351,0,0,124.594,-200,25.359,0,0,0,8,8,R,"Pizzallaris",165.8,88.152,0.346,0,59,0,0,0,0,0,0,0,0,0,0,0,0,0,0,0,0,0.221,-37.464,0,"HalF_HearteD",0.011,-16.75,0,"하루（Haru）",-19.768,-44.823,0,"장덕춘_",-14.217,-64.506,0,"HANA_ARASHI",23.37,-50.057,0,"Pugeuk",8.819,-65.681,0,"Azuner",36.854,-87.85,0,"magimari",-1.13,-95.769,0,"卯月満開",-41.189,-83.807,0,0,0,0,0,0,"",0,0,0,0,0,0,0,0,0,0
49,3,1,0,1,0,1,1,0,0,0,255,255,255,23,3076.558,"Apple_Sherbet",R,26,89,140,-1.434,-1.733,0.262,1.626,-36.363,4,0,169.626,-200,38.707,0,0,1,8,8,R,"Pizzallaris",165.8,88.152,0.346,0,59,0,0,0,0,0,0,0,0,0,0,0,0,0,0,0,0,0.16,-37.596,0,"HalF_HearteD",-0.212,-16.782,0,"하루（Haru）",-20.073,-44.864,0,"장덕춘_",-14.209,-64.501,0,"HANA_ARASHI",23.638,-51.091,0,"Pugeuk",8.967,-65.938,0,"Azuner",36.8,-87.782,0,"magimari",-1.137,-95.805,0,"卯月満開",-40.381,-83.388,0,0,0,0,0,0,"",0,0,0,0,0,0,0,0,0,0
50,3,1,0,1,0,2,1,0,0,0,255,255,255,24,3090.949,"Apple_Sherbet",R,13,71,99,-1.881,-1.634,0.406,1.804,-36.51,4,0,-335.364,333.391,1.586,-0.509,-18.593,1,8,8,R,"Pizzallaris",165.8,88.152,0.346,0,59,0,0,0,0,0,0,0,0,0,0,0,0,0,0,0,0,0.228,-37.773,0,"HalF_HearteD",-0.372,-16.655,0,"하루（Haru）",-19.501,-44.476,87,"장덕춘_",-15.129,-63.334,0,"HANA_ARASHI",23.645,-49.566,0,"Pugeuk",6.413,-64.874,0,"Azuner",36.8,-87.769,0,"magimari",-1.131,-95.808,0,"卯月満開",-40.364,-83.356,0,0,0,0,0,0,"",0,0,0,0,0,0,0,0,0,0
51,3,1,0,1,0,0,2,0,0,0,255,255,255,25,3117.028,"Apple_Sherbet",R,26,87,140,1.162,1.121,0.415,1.861,-36.466,1,0,127.297,-200,44.639,0,0,0,0,7,R,"紅さかな",172.5,87.576,0.452,0,59,0,0,0,0,0,0,0,0,0,0,0,0,0,0,0,0,0.326,-37.471,0,"HalF_HearteD",0.12,-16.81,0,"하루（Haru）",-20.658,-43.909,0,"장덕춘_",-13.96,-64.58,0,"HANA_ARASHI",24.652,-51.893,0,"Pugeuk",8.548,-65.927,0,"Azuner",36.563,-88.249,0,"magimari",-0.409,-105.542,0,"卯月満開",-42.769,-91.289,0,0,0,0,0,0,"",0,0,0,0,0,0,0,0,0,0
52,3,1,0,1,1,0,2,0,0,0,255,255,255,26,3132.345,"Apple_Sherbet",R,14,79,106,1.728,-1.23,0.361,1.617,-36.426,2,0,375.95,312.719,10.746,0,0,1,0,7,R,"紅さかな",172.5,87.576,0.452,3,59,3133.578,255,20,138,159,86,150,116,6.017,-2.735,0.21,0.022,-0.083,0.146,0,0.267,0.031,-36.879,0,"HalF_HearteD",0.011,-16.942,0,"하루（Haru）",-19.845,-47.224,0,"장덕춘_",-13.83,-64.602,0,"HANA_ARASHI",23.221,-51.074,87,"Pugeuk",8.356,-66.099,103,"Azuner",36.567,-88.518,0,"magimari",-0.415,-105.547,104,"卯月満開",-42.864,-86.723,0,3135.809,-1.388,-80.96,3142.093,7,"magimari",-5.158,-122.367,1,0,0,0,0,0,0,2
53,3,1,0,1,0,0,2,0,1,0,255,7,255,27,3183.442,"Apple_Sherbet",R,32,89,140,0.853,-0.572,0.36,1.787,-36.414,0,0,212.785,-200,4.601,0,0,0,1,5,L,"shimenawa",174.9,95.407,0.2,0,59,0,0,0,0,0,0,0,0,0,0,0,0,0,0,0,0,0.243,-37.63,0,"HalF_HearteD",0.036,-16.607,0,"하루（Haru）",-18.829,-44.411,0,"장덕춘_",-1.875,-59.673,0,"HANA_ARASHI",21.465,-45.476,0,"Pugeuk",10.818,-63.477,0,"Azuner",42.907,-90.799,0,"magimari",-2.347,-107.734,0,"卯月満開",-33.519,-103.051,0,0,0,0,0,0,"",0,0,0,0,0,0,0,0,0,0
54,3,1,0,1,0,1,2,0,1,0,255,7,255,28,3200.302,"Apple_Sherbet",R,14,62,93,2.371,-0.438,0.427,1.965,-36.609,4,0,326.512,317.573,-15.614,0,0,1,1,5,L,"shimenawa",174.9,95.407,0.2,0,59,0,0,0,0,0,0,0,0,0,0,0,0,0,0,0,0,0.137,-37.419,0,"HalF_HearteD",0.184,-16.712,0,"하루（Haru）",-19.09,-44.373,0,"장덕춘_",-7.282,-63.392,0,"HANA_ARASHI",23.3,-46.729,0,"Pugeuk",12.488,-62.863,0,"Azuner",42.916,-90.904,0,"magimari",-2.17,-108.003,0,"卯月満開",-35.039,-101.934,0,0,0,0,0,0,"",0,0,0,0,0,0,0,0,0,0
55,3,1,0,1,0,2,2,0,1,0,255,7,255,29,3217.687,"Apple_Sherbet",R,26,83,135,0.484,2.982,0.363,2.167,-36.667,1,0,71.978,-200,-15.39,0,0,0,1,5,L,"shimenawa",174.9,95.407,0.2,0,59,0,0,0,0,0,0,0,0,0,0,0,0,0,0,0,0,0.282,-37.435,0,"HalF_HearteD",0.44,-16.478,0,"하루（Haru）",-18.807,-44.631,0,"장덕춘_",-12.951,-63.361,0,"HANA_ARASHI",23.714,-45.678,0,"Pugeuk",10.515,-64.102,0,"Azuner",42.929,-90.906,0,"magimari",-1.791,-108.017,0,"卯月満開",-32.293,-101.033,0,0,0,0,0,0,"",0,0,0,0,0,0,0,0,0,0
56,3,1,0,1,1,2,2,0,1,0,255,7,255,30,3234.826,"Apple_Sherbet",R,3,66,98,-0.264,1.458,0.463,1.999,-36.709,2,0,-365.757,7.769,-3.069,0,0,1,1,5,L,"shimenawa",174.9,95.407,0.2,3,59,3236.134,136,19,113,89,19,146,93,97.459,57.377,-0.42,-0.072,-0.027,0.047,0.048,0.363,-0.153,-36.933,0,"HalF_HearteD",-0.243,-16.871,0,"하루（Haru）",-18.879,-46.348,0,"장덕춘_",-12.108,-62.143,0,"HANA_ARASHI",23.498,-48.246,0,"Pugeuk",11.763,-64.61,0,"Azuner",43.033,-90.883,0,"magimari",-2.341,-108.101,0,"卯月満開",-33.149,-99.65,0,0,0,0,0,0,"",0,0,0,0,0,0,0,0,0,3
57,3,1,0,1,1,2,2,0,1,0,255,7,255,31,3257.595,"Apple_Sherbet",R,26,77,128,0.193,2.424,0.433,2.072,-36.695,1,0,74.851,-200,-8.984,0,0,0,1,5,L,"shimenawa",174.9,95.407,0.2,0,59,0,0,0,0,0,0,0,0,0,0,0,0,0,0,0,0,0.25,-37.373,0,"HalF_HearteD",0.033,-16.664,0,"하루（Haru）",-19.32,-45.845,0,"장덕춘_",-12.537,-61.927,0,"HANA_ARASHI",23.426,-47.586,0,"Pugeuk",12.456,-63.77,0,"Azuner",43.267,-89.179,0,"magimari",-2.412,-106.773,0,"卯月満開",-31.323,-103.603,0,0,0,0,0,0,"",0,0,0,0,0,0,0,0,0,0
58,3,1,0,1,2,2,2,0,1,0,255,7,255,32,3273.58,"Apple_Sherbet",R,26,90,140,-1.481,0.149,0.259,1.708,-36.348,2,0,170.905,-200,39.955,0,0,1,1,5,L,"shimenawa",174.9,95.407,0.2,3,59,3274.641,123,15,108,34,0,140,83,-3.633,-15.571,-0.8,-0.029,-0.055,0.121,0,0.258,0.007,-36.702,0,"HalF_HearteD",-0.089,-17.004,0,"하루（Haru）",-18.516,-45.626,89,"장덕춘_",-12.922,-62.018,0,"HANA_ARASHI",23.592,-48.146,0,"Pugeuk",11.687,-64.472,92,"Azuner",43.24,-89.206,0,"magimari",-2.409,-106.801,0,"卯月満開",-34.152,-100.531,0,3275.109,2.408,-28.383,3277.009,5,"Pugeuk",9.9,-56.465,0,0,0,0,0,0,0,2
59,3,0,0,1,0,0,0,0,0,0,255,255,255,25,3333.095,"-Alta-",L,33,85,138,1.369,0.438,-0.422,1.588,-36.239,2,0,-114.081,-58.498,-14.416,0,0,1,8,3,R,"장덕춘_",165,94.644,0.8,3,59,3333.885,181,20,82,112,53,150,81,64.584,-52.162,-0.84,-0.031,0.009,0.098,0,0.202,-0.45,-36.686,0,"あおいぬ",0.01,-17.044,0,"P0TA0",-20.586,-44.864,0,"甲斐野柊太",-15.266,-63.674,0,"Kenomo",18.876,-45.696,0,"shimenawa",14.979,-63.624,0,"horisen",41.501,-96.365,0,"紅さかな",-0.309,-123.517,0,"Pizzallaris",-40.56,-98.652,0,3339.476,41.296,-47.054,0,0,"",0,0,0,0,0,0,0,0,0,3
60,3,0,0,1,0,1,0,0,0,0,255,255,255,26,3358.633,"-Alta-",L,0,80,131,-0.498,-0.023,-0.623,1.532,-36.309,2,0,0,0,-6.547,0,0,1,8,3,R,"장덕춘_",165,94.644,0.8,3,51,3359.555,177,13,78,95,85,150,121,-3.17,26.356,0.72,-0.071,-0.019,0.047,0,0.25,-0.365,-36.855,0,"あおいぬ",0.031,-17.027,0,"P0TA0",-20.562,-44.859,0,"甲斐野柊太",-14.394,-64.486,0,"Kenomo",17.683,-43.342,0,"shimenawa",14.993,-63.685,0,"horisen",42.559,-95.428,0,"紅さかな",0.105,-122.648,0,"Pizzallaris",-41.482,-98.304,73,3360.009,-5.189,-31.219,3362.792,8,"Pizzallaris",-35.24,-86.172,1,0,0,0,0,0,0,2
61,3,0,0,1,0,0,0,1,0,0,12,255,255,27,3410.423,"-Alta-",L,28,68,123,1.294,0.64,-0.437,1.619,-36.197,2,0,-58.708,-65.114,-7.206,0,0,1,0,5,R,"Pugeuk",169.8,86.326,0.404,3,59,3411.418,231,3,132,74,28,150,93,113.117,25.024,-0.31,0.01,0.035,0.249,0,0.593,-0.169,-36.485,0,"あおいぬ",0.044,-17.049,0,"P0TA0",-18.956,-41.677,0,"甲斐野柊太",-11.988,-58.401,0,"Kenomo",16.878,-45.102,0,"shimenawa",12.496,-63.719,0,"horisen",39.805,-98.653,0,"紅さかな",-0.175,-119.65,0,"Pizzallaris",-39.201,-96.786,0,0,0,0,0,0,"",0,0,0,0,0,0,0,0,0,3
62,3,0,0,1,0,1,0,1,0,0,12,255,255,28,3431.783,"-Alta-",L,32,81,133,0.145,-0.671,-0.519,1.418,-35.986,0,0,-153.801,-73.844,-19.187,0,0,0,0,5,R,"Pugeuk",169.8,86.326,0.404,0,59,0,0,0,0,0,0,0,0,0,0,0,0,0,0,0,0,-0.534,-36.399,0,"あおいぬ",-0.059,-17.318,0,"P0TA0",-19.362,-40.849,0,"甲斐野柊太",-10.944,-58.445,0,"Kenomo",18.142,-43.869,0,"shimenawa",9.357,-62.857,0,"horisen",41.123,-97.203,0,"紅さかな",0.013,-119.484,0,"Pizzallaris",-39.175,-102.451,0,0,0,0,0,0,"",0,0,0,0,0,0,0,0,0,0
63,3,0,0,1,0,2,0,1,0,0,12,255,255,29,3453.987,"-Alta-",L,10,79,119,0.206,-1.651,-0.557,1.429,-36.34,1,0,0,400,-0.703,0,0,0,0,5,R,"Pugeuk",169.8,86.326,0.404,0,59,0,0,0,0,0,0,0,0,0,0,0,0,0,0,0,0,-0.035,-36.788,0,"あおいぬ",0.061,-17.01,0,"P0TA0",-19.652,-41.065,0,"甲斐野柊太",-8.002,-58.961,0,"Kenomo",17.846,-44.518,0,"shimenawa",10.284,-63.927,0,"horisen",41.068,-98.666,0,"紅さかな",-0.527,-120.49,0,"Pizzallaris",-40.059,-102.369,0,0,0,0,0,0,"",0,0,0,0,0,0,0,0,0,0
64,3,0,0,1,1,2,0,1,0,0,12,255,255,30,3471.74,"-Alta-",L,10,77,118,0.313,-0.893,-0.549,1.545,-36.389,2,0,5.418,400,-14.974,0,0,1,0,5,R,"Pugeuk",169.8,86.326,0.404,3,59,3472.762,214,8,91,110,35,150,94,-25.893,-15.671,-0.24,-0.011,0.001,0.198,0,0.675,-0.231,-36.629,0,"あおいぬ",0.04,-17.039,0,"P0TA0",-19.397,-41.353,96,"甲斐野柊太",-10.764,-59.837,105,"Kenomo",18.382,-44.489,0,"shimenawa",12.825,-64.832,81,"horisen",41.16,-98.352,0,"紅さかな",-0.535,-120.48,0,"Pizzallaris",-40.05,-102.381,0,3472.843,0.306,-21.343,3474.809,5,"shimenawa",9.023,-58.676,0,0,0,0,0,0,0,2
65,3,0,0,1,0,0,2,0,0,0,255,255,255,31,3499.433,"-Alta-",L,0,0,0,0,0,0,0,0,0,0,0,0,0,0,0,1,1,2,R,"하루（Haru）",190,85,0.553,2,59,3500.501,149,17,142,87,45,150,89,19.64,3.055,-0.88,-0.006,-0.009,0.152,0.048,0.369,-0.619,-36.63,0,"あおいぬ",0.035,-16.993,0,"P0TA0",-20.229,-44.381,0,"甲斐野柊太",-14.748,-64.078,0,"Kenomo",17.06,-43.755,0,"shimenawa",14.325,-63.083,0,"horisen",39.968,-99.321,0,"紅さかな",1.051,-119.037,0,"Pizzallaris",-38.878,-91.657,0,3501.509,-0.311,-20.862,3517.309,-1,"썬써니_",-0.548,-37.9,0,0,0,0,0,0,0,3
66,3,0,0,1,0,1,2,0,0,0,255,255,255,32,3520.33,"-Alta-",L,33,87,140,0.512,-0.707,-0.492,1.395,-36.17,0,0,-134.698,-41.486,-12.118,0,0,0,1,2,R,"하루（Haru）",190,85,0.553,0,59,0,0,0,0,0,0,0,0,0,0,0,0,0,0,0,0,-0.461,-36.853,0,"あおいぬ",-0.013,-16.882,0,"P0TA0",-20.253,-44.239,0,"甲斐野柊太",-14.777,-63.738,0,"Kenomo",17.426,-43.426,0,"shimenawa",13.372,-63.352,0,"horisen",41.505,-99.462,0,"紅さかな",0.003,-120.86,0,"Pizzallaris",-39.274,-93.18,0,0,0,0,0,0,"",0,0,0,0,0,0,0,0,0,0
67,3,0,0,1,0,2,2,0,0,0,255,255,255,33,3535.656,"-Alta-",L,32,85,139,-2.636,-0.759,-0.769,1.381,-36.18,4,0,-190.092,-60.711,-10.383,0,0,1,1,2,R,"하루（Haru）",190,85,0.553,0,59,0,0,0,0,0,0,0,0,0,0,0,0,0,0,0,0,-0.515,-36.873,0,"あおいぬ",0.396,-18.173,0,"P0TA0",-20.299,-43.32,0,"甲斐野柊太",-16.556,-62.647,0,"Kenomo",16.259,-43.587,0,"shimenawa",8.17,-63.888,0,"horisen",41.359,-98.592,0,"紅さかな",0.947,-121.325,0,"Pizzallaris",-39.271,-93.185,0,0,0,0,0,0,"",0,0,0,2,0,0,0,0,0,0
68,4,1,0,1,0,0,0,0,0,0,255,255,255,33,3587.228,"Apple_Sherbet",R,32,76,128,0.325,-0.966,0.411,1.789,-36.371,2,0,250,186.637,-86.246,0,0,1,2,0,L,"-Alta-",190.1,84,0.479,3,59,3588.202,214,18,95,139,67,150,129,-16.394,31.152,0.54,0.068,-0.118,0.124,0,0.529,0.135,-36.741,0,"HalF_HearteD",0.152,-17.067,0,"하루（Haru）",-18.897,-46.732,95,"장덕춘_",-13.868,-64.308,0,"HANA_ARASHI",23.359,-50.16,0,"Pugeuk",14.249,-63.489,0,"Azuner",41.508,-89.096,0,"magimari",-0.244,-105.473,0,"卯月満開",-40.411,-93.6,97,3588.376,-1.216,-22.963,3591.176,-1,"썬써니_",-36.246,-83.408,0,0,0,0,0,0,0,2
69,4,1,0,1,0,0,1,0,0,0,255,255,255,34,3621.956,"Apple_Sherbet",R,32,82,134,-0.293,1.386,0.344,1.905,-36.459,4,0,229.151,-200,-14.353,0,0,1,3,6,L,"horisen",174.5,95,0.447,0,59,0,0,0,0,0,0,0,0,0,0,0,0,0,0,0,0,0.165,-37.544,0,"HalF_HearteD",-0.028,-16.906,0,"하루（Haru）",-19.284,-45.581,0,"장덕춘_",-13.919,-64.334,0,"HANA_ARASHI",24.449,-51.86,0,"Pugeuk",12.006,-64.383,0,"Azuner",40.906,-87.688,0,"magimari",-0.76,-102.088,0,"卯月満開",-34.08,-85.926,0,0,0,0,0,0,"",0,0,0,0,0,0,0,0,0,0
70,4,1,0,1,0,1,1,0,0,0,255,255,255,35,3638.505,"Apple_Sherbet",R,13,75,102,-0.73,0.062,0.568,1.977,-36.693,0,0,-344.45,334.684,9.584,0,0,0,3,6,L,"horisen",174.5,95,0.447,0,59,0,0,0,0,0,0,0,0,0,0,0,0,0,0,0,0,0.303,-37.426,0,"HalF_HearteD",-0.042,-16.872,0,"하루（Haru）",-19.72,-44.873,0,"장덕춘_",-13.954,-64.281,0,"HANA_ARASHI",23.259,-50.031,0,"Pugeuk",12.057,-64.442,0,"Azuner",40.821,-87.574,0,"magimari",-1.187,-102.194,0,"卯月満開",-36.046,-86.15,0,0,0,0,0,0,"",0,0,0,0,0,0,0,0,0,0
71,4,1,0,1,0,2,1,0,0,0,255,255,255,36,3652.886,"Apple_Sherbet",R,26,73,126,0.224,2.548,0.414,2.088,-36.805,1,0,135.57,-200,-9.096,0,0,0,3,6,L,"horisen",174.5,95,0.447,0,59,0,0,0,0,0,0,0,0,0,0,0,0,0,0,0,0,0.348,-37.439,0,"HalF_HearteD",-0.068,-16.9,0,"하루（Haru）",-19.559,-44.121,0,"장덕춘_",-13.947,-64.264,0,"HANA_ARASHI",23.471,-50.13,0,"Pugeuk",12.009,-64.577,0,"Azuner",40.864,-87.563,0,"magimari",-1.181,-102.188,0,"卯月満開",-36.66,-86.01,0,0,0,0,0,0,"",0,0,0,0,0,0,0,0,0,0
72,4,1,0,1,1,2,1,0,0,0,255,255,255,37,3672.824,"Apple_Sherbet",R,26,92,140,0.216,-1.022,0.323,1.713,-36.37,0,0,183.967,-200,64.623,0,0,0,3,6,L,"horisen",174.5,95,0.447,0,59,0,0,0,0,0,0,0,0,0,0,0,0,0,0,0,0,0.402,-37.285,0,"HalF_HearteD",0.219,-16.78,0,"하루（Haru）",-19.402,-44.886,0,"장덕춘_",-13.723,-64.02,0,"HANA_ARASHI",23.382,-49.86,0,"Pugeuk",10.286,-63.277,0,"Azuner",40.893,-87.572,0,"magimari",-1.235,-102.238,0,"卯月満開",-36.262,-88.025,0,0,0,0,0,0,"",0,0,0,0,0,0,0,0,0,0
73,4,1,0,1,0,0,2,0,0,0,255,255,255,38,3702.922,"Apple_Sherbet",R,13,63,94,1.794,-0.094,0.748,1.944,-36.715,1,0,-290.729,366.407,8.351,0,0,0,4,3,L,"甲斐野柊太",174.9,80,0.2,0,59,0,0,0,0,0,0,0,0,0,0,0,0,0,0,0,0,0.316,-37.382,0,"HalF_HearteD",0.114,-16.944,0,"하루（Haru）",-19.103,-42.434,0,"장덕춘_",-14.042,-64.145,0,"HANA_ARASHI",20.169,-45.5,0,"Pugeuk",10.926,-62.272,0,"Azuner",41.71,-87.249,0,"magimari",-0.278,-100.714,0,"卯月満開",-36.776,-92.391,0,0,0,0,0,0,"",0,0,0,0,0,0,0,0,0,0
74,4,1,0,1,1,0,2,0,0,0,255,255,255,39,3724.334,"Apple_Sherbet",R,26,79,129,-0.709,1.485,0.319,1.92,-36.411,2,0,177.219,-200,-3.244,0,0,1,4,3,L,"甲斐野柊太",174.9,80,0.2,3,59,3725.473,228,5,96,80,25,150,127,27.046,-27.544,0.34,-0.016,-0.024,0.272,0,0.138,0.025,-36.823,0,"HalF_HearteD",-0.04,-17.044,0,"하루（Haru）",-18.78,-45.449,0,"장덕춘_",-13.971,-64.177,0,"HANA_ARASHI",17.982,-42.884,0,"Pugeuk",11.122,-62.421,0,"Azuner",41.997,-86.665,0,"magimari",-0.423,-100.939,0,"卯月満開",-35.26,-93.496,0,3730.876,71.545,-110.146,0,0,"",0,0,0,0,0,0,0,0,0,4
75,4,1,1,1,0,0,2,0,0,0,255,255,255,40,3768.564,"Apple_Sherbet",R,10,62,94,0.667,-0.009,0.442,2.055,-36.748,0,0,114.084,400,-26.293,0.063,-16.973,1,5,1,R,"あおいぬ",190,84.682,0.43,0,59,0,0,0,0,0,0,0,0,0,0,0,0,0,0,0,0,0.132,-37.111,0,"HalF_HearteD",-0.014,-16.619,0,"하루（Haru）",-19.642,-45.685,0,"장덕춘_",-11.775,-63.56,0,"HANA_ARASHI",23.092,-49.13,0,"Pugeuk",9.885,-65.518,0,"Azuner",37.092,-89.544,0,"magimari",-0.791,-105.746,0,"卯月満開",-37.037,-98.793,0,0,0,0,0,0,"",0,0,0,0,0,0,0,0,0,0
76,4,1,1,1,0,1,2,0,0,0,255,255,255,41,3784.957,"Apple_Sherbet",R,32,88,140,-2.417,-1.007,0.256,1.687,-36.285,1,0,250,-200,48.897,0,0,0,5,1,R,"あおいぬ",190,84.682,0.43,0,59,0,0,0,0,0,0,0,0,0,0,0,0,0,0,0,0,0.275,-37.295,0,"HalF_HearteD",-0.082,-16.508,0,"하루（Haru）",-19.478,-44.45,0,"장덕춘_",-13.229,-64.165,0,"HANA_ARASHI",23.131,-50.029,0,"Pugeuk",9.848,-65.646,0,"Azuner",37.107,-89.495,0,"magimari",-0.777,-105.73,0,"卯月満開",-37.994,-98.896,0,0,0,0,0,0,"",0,0,0,0,0,0,0,0,0,0
77,4,1,1,1,1,1,2,0,0,0,255,255,255,42,3797.934,"Apple_Sherbet",R,26,92,140,-0.816,-0.345,0.416,1.814,-36.455,0,0,170.632,-200,29.774,0,0,0,5,1,R,"あおいぬ",190,84.682,0.43,0,59,0,0,0,0,0,0,0,0,0,0,0,0,0,0,0,0,0.184,-37.385,0,"HalF_HearteD",-0.234,-16.625,0,"하루（Haru）",-20.012,-45.205,0,"장덕춘_",-14.003,-64.558,0,"HANA_ARASHI",22.719,-50.859,0,"Pugeuk",9.871,-65.703,0,"Azuner",36.977,-89.48,0,"magimari",-0.773,-105.771,0,"卯月満開",-36.377,-98.581,0,0,0,0,0,0,"",0,0,0,0,0,0,0,0,0,0
78,4,1,1,1,1,2,2,0,0,0,255,255,255,43,3812.508,"Apple_Sherbet",R,3,69,98,-1.297,-0.153,0.675,1.893,-36.734,0,0,-445.455,0,5.207,0,0,1,5,1,R,"あおいぬ",190,84.682,0.43,0,59,0,0,0,0,0,0,0,0,0,0,0,0,0,0,0,0,0.204,-37.261,0,"HalF_HearteD",-0.439,-16.711,0,"하루（Haru）",-19.628,-45.138,0,"장덕춘_",-13.876,-64.604,0,"HANA_ARASHI",23.661,-50.376,0,"Pugeuk",9.289,-64.805,0,"Azuner",37.401,-89.149,0,"magimari",-0.771,-105.749,0,"卯月満開",-36.786,-98.878,0,0,0,0,0,0,"",0,0,0,0,0,0,0,0,0,0
79,4,0,1,1,0,0,0,0,0,0,255,255,255,34,3858.433,"-Alta-",L,34,80,131,1.911,0.21,-0.371,1.571,-36.164,2,0,-91.625,-38.393,-8.791,0,0,1,2,0,R,"Apple_Sherbet",190,86.926,0.301,3,59,3859.336,255,23,102,0,21,136,130,-1.885,-8.469,0.43,-0.053,-0.036,0.352,0,1.076,-0.217,-36.823,0,"あおいぬ",0.048,-16.993,0,"P0TA0",-20.422,-44.636,87,"甲斐野柊太",-14.379,-64.298,0,"Kenomo",19.219,-45.813,0,"shimenawa",14.699,-62.764,107,"horisen",41.411,-97.07,0,"紅さかな",0.426,-121.077,0,"Pizzallaris",-46.728,-99.157,0,3860.042,3.546,-41.542,3861.176,-1,"썬써니_",8.383,-63.94,0,0,0,0,0,0,0,2
80,4,0,1,1,0,0,1,0,0,0,255,255,255,35,3884.425,"-Alta-",L,33,84,137,2.287,0.281,-0.329,1.584,-36.233,1,0,-122.504,-47.658,-12.302,0,0,0,3,4,R,"HANA_ARASHI",190,86.084,0.253,0,59,0,0,0,0,0,0,0,0,0,0,0,0,0,0,0,0,-0.489,-36.711,0,"あおいぬ",-0.047,-16.85,0,"P0TA0",-19.831,-44.376,0,"甲斐野柊太",-13.521,-64.778,0,"Kenomo",16.623,-43.359,0,"shimenawa",14.626,-63.313,0,"horisen",40.509,-98.625,0,"紅さかな",0.386,-121.222,0,"Pizzallaris",-49.575,-100.275,0,0,0,0,0,0,"",0,0,0,0,0,0,0,0,0,0
81,4,0,1,1,1,0,1,0,0,0,255,255,255,36,3902.262,"-Alta-",L,34,82,134,1.43,0.42,-0.421,1.613,-36.27,2,0,-76.31,-37.542,-8.835,0,0,1,3,4,R,"HANA_ARASHI",190,86.084,0.253,3,59,3903.225,251,11,167,130,16,150,104,37.412,30.82,-0.14,0.002,-0.086,0.259,0,0.724,-0.289,-36.654,0,"あおいぬ",0.046,-16.977,0,"P0TA0",-19.816,-44.268,0,"甲斐野柊太",-13.735,-64.492,107,"Kenomo",16.59,-43.256,0,"shimenawa",15.334,-63.119,0,"horisen",40.522,-98.626,0,"紅さかな",0.426,-121.247,0,"Pizzallaris",-47.223,-102.995,82,3908.109,-43.702,-91.38,3908.659,-1,"썬써니_",-43.052,-90.001,0,0,0,0,0,0,0,1
82,4,0,1,1,0,0,2,0,0,0,255,255,255,37,3926.92,"-Alta-",L,34,79,130,-1.798,0.808,-0.713,1.662,-36.265,1,0,-99.127,-67.508,-14.168,0,0,0,4,6,L,"Azuner",179.7,85.116,0.348,0,59,0,0,0,0,0,0,0,0,0,0,0,0,0,0,0,0,-0.27,-36.565,0,"あおいぬ",-0.067,-16.952,0,"P0TA0",-19.825,-44.453,0,"甲斐野柊太",-13.088,-64.954,0,"Kenomo",17.236,-44.624,0,"shimenawa",14.127,-63.666,0,"horisen",40.969,-92.604,0,"紅さかな",3.628,-121.272,0,"Pizzallaris",-41.312,-90.628,0,0,0,0,0,0,"",0,0,0,0,0,0,0,0,0,0
83,4,0,1,1,1,0,2,0,0,0,255,255,255,38,3942.514,"-Alta-",L,10,82,124,1.533,-0.961,-0.434,1.505,-36.262,4,0,0,400,-23.666,0,0,1,4,6,L,"Azuner",179.7,85.116,0.348,0,59,0,0,0,0,0,0,0,0,0,0,0,0,0,0,0,0,-0.032,-37.109,0,"あおいぬ",0.015,-16.891,0,"P0TA0",-19.886,-44.462,0,"甲斐野柊太",-13.195,-64.823,0,"Kenomo",17.22,-44.628,0,"shimenawa",13.853,-63.307,0,"horisen",41.016,-92.529,0,"紅さかな",3.852,-121.478,0,"Pizzallaris",-41.643,-91.908,0,0,0,0,0,0,"",0,0,0,0,0,0,0,0,0,0
84,4,0,1,1,1,1,2,0,0,0,255,255,255,39,3956.458,"-Alta-",L,34,82,135,0.28,0.583,-0.523,1.63,-36.197,0,0,-93.662,-45.261,-10.048,0,0,0,4,6,L,"Azuner",179.7,85.116,0.348,0,59,0,0,0,0,0,0,0,0,0,0,0,0,0,0,0,0,-0.482,-36.882,0,"あおいぬ",0.039,-17.008,0,"P0TA0",-19.845,-44.379,0,"甲斐野柊太",-13.207,-64.73,0,"Kenomo",17.28,-44.689,0,"shimenawa",14.311,-63.113,0,"horisen",42.389,-93.749,0,"紅さかな",0.998,-121.938,0,"Pizzallaris",-41.671,-91.905,0,0,0,0,0,0,"",0,0,0,0,0,0,0,0,0,0
85,4,0,1,1,1,2,2,0,0,0,255,255,255,40,3972.733,"-Alta-",L,33,83,136,3.172,-0.536,-0.243,1.439,-36.189,1,0,-134.496,-35.89,-16.875,0,0,0,4,6,L,"Azuner",179.7,85.116,0.348,0,59,0,0,0,0,0,0,0,0,0,0,0,0,0,0,0,0,-0.038,-37.437,0,"あおいぬ",0.027,-16.871,0,"P0TA0",-19.845,-44.412,0,"甲斐野柊太",-13.484,-64.736,0,"Kenomo",18.152,-44.559,0,"shimenawa",13.84,-63.001,0,"horisen",42.603,-94.173,0,"紅さかな",2.088,-121.63,0,"Pizzallaris",-41.665,-91.888,0,0,0,0,0,0,"",0,0,0,0,0,0,0,0,0,0
86,4,0,1,1,2,2,2,0,0,0,255,255,255,41,3987.733,"-Alta-",L,13,83,124,1.053,-0.979,-0.532,1.505,-36.357,2,0,160.833,400,-20.852,0.366,-19.645,1,4,6,L,"Azuner",179.7,85.116,0.348,3,59,3988.931,221,14,77,46,25,143,125,-30,-10.855,0.73,-0.045,-0.063,0.233,0,0.126,-0.185,-36.974,0,"あおいぬ",0.069,-17.036,0,"P0TA0",-19.83,-44.392,0,"甲斐野柊太",-13.177,-65.019,0,"Kenomo",18.802,-46.311,0,"shimenawa",15.429,-62.95,76,"horisen",42.135,-96.957,0,"紅さかな",1.877,-117.771,0,"Pizzallaris",-41.972,-93.011,0,3990.326,5.274,-58.138,3993.476,-1,"썬써니_",12.595,-112.063,1,0,0,0,0,0,0,2
87,4,0,1,1,0,0,2,1,0,0,15,255,255,42,4013.716,"-Alta-",L,28,70,124,2.035,0.253,-0.37,1.563,-36.151,1,0,-54.88,-57.614,-1.613,0,0,0,5,8,R,"卯月満開",171,90,0.2,0,59,0,0,0,0,0,0,0,0,0,0,0,0,0,0,0,0,-0.181,-36.952,0,"あおいぬ",-0.05,-16.789,0,"P0TA0",-19.691,-41.263,0,"甲斐野柊太",-12.435,-64.354,0,"Kenomo",16.822,-43.086,0,"shimenawa",0.709,-57.531,0,"horisen",41.409,-97.134,0,"紅さかな",1.667,-119.684,0,"Pizzallaris",-41.923,-93.552,0,0,0,0,0,0,"",0,0,0,0,0,0,0,0,0,0
88,4,0,1,1,1,0,2,1,0,0,15,255,255,43,4029.204,"-Alta-",L,34,71,125,1.17,0.553,-0.45,1.616,-36.064,2,0,-55.157,-34.873,-8.344,0,0,1,5,8,R,"卯月満開",171,90,0.2,2,59,4030.182,255,22,163,112,60,150,81,8.425,9.07,-0.94,-0.064,-0.09,0.251,0,0.326,-0.383,-36.458,0,"あおいぬ",0.031,-16.945,0,"P0TA0",-19.875,-41.704,0,"甲斐野柊太",-13.797,-64.581,0,"Kenomo",16.858,-43.041,0,"shimenawa",10.058,-61.861,82,"horisen",41.424,-97.134,0,"紅さかな",0.187,-119.001,88,"Pizzallaris",-41.661,-94.112,0,4032.159,-2.053,-55.457,4036.292,-1,"썬써니_",0.186,-100.22,1,0,0,0,0,0,0,2
89,4,0,1,1,0,0,2,1,1,0,255,15,255,44,4059.598,"-Alta-",L,25,49,90,-1.877,-1.037,-0.744,1.379,-36.384,1,0,-123.086,93.866,-11.145,0,0,0,6,7,R,"magimari",170.1,80,0.454,0,59,0,0,0,0,0,0,0,0,0,0,0,0,0,0,0,0,-0.588,-36.857,0,"あおいぬ",-0.1,-16.964,0,"P0TA0",-19.583,-41.448,0,"甲斐野柊太",-12.467,-64.807,0,"Kenomo",16.381,-43.352,0,"shimenawa",6.521,-62.138,0,"horisen",40.676,-96.786,0,"紅さかな",0.105,-118.329,0,"Pizzallaris",-40.376,-92.29,0,0,0,0,0,0,"",0,0,0,0,0,0,0,0,0,0
90,4,0,1,1,1,0,2,1,1,0,255,15,255,45,4076.789,"-Alta-",L,34,79,130,1.389,1.199,-0.421,1.708,-36.235,2,0,-85.679,-65.389,-11.048,0,0,1,6,7,R,"magimari",170.1,80,0.454,3,59,4077.907,249,8,91,64,36,150,126,-12.618,-22.682,0.64,-0.004,-0.014,0.091,0,0.387,-0.077,-36.864,0,"あおいぬ",0.03,-16.952,0,"P0TA0",-19.388,-40.869,0,"甲斐野柊太",-13.597,-64.815,85,"Kenomo",16.411,-43.303,0,"shimenawa",11.717,-62.588,0,"horisen",40.227,-95.932,90,"紅さかな",-1.158,-118.806,0,"Pizzallaris",-40.348,-92.31,0,4078.109,2.333,-23.645,4081.276,-1,"썬써니_",32.092,-91.101,1,0,0,0,0,0,0,2
91,4,0,1,1,0,0,2,1,1,1,16,17,15,46,4107.796,"-Alta-",L,10,71,115,0.803,-0.132,-0.502,1.674,-36.378,0,0,0,400,-27.51,0,0,0,7,1,R,"HalF_HearteD",160,80,0.403,0,59,0,0,0,0,0,0,0,0,0,0,0,0,0,0,0,0,-0.235,-36.697,0,"あおいぬ",0.044,-16.943,0,"P0TA0",-19.628,-41.028,0,"甲斐野柊太",-12.768,-65.133,0,"Kenomo",18.313,-42.88,0,"shimenawa",12.65,-63.62,0,"horisen",36.455,-91.09,0,"紅さかな",0.934,-116.254,0,"Pizzallaris",-39.716,-90.766,0,0,0,0,0,0,"",0,0,0,0,0,0,0,0,0,0
92,4,0,1,1,0,1,2,1,1,1,16,17,15,47,4122.408,"-Alta-",L,33,75,127,1.369,0.461,-0.472,1.704,-36.222,2,0,-114.683,-66.332,-11.025,0,0,1,7,1,R,"HalF_HearteD",160,80,0.403,3,59,4123.401,213,14,51,43,23,137,77,15.648,7.79,-0.76,0.04,0,0.184,0,0.333,0.318,-37.278,0,"あおいぬ",0.024,-17.024,0,"P0TA0",-19.894,-44.471,0,"甲斐野柊太",-12.693,-65.185,0,"Kenomo",18.59,-43.083,0,"shimenawa",13.873,-64.111,0,"horisen",44.405,-92.082,0,"紅さかな",0.468,-118.582,0,"Pizzallaris",-41.875,-98.504,0,0,0,0,4127.143,-1,"썬써니_",-8.446,-68.513,0,0,0,0,0,0,0,1
93,5,1,1,1,0,0,0,0,0,0,255,255,255,44,4310.708,"Apple_Sherbet",R,32,80,132,0.714,0.546,0.34,1.785,-36.336,0,0,225.071,-200,14.638,0,0,0,6,2,R,"P0TA0",190,95.63,0.653,0,48,0,0,0,0,0,0,0,0,0,0,0,0,0,0,0,0,0.34,-37.303,0,"HalF_HearteD",0.095,-16.711,0,"하루（Haru）",-20.495,-46.367,0,"장덕춘_",-13.581,-64.78,0,"HANA_ARASHI",23.121,-51.842,0,"Pugeuk",9.841,-65.565,0,"Azuner",35.859,-87.052,0,"magimari",-0.408,-96.024,0,"卯月満開",-37.546,-94.069,0,0,0,0,0,0,"",0,0,0,0,0,0,0,0,0,0
94,5,1,1,1,0,1,0,0,0,0,255,255,255,45,4326.596,"Apple_Sherbet",R,32,92,140,1.601,0.345,0.422,1.75,-36.379,2,0,250,-200,30.801,0,0,1,6,2,R,"P0TA0",190,95.63,0.653,3,48,4327.477,204,12,84,62,22,150,107,5.342,6.75,-0.02,-0.011,-0.012,0.222,0,0.113,0.198,-36.717,0,"HalF_HearteD",0.04,-16.982,0,"하루（Haru）",-20.563,-47.979,87,"장덕춘_",-13.957,-64.449,0,"HANA_ARASHI",23.5,-52.147,0,"Pugeuk",9.776,-65.472,0,"Azuner",35.954,-87.055,0,"magimari",-0.38,-96.138,0,"卯月満開",-36.893,-94.586,0,4329.192,-9.111,-61.166,4329.909,-1,"썬써니_",-9.371,-63.435,0,0,0,0,0,0,0,2
95,5,1,1,1,0,0,1,0,0,0,255,255,255,46,4356.67,"Apple_Sherbet",R,26,88,140,-0.564,-1.392,0.345,1.612,-36.334,1,0,150.166,-200,11.163,0,0,0,7,4,R,"Kenomo",190,80,0.469,0,59,0,0,0,0,0,0,0,0,0,0,0,0,0,0,0,0,0.262,-37.505,0,"HalF_HearteD",0.081,-16.783,0,"하루（Haru）",-20.996,-45.932,0,"장덕춘_",-14.246,-64.45,0,"HANA_ARASHI",22.658,-49.049,0,"Pugeuk",9.592,-65.338,0,"Azuner",36.807,-87.958,0,"magimari",-1.523,-102.833,0,"卯月満開",-39.741,-91.515,0,0,0,0,0,0,"",0,0,0,0,0,0,0,0,0,0
96,5,1,1,1,1,0,1,0,0,0,255,255,255,47,4375.518,"Apple_Sherbet",R,13,69,99,-0.876,-1.208,0.437,1.749,-36.42,2,0,-258.291,400,20.684,0,0,1,7,4,R,"Kenomo",190,80,0.469,3,59,4376.751,143,12,95,84,103,148,96,-30,-31.261,0.94,-0.064,-0.16,0.02,0.19,0.172,-0.037,-36.922,0,"HalF_HearteD",0.007,-16.862,0,"하루（Haru）",-19.552,-46.932,85,"장덕춘_",-13.988,-64.354,0,"HANA_ARASHI",23.502,-49.897,120,"Pugeuk",9.751,-65.186,0,"Azuner",36.876,-88.279,0,"magimari",-1.618,-103.491,0,"卯月満開",-38.965,-90.185,0,4376.876,0.21,-21.121,4379.026,-1,"썬써니_",20.755,-47.862,0,0,0,0,0,0,0,2
97,5,1,1,1,0,0,2,0,0,0,255,255,255,48,4405.377,"Apple_Sherbet",R,32,93,140,-0.791,-1.11,0.345,1.716,-36.399,0,0,250,-200,31.604,0,0,0,8,8,R,"Pizzallaris",165.8,88.152,0.346,0,59,0,0,0,0,0,0,0,0,0,0,0,0,0,0,0,0,0.211,-37.474,0,"HalF_HearteD",0.017,-16.639,0,"하루（Haru）",-20.817,-45.427,0,"장덕춘_",-14.366,-64.268,0,"HANA_ARASHI",23.478,-49.246,0,"Pugeuk",10.444,-65.14,0,"Azuner",37.592,-86.983,0,"magimari",-1.486,-101.297,0,"卯月満開",-37.658,-89.211,0,0,0,0,0,0,"",0,0,0,0,0,0,0,0,0,0
98,5,1,1,1,0,1,2,0,0,0,255,255,255,49,4422.494,"Apple_Sherbet",R,10,79,110,-1.292,-2.229,0.305,1.62,-36.312,4,0,0,317.405,10.156,-0.278,-19.267,1,8,8,R,"Pizzallaris",165.8,88.152,0.346,0,59,0,0,0,0,0,0,0,0,0,0,0,0,0,0,0,0,0.412,-37.472,0,"HalF_HearteD",-0.387,-16.666,0,"하루（Haru）",-20.462,-45.393,0,"장덕춘_",-14.047,-64.492,0,"HANA_ARASHI",23.236,-51,0,"Pugeuk",10.519,-65.274,0,"Azuner",37.471,-87.031,0,"magimari",-1.502,-101.277,0,"卯月満開",-37.315,-87.528,0,0,0,0,0,0,"",0,0,0,0,0,0,0,0,0,0
99,5,1,1,1,0,2,2,0,0,0,255,255,255,50,4438.29,"Apple_Sherbet",R,26,83,136,-0.36,0.369,0.369,1.735,-36.329,0,0,-55.248,-200,-13.065,0,0,0,8,8,R,"Pizzallaris",165.8,88.152,0.346,0,59,0,0,0,0,0,0,0,0,0,0,0,0,0,0,0,0,0.294,-37.364,0,"HalF_HearteD",0.059,-16.516,0,"하루（Haru）",-20.013,-44.808,0,"장덕춘_",-13.965,-64.489,0,"HANA_ARASHI",23.27,-50.285,0,"Pugeuk",10.566,-64.121,0,"Azuner",37.578,-87.025,0,"magimari",-1.494,-102.236,0,"卯月満開",-38.667,-84.355,0,0,0,0,0,0,"",0,0,0,0,0,0,0,0,0,0
100,5,0,1,1,0,0,0,0,0,0,255,255,255,48,4528.755,"-Alta-",L,13,85,124,1.745,-1.734,-0.515,1.417,-36.287,1,0,309.25,392.893,-19.905,0.649,-17.586,0,8,3,R,"장덕춘_",165,94.644,0.8,0,59,0,0,0,0,0,0,0,0,0,0,0,0,0,0,0,0,-0.288,-37.124,0,"あおいぬ",0.089,-17.003,0,"P0TA0",-20.202,-44.826,0,"甲斐野柊太",-12.558,-64.953,0,"Kenomo",19.773,-45.62,0,"shimenawa",14.823,-62.627,0,"horisen",41.244,-98.223,0,"紅さかな",0.584,-121.872,0,"Pizzallaris",-40.696,-98.401,0,0,0,0,0,0,"",0,0,0,0,0,0,0,0,0,0
101,5,0,1,1,1,0,0,0,0,0,255,255,255,49,4545.199,"-Alta-",L,34,83,135,1.717,0.444,-0.396,1.596,-36.169,2,0,-72.359,-29.106,-9.241,0,0,1,8,3,R,"장덕춘_",165,94.644,0.8,3,59,4546.058,179,22,69,107,73,145,81,56.055,35.744,-0.84,-0.053,-0.006,0.053,0,0.211,-0.553,-36.583,0,"あおいぬ",0.038,-17.012,0,"P0TA0",-20.229,-44.746,0,"甲斐野柊太",-12.588,-64.968,98,"Kenomo",17.743,-44.163,0,"shimenawa",15.682,-62.838,0,"horisen",41.377,-99.669,0,"紅さかな",0.493,-120.528,0,"Pizzallaris",-40.694,-98.101,0,4551.476,-28.319,-63.526,4552.026,-1,"썬써니_",-27.679,-62.531,0,0,0,0,0,0,0,1
102,5,0,1,1,0,0,1,0,0,0,255,255,255,50,4572.487,"-Alta-",L,33,78,129,-0.14,0.805,-0.558,1.649,-36.284,2,0,-102.018,-53.168,-9.483,0,0,1,0,5,R,"Pugeuk",169.8,86.326,0.404,3,59,4573.464,238,8,117,49,23,150,124,26.084,-23.835,0.48,0.077,0.073,0.392,0,0.766,-0.436,-36.649,0,"あおいぬ",0.029,-16.901,0,"P0TA0",-20.476,-44.398,0,"甲斐野柊太",-14.703,-64.183,0,"Kenomo",18.753,-44.724,0,"shimenawa",14.397,-63.924,0,"horisen",41.917,-98.639,0,"紅さかな",-0.076,-119.376,0,"Pizzallaris",-40.497,-94.936,0,4579.093,47.475,-127.321,0,0,"",0,0,0,0,0,0,0,0,0,4
103,5,0,1,2,0,0,1,0,0,0,255,255,255,51,4615.405,"-Alta-",L,34,85,139,0.241,-0.718,-0.54,1.395,-36.138,2,0,-50.609,-37.203,-1.987,0,0,1,1,2,R,"하루（Haru）",190,85,0.553,2,59,4616.49,219,15,98,61,53,150,130,-17.726,-32.253,0.31,-0.057,-0.036,0.124,0.048,0.379,-0.423,-36.505,0,"あおいぬ",0,-16.927,0,"P0TA0",-20.156,-44.418,89,"甲斐野柊太",-15.7,-63.204,0,"Kenomo",18.691,-44.075,118,"shimenawa",12.323,-64.099,0,"horisen",41.438,-98.406,0,"紅さかな",-0.083,-120.716,0,"Pizzallaris",-40.72,-95.135,0,4616.626,1.309,-21.513,4618.242,-1,"썬써니_",16.081,-44.138,0,0,0,0,0,0,0,2
104,5,0,1,2,0,0,2,0,0,0,255,255,255,52,4638.521,"-Alta-",L,34,81,133,1.221,0.253,-0.435,1.58,-36.148,2,0,-94.272,-42.706,-8.053,0,0,1,2,0,R,"Apple_Sherbet",190,86.926,0.301,3,59,4639.42,255,16,255,0,14,150,103,98.084,-76.991,-0.22,-0.052,-0.044,0.363,0,1.157,-0.266,-36.459,0,"あおいぬ",0.079,-16.98,0,"P0TA0",-19.905,-44.042,0,"甲斐野柊太",-13.29,-64.793,0,"Kenomo",18.115,-43.563,0,"shimenawa",15.359,-63.45,0,"horisen",41.9,-96.46,0,"紅さかな",1.573,-120.448,0,"Pizzallaris",-51.484,-105.674,0,0,0,0,0,0,"",0,0,0,0,0,0,0,0,0,3
105,5,0,1,2,0,1,2,0,0,0,255,255,255,53,4654.31,"-Alta-",L,32,74,126,-1.948,-0.913,-0.702,1.32,-36.071,4,0,-180.532,-163.091,-8.407,0,0,1,2,0,R,"Apple_Sherbet",190,86.926,0.301,0,59,0,0,0,0,0,0,0,0,0,0,0,0,0,0,0,0,-0.265,-36.45,0,"あおいぬ",-0.104,-16.744,0,"P0TA0",-20.063,-44.493,0,"甲斐野柊太",-13.366,-64.687,0,"Kenomo",18.068,-43.297,0,"shimenawa",12.949,-63.783,0,"horisen",41.879,-96.536,0,"紅さかな",0.958,-121.698,0,"Pizzallaris",-49.643,-107.022,0,0,0,0,0,0,"",0,0,0,0,0,0,0,0,0,0
106,5,0,1,2,0,2,2,0,0,0,255,255,255,54,4671.043,"-Alta-",L,33,78,129,-3.154,1.051,-0.833,1.721,-36.409,1,0,-114.499,-86.267,-4.432,0,0,0,2,0,R,"Apple_Sherbet",190,86.926,0.301,0,59,0,0,0,0,0,0,0,0,0,0,0,0,0,0,0,0,-0.379,-36.593,0,"あおいぬ",-0.162,-16.767,0,"P0TA0",-20.073,-44.516,0,"甲斐野柊太",-13.385,-64.769,0,"Kenomo",18.051,-43.287,0,"shimenawa",13.538,-63.424,0,"horisen",41.775,-98.42,0,"紅さかな",1.265,-121.696,0,"Pizzallaris",-49.632,-107.021,0,0,0,0,0,0,"",0,0,0,0,0,0,0,0,0,0
107,5,0,1,2,1,2,2,0,0,0,255,255,255,55,4686.47,"-Alta-",L,33,80,131,-1.343,-0.172,-0.659,1.492,-36.146,2,0,-148.092,-54.939,-7.875,0,0,1,2,0,R,"Apple_Sherbet",190,86.926,0.301,3,59,4687.31,255,22,204,35,18,150,112,25.403,-27.305,0.86,-0.022,-0.067,0.24,0,1.074,0.006,-36.575,0,"あおいぬ",0.018,-16.897,0,"P0TA0",-20.076,-44.41,0,"甲斐野柊太",-13.382,-64.728,89,"Kenomo",18.027,-43.264,0,"shimenawa",14.355,-62.89,0,"horisen",41.416,-98.689,0,"紅さかな",1.428,-121.738,91,"Pizzallaris",-49.78,-106.407,0,4691.826,26.707,-110.314,4694.676,-1,"썬써니_",24.352,-127.169,1,0,0,0,0,0,0,2
108,5,0,1,2,0,0,2,0,1,0,255,9,255,56,4719.04,"-Alta-",L,34,71,124,2.792,0.306,-0.285,1.597,-36.194,2,0,-53.693,-51.837,-5.016,0,0,1,3,4,R,"HANA_ARASHI",190,86.084,0.253,2,59,4720.012,184,12,132,69,0,150,89,40.687,-36.951,-0.88,0.003,-0.09,0.192,0,0.713,-0.02,-37.119,0,"あおいぬ",0.05,-16.884,0,"P0TA0",-20.077,-44.425,0,"甲斐野柊太",-13.664,-64.788,107,"Kenomo",17.955,-42.602,112,"shimenawa",12.426,-62.727,0,"horisen",41.149,-98.113,102,"紅さかな",1.069,-118.714,0,"Pizzallaris",-40.081,-97.926,0,4724.926,47.861,-71.095,4726.476,-1,"썬써니_",52.42,-81.53,1,0,0,0,0,0,0,2
109,5,0,1,3,0,0,2,0,1,0,255,13,255,57,4755.57,"-Alta-",L,10,78,119,0.35,-1.238,-0.544,1.466,-36.281,1,0,0,400,-19.56,0,0,0,4,6,L,"Azuner",179.7,85.116,0.348,0,59,0,0,0,0,0,0,0,0,0,0,0,0,0,0,0,0,-0.349,-36.537,0,"あおいぬ",0.019,-16.909,0,"P0TA0",-19.771,-44.393,0,"甲斐野柊太",-10.534,-65.406,0,"Kenomo",18.744,-43.013,0,"shimenawa",11.84,-63.671,0,"horisen",43.619,-98.6,0,"紅さかな",3.44,-121.374,0,"Pizzallaris",-40.53,-98.718,0,0,0,0,0,0,"",0,0,0,0,0,0,0,0,0,0
110,5,0,1,3,1,0,2,0,1,0,255,13,255,58,4771.962,"-Alta-",L,34,74,127,-0.237,1.094,-0.575,1.712,-36.173,2,0,-76.887,-62.546,-8.353,0,0,1,4,6,L,"Azuner",179.7,85.116,0.348,3,59,4773.048,219,20,78,64,49,150,99,-86.011,-79.781,-0.12,-0.109,-0.002,0.206,0,0.169,-0.321,-36.487,0,"あおいぬ",-0.003,-17.008,0,"P0TA0",-19.795,-44.338,0,"甲斐野柊太",-12.166,-65.066,0,"Kenomo",18.716,-42.989,0,"shimenawa",15.223,-63.731,0,"horisen",42.231,-96.925,0,"紅さかな",2.286,-120.996,0,"Pizzallaris",-40.569,-98.723,0,4773.109,0.455,-20.016,0,0,"",0,0,0,0,0,0,0,0,0,3
111,5,0,1,3,1,1,2,0,1,0,255,13,255,59,4790.404,"-Alta-",L,34,77,128,-1.458,0.474,-0.693,1.609,-36.164,2,0,-61.163,-49.272,-1.664,0,0,1,4,6,L,"Azuner",179.7,85.116,0.348,3,90,4791.487,185,12,67,44,32,140,84,49.83,14.078,-0.82,-0.048,-0.031,0.17,0,0.043,-0.438,-36.358,0,"あおいぬ",-0.025,-17.011,0,"P0TA0",-20.274,-44.69,0,"甲斐野柊太",-11.552,-65.59,0,"Kenomo",18.886,-43.333,0,"shimenawa",14.027,-64.128,0,"horisen",43.326,-96.881,0,"紅さかな",1.934,-120.77,0,"Pizzallaris",-41.244,-99.156,0,0,0,0,4797.259,-1,"썬써니_",-15.962,-70.586,0,0,0,0,0,0,0,1
112,6,1,1,3,0,0,0,0,0,0,255,255,255,51,4844.425,"Apple_Sherbet",R,14,68,110,1.35,1.073,0.311,2.039,-36.591,0,0,390.434,312.348,-0.516,0,0,0,0,7,R,"紅さかな",172.5,87.576,0.452,0,59,0,0,0,0,0,0,0,0,0,0,0,0,0,0,0,0,0.305,-37.447,0,"HalF_HearteD",0.093,-16.647,0,"하루（Haru）",-19.763,-45.106,0,"장덕춘_",-13.725,-64.617,0,"HANA_ARASHI",23.421,-50.145,0,"Pugeuk",10.089,-64.675,0,"Azuner",35.889,-88.613,0,"magimari",-0.701,-106.82,0,"卯月満開",-40.784,-93.624,0,0,0,0,0,0,"",0,0,0,0,0,0,0,0,0,0
113,6,1,1,3,0,1,0,0,0,0,255,255,255,52,4864.328,"Apple_Sherbet",R,14,79,117,1.906,-2.061,0.379,1.597,-36.456,4,0,390.434,312.348,34.691,0.422,-19.103,1,0,7,R,"紅さかな",172.5,87.576,0.452,0,59,0,0,0,0,0,0,0,0,0,0,0,0,0,0,0,0,0.212,-37.566,0,"HalF_HearteD",0.081,-16.636,0,"하루（Haru）",-19.542,-44.855,0,"장덕춘_",-13.66,-64.687,0,"HANA_ARASHI",23.409,-50.688,0,"Pugeuk",8.084,-64.138,0,"Azuner",36.198,-88.391,0,"magimari",-1.35,-108.407,0,"卯月満開",-39.711,-95.304,0,0,0,0,0,0,"",0,0,0,0,0,0,0,0,0,0
114,6,1,1,3,0,2,0,0,0,0,255,255,255,53,4882.18,"Apple_Sherbet",R,13,68,98,-1.918,-0.851,0.505,1.842,-36.596,4,0,-334.611,330.056,-1.145,-0.677,-17.18,1,0,7,R,"紅さかな",172.5,87.576,0.452,0,59,0,0,0,0,0,0,0,0,0,0,0,0,0,0,0,0,0.199,-37.312,0,"HalF_HearteD",0.058,-16.628,0,"하루（Haru）",-19.259,-44.793,0,"장덕춘_",-13.681,-64.566,0,"HANA_ARASHI",23.827,-50.787,0,"Pugeuk",9.387,-65.983,0,"Azuner",36.054,-87.968,0,"magimari",-1.358,-108.464,0,"卯月満開",-40.528,-93.397,0,0,0,0,0,0,"",0,0,0,0,0,0,0,0,0,0
115,6,1,1,3,0,0,1,0,0,0,255,255,255,54,4913.451,"Apple_Sherbet",R,13,86,126,-0.983,-0.113,0.561,1.842,-36.627,2,0,-333.238,372.764,28.057,0,0,1,1,5,L,"shimenawa",174.9,95.407,0.2,3,59,4914.627,156,13,118,100,8,150,100,-47.403,42.774,-0.07,-0.045,-0.044,0.094,0.048,0.392,0.006,-36.879,0,"HalF_HearteD",-0.168,-16.905,0,"하루（Haru）",-19.41,-46.48,0,"장덕춘_",-13.591,-64.655,0,"HANA_ARASHI",23.569,-50.7,0,"Pugeuk",9.942,-64.977,0,"Azuner",44.855,-91.119,0,"magimari",-1.104,-103.456,0,"卯月満開",-36.367,-96.068,0,4914.709,-0.856,-19.615,4919.043,-1,"썬써니_",-19.507,-39.512,0,0,0,0,0,0,0,2
116,6,1,1,3,0,0,2,0,0,0,255,255,255,55,5173.394,"Apple_Sherbet",R,13,78,116,-1.609,0.122,0.533,1.885,-36.675,2,0,-377.198,328.21,22.193,0,0,1,2,0,L,"-Alta-",190.1,84,0.479,3,59,5174.446,185,9,103,73,49,150,98,0.218,-20.752,-0.44,0.087,-0.065,0.124,0,0.39,-0.019,-36.797,0,"HalF_HearteD",-0.099,-17.04,0,"하루（Haru）",-19.729,-46.92,0,"장덕춘_",-13.935,-64.536,0,"HANA_ARASHI",23.893,-52.06,0,"Pugeuk",11.842,-64.795,103,"Azuner",42.773,-89.625,0,"magimari",-2.58,-110.306,0,"卯月満開",-35.431,-87.741,0,5175.259,6.686,-38.145,5177.126,-1,"TaeGeuk_",13.986,-61.595,0,0,0,0,0,0,0,2
117,6,0,1,3,0,0,0,0,0,0,255,255,255,60,5238.851,"-Alta-",L,33,80,131,-0.773,0.562,-0.606,1.618,-36.339,0,0,-136.192,-35.925,-9.317,0,0,0,5,8,R,"卯月満開",171,90,0.2,0,59,0,0,0,0,0,0,0,0,0,0,0,0,0,0,0,0,-0.45,-36.78,0,"あおいぬ",-0.03,-16.877,0,"P0TA0",-20.074,-44.296,0,"甲斐野柊太",-14.272,-64.28,0,"Kenomo",17.363,-44.24,0,"shimenawa",14.821,-63.306,0,"horisen",41.453,-96.363,0,"紅さかな",0.384,-122.417,0,"Pizzallaris",-41.55,-93.568,0,0,0,0,0,0,"",0,0,0,0,0,0,0,0,0,0
118,6,0,1,3,0,1,0,0,0,0,255,255,255,61,5255.756,"-Alta-",L,32,78,129,-0.375,0.378,-0.563,1.594,-36.317,2,0,-155.447,-20.715,-7.83,0,0,1,5,8,R,"卯月満開",171,90,0.2,2,59,5256.656,255,29,122,98,47,150,82,53.399,46.035,-0.9,-0.086,-0.055,0.309,0,0.387,-0.35,-36.494,0,"あおいぬ",0.071,-16.987,0,"P0TA0",-19.99,-44.332,90,"甲斐野柊太",-14.078,-64.362,0,"Kenomo",17.408,-44.181,0,"shimenawa",15.042,-63.552,0,"horisen",41.42,-96.914,0,"紅さかな",0.329,-122.464,0,"Pizzallaris",-41.368,-93.358,96,5261.776,-38.763,-62.788,5263.81,7,"紅さかな",-44.929,-69.851,1,0,0,0,0,0,0,2
119,6,0,1,3,0,0,0,1,0,0,17,255,255,62,5286.977,"-Alta-",L,34,71,124,2.854,0.253,-0.293,1.555,-36.149,4,0,-99.558,-63.164,-10.032,0.404,-20.431,1,6,7,R,"magimari",170.1,80,0.454,0,59,0,0,0,0,0,0,0,0,0,0,0,0,0,0,0,0,-0.233,-36.435,0,"あおいぬ",-0.094,-17.83,0,"P0TA0",-19.257,-41.866,0,"甲斐野柊太",-10.875,-59.808,0,"Kenomo",16.931,-44.297,0,"shimenawa",9.471,-61.636,0,"horisen",41.706,-97.2,0,"紅さかな",2.268,-123.214,0,"Pizzallaris",-43.983,-99.401,0,0,0,0,0,0,"",0,0,0,0,0,0,0,0,0,0
120,6,0,1,3,0,1,0,1,0,0,17,255,255,63,5307.521,"-Alta-",L,33,84,138,2.744,-0.543,-0.283,1.445,-36.076,1,0,-135.817,-47.879,-11.898,0,0,0,6,7,R,"magimari",170.1,80,0.454,0,59,0,0,0,0,0,0,0,0,0,0,0,0,0,0,0,0,-0.169,-37.211,0,"あおいぬ",0.052,-16.878,0,"P0TA0",-19.562,-40.382,0,"甲斐野柊太",-11.03,-59.793,0,"Kenomo",16.933,-44.311,0,"shimenawa",8.316,-60.966,0,"horisen",40.834,-98.486,0,"紅さかな",0.832,-123.902,0,"Pizzallaris",-43.984,-99.398,0,0,0,0,0,0,"",0,0,0,0,0,0,0,0,0,0
121,6,0,1,3,1,1,0,1,0,0,17,255,255,64,5327.964,"-Alta-",L,33,76,128,-0.882,-0.63,-0.622,1.431,-36.098,2,0,-118.075,-42.24,-6.578,0,0,1,6,7,R,"magimari",170.1,80,0.454,3,59,5329.067,231,21,98,16,0,140,124,26.245,-21.312,0.62,-0.001,-0.025,0.21,0,0.478,-0.223,-36.573,108,"あおいぬ",-0.028,-16.963,0,"P0TA0",-19.409,-41.151,92,"甲斐野柊太",-11.306,-57.727,0,"Kenomo",16.501,-44.828,85,"shimenawa",13.161,-63.694,0,"horisen",42.014,-100.001,0,"紅さかな",1.012,-123.987,87,"Pizzallaris",-44.013,-98.662,0,5334.109,20.711,-126.941,5334.492,7,"紅さかな",20.694,-128.017,1,0,0,0,0,0,0,2
122,6,0,1,3,0,0,0,1,0,1,16,255,17,65,5384.822,"-Alta-",L,34,71,124,2.149,0.834,-0.353,1.628,-36.172,2,0,-77.7,-74.218,-6.037,0,0,1,7,1,R,"HalF_HearteD",160,80,0.503,3,59,5385.845,146,8,28,57,44,80,62,63.434,-14.482,-0.58,0.016,-0.006,0.082,0,0.318,-0.101,-36.752,0,"あおいぬ",0.048,-17.001,0,"P0TA0",-19.834,-42.205,0,"甲斐野柊太",-7.932,-54.598,0,"Kenomo",18.643,-40.331,0,"shimenawa",15.135,-63.451,0,"horisen",39.323,-93.209,0,"紅さかな",0.54,-114.903,0,"Pizzallaris",-39.728,-90.35,0,5390.876,7.142,-47.375,5391.026,4,"Kenomo",6.93,-46.537,0,0,0,0,0,0,0,1
123,6,0,1,3,0,0,1,1,0,1,16,255,17,66,5427.502,"-Alta-",L,32,73,126,0.975,-0.694,-0.417,1.428,-36.167,0,0,-218.042,-37.075,-17.074,0,0,0,8,3,R,"장덕춘_",165,94.644,0.8,0,59,0,0,0,0,0,0,0,0,0,0,0,0,0,0,0,0,-0.005,-37.746,0,"あおいぬ",0.311,-18.403,0,"P0TA0",-19.82,-40.746,0,"甲斐野柊太",-7.643,-59.46,0,"Kenomo",17.51,-40.893,0,"shimenawa",12.166,-62.971,0,"horisen",37.865,-92.715,0,"紅さかな",0.544,-111.589,0,"Pizzallaris",-40.25,-89.452,0,0,0,0,0,0,"",0,0,0,0,0,0,0,0,0,0
124,6,0,1,3,0,1,1,1,0,1,16,255,17,67,5445.484,"-Alta-",L,34,77,129,-3.149,1.709,-0.847,1.774,-36.298,1,0,-70.902,-53.938,-0.635,0,0,0,8,3,R,"장덕춘_",165,94.644,0.8,0,59,0,0,0,0,0,0,0,0,0,0,0,0,0,0,0,0,-0.363,-36.474,0,"あおいぬ",1.023,-18.866,0,"P0TA0",-20.023,-41.477,0,"甲斐野柊太",-7.631,-59.308,0,"Kenomo",17.285,-41.755,0,"shimenawa",10.502,-63.817,0,"horisen",40.586,-93.334,0,"紅さかな",-0.373,-111.163,0,"Pizzallaris",-40.026,-89.91,0,0,0,0,0,0,"",0,0,0,0,0,0,0,0,0,0
125,6,0,1,3,1,1,1,1,0,1,16,255,17,68,5464.091,"-Alta-",L,14,63,107,-2.033,-1.938,-0.629,1.395,-36.336,2,0,-352.011,345.025,-6.587,0,0,1,8,3,R,"장덕춘_",165,94.644,0.8,3,59,5464.935,210,17,82,116,97,150,115,-13.449,-11.878,0.78,-0.083,-0.043,0.049,0,0.287,-0.284,-36.543,0,"あおいぬ",-0.046,-17.039,0,"P0TA0",-19.818,-41.694,85,"甲斐野柊太",-10.653,-56.733,0,"Kenomo",18.635,-40.772,0,"shimenawa",16.28,-62.367,73,"horisen",39.365,-90.755,0,"紅さかな",-0.507,-110.701,0,"Pizzallaris",-40.034,-89.927,0,5465.126,-0.423,-21.762,5467.209,7,"紅さかな",9.1,-65.202,1,0,0,0,0,0,0,2
126,6,0,1,4,0,0,2,1,0,0,255,255,255,69,5526.897,"-Alta-",L,33,91,140,1.274,0.919,-0.425,1.66,-36.115,2,0,-119.857,-90.414,-9.234,0,0,1,0,5,R,"Pugeuk",169.8,86.326,0.404,3,59,5527.866,95,4,100,55,14,134,121,13.495,26.659,0.34,0.06,0.004,0.136,0,0.604,-0.242,-36.404,0,"あおいぬ",0.009,-16.99,0,"P0TA0",-19.604,-40.673,0,"甲斐野柊太",-13.403,-64.728,0,"Kenomo",17.598,-44.572,0,"shimenawa",13.953,-64.276,0,"horisen",41.188,-97.858,0,"紅さかな",-0.741,-118.765,0,"Pizzallaris",-40.532,-92.174,0,0,0,0,5531.742,8,"Pizzallaris",-44.832,-97.55,0,0,0,0,0,0,0,1
127,7,1,1,4,0,0,0,0,0,0,255,255,255,56,5578.388,"Apple_Sherbet",R,26,96,140,-1.539,-0.15,0.369,1.658,-36.377,2,0,96.808,-200,25.291,0,0,1,3,6,L,"horisen",174.5,95,0.447,3,59,5579.495,176,12,89,75,49,150,127,26.272,17.95,0.41,-0.003,-0.022,0.236,0,0.247,0.106,-36.796,0,"HalF_HearteD",-0.026,-17.178,0,"하루（Haru）",-19.038,-47.004,0,"장덕춘_",-13.883,-64.622,82,"HANA_ARASHI",24.29,-51.792,0,"Pugeuk",11.546,-64.58,0,"Azuner",40.013,-86.215,0,"magimari",-3.385,-101.023,0,"卯月満開",-37.122,-93.065,98,5585.043,-53.415,-115.935,5586.293,8,"卯月満開",-49.135,-112.707,1,0,0,0,0,0,0,2
128,7,1,1,4,0,0,0,0,1,0,255,6,255,57,5613.866,"Apple_Sherbet",R,13,71,112,3.192,-0.245,0.566,1.847,-36.581,2,0,-390.434,312.348,19.485,0,0,1,4,3,L,"甲斐野柊太",174.9,80,0.2,3,59,5615.064,225,11,165,99,53,150,84,9.823,23.177,-0.85,0.017,-0.058,0.143,0,0.155,0.116,-36.851,0,"HalF_HearteD",-0.079,-16.968,0,"하루（Haru）",-18.781,-46.438,0,"장덕춘_",-13.449,-64.825,0,"HANA_ARASHI",19.122,-45.374,0,"Pugeuk",10.906,-63.692,0,"Azuner",40.468,-88.459,0,"magimari",-2.528,-103.936,0,"卯月満開",-39.388,-98.77,0,5616.893,-17.06,-51.774,5619.609,8,"卯月満開",-34.41,-80.619,1,0,0,0,0,0,0,2
129,7,1,1,4,0,0,0,1,0,1,3,255,6,58,5646.668,"Apple_Sherbet",R,10,67,112,0.319,1.427,0.375,2.196,-36.848,1,0,0,400,-19.587,0,0,0,5,1,R,"あおいぬ",190,84.682,0.43,0,59,0,0,0,0,0,0,0,0,0,0,0,0,0,0,0,0,0.137,-36.873,0,"HalF_HearteD",0.07,-16.6,0,"하루（Haru）",-19.491,-43.318,0,"장덕춘_",-13.937,-64.559,0,"HANA_ARASHI",20.899,-45.06,0,"Pugeuk",7.431,-63.573,0,"Azuner",36.391,-87.617,0,"magimari",-3.578,-98.131,0,"卯月満開",-40.861,-96.761,0,0,0,0,0,0,"",0,0,0,0,0,0,0,0,0,0
130,7,1,1,4,1,0,0,0,1,1,255,3,6,59,5664.05,"Apple_Sherbet",R,14,73,113,2.467,-0.875,0.456,1.687,-36.535,2,0,388.077,315.271,20.928,0,0,1,5,1,R,"あおいぬ",190,84.682,0.43,3,59,5665.211,190,18,76,102,68,150,98,-74.489,-70.233,-0.45,-0.069,-0.035,0.016,0,0.522,0.164,-36.823,0,"HalF_HearteD",0.01,-16.914,0,"하루（Haru）",-18.597,-45.36,0,"장덕춘_",-13.525,-64.61,0,"HANA_ARASHI",20.691,-47.128,0,"Pugeuk",10.026,-64.236,0,"Azuner",36.559,-87.628,0,"magimari",-2.436,-101.616,0,"卯月満開",-39.757,-95.174,0,5665.326,0.882,-19.658,0,0,"",0,0,0,0,0,0,0,0,0,3
131,7,1,1,4,1,1,0,0,1,1,255,3,6,60,5685.35,"Apple_Sherbet",R,14,72,112,2.846,-1.096,0.456,1.648,-36.547,2,0,389.721,313.238,22.35,0,0,1,5,1,R,"あおいぬ",190,84.682,0.43,3,59,5686.556,250,21,106,51,97,150,90,-30.573,-10.319,-0.83,-0.086,-0.046,0.048,0,0.616,0.24,-36.844,0,"HalF_HearteD",0.02,-16.846,0,"하루（Haru）",-19.587,-47.275,109,"장덕춘_",-13.438,-64.441,0,"HANA_ARASHI",22.945,-49.757,93,"Pugeuk",11.833,-64.621,0,"Azuner",37.81,-86.471,0,"magimari",-1.96,-101.835,0,"卯月満開",-38.408,-95.263,0,5686.692,0.697,-20.035,5689.043,5,"Pugeuk",7.734,-56.467,0,0,0,0,0,0,0,2
132,7,1,2,4,0,0,1,0,0,1,255,255,3,61,5719.078,"Apple_Sherbet",R,14,63,107,2.527,-0.067,0.417,1.858,-36.535,2,0,379.786,312.348,25.428,0,0,1,6,2,R,"P0TA0",190,95.63,0.653,3,48,5720.101,239,8,116,50,18,150,90,-66.392,-52.337,-0.85,-0.009,-0.017,0.258,0,0.17,0.145,-36.705,0,"HalF_HearteD",0.114,-16.89,0,"하루（Haru）",-18.906,-46.26,0,"장덕춘_",-13.756,-64.642,0,"HANA_ARASHI",21.8,-49.486,0,"Pugeuk",10.436,-64.783,0,"Azuner",37.596,-86.5,0,"magimari",-1.07,-102.792,0,"卯月満開",-39.386,-97.517,0,5720.276,0.904,-19.127,0,0,"",0,0,0,0,0,0,0,0,0,3
133,7,1,2,4,0,1,1,0,0,1,255,255,3,62,5737.801,"Apple_Sherbet",R,14,79,117,1.189,-0.522,0.312,1.747,-36.448,2,0,390.434,312.348,13.868,0,0,1,6,2,R,"P0TA0",190,95.63,0.653,3,48,5738.786,225,6,90,53,12,150,97,-55.108,49.043,-0.49,-0.032,-0.025,0.248,0,0.093,0.126,-36.819,0,"HalF_HearteD",0.086,-16.817,0,"하루（Haru）",-18.891,-46.39,0,"장덕춘_",-13.405,-64.775,0,"HANA_ARASHI",21.052,-46.922,0,"Pugeuk",10.264,-64.813,0,"Azuner",37.656,-88.317,0,"magimari",-1.039,-104.901,0,"卯月満開",-39.9,-97.476,0,5738.876,-0.273,-19.134,0,0,"",0,0,0,0,0,0,0,0,0,3
134,7,1,2,4,0,2,1,0,0,1,255,255,3,63,5758.851,"Apple_Sherbet",R,14,72,112,2.335,0.971,0.414,2.063,-36.725,4,0,362.922,343.93,-10.713,0,0,1,6,2,R,"P0TA0",190,95.63,0.653,0,48,0,0,0,0,0,0,0,0,0,0,0,0,0,0,0,0,0.37,-37.386,0,"HalF_HearteD",0.211,-16.751,0,"하루（Haru）",-20.111,-44.939,0,"장덕춘_",-14.163,-64.235,0,"HANA_ARASHI",22.178,-46.625,0,"Pugeuk",7.286,-64.574,0,"Azuner",37.336,-88.265,0,"magimari",-1.419,-104.91,0,"卯月満開",-36.996,-96.728,0,0,0,0,0,0,"",0,0,0,0,0,0,0,0,0,0
135,7,1,2,4,0,0,2,0,0,1,255,255,3,64,5782.368,"Apple_Sherbet",R,14,76,115,0.526,0.204,0.36,1.821,-36.525,2,0,390.434,312.348,14.31,0,0,1,7,4,R,"Kenomo",190,80,0.469,3,59,5783.539,245,5,130,85,34,150,90,114.915,22.549,-0.84,-0.008,-0.017,0.171,0,0.262,0.141,-36.78,0,"HalF_HearteD",0.086,-16.953,0,"하루（Haru）",-19.008,-46.091,0,"장덕춘_",-14.081,-64.215,0,"HANA_ARASHI",23.747,-51.125,0,"Pugeuk",10.521,-62.793,0,"Azuner",37.395,-88.319,0,"magimari",-1.035,-105.196,0,"卯月満開",-38.628,-87.702,0,0,0,0,0,0,"",0,0,0,0,0,0,0,0,0,3
136,7,1,2,4,0,1,2,0,0,1,255,255,3,65,5803.862,"Apple_Sherbet",R,14,73,113,1.157,-1.034,0.31,1.661,-36.498,2,0,373.732,332.151,22.822,0,0,1,7,4,R,"Kenomo",190,80,0.469,3,59,5805.004,169,16,71,115,89,147,120,-17.056,-36.582,0.8,-0.021,-0.081,0.031,0.201,0.223,0.007,-36.974,0,"HalF_HearteD",0.075,-16.812,0,"하루（Haru）",-19.163,-46.215,0,"장덕춘_",-14.071,-64.11,0,"HANA_ARASHI",22.238,-49.171,99,"Pugeuk",9.839,-64.826,0,"Azuner",37.379,-86.875,0,"magimari",-1.371,-103.572,0,"卯月満開",-38.649,-91.055,0,5805.143,1.68,-22.892,5806.609,4,"HANA_ARASHI",19.635,-47.266,0,0,0,0,0,0,0,2
137,7,0,2,4,0,0,0,0,0,0,255,255,255,0,5978.722,"Kenomo",R,34,82,134,-1.494,0.213,-0.113,1.599,-36.751,2,0,97.889,-74.603,6.487,0,0,1,1,2,L,"하루（Haru）",190,85,0.553,2,59,5979.823,147,11,115,60,32,150,107,3.682,-14.61,-0.02,0.021,-0.036,0.167,0.048,0.375,-0.366,-37.381,0,"あおいぬ",-0.03,-16.982,0,"P0TA0",-20.326,-44.6,0,"甲斐野柊太",-12.553,-65.111,0,"-Alta-",23.039,-49.658,0,"shimenawa",15.238,-63.307,96,"horisen",41.657,-96.109,0,"紅さかな",3.316,-122.117,0,"Pizzallaris",-41.695,-98.209,0,0,0,0,5981.709,5,"shimenawa",9.868,-58.645,0,0,0,0,0,0,0,1
138,7,0,2,4,0,0,1,0,0,0,255,255,255,1,6013.8,"Kenomo",R,33,84,137,2.995,0.902,0.269,1.718,-36.806,4,0,103.734,-50.587,2.79,-0.176,-20.155,1,2,0,R,"Apple_Sherbet",190,86.926,0.301,0,59,0,0,0,0,0,0,0,0,0,0,0,0,0,0,0,0,0.064,-37.656,0,"あおいぬ",-0.14,-17.573,0,"P0TA0",-20.396,-44.611,0,"甲斐野柊太",-13.586,-64.587,0,"-Alta-",22.283,-50.687,0,"shimenawa",11.129,-63.166,0,"horisen",40.242,-97.733,0,"紅さかな",0.268,-119.692,0,"Pizzallaris",-41.231,-94.471,0,0,0,0,0,0,"",0,0,0,0,0,0,0,0,0,0
139,7,0,2,4,0,1,1,0,0,0,255,255,255,2,6033.355,"Kenomo",R,10,68,102,0.386,-1.289,0.153,1.512,-36.765,1,0,-0.187,295.194,-2.833,0,0,0,2,0,R,"Apple_Sherbet",190,86.926,0.301,0,59,0,0,0,0,0,0,0,0,0,0,0,0,0,0,0,0,-0.148,-37.48,0,"あおいぬ",-0.062,-16.733,0,"P0TA0",-20.439,-44.589,0,"甲斐野柊太",-13.679,-64.67,0,"-Alta-",22.278,-50.739,0,"shimenawa",14.546,-64.257,0,"horisen",41.08,-98.744,0,"紅さかな",0.585,-119.92,0,"Pizzallaris",-41.185,-94.51,0,0,0,0,0,0,"",0,0,0,0,0,0,0,0,0,0
140,7,0,2,4,1,1,1,0,0,0,255,255,255,3,6047.732,"Kenomo",R,33,83,135,2.179,0.711,0.157,1.655,-36.732,2,0,104.443,-54.533,3.59,0,0,1,2,0,R,"Apple_Sherbet",190,86.926,0.301,3,59,6048.625,221,15,114,99,59,150,118,28.726,9.34,0.18,-0.027,-0.023,0.355,0,0.285,0.102,-37.251,0,"あおいぬ",0.032,-16.935,0,"P0TA0",-20.377,-44.459,0,"甲斐野柊太",-14.304,-64.39,87,"-Alta-",22.37,-50.877,0,"shimenawa",14.248,-64.206,0,"horisen",40.871,-99.083,0,"紅さかな",-0.281,-120.237,0,"Pizzallaris",-41.372,-94.43,98,6053.926,-35.377,-116.217,6055.826,8,"Pizzallaris",-39.103,-120.437,1,0,0,0,0,0,0,2
141,7,0,2,4,0,0,1,0,1,0,255,9,255,4,6095.887,"Kenomo",R,34,79,130,1.143,0.37,0.204,1.651,-36.804,0,0,99.208,-50.225,4.222,0,0,0,3,4,R,"HANA_ARASHI",190,86.084,0.253,0,49,0,0,0,0,0,0,0,0,0,0,0,0,0,0,0,0,-0.019,-37.82,0,"あおいぬ",-0.001,-16.899,0,"P0TA0",-20.021,-44.434,0,"甲斐野柊太",-11.731,-64.047,0,"-Alta-",19.738,-46.105,0,"shimenawa",9.372,-62.597,0,"horisen",39.872,-99.905,0,"紅さかな",0.965,-121.478,0,"Pizzallaris",-42.628,-99.185,0,0,0,0,0,0,"",0,0,0,0,0,0,0,0,0,0
142,7,0,2,4,0,1,1,0,1,0,255,9,255,5,6116.064,"Kenomo",R,34,77,129,3.204,0.242,0.275,1.586,-36.704,2,0,73.583,-53.996,2.408,0,0,1,3,4,R,"HANA_ARASHI",190,86.084,0.253,2,49,6117.083,255,13,169,150,39,150,90,64.969,26.03,-0.83,0.042,-0.068,0.234,0,0.578,0.123,-37.276,0,"あおいぬ",0.019,-16.985,0,"P0TA0",-20.057,-44.295,0,"甲斐野柊太",-13.094,-64.604,85,"-Alta-",20.261,-46.057,0,"shimenawa",13.556,-63.138,0,"horisen",40.605,-95.922,0,"紅さかな",1.232,-121.052,0,"Pizzallaris",-42.345,-99.271,0,6123.26,-25.945,-59.413,6123.459,3,"甲斐野柊太",-25.32,-58.534,0,0,0,0,0,0,0,1
143,7,0,2,4,0,0,2,0,1,0,255,9,255,6,6144.297,"Kenomo",R,33,84,137,-0.312,0.984,0.02,1.687,-36.743,0,0,137.729,-53.996,7.595,0,0,1,4,6,L,"Azuner",179.7,85.116,0.348,0,59,0,0,0,0,0,0,0,0,0,0,0,0,0,0,0,0,0.067,-37.698,0,"あおいぬ",0.272,-17.093,0,"P0TA0",-20.773,-45.248,0,"甲斐野柊太",-13.974,-64.579,0,"-Alta-",20.194,-44.728,0,"shimenawa",9.709,-63.872,0,"horisen",41.764,-97.208,0,"紅さかな",0.142,-119.038,0,"Pizzallaris",-42.026,-101.579,0,0,0,0,0,0,"",0,0,0,0,0,0,0,0,0,0
144,7,0,2,4,0,1,2,0,1,0,255,9,255,7,6162.986,"Kenomo",R,13,78,106,-1.188,-1.593,0.012,1.457,-36.656,4,0,-178.231,397.555,6.479,-0.298,-18.161,1,4,6,L,"Azuner",179.7,85.116,0.348,0,59,0,0,0,0,0,0,0,0,0,0,0,0,0,0,0,0,0.008,-37.414,0,"あおいぬ",0.145,-17.508,0,"P0TA0",-20.233,-44.744,0,"甲斐野柊太",-8.286,-64.803,0,"-Alta-",20.282,-43.455,0,"shimenawa",9.53,-64.582,0,"horisen",42.901,-96.235,0,"紅さかな",2.858,-120.981,0,"Pizzallaris",-42.031,-101.613,0,0,0,0,0,0,"",0,0,0,0,0,0,0,0,0,0
145,7,0,2,4,0,2,2,0,1,0,255,9,255,8,6182.749,"Kenomo",R,10,63,96,0.584,-1.599,0.068,1.363,-36.548,1,0,19.514,400,11.005,0,0,0,4,6,L,"Azuner",179.7,85.116,0.348,0,59,0,0,0,0,0,0,0,0,0,0,0,0,0,0,0,0,-0.165,-37.79,0,"あおいぬ",0.238,-17.164,0,"P0TA0",-20.318,-44.904,0,"甲斐野柊太",-5.726,-65.042,0,"-Alta-",19.35,-42.246,0,"shimenawa",9.221,-64.783,0,"horisen",42.461,-96.063,0,"紅さかな",2.063,-122.833,0,"Pizzallaris",-41.143,-100.537,0,0,0,0,0,0,"",0,0,0,0,0,0,0,0,0,0
146,7,0,2,4,1,2,2,0,1,0,255,9,255,9,6202.253,"Kenomo",R,34,80,131,-0.563,0.879,-0.084,1.641,-36.659,2,0,84.713,-66.846,5.449,0,0,1,4,6,L,"Azuner",179.7,85.116,0.348,3,59,6203.31,206,19,101,53,37,150,108,27.481,9.516,0.07,-0.075,-0.018,0.276,0,0.257,-0.079,-37.185,0,"あおいぬ",-0.008,-16.919,0,"P0TA0",-20.185,-44.682,0,"甲斐野柊太",-12.739,-65.098,0,"-Alta-",19.965,-45.551,0,"shimenawa",13.789,-64.638,0,"horisen",41.309,-98.248,0,"紅さかな",1.321,-122.599,99,"Pizzallaris",-41.386,-100.55,0,6208.676,-8.059,-114.67,6208.826,7,"紅さかな",-7.945,-112.498,0,0,0,0,0,0,0,1
147,8,1,2,4,0,0,0,0,0,0,255,255,255,66,6257.632,"Apple_Sherbet",R,14,60,105,1.716,1.442,0.324,2.115,-36.712,2,0,340.29,350.588,-1.31,0,0,1,8,8,R,"Pizzallaris",165.8,88.152,0.346,3,59,6258.912,160,12,61,74,16,140,80,41.286,1.104,-0.8,0.072,0.037,0.251,0,0.249,0.068,-36.936,0,"HalF_HearteD",0.193,-16.915,0,"하루（Haru）",-19.815,-46.864,0,"장덕춘_",-14.542,-63.976,87,"HANA_ARASHI",22.842,-50.88,0,"Pugeuk",9.214,-64.012,0,"Azuner",36.947,-87.685,0,"magimari",-1.72,-97.722,0,"卯月満開",-38.747,-90.974,0,6263.776,-2.869,-76.683,6263.942,3,"장덕춘_",-2.747,-74.706,0,0,0,0,0,0,0,1
148,8,1,2,4,0,0,1,0,0,0,255,255,255,67,6289.44,"Apple_Sherbet",R,26,89,140,-0.451,-0.243,0.357,1.841,-36.412,0,0,146.634,-200,3.417,0,0,0,0,7,R,"紅さかな",172.5,87.576,0.452,0,59,0,0,0,0,0,0,0,0,0,0,0,0,0,0,0,0,0.129,-37.571,0,"HalF_HearteD",-0.065,-16.639,0,"하루（Haru）",-19.9,-44.459,0,"장덕춘_",-15.179,-63.644,0,"HANA_ARASHI",22.51,-49.621,0,"Pugeuk",9.814,-63.813,0,"Azuner",36.278,-87.551,0,"magimari",-1.627,-104.037,0,"卯月満開",-38.61,-93.066,0,0,0,0,0,0,"",0,0,0,0,0,0,0,0,0,0
149,8,1,2,4,0,1,1,0,0,0,255,255,255,68,6305.825,"Apple_Sherbet",R,14,79,117,1.324,-0.535,0.328,1.77,-36.478,0,0,376.002,329.579,18.081,0,0,0,0,7,R,"紅さかな",172.5,87.576,0.452,0,59,0,0,0,0,0,0,0,0,0,0,0,0,0,0,0,0,0.234,-37.686,0,"HalF_HearteD",0.159,-16.575,0,"하루（Haru）",-20.074,-44.969,0,"장덕춘_",-15.134,-63.673,0,"HANA_ARASHI",20.923,-49.711,0,"Pugeuk",9.76,-63.927,0,"Azuner",36.096,-87.642,0,"magimari",-1.559,-104.136,0,"卯月満開",-37.726,-92.57,0,0,0,0,0,0,"",0,0,0,0,0,0,0,0,0,0
150,8,1,2,4,0,2,1,0,0,0,255,255,255,69,6323.331,"Apple_Sherbet",R,13,76,103,-3.382,-1.571,0.205,1.775,-36.484,1,0,-357.985,322.235,28.465,-0.842,-18.452,0,0,7,R,"紅さかな",172.5,87.576,0.452,0,59,0,0,0,0,0,0,0,0,0,0,0,0,0,0,0,0,0.117,-37.775,0,"HalF_HearteD",-0.467,-16.656,0,"하루（Haru）",-20.14,-44.453,0,"장덕춘_",-15.642,-63.273,0,"HANA_ARASHI",22.576,-50.092,0,"Pugeuk",9.914,-63.896,0,"Azuner",36.132,-87.657,0,"magimari",-1.539,-104.121,0,"卯月満開",-38.441,-93.497,0,0,0,0,0,0,"",0,0,0,0,0,0,0,0,0,0
151,8,1,2,4,1,2,1,0,0,0,255,255,255,70,6337.465,"Apple_Sherbet",R,26,94,140,-0.563,-0.865,0.346,1.742,-36.434,2,0,152.194,-200,32.26,0,0,1,0,7,R,"紅さかな",172.5,87.576,0.452,3,59,6338.54,195,10,110,74,13,150,106,-22.325,29.342,0.91,-0.018,-0.111,0.102,0,0.311,0.203,-37.212,0,"HalF_HearteD",-0.072,-16.791,0,"하루（Haru）",-19.372,-46.267,85,"장덕춘_",-14.691,-63.603,98,"HANA_ARASHI",22.798,-50.899,0,"Pugeuk",9.239,-63.431,0,"Azuner",36.104,-87.619,0,"magimari",-1.558,-104.142,0,"卯月満開",-37.082,-94.496,0,6338.692,-0.72,-19.694,6340.909,3,"장덕춘_",-22.145,-58.341,0,0,0,0,0,0,0,2
152,8,1,2,4,0,0,2,0,0,0,255,255,255,71,6366.735,"Apple_Sherbet",R,13,80,118,-2.122,0.445,0.445,1.914,-36.581,1,0,-350.081,356.992,84.053,0,0,0,1,5,L,"shimenawa",174.9,95.407,0.2,0,59,0,0,0,0,0,0,0,0,0,0,0,0,0,0,0,0,-0.036,-38.046,0,"HalF_HearteD",-0.139,-16.649,0,"하루（Haru）",-19.415,-44.153,0,"장덕춘_",-14.625,-64.08,0,"HANA_ARASHI",22.171,-48.73,0,"Pugeuk",10.972,-64.416,0,"Azuner",42.227,-88.971,0,"magimari",-3.746,-97.619,0,"卯月満開",-35.217,-101.691,0,0,0,0,0,0,"",0,0,0,0,0,0,0,0,0,0
153,8,1,2,4,1,0,2,0,0,0,255,255,255,72,6384.401,"Apple_Sherbet",R,13,85,124,-0.945,0.312,0.5,1.88,-36.606,2,0,-390.434,312.348,57.573,0,0,1,1,5,L,"shimenawa",174.9,95.407,0.2,3,59,6385.588,129,13,118,78,11,143,119,-16.298,-17.839,0.19,-0.066,-0.032,0.085,0.048,0.396,0.128,-37.364,0,"HalF_HearteD",-0.171,-16.873,0,"하루（Haru）",-19.167,-46.417,0,"장덕춘_",-14.189,-64.175,0,"HANA_ARASHI",22.222,-49.794,0,"Pugeuk",10.994,-64.446,89,"Azuner",42.278,-88.927,94,"magimari",-3.72,-97.617,0,"卯月満開",-35.763,-95.831,0,6385.676,0.566,-21.875,6392.459,6,"Azuner",32.817,-120.164,1,0,0,0,0,0,0,2
154,8,1,2,4,0,0,2,0,1,0,255,5,255,73,6419.823,"Apple_Sherbet",R,13,77,115,-1.551,0.269,0.458,1.937,-36.67,4,0,-378.554,326.645,37.394,0.449,-20.048,1,2,4,L,"-Alta-",190.1,84,0.479,0,59,0,0,0,0,0,0,0,0,0,0,0,0,0,0,0,0,-0.097,-37.573,0,"HalF_HearteD",0.119,-17.426,0,"하루（Haru）",-19.134,-45.916,0,"장덕춘_",-13.199,-64.175,0,"HANA_ARASHI",23.559,-49.849,0,"Pugeuk",10.799,-62.336,0,"Azuner",42.588,-91.367,0,"magimari",-1.412,-109.213,0,"卯月満開",-37.514,-87.681,0,0,0,0,0,0,"",0,0,0,0,0,0,0,0,0,0
155,8,1,2,4,0,1,2,0,1,0,255,5,255,74,6439.121,"Apple_Sherbet",R,14,75,102,2.082,-1.289,0.423,1.673,-36.58,4,0,362.039,312.348,12.689,0,0,1,2,4,L,"-Alta-",190.1,84,0.479,0,59,0,0,0,0,0,0,0,0,0,0,0,0,0,0,0,0,0.296,-37.52,0,"HalF_HearteD",0.032,-17.218,0,"하루（Haru）",-19.085,-44.655,0,"장덕춘_",-13.562,-64.469,0,"HANA_ARASHI",23.865,-49.311,0,"Pugeuk",7.604,-62.655,0,"Azuner",42.194,-90.085,0,"magimari",-1.381,-109.236,0,"卯月満開",-34.503,-91.423,0,0,0,0,0,0,"",0,0,0,0,0,0,0,0,0,0
156,8,1,2,4,0,2,2,0,1,0,255,5,255,75,6456.804,"Apple_Sherbet",R,32,79,129,2.121,0.054,0.486,1.884,-36.625,4,0,250,-200,-3.457,0,0,1,2,4,L,"-Alta-",190.1,84,0.479,0,59,0,0,0,0,0,0,0,0,0,0,0,0,0,0,0,0,0.125,-37.685,0,"HalF_HearteD",0.218,-17.345,0,"하루（Haru）",-19.306,-45.234,0,"장덕춘_",-12.889,-64.224,0,"HANA_ARASHI",22.7,-49.742,0,"Pugeuk",10.262,-63.401,0,"Azuner",42.135,-90.051,0,"magimari",-1.449,-109.273,0,"卯月満開",-35.132,-91.966,0,0,0,0,0,0,"",0,0,0,0,0,0,0,0,0,0
157,8,0,2,4,0,0,0,0,0,0,255,255,255,10,6505.677,"Kenomo",R,34,78,129,-0.769,0.938,0.031,1.683,-36.882,0,0,92.946,-50.952,6.49,0,0,0,5,8,L,"卯月満開",171,90,0.2,0,59,0,0,0,0,0,0,0,0,0,0,0,0,0,0,0,0,0.046,-37.941,0,"あおいぬ",-0.036,-16.83,0,"P0TA0",-19.858,-44.653,0,"甲斐野柊太",-13.834,-64.43,0,"-Alta-",21.329,-46.578,0,"shimenawa",14.664,-62.97,0,"horisen",41.165,-97.527,0,"紅さかな",1.401,-120.474,0,"Pizzallaris",-40.607,-98.539,0,0,0,0,0,0,"",0,0,0,0,0,0,0,0,0,0
158,8,0,2,4,0,1,0,0,0,0,255,255,255,11,6522.78,"Kenomo",R,10,74,105,-1.147,-1.778,-0.082,1.383,-36.681,1,0,-62.279,359.825,3.773,-0.242,-18.41,0,5,8,L,"卯月満開",171,90,0.2,0,59,0,0,0,0,0,0,0,0,0,0,0,0,0,0,0,0,0.111,-37.752,0,"あおいぬ",-0.036,-16.871,0,"P0TA0",-19.887,-44.639,0,"甲斐野柊太",-13.726,-64.514,0,"-Alta-",21.535,-46.67,0,"shimenawa",14.11,-62.555,0,"horisen",41.608,-97.424,0,"紅さかな",0.538,-119.613,0,"Pizzallaris",-40.909,-99.114,0,0,0,0,0,0,"",0,0,0,0,0,0,0,0,0,0
159,8,0,2,4,1,1,0,0,0,0,255,255,255,12,6541.914,"Kenomo",R,28,88,140,1.057,-1.723,0.059,1.281,-36.642,2,0,59.064,-74.353,3.023,0,0,1,5,8,L,"卯月満開",171,90,0.2,2,59,6542.774,255,11,78,63,27,150,104,20.464,-31.23,0.84,0.107,-0.137,0.095,0,0.383,-0.113,-37.195,0,"あおいぬ",0.02,-16.945,0,"P0TA0",-20.107,-44.746,0,"甲斐野柊太",-13.72,-64.389,107,"-Alta-",21.534,-46.666,0,"shimenawa",14.467,-63.463,0,"horisen",41.631,-97.425,83,"紅さかな",0.849,-119.657,0,"Pizzallaris",-41.077,-99.878,0,0,0,0,6547.742,6,"horisen",53.288,-89.562,0,0,0,0,0,0,0,1
160,8,0,2,4,0,0,1,0,0,0,255,255,255,13,6572.287,"Kenomo",R,28,88,140,-1.024,-0.695,-0.121,1.354,-36.648,0,0,88.87,-92.604,6.458,0,0,0,6,7,R,"magimari",170.1,80,0.454,0,59,0,0,0,0,0,0,0,0,0,0,0,0,0,0,0,0,0.282,-37.57,0,"あおいぬ",-0.106,-16.905,0,"P0TA0",-20.022,-44.327,0,"甲斐野柊太",-13.681,-64.502,0,"-Alta-",21.241,-46.633,0,"shimenawa",14.769,-64.448,0,"horisen",41.109,-101.181,0,"紅さかな",0.728,-119.627,0,"Pizzallaris",-40.947,-98.64,0,0,0,0,0,0,"",0,0,0,0,0,0,0,0,0,0
161,8,0,2,4,0,1,1,0,0,0,255,255,255,14,6589.634,"Kenomo",R,34,80,132,2.112,0.011,0.256,1.585,-36.77,4,0,71.537,-56.618,2.465,0.255,-20.651,1,6,7,R,"magimari",170.1,80,0.454,0,59,0,0,0,0,0,0,0,0,0,0,0,0,0,0,0,0,-0.051,-37.737,0,"あおいぬ",-0.053,-17.415,0,"P0TA0",-19.988,-44.247,0,"甲斐野柊太",-12.674,-65.176,0,"-Alta-",21.427,-46.802,0,"shimenawa",13.968,-64.655,0,"horisen",41.583,-100.003,0,"紅さかな",1.032,-119.615,0,"Pizzallaris",-40.977,-98.631,0,0,0,0,0,0,"",0,0,0,0,0,0,0,0,0,0
162,8,0,2,4,0,2,1,0,0,0,255,255,255,15,6607.035,"Kenomo",R,10,68,99,0.547,-2.804,0.153,1.337,-36.739,4,0,0,395.94,-2.644,0.101,-20.281,1,6,7,R,"magimari",170.1,80,0.454,0,59,0,0,0,0,0,0,0,0,0,0,0,0,0,0,0,0,-0.087,-37.758,0,"あおいぬ",-0.085,-18.562,0,"P0TA0",-20.184,-44.017,0,"甲斐野柊太",-12.939,-64.429,0,"-Alta-",21.434,-46.8,0,"shimenawa",11.972,-63.642,0,"horisen",41.616,-100.041,0,"紅さかな",1.022,-119.625,0,"Pizzallaris",-40.738,-98.755,0,0,0,0,0,0,"",0,0,0,0,0,0,0,0,0,0
163,8,0,2,4,0,0,2,0,0,0,255,255,255,16,6632.177,"Kenomo",R,13,69,98,-0.295,-2.97,0.225,1.379,-36.732,1,0,-277.866,390.8,-0.87,-0.077,-19.968,0,7,1,R,"HalF_HearteD",160,80,0.503,0,59,0,0,0,0,0,0,0,0,0,0,0,0,0,0,0,0,-0.052,-37.833,0,"あおいぬ",-0.023,-16.874,0,"P0TA0",-20.731,-45.046,0,"甲斐野柊太",-13.923,-64.143,0,"-Alta-",22.804,-48.044,0,"shimenawa",12.106,-64.208,0,"horisen",41.011,-97.478,0,"紅さかな",0.604,-116.362,0,"Pizzallaris",-40.727,-98.755,0,0,0,0,0,0,"",0,0,0,0,0,0,0,0,0,0
164,8,0,2,4,1,0,2,0,0,0,255,255,255,17,6647.335,"Kenomo",R,34,84,137,0.988,-1.325,0.072,1.285,-36.597,1,0,68.147,-67.855,3.4,0,0,0,7,1,R,"HalF_HearteD",160,80,0.503,0,59,0,0,0,0,0,0,0,0,0,0,0,0,0,0,0,0,-0.048,-37.781,0,"あおいぬ",0.056,-17.013,0,"P0TA0",-20.531,-44.801,0,"甲斐野柊太",-13.97,-64.114,0,"-Alta-",22.804,-48.049,0,"shimenawa",8.476,-62.291,0,"horisen",40.553,-97.556,0,"紅さかな",0.217,-115.713,0,"Pizzallaris",-41.26,-98.698,0,0,0,0,0,0,"",0,0,0,0,0,0,0,0,0,0
165,8,0,2,4,2,0,2,0,0,0,255,255,255,18,6661.101,"Kenomo",R,27,82,134,1.684,-1.445,0.109,1.464,-36.671,2,0,91.443,-110.1,6.717,0,0,1,7,1,R,"HalF_HearteD",160,80,0.503,3,59,6662.091,156,21,28,41,25,79,73,111.311,-57.046,0.44,0.006,-0.025,0.132,0,0.4,-0.224,-36.925,0,"あおいぬ",0.048,-17.027,0,"P0TA0",-19.915,-44.693,0,"甲斐野柊太",-13.833,-64.013,0,"-Alta-",22.806,-48.052,0,"shimenawa",13.26,-63.304,0,"horisen",40.97,-97.781,0,"紅さかな",0.145,-115.729,0,"Pizzallaris",-41.414,-98.672,0,0,0,0,0,0,"",0,0,0,0,0,0,0,0,0,3
166,8,0,2,4,2,1,2,0,0,0,255,255,255,19,6678.089,"Kenomo",R,33,83,136,2.175,0.745,0.18,1.603,-36.709,2,0,126.528,-61.599,6.972,0,0,1,7,1,R,"HalF_HearteD",160,80,0.503,3,36,6679.106,225,16,41,42,22,130,79,39.101,-25.312,-0.41,0.012,-0.01,0.206,0,0.44,0.194,-37.398,0,"あおいぬ",0.062,-17.02,0,"P0TA0",-19.399,-44.024,0,"甲斐野柊太",-13.761,-64.366,0,"-Alta-",22.559,-47.998,0,"shimenawa",13.948,-63.636,97,"horisen",40.803,-98.324,0,"紅さかな",-0.015,-115.484,0,"Pizzallaris",-40.191,-102.228,0,0,0,0,6683.859,5,"shimenawa",27.168,-69.578,0,0,0,0,0,0,0,1
167,9,1,2,4,0,0,0,0,0,0,255,255,255,76,6734.079,"Apple_Sherbet",R,13,70,99,-1.693,-0.407,0.381,1.842,-36.499,2,0,-351.391,312.348,48.644,0,0,1,3,6,L,"horisen",174.5,95,0.447,3,59,6735.301,245,12,66,63,38,143,128,-0.992,-3.652,0.45,-0.054,0.037,0.166,0,0.302,-0.098,-36.945,120,"HalF_HearteD",-0.229,-17.037,0,"하루（Haru）",-19.311,-47.126,86,"장덕춘_",-14.343,-64.151,85,"HANA_ARASHI",23.392,-50.617,0,"Pugeuk",11.241,-64.243,0,"Azuner",39.192,-86.627,0,"magimari",-0.867,-102.92,93,"卯月満開",-41.841,-97.933,0,6735.843,0.876,-35.178,6738.643,7,"magimari",4.879,-99.589,1,0,0,0,0,0,0,2
168,9,1,2,4,0,0,0,1,0,0,6,255,255,77,6777.92,"Apple_Sherbet",R,10,74,116,0.478,-0.077,0.378,1.958,-36.624,2,0,137.442,400,-24.173,0,0,1,4,3,L,"甲斐野柊太",174.9,80,0.2,3,35,6779.087,255,10,124,113,62,150,126,9.033,33.445,0.69,-0.014,-0.068,0.072,0,0.11,0.07,-36.972,0,"HalF_HearteD",0.263,-16.912,0,"하루（Haru）",-19.32,-43.386,0,"장덕춘_",-11.451,-62.514,0,"HANA_ARASHI",22.2,-50.237,0,"Pugeuk",10.914,-65.013,97,"Azuner",40.963,-87.75,0,"magimari",-0.912,-103.552,0,"卯月満開",-34.7,-98.085,105,6781.459,-29.895,-79.625,6782.393,8,"卯月満開",-33.358,-90.532,1,0,0,0,0,0,0,2
169,9,1,2,4,0,0,0,1,1,0,3,6,255,78,6811.331,"Apple_Sherbet",R,10,57,91,1.052,0.076,0.368,2.074,-36.75,2,0,130.019,400,-1.366,0,0,1,5,1,R,"あおいぬ",190,84.682,0.43,3,59,6812.605,251,20,94,93,104,150,67,-30,32.554,1,-0.066,0.02,0.062,0,0.735,0.19,-36.969,0,"HalF_HearteD",0.03,-16.592,0,"하루（Haru）",-19.68,-46.75,112,"장덕춘_",-13.701,-64.687,0,"HANA_ARASHI",22.141,-48.901,77,"Pugeuk",10.257,-64.168,0,"Azuner",37.706,-87.978,0,"magimari",-1.914,-102.554,0,"卯月満開",-37.472,-97.417,0,6812.793,-0.871,-22.185,6814.992,2,"하루（Haru）",-13.677,-43.411,0,0,0,0,0,0,0,2
170,9,1,2,4,0,0,1,0,1,1,255,3,6,79,6842.879,"Apple_Sherbet",R,10,76,118,0.996,0.564,0.382,2.056,-36.785,2,0,0,400,-12.759,0,0,1,6,2,R,"P0TA0",190,95.63,0.653,3,59,6843.897,226,8,77,57,9,147,78,-30,19.541,0.97,0.016,-0.012,0.197,0,0.222,0.206,-37.095,0,"HalF_HearteD",0.13,-16.697,0,"하루（Haru）",-19.888,-46.642,0,"장덕춘_",-13.549,-64.222,99,"HANA_ARASHI",20.426,-48.35,0,"Pugeuk",10.738,-64.494,0,"Azuner",37.015,-86.817,0,"magimari",-2.732,-105.75,0,"卯月満開",-39.084,-97.22,0,6844.093,-0.332,-19.063,6846.709,3,"장덕춘_",-11.655,-53.741,1,8,0,0,0,0,0,2
171,9,1,2,4,0,0,2,1,0,1,2,255,3,80,6875.267,"Apple_Sherbet",R,14,70,111,2.23,0.016,0.38,1.878,-36.6,4,0,383.028,321.387,9.935,0.241,-19.833,1,7,0,R,"Kenomo",190,80,0.469,0,59,0,0,0,0,0,0,0,0,0,0,0,0,0,0,0,0,0.095,-37.226,0,"HalF_HearteD",0.046,-16.776,0,"하루（Haru）",-18.159,-45.695,0,"장덕춘_",-13.576,-63.407,0,"HANA_ARASHI",21.395,-47.712,0,"Pugeuk",7.043,-63.573,0,"Azuner",36.453,-87.761,0,"magimari",-1.584,-101.305,0,"卯月満開",-37.675,-90.693,0,0,0,0,0,0,"",0,0,0,0,0,0,0,0,0,0
172,9,1,2,4,0,1,2,1,0,1,2,255,3,81,6898.928,"Apple_Sherbet",R,13,72,100,-1.836,-1.204,0.409,1.731,-36.6,4,0,-334.35,338.725,-3.427,0,0,1,7,0,R,"Kenomo",190,80,0.469,0,59,0,0,0,0,0,0,0,0,0,0,0,0,0,0,0,0,-0.013,-37.29,0,"HalF_HearteD",-0.352,-16.767,0,"하루（Haru）",-19.196,-44.322,0,"장덕춘_",-13.243,-63.069,0,"HANA_ARASHI",21.624,-48.037,0,"Pugeuk",5.34,-65.101,0,"Azuner",37.094,-87.028,0,"magimari",-1.64,-101.376,0,"卯月満開",-41.378,-90.888,0,0,0,0,0,0,"",0,0,0,0,0,0,0,0,0,0
173,9,1,2,4,0,2,2,1,0,1,2,255,3,82,6920.869,"Apple_Sherbet",R,13,66,96,-2.131,-1.341,0.358,1.778,-36.548,2,0,-306.036,356.417,-10.654,0,0,1,7,0,R,"Kenomo",190,80,0.469,3,90,6922.131,196,10,76,97,74,150,93,18.463,30.94,0.93,-0.038,-0.136,0.048,0.095,0.147,-0.124,-36.984,0,"HalF_HearteD",-0.315,-16.709,0,"하루（Haru）",-19.008,-46.439,0,"장덕춘_",-13.915,-64.505,0,"HANA_ARASHI",22.399,-49.546,0,"Pugeuk",8.621,-65.241,0,"Azuner",36.674,-87.425,0,"magimari",-0.357,-106.974,0,"卯月満開",-40.306,-94.512,0,6925.726,-42.958,-73.463,6926.959,8,"卯月満開",-50.868,-79.681,1,0,0,0,0,0,0,2
174,9,1,3,4,0,0,2,1,1,0,255,2,255,83,6953.808,"Apple_Sherbet",R,32,83,136,-1.212,-0.273,0.357,1.836,-36.538,2,0,233.757,-200,1.979,0,0,1,8,8,R,"Pizzallaris",165.8,88.152,0.346,3,59,6954.878,147,25,100,75,64,150,128,3.608,13.751,0.38,-0.029,-0.005,0.019,0.095,0.269,0.094,-36.926,0,"HalF_HearteD",-0.222,-16.887,0,"하루（Haru）",-19.553,-46.652,0,"장덕춘_",-14.137,-64.397,0,"HANA_ARASHI",21.08,-47.891,0,"Pugeuk",8.898,-64.84,0,"Azuner",37.718,-87.367,0,"magimari",-0.606,-98.062,0,"卯月満開",-39.889,-93.587,93,6956.326,-13.247,-60.253,6958.076,8,"卯月満開",-28.125,-94.129,1,0,0,0,0,0,0,2
175,9,1,3,4,0,0,2,1,1,1,8,0,2,84,6987.696,"Apple_Sherbet",R,26,95,140,1.208,0.548,0.514,1.77,-36.467,0,0,135,-200,9.334,0,0,0,0,7,R,"紅さかな",172.5,87.576,0.452,0,59,0,0,0,0,0,0,0,0,0,0,0,0,0,0,0,0,0.335,-37.473,0,"HalF_HearteD",0.039,-16.967,0,"하루（Haru）",-19.888,-45.528,0,"장덕춘_",-14.288,-64.259,0,"HANA_ARASHI",21.355,-47.973,0,"Pugeuk",5.929,-62.202,0,"Azuner",37.783,-86.839,0,"magimari",-1.252,-102.089,0,"卯月満開",-39.38,-90.894,0,0,0,0,0,0,"",0,0,0,0,0,0,0,0,0,0
176,9,1,3,4,0,1,2,1,1,1,8,0,2,85,7003.442,"Apple_Sherbet",R,13,67,96,-1.732,-0.885,0.473,1.853,-36.681,2,0,-349.666,299.12,-15.453,0,0,1,0,7,R,"紅さかな",172.5,87.576,0.452,3,59,7004.747,104,10,48,109,80,129,68,92.849,-86.123,0.96,-0.045,-0.122,0.08,0,0.35,-0.086,-36.774,0,"HalF_HearteD",-0.21,-16.829,0,"하루（Haru）",-19.333,-46.358,0,"장덕춘_",-14.244,-64.303,0,"HANA_ARASHI",21.803,-49.499,0,"Pugeuk",9.686,-63.376,0,"Azuner",37.585,-86.999,0,"magimari",-2.183,-103.865,0,"卯月満開",-39.298,-95.711,0,7009.76,-39.505,-15.509,0,0,"",0,0,0,0,0,0,0,0,0,3
177,9,1,3,4,0,2,2,1,1,1,8,0,2,86,7026.178,"Apple_Sherbet",R,10,80,121,0.297,-2.011,0.49,1.793,-36.489,2,0,0,400,-8.403,0.063,-20.628,1,0,7,R,"紅さかな",172.5,87.576,0.452,3,59,7027.326,202,14,126,102,17,150,127,-17.734,-1.762,0.44,-0.029,-0.106,0.152,0,0.227,0.113,-36.992,0,"HalF_HearteD",0.011,-16.821,0,"하루（Haru）",-19.784,-46.462,0,"장덕춘_",-14.034,-64.154,0,"HANA_ARASHI",21.74,-48.927,0,"Pugeuk",10.237,-63.861,0,"Azuner",37.522,-88.503,0,"magimari",-2.416,-104.928,0,"卯月満開",-39.81,-91.047,0,7027.442,0.078,-21.069,7028.26,0,"Apple_Sherbet",0.522,-35.761,0,0,0,0,0,0,0,2
