id,inn,half,scoreA,scoreB,ball,strk,out,b1,b2,b3,b1Idx,b2Idx,b3Idx,pCnt,pSec,pName,pHand,pType,spdK,zoneX,zoneY,startX,startY,zDist,call,balk,sH,sV,gyro,plx,plz,bSwing,bIdx,bPos,bZone,bName,bHCm,batLen,batCen,batType,bFps,hSec,rotS,rotL,shS,lgS,prepS,impMv,batSpd,ev,ldeg,sdeg,hPos,hMoveX,hMoveY,stayCon,buntGrip,PPosX,PPosY,PThrSpd,CName,CPosX,CPosY,CThrSpd,1BName,1BPosX,1BPosY,1BThrSpd,2BName,2BPosX,2BPosY,2BThrSpd,3BName,3BPosX,3BPosY,3BThrSpd,SSName,SSPosX,SSPosY,SSThrSpd,LFName,LFPosX,LFPosY,LFThrSpd,CFName,CFPosX,CFPosY,CFThrSpd,RFName,RFPosX,RFPosY,RFThrSpd,ltSec,lx,lz,cSec,cPos,cPlr,cx,cz,1BSafe,tag,cpSec,sb2Sec,sb3Sec,sbhSec,ass,result
1,1,1,0,0,0,0,0,0,0,0,255,255,255,0,1575.919,"하루（Haru）",R,26,140,1.928,0.094,0.098,1.922,-36.358,2,0,74.563,-156.509,5.256,0,0,1,0,1,R,"mochi_2929",180.2,97.434,0.447,3,59,1576.991,187,18,125,86,36,159,150,99,91.425,-87.105,-0.19,0.025,-0.035,0.027,0,-0.534,-36.776,0,"HalF_HearteD",0.186,-17.035,0,"Azuner",-23.104,-48.472,0,"장덕춘_",-14.823,-63.943,0,"bdg06213",22.205,-48.431,0,"Pugeuk",10.434,-58.676,0,"Apple_Sherbet",40.819,-87.951,0,"magimari",-1.909,-105.23,0,"卯月満開",-44.775,-95.725,0,0,0,0,0,0,"",0,0,0,0,0,0,0,0,0,3
2,1,1,0,0,0,1,0,0,0,0,255,255,255,1,1594.502,"하루（Haru）",R,10,99,1.18,-0.513,0.11,1.933,-36.459,2,0,0,400,-6.441,0,0,1,0,1,R,"mochi_2929",180.2,97.434,0.447,3,59,1595.786,65,14,107,63,18,156,115,107,-30,1.148,0.12,0.047,-0.048,0.185,0,0.069,-37.289,0,"HalF_HearteD",0.124,-16.937,0,"Azuner",-23.113,-48.471,0,"장덕춘_",-14.835,-63.887,0,"bdg06213",21.127,-48.429,0,"Pugeuk",10.997,-59.264,0,"Apple_Sherbet",41.265,-86.996,0,"magimari",-1.834,-104.506,0,"卯月満開",-42.759,-90.24,0,1595.658,0.212,-19.792,1607.691,7,"magimari",-8.296,-133.109,1,0,0,0,0,0,0,2
3,1,1,0,0,0,0,0,0,0,1,255,255,1,2,1641.907,"하루（Haru）",R,27,140,1.514,1.828,0.125,2.085,-36.455,1,0,64.689,-122.527,5.809,0,0,0,1,3,R,"sano jpn",170.5,87.841,0.328,0,75,0,0,0,0,0,0,0,0,0,0,0,0,0,0,0,0,0.07,-37.54,0,"HalF_HearteD",0.069,-16.869,0,"Azuner",-20.989,-46.401,0,"장덕춘_",-14.677,-63.946,0,"bdg06213",20.518,-44.078,0,"Pugeuk",10.246,-58.41,0,"Apple_Sherbet",44.034,-91.071,0,"magimari",-2.37,-105.227,0,"卯月満開",-39.454,-92.658,0,0,0,0,0,0,"",0,0,0,0,0,0,0,0,0,0
4,1,1,0,0,1,0,0,0,0,1,255,255,1,3,1659.37,"하루（Haru）",R,27,140,-0.677,1.178,-0.08,1.986,-36.368,1,0,59.257,-115.546,9.117,0,0,0,1,3,R,"sano jpn",170.5,87.841,0.328,0,75,0,0,0,0,0,0,0,0,0,0,0,0,0,0,0,0,-0.327,-37.22,0,"HalF_HearteD",-0.14,-16.897,0,"Azuner",-20.946,-46.421,0,"장덕춘_",-14.661,-63.891,0,"bdg06213",19.05,-44.357,0,"Pugeuk",10.493,-58.46,0,"Apple_Sherbet",43.279,-90.347,0,"magimari",-1.559,-105.567,0,"卯月満開",-39.486,-88.907,0,0,0,0,0,0,"",0,0,0,0,0,0,0,0,0,0
5,1,1,0,0,2,0,0,0,0,1,255,255,1,4,1674.646,"하루（Haru）",R,28,132,0.846,1.32,0.069,2.018,-36.445,1,0,32.981,-70.413,3.211,0,0,0,1,3,R,"sano jpn",170.5,87.841,0.328,0,75,0,0,0,0,0,0,0,0,0,0,0,0,0,0,0,0,-0.262,-36.988,0,"HalF_HearteD",-0.022,-16.972,0,"Azuner",-20.952,-46.376,0,"장덕춘_",-14.694,-63.9,0,"bdg06213",19.569,-42.984,0,"Pugeuk",10.405,-58.603,0,"Apple_Sherbet",43.308,-90.35,0,"magimari",-1.539,-105.543,0,"卯月満開",-40.171,-89.904,0,0,0,0,0,0,"",0,0,0,0,0,0,0,0,0,0
6,1,1,0,0,3,0,0,0,0,1,255,255,1,5,1689.453,"하루（Haru）",R,10,92,-0.055,-0.765,-0.012,1.938,-36.928,2,0,0,388.878,-7.09,0,0,1,1,3,R,"sano jpn",170.5,87.841,0.328,3,75,1690.693,120,17,81,105,49,132,140,110,-30,48.019,0.92,-0.042,0.026,0.118,0.4,-0.216,-36.946,0,"HalF_HearteD",0.001,-17.042,0,"Azuner",-20.916,-46.421,0,"장덕춘_",-14.676,-63.883,0,"bdg06213",19.203,-42.888,0,"Pugeuk",10.523,-58.334,0,"Apple_Sherbet",43.035,-90.116,0,"magimari",-1.57,-105.565,0,"卯月満開",-40.147,-89.896,0,1690.608,-1.145,-21.299,0,0,"",0,0,0,0,0,0,0,0,0,3
7,1,1,0,0,3,1,0,0,0,1,255,255,1,6,1708.123,"하루（Haru）",R,27,132,-0.614,-0.747,-0.08,1.683,-36.375,0,0,77.366,-119.772,8.89,0,0,0,1,3,R,"sano jpn",170.5,87.841,0.328,0,75,0,0,0,0,0,0,0,0,0,0,0,0,0,0,0,0,-0.01,-37.574,0,"HalF_HearteD",-0.111,-16.827,0,"Azuner",-20.84,-46.42,0,"장덕춘_",-13.788,-63.545,0,"bdg06213",20.678,-45.157,0,"Pugeuk",11.831,-60.223,0,"Apple_Sherbet",44.244,-87.101,0,"magimari",-2.426,-105.702,0,"卯月満開",-42.235,-90.775,0,0,0,0,0,0,"",0,0,0,0,0,0,0,0,0,0
8,1,1,0,0,3,2,0,0,0,1,255,255,1,7,1722.887,"하루（Haru）",R,27,140,0.334,0.75,0.013,1.911,-36.323,2,0,64.376,-148.753,7.669,0,0,1,1,3,R,"sano jpn",170.5,87.841,0.328,3,75,1723.912,155,4,57,22,20,50,105,67,14.741,7.757,-0.36,-0.048,0.019,0.014,0,-0.688,-36.935,0,"HalF_HearteD",0.001,-16.941,0,"Azuner",-20.791,-46.516,0,"장덕춘_",-13.93,-63.379,0,"bdg06213",21.305,-47.007,0,"Pugeuk",11.359,-59.888,0,"Apple_Sherbet",43.49,-88.36,0,"magimari",-2.018,-106.171,0,"卯月満開",-42.345,-90.967,0,1725.975,-6.791,-53.49,1726.725,3,"장덕춘_",-7.682,-57.811,0,0,0,0,0,0,0,2
9,1,1,0,0,0,0,1,0,0,1,255,255,1,8,1752.923,"하루（Haru）",R,10,102,0.916,-0.283,0.085,1.935,-36.552,0,0,0,400,-8.127,0,0,0,2,0,R,"559：広告",190,83.967,0.437,0,36,0,0,0,0,0,0,0,0,0,0,0,0,0,0,0,0,-0.017,-37.377,0,"HalF_HearteD",0.106,-16.688,0,"Azuner",-21.298,-46.619,0,"장덕춘_",-14.2,-64.267,0,"bdg06213",21.146,-45.625,0,"Pugeuk",10.475,-57.753,0,"Apple_Sherbet",41.925,-87.99,0,"magimari",-1.06,-106.05,0,"卯月満開",-40.82,-93.464,0,0,0,0,0,0,"",0,0,0,0,0,0,0,0,0,0
10,1,1,0,0,0,1,1,0,0,1,255,255,1,9,1767.178,"하루（Haru）",R,27,140,-0.236,0.343,-0.038,1.864,-36.262,2,0,57.519,-139.261,7.065,0,0,1,2,0,R,"559：広告",190,83.967,0.437,3,36,1768.258,208,19,119,56,18,131,150,130,101.308,-78.814,0.63,-0.002,-0.057,0.114,0,-0.124,-37.291,0,"HalF_HearteD",0.082,-16.804,0,"Azuner",-21.3,-46.733,0,"장덕춘_",-14.019,-64.542,0,"bdg06213",20.938,-47.832,0,"Pugeuk",11.251,-59.2,0,"Apple_Sherbet",41.981,-87.412,0,"magimari",-1.079,-106.032,0,"卯月満開",-40.847,-93.579,0,0,0,0,0,0,"",0,0,0,0,0,0,0,0,0,3
11,1,1,0,0,0,2,1,0,0,1,255,255,1,10,1787.011,"하루（Haru）",R,27,137,1.885,0.975,0.159,1.989,-36.407,2,0,57.465,-125.137,4.646,0,0,1,2,0,R,"559：広告",190,83.967,0.437,3,36,1788.118,72,6,59,31,18,70,92,67,18.733,21.379,-0.48,0.001,-0.06,0.081,0,-0.369,-36.599,0,"HalF_HearteD",0.19,-16.878,0,"Azuner",-21.482,-46.76,0,"장덕춘_",-14.434,-63.995,0,"bdg06213",21.082,-47.042,0,"Pugeuk",11.814,-59.896,0,"Apple_Sherbet",43.697,-88.965,0,"magimari",-2.525,-105.707,0,"卯月満開",-41.878,-94.034,0,1790.791,-14.811,-56.379,1790.858,3,"장덕춘_",-14.008,-54.387,0,0,0,0,0,0,0,1
12,1,1,0,0,0,0,2,0,0,1,255,255,1,11,1820.489,"하루（Haru）",R,11,89,-0.575,0.301,-0.02,1.927,-36.822,0,0,0,179.411,-4.4,0,0,0,3,4,R,"にゃんこ3K",190,89.777,0.5,0,59,0,0,0,0,0,0,0,0,0,0,0,0,0,0,0,0,-0.07,-37.45,0,"HalF_HearteD",0.014,-16.725,0,"Azuner",-22.098,-47.466,0,"장덕춘_",-14.548,-64.52,0,"bdg06213",21.436,-48.091,0,"Pugeuk",11.867,-61.046,0,"Apple_Sherbet",43.028,-86.766,0,"magimari",-1.833,-106.786,0,"卯月満開",-41.428,-96.689,0,0,0,0,0,0,"",0,0,0,0,0,0,0,0,0,0
13,1,1,0,0,0,1,2,0,0,1,255,255,1,12,1836.116,"하루（Haru）",R,26,140,-0.503,0.09,-0.062,1.812,-36.168,0,0,59.01,-153.7,9.088,0,0,0,3,4,R,"にゃんこ3K",190,89.777,0.5,0,59,0,0,0,0,0,0,0,0,0,0,0,0,0,0,0,0,0.046,-37.453,0,"HalF_HearteD",0.008,-16.974,0,"Azuner",-22.094,-47.44,0,"장덕춘_",-14.676,-64.401,0,"bdg06213",21.389,-48.209,0,"Pugeuk",11.897,-60.997,0,"Apple_Sherbet",43.134,-86.846,0,"magimari",-1.839,-106.783,0,"卯月満開",-41.829,-96.804,0,0,0,0,0,0,"",0,0,0,0,0,0,0,0,0,0
14,1,1,0,0,0,2,2,0,0,1,255,255,1,13,1852.027,"하루（Haru）",R,4,93,-1.62,0.184,-0.061,1.875,-36.655,2,0,-179.561,0,-0.727,0,0,1,3,4,R,"にゃんこ3K",190,89.777,0.5,3,59,1853.319,187,12,97,44,25,112,142,130,30.994,19.267,0.64,-0.061,-0.071,0.126,0,-0.442,-36.913,0,"HalF_HearteD",-0.393,-16.781,0,"Azuner",-22.427,-47.762,0,"장덕춘_",-14.62,-64.345,0,"bdg06213",21.248,-48.226,0,"Pugeuk",11.92,-60.849,0,"Apple_Sherbet",44.807,-90.549,0,"magimari",-1.852,-106.784,0,"卯月満開",-42.449,-96.323,0,1858.941,-49.385,-129.166,0,0,"",0,0,0,0,0,0,0,0,0,4
15,1,1,2,0,0,0,2,0,0,0,255,255,255,14,1901.853,"하루（Haru）",R,26,140,-2.066,-1.102,-0.21,1.576,-36.138,2,0,81.889,-179.979,23.267,0,0,1,4,2,L,"檸檬の残骸",190,80,0.414,3,59,1902.891,255,13,144,49,27,185,150,130,-30,5.751,0.3,-0.029,-0.025,0.313,0,-0.504,-36.622,0,"HalF_HearteD",-0.059,-16.837,0,"Azuner",-20.039,-47.506,0,"장덕춘_",-14.27,-64.254,0,"bdg06213",22.405,-48.276,0,"Pugeuk",11.858,-60.105,0,"Apple_Sherbet",44.513,-87.323,0,"magimari",-2.01,-107.088,0,"卯月満開",-38.667,-87.609,0,1902.825,-0.465,-19.782,1906.258,7,"magimari",-8.871,-96.019,1,0,0,0,0,0,0,2
16,1,1,2,0,0,0,2,1,0,0,2,255,255,15,1934.953,"하루（Haru）",R,26,140,-0.316,0.289,-0.045,1.834,-36.263,0,0,63.796,-162.439,9.194,0,0,1,5,7,L,"alcohol500",168.1,93.556,0.379,0,59,0,0,0,0,0,0,0,0,0,0,0,0,0,0,0,0,-0.038,-37.045,0,"HalF_HearteD",-0.004,-16.805,0,"Azuner",-18.686,-44.658,0,"장덕춘_",-14.257,-64.256,0,"bdg06213",21.543,-47.776,0,"Pugeuk",8.145,-59.641,0,"Apple_Sherbet",42.995,-88.084,0,"magimari",-1.174,-107.455,0,"卯月満開",-39.283,-90.015,0,0,0,0,0,0,"",0,0,0,0,0,0,0,0,0,0
17,1,1,2,0,0,1,2,1,0,0,2,255,255,16,1951.427,"하루（Haru）",R,5,96,-0.884,1.489,0.037,1.93,-36.754,2,0,-86.724,0,1.816,0,0,1,5,7,L,"alcohol500",168.1,93.556,0.379,3,59,1952.732,103,5,55,19,8,66,75,78,-30,-40.905,0.61,-0.047,-0.029,0.038,0,-0.058,-37.444,0,"HalF_HearteD",-0.012,-16.878,0,"Azuner",-19.309,-43.701,0,"장덕춘_",-12.109,-60.33,0,"bdg06213",21.623,-48.597,0,"Pugeuk",10.83,-58.817,0,"Apple_Sherbet",43.665,-88.969,0,"magimari",-0.77,-107.955,0,"卯月満開",-39.194,-90.033,0,1952.641,1.23,-19.521,1954.558,4,"bdg06213",17.921,-43.519,0,0,0,0,0,0,0,2
18,1,0,2,0,0,0,0,0,0,0,255,255,255,0,2122.587,"559：広告",R,26,140,1.153,0.393,0.072,1.826,-36.506,0,0,161.517,-195.06,5.535,0,0,0,0,6,R,"Apple_Sherbet",176,86.926,0.303,0,59,0,0,0,0,0,0,0,0,0,0,0,0,0,0,0,0,-0.074,-37.656,0,"mochi_2929",0.045,-16.498,0,"檸檬の残骸",-20.287,-45.738,0,"sano jpn",-14.303,-63.553,0,"にゃんこ3K",22.456,-53.088,0,"しろくま。",9.215,-61.576,0,"ぐだもん",35.215,-90.235,0,"alcohol500",-0.161,-110.87,0,"あくせる",-43.115,-86.758,0,0,0,0,0,0,"",0,0,0,0,0,0,0,0,0,0
19,1,0,2,0,0,1,0,0,0,0,255,255,255,1,2136.809,"559：広告",R,26,137,1.387,0.5,0.099,1.846,-36.541,2,0,120.112,-180.212,6.119,0,0,1,0,6,R,"Apple_Sherbet",176,86.926,0.303,3,59,2137.776,175,20,133,53,26,196,150,96,38.201,-9.029,-0.27,-0.009,-0.032,0.281,0,-0.173,-36.991,0,"mochi_2929",0.018,-16.492,0,"檸檬の残骸",-20.375,-45.795,0,"sano jpn",-14.155,-63.387,0,"にゃんこ3K",22.387,-53.071,0,"しろくま。",9.09,-61.897,0,"ぐだもん",33.384,-93.011,0,"alcohol500",-0.502,-110.563,0,"あくせる",-43.05,-86.758,0,2142.691,2.494,-94.865,2142.891,7,"alcohol500",2.508,-92.858,0,0,0,0,0,0,0,1
20,1,0,2,0,0,0,1,0,0,0,255,255,255,2,2173.86,"559：広告",R,26,129,3.236,1.258,0.272,1.945,-36.734,4,0,118.664,-163.193,3.128,0,0,1,1,3,R,"장덕춘_",164.7,94.644,0.8,0,59,0,0,0,0,0,0,0,0,0,0,0,0,0,0,0,0,-0.04,-37.547,0,"mochi_2929",-0.018,-16.725,0,"檸檬の残骸",-20.015,-45.754,0,"sano jpn",-14.712,-63.534,0,"にゃんこ3K",21.366,-52.771,0,"しろくま。",8.761,-60.104,0,"ぐだもん",32.312,-90.073,0,"alcohol500",-4.514,-105.713,0,"あくせる",-42.229,-85.032,0,0,0,0,0,0,"",0,0,0,0,0,0,0,0,0,0
21,1,0,2,0,0,1,1,0,0,0,255,255,255,3,2189.723,"559：広告",R,13,123,-1.227,-1.411,0.003,1.737,-36.662,1,0,-324.448,380.439,0.069,-0.353,-17.674,0,1,3,R,"장덕춘_",164.7,94.644,0.8,0,59,0,0,0,0,0,0,0,0,0,0,0,0,0,0,0,0,0.06,-37.655,0,"mochi_2929",-0.031,-16.727,0,"檸檬の残骸",-20.147,-46.001,0,"sano jpn",-14.629,-63.55,0,"にゃんこ3K",21.351,-52.818,0,"しろくま。",8.69,-59.692,0,"ぐだもん",32.248,-89.943,0,"alcohol500",-3.464,-105.906,0,"あくせる",-42.292,-85.174,0,0,0,0,0,0,"",0,0,0,0,0,0,0,0,0,0
22,1,0,2,0,1,1,1,0,0,0,255,255,255,4,2206.076,"559：広告",R,13,112,-1.548,-1.924,-0.071,1.619,-36.515,4,0,-245.138,400,3.902,-0.35,-18.742,1,1,3,R,"장덕춘_",164.7,94.644,0.8,0,59,0,0,0,0,0,0,0,0,0,0,0,0,0,0,0,0,0.073,-37.505,0,"mochi_2929",-0.156,-16.693,0,"檸檬の残骸",-20.254,-46.131,0,"sano jpn",-15.599,-61.733,0,"にゃんこ3K",22.011,-53.695,0,"しろくま。",8.172,-60.558,0,"ぐだもん",32.353,-90.083,0,"alcohol500",-3.22,-105.862,0,"あくせる",-42.261,-85.097,0,0,0,0,0,0,"",0,0,0,0,0,0,0,0,0,0
23,1,0,2,0,1,2,1,0,0,0,255,255,255,5,2222.305,"559：広告",R,26,131,1.697,0.601,-0.065,2.001,-36.575,2,0,96.302,-187.329,7.204,0,0,1,1,3,R,"장덕춘_",164.7,94.644,0.8,3,59,2223.087,58,9,75,52,34,103,88,83,29.294,38.223,0.43,-0.042,0.012,0.091,0,-0.229,-37.029,0,"mochi_2929",-0.016,-16.634,0,"檸檬の残骸",-19.957,-45.738,0,"sano jpn",-12.537,-59.56,0,"にゃんこ3K",21.95,-53.579,0,"しろくま。",8.2,-60.707,0,"ぐだもん",32.298,-90.095,0,"alcohol500",-3.394,-105.666,0,"あくせる",-42.223,-85.039,0,0,0,0,2227.558,8,"あくせる",-39.383,-72.687,0,0,0,0,0,0,0,1
24,1,0,2,0,0,0,2,0,0,0,255,255,255,6,2251.932,"559：広告",R,3,117,-0.394,-0.021,0.068,1.858,-36.946,0,0,-299.829,149.393,-6.359,0,0,0,2,5,R,"Pugeuk",169.8,90.921,0.474,0,59,0,0,0,0,0,0,0,0,0,0,0,0,0,0,0,0,-0.383,-37.076,0,"mochi_2929",-0.218,-16.703,0,"檸檬の残骸",-20.391,-45.796,0,"sano jpn",-15.159,-61.817,0,"にゃんこ3K",22.382,-52.219,0,"しろくま。",7.163,-63.708,0,"ぐだもん",31.833,-87.73,0,"alcohol500",-3.37,-103.876,0,"あくせる",-41.784,-84.607,0,0,0,0,0,0,"",0,0,0,0,0,0,0,0,0,0
25,1,0,2,0,0,1,2,0,0,0,255,255,255,7,2266.259,"559：広告",R,13,116,0.459,-1.243,0.182,1.726,-36.715,1,0,-361.231,281.796,-4.05,-0.059,-17.23,0,2,5,R,"Pugeuk",169.8,90.921,0.474,0,59,0,0,0,0,0,0,0,0,0,0,0,0,0,0,0,0,-0.242,-37.883,0,"mochi_2929",-0.049,-16.79,0,"檸檬の残骸",-20.53,-45.909,0,"sano jpn",-14.436,-63.434,0,"にゃんこ3K",22.883,-51.886,0,"しろくま。",7.251,-63.656,0,"ぐだもん",31.834,-87.731,0,"alcohol500",-3.423,-103.996,0,"あくせる",-41.919,-84.387,0,0,0,0,0,0,"",0,0,0,0,0,0,0,0,0,0
26,1,0,2,0,1,1,2,0,0,0,255,255,255,8,2280.085,"559：広告",R,4,115,1.928,0.146,0.271,1.835,-37.091,4,0,-215.543,0,-4.694,0,0,1,2,5,R,"Pugeuk",169.8,90.921,0.474,0,59,0,0,0,0,0,0,0,0,0,0,0,0,0,0,0,0,-0.026,-37.399,0,"mochi_2929",-0.141,-16.797,0,"檸檬の残骸",-20.598,-46.168,0,"sano jpn",-14.696,-61.376,0,"にゃんこ3K",22.885,-51.888,0,"しろくま。",7.354,-63.659,0,"ぐだもん",31.85,-87.607,0,"alcohol500",-3.404,-103.923,0,"あくせる",-41.951,-84.264,0,0,0,0,0,0,"",0,0,0,0,0,0,0,0,0,0
27,1,0,2,0,1,2,2,0,0,0,255,255,255,9,2295.411,"559：広告",R,27,128,-0.42,1.766,-0.058,2.039,-36.615,2,0,79.329,-141.863,-0.272,0,0,1,2,5,R,"Pugeuk",169.8,90.921,0.474,3,59,2296.405,145,11,100,47,20,111,141,124,35.837,10.103,0.45,0.001,0.042,0.313,0,-0.111,-37.244,0,"mochi_2929",-0.06,-16.572,0,"檸檬の残骸",-21.784,-47.57,0,"sano jpn",-15.954,-66.02,0,"にゃんこ3K",22.599,-52.327,0,"しろくま。",7.502,-63.668,0,"ぐだもん",31.795,-87.633,0,"alcohol500",-2.92,-104.206,0,"あくせる",-41.955,-84.345,0,2302.741,-28.273,-126.209,2304.325,7,"alcohol500",-24.262,-125.886,1,0,0,0,0,0,0,2
28,1,0,2,0,0,0,2,0,1,0,255,14,255,10,2338.385,"559：広告",R,3,110,0.433,0.372,0.181,1.888,-37.236,0,0,-305.573,0,-3.035,0,0,0,3,0,R,"하루（Haru）",190,80,0.55,0,59,0,0,0,0,0,0,0,0,0,0,0,0,0,0,0,0,-0.225,-37.405,0,"mochi_2929",-0.172,-16.681,0,"檸檬の残骸",-20.804,-45.877,0,"sano jpn",-14.406,-63.911,0,"にゃんこ3K",19.927,-46.029,0,"しろくま。",3.236,-62.507,0,"ぐだもん",40.258,-95.146,0,"alcohol500",-2.922,-111.798,0,"あくせる",-46.404,-89.137,0,0,0,0,0,0,"",0,0,0,0,0,0,0,0,0,0
29,1,0,2,0,0,1,2,0,1,0,255,14,255,11,2357.685,"559：広告",R,5,107,0.774,-0.185,0.126,1.772,-37.453,2,0,-112.302,0,0.168,0,0,1,3,0,R,"하루（Haru）",190,80,0.55,2,59,2358.713,255,18,117,114,68,255,150,99,10.936,19.281,0.96,-0.091,0.032,0.106,0,-0.443,-37.188,0,"mochi_2929",-0.161,-16.676,0,"檸檬の残骸",-21.02,-46.121,0,"sano jpn",-14.069,-63.465,0,"にゃんこ3K",19.887,-46.962,0,"しろくま。",6.724,-63.657,0,"ぐだもん",39.249,-95.178,0,"alcohol500",-2.954,-111.495,0,"あくせる",-46.382,-89.187,0,0,0,0,2360.658,3,"sano jpn",-13.854,-60.853,0,0,0,0,0,0,0,1
30,2,1,2,0,0,0,0,0,0,0,255,255,255,17,2409.43,"하루（Haru）",R,27,140,-2.115,-0.282,-0.206,1.76,-36.166,1,0,37.861,-105.719,12.245,0,0,0,6,8,R,"あくせる",174.6,86.41,0.669,0,72,0,0,0,0,0,0,0,0,0,0,0,0,0,0,0,0,0.066,-37.354,0,"HalF_HearteD",0,-16.66,0,"Azuner",-22.888,-48.39,0,"장덕춘_",-14.318,-63.99,0,"bdg06213",21.251,-49.99,0,"Pugeuk",10.982,-59.077,0,"Apple_Sherbet",42.324,-89.242,0,"magimari",-0.202,-112.852,0,"卯月満開",-42.756,-91.163,0,0,0,0,0,0,"",0,0,0,0,0,0,0,0,0,0
31,2,1,2,0,1,0,0,0,0,0,255,255,255,18,2425.182,"하루（Haru）",R,26,140,-0.574,0.026,-0.074,1.789,-36.242,2,0,74.613,-188.255,21.01,0,0,1,6,8,R,"あくせる",174.6,86.41,0.669,3,72,2426.256,255,21,98,69,26,100,150,117,-2.167,42.953,0.84,0.012,-0.09,0.142,0,-0.277,-36.964,0,"HalF_HearteD",0.097,-16.654,0,"Azuner",-22.889,-48.287,0,"장덕춘_",-14.148,-64.053,0,"bdg06213",21.376,-50.189,0,"Pugeuk",11.136,-58.853,0,"Apple_Sherbet",42.163,-87.841,0,"magimari",-1.628,-111.678,0,"卯月満開",-42.736,-91.16,0,2426.558,-9.882,-28.546,2427.741,2,"Azuner",-25.102,-43.804,0,0,0,0,0,0,0,2
32,2,1,2,0,1,1,0,0,0,0,255,255,255,19,2448.46,"하루（Haru）",R,10,95,0.866,-1.058,0.021,2.031,-36.678,2,0,0,400,-10.109,0,0,1,6,8,R,"あくせる",174.6,86.41,0.669,3,72,2449.743,255,19,94,71,40,107,150,130,-16.02,-19.159,0.49,0.014,-0.063,0.118,0,-0.346,-37.251,0,"HalF_HearteD",0.146,-16.663,0,"Azuner",-22.638,-48.203,0,"장덕춘_",-14.924,-64.169,0,"bdg06213",20.796,-49.548,0,"Pugeuk",11.518,-57.79,0,"Apple_Sherbet",43.969,-87.671,0,"magimari",-2.783,-110.492,0,"卯月満開",-43.615,-87.891,0,2449.658,0.736,-22.259,2455.858,7,"magimari",22.869,-117.618,1,0,0,0,0,0,0,2
33,2,1,2,0,0,0,0,0,1,0,255,8,255,20,2489.792,"하루（Haru）",R,27,140,0.66,1.114,0.002,1.923,-36.296,2,0,77.844,-138.534,8.286,0,0,1,7,5,R,"しろくま。",179.5,96,0.298,3,59,2490.659,172,16,75,31,6,80,136,88,27.167,-13.656,-0.48,0.027,-0.032,0.244,0,-0.278,-36.722,0,"HalF_HearteD",0.144,-16.774,0,"Azuner",-22.142,-47.428,0,"장덕춘_",-14,-63.887,0,"bdg06213",20.782,-49.136,0,"Pugeuk",10.088,-60.521,0,"Apple_Sherbet",42.814,-87.177,0,"magimari",-0.887,-109.951,0,"卯月満開",-40.679,-96.766,0,2495.325,19.842,-91.747,2496.558,6,"Apple_Sherbet",21.606,-97.897,1,0,0,0,0,0,0,2
34,2,1,2,0,0,0,0,0,1,1,255,255,8,21,2725.359,"하루（Haru）",R,27,140,-0.376,0.931,-0.055,1.949,-36.407,0,0,83.87,-137.397,10.241,0,0,1,8,6,R,"ぐだもん",174.5,92.695,0.328,0,59,0,0,0,0,0,0,0,0,0,0,0,0,0,0,0,0,-0.185,-37.448,0,"HalF_HearteD",-0.026,-16.657,0,"Azuner",-21.269,-46.644,0,"장덕춘_",-13.957,-64.669,0,"bdg06213",21.773,-49.623,0,"Pugeuk",8.158,-59.574,0,"Apple_Sherbet",42.775,-88.861,0,"magimari",0.201,-109.944,0,"卯月満開",-40.348,-89.399,0,0,0,0,0,0,"",0,0,0,0,0,0,0,0,0,0
35,2,1,2,0,0,1,0,0,1,1,255,255,8,22,2751.31,"하루（Haru）",R,28,140,-0.15,0.52,-0.038,1.893,-36.299,0,0,85.567,-95.648,8.02,0,0,1,8,6,R,"ぐだもん",174.5,92.695,0.328,0,59,0,0,0,0,0,0,0,0,0,0,0,0,0,0,0,0,-0.037,-37.472,0,"HalF_HearteD",0.019,-16.645,0,"Azuner",-20.917,-46.278,0,"장덕춘_",-13.627,-64.356,0,"bdg06213",21.585,-51.512,0,"Pugeuk",10.413,-60.812,0,"Apple_Sherbet",41.521,-89.582,0,"magimari",0.23,-110.026,0,"卯月満開",-41.135,-92.98,0,0,0,0,0,0,"",0,0,0,0,0,0,0,0,0,0
36,2,1,2,0,0,2,0,0,1,1,255,255,8,23,2773.693,"하루（Haru）",R,10,97,-0.903,-1.072,-0.081,1.85,-36.916,2,0,0,351.864,-5.169,0,0,1,8,6,R,"ぐだもん",174.5,92.695,0.328,3,59,2774.62,183,23,82,94,16,18,146,117,8.893,8.237,0.79,-0.006,0.023,0.015,0,-0.567,-36.828,0,"HalF_HearteD",0.048,-16.823,0,"Azuner",-20.877,-46.272,0,"장덕춘_",-13.707,-64.275,0,"bdg06213",21.533,-51.902,0,"Pugeuk",10.013,-60.202,0,"Apple_Sherbet",41.67,-89.479,0,"magimari",0.218,-110.062,0,"卯月満開",-40.838,-92.116,0,2776.808,-16.131,-82.335,2780.625,7,"magimari",-26.77,-121.83,1,0,0,0,0,0,0,2
37,2,1,4,0,0,0,0,0,1,0,255,255,255,24,2823.785,"하루（Haru）",R,26,140,-1.409,-0.552,-0.149,1.686,-36.178,2,0,67.627,-200,25.993,0,0,1,0,1,R,"mochi_2929",180.2,97.434,0.447,3,51,2824.86,174,15,117,62,20,195,150,111,-15.077,7.29,0.94,0.112,-0.006,0.13,0,-0.108,-36.827,0,"HalF_HearteD",-0.021,-16.98,0,"Azuner",-21.796,-47.387,0,"장덕춘_",-14.23,-64.006,0,"bdg06213",23.234,-51.865,0,"Pugeuk",10.576,-60.847,0,"Apple_Sherbet",42.414,-91.352,0,"magimari",-1.412,-111.219,0,"卯月満開",-41.049,-92.249,0,2824.791,-1.065,-19.359,2825.225,1,"HalF_HearteD",-0.252,-22.51,0,0,0,0,0,0,0,2
38,2,1,4,0,0,1,0,0,1,0,255,255,255,25,2848.544,"하루（Haru）",R,26,140,-0.979,0.444,-0.108,1.862,-36.328,0,0,59.735,-188.77,21.933,-0.306,-16.969,0,0,1,R,"mochi_2929",180.2,97.434,0.447,0,59,0,0,0,0,0,0,0,0,0,0,0,0,0,0,0,0,-0.694,-37.111,0,"HalF_HearteD",-0.067,-16.849,0,"Azuner",-21.825,-47.335,0,"장덕춘_",-13.939,-64.096,0,"bdg06213",22.984,-52.246,0,"Pugeuk",8.313,-60.754,0,"Apple_Sherbet",43.181,-91.543,0,"magimari",-1.013,-108.935,0,"卯月満開",-41.657,-94.574,0,0,0,0,0,0,"",0,0,0,0,0,0,0,0,0,0
39,2,1,4,0,0,2,0,0,1,0,255,255,255,26,2872.981,"하루（Haru）",R,27,134,-0.999,1.682,-0.099,2.093,-36.436,1,0,20.938,-119.491,10.103,0,0,0,0,1,R,"mochi_2929",180.2,97.434,0.447,0,59,0,0,0,0,0,0,0,0,0,0,0,0,0,0,0,0,-0.241,-37.083,0,"HalF_HearteD",-0.039,-16.807,0,"Azuner",-21.813,-47.171,0,"장덕춘_",-14.145,-64.11,0,"bdg06213",21.967,-52.939,0,"Pugeuk",7.399,-60.6,0,"Apple_Sherbet",43.275,-91.191,0,"magimari",-1.017,-108.96,0,"卯月満開",-41.517,-94.333,0,0,0,0,0,0,"",0,0,0,0,0,0,0,0,0,0
40,2,1,4,0,1,2,0,0,1,0,255,255,255,27,2890.671,"하루（Haru）",R,27,140,-0.756,1.085,-0.086,1.985,-36.313,2,0,55.001,-142.883,12.663,0,0,1,0,1,R,"mochi_2929",180.2,97.434,0.447,3,59,2891.73,82,7,44,20,0,49,49,49,15.868,38.696,0.21,0.049,-0.034,0.095,0,-0.645,-36.807,0,"HalF_HearteD",0.004,-16.874,0,"Azuner",-21.78,-47.219,0,"장덕춘_",-14.19,-64.02,0,"bdg06213",21.891,-52.922,0,"Pugeuk",8.534,-60.106,0,"Apple_Sherbet",41.692,-89.544,0,"magimari",-0.687,-110.465,0,"卯月満開",-41.535,-94.355,0,2893.375,-13.109,-34.375,2894.425,2,"Azuner",-17.288,-39.657,0,0,0,0,0,0,0,2
41,2,1,4,0,0,0,1,0,0,1,255,255,6,28,2928.796,"하루（Haru）",R,26,140,-2.673,1.087,-0.133,1.918,-36.298,2,0,48.513,-150.817,9.082,0,0,1,1,3,R,"sano jpn",170.5,87.841,0.328,3,59,2929.806,98,16,68,81,37,76,137,118,-7.281,2.852,0.77,-0.05,0.037,0.084,0.19,-0.248,-37.06,0,"HalF_HearteD",0.029,-17.001,0,"Azuner",-21.099,-46.417,0,"장덕춘_",-14.644,-63.887,0,"bdg06213",21.402,-51.355,0,"Pugeuk",11.016,-58.828,0,"Apple_Sherbet",41.141,-88.896,0,"magimari",-0.211,-108.903,0,"卯月満開",-37.171,-85.07,0,2929.941,-1.038,-28.798,2933.175,7,"magimari",-2.781,-97.629,1,0,0,0,0,0,0,2
42,2,1,5,0,0,0,1,1,0,0,3,255,255,29,3003.201,"하루（Haru）",R,27,140,-1.081,0.229,-0.123,1.847,-36.267,2,0,80.838,-121.939,13.24,0,0,1,2,0,R,"559：広告",190,83.967,0.437,3,36,3004.261,255,14,131,63,26,151,150,130,-9.895,40.856,0.35,0.022,-0.073,0.179,0,-0.578,-37.744,0,"HalF_HearteD",-0.003,-16.836,0,"Azuner",-19.748,-42.482,0,"장덕춘_",-14.348,-64.113,0,"bdg06213",22.516,-52.678,0,"Pugeuk",9.807,-59.856,0,"Apple_Sherbet",41.198,-88.442,0,"magimari",-3.434,-112.535,0,"卯月満開",-42.349,-87.558,0,3004.325,-5.271,-23.775,3009.575,8,"卯月満開",-59.545,-85.276,1,0,0,0,0,0,0,2
43,2,1,6,0,0,0,1,1,0,0,0,255,255,30,3052.207,"하루（Haru）",R,3,109,-1.523,0.678,0.014,1.968,-36.444,1,0,-402.724,0,14.99,0,0,0,3,4,R,"にゃんこ3K",190,89.777,0.5,0,59,0,0,0,0,0,0,0,0,0,0,0,0,0,0,0,0,-0.1,-37.729,0,"HalF_HearteD",-0.044,-16.873,0,"Azuner",-20.337,-45.837,0,"장덕춘_",-13.335,-64.897,0,"bdg06213",21.677,-50.388,0,"Pugeuk",9.012,-59.867,0,"Apple_Sherbet",40.71,-84.754,0,"magimari",-1.908,-107.549,0,"卯月満開",-43.982,-92.031,0,0,0,0,0,0,"",0,0,0,0,0,0,0,0,0,0
44,2,1,6,0,1,0,1,1,0,0,0,255,255,31,3068.431,"하루（Haru）",R,27,138,-0.431,0.521,-0.055,1.904,-36.406,0,0,51.255,-113.93,9.527,0,0,0,3,4,R,"にゃんこ3K",190,89.777,0.5,0,59,0,0,0,0,0,0,0,0,0,0,0,0,0,0,0,0,0.074,-37.476,0,"HalF_HearteD",-0.032,-16.853,0,"Azuner",-19.817,-44.774,0,"장덕춘_",-14.476,-64.147,0,"bdg06213",21.738,-50.106,0,"Pugeuk",8.32,-60.024,0,"Apple_Sherbet",40.481,-85.409,0,"magimari",-1.902,-107.576,0,"卯月満開",-43.984,-92.052,0,0,0,0,0,0,"",0,0,0,0,0,0,0,0,0,0
45,2,1,6,0,1,1,1,1,0,0,0,255,255,32,3082.741,"하루（Haru）",R,10,99,0.826,-0.049,0.077,2.019,-36.651,2,0,0,400,-10.907,0,0,1,3,4,R,"にゃんこ3K",190,89.777,0.5,3,59,3083.989,191,16,90,62,45,95,144,124,97.298,-81.909,0.25,-0.074,-0.11,0.029,0,-0.649,-36.998,0,"HalF_HearteD",-0.025,-16.993,0,"Azuner",-19.432,-44.879,0,"장덕춘_",-14.428,-64.123,0,"bdg06213",21.723,-51.097,0,"Pugeuk",8.55,-59.91,0,"Apple_Sherbet",40.606,-85.089,0,"magimari",-1.184,-108.381,0,"卯月満開",-44.002,-92.086,0,0,0,0,0,0,"",0,0,0,0,0,0,0,0,0,3
46,2,1,6,0,1,2,1,1,0,0,0,255,255,33,3100.754,"하루（Haru）",R,26,140,-1.141,0.59,-0.116,1.906,-36.256,0,0,37.128,-164.073,11.02,0,0,1,3,4,R,"にゃんこ3K",190,89.777,0.5,0,39,0,0,0,0,0,0,0,0,0,0,0,0,0,0,0,0,-0.248,-37.335,0,"HalF_HearteD",-0.145,-16.914,0,"Azuner",-21.558,-46.909,0,"장덕춘_",-14.5,-63.914,0,"bdg06213",21.151,-51.537,0,"Pugeuk",6.979,-59.523,0,"Apple_Sherbet",41.497,-88.588,0,"magimari",-2.346,-107.439,0,"卯月満開",-43.881,-92.033,0,0,0,0,0,0,"",0,0,0,0,0,0,0,0,0,0
47,2,1,6,0,0,0,2,1,0,0,0,255,255,34,3233.586,"하루（Haru）",R,27,140,-0.418,0.635,-0.059,1.923,-36.297,2,0,71.01,-130.54,10.657,0,0,1,4,2,L,"檸檬の残骸",190,80,0.414,3,59,3234.626,108,3,76,21,15,106,116,79,-29.291,-48.214,-0.47,-0.049,-0.036,0.087,0,-0.169,-36.928,0,"HalF_HearteD",0.028,-16.799,0,"Azuner",-19.5,-44.709,0,"장덕춘_",-13.307,-64.495,0,"bdg06213",21.344,-51.734,0,"Pugeuk",10.583,-60.653,0,"Apple_Sherbet",43.39,-90.185,0,"magimari",-1.801,-108.807,0,"卯月満開",-39.844,-92.247,0,3234.591,2.105,-21.104,0,0,"",0,0,0,0,0,0,0,0,0,3
48,2,1,6,0,0,1,2,1,0,0,0,255,255,35,3252.94,"하루（Haru）",R,27,140,-1.551,0.11,-0.159,1.82,-36.237,1,0,52.076,-137.336,11.429,0,0,0,4,2,L,"檸檬の残骸",190,80,0.414,0,58,0,0,0,0,0,0,0,0,0,0,0,0,0,0,0,0,-0.139,-37.092,0,"HalF_HearteD",-0.174,-16.85,0,"Azuner",-18.371,-45.14,0,"장덕춘_",-9.011,-62.309,0,"bdg06213",21.73,-50.321,0,"Pugeuk",12.605,-59.256,0,"Apple_Sherbet",43.845,-90.523,0,"magimari",-0.627,-106.3,0,"卯月満開",-38.133,-91.127,0,0,0,0,0,0,"",0,0,0,0,0,0,0,0,0,0
49,2,1,6,0,1,1,2,0,1,0,255,0,255,36,3280.883,"하루（Haru）",R,27,140,0.372,0.427,0.011,1.88,-36.316,0,0,82.58,-140.287,9.069,0,0,1,4,2,L,"檸檬の残骸",190,80,0.414,0,58,0,0,0,0,0,0,0,0,0,0,0,0,0,0,0,0,0.046,-37.529,0,"HalF_HearteD",0.005,-16.989,0,"Azuner",-19.95,-46.322,0,"장덕춘_",-11.567,-63.652,0,"bdg06213",22.15,-48.952,0,"Pugeuk",11.906,-59.023,0,"Apple_Sherbet",42.4,-88.601,0,"magimari",0.25,-108.495,0,"卯月満開",-40.773,-93.798,0,0,0,0,0,0,"",0,0,0,0,0,0,0,0,0,0
50,2,1,6,0,1,2,2,0,1,0,255,0,255,37,3298.522,"하루（Haru）",R,4,122,-6.393,0.28,0.027,1.877,-36.478,2,0,-186.637,0,10.977,0,0,1,4,2,L,"檸檬の残骸",190,80,0.414,3,58,3299.648,85,11,57,45,18,77,113,82,4.199,-26.782,-0.09,0.007,-0.064,0.077,0,-0.337,-37.084,0,"HalF_HearteD",0.032,-17.026,0,"Azuner",-20.24,-46.246,0,"장덕춘_",-11.657,-63.567,0,"bdg06213",22.614,-51.733,0,"Pugeuk",11.432,-59.399,0,"Apple_Sherbet",43.562,-88.793,0,"magimari",-0.084,-108.237,0,"卯月満開",-40.732,-93.796,0,3300.542,9.655,-39.705,3301.775,5,"Pugeuk",15.761,-52.863,0,16,0,0,0,0,0,2
51,2,0,6,0,0,0,0,0,0,0,255,255,255,12,3365.631,"559：広告",R,13,124,-0.056,-1.233,0.096,1.685,-36.598,1,0,-327.078,378.18,-5.076,-0.13,-16.959,0,4,4,R,"bdg06213",190,80,0.25,0,38,0,0,0,0,0,0,0,0,0,0,0,0,0,0,0,0,-0.153,-37.866,0,"mochi_2929",-0.074,-16.642,0,"檸檬の残骸",-20.393,-45.787,0,"sano jpn",-15.418,-62.329,0,"にゃんこ3K",21.852,-54.526,0,"しろくま。",9.447,-65.16,0,"ぐだもん",35.362,-89.232,0,"alcohol500",-3.296,-111.404,0,"あくせる",-44.781,-88.032,0,0,0,0,0,0,"",0,0,0,0,0,0,0,0,0,0
52,2,0,6,0,1,0,0,0,0,0,255,255,255,13,3385.437,"559：広告",R,26,140,0.613,-0.916,0.029,1.589,-36.558,2,0,116.742,-173.302,-0.806,0,0,1,4,4,R,"bdg06213",190,80,0.25,2,38,3386.411,255,11,127,50,33,255,150,113,7.428,32.97,0.88,-0.022,-0.023,0.272,0,-0.342,-37.132,0,"mochi_2929",0.032,-16.699,0,"檸檬の残骸",-20.566,-45.802,0,"sano jpn",-13.771,-64.1,0,"にゃんこ3K",21.864,-54.478,0,"しろくま。",9.185,-65.35,0,"ぐだもん",35.414,-89.29,0,"alcohol500",-3.729,-110.223,0,"あくせる",-44.712,-87.887,0,0,0,0,3387.858,2,"檸檬の残骸",-17.691,-47.361,0,0,0,0,0,0,0,1
53,2,0,6,0,0,0,1,0,0,0,255,255,255,14,3416.465,"559：広告",R,28,138,-1.144,-0.206,-0.119,1.756,-36.395,0,0,72.79,-87.578,5.159,0,0,0,5,8,R,"卯月満開",171,84.63,0.2,0,58,0,0,0,0,0,0,0,0,0,0,0,0,0,0,0,0,-0.108,-37.185,0,"mochi_2929",-0.011,-16.818,0,"檸檬の残骸",-20.528,-46.241,0,"sano jpn",-14.232,-63.515,0,"にゃんこ3K",21.201,-53.6,0,"しろくま。",7.479,-63.973,0,"ぐだもん",36.942,-88.29,0,"alcohol500",-5.738,-109.013,0,"あくせる",-43.461,-84.491,0,0,0,0,0,0,"",0,0,0,0,0,0,0,0,0,0
54,2,0,6,0,0,1,1,0,0,0,255,255,255,15,3429.875,"559：広告",R,28,140,0.444,0.068,0.023,1.798,-36.399,0,0,82.342,-92.762,5.274,0,0,1,5,8,R,"卯月満開",171,84.63,0.2,0,58,0,0,0,0,0,0,0,0,0,0,0,0,0,0,0,0,-0.111,-38.048,0,"mochi_2929",-0.014,-16.691,0,"檸檬の残骸",-20.495,-46.227,0,"sano jpn",-14.049,-63.508,0,"にゃんこ3K",21.241,-54.21,0,"しろくま。",7.406,-64.094,0,"ぐだもん",36.426,-88.577,0,"alcohol500",-5.893,-108.904,0,"あくせる",-43.509,-84.64,0,0,0,0,0,0,"",0,0,0,0,0,0,0,0,0,0
55,2,0,6,0,0,2,1,0,0,0,255,255,255,16,3448.687,"559：広告",R,10,132,-2.433,-2.776,-0.203,1.467,-36.457,2,0,-58.077,253.968,1.234,-0.453,-20.267,1,5,8,R,"卯月満開",171,84.63,0.2,2,43,3449.772,232,12,107,62,26,151,150,109,-30,21.414,0.57,-0.171,-0.159,0.057,0,-0.333,-37.137,0,"mochi_2929",-0.093,-16.754,0,"檸檬の残骸",-20.358,-46.178,0,"sano jpn",-14.195,-63.505,0,"にゃんこ3K",21.322,-54.055,0,"しろくま。",9.867,-63.953,0,"ぐだもん",36.309,-88.647,0,"alcohol500",-6.472,-109.162,0,"あくせる",-43.447,-84.585,0,3449.658,-0.501,-19.439,3451.608,3,"sano jpn",-15.052,-56.543,0,0,0,0,0,0,0,2
56,2,0,6,0,0,0,2,0,0,0,255,255,255,17,3481.938,"559：広告",R,3,127,-3.618,-1.151,-0.245,1.589,-36.441,1,0,-313.691,0,0.927,0,0,0,6,2,L,"Azuner",190,84.66,0.398,0,58,0,0,0,0,0,0,0,0,0,0,0,0,0,0,0,0,-0.164,-37.701,0,"mochi_2929",-0.268,-16.682,0,"檸檬の残骸",-20.115,-46.151,0,"sano jpn",-11.12,-64.973,0,"にゃんこ3K",24.462,-50.878,0,"しろくま。",15.541,-61.592,0,"ぐだもん",43.059,-91.079,0,"alcohol500",9.816,-113.427,0,"あくせる",-37.092,-95.148,0,0,0,0,0,0,"",0,0,0,0,0,0,0,0,0,0
57,2,0,6,0,1,0,2,0,0,0,255,255,255,18,3498.146,"559：広告",R,27,134,-1.036,0.708,-0.109,1.908,-36.525,2,0,59.654,-142.65,7.079,0,0,1,6,2,L,"Azuner",190,84.66,0.398,3,58,3499.177,181,19,133,58,33,208,150,99,25.599,34.404,-0.41,-0.076,-0.01,0.184,0,0.012,-37.302,0,"mochi_2929",-0.134,-16.68,0,"檸檬の残骸",-20.432,-46.681,0,"sano jpn",-10.938,-64.89,0,"にゃんこ3K",24.377,-50.913,0,"しろくま。",15.637,-61.385,0,"ぐだもん",43.106,-91.156,0,"alcohol500",9.11,-112.728,0,"あくせる",-37.027,-95.219,0,3504.091,-40.479,-99.782,3504.191,8,"あくせる",-39.208,-96.852,0,0,0,0,0,0,0,1
58,3,1,6,0,0,0,0,0,0,0,255,255,255,0,3667.727,"Azuner",R,0,123,1.577,0.946,0.147,1.498,-36.778,1,0,0,45.781,0,0,0,0,5,7,L,"alcohol500",168.1,93.556,0.379,0,58,0,0,0,0,0,0,0,0,0,0,0,0,0,0,0,0,-0.139,-37.223,0,"HalF_HearteD",0.058,-16.66,0,"하루（Haru）",-16.806,-47.27,0,"장덕춘_",-12.05,-64.661,0,"bdg06213",21.33,-50.658,0,"Pugeuk",11.318,-57.928,0,"Apple_Sherbet",40.69,-91.587,0,"magimari",-0.721,-112.567,0,"卯月満開",-38.218,-94.944,0,0,0,0,0,0,"",0,0,0,0,0,0,0,0,0,0
59,3,1,6,0,1,0,0,0,0,0,255,255,255,1,3687.381,"Azuner",R,10,103,-0.885,-1.279,-0.123,1.32,-36.754,1,0,0,400,0,-0.171,-17.467,0,5,7,L,"alcohol500",168.1,93.556,0.379,0,58,0,0,0,0,0,0,0,0,0,0,0,0,0,0,0,0,-0.076,-37.497,0,"HalF_HearteD",0.108,-16.686,0,"하루（Haru）",-17.192,-47.801,0,"장덕춘_",-12.01,-64.736,0,"bdg06213",22.21,-51.014,0,"Pugeuk",11.353,-58.057,0,"Apple_Sherbet",40.677,-91.533,0,"magimari",-0.72,-112.613,0,"卯月満開",-38.225,-94.926,0,0,0,0,0,0,"",0,0,0,0,0,0,0,0,0,0
60,3,1,6,0,2,0,0,0,0,0,255,255,255,2,3706.272,"Azuner",R,34,128,-1.19,1.062,-0.137,1.487,-36.435,0,0,84.735,-46.442,0,0,0,0,5,7,L,"alcohol500",168.1,93.556,0.379,0,58,0,0,0,0,0,0,0,0,0,0,0,0,0,0,0,0,-0.048,-37.824,0,"HalF_HearteD",-0.044,-16.685,0,"하루（Haru）",-18.086,-46.918,0,"장덕춘_",-12.122,-64.661,0,"bdg06213",21.068,-50.922,0,"Pugeuk",11.356,-58.058,0,"Apple_Sherbet",41.117,-90.26,0,"magimari",-0.415,-112.939,0,"卯月満開",-38.288,-95.049,0,0,0,0,0,0,"",0,0,0,0,0,0,0,0,0,0
61,3,1,6,0,2,1,0,0,0,0,255,255,255,3,3723.523,"Azuner",R,32,137,2.071,-0.759,0.125,1.224,-36.429,2,0,231.058,-5.296,0,0.7,-19.282,1,5,7,L,"alcohol500",168.1,93.556,0.379,3,58,3724.573,171,13,69,53,15,97,138,109,-30,-26.809,0.92,-0.02,-0.028,0.172,0,0.03,-37.314,0,"HalF_HearteD",0.011,-16.807,0,"하루（Haru）",-17.065,-47.684,0,"장덕춘_",-11.999,-64.646,0,"bdg06213",21.22,-52.568,0,"Pugeuk",11.128,-58.138,0,"Apple_Sherbet",41.382,-90.294,0,"magimari",-0.088,-112.974,0,"卯月満開",-38.318,-95.073,0,3724.425,1.157,-19.263,3728.258,6,"Apple_Sherbet",31.507,-80.233,1,0,0,0,0,0,0,2
62,3,1,6,0,0,0,0,1,0,0,7,255,255,4,3757.298,"Azuner",R,3,120,-0.754,-0.837,0.103,1.204,-36.499,0,0,-500,0,0,0,0,0,6,8,R,"あくせる",174.6,86.41,0.669,0,72,0,0,0,0,0,0,0,0,0,0,0,0,0,0,0,0,0.012,-37.653,0,"HalF_HearteD",0.151,-16.704,0,"하루（Haru）",-16.756,-44.634,0,"장덕춘_",-14.361,-63.485,0,"bdg06213",20.765,-54.336,0,"Pugeuk",8.164,-59.969,0,"Apple_Sherbet",41.444,-88.213,0,"magimari",-1.141,-108.675,0,"卯月満開",-38.889,-93.919,0,0,0,0,0,0,"",0,0,0,0,0,0,0,0,0,0
63,3,1,6,0,0,1,0,1,0,0,7,255,255,5,3776.672,"Azuner",R,32,140,1.829,-0.882,0.123,1.194,-36.515,1,0,165.732,-13.196,0,0,0,0,6,8,R,"あくせる",174.6,86.41,0.669,0,72,0,0,0,0,0,0,0,0,0,0,0,0,0,0,0,0,0.051,-38.061,0,"HalF_HearteD",0.112,-16.733,0,"하루（Haru）",-17.614,-44.604,0,"장덕춘_",-14.328,-63.308,0,"bdg06213",20.57,-54.297,0,"Pugeuk",8.449,-59.726,0,"Apple_Sherbet",41.616,-90.121,0,"magimari",-1.182,-108.711,0,"卯月満開",-43.058,-91.414,0,0,0,0,0,0,"",0,0,0,0,0,0,0,0,0,0
64,3,1,6,0,0,2,0,1,0,0,7,255,255,6,3799.534,"Azuner",R,10,106,0.337,-0.922,0.047,1.366,-36.543,2,0,0,400,0,0,0,1,6,8,R,"あくせる",174.6,86.41,0.669,3,72,3800.686,250,17,83,49,33,101,140,130,-30,-15.359,0.64,-0.004,-0.055,0.167,0,0.029,-36.965,0,"HalF_HearteD",0.193,-16.823,0,"하루（Haru）",-17.993,-43.986,0,"장덕춘_",-13.192,-63.139,0,"bdg06213",20.564,-54.347,0,"Pugeuk",8.61,-59.558,0,"Apple_Sherbet",44.389,-91.584,0,"magimari",-1.251,-109.337,0,"卯月満開",-42.395,-91.805,0,3800.575,0.192,-19.866,3807.425,7,"magimari",18.979,-127.818,1,0,0,0,0,0,0,2
65,3,1,6,0,0,0,0,0,1,1,255,8,7,7,3841.795,"Azuner",R,33,138,2.643,1.724,0.195,1.633,-36.656,3,0,109.034,-8.441,0,-0.241,-21.02,0,7,5,R,"しろくま。",179.5,96,0.298,0,58,0,0,0,0,0,0,0,0,0,0,0,0,0,0,0,0,0.064,-37.69,0,"HalF_HearteD",0.154,-16.912,0,"하루（Haru）",-19.28,-46.997,0,"장덕춘_",-13.43,-64.707,0,"bdg06213",20.477,-51.677,0,"Pugeuk",11.304,-59.598,0,"Apple_Sherbet",41.37,-91.141,0,"magimari",-0.902,-112.241,0,"卯月満開",-42.686,-95.673,0,0,0,0,0,0,"",0,0,0,0,0,0,0,0,0,6
66,3,1,6,0,0,0,0,1,1,1,5,8,7,8,3872.964,"Azuner",R,33,132,-0.888,0.951,-0.114,1.485,-36.465,0,0,106.106,-34.839,0,0,0,1,8,6,R,"ぐだもん",174.5,92.695,0.328,0,58,0,0,0,0,0,0,0,0,0,0,0,0,0,0,0,0,-0.084,-37.907,0,"HalF_HearteD",-0.074,-16.786,0,"하루（Haru）",-18.272,-46.988,0,"장덕춘_",-14.257,-64.115,0,"bdg06213",20.667,-51.774,0,"Pugeuk",10.987,-61.5,0,"Apple_Sherbet",41.296,-89.192,0,"magimari",-1.628,-109.48,0,"卯月満開",-43.086,-83.397,0,0,0,0,0,0,"",0,0,0,0,0,0,0,0,0,0
67,3,1,6,0,0,1,0,1,1,1,5,8,7,9,3892.315,"Azuner",R,10,107,-0.117,-1.278,-0.011,1.306,-36.69,1,0,0,400,0,-0.024,-17.312,0,8,6,R,"ぐだもん",174.5,92.695,0.328,0,58,0,0,0,0,0,0,0,0,0,0,0,0,0,0,0,0,-0.015,-37.33,0,"HalF_HearteD",0.062,-16.609,0,"하루（Haru）",-16.784,-45.089,0,"장덕춘_",-14.271,-64.11,0,"bdg06213",20.721,-51.783,0,"Pugeuk",8.796,-60.942,0,"Apple_Sherbet",41.345,-89.019,0,"magimari",-1.652,-109.507,0,"卯月満開",-43.073,-83.46,0,0,0,0,0,0,"",0,0,0,0,0,0,0,0,0,0
68,3,1,6,0,1,1,0,1,1,1,5,8,7,10,3911.561,"Azuner",R,11,121,-0.605,-1.224,-0.056,1.21,-36.637,2,0,0,197.883,0,-0.363,-19.464,1,8,6,R,"ぐだもん",174.5,92.695,0.328,3,58,3912.49,127,11,33,69,35,19,75,80,-30,30.187,0.68,-0.011,0.061,0.031,0,-0.158,-37.044,0,"HalF_HearteD",0.044,-16.751,0,"하루（Haru）",-17.501,-44.863,0,"장덕춘_",-14.358,-64.09,0,"bdg06213",20.807,-52.391,0,"Pugeuk",11.938,-60.618,0,"Apple_Sherbet",41.154,-89.308,0,"magimari",-1.657,-109.513,0,"卯月満開",-42.925,-83.778,0,3912.391,-0.823,-19.522,3914.941,3,"장덕춘_",-15.525,-55.403,1,0,0,0,0,0,0,2
69,3,1,7,0,0,0,1,1,0,1,255,255,8,11,3947.798,"Azuner",R,6,115,-63.962,1.02,-0.281,1.487,-36.802,2,0,386.474,0,0,0,0,1,0,1,L,"mochi_2929",180.2,97.434,0.447,3,58,3948.906,101,6,111,36,11,193,139,91,-6.598,-31.558,-0.41,-0.1,-0.047,0.254,0,-0.223,-37.203,0,"HalF_HearteD",-0.115,-16.931,0,"하루（Haru）",-18.116,-45.867,0,"장덕춘_",-14.066,-63.994,0,"bdg06213",21.772,-52.128,0,"Pugeuk",11.117,-59.491,0,"Apple_Sherbet",38.739,-87.014,0,"magimari",-0.77,-112.041,0,"卯月満開",-39.15,-84.653,0,3949.125,4.097,-27.013,3950.775,4,"bdg06213",17.596,-50.074,1,0,0,0,0,0,0,2
70,3,1,8,0,0,0,2,1,0,0,255,255,255,12,3987.381,"Azuner",R,0,135,6.028,-0.239,0.546,1.304,-36.813,1,0,46.527,3.098,0,1.552,-9.839,0,1,3,R,"sano jpn",170.5,87.841,0.328,0,71,0,0,0,0,0,0,0,0,0,0,0,0,0,0,0,0,0.009,-37.899,0,"HalF_HearteD",0.429,-16.268,0,"하루（Haru）",-17.462,-44.115,0,"장덕춘_",-10.957,-62.868,0,"bdg06213",20.006,-50.658,0,"Pugeuk",8.943,-60.051,0,"Apple_Sherbet",38.135,-85.68,0,"magimari",-1.024,-106.482,0,"卯月満開",-42.039,-85.964,0,0,0,0,0,0,"",0,0,0,0,0,0,0,0,0,0
71,3,1,8,0,1,0,2,0,1,0,255,1,255,13,4019.994,"Azuner",R,0,122,2.881,-0.735,0.275,1.238,-36.756,3,0,0,0,0,0.732,-20.711,0,1,3,R,"sano jpn",170.5,87.841,0.328,0,71,0,0,0,0,0,0,0,0,0,0,0,0,0,0,0,0,-0.047,-37.508,0,"HalF_HearteD",-0.305,-16.67,0,"하루（Haru）",-18.471,-45.529,0,"장덕춘_",-13.763,-63.966,0,"bdg06213",21.098,-53.353,0,"Pugeuk",5.968,-61.041,0,"Apple_Sherbet",40.556,-89.304,0,"magimari",-1.864,-112.105,0,"卯月満開",-41.779,-89.381,0,0,0,0,0,0,"",0,0,0,0,0,0,0,0,0,6
72,3,1,8,0,0,0,2,1,1,0,3,1,255,14,4101.196,"Azuner",R,3,120,-10.572,-2.316,-0.33,1.03,-36.537,4,0,-398.382,0,0,-1.983,-20.159,1,2,0,R,"559：広告",190,83.967,0.437,0,58,0,0,0,0,0,0,0,0,0,0,0,0,0,0,0,0,-0.168,-37.252,0,"HalF_HearteD",-1.615,-15.56,0,"하루（Haru）",-17.629,-44.704,0,"장덕춘_",-14.006,-64.283,0,"bdg06213",20.187,-53.662,0,"Pugeuk",6.097,-60.874,0,"Apple_Sherbet",42.718,-91.389,0,"magimari",-3.07,-111.355,0,"卯月満開",-40.887,-92.343,0,0,0,0,0,0,"",0,0,0,0,0,0,0,0,0,0
73,3,1,8,0,0,1,2,0,1,1,255,255,1,15,4137.214,"Azuner",R,33,134,0.438,1.495,0,1.526,-36.524,4,0,134.288,-17.637,0,0,0,1,2,0,R,"559：広告",190,83.967,0.437,0,36,0,0,0,0,0,0,0,0,0,0,0,0,0,0,0,0,-0.273,-37.952,0,"HalF_HearteD",-0.019,-16.682,0,"하루（Haru）",-18.746,-45.206,0,"장덕춘_",-13.928,-64.289,0,"bdg06213",22.817,-52.923,0,"Pugeuk",6.449,-61.185,0,"Apple_Sherbet",39.263,-85.176,0,"magimari",-2.12,-108.105,0,"卯月満開",-45.834,-94.91,0,0,0,0,0,0,"",0,0,0,0,0,0,0,0,0,0
74,3,1,8,0,0,2,2,0,1,1,255,255,1,16,4151.385,"Azuner",R,34,125,1.271,1.769,0.086,1.58,-36.593,4,0,94.744,-10.469,0,0,0,1,2,0,R,"559：広告",190,83.967,0.437,0,36,0,0,0,0,0,0,0,0,0,0,0,0,0,0,0,0,-0.038,-38.133,0,"HalF_HearteD",-0.045,-16.671,0,"하루（Haru）",-19.527,-44.635,0,"장덕춘_",-13.98,-64.311,0,"bdg06213",22.292,-54.094,0,"Pugeuk",8.537,-59.674,0,"Apple_Sherbet",38.539,-85.839,0,"magimari",-0.359,-111.02,0,"卯月満開",-44.755,-93.86,0,0,0,0,0,0,"",0,0,0,0,0,0,0,0,0,0
75,3,0,8,0,0,0,0,0,0,0,255,255,255,19,4208.985,"559：広告",R,27,140,-0.203,0.446,-0.023,1.826,-36.432,2,0,68.882,-106.787,3.937,0,0,1,7,7,R,"magimari",160,94.666,0.554,3,58,4210.038,102,18,63,56,64,45,130,119,93.057,-82.047,0.44,-0.028,-0.038,0.034,0,0.034,-37.386,0,"mochi_2929",0.012,-16.543,0,"檸檬の残骸",-19.841,-45.493,0,"sano jpn",-10.756,-61.463,0,"にゃんこ3K",22.005,-51.363,0,"しろくま。",9.31,-57.705,0,"ぐだもん",32.18,-86.792,0,"alcohol500",-3.746,-106.726,0,"あくせる",-41.395,-84.908,0,0,0,0,0,0,"",0,0,0,0,0,0,0,0,0,3
76,3,0,8,0,0,1,0,0,0,0,255,255,255,20,4228.323,"559：広告",R,27,129,0.429,1.428,0.022,1.966,-36.553,4,0,70.993,-139.564,7.765,0,0,1,7,7,R,"magimari",160,94.666,0.554,0,58,0,0,0,0,0,0,0,0,0,0,0,0,0,0,0,0,-0.137,-37.589,0,"mochi_2929",0.024,-16.655,0,"檸檬の残骸",-20.163,-45.762,0,"sano jpn",-11.28,-61.375,0,"にゃんこ3K",21.813,-51.453,0,"しろくま。",8.874,-58.241,0,"ぐだもん",32.772,-90.515,0,"alcohol500",-3.751,-102.978,0,"あくせる",-40.255,-83.919,0,0,0,0,0,0,"",0,0,0,0,0,0,0,0,0,0
77,3,0,8,0,0,2,0,0,0,0,255,255,255,21,4244.156,"559：広告",R,3,127,-5.388,-2.301,-0.351,1.491,-36.522,1,0,-446.866,0,6.876,-1.118,-18.857,0,7,7,R,"magimari",160,94.666,0.554,0,58,0,0,0,0,0,0,0,0,0,0,0,0,0,0,0,0,-0.074,-37.762,0,"mochi_2929",-1.153,-16.209,0,"檸檬の残骸",-20.318,-46.024,0,"sano jpn",-15.356,-59.624,0,"にゃんこ3K",21.834,-51.498,0,"しろくま。",8.945,-58.752,0,"ぐだもん",31.053,-87.529,0,"alcohol500",-3.516,-103.777,0,"あくせる",-40.192,-83.791,0,0,0,0,0,0,"",0,0,0,0,0,0,0,0,0,0
78,3,0,8,0,1,2,0,0,0,0,255,255,255,22,4263.944,"559：広告",R,3,97,-0.727,0.183,0.167,1.851,-37.227,0,0,-336.154,0,-5.026,0,0,1,7,7,R,"magimari",160,94.666,0.554,0,58,0,0,0,0,0,0,0,0,0,0,0,0,0,0,0,0,-0.072,-37.664,0,"mochi_2929",-0.998,-17.331,0,"檸檬の残骸",-20.917,-46.937,0,"sano jpn",-13.988,-56.912,0,"にゃんこ3K",21.752,-51.54,0,"しろくま。",7.282,-57.814,0,"ぐだもん",31.02,-87.586,0,"alcohol500",-3.605,-103.512,0,"あくせる",-40.467,-83.422,0,0,0,0,0,0,"",0,0,0,0,0,0,0,0,0,0
79,3,0,8,0,0,0,1,0,0,0,255,255,255,23,4296.468,"559：広告",R,33,140,-1.752,-1.604,-0.184,1.522,-36.413,1,0,109.103,-101.397,2.841,0,0,0,8,1,R,"HalF_HearteD",175.1,80,0.453,0,58,0,0,0,0,0,0,0,0,0,0,0,0,0,0,0,0,-0.09,-37.577,0,"mochi_2929",-0.011,-16.782,0,"檸檬の残骸",-20.931,-46.939,0,"sano jpn",-13.916,-63.52,0,"にゃんこ3K",21.836,-51.663,0,"しろくま。",10.089,-62.012,0,"ぐだもん",35.245,-91.197,0,"alcohol500",-1.809,-106.719,0,"あくせる",-41.765,-86.816,0,0,0,0,0,0,"",0,0,0,0,0,0,0,0,0,0
80,3,0,8,0,1,0,1,0,0,0,255,255,255,24,4310.987,"559：広告",R,0,116,-0.072,1.059,0.086,2.035,-36.688,2,0,0,0,2.759,0,0,1,8,1,R,"HalF_HearteD",175.1,80,0.453,3,58,4311.991,197,14,80,35,3,83,139,93,7.818,8.99,-0.21,0.021,-0.005,0.077,0,-0.225,-37.188,0,"mochi_2929",0.095,-16.843,0,"檸檬の残骸",-21,-46.616,0,"sano jpn",-13.691,-63.549,0,"にゃんこ3K",22.199,-52.551,0,"しろくま。",10.425,-61.312,0,"ぐだもん",35.279,-91.177,0,"alcohol500",-1.763,-106.795,0,"あくせる",-41.717,-86.804,0,0,0,0,4314.342,3,"sano jpn",-9.525,-62.719,0,0,0,0,0,0,0,1
81,3,0,8,0,0,0,2,0,0,0,255,255,255,25,4337.552,"559：広告",R,5,135,-0.567,-0.975,-0.013,1.658,-36.423,2,0,-118.023,31.055,2.116,0,0,1,0,6,R,"Apple_Sherbet",176,86.926,0.303,3,58,4338.464,255,19,141,66,29,184,150,126,25.551,-2.879,0.59,-0.026,-0.06,0.21,0,-0.544,-36.795,0,"mochi_2929",-0.003,-16.734,0,"檸檬の残骸",-20.794,-47.27,0,"sano jpn",-13.778,-63.426,0,"にゃんこ3K",21.306,-52.762,0,"しろくま。",9.395,-61.578,0,"ぐだもん",31.208,-87.252,0,"alcohol500",-0.345,-105.874,0,"あくせる",-41.267,-86.801,0,4342.758,-11.665,-122.286,4345.858,7,"alcohol500",-19.445,-125.762,1,0,0,0,0,0,0,2
82,3,0,8,0,0,0,2,0,1,0,255,15,255,26,4382.893,"559：広告",R,27,133,-0.486,-0.995,-0.077,1.628,-36.539,0,0,121.088,-136.707,-1.407,0,0,1,1,3,R,"장덕춘_",164.7,94.644,0.8,0,58,0,0,0,0,0,0,0,0,0,0,0,0,0,0,0,0,-0.168,-37.555,0,"mochi_2929",-0.081,-16.722,0,"檸檬の残骸",-20.708,-46.034,0,"sano jpn",-14.61,-62.507,0,"にゃんこ3K",19.602,-46.468,0,"しろくま。",3.942,-59.943,0,"ぐだもん",31.282,-88.681,0,"alcohol500",-3.531,-109.033,0,"あくせる",-40.636,-85.405,0,0,0,0,0,0,"",0,0,0,0,0,0,0,0,0,0
83,3,0,8,0,0,1,2,0,1,0,255,15,255,27,4403.982,"559：広告",R,13,112,-0.099,0.474,0.122,2.044,-36.892,0,0,-310.15,392.182,1.345,0,0,0,1,3,R,"장덕춘_",164.7,94.644,0.8,0,58,0,0,0,0,0,0,0,0,0,0,0,0,0,0,0,0,-0.303,-37.886,0,"mochi_2929",0.046,-16.651,0,"檸檬の残骸",-20.762,-46.563,0,"sano jpn",-14.683,-62.331,0,"にゃんこ3K",20.355,-47.391,0,"しろくま。",4.417,-60.655,0,"ぐだもん",30.851,-88.945,0,"alcohol500",-3.575,-109.697,0,"あくせる",-40.601,-85.365,0,0,0,0,0,0,"",0,0,0,0,0,0,0,0,0,0
84,3,0,8,0,0,2,2,0,1,0,255,15,255,28,4425.008,"559：広告",R,3,108,-2.303,-0.907,-0.083,1.685,-36.661,4,0,-383.918,119.931,-1.368,0,0,1,1,3,R,"장덕춘_",164.7,94.644,0.8,0,58,0,0,0,0,0,0,0,0,0,0,0,0,0,0,0,0,-0.288,-37.232,0,"mochi_2929",-0.484,-17.186,0,"檸檬の残骸",-19.87,-45.386,0,"sano jpn",-16.332,-61.224,0,"にゃんこ3K",19.973,-47.298,0,"しろくま。",2.95,-59.839,0,"ぐだもん",30.761,-88.92,0,"alcohol500",-3.037,-109.264,0,"あくせる",-41.582,-83.999,0,0,0,0,0,0,"",0,0,0,0,0,0,0,0,0,0
85,4,1,8,0,0,0,0,0,0,0,255,255,255,0,4655.091,"TaeGeuk_",R,3,121,-2.957,-0.392,0.312,1.76,-36.476,1,0,-417.748,35.143,0,0,0,0,3,4,R,"にゃんこ3K",190,89.777,0.5,0,58,0,0,0,0,0,0,0,0,0,0,0,0,0,0,0,0,-0.062,-36.784,0,"HalF_HearteD",-0.308,-16.793,0,"하루（Haru）",-19.568,-43.737,0,"장덕춘_",-13.987,-64.501,0,"bdg06213",21.081,-55.085,0,"Pugeuk",9.169,-61.987,0,"Apple_Sherbet",40.592,-90.964,0,"magimari",-3.671,-110.487,0,"卯月満開",-42.359,-90.823,0,0,0,0,0,0,"",0,0,0,0,0,0,0,0,0,0
86,4,1,8,0,1,0,0,0,0,0,255,255,255,1,4670.504,"TaeGeuk_",R,26,140,-0.967,-0.349,0.328,1.704,-36.383,0,0,81.76,-200,0,0,0,0,3,4,R,"にゃんこ3K",190,89.777,0.5,0,58,0,0,0,0,0,0,0,0,0,0,0,0,0,0,0,0,-0.343,-37.026,0,"HalF_HearteD",-0.113,-16.787,0,"하루（Haru）",-19.387,-44.964,0,"장덕춘_",-14.023,-64.452,0,"bdg06213",20.951,-53.768,0,"Pugeuk",9.283,-61.941,0,"Apple_Sherbet",43.284,-91.058,0,"magimari",-3.635,-110.459,0,"卯月満開",-42.367,-90.838,0,0,0,0,0,0,"",0,0,0,0,0,0,0,0,0,0
87,4,1,8,0,1,1,0,0,0,0,255,255,255,2,4685.614,"TaeGeuk_",R,26,140,2.698,0.346,0.7,1.842,-36.824,4,0,135.597,-200,0,0.107,-20.82,1,3,4,R,"にゃんこ3K",190,89.777,0.5,0,58,0,0,0,0,0,0,0,0,0,0,0,0,0,0,0,0,0.161,-36.967,0,"HalF_HearteD",0.006,-16.81,0,"하루（Haru）",-19.164,-45.308,0,"장덕춘_",-13.874,-64.275,0,"bdg06213",20.019,-54.029,0,"Pugeuk",9.412,-61.523,0,"Apple_Sherbet",43.336,-90.898,0,"magimari",-3.689,-110.491,0,"卯月満開",-42.352,-90.837,0,0,0,0,0,0,"",0,0,0,0,0,0,0,0,0,0
88,4,1,8,0,1,2,0,0,0,0,255,255,255,3,4708.269,"TaeGeuk_",R,0,119,4.458,1.572,0.578,1.734,-37.443,2,0,0,0,0,0,0,0,3,4,R,"にゃんこ3K",190,89.777,0.5,3,58,4709.478,19,5,23,16,19,19,8,33,8.327,-9.32,-0.46,0.31,0.086,0.009,0,-0.212,-37.061,0,"HalF_HearteD",0.042,-16.844,0,"하루（Haru）",-18.457,-45.685,0,"장덕춘_",-13.043,-64.62,0,"bdg06213",19.843,-52.421,0,"Pugeuk",9.249,-61.556,0,"Apple_Sherbet",40.262,-87.495,0,"magimari",-3.618,-110.41,0,"卯月満開",-42.308,-90.862,0,4710.591,2.643,-30.265,4711.525,0,"TaeGeuk_",3.332,-34.364,1,8,0,0,0,0,0,2
89,4,1,8,0,0,0,0,1,0,0,4,255,255,4,4745.082,"TaeGeuk_",R,26,140,-1.299,0.086,0.359,1.688,-36.625,2,0,87.031,-200,0,0,0,1,4,2,L,"檸檬の残骸",190,80,0.414,3,58,4746.174,255,10,96,52,25,113,144,102,-20.919,23.66,-0.25,-0.021,-0.038,0.172,0,-0.199,-36.932,0,"HalF_HearteD",0.099,-16.821,0,"하루（Haru）",-16.017,-45,0,"장덕춘_",-13.079,-62.878,0,"bdg06213",23.302,-53.888,0,"Pugeuk",10.667,-58.457,0,"Apple_Sherbet",40.236,-90.73,0,"magimari",-3.625,-109.159,0,"卯月満開",-41.086,-92.737,0,4746.158,-1.391,-23.092,4748.175,3,"장덕춘_",-16.517,-57.827,1,0,0,0,0,0,0,2
90,4,1,8,0,0,0,1,1,0,0,255,255,255,5,4773.795,"TaeGeuk_",R,10,119,0.131,-0.129,0.586,1.882,-36.974,0,0,-4.873,324.161,0,0,0,0,5,7,L,"alcohol500",168.1,93.556,0.379,0,58,0,0,0,0,0,0,0,0,0,0,0,0,0,0,0,0,-0.402,-37.459,0,"HalF_HearteD",0.076,-16.658,0,"하루（Haru）",-17.873,-43.774,0,"장덕춘_",-14.377,-64.379,0,"bdg06213",20.663,-51.85,0,"Pugeuk",10.757,-58.915,0,"Apple_Sherbet",38.721,-89.179,0,"magimari",-2.599,-110.519,0,"卯月満開",-42.707,-94.806,0,0,0,0,0,0,"",0,0,0,0,0,0,0,0,0,0
91,4,1,8,0,0,1,1,1,0,0,255,255,255,6,4791.932,"TaeGeuk_",R,26,136,-0.188,0.083,0.486,1.787,-36.728,2,0,64.026,-169.027,0,0,0,1,5,7,L,"alcohol500",168.1,93.556,0.379,3,58,4793.026,175,16,109,41,25,136,144,122,25.206,0.833,0.39,-0.014,-0.05,0.161,0,0.053,-36.7,0,"HalF_HearteD",0.023,-16.61,0,"하루（Haru）",-18.445,-43.403,0,"장덕춘_",-14.285,-63.985,0,"bdg06213",21.982,-54.071,0,"Pugeuk",11.04,-58.849,0,"Apple_Sherbet",38.812,-89.09,0,"magimari",-2.441,-110.516,0,"卯月満開",-41.79,-93.753,0,4798.392,-19.535,-129.562,4800.458,7,"magimari",-14.319,-131.549,1,0,0,0,0,0,0,2
92,4,1,8,0,0,0,1,0,1,1,255,7,2,7,4832.498,"TaeGeuk_",R,0,123,0.735,-0.094,0.608,1.805,-36.926,0,0,-44.72,0,0,0,0,0,6,8,R,"あくせる",174.6,86.41,0.669,0,58,0,0,0,0,0,0,0,0,0,0,0,0,0,0,0,0,0.14,-37.031,0,"HalF_HearteD",-0.282,-16.548,0,"하루（Haru）",-20.091,-44.965,0,"장덕춘_",-12.193,-65.11,0,"bdg06213",20.935,-52.827,0,"Pugeuk",9.846,-59.514,0,"Apple_Sherbet",38.599,-88.786,0,"magimari",-1.269,-112.117,0,"卯月満開",-40.95,-88.924,0,0,0,0,0,0,"",0,0,0,0,0,0,0,0,0,0
93,4,1,8,0,0,1,1,0,1,1,255,7,2,8,4847.522,"TaeGeuk_",R,10,118,1.209,0.713,0.489,1.91,-37.1,0,0,-0.197,400,0,0,0,0,6,8,R,"あくせる",174.6,86.41,0.669,0,58,0,0,0,0,0,0,0,0,0,0,0,0,0,0,0,0,0.223,-36.927,0,"HalF_HearteD",-0.222,-16.572,0,"하루（Haru）",-19.839,-46.052,0,"장덕춘_",-11.875,-64.194,0,"bdg06213",21.482,-53.254,0,"Pugeuk",9.878,-59.527,0,"Apple_Sherbet",38.687,-89.006,0,"magimari",-1.583,-112.568,0,"卯月満開",-41.085,-90.134,0,0,0,0,0,0,"",0,0,0,0,0,0,0,0,0,0
94,4,1,8,0,0,2,1,0,1,1,255,7,2,9,4863.528,"TaeGeuk_",R,13,117,-0.338,-1.281,0.6,1.766,-37,1,0,-152.319,400,0,0,0,0,6,8,R,"あくせる",174.6,86.41,0.669,0,58,0,0,0,0,0,0,0,0,0,0,0,0,0,0,0,0,0.004,-37.056,0,"HalF_HearteD",-0.062,-16.642,0,"하루（Haru）",-19.515,-45.001,0,"장덕춘_",-12.803,-64.988,0,"bdg06213",22.044,-53.693,0,"Pugeuk",10.318,-59.518,0,"Apple_Sherbet",38.655,-89.009,0,"magimari",-1.489,-112.496,0,"卯月満開",-39.97,-87.433,0,0,0,0,0,0,"",0,0,0,0,0,0,0,0,0,0
95,4,1,8,0,1,2,1,0,1,1,255,7,2,10,4877.865,"TaeGeuk_",R,32,131,2.93,1.08,0.627,1.84,-36.863,3,0,168.513,-148.136,0,0.309,-20.256,0,6,8,R,"あくせる",174.6,86.41,0.669,0,58,0,0,0,0,0,0,0,0,0,0,0,0,0,0,0,0,0.013,-36.694,0,"HalF_HearteD",-0.039,-16.676,0,"하루（Haru）",-19.388,-44.881,0,"장덕춘_",-12.785,-65.007,0,"bdg06213",21.396,-53.516,0,"Pugeuk",10.337,-59.481,0,"Apple_Sherbet",39.094,-88.877,0,"magimari",-1.528,-112.787,0,"卯月満開",-39.759,-87.281,0,0,0,0,0,0,"",0,0,0,0,0,0,0,0,0,6
96,4,1,8,0,0,0,1,1,1,1,8,7,2,11,4905.604,"TaeGeuk_",R,3,116,-1.517,0.195,0.474,1.78,-36.829,2,0,-395.32,0,0,0,0,1,7,5,R,"しろくま。",179.5,96,0.298,3,58,4906.594,214,22,125,67,26,132,150,102,31.304,-12.642,-0.06,0.018,-0.065,0.022,0,-0.102,-37.027,0,"HalF_HearteD",-0.124,-16.652,0,"하루（Haru）",-18.631,-46.566,0,"장덕춘_",-13.029,-64.682,0,"bdg06213",20.948,-50.902,0,"Pugeuk",11.336,-59.907,0,"Apple_Sherbet",39.901,-88.213,0,"magimari",-1.569,-113.689,0,"卯月満開",-42.995,-95.221,0,4911.575,8.065,-105.488,4911.675,7,"magimari",7.934,-103.284,0,16,0,0,0,0,0,1
97,4,0,8,0,0,0,0,0,0,0,255,255,255,29,4974.689,"559：広告",R,3,113,0.95,0.885,0.332,2.141,-36.853,0,0,-327.557,219.817,4.276,0,0,0,2,5,R,"Pugeuk",169.8,90.921,0.474,0,58,0,0,0,0,0,0,0,0,0,0,0,0,0,0,0,0,-0.134,-37.925,0,"mochi_2929",-0.014,-16.793,0,"檸檬の残骸",-20.455,-46.495,0,"sano jpn",-14.128,-64.306,0,"にゃんこ3K",21.585,-53.402,0,"しろくま。",10.603,-62.942,0,"ぐだもん",33.01,-87.694,0,"alcohol500",-2.758,-111.081,0,"あくせる",-42.178,-86.063,0,0,0,0,0,0,"",0,0,0,0,0,0,0,0,0,0
98,4,0,8,0,0,1,0,0,0,0,255,255,255,30,4989.827,"559：広告",R,27,134,-31.028,-2.67,-0.094,1.932,-36.537,2,0,78.964,-102.33,5.99,0,0,1,2,5,R,"Pugeuk",169.8,90.921,0.474,3,58,4990.754,124,7,73,36,14,81,132,126,4.772,19.913,0.51,-0.037,-0.032,0.209,0,-0.292,-36.907,0,"mochi_2929",0.061,-16.689,0,"檸檬の残骸",-20.442,-46.384,0,"sano jpn",-15.124,-62.983,0,"にゃんこ3K",21.582,-53.287,0,"しろくま。",10.383,-62.773,0,"ぐだもん",32.944,-87.603,0,"alcohol500",-2.645,-110.894,0,"あくせる",-42.135,-86.038,0,0,0,0,4992.308,3,"sano jpn",-15.244,-59.394,0,0,0,0,0,0,0,1
99,4,0,8,0,0,0,1,0,0,0,255,255,255,31,5018.035,"559：広告",R,10,124,-0.713,-1.911,-0.061,1.566,-36.479,2,0,0,400,4.088,0,0,1,3,2,R,"하루（Haru）",190,80,0.55,2,58,5019.012,255,20,209,94,39,255,150,130,-30,-3.571,0.5,-0.03,-0.001,0.082,0,-0.227,-37.211,0,"mochi_2929",0.049,-16.829,0,"檸檬の残骸",-20.854,-46.44,0,"sano jpn",-13.975,-63.413,0,"にゃんこ3K",22.484,-53.044,0,"しろくま。",8.324,-64.977,0,"ぐだもん",36.429,-93.134,0,"alcohol500",-3.946,-115.103,0,"あくせる",-45.222,-89.381,0,5018.875,-0.103,-21.082,5022.925,7,"alcohol500",5.942,-108.917,1,0,0,0,0,0,0,2
100,4,0,8,0,0,0,1,1,0,0,11,255,255,32,5082.883,"559：広告",R,3,109,-0.431,-0.504,0.182,1.701,-36.653,2,0,-399.926,66.582,-2.624,0,0,1,4,4,R,"bdg06213",190,80,0.25,2,58,5084.035,249,24,21,105,58,255,70,67,-15.501,40.142,0.99,-0.039,-0.06,0.277,0,-0.294,-37.217,0,"mochi_2929",0.012,-16.744,0,"檸檬の残骸",-19.454,-42.797,0,"sano jpn",-11.387,-57.557,0,"にゃんこ3K",19.215,-48.559,0,"しろくま。",5.759,-64.131,0,"ぐだもん",34.019,-88.568,0,"alcohol500",-4.405,-110.908,0,"あくせる",-46.742,-87.92,0,5084.142,-2.296,-23.526,5086.025,2,"檸檬の残骸",-17.815,-41.796,1,0,0,0,0,0,0,2
101,4,0,8,0,0,0,2,1,0,0,13,255,255,33,5116.822,"559：広告",R,0,123,-3.156,-1.265,-0.281,1.612,-36.603,2,0,-22.359,0,1.715,0,0,1,5,8,R,"卯月満開",171,84.63,0.2,2,58,5117.82,255,14,122,56,22,255,150,84,-49.953,42.876,-0.42,-0.144,-0.135,0.078,0,-0.737,-37.246,0,"mochi_2929",-0.391,-16.674,0,"檸檬の残骸",-19.999,-44.852,0,"sano jpn",-14.162,-63.447,0,"にゃんこ3K",21.292,-52.031,0,"しろくま。",5.033,-62.157,0,"ぐだもん",30.046,-87.64,0,"alcohol500",-10.277,-109.641,0,"あくせる",-42.491,-83.748,0,5117.691,-0.881,-19.415,5120.908,2,"檸檬の残骸",-11.01,-42.871,0,0,0,0,0,0,0,2
102,5,1,8,0,0,0,0,0,0,0,255,255,255,12,5187.647,"TaeGeuk_",R,32,140,-0.959,-0.258,0.423,0.974,-36.551,2,0,176.781,89.256,0,0,0,1,8,6,R,"ぐだもん",174.5,92.695,0.328,3,58,5188.452,255,10,91,33,19,111,140,115,30.14,43.311,0.21,0.005,0.064,0,0,0.364,-37.324,0,"HalF_HearteD",0.01,-16.807,0,"하루（Haru）",-18.446,-46.462,0,"장덕춘_",-13.975,-64.122,0,"bdg06213",20.125,-55.7,0,"Pugeuk",8.999,-60.346,0,"Apple_Sherbet",42.378,-90.849,0,"magimari",-2.889,-107.575,0,"卯月満開",-41.367,-88.29,0,5193.191,-71.678,-89.601,5194.908,8,"卯月満開",-67.775,-82.749,0,0,0,0,0,0,0,2
103,5,1,8,0,0,1,0,0,0,0,255,255,255,13,5216.419,"TaeGeuk_",R,33,138,-1.294,0.133,0.425,1.036,-36.623,0,0,103.086,71.081,0,0,0,1,8,6,R,"ぐだもん",174.5,92.695,0.328,0,58,0,0,0,0,0,0,0,0,0,0,0,0,0,0,0,0,0.167,-37.409,0,"HalF_HearteD",-0.034,-16.757,0,"하루（Haru）",-19.422,-45.544,0,"장덕춘_",-14.253,-64.094,0,"bdg06213",18.893,-55.209,0,"Pugeuk",8.082,-60.906,0,"Apple_Sherbet",44.284,-90.489,0,"magimari",-1.691,-105.462,0,"卯月満開",-45.904,-88.356,0,0,0,0,0,0,"",0,0,0,0,0,0,0,0,0,0
104,5,1,8,0,0,2,0,0,0,0,255,255,255,14,5241.999,"TaeGeuk_",R,3,124,-0.34,-0.896,0.769,0.875,-36.865,2,0,-439.174,0,0,0,0,1,8,6,R,"ぐだもん",174.5,92.695,0.328,3,58,5242.852,255,14,211,46,21,255,150,128,-9.196,40.819,0.58,-0.018,0.049,0.111,0,0.505,-37.224,0,"HalF_HearteD",-0.022,-16.823,0,"하루（Haru）",-19.868,-46.316,0,"장덕춘_",-14.211,-64.061,0,"bdg06213",20.054,-53.062,0,"Pugeuk",8.233,-60.734,0,"Apple_Sherbet",44.3,-90.713,0,"magimari",-1.683,-105.48,0,"卯月満開",-45.993,-88.693,0,5242.808,-2.237,-22.692,5244.008,2,"하루（Haru）",-19.181,-42.531,0,0,0,0,0,0,0,2
105,5,1,8,0,0,0,1,0,0,0,255,255,255,15,5270.834,"TaeGeuk_",R,0,129,-3.545,0.145,0.273,1.041,-36.566,4,0,0,0,0,-0.411,-18.753,1,0,1,L,"mochi_2929",180.2,97.434,0.447,0,58,0,0,0,0,0,0,0,0,0,0,0,0,0,0,0,0,0.082,-37.425,0,"HalF_HearteD",-0.073,-16.768,0,"하루（Haru）",-17.63,-45.193,0,"장덕춘_",-14.356,-64.046,0,"bdg06213",20.735,-55.017,0,"Pugeuk",9.896,-60.207,0,"Apple_Sherbet",37.527,-89.498,0,"magimari",-1.582,-105.38,0,"卯月満開",-44.961,-94.849,0,0,0,0,0,0,"",0,0,0,0,0,0,0,0,0,0
106,5,1,8,0,0,1,1,0,0,0,255,255,255,16,5286.196,"TaeGeuk_",R,0,140,0.22,-0.96,0.597,0.827,-36.783,0,0,0,0,0,0,0,1,0,1,L,"mochi_2929",180.2,97.434,0.447,3,49,5287.3,200,20,120,15,0,122,140,106,-30,-11.329,0.93,0.093,-0.192,0.088,0,0.647,-36.82,0,"HalF_HearteD",-0.005,-16.895,0,"하루（Haru）",-17.81,-46.555,0,"장덕춘_",-14.201,-64.031,0,"bdg06213",20.156,-53.291,0,"Pugeuk",9.966,-60.225,0,"Apple_Sherbet",38.616,-91.043,0,"magimari",-1.559,-105.245,0,"卯月満開",-44.547,-94.143,0,5287.191,0.128,-18.92,5287.675,1,"HalF_HearteD",-0.032,-18.274,0,0,0,0,0,0,0,2
107,5,1,8,0,0,2,1,0,0,0,255,255,255,17,5299.549,"TaeGeuk_",R,3,113,-1,-1.638,0.687,0.712,-36.993,2,0,-500,0,0,0,0,1,0,1,L,"mochi_2929",180.2,97.434,0.447,3,58,5300.747,255,43,46,95,0,34,129,81,-12.969,30.328,-0.45,0.048,-0.154,0,0,0.717,-36.831,0,"HalF_HearteD",0.016,-16.805,0,"하루（Haru）",-17.681,-45.886,0,"장덕춘_",-14.456,-63.762,0,"bdg06213",21.546,-53.28,0,"Pugeuk",10.698,-60.039,0,"Apple_Sherbet",41.197,-91.944,0,"magimari",-1.084,-105.833,0,"卯月満開",-43.782,-94.561,0,5300.775,-0.943,-20.181,5302.475,2,"하루（Haru）",-16.317,-42.508,0,0,0,0,0,0,0,2
108,5,1,8,0,0,0,2,0,0,0,255,255,255,18,5330.127,"TaeGeuk_",R,0,140,-1.181,0.068,0.467,1.004,-36.762,2,0,0,0,0,0,0,1,1,3,R,"sano jpn",170.5,87.841,0.328,3,71,5331.223,109,6,103,47,31,147,140,82,110.534,-69.92,0.97,0.007,0.018,0.053,0.095,0.494,-37.132,0,"HalF_HearteD",0.016,-16.817,0,"하루（Haru）",-18.675,-46.006,0,"장덕춘_",-11.565,-63.376,0,"bdg06213",20.154,-54.808,0,"Pugeuk",8.401,-60.509,0,"Apple_Sherbet",38.011,-89.445,0,"magimari",-0.536,-103.79,0,"卯月満開",-37.854,-85.255,0,0,0,0,0,0,"",0,0,0,0,0,0,0,0,0,3
109,5,1,8,0,0,1,2,0,0,0,255,255,255,19,5347.071,"TaeGeuk_",R,0,128,1.258,-0.625,0.594,0.894,-36.714,2,0,0,0,0,0,0,1,1,3,R,"sano jpn",170.5,87.841,0.328,3,71,5348.123,130,13,94,52,48,133,140,126,-10.703,1.721,0.5,-0.032,-0.001,0.121,0.19,0.478,-37.106,0,"HalF_HearteD",-0.094,-16.666,0,"하루（Haru）",-18.169,-46.198,0,"장덕춘_",-12.482,-64.931,0,"bdg06213",20.929,-53.643,0,"Pugeuk",8.167,-60.384,0,"Apple_Sherbet",40.096,-90.383,0,"magimari",-0.406,-109.227,0,"卯月満開",-36.429,-85.818,0,5348.091,0.119,-23.363,5351.125,7,"magimari",-1.647,-98.089,1,0,0,0,0,0,0,2
110,5,1,8,0,0,0,2,1,0,0,3,255,255,20,5378.868,"TaeGeuk_",R,3,127,-0.488,-1.037,0.574,0.79,-36.755,2,0,-434.206,0,0,0,0,1,2,0,R,"559：広告",190,83.967,0.437,3,58,5379.962,255,24,147,93,44,162,150,130,-3.297,2.622,0.58,-0.053,-0.097,0.05,0,0.455,-37.467,0,"HalF_HearteD",-0.001,-16.611,0,"하루（Haru）",-16.183,-45.332,0,"장덕춘_",-13.21,-63.748,0,"bdg06213",20.773,-56.021,0,"Pugeuk",6.949,-61.246,0,"Apple_Sherbet",39.779,-90.28,0,"magimari",-1.047,-112.279,0,"卯月満開",-46.578,-90.311,0,5380.075,-0.519,-27.926,5383.142,7,"magimari",-3.207,-102.917,1,0,0,0,0,0,0,2
111,5,1,8,0,0,0,2,1,1,0,255,3,255,21,5409.418,"TaeGeuk_",R,0,124,0.646,-0.118,0.537,0.97,-36.774,0,0,0,0,0,0,0,0,3,4,R,"にゃんこ3K",190,89.777,0.5,0,58,0,0,0,0,0,0,0,0,0,0,0,0,0,0,0,0,0.001,-37.588,0,"HalF_HearteD",0.032,-16.837,0,"하루（Haru）",-18.947,-44.646,0,"장덕춘_",-13.099,-65.184,0,"bdg06213",19.948,-53.969,0,"Pugeuk",3.324,-62.088,0,"Apple_Sherbet",36.341,-86.297,0,"magimari",-2.778,-108.542,0,"卯月満開",-42.843,-94.563,0,0,0,0,0,0,"",0,0,0,0,0,0,0,0,0,0
112,5,1,8,0,0,1,2,1,0,1,0,255,3,22,5423.377,"TaeGeuk_",R,33,140,0.862,-0.31,0.515,0.945,-36.607,0,0,146.168,33.327,0,0,0,1,3,4,R,"にゃんこ3K",190,89.777,0.5,0,58,0,0,0,0,0,0,0,0,0,0,0,0,0,0,0,0,-0.154,-37.677,0,"HalF_HearteD",-0.059,-16.783,0,"하루（Haru）",-18.992,-45.346,0,"장덕춘_",-13.051,-64.167,0,"bdg06213",19.978,-53.802,0,"Pugeuk",4.399,-62.621,0,"Apple_Sherbet",34.586,-91.445,0,"magimari",-2.401,-111.394,0,"卯月満開",-42.837,-94.587,0,0,0,0,0,0,"",0,0,0,0,0,0,0,0,0,0
113,5,1,8,0,0,2,2,1,0,1,0,255,3,23,5437.612,"TaeGeuk_",R,32,140,0.487,-0.041,0.458,1.011,-36.534,2,0,210.818,79.051,0,0,0,1,3,4,R,"にゃんこ3K",190,89.777,0.5,3,58,5438.68,177,10,87,49,33,102,140,94,-14.025,-33.899,-0.48,-0.056,-0.123,0.081,0,0.268,-36.987,0,"HalF_HearteD",-0.056,-16.878,0,"하루（Haru）",-18.101,-46.378,0,"장덕춘_",-13.184,-64.864,0,"bdg06213",19.761,-53.848,0,"Pugeuk",4.551,-62.469,0,"Apple_Sherbet",36.009,-93.529,0,"magimari",-2.384,-111.368,0,"卯月満開",-43.167,-95.655,0,5438.675,2.536,-23.471,5440.542,4,"bdg06213",20.744,-50.821,0,0,0,0,0,0,0,2
114,5,0,8,0,0,0,0,0,0,0,255,255,255,34,5559.286,"559：広告",R,27,129,-0.668,0.692,-0.082,1.912,-36.666,0,0,79.357,-113.125,2.274,0,0,0,6,9,L,"Azuner",190,84.66,0.398,0,58,0,0,0,0,0,0,0,0,0,0,0,0,0,0,0,0,-0.246,-37.616,0,"mochi_2929",-0.095,-16.614,0,"檸檬の残骸",-20.967,-46.979,0,"sano jpn",-13.634,-63.408,0,"にゃんこ3K",24.792,-49.833,0,"しろくま。",14.939,-60.743,0,"ぐだもん",40.621,-91.983,0,"alcohol500",4.548,-116.691,0,"あくせる",-38.501,-95.727,0,0,0,0,0,0,"",0,0,0,0,0,0,0,0,0,0
115,5,0,8,0,0,1,0,0,0,0,255,255,255,35,5575.409,"559：広告",R,10,117,3.78,-0.667,0.101,2.062,-36.827,2,0,-76.328,399.801,-1.277,0,0,1,6,9,L,"Azuner",190,84.66,0.398,3,58,5576.514,169,16,96,69,32,82,147,130,-23.487,-1.565,0.58,-0.061,-0.002,0.053,0,0.003,-37.293,0,"mochi_2929",-0.09,-16.6,0,"檸檬の残骸",-20.912,-46.702,0,"sano jpn",-16.388,-61.798,0,"にゃんこ3K",24.774,-49.706,0,"しろくま。",15.106,-60.651,0,"ぐだもん",40.663,-91.914,0,"alcohol500",6.637,-118.351,0,"あくせる",-38.5,-95.737,0,5576.475,0.419,-22.596,5580.225,7,"alcohol500",3.531,-109.057,1,0,0,0,0,0,0,2
116,5,0,8,0,0,0,0,1,0,0,9,255,255,36,5612.855,"559：広告",R,33,129,-0.972,-1.611,-0.117,1.567,-36.465,4,0,103.319,-77.706,5.092,-0.161,-17.031,1,7,7,R,"magimari",160,89.666,0.554,0,58,0,0,0,0,0,0,0,0,0,0,0,0,0,0,0,0,-0.123,-37.676,0,"mochi_2929",0.034,-16.683,0,"檸檬の残骸",-19.741,-43.41,0,"sano jpn",-9.464,-56.035,0,"にゃんこ3K",20.277,-47.801,0,"しろくま。",5.34,-63.051,0,"ぐだもん",30.635,-88.106,0,"alcohol500",-4.76,-110.245,0,"あくせる",-42.605,-84.54,0,0,0,0,0,0,"",0,0,0,0,0,0,0,0,0,0
117,5,0,8,0,0,1,0,1,0,0,9,255,255,37,5631.338,"559：広告",R,3,111,2.057,1.402,0.37,2.015,-36.999,1,0,-411.703,23.331,3.215,0,0,0,7,7,R,"magimari",160,89.666,0.554,0,58,0,0,0,0,0,0,0,0,0,0,0,0,0,0,0,0,0.034,-37.277,0,"mochi_2929",0.248,-16.673,0,"檸檬の残骸",-19.886,-42.573,0,"sano jpn",-10.519,-53.98,0,"にゃんこ3K",19.771,-48.503,0,"しろくま。",3.324,-62.4,0,"ぐだもん",30.625,-88.1,0,"alcohol500",-4.87,-110.224,0,"あくせる",-42.633,-84.378,0,0,0,0,0,0,"",0,0,0,0,0,0,0,0,0,0
118,5,0,8,0,1,1,0,1,0,0,9,255,255,38,5688.489,"559：広告",R,32,126,3.062,1.691,0.238,2.001,-36.92,1,0,150.702,-132.235,3.993,1.273,-16.818,0,7,7,R,"magimari",160,89.666,0.554,0,58,0,0,0,0,0,0,0,0,0,0,0,0,0,0,0,0,-0.116,-37.296,0,"mochi_2929",0.175,-16.744,0,"檸檬の残骸",-19.528,-41.319,0,"sano jpn",-10.153,-54.364,0,"にゃんこ3K",19.882,-48.339,0,"しろくま。",5.075,-62.191,0,"ぐだもん",30.649,-88.101,0,"alcohol500",-4.906,-106.942,0,"あくせる",-42.121,-85.439,0,0,0,0,0,0,"",0,0,0,0,0,0,0,0,0,0
119,5,0,8,0,2,1,0,1,0,0,9,255,255,39,5708.76,"559：広告",R,3,110,-0.138,-1.057,0.139,1.591,-36.482,0,0,-268.261,0,-0.946,0,0,1,7,7,R,"magimari",160,89.666,0.554,0,58,0,0,0,0,0,0,0,0,0,0,0,0,0,0,0,0,-0.027,-37.86,0,"mochi_2929",-0.587,-17.821,0,"檸檬の残骸",-19.955,-42.308,0,"sano jpn",-8.493,-54.344,0,"にゃんこ3K",20.588,-47.917,0,"しろくま。",1.981,-61.358,0,"ぐだもん",30.703,-88.182,0,"alcohol500",-5.149,-107.077,0,"あくせる",-42.165,-84.735,0,0,0,0,0,0,"",0,0,0,0,0,0,0,0,0,0
120,5,0,8,0,2,2,0,1,0,0,9,255,255,40,5728.326,"559：広告",R,26,128,-2.422,0.224,-0.252,1.792,-36.591,1,0,99.214,-165.391,7.306,0,0,0,7,7,R,"magimari",160,89.666,0.554,0,58,0,0,0,0,0,0,0,0,0,0,0,0,0,0,0,0,-0.064,-37.484,0,"mochi_2929",-0.644,-17.197,0,"檸檬の残骸",-19.914,-42.568,0,"sano jpn",-11.172,-56.611,0,"にゃんこ3K",19.874,-47.781,0,"しろくま。",1.95,-61.789,0,"ぐだもん",30.742,-88.191,0,"alcohol500",-5.597,-107.084,0,"あくせる",-42.182,-85.158,0,0,0,0,0,0,"",0,0,0,0,0,0,0,0,0,0
121,5,0,8,0,3,2,0,1,0,0,9,255,255,41,5743.213,"559：広告",R,3,103,0.994,1.203,0.365,2.056,-36.947,2,0,-323.673,0,4.807,0,0,1,7,7,R,"magimari",160,89.666,0.554,3,58,5744.516,137,16,86,43,21,111,139,90,16.687,21.704,-0.05,-0.001,-0.019,0.046,0,0.132,-37.267,0,"mochi_2929",0.212,-16.549,0,"檸檬の残骸",-19.787,-44.213,0,"sano jpn",-8.141,-58.904,0,"にゃんこ3K",19.859,-47.711,0,"しろくま。",6.167,-63.472,0,"ぐだもん",30.743,-88.202,0,"alcohol500",-5.727,-106.86,0,"あくせる",-41.245,-86.951,0,0,0,0,5748.242,8,"あくせる",-31.732,-77.528,0,0,0,0,0,0,0,1
122,5,0,8,0,0,0,1,0,0,1,255,255,9,42,6010.641,"559：広告",R,5,109,-1.279,-0.809,-0.116,1.611,-36.59,0,0,-95.591,0,2.461,0,0,1,8,1,R,"HalF_HearteD",175.1,80,0.453,0,58,0,0,0,0,0,0,0,0,0,0,0,0,0,0,0,0,-0.239,-37.55,0,"mochi_2929",-0.127,-16.486,0,"檸檬の残骸",-20.108,-44.281,0,"sano jpn",-14.047,-58.115,0,"にゃんこ3K",20.487,-45.144,0,"しろくま。",4.769,-63.127,0,"ぐだもん",34.064,-89.164,0,"alcohol500",-7.249,-110.161,0,"あくせる",-43.843,-86.163,0,0,0,0,0,0,"",0,0,0,0,0,0,0,0,0,0
123,5,0,8,0,0,1,1,0,0,1,255,255,9,43,6032.442,"559：広告",R,28,137,0.37,0.449,0.02,1.866,-36.592,0,0,64.162,-70.084,2.662,0,0,1,8,1,R,"HalF_HearteD",175.1,80,0.453,0,58,0,0,0,0,0,0,0,0,0,0,0,0,0,0,0,0,0.009,-37.616,0,"mochi_2929",0.111,-16.46,0,"檸檬の残骸",-20.096,-44.833,0,"sano jpn",-11.255,-62.816,0,"にゃんこ3K",21.45,-47.089,0,"しろくま。",4.061,-62.356,0,"ぐだもん",34.058,-89.168,0,"alcohol500",-6.616,-109.964,0,"あくせる",-43.806,-86.207,0,0,0,0,0,0,"",0,0,0,0,0,0,0,0,0,0
124,5,0,8,0,0,2,1,0,0,1,255,255,9,44,6053.836,"559：広告",R,33,129,-0.621,0.716,-0.094,1.895,-36.571,0,0,129.655,-113.737,12.866,0,0,1,8,1,R,"HalF_HearteD",175.1,80,0.453,0,58,0,0,0,0,0,0,0,0,0,0,0,0,0,0,0,0,-0.094,-37.764,0,"mochi_2929",0.061,-16.487,0,"檸檬の残骸",-20.037,-44.866,0,"sano jpn",-13.949,-60.707,0,"にゃんこ3K",21.171,-47.015,0,"しろくま。",4.958,-63.17,0,"ぐだもん",34.007,-89.009,0,"alcohol500",-5.077,-109.177,0,"あくせる",-44.084,-85.396,0,0,0,0,0,0,"",0,0,0,0,0,0,0,0,0,0
125,5,0,8,0,0,0,2,0,0,1,255,255,9,45,6084.221,"559：広告",R,33,129,-0.917,0.8,-0.115,1.917,-36.602,2,0,107.21,-92.781,7.597,0,0,1,0,6,R,"Apple_Sherbet",176,86.926,0.303,3,58,6085.205,255,20,139,45,16,137,150,99,103.207,-58.66,-0.14,-0.005,-0.011,0.248,0,-0.339,-37.021,0,"mochi_2929",0.039,-16.51,0,"檸檬の残骸",-20.425,-45.94,0,"sano jpn",-13.693,-62.806,0,"にゃんこ3K",20.654,-49.767,0,"しろくま。",8.708,-63.298,0,"ぐだもん",32.826,-89.81,0,"alcohol500",-2.713,-113.925,0,"あくせる",-45.488,-87.929,0,0,0,0,0,0,"",0,0,0,0,0,0,0,0,0,3
126,5,0,8,0,0,1,2,0,0,1,255,255,9,46,6105.507,"559：広告",R,3,101,1.25,1.18,0.441,2.105,-37.057,1,0,-365.468,0.802,5.874,0,0,0,0,6,R,"Apple_Sherbet",176,86.926,0.303,0,58,0,0,0,0,0,0,0,0,0,0,0,0,0,0,0,0,0.155,-37.593,0,"mochi_2929",0.109,-16.649,0,"檸檬の残骸",-21.156,-46.885,0,"sano jpn",-16.116,-62.141,0,"にゃんこ3K",20.344,-44.667,0,"しろくま。",5.286,-62.428,0,"ぐだもん",34.172,-92.64,0,"alcohol500",-1.174,-112.1,0,"あくせる",-44.57,-86.212,0,0,0,0,0,0,"",0,0,0,0,0,0,0,0,0,0
127,5,0,8,0,1,1,2,0,0,1,255,255,9,47,6123.299,"559：広告",R,3,120,0.56,-0.631,0.179,1.721,-36.557,0,0,-355.948,43.184,0.508,0,0,1,0,6,R,"Apple_Sherbet",176,86.926,0.303,0,58,0,0,0,0,0,0,0,0,0,0,0,0,0,0,0,0,0.044,-37.881,0,"mochi_2929",0.038,-16.667,0,"檸檬の残骸",-19.719,-45.06,0,"sano jpn",-13.762,-62.982,0,"にゃんこ3K",20.997,-46.006,0,"しろくま。",7.396,-60.43,0,"ぐだもん",34.151,-92.553,0,"alcohol500",-1.617,-112.153,0,"あくせる",-44.649,-86.226,0,0,0,0,0,0,"",0,0,0,0,0,0,0,0,0,0
128,5,0,8,0,1,2,2,0,0,1,255,255,9,48,6159.207,"559：広告",R,3,105,-1.41,-0.463,0.053,1.697,-36.753,0,0,-376.861,0,-2.41,0,0,1,0,6,R,"Apple_Sherbet",176,86.926,0.303,0,58,0,0,0,0,0,0,0,0,0,0,0,0,0,0,0,0,-0.167,-37.677,0,"mochi_2929",-0.358,-17.158,0,"檸檬の残骸",-20.044,-44.883,0,"sano jpn",-19.011,-63.029,0,"にゃんこ3K",21.636,-48.751,0,"しろくま。",6.113,-61.276,0,"ぐだもん",33.897,-92.717,0,"alcohol500",-1.377,-112.767,0,"あくせる",-44.747,-85.528,0,0,0,0,0,0,"",0,0,0,1,0,0,0,0,0,0
129,6,1,8,0,0,0,0,0,0,0,255,255,255,24,6204.139,"TaeGeuk_",R,5,114,1.412,-1.904,0.594,0.552,-37.141,1,0,-54.311,0,0,0,0,0,4,2,L,"檸檬の残骸",190,80,0.414,0,58,0,0,0,0,0,0,0,0,0,0,0,0,0,0,0,0,0.343,-38.098,0,"HalF_HearteD",0.023,-16.663,0,"하루（Haru）",-18.395,-45.387,0,"장덕춘_",-10.002,-65.572,0,"bdg06213",21.298,-56.594,0,"Pugeuk",10.832,-60.61,0,"Apple_Sherbet",38.954,-89.374,0,"magimari",-0.844,-110.17,0,"卯月満開",-40.345,-91.122,0,0,0,0,0,0,"",0,0,0,0,0,0,0,0,0,0
130,6,1,8,0,1,0,0,0,0,0,255,255,255,25,6218.605,"TaeGeuk_",R,3,114,-1.471,-0.608,0.405,0.813,-36.823,2,0,-422.081,0,0,0,0,1,4,2,L,"檸檬の残骸",190,80,0.414,3,58,6219.689,255,25,146,133,59,145,150,82,-30,-21.598,0.98,0.011,-0.044,0.04,0,0.143,-37.035,0,"HalF_HearteD",-0.035,-16.782,0,"하루（Haru）",-16.154,-45.791,0,"장덕춘_",-10.165,-64.466,0,"bdg06213",21.305,-56.703,0,"Pugeuk",11.033,-60.495,0,"Apple_Sherbet",41.728,-90.347,0,"magimari",-0.625,-110.159,0,"卯月満開",-40.236,-91.236,0,6219.642,0.247,-22.204,6222.292,4,"bdg06213",17.617,-50.149,0,0,0,0,0,0,0,2
131,6,1,8,0,0,0,1,0,0,0,255,255,255,26,6244.622,"TaeGeuk_",R,33,120,-1.411,0.711,0.107,1.178,-36.625,0,0,138.614,54.042,0,0,0,0,5,7,L,"alcohol500",168.1,93.556,0.379,0,58,0,0,0,0,0,0,0,0,0,0,0,0,0,0,0,0,-0.311,-37.421,0,"HalF_HearteD",-0.024,-16.566,0,"하루（Haru）",-16.287,-46.746,0,"장덕춘_",-12.191,-64.752,0,"bdg06213",22.061,-55.644,0,"Pugeuk",12.335,-59.012,0,"Apple_Sherbet",38.998,-88.725,0,"magimari",-0.066,-108.076,0,"卯月満開",-41.058,-93.928,0,0,0,0,0,0,"",0,0,0,0,0,0,0,0,0,0
132,6,1,8,0,0,1,1,0,0,0,255,255,255,27,6257.854,"TaeGeuk_",R,4,110,-0.388,0.115,0.443,1.019,-36.749,2,0,-200.918,0,0,0,0,1,5,7,L,"alcohol500",168.1,93.556,0.379,3,58,6259.03,135,15,93,42,16,109,139,96,3.162,-13.722,0.04,0.014,-0.014,0.163,0,0.439,-37.192,0,"HalF_HearteD",-0.024,-16.802,0,"하루（Haru）",-16.469,-46.808,0,"장덕춘_",-12.104,-64.774,0,"bdg06213",22.563,-54.752,0,"Pugeuk",12.123,-58.473,0,"Apple_Sherbet",39.134,-88.556,0,"magimari",-0.012,-107.992,0,"卯月満開",-40.74,-93.404,0,6259.892,7.139,-44.88,6260.742,5,"Pugeuk",10.54,-54.3,0,0,0,0,0,0,0,2
133,6,1,8,0,0,0,2,0,0,0,255,255,255,28,6280.122,"TaeGeuk_",R,33,111,1.287,0.842,0.558,1.181,-36.735,2,0,110.061,20.542,0,0,0,1,6,8,R,"あくせる",174.6,86.41,0.669,3,58,6281.233,169,21,73,72,60,66,140,127,100.173,-70.644,0.43,0.04,-0.023,0.066,0,0.469,-37.38,0,"HalF_HearteD",-0.013,-16.722,0,"하루（Haru）",-18.083,-45.622,0,"장덕춘_",-10.217,-65.441,0,"bdg06213",19.718,-57.502,0,"Pugeuk",8.303,-60.512,0,"Apple_Sherbet",38.087,-86.412,0,"magimari",0.196,-108.833,0,"卯月満開",-42.467,-85.484,0,0,0,0,0,0,"",0,0,0,0,0,0,0,0,0,3
134,6,1,8,0,0,1,2,0,0,0,255,255,255,29,6293.785,"TaeGeuk_",R,4,107,0.814,-2.035,0.772,0.624,-37.054,1,0,-194.865,0,0,-0.029,-17.496,0,6,8,R,"あくせる",174.6,86.41,0.669,0,58,0,0,0,0,0,0,0,0,0,0,0,0,0,0,0,0,0.425,-37.444,0,"HalF_HearteD",0.03,-16.638,0,"하루（Haru）",-19.287,-44.171,0,"장덕춘_",-10.337,-64.671,0,"bdg06213",19.292,-56.131,0,"Pugeuk",7.618,-61.723,0,"Apple_Sherbet",38.342,-85.828,0,"magimari",-0.538,-108.126,0,"卯月満開",-42.789,-85.303,0,0,0,0,0,0,"",0,0,0,0,0,0,0,0,0,0
135,6,1,8,0,1,1,2,0,0,0,255,255,255,30,6307.031,"TaeGeuk_",R,32,139,-0.475,0.018,0.475,0.995,-36.687,0,0,197.191,-4.005,0,0,0,0,6,8,R,"あくせる",174.6,86.41,0.669,0,58,0,0,0,0,0,0,0,0,0,0,0,0,0,0,0,0,0.003,-37.261,0,"HalF_HearteD",-0.014,-16.578,0,"하루（Haru）",-19.738,-45.123,0,"장덕춘_",-10.494,-64.953,0,"bdg06213",19.352,-56.2,0,"Pugeuk",7.487,-61.655,0,"Apple_Sherbet",38.742,-86.696,0,"magimari",-0.744,-109.133,0,"卯月満開",-42.808,-85.285,0,0,0,0,0,0,"",0,0,0,0,0,0,0,0,0,0
136,6,1,8,0,1,2,2,0,0,0,255,255,255,31,6320.559,"TaeGeuk_",R,4,131,0.366,-0.52,0.682,0.908,-36.753,2,0,-222.825,0,0,0,0,1,6,8,R,"あくせる",174.6,86.41,0.669,3,58,6321.665,255,29,101,79,28,104,150,116,-28.295,40.11,0.85,-0.01,-0.093,0.2,0,0.705,-37.101,0,"HalF_HearteD",0.018,-16.777,0,"하루（Haru）",-19.384,-46.523,0,"장덕춘_",-10.52,-65.117,0,"bdg06213",20.235,-55.792,0,"Pugeuk",8.424,-61.378,0,"Apple_Sherbet",38.837,-86.347,0,"magimari",-0.778,-109.146,0,"卯月満開",-42.941,-85.225,0,6321.591,-1.027,-19.988,6323.091,2,"하루（Haru）",-19.766,-42.403,0,0,0,0,0,0,0,2
137,6,0,8,0,0,0,0,0,0,0,255,255,255,49,6376.528,"559：広告",R,5,125,1.919,1.602,0.217,2.054,-36.773,4,0,-96.401,33.879,3.485,0.826,-16.872,1,1,3,R,"장덕춘_",164.7,94.644,0.8,0,58,0,0,0,0,0,0,0,0,0,0,0,0,0,0,0,0,-0.129,-37.703,0,"mochi_2929",0.088,-16.548,0,"檸檬の残骸",-19.975,-45.386,0,"sano jpn",-10.695,-62.38,0,"にゃんこ3K",21.778,-51.462,0,"しろくま。",9.856,-61.5,0,"ぐだもん",29.519,-88.958,0,"alcohol500",-5.562,-107.993,0,"あくせる",-43.047,-84.282,0,0,0,0,0,0,"",0,0,0,0,0,0,0,0,0,0
138,6,0,8,0,0,1,0,0,0,0,255,255,255,50,6400.82,"559：広告",R,0,113,-1.038,-0.597,-0.111,1.676,-36.638,0,0,-49.945,0,-2.274,0,0,1,1,3,R,"장덕춘_",164.7,94.644,0.8,0,58,0,0,0,0,0,0,0,0,0,0,0,0,0,0,0,0,-0.368,-37.885,0,"mochi_2929",-0.245,-16.671,0,"檸檬の残骸",-21.185,-45.825,0,"sano jpn",-15.822,-62.623,0,"にゃんこ3K",21.636,-51.566,0,"しろくま。",8.93,-61.853,0,"ぐだもん",29.517,-88.974,0,"alcohol500",-4.342,-108.196,0,"あくせる",-43.139,-84.267,0,0,0,0,0,0,"",0,0,0,0,0,0,0,0,0,0
139,6,0,8,0,0,2,0,0,0,0,255,255,255,51,6420.073,"559：広告",R,3,115,-0.692,-0.717,0.088,1.705,-36.87,2,0,-384.791,0,-4.118,0,0,1,1,3,R,"장덕춘_",164.7,94.644,0.8,3,58,6420.94,60,14,108,91,68,135,118,113,-2.831,-10.724,0.36,-0.069,-0.02,0.041,0,-0.294,-37.441,0,"mochi_2929",-0.174,-16.687,0,"檸檬の残骸",-21.296,-45.922,0,"sano jpn",-16.236,-61.861,0,"にゃんこ3K",21.936,-51.503,0,"しろくま。",10,-63.351,0,"ぐだもん",29.417,-88.942,0,"alcohol500",-4.248,-108.273,0,"あくせる",-43.048,-84.237,0,6421.125,1.504,-29.672,6428.275,7,"alcohol500",15.897,-131.634,1,0,0,0,0,0,0,2
140,6,0,8,0,0,0,0,0,1,0,255,12,255,52,6469.038,"559：広告",R,34,128,1.272,1.563,0.1,2.032,-36.727,2,0,69.951,-63.207,-1.497,0,0,1,2,5,R,"Pugeuk",169.8,90.921,0.474,3,58,6470.126,119,10,82,42,19,108,137,90,31.067,14.538,-0.2,0.048,0.06,0.236,0,0.072,-37.512,0,"mochi_2929",0.153,-16.64,0,"檸檬の残骸",-20.349,-45.965,0,"sano jpn",-13.3,-62.256,0,"にゃんこ3K",20.778,-48.052,0,"しろくま。",4.132,-63.583,0,"ぐだもん",34.608,-90.801,0,"alcohol500",-4.858,-114.199,0,"あくせる",-41.488,-84.595,0,6474.892,-23.201,-88.751,6475.092,8,"あくせる",-22.628,-87.176,0,0,0,0,0,0,0,1
141,6,0,8,0,1,0,1,0,1,0,255,12,255,53,6600.942,"559：広告",R,12,110,0.947,0.721,0.145,2.086,-36.753,0,0,-14.668,119.122,5.131,0,0,1,3,2,R,"하루（Haru）",190,80,0.55,0,58,0,0,0,0,0,0,0,0,0,0,0,0,0,0,0,0,-0.095,-37.633,0,"mochi_2929",0.091,-16.541,0,"檸檬の残骸",-21.364,-46.538,0,"sano jpn",-15.128,-62.74,0,"にゃんこ3K",20.141,-48.374,0,"しろくま。",4.9,-64.058,0,"ぐだもん",39.254,-88.631,0,"alcohol500",-2.914,-114.715,0,"あくせる",-45.599,-88.939,0,0,0,0,0,0,"",0,0,0,0,0,0,0,0,0,0
142,6,0,8,0,1,1,1,0,1,0,255,12,255,54,6621.346,"559：広告",R,3,117,2.178,1.625,0.32,2.127,-36.969,1,0,-290.646,0,4.931,0.576,-17.51,0,3,2,R,"하루（Haru）",190,80,0.55,0,58,0,0,0,0,0,0,0,0,0,0,0,0,0,0,0,0,0.244,-37.541,0,"mochi_2929",0.198,-16.836,0,"檸檬の残骸",-21.057,-46.081,0,"sano jpn",-13.335,-62.581,0,"にゃんこ3K",20.651,-46.869,0,"しろくま。",3.234,-61.971,0,"ぐだもん",39.103,-91.087,0,"alcohol500",-3.339,-113.611,0,"あくせる",-45.601,-88.941,0,0,0,0,0,0,"",0,0,0,0,0,0,0,0,0,0
143,6,0,8,0,2,1,1,0,1,0,255,12,255,55,6647.714,"559：広告",R,4,104,1.537,-0.207,0.375,1.753,-36.902,1,0,-237.423,0,-6.566,0,0,0,3,2,R,"하루（Haru）",190,80,0.55,0,58,0,0,0,0,0,0,0,0,0,0,0,0,0,0,0,0,-0.467,-37.776,0,"mochi_2929",0.032,-16.659,0,"檸檬の残骸",-20.955,-46.631,0,"sano jpn",-14.971,-62.197,0,"にゃんこ3K",20.621,-46.755,0,"しろくま。",3.117,-62.266,0,"ぐだもん",39.036,-90.918,0,"alcohol500",-4.101,-113.604,0,"あくせる",-45.457,-88.585,0,0,0,0,0,0,"",0,0,0,0,0,0,0,0,0,0
144,6,0,8,0,3,1,1,0,1,0,255,12,255,56,6667.891,"559：広告",R,34,127,1.59,1.178,0.122,2.012,-36.768,2,0,93.406,-91.176,0.998,0,0,1,3,2,R,"하루（Haru）",190,80,0.55,2,58,6668.938,205,8,96,21,4,255,139,130,25.49,39.469,0.37,0.018,-0.001,0.052,0,0.063,-37.3,0,"mochi_2929",0.059,-16.582,0,"檸檬の残骸",-21.023,-46.612,0,"sano jpn",-13.515,-62.984,0,"にゃんこ3K",19.625,-47.303,0,"しろくま。",5.834,-64.244,0,"ぐだもん",39.065,-91.085,0,"alcohol500",-3.52,-113.774,0,"あくせる",-45.487,-89.66,0,6673.342,-84.089,-91.927,0,0,"",0,0,0,0,0,0,0,0,0,3
145,6,0,8,0,3,2,1,0,1,0,255,12,255,57,6694.266,"559：広告",R,0,124,0.726,-0.634,0.087,1.689,-36.607,2,0,-43.216,0,2.429,0,0,1,3,2,R,"하루（Haru）",190,80,0.55,2,58,6695.294,210,11,138,36,5,255,150,100,-30,47.255,0.96,-0.019,-0.048,0.179,0,-0.151,-37.421,0,"mochi_2929",-0.304,-16.512,0,"檸檬の残骸",-20.843,-45.777,0,"sano jpn",-14.567,-64.209,0,"にゃんこ3K",20.016,-47.051,0,"しろくま。",6.269,-64.509,0,"ぐだもん",37.593,-90.089,0,"alcohol500",-8.817,-116.408,0,"あくせる",-45.676,-88.662,0,6695.242,-0.99,-19.922,6696.925,2,"檸檬の残骸",-20.475,-40.746,0,0,0,0,0,0,0,2
146,6,0,8,0,0,0,2,0,1,0,255,12,255,58,6754.58,"559：広告",R,34,126,1.014,-0.965,0.072,1.609,-36.527,1,0,82.946,-55.281,-0.15,0,0,0,4,4,R,"bdg06213",190,80,0.25,0,38,0,0,0,0,0,0,0,0,0,0,0,0,0,0,0,0,-0.158,-37.921,0,"mochi_2929",-0.095,-16.749,0,"檸檬の残骸",-19.812,-44.758,0,"sano jpn",-14.69,-62.331,0,"にゃんこ3K",21.779,-49.535,0,"しろくま。",3.757,-62.695,0,"ぐだもん",32.76,-92.211,0,"alcohol500",-4.504,-113.458,0,"あくせる",-47.091,-88.366,0,0,0,0,0,0,"",0,0,0,0,0,0,0,0,0,0
147,6,0,8,0,1,0,2,0,1,0,255,12,255,59,6774.997,"559：広告",R,34,129,-0.008,-0.892,-0.016,1.629,-36.471,0,0,63.514,-36.936,-0.357,0,0,1,4,4,R,"bdg06213",190,80,0.25,0,38,0,0,0,0,0,0,0,0,0,0,0,0,0,0,0,0,0.042,-37.704,0,"mochi_2929",-0.038,-16.727,0,"檸檬の残骸",-19.717,-44.51,0,"sano jpn",-13.974,-62.961,0,"にゃんこ3K",21.813,-47.681,0,"しろくま。",4.44,-62.868,0,"ぐだもん",33.479,-93.88,0,"alcohol500",-6.632,-113.735,0,"あくせる",-47.107,-88.388,0,0,0,0,0,0,"",0,0,0,0,0,0,0,0,0,0
148,6,0,8,0,1,1,2,0,1,0,255,12,255,60,6793.596,"559：広告",R,4,106,0.916,0.959,0.291,2.103,-36.926,0,0,-239.356,0,4.191,0,0,0,4,4,R,"bdg06213",190,80,0.25,0,38,0,0,0,0,0,0,0,0,0,0,0,0,0,0,0,0,-0.275,-38.029,0,"mochi_2929",0.018,-16.789,0,"檸檬の残骸",-20.416,-45.091,0,"sano jpn",-15.838,-62.323,0,"にゃんこ3K",21.965,-47.621,0,"しろくま。",3.974,-61.992,0,"ぐだもん",33.484,-93.93,0,"alcohol500",-4.792,-113.131,0,"あくせる",-47.137,-88.419,0,0,0,0,0,0,"",0,0,0,0,0,0,0,0,0,0
149,6,0,8,0,1,2,2,0,1,0,255,12,255,61,6812.83,"559：広告",R,28,127,-0.638,1.979,-0.077,2.169,-36.702,1,0,69.626,-83.447,7.246,0,0,0,4,4,R,"bdg06213",190,80,0.25,0,38,0,0,0,0,0,0,0,0,0,0,0,0,0,0,0,0,-0.291,-37.975,0,"mochi_2929",0.045,-16.467,0,"檸檬の残骸",-20.517,-45.431,0,"sano jpn",-14.813,-62.749,0,"にゃんこ3K",21.607,-49.315,0,"しろくま。",3.631,-62.529,0,"ぐだもん",33.476,-93.902,0,"alcohol500",-3.721,-113.076,0,"あくせる",-47.161,-88.42,0,0,0,0,0,0,"",0,0,0,0,0,0,0,0,0,0
150,6,0,8,0,2,2,2,0,1,0,255,12,255,62,6831.129,"559：広告",R,3,118,1.415,1.139,0.239,2.1,-36.837,1,0,-273.378,178.855,4.666,0,0,0,4,4,R,"bdg06213",190,80,0.25,0,38,0,0,0,0,0,0,0,0,0,0,0,0,0,0,0,0,-0.283,-37.718,0,"mochi_2929",0.07,-16.682,0,"檸檬の残骸",-20.581,-45.517,0,"sano jpn",-13.163,-63.364,0,"にゃんこ3K",21.072,-48.92,0,"しろくま。",5.263,-63.459,0,"ぐだもん",33.579,-93.813,0,"alcohol500",-4.377,-112.931,0,"あくせる",-47.042,-88.826,0,0,0,0,0,0,"",0,0,0,0,0,0,0,0,0,0
151,6,0,8,0,3,2,2,0,1,0,255,12,255,63,6851.675,"559：広告",R,3,96,-0.067,-0.356,0.244,1.699,-37.101,2,0,-341.432,0,-0.34,0,0,1,4,4,R,"bdg06213",190,80,0.25,2,38,6852.866,255,19,144,76,53,176,150,98,-18.795,41.16,-0.45,-0.023,-0.022,0.076,0,-0.341,-37.461,0,"mochi_2929",-0.256,-16.604,0,"檸檬の残骸",-20.414,-45.463,0,"sano jpn",-15.692,-61.865,0,"にゃんこ3K",21.711,-50.117,0,"しろくま。",5.733,-63.002,0,"ぐだもん",33.586,-93.8,0,"alcohol500",-7.063,-115.534,0,"あくせる",-45.517,-88.634,0,6852.908,-2.246,-24.181,6854.392,2,"檸檬の残骸",-19.449,-44.231,0,0,0,0,0,0,0,2
152,7,1,8,0,0,0,0,0,0,0,255,255,255,32,6984.389,"TaeGeuk_",R,33,116,0.104,0.258,0.526,1.05,-36.804,2,0,111.715,-17.482,0,0,0,1,7,5,R,"しろくま。",179.5,96,0.298,3,58,6985.319,181,24,146,58,19,232,150,94,6.752,-40.867,-0.46,0.016,0.002,0.181,0,0.307,-36.949,0,"HalF_HearteD",-0.129,-16.94,0,"하루（Haru）",-19.574,-46.65,0,"장덕춘_",-10.575,-65.541,0,"bdg06213",18.795,-55.174,0,"Pugeuk",7.517,-59.77,0,"Apple_Sherbet",40.689,-87.675,0,"magimari",-0.542,-108.786,0,"卯月満開",-38.453,-93.837,0,6986.342,18.127,-40.875,6989.408,6,"Apple_Sherbet",44.19,-74.767,1,0,0,0,0,0,0,2
153,7,1,8,0,0,0,0,1,0,0,5,255,255,33,7026.063,"TaeGeuk_",R,4,108,-0.684,-0.543,0.613,0.912,-37.056,2,0,-219.225,0,0,0,0,1,8,6,R,"ぐだもん",174.5,92.695,0.328,3,58,7026.966,157,14,63,65,39,53,138,118,13.156,-29.019,0.25,-0.016,0.046,0.022,0,0.225,-37.431,0,"HalF_HearteD",-0.17,-16.636,0,"하루（Haru）",-18.364,-42.376,0,"장덕춘_",-12.279,-61.423,0,"bdg06213",21.284,-53.699,0,"Pugeuk",7.754,-59.709,0,"Apple_Sherbet",40.831,-90.062,0,"magimari",-1.514,-108.029,0,"卯月満開",-44.714,-81.885,0,0,0,0,7028.675,4,"bdg06213",18.086,-57.056,0,0,0,0,0,0,0,1
154,7,1,8,0,0,0,2,0,0,0,255,255,255,34,7059.535,"TaeGeuk_",R,32,140,0.783,-0.122,0.605,0.969,-36.641,2,0,154.123,-16.072,0,0,0,1,0,1,R,"mochi_2929",180.2,97.434,0.447,3,58,7060.609,159,18,115,88,47,91,150,117,25.974,10.317,0.19,0.044,-0.045,0.007,0,0.26,-36.802,0,"HalF_HearteD",0.026,-16.481,0,"하루（Haru）",-19.408,-47.331,0,"장덕춘_",-13.951,-64.025,0,"bdg06213",20.68,-57.005,0,"Pugeuk",8.98,-60.815,0,"Apple_Sherbet",40.529,-87.59,0,"magimari",-1.93,-105.798,0,"卯月満開",-43.196,-92.839,0,7065.558,2.563,-120.966,7068.092,7,"magimari",7.225,-130.209,1,0,0,0,0,0,0,2
155,7,1,8,0,0,0,2,0,1,0,255,1,255,35,7096.913,"TaeGeuk_",R,3,118,-5.17,1.361,0.26,1.206,-36.671,1,0,-449.773,0,0,-3.808,-5.841,0,1,3,R,"sano jpn",170.5,87.841,0.328,0,70,0,0,0,0,0,0,0,0,0,0,0,0,0,0,0,0,-0.059,-37.531,0,"HalF_HearteD",-0.409,-16.758,0,"하루（Haru）",-19.065,-44.596,0,"장덕춘_",-10.39,-64.847,0,"bdg06213",21.351,-54.181,0,"Pugeuk",4.921,-62.489,0,"Apple_Sherbet",37.949,-86.035,0,"magimari",-1.575,-113.908,0,"卯月満開",-33.435,-82.79,0,0,0,0,0,0,"",0,0,0,0,0,0,0,0,0,0
156,7,1,8,0,1,0,2,0,0,1,255,255,1,36,7122.421,"TaeGeuk_",R,33,134,-0.16,-0.442,0.522,0.947,-36.715,2,0,128.125,77.647,0,0,0,1,1,3,R,"sano jpn",170.5,87.841,0.328,3,70,7123.442,169,14,99,63,42,85,146,97,-9.567,-21.333,-0.12,-0.059,-0.011,0.062,0.048,0.567,-37.017,0,"HalF_HearteD",-0.006,-16.752,0,"하루（Haru）",-18.598,-46.968,0,"장덕춘_",-9.855,-66.252,0,"bdg06213",19.879,-55.858,0,"Pugeuk",7.422,-62.408,0,"Apple_Sherbet",41.26,-92.843,0,"magimari",-1.821,-114.548,0,"卯月満開",-35.348,-83.409,0,7123.408,1.119,-23.895,7125.492,5,"Pugeuk",14.02,-59.007,1,0,0,0,0,0,0,2
157,7,0,9,0,0,0,0,0,0,0,255,255,255,64,7433.91,"559：広告",R,5,105,-0.672,-0.637,-0.014,1.662,-36.891,0,0,-112.687,0,-3.413,0,0,0,5,8,R,"卯月満開",171,84.63,0.2,0,58,0,0,0,0,0,0,0,0,0,0,0,0,0,0,0,0,-0.245,-37.999,0,"mochi_2929",-0.311,-16.628,0,"檸檬の残骸",-20.436,-45.48,0,"sano jpn",-15.491,-61.391,0,"にゃんこ3K",21.951,-52.772,0,"しろくま。",8.107,-65.094,0,"ぐだもん",37.18,-85.977,0,"alcohol500",-6.448,-109.499,0,"あくせる",-44.835,-85.931,0,0,0,0,0,0,"",0,0,0,0,0,0,0,0,0,0
158,7,0,9,0,0,1,0,0,0,0,255,255,255,65,7449.638,"559：広告",R,34,128,-0.369,1.53,-0.051,2.028,-36.683,2,0,68.117,-67.778,2.733,0,0,1,5,8,R,"卯月満開",171,84.63,0.2,2,58,7450.496,107,9,52,24,6,69,81,63,24.563,42.473,0.02,-0.042,-0.012,0.062,0,-0.342,-37.047,0,"mochi_2929",0.065,-16.539,0,"檸檬の残骸",-20.406,-45.52,0,"sano jpn",-14.402,-62.64,0,"にゃんこ3K",21.866,-52.68,0,"しろくま。",7.892,-65.675,0,"ぐだもん",37.148,-85.912,0,"alcohol500",-4.226,-109.105,0,"あくせる",-44.787,-85.919,0,0,0,0,7453.142,2,"檸檬の残骸",-22.487,-44.502,0,0,0,0,0,0,0,1
159,7,0,9,0,0,1,1,0,0,0,255,255,255,66,7502.64,"559：広告",R,0,0,0,0,0,0,0,0,0,0,0,0,0,0,0,6,9,L,"Azuner",190,84.66,0.398,0,58,0,0,0,0,0,0,0,0,0,0,0,0,0,0,0,0,0,0,0,"",0,0,0,"",0,0,0,"",0,0,0,"",0,0,0,"",0,0,0,"",0,0,0,"",0,0,0,"",0,0,0,0,0,0,7580.925,6,"Apple_Sherbet",-0.147,-37.962,0,0,0,0,0,0,0,0
160,7,0,9,0,0,1,1,0,0,0,255,255,255,66,7583.455,"559：広告",R,5,108,-0.308,1.068,0.002,2.118,-36.885,1,0,-64.563,0,3.136,0,0,0,6,9,L,"Azuner",190,84.66,0.398,0,58,0,0,0,0,0,0,0,0,0,0,0,0,0,0,0,0,-0.528,-37.872,0,"mochi_2929",-0.106,-16.44,0,"檸檬の残骸",-20.212,-44.397,0,"sano jpn",-14.161,-63.229,0,"にゃんこ3K",24.985,-50.35,0,"しろくま。",15.75,-61.261,0,"ぐだもん",44.443,-90.967,0,"alcohol500",5.594,-114.916,0,"あくせる",-39.739,-94.79,0,0,0,0,0,0,"",0,0,0,0,0,0,0,0,0,0
161,7,0,9,0,1,1,1,0,0,0,255,255,255,67,7603.02,"559：広告",R,0,107,-1.143,-0.017,-0.177,1.778,-36.613,2,0,39.118,-43.878,1.189,0,0,1,6,9,L,"Azuner",190,84.66,0.398,3,58,7604.167,169,14,128,69,54,230,150,130,22.235,42.213,0.49,-0.022,-0.011,0.05,0,-0.243,-37.366,0,"mochi_2929",-0.164,-16.426,0,"檸檬の残骸",-20.405,-45.09,0,"sano jpn",-10.203,-64.371,0,"にゃんこ3K",24.968,-50.316,0,"しろくま。",15.513,-61.31,0,"ぐだもん",43.994,-91.325,0,"alcohol500",5.658,-114.993,0,"あくせる",-39.706,-94.787,0,7608.508,-58.078,-117.011,0,0,"",0,0,0,0,0,0,0,0,0,4
162,7,0,9,1,0,0,1,0,0,0,255,255,255,68,7653.236,"559：広告",R,3,119,0.144,-0.319,0.168,1.767,-36.662,0,0,-420.687,0,4.355,0,0,1,7,7,R,"magimari",160,89.666,0.554,0,58,0,0,0,0,0,0,0,0,0,0,0,0,0,0,0,0,-0.006,-37.754,0,"mochi_2929",0.005,-16.56,0,"檸檬の残骸",-20.204,-44.544,0,"sano jpn",-16.219,-59.752,0,"にゃんこ3K",21.276,-50.985,0,"しろくま。",7.908,-59.687,0,"ぐだもん",40.119,-89.993,0,"alcohol500",-5.55,-112.508,0,"あくせる",-41.596,-85.553,0,0,0,0,0,0,"",0,0,0,0,0,0,0,0,0,0
163,7,0,9,1,0,1,1,0,0,0,255,255,255,69,7685.556,"559：広告",R,3,98,-1.387,-0.881,0.131,1.667,-36.983,0,0,-434.299,45.897,3.399,0,0,1,7,7,R,"magimari",160,89.666,0.554,0,58,0,0,0,0,0,0,0,0,0,0,0,0,0,0,0,0,-0.031,-37.746,0,"mochi_2929",-0.541,-16.334,0,"檸檬の残骸",-19.672,-43.693,0,"sano jpn",-10.765,-64.271,0,"にゃんこ3K",21.244,-50.883,0,"しろくま。",7.693,-60.092,0,"ぐだもん",34.404,-85.437,0,"alcohol500",-4.698,-112.346,0,"あくせる",-41.552,-85.584,0,0,0,0,0,0,"",0,0,0,0,0,0,0,0,0,0
164,7,0,9,1,0,2,1,0,0,0,255,255,255,70,7703.306,"559：広告",R,3,115,2.53,0.032,0.394,1.816,-36.92,1,0,-398.035,0,-1.719,0,0,0,7,7,R,"magimari",160,89.666,0.554,0,58,0,0,0,0,0,0,0,0,0,0,0,0,0,0,0,0,0.139,-37.614,0,"mochi_2929",0.139,-16.727,0,"檸檬の残骸",-20.421,-44.884,0,"sano jpn",-14.492,-60.735,0,"にゃんこ3K",21.254,-50.972,0,"しろくま。",8.079,-59.395,0,"ぐだもん",34.383,-85.481,0,"alcohol500",-4.314,-112.386,0,"あくせる",-41.531,-85.541,0,0,0,0,0,0,"",0,0,0,0,0,0,0,0,0,0
165,7,0,9,1,1,2,1,0,0,0,255,255,255,71,7719.78,"559：広告",R,13,125,-0.926,-2.818,0.015,1.512,-36.584,4,0,-290.93,364.46,-6.617,-0.165,-20.626,1,7,7,R,"magimari",160,89.666,0.554,0,58,0,0,0,0,0,0,0,0,0,0,0,0,0,0,0,0,-0.201,-38.062,0,"mochi_2929",-0.327,-16.584,0,"檸檬の残骸",-20.595,-44.763,0,"sano jpn",-15.409,-60.104,0,"にゃんこ3K",21.14,-51,0,"しろくま。",7.007,-58.717,0,"ぐだもん",34.384,-85.477,0,"alcohol500",-5.328,-110.958,0,"あくせる",-41.392,-82.346,0,0,0,0,0,0,"",0,0,0,0,0,0,0,0,0,0
166,7,0,9,1,0,0,2,0,0,0,255,255,255,0,7890.468,"しろくま。",R,3,118,-1.312,-0.419,0.02,1.273,-36.556,0,0,-395.918,0,0,0,0,1,8,1,R,"HalF_HearteD",175.1,80,0.453,0,58,0,0,0,0,0,0,0,0,0,0,0,0,0,0,0,0,0,-37.046,0,"mochi_2929",-0.361,-16.662,0,"檸檬の残骸",-20.051,-47.036,0,"559：広告",-11.083,-64.988,0,"にゃんこ3K",23.338,-52.779,0,"sano jpn",7.12,-65.602,0,"ぐだもん",34.769,-88.307,0,"alcohol500",-4.756,-114.637,0,"あくせる",-42.028,-84.925,0,0,0,0,0,0,"",0,0,0,0,0,0,0,0,0,0
167,7,0,9,1,0,1,2,0,0,0,255,255,255,1,7907.039,"しろくま。",R,32,140,-0.58,0.305,-0.103,1.38,-36.547,2,0,169.992,-43.957,0,0,0,1,8,1,R,"HalF_HearteD",175.1,80,0.453,3,58,7908.051,162,6,66,48,34,69,136,128,-30,26.014,0.42,0.016,-0.016,0.027,0,-0.119,-36.643,0,"mochi_2929",0.038,-16.619,0,"檸檬の残骸",-20.015,-47.057,0,"559：広告",-10.963,-65.102,0,"にゃんこ3K",23.386,-52.902,0,"sano jpn",11.757,-64.128,0,"ぐだもん",34.874,-88.447,0,"alcohol500",-1.53,-113.29,0,"あくせる",-41.957,-84.849,0,7908.108,-0.753,-20.197,7915.625,7,"alcohol500",-33.016,-106.767,1,256,0,0,0,0,0,2
