id,inn,half,scoreA,scoreB,ball,strk,out,b1,b2,b3,b1Idx,b2Idx,b3Idx,pCnt,pSec,pName,pHand,pType,spdK,zoneX,zoneY,startX,startY,zDist,call,balk,sH,sV,gyro,plx,plz,bSwing,bIdx,bPos,bZone,bName,bHCm,batLen,batCen,batType,bFps,hSec,rotS,rotL,shS,lgS,prepS,impMv,batSpd,ev,ldeg,sdeg,hPos,hMoveX,hMoveY,stayCon,buntGrip,PPosX,PPosY,PThrSpd,CName,CPosX,CPosY,CThrSpd,1BName,1BPosX,1BPosY,1BThrSpd,2BName,2BPosX,2BPosY,2BThrSpd,3BName,3BPosX,3BPosY,3BThrSpd,SSName,SSPosX,SSPosY,SSThrSpd,LFName,LFPosX,LFPosY,LFThrSpd,CFName,CFPosX,CFPosY,CFThrSpd,RFName,RFPosX,RFPosY,RFThrSpd,ltSec,lx,lz,cSec,cPos,cPlr,cx,cz,1BSafe,tag,cpSec,sb2Sec,sb3Sec,sbhSec,ass,result
1,1,1,0,0,0,0,0,0,0,0,255,255,255,0,891.79,"Kenomo",R,34,133,-1.583,-0.261,-0.167,1.476,-36.629,1,0,64.632,-63.992,5.054,0,0,0,0,5,L,"눈꽃",174.9,80,0.496,0,59,0,0,0,0,0,0,0,0,0,0,0,0,0,0,0,0,0.077,-37.274,0,"あおいぬ",-0.15,-16.935,0,"Nibi-chan",-20.832,-46.565,0,"カズティー",-11.899,-58.459,0,"甲斐野柊太",18.137,-43.937,0,"shimenawa",13.807,-63.261,0,"horisen",44.961,-94.424,0,"紅さかな",1.089,-120.457,0,"Pizzallaris",-40.521,-94.838,0,0,0,0,0,0,"",0,0,0,0,0,0,0,0,0,0
2,1,1,0,0,1,0,0,0,0,0,255,255,255,1,908.999,"Kenomo",R,27,140,-2.056,-1.103,-0.213,1.322,-36.582,1,0,79.411,-130.783,12.485,0,0,0,0,5,L,"눈꽃",174.9,80,0.496,0,59,0,0,0,0,0,0,0,0,0,0,0,0,0,0,0,0,0.006,-37.422,0,"あおいぬ",-0.051,-16.87,0,"Nibi-chan",-20.915,-46.512,0,"カズティー",-11.682,-59.342,0,"甲斐野柊太",18.046,-43.852,0,"shimenawa",13.375,-64.306,0,"horisen",44.927,-94.366,0,"紅さかな",1.067,-119.816,0,"Pizzallaris",-40.538,-94.843,0,0,0,0,0,0,"",0,0,0,0,0,0,0,0,0,0
3,1,1,0,0,2,0,0,0,0,0,255,255,255,2,925.306,"Kenomo",R,34,122,0.596,1.152,0.036,1.709,-36.702,2,0,59.866,-42.754,4.152,0,0,1,0,5,L,"눈꽃",174.9,80,0.496,3,59,926.403,223,26,106,76,38,180,150,115,-0.229,4.855,0.87,0.036,0.004,0.089,0,-0.284,-37.164,0,"あおいぬ",-0.025,-17.051,0,"Nibi-chan",-20.85,-46.392,0,"カズティー",-11.612,-59.162,0,"甲斐野柊太",17.661,-43.734,0,"shimenawa",14.31,-64.172,0,"horisen",44.973,-94.424,0,"紅さかな",1.042,-119.808,0,"Pizzallaris",-40.546,-94.898,0,927.206,-1.619,-42.453,930.556,7,"紅さかな",-10.208,-106.951,1,0,0,0,0,0,0,2
4,1,1,0,0,0,0,0,1,0,0,5,255,255,3,957.698,"Kenomo",R,0,98,0.735,-0.612,0.103,1.367,-36.52,0,0,0,0,10.625,0,0,0,1,1,L,"encounter v",190,93,0.497,0,59,0,0,0,0,0,0,0,0,0,0,0,0,0,0,0,0,0,-37.445,0,"あおいぬ",-0.087,-16.86,0,"Nibi-chan",-20.276,-44.055,0,"カズティー",-12.185,-60.277,0,"甲斐野柊太",18.743,-46.558,0,"shimenawa",8.394,-63.899,0,"horisen",46.682,-97.284,0,"紅さかな",1.519,-121.475,0,"Pizzallaris",-41.647,-99.582,0,0,0,0,0,0,"",0,0,0,0,0,0,0,0,0,0
5,1,1,0,0,0,1,0,1,0,0,5,255,255,4,974.79,"Kenomo",R,6,87,3.148,-1.238,0.183,1.351,-36.613,1,0,318.077,196.98,22.789,0,0,0,1,1,L,"encounter v",190,93,0.497,0,59,0,0,0,0,0,0,0,0,0,0,0,0,0,0,0,0,0.096,-37.561,0,"あおいぬ",0.451,-17.599,0,"Nibi-chan",-19.096,-46.183,0,"カズティー",-5.802,-62.482,0,"甲斐野柊太",18.525,-45.622,0,"shimenawa",0.722,-57.433,0,"horisen",46.653,-97.235,0,"紅さかな",1.207,-120.54,0,"Pizzallaris",-41.651,-99.567,0,0,0,0,0,0,"",0,0,0,0,0,0,0,0,0,0
6,1,1,0,0,1,1,0,0,1,0,255,5,255,5,994.186,"Kenomo",R,26,140,0.677,-0.437,0.045,1.41,-36.711,0,0,62.235,-165.057,4.717,0,0,0,1,1,L,"encounter v",190,93,0.497,0,61,0,0,0,0,0,0,0,0,0,0,0,0,0,0,0,0,0.067,-37.954,0,"あおいぬ",-0.085,-16.945,0,"Nibi-chan",-20.597,-46.32,0,"カズティー",-11.877,-59.754,0,"甲斐野柊太",19.387,-44.212,0,"shimenawa",11.042,-63.107,0,"horisen",45.305,-98.572,0,"紅さかな",2.64,-120.85,0,"Pizzallaris",-41.652,-100.41,0,0,0,0,0,0,"",0,0,0,0,0,0,0,0,0,0
7,1,1,0,0,1,2,0,0,1,0,255,5,255,6,1011.968,"Kenomo",R,0,140,-1.317,-0.127,-0.124,1.508,-36.635,0,0,6.172,-19.174,1.158,0,0,0,1,1,L,"encounter v",190,93,0.497,0,61,0,0,0,0,0,0,0,0,0,0,0,0,0,0,0,0,0.085,-37.838,0,"あおいぬ",0.062,-17.359,0,"Nibi-chan",-20.543,-46.258,0,"カズティー",-11.009,-59.959,0,"甲斐野柊太",18.641,-43.576,0,"shimenawa",9.697,-63.249,0,"horisen",45.211,-98.527,0,"紅さかな",1.616,-121.096,0,"Pizzallaris",-41.651,-100.406,0,0,0,0,0,0,"",0,0,0,0,0,0,0,0,0,0
8,1,1,0,0,0,0,1,0,1,0,255,5,255,7,1040.283,"Kenomo",R,13,99,-0.883,-1.332,0.369,1.718,-37.073,4,0,-250.251,400,6.598,0,0,1,2,4,R,"Slaris",190,86.36,0.452,0,70,0,0,0,0,0,0,0,0,0,0,0,0,0,0,0,0,-0.158,-37.511,0,"あおいぬ",0.125,-18.296,0,"Nibi-chan",-20.381,-45.001,0,"カズティー",-9.409,-60.534,0,"甲斐野柊太",18.317,-44.525,0,"shimenawa",1.3,-59.725,0,"horisen",43.879,-98.685,0,"紅さかな",1.314,-121.167,0,"Pizzallaris",-41.742,-99.889,0,0,0,0,0,0,"",0,0,0,0,0,0,0,0,0,0
9,1,1,0,0,0,1,1,0,1,0,255,5,255,8,1076.138,"Kenomo",R,26,129,-1.04,-1.7,-0.033,1.347,-36.585,2,0,98.412,-156.858,5.165,0,0,1,2,4,R,"Slaris",190,86.36,0.452,3,70,1077.057,159,12,105,50,22,144,144,100,-6.5,0.107,-0.34,-0.05,-0.08,0.21,0,-0.189,-37.085,0,"あおいぬ",0.015,-17.051,0,"Nibi-chan",-20.96,-46.849,0,"カズティー",-10.637,-60.07,0,"甲斐野柊太",18.538,-44.088,0,"shimenawa",9.833,-63.286,0,"horisen",45.134,-97.77,0,"紅さかな",2.472,-119.552,0,"Pizzallaris",-41.056,-98.21,0,1077.389,-0.022,-25.262,1079.323,5,"shimenawa",0.882,-61.888,1,1,0,0,0,0,0,2
10,1,1,0,0,0,0,2,1,0,0,4,255,255,9,1128.027,"Kenomo",R,26,137,0.308,-1.019,0.027,1.288,-36.629,1,0,10.117,-200,3.415,0,0,0,3,2,R,"アリアル",189.5,94.5,0.5,0,59,0,0,0,0,0,0,0,0,0,0,0,0,0,0,0,0,0.223,-37.78,0,"あおいぬ",0.046,-17.979,0,"Nibi-chan",-20.421,-46.46,0,"カズティー",-12.235,-58.918,0,"甲斐野柊太",17.839,-44.999,0,"shimenawa",7.983,-63.263,0,"horisen",42.94,-96.25,0,"紅さかな",1.014,-120.824,0,"Pizzallaris",-39.348,-101.47,0,0,0,0,0,0,"",0,0,0,0,0,0,0,0,0,0
11,1,1,0,0,1,0,2,1,0,0,4,255,255,10,1151.227,"Kenomo",R,33,140,-1.776,-0.063,-0.2,1.501,-36.715,1,0,120.361,-92.419,8.521,0,0,0,3,2,R,"アリアル",189.5,94.5,0.5,0,59,0,0,0,0,0,0,0,0,0,0,0,0,0,0,0,0,0.001,-37.564,0,"あおいぬ",-0.081,-17.352,0,"Nibi-chan",-20.332,-45.249,0,"カズティー",-12.055,-58.91,0,"甲斐野柊太",17.759,-43.907,0,"shimenawa",8.161,-63.749,0,"horisen",42.984,-96.283,0,"紅さかな",1.007,-120.832,0,"Pizzallaris",-41.65,-99.423,0,0,0,0,0,0,"",0,0,0,0,0,0,0,0,0,0
12,1,1,0,0,2,0,2,1,0,0,4,255,255,11,1166.746,"Kenomo",R,26,137,0.047,-1.081,-0.017,1.279,-36.561,1,0,76.377,-189.023,8.466,0,0,0,3,2,R,"アリアル",189.5,94.5,0.5,0,59,0,0,0,0,0,0,0,0,0,0,0,0,0,0,0,0,0.084,-37.503,0,"あおいぬ",0.047,-17.158,0,"Nibi-chan",-20.317,-44.034,0,"カズティー",-11.738,-59.208,0,"甲斐野柊太",18.021,-44.291,0,"shimenawa",8.458,-64.399,0,"horisen",43.141,-95.978,0,"紅さかな",1.022,-121.562,0,"Pizzallaris",-41.634,-99.425,0,0,0,0,0,0,"",0,0,0,0,0,0,0,0,0,0
13,1,1,0,0,3,0,2,1,0,0,4,255,255,12,1181.743,"Kenomo",R,27,134,0.858,-0.24,0.054,1.461,-36.677,0,0,86.102,-109.93,4.356,0,0,0,3,2,R,"アリアル",189.5,94.5,0.5,0,59,0,0,0,0,0,0,0,0,0,0,0,0,0,0,0,0,0.077,-37.678,0,"あおいぬ",-0.141,-17.007,0,"Nibi-chan",-19.613,-44.538,0,"カズティー",-11.725,-59.213,0,"甲斐野柊太",19.712,-46.074,0,"shimenawa",9.143,-64.655,0,"horisen",43.143,-95.965,0,"紅さかな",-0.206,-120.566,0,"Pizzallaris",-41.665,-99.494,0,0,0,0,0,0,"",0,0,0,0,0,0,0,0,0,0
14,1,1,0,0,3,1,2,1,0,0,4,255,255,13,1197.945,"Kenomo",R,26,137,0.072,-1.159,-0.009,1.261,-36.618,1,0,56.555,-200,13.759,0,0,0,3,2,R,"アリアル",189.5,94.5,0.5,0,59,0,0,0,0,0,0,0,0,0,0,0,0,0,0,0,0,0.013,-37.397,0,"あおいぬ",-0.124,-17.424,0,"Nibi-chan",-19.641,-44.882,0,"カズティー",-11.711,-59.168,0,"甲斐野柊太",19.71,-45.364,0,"shimenawa",9.625,-62.736,0,"horisen",44.026,-95.582,0,"紅さかな",0.464,-121.184,0,"Pizzallaris",-41.687,-99.508,0,0,0,0,0,0,"",0,0,0,0,0,0,0,0,0,5
15,1,1,0,0,0,0,2,1,1,0,2,4,255,14,1222.266,"Kenomo",R,27,140,-0.851,0.263,-0.11,1.555,-36.724,0,0,122.025,-127.612,11.696,0,0,0,4,0,R,"_이누_",190,90.187,0.45,0,59,0,0,0,0,0,0,0,0,0,0,0,0,0,0,0,0,0.091,-37.521,0,"あおいぬ",-0.107,-16.98,0,"Nibi-chan",-20.12,-43.968,0,"カズティー",-11.732,-58.677,0,"甲斐野柊太",18.145,-43.982,0,"shimenawa",7.486,-63.754,0,"horisen",44.192,-95.87,0,"紅さかな",0.471,-120.872,0,"Pizzallaris",-42.758,-99.531,0,0,0,0,0,0,"",0,0,0,0,0,0,0,0,0,0
16,1,1,0,0,0,1,2,1,1,0,2,4,255,15,1240.752,"Kenomo",R,10,94,0.638,-1.652,0.049,1.354,-36.48,2,0,57.301,400,24.069,0,0,1,4,0,R,"_이누_",190,90.187,0.45,3,59,1241.992,255,24,160,73,29,208,150,36,-27.029,-25.414,0.92,-0.01,-0.093,0.068,0,0.017,-37.13,0,"あおいぬ",0.009,-17.032,0,"Nibi-chan",-19.784,-45.388,0,"カズティー",-12.137,-58.806,0,"甲斐野柊太",18.566,-44.539,0,"shimenawa",12.426,-63.507,0,"horisen",44.048,-95.605,0,"紅さかな",0.621,-120.539,0,"Pizzallaris",-42.76,-99.531,0,1242.123,0.118,-20.912,1245.439,4,"甲斐野柊太",9.996,-39.659,0,0,0,0,0,0,0,2
17,1,0,0,0,0,0,0,0,0,0,255,255,255,0,1411.421,"_이누_",R,28,132,-0.45,0.378,-0.051,1.766,-36.416,0,0,29.477,-99.731,2.147,0,0,0,0,7,R,"紅さかな",172.5,94.576,0.452,0,59,0,0,0,0,0,0,0,0,0,0,0,0,0,0,0,0,-0.112,-37.292,0,"encounter v",0.044,-16.931,0,"アリアル",-22.061,-46.568,0,"˗ˋˏ 카피 ˎˊ˗",-12.702,-61.577,0,"Slaris",19.136,-50.216,0,"눈꽃",10.333,-63.22,0,"소솨소솨",38.605,-84.208,0,"ke ro",0.151,-101.081,0,"아침땅_",-38.135,-79.281,0,0,0,0,0,0,"",0,0,0,0,0,0,0,0,0,0
18,1,0,0,0,0,1,0,0,0,0,255,255,255,1,1426.796,"_이누_",R,13,124,-3.416,-1.518,-0.166,1.693,-36.48,1,0,-352.637,354.468,17.3,0,0,0,0,7,R,"紅さかな",172.5,94.576,0.452,0,59,0,0,0,0,0,0,0,0,0,0,0,0,0,0,0,0,-0.04,-37.776,0,"encounter v",-0.41,-16.865,0,"アリアル",-22.191,-46.455,0,"˗ˋˏ 카피 ˎˊ˗",-12.728,-61.672,0,"Slaris",19.268,-50.114,0,"눈꽃",9.843,-62.62,0,"소솨소솨",37.48,-85.061,0,"ke ro",0.154,-101.129,0,"아침땅_",-38.543,-78.935,0,0,0,0,0,0,"",0,0,0,0,0,0,0,0,0,0
19,1,0,0,0,1,1,0,0,0,0,255,255,255,2,1440.103,"_이누_",R,26,136,-1.281,-0.091,-0.147,1.671,-36.43,0,0,95.285,-180.989,8.905,0,0,0,0,7,R,"紅さかな",172.5,94.576,0.452,0,59,0,0,0,0,0,0,0,0,0,0,0,0,0,0,0,0,-0.357,-37.627,0,"encounter v",-0.164,-17.09,0,"アリアル",-22.188,-46.437,0,"˗ˋˏ 카피 ˎˊ˗",-12.723,-61.619,0,"Slaris",19.12,-50.21,0,"눈꽃",9.327,-62.542,0,"소솨소솨",37.489,-85.082,0,"ke ro",0.147,-101.119,0,"아침땅_",-38.738,-78.655,0,0,0,0,0,0,"",0,0,0,0,0,0,0,0,0,0
20,1,0,0,0,1,2,0,0,0,0,255,255,255,3,1454.257,"_이누_",R,28,129,1.305,0.895,0.103,1.905,-36.565,2,0,66.485,-82.376,1.497,0,0,1,0,7,R,"紅さかな",172.5,94.576,0.452,3,59,1455.312,161,20,103,71,28,49,150,100,25.232,-8.669,-0.01,-0.032,-0.082,0.112,0,-0.28,-36.9,0,"encounter v",0.114,-17.033,0,"アリアル",-22.151,-46.445,0,"˗ˋˏ 카피 ˎˊ˗",-12.683,-61.472,0,"Slaris",19.047,-50.022,0,"눈꽃",11.22,-62.958,0,"소솨소솨",39.193,-83.587,0,"ke ro",0.179,-101.07,0,"아침땅_",-38.475,-79.052,0,1460.273,3.319,-106.184,1460.473,7,"ke ro",3.349,-103.639,0,0,0,0,0,0,0,1
21,1,0,0,0,0,0,1,0,0,0,255,255,255,4,1484.439,"_이누_",R,3,117,0.246,-0.933,0.162,1.658,-36.453,2,0,-399.922,189.265,6.448,0,0,1,1,5,L,"shimenawa",174.9,94.582,0.2,3,59,1485.625,134,11,95,13,33,96,129,124,27.132,-13.214,0.58,-0.047,-0.114,0.229,0,-0.239,-37.072,0,"encounter v",0.06,-16.912,0,"アリアル",-21.985,-45.885,0,"˗ˋˏ 카피 ˎˊ˗",-13.002,-62.81,0,"Slaris",20.267,-49.575,0,"눈꽃",11.347,-65.087,0,"소솨소솨",38.504,-84.004,0,"ke ro",-0.069,-113.896,0,"아침땅_",-37.891,-81.313,0,1491.023,34.431,-118.982,1492.606,7,"ke ro",27.874,-114.992,1,0,0,0,0,0,0,2
22,1,0,0,0,0,0,1,0,1,0,255,14,255,5,1521.852,"_이누_",R,27,140,-1.671,-0.11,-0.17,1.674,-36.341,2,0,65.365,-139.094,9.059,0,0,1,2,4,R,"甲斐野柊太",190,80,0.2,3,59,1522.815,35,2,26,20,36,62,21,43,-6.6,31.042,0.73,-0.1,-0.122,0,0.619,-0.099,-36.851,0,"encounter v",-0.311,-16.98,0,"アリアル",-22.596,-46.587,0,"˗ˋˏ 카피 ˎˊ˗",-12.445,-59.589,0,"Slaris",19.297,-48.022,0,"눈꽃",6.858,-60.655,0,"소솨소솨",38.121,-82.887,0,"ke ro",-0.055,-103.272,0,"아침땅_",-37.661,-78.833,0,1523.473,-2.885,-24.843,1528.973,3,"˗ˋˏ 카피 ˎˊ˗",-22.132,-50.195,1,0,0,0,0,0,0,2
23,1,0,0,0,0,0,1,1,0,1,13,255,14,6,1584.701,"_이누_",R,28,133,1.127,0.432,0.048,1.849,-36.448,2,0,47.224,-98.543,0.581,0,0,1,3,1,R,"あおいぬ",190,80.495,0.397,3,59,1585.761,120,9,90,49,18,99,139,130,106.997,-63.503,0.58,-0.011,0.028,0.185,0,-0.985,-37.035,0,"encounter v",0.013,-16.82,0,"アリアル",-18.791,-40.815,0,"˗ˋˏ 카피 ˎˊ˗",-12.598,-60.966,0,"Slaris",19.641,-44.67,0,"눈꽃",4.982,-61.97,0,"소솨소솨",39.485,-85.324,0,"ke ro",-7.817,-100.018,0,"아침땅_",-39.293,-76.787,0,0,0,0,0,0,"",0,0,0,0,0,0,0,0,0,3
24,1,0,0,0,0,1,1,1,0,1,13,255,14,7,1601.14,"_이누_",R,27,134,-0.022,0.12,-0.008,1.73,-36.35,0,0,18.507,-101.381,-2.744,0,0,0,3,1,R,"あおいぬ",190,80.495,0.397,0,59,0,0,0,0,0,0,0,0,0,0,0,0,0,0,0,0,-0.796,-39.521,0,"encounter v",-0.159,-18.364,0,"アリアル",-19.242,-42.108,0,"˗ˋˏ 카피 ˎˊ˗",-16.062,-61.173,0,"Slaris",18.178,-45.131,0,"눈꽃",0.033,-59.572,0,"소솨소솨",39.789,-84.091,0,"ke ro",-10.676,-101.757,0,"아침땅_",-40.8,-77.172,0,0,0,0,0,0,"",0,0,0,0,0,0,0,0,0,0
25,1,0,0,0,0,2,1,1,0,1,13,255,14,8,1626.224,"_이누_",R,28,128,1.8,0.963,0.105,1.905,-36.586,2,0,61.758,-86.156,0.303,0,0,1,3,1,R,"あおいぬ",190,80.495,0.397,3,59,1627.283,157,7,75,35,6,99,136,93,-5.574,35.753,-0.4,0.003,0.014,0.169,0,-1.491,-37.283,0,"encounter v",0.053,-16.835,0,"アリアル",-21.377,-45.566,0,"˗ˋˏ 카피 ˎˊ˗",-16.189,-62.617,0,"Slaris",18.162,-45.382,0,"눈꽃",3.57,-61.551,0,"소솨소솨",40.117,-85.623,0,"ke ro",-5.801,-102.232,0,"아침땅_",-40.865,-77.444,0,1627.773,-6.22,-27.688,1629.139,2,"アリアル",-18.406,-44.361,0,0,0,0,0,0,0,2
26,1,0,0,0,0,0,2,0,1,1,255,13,14,9,1659.942,"_이누_",R,13,122,-1.573,-1.049,-0.098,1.647,-36.408,1,0,-167.825,400,5.261,0,0,0,4,0,R,"Kenomo",190,80,0.469,0,59,0,0,0,0,0,0,0,0,0,0,0,0,0,0,0,0,-0.372,-37.142,0,"encounter v",-0.399,-17.4,0,"アリアル",-21.776,-45.702,0,"˗ˋˏ 카피 ˎˊ˗",-14.873,-63.202,0,"Slaris",18.653,-47.812,0,"눈꽃",7.69,-61.949,0,"소솨소솨",39.407,-83.202,0,"ke ro",-4.508,-101.203,0,"아침땅_",-38.481,-81.201,0,0,0,0,0,0,"",0,0,0,0,0,0,0,0,0,0
27,1,0,0,0,0,1,2,0,1,1,255,13,14,10,1682.466,"_이누_",R,13,118,-1.985,-1.106,-0.089,1.665,-36.424,4,0,-271.089,400,2.384,0,0,1,4,0,R,"Kenomo",190,80,0.469,0,108,0,0,0,0,0,0,0,0,0,0,0,0,0,0,0,0,-0.256,-37.321,0,"encounter v",-0.345,-17.356,0,"アリアル",-21.654,-46.16,0,"˗ˋˏ 카피 ˎˊ˗",-13.65,-62.367,0,"Slaris",18.902,-48.939,0,"눈꽃",7.707,-62.199,0,"소솨소솨",41.767,-84.237,0,"ke ro",-3.178,-100.654,0,"아침땅_",-38.879,-80.767,0,0,0,0,0,0,"",0,0,0,0,0,0,0,0,0,0
28,1,0,0,0,0,2,2,0,1,1,255,13,14,11,1698.228,"_이누_",R,23,121,-1.277,-0.283,-0.038,1.791,-36.522,2,0,-141.897,110.375,4.941,0,0,1,4,0,R,"Kenomo",190,80,0.469,3,108,1699.296,143,19,76,61,33,65,139,129,12.018,-20.408,0.51,-0.07,-0.11,0.036,0.095,-0.531,-36.75,0,"encounter v",-0.543,-17.148,0,"アリアル",-21.608,-46.361,0,"˗ˋˏ 카피 ˎˊ˗",-13.623,-62.343,0,"Slaris",19.839,-48.66,0,"눈꽃",9.929,-60.739,0,"소솨소솨",41.751,-84.241,0,"ke ro",-3.061,-100.807,0,"아침땅_",-38.778,-80.658,0,1702.773,30.003,-109.191,1705.773,7,"ke ro",20.61,-117.433,1,0,0,0,0,0,0,2
29,1,0,0,2,0,0,2,0,1,0,255,255,255,12,1739.164,"_이누_",R,27,128,0.932,1.165,0.082,1.888,-36.52,1,0,15.904,-123.547,-1.742,0,0,0,5,3,R,"カズティー",174.9,85,0.329,0,59,0,0,0,0,0,0,0,0,0,0,0,0,0,0,0,0,-0.443,-36.955,0,"encounter v",0.004,-16.997,0,"アリアル",-22.383,-46.728,0,"˗ˋˏ 카피 ˎˊ˗",-13.893,-63.671,0,"Slaris",19.371,-47.612,0,"눈꽃",8.827,-60.54,0,"소솨소솨",40.198,-85.869,0,"ke ro",0.477,-101.6,0,"아침땅_",-37.408,-79.252,0,0,0,0,0,0,"",0,0,0,0,0,0,0,0,0,0
30,1,0,0,2,1,0,2,0,1,0,255,255,255,13,1753.681,"_이누_",R,28,132,0.449,-0.002,0.035,1.709,-36.322,0,0,21.953,-88.182,-1.637,0,0,0,5,3,R,"カズティー",174.9,85,0.329,0,59,0,0,0,0,0,0,0,0,0,0,0,0,0,0,0,0,-0.44,-37.019,0,"encounter v",-0.117,-17.195,0,"アリアル",-22.51,-46.775,0,"˗ˋˏ 카피 ˎˊ˗",-14.588,-63.806,0,"Slaris",19.543,-46.769,0,"눈꽃",7.203,-60.61,0,"소솨소솨",39.778,-85.313,0,"ke ro",0.598,-103.164,0,"아침땅_",-37.337,-79.341,0,0,0,0,0,0,"",0,0,0,0,0,0,0,0,0,0
31,1,0,0,2,1,1,2,0,1,0,255,255,255,14,1767.954,"_이누_",R,27,125,1.716,1.704,0.146,1.98,-36.513,1,0,39.351,-105.214,-3.243,0,0,0,5,3,R,"カズティー",174.9,85,0.329,0,59,0,0,0,0,0,0,0,0,0,0,0,0,0,0,0,0,-0.212,-37.37,0,"encounter v",-0.031,-16.946,0,"アリアル",-22.523,-46.664,0,"˗ˋˏ 카피 ˎˊ˗",-14.418,-64.332,0,"Slaris",20.308,-45.301,0,"눈꽃",8.051,-60.568,0,"소솨소솨",39.316,-84.566,0,"ke ro",0.35,-103.028,0,"아침땅_",-37.303,-79.325,0,0,0,0,0,0,"",0,0,0,0,0,0,0,0,0,0
32,1,0,0,2,2,1,2,0,1,0,255,255,255,15,1783.868,"_이누_",R,27,128,1.825,1.684,0.151,1.979,-36.641,1,0,55.798,-101.721,-1.433,0,0,0,5,3,R,"カズティー",174.9,85,0.329,0,59,0,0,0,0,0,0,0,0,0,0,0,0,0,0,0,0,-0.278,-37.095,0,"encounter v",-0.06,-17.16,0,"アリアル",-22.473,-46.413,0,"˗ˋˏ 카피 ˎˊ˗",-13.448,-64.036,0,"Slaris",20.017,-47.491,0,"눈꽃",9.125,-59.967,0,"소솨소솨",39.096,-83.061,0,"ke ro",0.342,-103.015,0,"아침땅_",-37.324,-79.343,0,0,0,0,0,0,"",0,0,0,0,0,0,0,0,0,0
33,1,0,0,2,3,1,2,0,1,0,255,255,255,16,1799.994,"_이누_",R,28,120,0.892,0.595,0.067,1.907,-36.653,0,0,32.464,-94.528,-1.463,0,0,0,5,3,R,"カズティー",174.9,85,0.329,0,59,0,0,0,0,0,0,0,0,0,0,0,0,0,0,0,0,-0.19,-37.371,0,"encounter v",-0.694,-16.917,0,"アリアル",-22.382,-46.432,0,"˗ˋˏ 카피 ˎˊ˗",-12.974,-64.203,0,"Slaris",19.804,-48.02,0,"눈꽃",8.772,-60.453,0,"소솨소솨",39.106,-83.046,0,"ke ro",0.355,-103.068,0,"아침땅_",-37.301,-79.322,0,0,0,0,0,0,"",0,0,0,0,0,0,0,0,0,0
34,1,0,0,2,3,2,2,0,1,0,255,255,255,17,1813.333,"_이누_",R,27,133,0.291,-0.057,0.015,1.686,-36.361,2,0,40.277,-138.696,0.006,0,0,1,5,3,R,"カズティー",174.9,85,0.329,3,59,1814.264,255,15,169,106,37,255,150,128,-30,-37.89,0.59,-0.041,-0.093,0.096,0,-0.543,-36.794,0,"encounter v",0.011,-17.008,0,"アリアル",-22.258,-46.58,0,"˗ˋˏ 카피 ˎˊ˗",-15.005,-63.113,0,"Slaris",20.597,-46.965,0,"눈꽃",9.107,-60.731,0,"소솨소솨",39.107,-83.056,0,"ke ro",0.306,-103.07,0,"아침땅_",-37.345,-79.353,0,1814.406,0.744,-19.941,1815.939,4,"Slaris",17.174,-46.312,0,0,0,0,0,0,0,2
35,2,1,0,2,0,0,0,0,0,0,255,255,255,16,1864.548,"Kenomo",R,6,88,2.66,-0.686,0.185,1.392,-36.544,2,0,304.851,7.46,23.687,0,0,1,5,3,L,"˗ˋˏ 카피 ˎˊ˗",165.5,87.669,0.554,3,59,1865.773,255,32,104,96,44,177,150,98,25.671,-46.064,0.95,0.101,-0.051,0.054,0,-0.091,-37.037,0,"あおいぬ",0.086,-17.087,0,"Nibi-chan",-20.052,-46.066,0,"カズティー",-11.036,-57.435,0,"甲斐野柊太",17.833,-44.385,0,"shimenawa",13.81,-63.703,0,"horisen",45.972,-94.911,0,"紅さかな",2.128,-119.474,0,"Pizzallaris",-40.819,-91.445,0,1869.806,49.786,-79.114,1873.556,6,"horisen",59.507,-93.785,1,0,0,0,0,0,0,2
36,2,1,0,2,0,0,0,0,1,0,255,3,255,17,1907.405,"Kenomo",R,33,129,1.619,0.777,0.11,1.616,-36.691,1,0,145.107,-87.245,7.052,0,0,0,6,8,R,"아침땅_",160,95,0.5,0,59,0,0,0,0,0,0,0,0,0,0,0,0,0,0,0,0,0.134,-37.66,0,"あおいぬ",0.043,-17.028,0,"Nibi-chan",-20.401,-45.959,0,"カズティー",-9.719,-57.88,0,"甲斐野柊太",17.77,-43.734,0,"shimenawa",6.986,-61.618,0,"horisen",45.191,-95.312,0,"紅さかな",1.236,-114.983,0,"Pizzallaris",-39.904,-93.662,0,0,0,0,0,0,"",0,0,0,0,0,0,0,0,0,0
37,2,1,0,2,1,0,0,0,1,0,255,3,255,18,1922.337,"Kenomo",R,27,137,-2.599,-0.974,-0.257,1.362,-36.572,1,0,55.297,-148.093,17.17,0,0,0,6,8,R,"아침땅_",160,95,0.5,0,59,0,0,0,0,0,0,0,0,0,0,0,0,0,0,0,0,-0.023,-37.387,0,"あおいぬ",-0.281,-16.993,0,"Nibi-chan",-20.471,-45.834,0,"カズティー",-9.085,-57.122,0,"甲斐野柊太",18.459,-43.558,0,"shimenawa",8.656,-62.704,0,"horisen",45.181,-95.333,0,"紅さかな",0.989,-115.662,0,"Pizzallaris",-39.895,-93.667,0,0,0,0,0,0,"",0,0,0,0,0,0,0,0,0,0
38,2,1,0,2,2,0,0,0,1,0,255,3,255,19,1936.689,"Kenomo",R,34,137,0.986,0.141,0.069,1.537,-36.592,0,0,78.533,-64.841,3.112,0,0,0,6,8,R,"아침땅_",160,95,0.5,0,59,0,0,0,0,0,0,0,0,0,0,0,0,0,0,0,0,0.217,-37.573,0,"あおいぬ",0.09,-17.109,0,"Nibi-chan",-20.485,-45.832,0,"カズティー",-10.175,-57.259,0,"甲斐野柊太",17.763,-44.124,0,"shimenawa",7.631,-63.245,0,"horisen",45.202,-95.348,0,"紅さかな",1.221,-115.848,0,"Pizzallaris",-39.906,-93.656,0,0,0,0,0,0,"",0,0,0,0,0,0,0,0,0,0
39,2,1,0,2,2,1,0,0,1,0,255,3,255,20,1954.547,"Kenomo",R,27,136,2.086,-0.353,0.001,1.41,-36.523,2,0,76.37,-141.556,2.67,0,0,1,6,8,R,"아침땅_",160,95,0.5,2,59,1955.424,156,7,110,54,35,230,148,94,-0.39,17.816,-0.07,0.016,-0.043,0.069,0,-0.097,-37.059,0,"あおいぬ",0.007,-17.067,0,"Nibi-chan",-20.365,-45.825,0,"カズティー",-9.817,-57.703,0,"甲斐野柊太",17.861,-44.073,0,"shimenawa",12.178,-63.983,0,"horisen",45.053,-95.573,0,"紅さかな",1.214,-115.853,0,"Pizzallaris",-40.314,-94.058,0,1956.023,-3.829,-31.181,1957.356,3,"カズティー",-10.469,-51.35,0,0,0,0,0,0,0,2
40,2,1,0,2,0,0,1,0,0,1,255,255,3,21,1988.1,"Kenomo",R,10,93,0.681,-1.179,0.092,1.461,-36.536,1,0,5.023,302.605,8.627,0,0,0,7,7,R,"ke ro",169.4,83,0.351,0,59,0,0,0,0,0,0,0,0,0,0,0,0,0,0,0,0,-0.044,-37.438,0,"あおいぬ",-0.112,-16.819,0,"Nibi-chan",-21.037,-46.433,0,"カズティー",-9.686,-56.863,0,"甲斐野柊太",19.103,-44.427,0,"shimenawa",6.86,-62.531,0,"horisen",47.353,-97.567,0,"紅さかな",0.286,-118.168,0,"Pizzallaris",-42.89,-95.868,0,0,0,0,0,0,"",0,0,0,0,0,0,0,0,0,0
41,2,1,0,2,1,0,1,0,0,1,255,255,3,22,2003.025,"Kenomo",R,8,88,-0.581,-0.635,-0.141,1.399,-36.431,0,0,81.184,0,12.475,0,0,1,7,7,R,"ke ro",169.4,83,0.351,0,59,0,0,0,0,0,0,0,0,0,0,0,0,0,0,0,0,0.011,-37.443,0,"あおいぬ",-0.081,-17.178,0,"Nibi-chan",-21.002,-46.336,0,"カズティー",-10.633,-57.228,0,"甲斐野柊太",19.525,-44.771,0,"shimenawa",8.005,-63.37,0,"horisen",45.734,-99.23,0,"紅さかな",0.3,-117.816,0,"Pizzallaris",-43.117,-95.997,0,0,0,0,0,0,"",0,0,0,0,0,0,0,0,0,0
42,2,1,0,2,1,1,1,0,0,1,255,255,3,23,2021.334,"Kenomo",R,27,139,-0.65,0.225,-0.074,1.534,-36.563,0,0,47.419,-142.177,15.751,0,0,0,7,7,R,"ke ro",169.4,83,0.351,0,59,0,0,0,0,0,0,0,0,0,0,0,0,0,0,0,0,0.196,-37.54,0,"あおいぬ",-0.109,-16.947,0,"Nibi-chan",-21.186,-45.658,0,"カズティー",-10.631,-57.219,0,"甲斐野柊太",19.116,-43.303,0,"shimenawa",11.512,-64.458,0,"horisen",45.736,-99.329,0,"紅さかな",0.026,-116.28,0,"Pizzallaris",-43.131,-96.025,0,0,0,0,0,0,"",0,0,0,0,0,0,0,0,0,0
43,2,1,0,2,1,2,1,0,0,1,255,255,3,24,2036.759,"Kenomo",R,27,135,0.402,-0.819,0.016,1.378,-36.518,0,0,72.247,-119.423,3.093,0,0,0,7,7,R,"ke ro",169.4,83,0.351,0,59,0,0,0,0,0,0,0,0,0,0,0,0,0,0,0,0,0.036,-37.947,0,"あおいぬ",-0.016,-17.026,0,"Nibi-chan",-21.081,-46.43,0,"カズティー",-9.982,-57.821,0,"甲斐野柊太",19.571,-43.225,0,"shimenawa",11.066,-63.616,0,"horisen",45.733,-99.338,0,"紅さかな",0.159,-117.241,0,"Pizzallaris",-43.146,-95.316,0,0,0,0,0,0,"",0,0,0,0,0,0,0,0,0,0
44,2,1,0,2,0,0,2,0,0,1,255,255,3,25,2060.589,"Kenomo",R,27,140,-0.714,-1.746,-0.083,1.219,-36.592,2,0,67.913,-117.938,2.026,0,0,1,8,6,R,"소솨소솨",175.4,80,0.5,2,59,2061.374,255,14,130,29,20,213,150,121,-30,-7.168,0.42,-0.087,-0.177,0.14,0,-0.14,-37.116,0,"あおいぬ",-0.008,-17.043,0,"Nibi-chan",-20.805,-46.515,0,"カズティー",-10.193,-57.498,0,"甲斐野柊太",18.887,-44.883,0,"shimenawa",14.147,-63.205,0,"horisen",44.71,-96.146,0,"紅さかな",0.474,-118.515,0,"Pizzallaris",-39.587,-95.914,0,2061.539,-0.089,-19.005,2063.789,5,"shimenawa",4.791,-59.397,0,0,0,0,0,0,0,2
45,2,0,0,2,0,0,0,0,0,0,255,255,255,18,2113.317,"_이누_",R,10,121,-2.173,-2.463,-0.119,1.573,-36.477,4,0,-126.01,400,4.345,-0.422,-19.647,1,6,8,R,"Pizzallaris",166.4,87.976,0.296,0,59,0,0,0,0,0,0,0,0,0,0,0,0,0,0,0,0,-0.346,-37.162,0,"encounter v",-0.415,-16.864,0,"アリアル",-22.428,-46.323,0,"˗ˋˏ 카피 ˎˊ˗",-14.46,-64.074,0,"Slaris",19.019,-51.67,0,"눈꽃",8.442,-64.611,0,"소솨소솨",37.52,-83.15,0,"ke ro",0.49,-101.591,0,"아침땅_",-38.381,-79.199,0,0,0,0,0,0,"",0,0,0,0,0,0,0,0,0,0
46,2,0,0,2,0,1,0,0,0,0,255,255,255,19,2129.419,"_이누_",R,3,115,-3.748,-1.098,-0.129,1.595,-36.466,1,0,-469.695,0,6.407,-1.115,-17.691,0,6,8,R,"Pizzallaris",166.4,87.976,0.296,0,59,0,0,0,0,0,0,0,0,0,0,0,0,0,0,0,0,-0.186,-37.646,0,"encounter v",-0.761,-17.182,0,"アリアル",-22.427,-46.396,0,"˗ˋˏ 카피 ˎˊ˗",-14.418,-64.022,0,"Slaris",20.275,-50.936,0,"눈꽃",8.958,-64.97,0,"소솨소솨",37.522,-83.143,0,"ke ro",0.69,-101.624,0,"아침땅_",-38.458,-79.106,0,0,0,0,0,0,"",0,0,0,0,0,0,0,0,0,0
47,2,0,0,2,1,1,0,0,0,0,255,255,255,20,2142.909,"_이누_",R,3,109,-0.827,-0.208,0.218,1.705,-36.767,2,0,-415.035,0,4.317,0,0,1,6,8,R,"Pizzallaris",166.4,87.976,0.296,3,59,2144.054,188,19,113,62,56,103,150,103,17.189,16.648,0.92,-0.011,0.012,0.087,0.048,-0.594,-37.049,0,"encounter v",-0.316,-17.089,0,"アリアル",-22.325,-46.294,0,"˗ˋˏ 카피 ˎˊ˗",-14.413,-63.923,0,"Slaris",20.32,-51.003,0,"눈꽃",8.94,-65.018,0,"소솨소솨",37.522,-83.151,0,"ke ro",0.688,-101.638,0,"아침땅_",-38.459,-79.111,0,2147.423,-30.799,-85.445,2152.473,8,"아침땅_",-40.993,-105.899,1,0,0,0,0,0,0,2
48,2,0,0,2,0,0,0,0,1,0,255,17,255,21,2176.597,"_이누_",R,28,135,0.754,0.644,0.061,1.809,-36.398,0,0,35.58,-97.252,-2.139,0,0,0,7,6,R,"horisen",172.5,95,0.447,0,59,0,0,0,0,0,0,0,0,0,0,0,0,0,0,0,0,-0.096,-37.18,0,"encounter v",1.226,-17.453,0,"アリアル",-21.771,-45.804,0,"˗ˋˏ 카피 ˎˊ˗",-12.723,-61.739,0,"Slaris",19.992,-46.489,0,"눈꽃",4.503,-59.074,0,"소솨소솨",36.206,-83.944,0,"ke ro",0.794,-97.391,0,"아침땅_",-36.827,-79.095,0,0,0,0,0,0,"",0,0,0,0,0,0,0,0,0,0
49,2,0,0,2,0,1,0,0,1,0,255,17,255,22,2198.884,"_이누_",R,27,126,0.488,0.953,0.036,1.854,-36.407,0,0,28.935,-102.685,-2.519,0,0,1,7,6,R,"horisen",172.5,95,0.447,0,59,0,0,0,0,0,0,0,0,0,0,0,0,0,0,0,0,-1.641,-37.29,0,"encounter v",1.619,-18.363,0,"アリアル",-21.359,-45.189,0,"˗ˋˏ 카피 ˎˊ˗",-13.097,-62.811,0,"Slaris",20.468,-45.264,0,"눈꽃",3.472,-59.883,0,"소솨소솨",38.526,-86.095,0,"ke ro",0.442,-97.64,0,"아침땅_",-36.446,-79.076,0,0,0,0,0,0,"",0,0,0,0,0,0,0,0,0,0
50,2,0,0,2,0,2,0,0,1,0,255,17,255,23,2219.207,"_이누_",R,28,129,1.52,1.689,0.131,1.981,-36.588,2,0,33.04,-72.471,-1.414,0,0,1,7,6,R,"horisen",172.5,95,0.447,3,59,2220.288,53,5,41,21,21,47,41,42,27.994,48.129,0.8,0.071,0.054,0.01,0,-0.7,-36.718,0,"encounter v",-0.02,-16.907,0,"アリアル",-21.713,-45.244,0,"˗ˋˏ 카피 ˎˊ˗",-13.988,-61.789,0,"Slaris",19.285,-48.253,0,"눈꽃",4.598,-60.228,0,"소솨소솨",38.52,-86.096,0,"ke ro",-0.295,-98.379,0,"아침땅_",-35.758,-78.809,0,2222.523,-15.29,-31.877,0,0,"",0,0,0,0,0,0,0,0,0,3
51,2,0,0,2,0,2,0,0,1,0,255,17,255,24,2242.239,"_이누_",R,27,118,9.633,1.779,0.12,1.969,-36.769,2,0,59.447,-102.805,-0.4,0,0,1,7,6,R,"horisen",172.5,95,0.447,3,59,2243.32,56,7,48,22,14,53,51,51,-9.229,41.067,-0.1,0.066,0.044,0.028,0,-0.42,-36.712,0,"encounter v",0.015,-16.862,0,"アリアル",-21.833,-45.717,0,"˗ˋˏ 카피 ˎˊ˗",-15.959,-59.265,0,"Slaris",19.651,-48.281,0,"눈꽃",3.478,-59.754,0,"소솨소솨",37.708,-85.611,0,"ke ro",-0.137,-98.389,0,"아침땅_",-37.711,-79.081,0,2243.889,-3.939,-23.899,2246.356,2,"アリアル",-16.016,-40.934,0,0,0,0,0,0,0,2
52,2,0,0,2,0,0,1,0,0,1,255,255,17,25,2280.052,"_이누_",R,27,127,0.798,1.03,0.059,1.852,-36.51,0,0,53.726,-133.891,-0.4,0,0,1,8,2,R,"Nibi-chan",169.9,90,0.532,0,59,0,0,0,0,0,0,0,0,0,0,0,0,0,0,0,0,-0.168,-37.251,0,"encounter v",-0.173,-16.902,0,"アリアル",-21.021,-45.287,0,"˗ˋˏ 카피 ˎˊ˗",-13.791,-62.551,0,"Slaris",19.931,-46.451,0,"눈꽃",6.927,-60.436,0,"소솨소솨",38.503,-84.481,0,"ke ro",-0.012,-94.091,0,"아침땅_",-36.85,-79.605,0,0,0,0,0,0,"",0,0,0,0,0,0,0,0,0,0
53,2,0,0,2,0,1,1,0,0,1,255,255,17,26,2293.853,"_이누_",R,27,140,-0.452,-0.066,-0.054,1.687,-36.321,2,0,43.548,-131.073,4.148,0,0,1,8,2,R,"Nibi-chan",169.9,90,0.532,3,59,2294.884,214,9,92,30,17,95,140,123,25.923,9.574,0.65,-0.029,-0.008,0.178,0,-0.534,-36.672,0,"encounter v",-0.027,-16.968,0,"アリアル",-21.697,-46.109,0,"˗ˋˏ 카피 ˎˊ˗",-13.779,-61.941,0,"Slaris",19.129,-45.187,0,"눈꽃",7.797,-60.492,0,"소솨소솨",41.401,-84.035,0,"ke ro",0.233,-94.081,0,"아침땅_",-36.947,-79.708,0,2302.989,-34.349,-144.297,0,0,"",0,0,0,0,0,0,0,0,0,4
54,2,0,0,4,0,0,1,0,0,0,255,255,255,27,2336.286,"_이누_",R,27,138,2.684,0.735,0.158,1.825,-36.529,1,0,65.785,-143.463,-4.726,0,0,0,0,7,R,"紅さかな",172.5,94.576,0.452,0,59,0,0,0,0,0,0,0,0,0,0,0,0,0,0,0,0,-0.393,-37.058,0,"encounter v",0.011,-16.664,0,"アリアル",-21.909,-46.08,0,"˗ˋˏ 카피 ˎˊ˗",-15.713,-63.331,0,"Slaris",21.129,-49.81,0,"눈꽃",7.874,-63.74,0,"소솨소솨",40.999,-86.119,0,"ke ro",0.512,-101.994,0,"아침땅_",-39.396,-80.482,0,0,0,0,0,0,"",0,0,0,0,0,0,0,0,0,0
55,2,0,0,4,1,0,1,0,0,0,255,255,255,28,2352.074,"_이누_",R,26,140,0.296,-0.646,0.011,1.591,-36.419,2,0,59.461,-154.394,0.912,0,0,1,0,7,R,"紅さかな",172.5,94.576,0.452,3,59,2353.056,189,19,105,65,41,54,150,124,28.025,27.727,0.68,0.021,-0.053,0.16,0,-0.504,-36.716,0,"encounter v",0.041,-16.979,0,"アリアル",-21.466,-45.834,0,"˗ˋˏ 카피 ˎˊ˗",-15.708,-63.261,0,"Slaris",21.083,-49.773,0,"눈꽃",7.328,-64.108,0,"소솨소솨",40.23,-85.268,0,"ke ro",0.495,-101.961,0,"아침땅_",-39.551,-80.247,0,2358.656,-36.21,-126.994,0,0,"",0,0,0,0,0,0,0,0,0,4
56,2,0,0,5,0,0,1,0,0,0,255,255,255,0,2943.415,"Slaris",R,14,126,2.774,-1.342,-0.017,1.587,-36.159,4,0,370.081,336.215,22.562,0,0,1,1,5,L,"shimenawa",174.9,94.582,0.2,0,93,0,0,0,0,0,0,0,0,0,0,0,0,0,0,0,0,0.05,-36.874,0,"encounter v",0.124,-16.983,0,"アリアル",-22.112,-46.402,0,"˗ˋˏ 카피 ˎˊ˗",-14.882,-64.02,0,"_이누_",21.982,-50.634,0,"눈꽃",11.742,-65.315,0,"소솨소솨",39.93,-83.642,0,"ke ro",0.235,-106.899,0,"아침땅_",-36.396,-80.228,0,0,0,0,0,0,"",0,0,0,0,0,0,0,0,0,0
57,2,0,0,5,0,1,1,0,0,0,255,255,255,1,2958.476,"Slaris",R,14,126,2.984,-1.531,-0.013,1.544,-36.054,1,0,355.765,351.328,27.114,0,0,0,1,5,L,"shimenawa",174.9,94.582,0.2,0,93,0,0,0,0,0,0,0,0,0,0,0,0,0,0,0,0,-0.125,-36.676,0,"encounter v",0.106,-16.955,0,"アリアル",-22.155,-46.434,0,"˗ˋˏ 카피 ˎˊ˗",-13.774,-64.357,0,"_이누_",21.397,-49.875,0,"눈꽃",12.634,-64.732,0,"소솨소솨",39.928,-83.649,0,"ke ro",0.446,-109.624,0,"아침땅_",-36.385,-80.22,0,0,0,0,0,0,"",0,0,0,0,0,0,0,0,0,0
58,2,0,0,5,1,1,1,0,0,0,255,255,255,2,2972.151,"Slaris",R,29,136,-0.644,0.961,-0.163,1.481,-36.104,2,0,-250,-200,12.896,0,0,1,1,5,L,"shimenawa",174.9,94.582,0.2,3,93,2973.299,145,17,50,48,3,72,122,99,26.881,-44.366,0.11,-0.103,-0.018,0.165,0,-0.615,-36.802,0,"encounter v",-0.189,-17.014,0,"アリアル",-22.124,-46.469,0,"˗ˋˏ 카피 ˎˊ˗",-13.694,-64.195,0,"_이누_",20.686,-49.664,0,"눈꽃",12.511,-64.792,0,"소솨소솨",39.925,-83.643,0,"ke ro",0.453,-109.64,0,"아침땅_",-36.416,-80.225,0,2977.923,69.149,-68.072,0,0,"",0,0,0,0,0,0,0,0,0,3
59,2,0,0,5,1,2,1,0,0,0,255,255,255,3,2993.389,"Slaris",R,14,126,1.586,-2.041,-0.244,1.372,-35.987,2,0,353.874,353.232,51.994,0,0,1,1,5,L,"shimenawa",174.9,94.582,0.2,3,93,2994.452,93,15,85,77,20,67,138,111,-11.441,-25.866,0.94,-0.012,-0.054,0,0,-0.49,-36.861,0,"encounter v",0.13,-17.1,0,"アリアル",-22.018,-46.884,0,"˗ˋˏ 카피 ˎˊ˗",-13.33,-64.626,0,"_이누_",20.824,-49.249,0,"눈꽃",12.792,-65.069,0,"소솨소솨",41.799,-83.134,0,"ke ro",0.492,-99.552,0,"아침땅_",-37.511,-81.714,0,2994.573,0.737,-20.918,2996.173,4,"_이누_",16.799,-49.548,0,0,0,0,0,0,0,2
60,2,0,0,5,0,0,2,0,0,0,255,255,255,4,3023.158,"Slaris",R,13,114,-2.442,0.051,-0.05,1.879,-36.282,4,0,-379.44,325.615,4.283,0,0,1,2,4,R,"甲斐野柊太",190,80,0.2,0,34,0,0,0,0,0,0,0,0,0,0,0,0,0,0,0,0,-0.009,-37.017,0,"encounter v",-0.652,-17.084,0,"アリアル",-22.763,-47.243,0,"˗ˋˏ 카피 ˎˊ˗",-13.275,-61.265,0,"_이누_",15.434,-48.869,0,"눈꽃",8.696,-65.419,0,"소솨소솨",40.29,-84.057,0,"ke ro",0.301,-102.237,0,"아침땅_",-36.977,-80.799,0,0,0,0,0,0,"",0,0,0,0,0,0,0,0,0,0
61,2,0,0,5,0,1,2,0,0,0,255,255,255,5,3040.203,"Slaris",R,13,123,-1.377,-0.832,-0.081,1.619,-36.125,2,0,-390.434,312.348,-17.216,0,0,1,2,4,R,"甲斐野柊太",190,80,0.2,3,59,3041.251,106,25,132,122,62,139,141,88,-30,27.469,0.97,-0.069,0.049,0,0.048,-0.394,-36.656,0,"encounter v",-0.37,-16.985,0,"アリアル",-22.742,-47.261,0,"˗ˋˏ 카피 ˎˊ˗",-13.226,-61.16,0,"_이누_",18.081,-48.326,0,"눈꽃",10.006,-64.388,0,"소솨소솨",40.29,-84.053,0,"ke ro",0.802,-103.044,0,"아침땅_",-37.27,-80.515,0,3041.439,-0.785,-20.669,3045.239,8,"아침땅_",-25.069,-68.811,1,0,0,0,0,0,0,2
62,2,0,0,5,0,0,2,1,0,0,13,255,255,6,3080.755,"Slaris",R,13,110,-3.545,-1.161,-0.248,1.594,-36.165,1,0,-313.083,389.845,-7.307,0,0,0,3,1,R,"あおいぬ",190,80.495,0.397,0,59,0,0,0,0,0,0,0,0,0,0,0,0,0,0,0,0,-0.275,-38.034,0,"encounter v",-0.725,-17.24,0,"アリアル",-20.264,-42.921,0,"˗ˋˏ 카피 ˎˊ˗",-14.866,-62.916,0,"_이누_",19.299,-52.797,0,"눈꽃",5.588,-63.04,0,"소솨소솨",39.616,-85.18,0,"ke ro",-8.988,-98.57,0,"아침땅_",-41.339,-78.286,0,0,0,0,0,0,"",0,0,0,0,0,0,0,0,0,0
63,2,0,0,5,1,0,2,1,0,0,13,255,255,7,3098.366,"Slaris",R,29,140,1.422,0.101,0.035,1.583,-36.138,4,0,-250,-200,9.502,0.712,-20.502,1,3,1,R,"あおいぬ",190,80.495,0.397,0,59,0,0,0,0,0,0,0,0,0,0,0,0,0,0,0,0,-0.186,-37.467,0,"encounter v",-0.043,-18.443,0,"アリアル",-20.277,-44.324,0,"˗ˋˏ 카피 ˎˊ˗",-14.814,-62.631,0,"_이누_",19.421,-52.298,0,"눈꽃",3.225,-61.916,0,"소솨소솨",40.368,-86.604,0,"ke ro",-10.048,-98.992,0,"아침땅_",-41.315,-78.275,0,0,0,0,0,0,"",0,0,0,0,0,0,0,0,0,0
64,2,0,0,5,1,1,2,1,0,0,13,255,255,8,3119.162,"Slaris",R,29,140,0.36,0.301,-0.055,1.616,-36.163,4,0,-250,-200,8.826,-0.502,-20.464,1,3,1,R,"あおいぬ",190,80.495,0.397,0,59,0,0,0,0,0,0,0,0,0,0,0,0,0,0,0,0,0.053,-36.789,0,"encounter v",-0.259,-18.117,0,"アリアル",-20.446,-43.943,0,"˗ˋˏ 카피 ˎˊ˗",-14.795,-62.626,0,"_이누_",19.894,-51.794,0,"눈꽃",4.385,-62.163,0,"소솨소솨",40.371,-86.611,0,"ke ro",-9.972,-98.953,0,"아침땅_",-41.325,-78.27,0,0,0,0,0,0,"",0,0,0,0,0,0,0,0,0,0
65,2,0,0,5,1,2,2,1,0,0,13,255,255,9,3141.11,"Slaris",R,13,113,-2.39,-0.806,-0.133,1.651,-36.226,4,0,-390.434,312.348,-14.611,0,0,1,3,1,R,"あおいぬ",190,80.495,0.397,0,59,0,0,0,0,0,0,0,0,0,0,0,0,0,0,0,0,-0.065,-37.224,0,"encounter v",-1.229,-17.622,0,"アリアル",-20.469,-43.972,0,"˗ˋˏ 카피 ˎˊ˗",-13.952,-60.289,0,"_이누_",19.708,-52.502,0,"눈꽃",6.512,-61.82,0,"소솨소솨",40.358,-86.594,0,"ke ro",-10.003,-98.967,0,"아침땅_",-41.143,-78.479,0,0,0,0,0,0,"",0,0,0,0,0,0,0,0,0,0
66,3,1,0,5,0,0,0,0,0,0,255,255,255,26,3192.762,"Kenomo",R,0,140,-1.972,-0.656,-0.187,1.426,-36.598,1,0,13.404,-15.999,3.017,0,0,0,0,5,L,"눈꽃",174.9,80,0.496,0,59,0,0,0,0,0,0,0,0,0,0,0,0,0,0,0,0,-0.065,-37.347,0,"あおいぬ",-0.055,-16.905,0,"Nibi-chan",-20.268,-45.587,0,"カズティー",-11.848,-57.436,0,"甲斐野柊太",18.767,-44.368,0,"shimenawa",12.546,-63.685,0,"horisen",43.898,-93.599,0,"紅さかな",2.02,-118.819,0,"Pizzallaris",-40.845,-95.514,0,0,0,0,0,0,"",0,0,0,0,0,0,0,0,0,0
67,3,1,0,5,1,0,0,0,0,0,255,255,255,27,3206.796,"Kenomo",R,34,131,-0.959,-0.033,-0.105,1.518,-36.603,2,0,52.52,-44.662,3.001,0,0,1,0,5,L,"눈꽃",174.9,80,0.496,3,59,3207.846,255,9,150,46,39,193,150,99,-0.002,7.651,-0.1,0.08,-0.047,0.151,0,-0.225,-37.135,0,"あおいぬ",-0.022,-17.027,0,"Nibi-chan",-20.058,-45.552,0,"カズティー",-11.71,-57.219,0,"甲斐野柊太",18.698,-44.313,0,"shimenawa",13.668,-63.615,0,"horisen",45.072,-92.881,0,"紅さかな",2.022,-118.341,0,"Pizzallaris",-41.709,-98.511,0,3208.456,-1.92,-34.318,3209.756,3,"カズティー",-5.183,-57.267,0,0,0,0,0,0,0,2
68,3,1,0,5,0,0,1,0,0,0,255,255,255,28,3236.215,"Kenomo",R,28,140,-2.774,-0.783,-0.188,1.458,-36.606,2,0,34.18,-54.158,6.046,0,0,0,1,1,L,"encounter v",190,93,0.497,3,59,3237.246,166,17,130,57,36,97,150,98,28.348,-24.928,-0.45,0.02,-0.098,0.146,0,-0.392,-37.024,0,"あおいぬ",-0.12,-17.009,0,"Nibi-chan",-19.872,-45.837,0,"カズティー",-10.888,-55.193,0,"甲斐野柊太",18.516,-44.502,0,"shimenawa",14.323,-63.491,0,"horisen",46.13,-93.973,0,"紅さかな",0.202,-121.264,0,"Pizzallaris",-41.79,-96.661,0,3242.139,46.753,-87.951,3242.306,6,"horisen",44.912,-85.661,0,0,0,0,0,0,0,1
69,3,1,0,5,0,0,2,0,0,0,255,255,255,29,3264.552,"Kenomo",R,27,133,1.174,-0.097,0.082,1.487,-36.65,2,0,89.979,-111.012,1.087,0,0,1,2,0,R,"Slaris",190,86.36,0.452,3,59,3265.43,171,15,96,65,31,86,145,98,21.138,-20.325,-0.46,-0.02,-0.056,0.092,0,-0.024,-37.12,0,"あおいぬ",0.034,-16.977,0,"Nibi-chan",-20.536,-45.807,0,"カズティー",-9.858,-58.557,0,"甲斐野柊太",18.216,-44.565,0,"shimenawa",14.87,-63.102,0,"horisen",44.059,-97.051,0,"紅さかな",0.461,-121.314,0,"Pizzallaris",-41.046,-98.327,0,3269.773,23.59,-97.41,3272.606,7,"紅さかな",30.774,-122.377,1,0,0,0,0,0,0,2
70,3,1,0,5,0,0,2,0,1,0,255,0,255,30,3300.234,"Kenomo",R,26,140,0.835,-0.822,0.065,1.338,-36.589,0,0,45.168,-160.225,11.386,0,0,1,3,2,R,"アリアル",189.5,94.5,0.5,0,59,0,0,0,0,0,0,0,0,0,0,0,0,0,0,0,0,0.18,-37.627,0,"あおいぬ",-0.068,-16.828,0,"Nibi-chan",-20.213,-44.583,0,"カズティー",-8.08,-59.549,0,"甲斐野柊太",18.112,-41.993,0,"shimenawa",6.034,-62.756,0,"horisen",43.327,-93.599,0,"紅さかな",1.06,-120.477,0,"Pizzallaris",-40.562,-92.538,0,0,0,0,0,0,"",0,0,0,0,0,0,0,0,0,0
71,3,1,0,5,0,1,2,0,1,0,255,0,255,31,3314.272,"Kenomo",R,26,138,2.498,-0.459,0.214,1.485,-36.633,4,0,66.851,-164.228,6.853,0,0,1,3,2,R,"アリアル",189.5,94.5,0.5,0,59,0,0,0,0,0,0,0,0,0,0,0,0,0,0,0,0,0.151,-37.654,0,"あおいぬ",0.074,-16.86,0,"Nibi-chan",-20.047,-45.08,0,"カズティー",-10.152,-58.343,0,"甲斐野柊太",18.849,-42.492,0,"shimenawa",7.016,-63.787,0,"horisen",44.149,-96.169,0,"紅さかな",1.093,-120.552,0,"Pizzallaris",-40.542,-92.538,0,0,0,0,0,0,"",0,0,0,0,0,0,0,0,0,0
72,3,1,0,5,0,2,2,0,1,0,255,0,255,32,3328.799,"Kenomo",R,34,128,2.484,0.381,0.208,1.597,-36.691,1,0,71.769,-45.294,2.142,0,0,0,3,2,R,"アリアル",189.5,94.5,0.5,0,59,0,0,0,0,0,0,0,0,0,0,0,0,0,0,0,0,0.109,-37.667,0,"あおいぬ",0.124,-17.036,0,"Nibi-chan",-20.088,-45.092,0,"カズティー",-10.125,-57.989,0,"甲斐野柊太",19.319,-42.658,0,"shimenawa",6.732,-63.579,0,"horisen",44.152,-96.194,0,"紅さかな",0.603,-120.565,0,"Pizzallaris",-40.704,-92.526,0,0,0,0,0,0,"",0,0,0,8,0,0,0,0,0,0
73,3,1,0,5,1,2,2,0,1,0,255,0,255,33,3344.848,"Kenomo",R,28,129,2.327,0.195,0.188,1.546,-36.66,1,0,89.867,-99.429,2.308,0,0,0,3,2,R,"アリアル",189.5,94.5,0.5,0,59,0,0,0,0,0,0,0,0,0,0,0,0,0,0,0,0,0.102,-37.868,0,"あおいぬ",0.149,-16.983,0,"Nibi-chan",-20.126,-45.228,0,"カズティー",-9.898,-59.63,0,"甲斐野柊太",17.912,-43.571,0,"shimenawa",8.916,-65.033,0,"horisen",44.123,-96.151,0,"紅さかな",0.395,-120.578,0,"Pizzallaris",-41.143,-92.424,0,0,0,0,0,0,"",0,0,0,0,0,0,0,0,0,0
74,3,1,0,5,2,2,2,0,1,0,255,0,255,34,3360.638,"Kenomo",R,33,129,1.671,0.057,0.124,1.524,-36.676,2,0,100.282,-83.149,1.695,0,0,1,3,2,R,"アリアル",189.5,94.5,0.5,2,59,3361.461,228,8,91,29,13,255,140,130,-30,36.311,0.66,-0.053,-0.058,0.078,0,-0.046,-37.115,0,"あおいぬ",-0.006,-17.006,0,"Nibi-chan",-19.659,-45.378,0,"カズティー",-9.78,-59.628,0,"甲斐野柊太",17.875,-43.962,0,"shimenawa",11.028,-64.048,0,"horisen",44.148,-96.192,0,"紅さかな",0.144,-120.634,0,"Pizzallaris",-41.127,-92.437,0,3361.606,-0.685,-19.345,3361.74,1,"あおいぬ",0.259,-23.501,0,0,0,0,0,0,0,2
75,3,1,0,5,2,2,2,0,1,0,255,0,255,35,3385.62,"Kenomo",R,34,137,1.861,0.057,0.145,1.531,-36.59,4,0,95.433,-63.886,3.394,0,0,1,3,2,R,"アリアル",189.5,94.5,0.5,0,59,0,0,0,0,0,0,0,0,0,0,0,0,0,0,0,0,0.171,-37.853,0,"あおいぬ",-0.007,-17.051,0,"Nibi-chan",-20.399,-45.332,0,"カズティー",-9.825,-59.647,0,"甲斐野柊太",17.936,-43.703,0,"shimenawa",8.691,-65.075,0,"horisen",44.878,-97.81,0,"紅さかな",0.54,-120.669,0,"Pizzallaris",-42.286,-95.984,0,0,0,0,0,0,"",0,0,0,0,0,0,0,0,0,0
76,3,0,0,5,0,0,0,0,0,0,255,255,255,10,3435.13,"Slaris",R,29,140,1.477,0.627,0.076,1.628,-36.137,2,0,-250,-200,-19.632,0,0,1,4,0,R,"Kenomo",190,80,0.469,3,59,3436.156,255,0,58,0,0,112,75,67,-21.891,-9.102,-0.15,-0.017,-0.007,0.005,0,-0.233,-36.507,0,"encounter v",0.174,-16.918,0,"アリアル",-22.092,-46.432,0,"˗ˋˏ 카피 ˎˊ˗",-15.91,-63.605,0,"_이누_",19.328,-49.693,0,"눈꽃",9.459,-64.975,0,"소솨소솨",37.739,-86.6,0,"ke ro",0.685,-103.581,0,"아침땅_",-37.758,-79.293,0,3436.423,0.687,-22.242,3437.689,0,"Slaris",2.729,-36.127,0,0,0,0,0,0,0,2
77,3,0,0,5,0,0,1,0,0,0,255,255,255,11,3461.813,"Slaris",R,29,140,1.391,-0.149,0.104,1.361,-36.191,0,0,-250,-200,-0.599,0,0,0,5,3,R,"カズティー",174.9,85,0.329,0,59,0,0,0,0,0,0,0,0,0,0,0,0,0,0,0,0,-0.18,-37.378,0,"encounter v",0.074,-16.881,0,"アリアル",-22.471,-46.3,0,"˗ˋˏ 카피 ˎˊ˗",-16.356,-63.303,0,"_이누_",18.206,-49.793,0,"눈꽃",12.523,-65.15,0,"소솨소솨",39.738,-84.367,0,"ke ro",0.1,-98.346,0,"아침땅_",-36.249,-77.901,0,0,0,0,0,0,"",0,0,0,0,0,0,0,0,0,0
78,3,0,0,5,0,1,1,0,0,0,255,255,255,12,3476.309,"Slaris",R,29,140,1.418,1.086,0.075,1.784,-36.296,2,0,-250,-200,-22.163,0,0,1,5,3,R,"カズティー",174.9,85,0.329,3,59,3477.253,144,14,137,78,44,99,150,96,93.904,80.79,-0.23,-0.018,-0.008,0.087,0,-0.235,-36.614,0,"encounter v",0.108,-17.024,0,"アリアル",-22.428,-46.279,0,"˗ˋˏ 카피 ˎˊ˗",-16.318,-63.236,0,"_이누_",18.167,-49.526,0,"눈꽃",12.667,-64.982,0,"소솨소솨",39.702,-84.402,0,"ke ro",0.107,-98.32,0,"아침땅_",-36.419,-77.761,0,0,0,0,0,0,"",0,0,0,0,0,0,0,0,0,3
79,3,0,0,5,0,2,1,0,0,0,255,255,255,13,3500.399,"Slaris",R,13,125,-2.654,-2.733,-0.211,1.481,-36.117,1,0,-390.434,312.348,-13.88,-0.517,-19.878,0,5,3,R,"カズティー",174.9,85,0.329,0,59,0,0,0,0,0,0,0,0,0,0,0,0,0,0,0,0,0.006,-36.911,0,"encounter v",-0.513,-16.806,0,"アリアル",-22.579,-46.931,0,"˗ˋˏ 카피 ˎˊ˗",-16.903,-62.794,0,"_이누_",20.474,-50.851,0,"눈꽃",12.477,-64.334,0,"소솨소솨",40.913,-85.229,0,"ke ro",0.268,-98.378,0,"아침땅_",-37.49,-79.67,0,0,0,0,0,0,"",0,0,0,0,0,0,0,0,0,0
80,3,0,0,5,1,2,1,0,0,0,255,255,255,14,3514.225,"Slaris",R,13,119,-2.703,-1.298,-0.195,1.556,-36.11,1,0,-382.419,322.111,-13.593,0,0,0,5,3,R,"カズティー",174.9,85,0.329,0,59,0,0,0,0,0,0,0,0,0,0,0,0,0,0,0,0,-0.254,-37.307,0,"encounter v",-0.494,-16.77,0,"アリアル",-22.55,-46.862,0,"˗ˋˏ 카피 ˎˊ˗",-16.918,-62.871,0,"_이누_",18.555,-50.371,0,"눈꽃",11.724,-65.016,0,"소솨소솨",40.895,-85.211,0,"ke ro",0.224,-98.375,0,"아침땅_",-37.422,-79.729,0,0,0,0,0,0,"",0,0,0,0,0,0,0,0,0,0
81,3,0,0,5,2,2,1,0,0,0,255,255,255,15,3527.894,"Slaris",R,26,140,-0.955,-0.534,-0.189,1.529,-36.132,2,0,-51.535,-200,21.134,0,0,1,5,3,R,"カズティー",174.9,85,0.329,3,59,3528.815,210,24,131,118,3,112,150,128,-30,48.341,0.65,-0.06,-0.025,0.051,0,-0.173,-36.362,0,"encounter v",-0.263,-16.868,0,"アリアル",-22.524,-46.864,0,"˗ˋˏ 카피 ˎˊ˗",-16.849,-62.735,0,"_이누_",19.623,-50.14,0,"눈꽃",11.683,-64.881,0,"소솨소솨",40.9,-85.218,0,"ke ro",0.11,-98.409,0,"아침땅_",-37.368,-79.784,0,3528.973,-1.281,-19.601,0,0,"",0,0,0,0,0,0,0,0,0,3
82,3,0,0,5,2,2,1,0,0,0,255,255,255,16,3546.118,"Slaris",R,29,140,0.97,0.06,0.009,1.43,-36.069,2,0,-250,-200,8.362,0,0,1,5,3,R,"カズティー",174.9,85,0.329,3,59,3547.012,139,16,184,91,68,192,150,95,6.268,-5.353,-0.28,-0.082,-0.062,0.057,0,-0.163,-36.179,0,"encounter v",0.016,-16.883,0,"アリアル",-22.475,-46.598,0,"˗ˋˏ 카피 ˎˊ˗",-16.775,-62.665,0,"_이누_",18.846,-50.867,0,"눈꽃",11.998,-65.334,0,"소솨소솨",40.106,-84.302,0,"ke ro",-0.187,-95.768,0,"아침땅_",-37.411,-79.936,0,3548.556,2.793,-55.114,3549.456,5,"눈꽃",3.787,-64.941,1,0,0,0,0,0,0,2
83,3,0,0,5,0,0,1,1,0,0,12,255,255,17,3587.289,"Slaris",R,13,114,0.836,-0.771,0.234,1.722,-36.272,2,0,-390.434,312.348,-28.011,0,0,1,6,8,R,"Pizzallaris",166.4,87.976,0.296,3,59,3588.403,218,21,59,75,59,154,139,95,-30,44.437,0.95,-0.006,-0.008,0,0.095,-0.355,-36.277,0,"encounter v",0.051,-16.961,0,"アリアル",-18.551,-40.914,0,"˗ˋˏ 카피 ˎˊ˗",-14.134,-60.305,0,"_이누_",18.781,-50.043,0,"눈꽃",8.884,-64.065,0,"소솨소솨",38.238,-85.844,0,"ke ro",-0.144,-100.169,0,"아침땅_",-36.446,-80.061,0,3588.556,-0.957,-22.195,3590.206,2,"アリアル",-20.071,-41.607,0,32,0,0,0,0,0,2
84,4,1,0,5,0,0,0,0,0,0,255,255,255,36,3638.237,"Kenomo",R,0,127,0.783,0.073,0.072,1.55,-36.451,0,0,4.572,-4.561,0.439,0,0,0,4,4,R,"_이누_",190,90.187,0.45,0,59,0,0,0,0,0,0,0,0,0,0,0,0,0,0,0,0,-0.095,-37.427,0,"あおいぬ",0.049,-17.003,0,"Nibi-chan",-20.192,-45.473,0,"カズティー",-10.829,-57.07,0,"甲斐野柊太",18.029,-45.519,0,"shimenawa",10.912,-64.205,0,"horisen",42.572,-93.375,0,"紅さかな",0.483,-120.267,0,"Pizzallaris",-41.156,-92.751,0,0,0,0,0,0,"",0,0,0,0,0,0,0,0,0,0
85,4,1,0,5,0,1,0,0,0,0,255,255,255,37,3655.93,"Kenomo",R,29,112,-2.889,-2.138,-0.169,1.055,-36.648,1,0,-248.218,-200,42.408,-0.637,-18.818,0,4,4,R,"_이누_",190,90.187,0.45,0,59,0,0,0,0,0,0,0,0,0,0,0,0,0,0,0,0,0.049,-37.712,0,"あおいぬ",-0.215,-16.936,0,"Nibi-chan",-20.121,-45.545,0,"カズティー",-10.839,-57.121,0,"甲斐野柊太",18.645,-45.02,0,"shimenawa",13.346,-63.519,0,"horisen",42.558,-93.357,0,"紅さかな",0.721,-118.865,0,"Pizzallaris",-42.312,-94.568,0,0,0,0,0,0,"",0,0,0,0,0,0,0,0,0,0
86,4,1,0,5,1,1,0,0,0,0,255,255,255,38,3671.102,"Kenomo",R,28,127,-1.411,0.265,-0.152,1.565,-36.701,0,0,64.468,-77.137,4.943,0,0,0,4,4,R,"_이누_",190,90.187,0.45,0,59,0,0,0,0,0,0,0,0,0,0,0,0,0,0,0,0,-0.119,-37.495,0,"あおいぬ",-0.125,-16.987,0,"Nibi-chan",-20.273,-45.494,0,"カズティー",-10.744,-56.934,0,"甲斐野柊太",17.899,-45.623,0,"shimenawa",7.953,-64.361,0,"horisen",44.795,-95.91,0,"紅さかな",0.333,-118.949,0,"Pizzallaris",-41.85,-95.106,0,0,0,0,0,0,"",0,0,0,0,0,0,0,0,0,0
87,4,1,0,5,1,2,0,0,0,0,255,255,255,39,3688.455,"Kenomo",R,26,129,1.821,-0.672,0.196,1.459,-36.66,2,0,39.048,-200,1.758,0,0,1,4,4,R,"_이누_",190,90.187,0.45,3,59,3689.539,168,19,92,29,8,138,139,100,-37.342,-25.174,-0.14,-0.036,-0.066,0.171,0,0.107,-37.136,0,"あおいぬ",0.064,-17.03,0,"Nibi-chan",-20.103,-45.571,0,"カズティー",-10.388,-56.999,0,"甲斐野柊太",18.262,-45.418,0,"shimenawa",14.511,-63.353,0,"horisen",44.241,-94.775,0,"紅さかな",0.361,-118.904,0,"Pizzallaris",-41.824,-95.076,0,3689.723,0.739,-20.235,3691.456,4,"甲斐野柊太",13.3,-46.813,0,0,0,0,0,0,0,2
88,4,1,0,5,0,0,1,0,0,0,255,255,255,40,3713.778,"Kenomo",R,10,89,2.323,-2.454,0.228,1.328,-36.507,4,0,120.89,400,45.446,0.449,-19.897,1,5,3,L,"˗ˋˏ 카피 ˎˊ˗",165.5,87.669,0.554,0,59,0,0,0,0,0,0,0,0,0,0,0,0,0,0,0,0,-0.034,-37.795,0,"あおいぬ",0.044,-16.911,0,"Nibi-chan",-19.721,-45.445,0,"カズティー",-10.996,-56.356,0,"甲斐野柊太",19.91,-41.283,0,"shimenawa",11.996,-62.544,0,"horisen",46.955,-94.639,0,"紅さかな",1.024,-120.048,0,"Pizzallaris",-40.456,-94.393,0,0,0,0,0,0,"",0,0,0,0,0,0,0,0,0,0
89,4,1,0,5,0,1,1,0,0,0,255,255,255,41,3729.587,"Kenomo",R,26,132,1.665,-0.492,0.109,1.408,-36.569,2,0,148.288,-200,11.991,0,0,1,5,3,L,"˗ˋˏ 카피 ˎˊ˗",165.5,87.669,0.554,3,59,3730.664,186,26,97,40,15,115,141,124,-30,-45.747,0.39,0.071,-0.059,0.231,0,-0.067,-37.281,0,"あおいぬ",0.035,-17.093,0,"Nibi-chan",-19.831,-45.388,0,"カズティー",-10.865,-56.161,0,"甲斐野柊太",18.233,-44.276,0,"shimenawa",14.591,-63.253,0,"horisen",46.998,-94.731,0,"紅さかな",2.024,-120.842,0,"Pizzallaris",-40.856,-94.902,0,3730.789,1.461,-19.514,0,0,"",0,0,0,0,0,0,0,0,0,3
90,4,1,0,5,0,2,1,0,0,0,255,255,255,42,3750.118,"Kenomo",R,27,129,2.475,0.741,0.195,1.61,-36.687,1,0,110.64,-118.367,4.524,0,0,0,5,3,L,"˗ˋˏ 카피 ˎˊ˗",165.5,87.669,0.554,0,52,0,0,0,0,0,0,0,0,0,0,0,0,0,0,0,0,0.261,-37.848,0,"あおいぬ",-0.046,-16.919,0,"Nibi-chan",-20.021,-45.186,0,"カズティー",-10.414,-56.006,0,"甲斐野柊太",19.616,-41.727,0,"shimenawa",11.86,-63.586,0,"horisen",44.356,-92.323,0,"紅さかな",0.777,-120.128,0,"Pizzallaris",-41.061,-95.426,0,0,0,0,0,0,"",0,0,0,0,0,0,0,0,0,0
91,4,1,0,5,1,2,1,0,0,0,255,255,255,43,3763.768,"Kenomo",R,33,135,-0.917,0.57,-0.122,1.595,-36.65,2,0,121.218,-89.016,6.051,0,0,1,5,3,L,"˗ˋˏ 카피 ˎˊ˗",165.5,87.669,0.554,3,52,3764.85,159,20,81,54,38,112,139,94,109.692,-20.482,0.02,0.075,-0.066,0.176,0,-0.106,-37.185,0,"あおいぬ",-0.089,-17.038,0,"Nibi-chan",-19.949,-45.179,0,"カズティー",-10.339,-55.976,0,"甲斐野柊太",18.467,-43.652,0,"shimenawa",14.567,-62.998,0,"horisen",44.33,-92.347,0,"紅さかな",0.71,-120.156,0,"Pizzallaris",-41.072,-95.444,0,0,0,0,0,0,"",0,0,0,0,0,0,0,0,0,3
92,4,1,0,5,1,2,1,0,0,0,255,255,255,44,3785.536,"Kenomo",R,10,101,-0.371,-1.47,-0.006,1.569,-36.67,4,0,-1.35,400,9.321,-0.078,-18.102,1,5,3,L,"˗ˋˏ 카피 ˎˊ˗",165.5,87.669,0.554,0,52,0,0,0,0,0,0,0,0,0,0,0,0,0,0,0,0,-0.074,-37.429,0,"あおいぬ",-0.612,-18.621,0,"Nibi-chan",-20.8,-44.104,0,"カズティー",-10.914,-55.904,0,"甲斐野柊太",18.892,-41.873,0,"shimenawa",11.403,-62.813,0,"horisen",47.861,-96.142,0,"紅さかな",1.326,-117.75,0,"Pizzallaris",-41.897,-96.993,0,0,0,0,0,0,"",0,0,0,0,0,0,0,0,0,0
93,4,1,0,5,0,0,2,0,0,0,255,255,255,45,3812.65,"Kenomo",R,33,135,1.86,0.749,0.143,1.615,-36.668,1,0,100.913,-82.765,1.891,0,0,0,6,8,R,"아침땅_",160,95,0.5,0,59,0,0,0,0,0,0,0,0,0,0,0,0,0,0,0,0,0.161,-37.779,0,"あおいぬ",-0.092,-16.877,0,"Nibi-chan",-21.034,-46.483,0,"カズティー",-10.859,-56.16,0,"甲斐野柊太",16.969,-43.549,0,"shimenawa",11.463,-63.017,0,"horisen",44.518,-98.098,0,"紅さかな",-0.746,-117.304,0,"Pizzallaris",-42.222,-97.073,0,0,0,0,0,0,"",0,0,0,0,0,0,0,0,0,0
94,4,1,0,5,1,0,2,0,0,0,255,255,255,46,3824.843,"Kenomo",R,33,133,1.489,0.389,0.108,1.564,-36.614,1,0,101.25,-89.627,2.927,0,0,0,6,8,R,"아침땅_",160,95,0.5,0,59,0,0,0,0,0,0,0,0,0,0,0,0,0,0,0,0,0.177,-37.637,0,"あおいぬ",-0.077,-16.865,0,"Nibi-chan",-20.861,-46.531,0,"カズティー",-10.934,-56.34,0,"甲斐野柊太",17.38,-43.266,0,"shimenawa",14.08,-62.997,0,"horisen",44.48,-98.049,0,"紅さかな",-1.07,-117.288,0,"Pizzallaris",-42.247,-97.109,0,0,0,0,0,0,"",0,0,0,0,0,0,0,0,0,0
95,4,1,0,5,2,0,2,0,0,0,255,255,255,47,3838.108,"Kenomo",R,34,138,0.88,-0.026,0.058,1.518,-36.599,2,0,84.78,-53.855,3.208,0,0,1,6,8,R,"아침땅_",160,95,0.5,2,59,3839.062,144,5,130,58,29,255,150,115,25.908,-30.37,0.74,-0.014,-0.038,0.067,0,0.008,-37.089,0,"あおいぬ",0.024,-17.016,0,"Nibi-chan",-20.849,-46.566,0,"カズティー",-10.824,-56.162,0,"甲斐野柊太",17.972,-42.784,0,"shimenawa",13.917,-64.374,0,"horisen",44.506,-98.093,0,"紅さかな",-1.066,-117.32,0,"Pizzallaris",-42.232,-97.094,0,3844.173,38.789,-113.766,3846.089,6,"horisen",34.499,-116.065,1,0,0,0,0,0,0,2
96,4,1,0,5,0,0,2,0,1,0,255,8,255,48,4181.444,"Kenomo",R,13,107,-0.289,-0.717,0.101,1.628,-36.766,0,0,-201.542,322.587,3.873,0,0,1,7,7,R,"ke ro",169.4,83,0.351,0,90,0,0,0,0,0,0,0,0,0,0,0,0,0,0,0,0,-0.205,-37.333,0,"あおいぬ",-0.152,-17.076,0,"Nibi-chan",-20.14,-45.726,0,"カズティー",-10.43,-58.085,0,"甲斐野柊太",18.177,-43.906,0,"shimenawa",8.513,-63.336,0,"horisen",44.103,-98.259,0,"紅さかな",0.856,-119.059,0,"Pizzallaris",-41.907,-95.955,0,0,0,0,0,0,"",0,0,0,0,0,0,0,0,0,0
97,4,1,0,5,0,1,2,0,1,0,255,8,255,49,4197.403,"Kenomo",R,11,114,-2.162,-2.796,-0.111,1.402,-36.569,4,0,-64.039,158.576,3.861,-0.401,-20.376,1,7,7,R,"ke ro",169.4,83,0.351,0,90,0,0,0,0,0,0,0,0,0,0,0,0,0,0,0,0,-0.087,-37.663,0,"あおいぬ",0.481,-17.275,0,"Nibi-chan",-20.02,-44.206,0,"カズティー",-10.041,-58.254,0,"甲斐野柊太",19.702,-41.181,0,"shimenawa",12.29,-62.175,0,"horisen",45.843,-96.583,0,"紅さかな",0.003,-119.435,0,"Pizzallaris",-41.896,-95.946,0,0,0,0,0,0,"",0,0,0,0,0,0,0,0,0,0
98,4,1,0,5,0,2,2,0,0,1,255,255,8,50,4281.214,"Kenomo",R,0,127,-2.789,-0.871,-0.264,1.397,-36.573,1,0,15.221,-15.202,2.533,0,0,0,7,7,R,"ke ro",169.4,83,0.351,0,90,0,0,0,0,0,0,0,0,0,0,0,0,0,0,0,0,-0.182,-37.544,0,"あおいぬ",-0.277,-17.145,0,"Nibi-chan",-20.496,-45.938,0,"カズティー",-10.622,-58.041,0,"甲斐野柊太",19.098,-43.281,0,"shimenawa",9.966,-64.106,0,"horisen",45.226,-98.439,0,"紅さかな",0.284,-117.907,0,"Pizzallaris",-42.148,-95.653,0,0,0,0,0,0,"",0,0,0,0,0,0,0,0,0,0
99,4,1,0,5,1,2,2,0,0,1,255,255,8,51,4297.802,"Kenomo",R,28,140,-1.527,-0.739,-0.154,1.398,-36.616,1,0,43.598,-96.999,12.027,0,0,0,7,7,R,"ke ro",169.4,83,0.351,0,90,0,0,0,0,0,0,0,0,0,0,0,0,0,0,0,0,0.094,-37.886,0,"あおいぬ",-0.216,-17.231,0,"Nibi-chan",-20.462,-45.978,0,"カズティー",-10.532,-57.895,0,"甲斐野柊太",18.723,-44.696,0,"shimenawa",10.285,-65.188,0,"horisen",45.26,-98.507,0,"紅さかな",0.259,-117.841,0,"Pizzallaris",-41.048,-96.723,0,0,0,0,0,0,"",0,0,0,128,0,0,0,0,0,0
100,4,1,0,5,2,2,2,0,0,1,255,255,8,52,4333.954,"Kenomo",R,27,137,8.451,-0.012,0.071,1.422,-36.615,2,0,61.871,-128.281,3.879,0,0,1,7,7,R,"ke ro",169.4,83,0.351,2,90,4334.993,90,8,77,31,10,141,126,76,5.587,-15.491,-0.53,-0.079,-0.134,0.117,0,-0.218,-36.947,0,"あおいぬ",0.034,-17.085,0,"Nibi-chan",-20.096,-45.91,0,"カズティー",-10.497,-57.859,0,"甲斐野柊太",17.671,-45.994,0,"shimenawa",13.39,-63.864,0,"horisen",45.214,-98.441,0,"紅さかな",0.218,-117.819,0,"Pizzallaris",-41.058,-96.737,0,4336.373,6.803,-42.928,4338.123,2,"アリアル",10.743,-55.864,0,0,0,0,0,0,0,2
101,4,0,0,5,0,0,0,0,0,0,255,255,255,18,4399.241,"Slaris",R,29,140,-0.983,-0.458,-0.145,1.442,-36.338,2,0,-250,-200,27.139,0,0,1,7,6,L,"horisen",172.5,95,0.447,3,59,4400.232,140,15,81,40,26,101,138,124,28.221,-5.145,0.33,-0.039,-0.008,0.164,0,-0.233,-36.526,0,"encounter v",-0.2,-17.003,0,"アリアル",-22.171,-46.564,0,"˗ˋˏ 카피 ˎˊ˗",-15.875,-63.337,0,"_이누_",23.659,-51.476,0,"눈꽃",12.176,-65.144,0,"소솨소솨",40.472,-83.399,0,"ke ro",0.519,-100.835,0,"아침땅_",-34.689,-83.988,0,4406.323,-4.105,-133.239,4407.64,7,"ke ro",-4.925,-131.001,1,0,0,0,0,0,0,2
102,4,0,0,5,0,0,0,0,1,0,255,15,255,19,4436.468,"Slaris",R,29,140,1.931,0.187,0.099,1.705,-36.233,1,0,-250,-200,17.927,0,0,0,8,2,R,"Nibi-chan",169.9,90,0.532,0,59,0,0,0,0,0,0,0,0,0,0,0,0,0,0,0,0,0.027,-37.419,0,"encounter v",0.044,-16.837,0,"アリアル",-22.372,-47.156,0,"˗ˋˏ 카피 ˎˊ˗",-12.61,-62.387,0,"_이누_",17.666,-47.709,0,"눈꽃",6.714,-59.014,0,"소솨소솨",37.337,-83.223,0,"ke ro",1.214,-109.243,0,"아침땅_",-37.061,-81.087,0,0,0,0,0,0,"",0,0,0,0,0,0,0,0,0,0
103,4,0,0,5,1,0,0,0,1,0,255,15,255,20,4450.795,"Slaris",R,29,140,1.308,0.765,0.065,1.708,-36.21,2,0,-250,-200,1.537,0,0,1,8,2,R,"Nibi-chan",169.9,90,0.532,3,59,4451.831,144,10,76,29,17,58,133,101,28.139,28.387,0.91,-0.036,-0.01,0.074,0,-0.367,-36.686,0,"encounter v",0.081,-16.986,0,"アリアル",-22.304,-47.06,0,"˗ˋˏ 카피 ˎˊ˗",-16.682,-62.381,0,"_이누_",17.818,-48.467,0,"눈꽃",7.357,-58.785,0,"소솨소솨",37.332,-83.224,0,"ke ro",-0.489,-109.435,0,"아침땅_",-37.684,-81.324,0,4457.04,-43.765,-94.607,4457.34,8,"아침땅_",-42.252,-92.089,0,0,0,0,0,0,0,1
104,4,0,0,5,0,0,1,0,1,0,255,15,255,21,4488.562,"Slaris",R,12,126,-1.9,-0.578,-0.15,1.672,-36.216,1,0,0,54.778,1.228,0,0,0,0,7,R,"紅さかな",172.5,94.576,0.452,0,59,0,0,0,0,0,0,0,0,0,0,0,0,0,0,0,0,-0.124,-37.412,0,"encounter v",-0.422,-16.78,0,"アリアル",-21.632,-45.501,0,"˗ˋˏ 카피 ˎˊ˗",-17.432,-62.084,0,"_이누_",17.338,-47.894,0,"눈꽃",4.385,-60.738,0,"소솨소솨",37.697,-82.507,0,"ke ro",0.271,-99.513,0,"아침땅_",-37.179,-77.914,0,0,0,0,0,0,"",0,0,0,0,0,0,0,0,0,0
105,4,0,0,5,1,0,1,0,1,0,255,15,255,22,4505.178,"Slaris",R,14,119,-0.857,-2.768,-0.36,1.733,-36.181,1,0,370.957,335.248,12.094,-0.035,-17.381,0,0,7,R,"紅さかな",172.5,94.576,0.452,0,59,0,0,0,0,0,0,0,0,0,0,0,0,0,0,0,0,-0.272,-37.109,0,"encounter v",-0.061,-17.019,0,"アリアル",-21.607,-45.473,0,"˗ˋˏ 카피 ˎˊ˗",-17.424,-62.067,0,"_이누_",19.481,-46.091,0,"눈꽃",4.715,-60.822,0,"소솨소솨",37.709,-82.504,0,"ke ro",0.254,-99.513,0,"아침땅_",-36.777,-78.014,0,0,0,0,0,0,"",0,0,0,0,0,0,0,0,0,0
106,4,0,0,5,2,0,1,0,1,0,255,15,255,23,4521.152,"Slaris",R,14,126,-0.53,-0.777,-0.353,1.516,-36.118,0,0,390.434,312.348,34.28,0,0,0,0,7,R,"紅さかな",172.5,94.576,0.452,0,59,0,0,0,0,0,0,0,0,0,0,0,0,0,0,0,0,-0.157,-37.033,0,"encounter v",-0.212,-16.858,0,"アリアル",-21.648,-46.081,0,"˗ˋˏ 카피 ˎˊ˗",-17.46,-62.117,0,"_이누_",17.886,-47.7,0,"눈꽃",4.93,-60.585,0,"소솨소솨",37.696,-82.495,0,"ke ro",-0.272,-101.429,0,"아침땅_",-36.517,-78.412,0,0,0,0,0,0,"",0,0,0,0,0,0,0,0,0,0
107,4,0,0,5,2,1,1,0,1,0,255,15,255,24,4536.545,"Slaris",R,29,140,2.217,-0.494,0.118,1.666,-36.129,2,0,-250,-200,-9.195,0,0,1,0,7,R,"紅さかな",172.5,94.576,0.452,3,59,4537.528,190,20,142,57,25,146,150,105,14.436,-0.5,0.93,0.016,-0.063,0.151,0,0.035,-36.348,0,"encounter v",0.102,-17.016,0,"アリアル",-21.6,-46.016,0,"˗ˋˏ 카피 ˎˊ˗",-17.422,-62.068,0,"_이누_",17.939,-48.883,0,"눈꽃",10.253,-60.021,0,"소솨소솨",37.702,-82.496,0,"ke ro",-0.138,-101.597,0,"아침땅_",-36.456,-78.445,0,4540.707,-4.408,-90.601,4547.707,7,"ke ro",-13.518,-126.264,1,0,0,0,0,0,0,2
108,4,0,0,6,0,0,1,0,0,1,255,255,16,25,4583.235,"Slaris",R,29,140,-3.32,-0.407,-0.246,1.447,-36.237,4,0,-250,-200,13.388,0.034,-19.337,1,1,5,L,"shimenawa",174.9,94.582,0.2,0,93,0,0,0,0,0,0,0,0,0,0,0,0,0,0,0,0,-0.027,-37.26,0,"encounter v",-0.148,-17.741,0,"アリアル",-21.959,-46.093,0,"˗ˋˏ 카피 ˎˊ˗",-14.195,-64.312,0,"_이누_",19.175,-44.584,0,"눈꽃",12.125,-64.772,0,"소솨소솨",39.036,-82.597,0,"ke ro",0.006,-107.568,0,"아침땅_",-36.555,-81.217,0,0,0,0,0,0,"",0,0,0,0,0,0,0,0,0,0
109,4,0,0,6,0,1,1,0,0,1,255,255,16,26,4604.484,"Slaris",R,29,140,-0.427,0.15,-0.072,1.489,-36.204,2,0,-250,-200,13.751,0,0,1,1,5,L,"shimenawa",174.9,94.582,0.2,3,59,4605.506,102,20,72,52,11,57,134,88,27.317,-8.995,-0.3,-0.041,-0.063,0.069,0,-0.41,-36.28,0,"encounter v",-0.151,-17.158,0,"アリアル",-21.966,-46.04,0,"˗ˋˏ 카피 ˎˊ˗",-14.173,-64.215,0,"_이누_",18.239,-45.405,0,"눈꽃",13.046,-63.797,0,"소솨소솨",39.022,-82.616,0,"ke ro",-0.216,-104.532,0,"아침땅_",-36.506,-80.96,0,4609.84,7.598,-89.41,4609.99,7,"ke ro",7.493,-88.273,0,0,0,0,0,0,0,1
110,4,0,0,6,0,0,2,0,0,1,255,255,16,27,4649.46,"Slaris",R,29,138,2.937,1.056,0.203,1.869,-36.364,4,0,-219.567,-200,-19.597,0,0,1,2,4,R,"甲斐野柊太",190,80,0.2,0,35,0,0,0,0,0,0,0,0,0,0,0,0,0,0,0,0,0.14,-36.9,0,"encounter v",0.071,-17.003,0,"アリアル",-22.11,-46.629,0,"˗ˋˏ 카피 ˎˊ˗",-16.12,-59.273,0,"_이누_",17.786,-48.858,0,"눈꽃",6.684,-62.54,0,"소솨소솨",38.35,-84.224,0,"ke ro",0.494,-101.111,0,"아침땅_",-36.088,-79.742,0,0,0,0,0,0,"",0,0,0,0,0,0,0,0,0,0
111,4,0,0,6,0,1,2,0,0,1,255,255,16,28,4669.609,"Slaris",R,3,110,0.093,0.48,0.289,1.895,-36.488,0,0,-443.007,0,-5.908,0,0,1,2,4,R,"甲斐野柊太",190,80,0.2,0,35,0,0,0,0,0,0,0,0,0,0,0,0,0,0,0,0,-0.103,-37.144,0,"encounter v",0.066,-16.719,0,"アリアル",-22.348,-46.614,0,"˗ˋˏ 카피 ˎˊ˗",-17.44,-61.578,0,"_이누_",17.492,-46.921,0,"눈꽃",7.117,-62.627,0,"소솨소솨",38.868,-83.897,0,"ke ro",-0.067,-101.699,0,"아침땅_",-36.338,-79.487,0,0,0,0,0,0,"",0,0,0,0,0,0,0,0,0,0
112,4,0,0,6,0,2,2,0,0,1,255,255,16,29,4689.622,"Slaris",R,29,140,0.693,1.172,0.029,2.019,-36.412,4,0,-250,-200,-32.786,0,0,1,2,4,R,"甲斐野柊太",190,80,0.2,0,35,0,0,0,0,0,0,0,0,0,0,0,0,0,0,0,0,-0.274,-37.139,0,"encounter v",-0.177,-16.76,0,"アリアル",-22.531,-46.403,0,"˗ˋˏ 카피 ˎˊ˗",-17.458,-61.637,0,"_이누_",18.942,-48.133,0,"눈꽃",3.907,-63.164,0,"소솨소솨",38.866,-83.879,0,"ke ro",0.005,-100.918,0,"아침땅_",-36.612,-79.237,0,0,0,0,0,0,"",0,0,0,0,0,0,0,0,0,0
113,5,1,0,6,0,0,0,0,0,0,255,255,255,53,4742.567,"Kenomo",R,27,140,-0.894,0.158,-0.11,1.535,-36.692,0,0,91.815,-105.073,7.135,0,0,0,8,6,R,"소솨소솨",175.4,80,0.5,0,59,0,0,0,0,0,0,0,0,0,0,0,0,0,0,0,0,0.159,-37.839,0,"あおいぬ",-0.145,-16.908,0,"Nibi-chan",-19.872,-45.617,0,"カズティー",-11.079,-57.591,0,"甲斐野柊太",17.654,-44.781,0,"shimenawa",13.64,-62.984,0,"horisen",45.19,-96.428,0,"紅さかな",0.51,-121.636,0,"Pizzallaris",-40.9,-99.006,0,0,0,0,0,0,"",0,0,0,0,0,0,0,0,0,0
114,5,1,0,6,0,1,0,0,0,0,255,255,255,54,4809.67,"Kenomo",R,26,140,-0.609,-0.021,-0.082,1.493,-36.651,2,0,87.937,-151.959,14.073,0,0,1,8,6,R,"소솨소솨",175.4,80,0.5,2,59,4810.445,255,4,101,15,14,188,139,95,-30,37.948,0,-0.065,-0.133,0.201,0,-0.023,-37.081,0,"あおいぬ",-0.047,-17.051,0,"Nibi-chan",-20.508,-46.676,0,"カズティー",-11.075,-57.784,0,"甲斐野柊太",17.206,-44.141,0,"shimenawa",15.055,-63.473,0,"horisen",45.373,-96.682,0,"紅さかな",0.568,-121.77,0,"Pizzallaris",-41.964,-98.851,0,4810.656,-1.163,-20.367,4812.457,2,"Nibi-chan",-16.577,-46.062,0,0,0,0,0,0,0,2
115,5,1,0,6,0,0,1,0,0,0,255,255,255,55,4836.553,"Kenomo",R,0,118,-1.189,-0.692,-0.077,1.502,-36.654,0,0,0,38.211,1.28,0,0,1,0,5,L,"눈꽃",174.9,80,0.496,0,59,0,0,0,0,0,0,0,0,0,0,0,0,0,0,0,0,-0.13,-37.402,0,"あおいぬ",-0.105,-17.005,0,"Nibi-chan",-20.214,-45.773,0,"カズティー",-10.642,-56.973,0,"甲斐野柊太",17.429,-43.618,0,"shimenawa",10.25,-63.839,0,"horisen",42.819,-94.462,0,"紅さかな",1.052,-121.166,0,"Pizzallaris",-41.119,-96.157,0,0,0,0,0,0,"",0,0,0,0,0,0,0,0,0,0
116,5,1,0,6,0,1,1,0,0,0,255,255,255,56,4851.841,"Kenomo",R,10,103,-1.042,-1.802,-0.101,1.442,-36.648,4,0,0,400,15.984,-0.203,-18.622,1,0,5,L,"눈꽃",174.9,80,0.496,0,59,0,0,0,0,0,0,0,0,0,0,0,0,0,0,0,0,-0.093,-37.422,0,"あおいぬ",-0.02,-16.936,0,"Nibi-chan",-20.141,-45.772,0,"カズティー",-10.63,-56.979,0,"甲斐野柊太",17.447,-43.451,0,"shimenawa",10.217,-63.119,0,"horisen",46.342,-92.683,0,"紅さかな",1.116,-121.194,0,"Pizzallaris",-41.141,-96.158,0,0,0,0,0,0,"",0,0,0,0,0,0,0,0,0,0
117,5,1,0,6,0,2,1,0,0,0,255,255,255,57,4869.158,"Kenomo",R,34,140,0.877,-0.388,0.06,1.453,-36.654,2,0,78.321,-76.42,4.824,0,0,1,0,5,L,"눈꽃",174.9,80,0.496,3,59,4870.162,207,24,96,63,22,98,149,112,-9.363,12.68,0.94,0.063,-0.067,0.017,0,0.099,-37.359,0,"あおいぬ",0.051,-17.1,0,"Nibi-chan",-20.174,-45.798,0,"カズティー",-10.5,-56.768,0,"甲斐野柊太",17.239,-43.18,0,"shimenawa",15.04,-63.87,0,"horisen",46.331,-92.743,0,"紅さかな",1.149,-121.201,0,"Pizzallaris",-41.146,-96.126,0,4870.44,-0.772,-24.918,4871.873,3,"カズティー",-7.448,-54.512,0,0,0,0,0,0,0,2
118,5,1,0,6,0,0,2,0,0,0,255,255,255,58,4894.997,"Kenomo",R,28,133,-0.798,0.262,-0.102,1.558,-36.665,2,0,82.289,-97.695,7.63,0,0,1,1,1,L,"encounter v",190,93,0.497,3,59,4896.025,236,16,147,90,36,200,150,97,19.715,-19.658,-0.48,0.021,-0.113,0.101,0,-0.172,-37.255,0,"あおいぬ",-0.069,-17.097,0,"Nibi-chan",-19.986,-45.602,0,"カズティー",-10.248,-56.944,0,"甲斐野柊太",17.205,-43.951,0,"shimenawa",12.935,-64.739,0,"horisen",46.096,-94.173,0,"紅さかな",0.396,-121.056,0,"Pizzallaris",-41.106,-95.858,0,4899.523,30.085,-82.129,4904.673,6,"horisen",48.501,-102.749,1,0,0,0,0,0,0,2
119,5,1,0,6,0,0,2,0,0,1,255,255,1,59,4960.457,"Kenomo",R,28,133,2.105,0.401,0.17,1.588,-36.669,2,0,86.867,-94.182,3.034,0,0,1,2,0,R,"Slaris",190,86.36,0.452,3,74,4961.372,165,12,110,56,28,154,150,98,-47.244,-55.605,-0.46,-0.044,-0.046,0.163,0,0.084,-37.226,0,"あおいぬ",0.034,-16.92,0,"Nibi-chan",-20.623,-46.566,0,"カズティー",-9.872,-58.071,0,"甲斐野柊太",17.313,-45.228,0,"shimenawa",13.758,-64.552,0,"horisen",43.047,-94.216,0,"紅さかな",0.642,-121.275,0,"Pizzallaris",-40.742,-97.536,0,4961.573,1.874,-21.493,0,0,"",0,0,0,0,0,0,0,0,0,3
120,5,1,0,6,0,1,2,0,0,1,255,255,1,60,4986.133,"Kenomo",R,0,140,1.607,-0.007,0.146,1.529,-36.672,1,0,13.956,-30.21,0.821,0,0,0,2,0,R,"Slaris",190,86.36,0.452,0,74,0,0,0,0,0,0,0,0,0,0,0,0,0,0,0,0,0.094,-37.771,0,"あおいぬ",-0.039,-16.948,0,"Nibi-chan",-20.685,-46.399,0,"カズティー",-9.762,-58.876,0,"甲斐野柊太",19.766,-43.124,0,"shimenawa",12.424,-62.53,0,"horisen",45.432,-95.857,0,"紅さかな",1.011,-119.638,0,"Pizzallaris",-41.503,-99.28,0,0,0,0,0,0,"",0,0,0,0,0,0,0,0,0,0
121,5,1,0,6,1,1,2,0,0,1,255,255,1,61,5002.599,"Kenomo",R,0,124,2.707,1.031,0.259,1.714,-36.706,3,0,24.035,-19.457,1.79,0.888,-20.563,0,2,0,R,"Slaris",190,86.36,0.452,0,74,0,0,0,0,0,0,0,0,0,0,0,0,0,0,0,0,0.202,-37.519,0,"あおいぬ",0.408,-18.088,0,"Nibi-chan",-20.561,-46.445,0,"カズティー",-9.773,-58.698,0,"甲斐野柊太",18.86,-43.57,0,"shimenawa",13.595,-63.341,0,"horisen",45.385,-95.859,0,"紅さかな",0.928,-119.603,0,"Pizzallaris",-41.498,-99.249,0,0,0,0,0,0,"",0,0,0,0,0,0,0,0,0,6
122,5,1,0,6,0,0,2,1,0,1,0,255,1,62,5030.172,"Kenomo",R,10,90,1.102,-1.416,0.073,1.436,-36.404,1,0,111.138,400,17.906,0,0,0,3,2,R,"アリアル",189.5,94.5,0.5,0,59,0,0,0,0,0,0,0,0,0,0,0,0,0,0,0,0,-0.065,-37.579,0,"あおいぬ",-0.03,-17.287,0,"Nibi-chan",-19.835,-44.971,0,"カズティー",-9.354,-58.166,0,"甲斐野柊太",19.063,-43.651,0,"shimenawa",7.84,-64.021,0,"horisen",45.36,-95.812,0,"紅さかな",0.608,-120.174,0,"Pizzallaris",-42.33,-98.757,0,0,0,0,0,0,"",0,0,0,0,0,0,0,0,0,0
123,5,1,0,6,1,0,2,1,0,1,0,255,1,63,5047.248,"Kenomo",R,28,140,-1.517,0.212,-0.165,1.554,-36.664,1,0,81.599,-94.461,7.214,0,0,0,3,2,R,"アリアル",189.5,94.5,0.5,0,59,0,0,0,0,0,0,0,0,0,0,0,0,0,0,0,0,0.054,-37.853,0,"あおいぬ",-0.215,-16.905,0,"Nibi-chan",-19.594,-44.528,0,"カズティー",-9.665,-58.201,0,"甲斐野柊太",19.003,-41.406,0,"shimenawa",10.678,-65.202,0,"horisen",45.373,-95.824,0,"紅さかな",0.699,-119.223,0,"Pizzallaris",-42.32,-98.748,0,0,0,0,0,0,"",0,0,0,0,0,0,0,0,0,0
124,5,1,0,6,2,0,2,1,0,1,0,255,1,64,5062.981,"Kenomo",R,33,129,-0.805,0.437,-0.108,1.597,-36.693,0,0,104.447,-83.495,9.583,0,0,0,3,2,R,"アリアル",189.5,94.5,0.5,0,59,0,0,0,0,0,0,0,0,0,0,0,0,0,0,0,0,0.033,-37.75,0,"あおいぬ",-0.175,-16.944,0,"Nibi-chan",-19.741,-45.654,0,"カズティー",-9.659,-58.21,0,"甲斐野柊太",18.75,-41.803,0,"shimenawa",9.389,-64.898,0,"horisen",45.412,-95.872,0,"紅さかな",0.543,-119.299,0,"Pizzallaris",-42.318,-98.757,0,0,0,0,0,0,"",0,0,0,0,0,0,0,0,0,0
125,5,1,0,6,2,1,2,1,0,1,0,255,1,65,5078.316,"Kenomo",R,10,102,0.923,-1.583,0.166,1.477,-36.669,2,0,0,400,5.394,0,0,1,3,2,R,"アリアル",189.5,94.5,0.5,2,59,5079.197,255,23,168,68,40,255,150,116,-15.041,-34.681,0.07,-0.007,0.017,0.156,0,-0.122,-37.06,0,"あおいぬ",0.043,-17.054,0,"Nibi-chan",-20.224,-45.793,0,"カズティー",-9.655,-58.154,0,"甲斐野柊太",18.072,-44.107,0,"shimenawa",12.999,-64.635,0,"horisen",45.377,-95.834,0,"紅さかな",0.303,-119.302,0,"Pizzallaris",-42.325,-98.765,0,5079.406,1.199,-21.778,5080.673,4,"甲斐野柊太",16.127,-43.385,0,0,0,0,0,0,0,2
126,5,0,0,6,0,0,0,0,0,0,255,255,255,30,5133.159,"Slaris",R,13,112,-2.355,-0.817,-0.039,1.792,-36.319,1,0,-290.598,400,-2.633,0,0,0,3,1,R,"あおいぬ",190,80.495,0.397,0,59,0,0,0,0,0,0,0,0,0,0,0,0,0,0,0,0,-0.422,-37.277,0,"encounter v",-0.37,-16.79,0,"アリアル",-22.302,-46.268,0,"˗ˋˏ 카피 ˎˊ˗",-16.259,-62.997,0,"_이누_",19.26,-49.391,0,"눈꽃",8.593,-64.143,0,"소솨소솨",37.481,-84.626,0,"ke ro",-6.366,-98.936,0,"아침땅_",-39.722,-77.841,0,0,0,0,0,0,"",0,0,0,0,0,0,0,0,0,0
127,5,0,0,6,1,0,0,0,0,0,255,255,255,31,5144.817,"Slaris",R,13,114,-3.469,-0.752,-0.186,1.728,-36.207,4,0,-338.523,367.97,-8.31,0,0,1,3,1,R,"あおいぬ",190,80.495,0.397,0,59,0,0,0,0,0,0,0,0,0,0,0,0,0,0,0,0,-0.208,-37.082,0,"encounter v",-0.489,-16.843,0,"アリアル",-22.313,-46.182,0,"˗ˋˏ 카피 ˎˊ˗",-16.275,-63.019,0,"_이누_",18.214,-49.364,0,"눈꽃",9.088,-63.701,0,"소솨소솨",37.498,-84.631,0,"ke ro",-6.372,-98.933,0,"아침땅_",-39.731,-77.858,0,0,0,0,0,0,"",0,0,0,0,0,0,0,0,0,0
128,5,0,0,6,1,1,0,0,0,0,255,255,255,32,5160.106,"Slaris",R,0,125,-1.479,0.348,-0.095,1.896,-36.249,2,0,-0.389,0,-7.53,0,0,1,3,1,R,"あおいぬ",190,80.495,0.397,3,59,5161.179,103,20,69,79,33,52,138,111,90.101,-89.604,0.88,-0.046,-0.006,0.012,0,-0.507,-37.123,0,"encounter v",-0.445,-17.109,0,"アリアル",-22.252,-46.283,0,"˗ˋˏ 카피 ˎˊ˗",-16.228,-62.895,0,"_이누_",18.779,-49.498,0,"눈꽃",7.062,-64.079,0,"소솨소솨",37.504,-84.625,0,"ke ro",-7.072,-99.296,0,"아침땅_",-39.718,-77.857,0,5168.94,-30.648,-17.876,0,0,"",0,0,0,0,0,0,0,0,0,3
129,5,0,0,6,1,2,0,0,0,0,255,255,255,33,5189.256,"Slaris",R,13,114,-2.846,-0.909,-0.086,1.737,-36.218,4,0,-369.216,337.164,-1.302,0,0,1,3,1,R,"あおいぬ",190,80.495,0.397,0,59,0,0,0,0,0,0,0,0,0,0,0,0,0,0,0,0,-0.041,-36.72,0,"encounter v",-0.689,-17.366,0,"アリアル",-21.706,-44.89,0,"˗ˋˏ 카피 ˎˊ˗",-18.363,-61.362,0,"_이누_",19.233,-51.035,0,"눈꽃",8.538,-64.397,0,"소솨소솨",38.115,-82.89,0,"ke ro",-6.378,-97.415,0,"아침땅_",-42.737,-78.324,0,0,0,0,0,0,"",0,0,0,0,0,0,0,0,0,0
130,5,0,0,6,0,0,1,0,0,0,255,255,255,34,5215.145,"Slaris",R,29,140,2.033,0.667,0.078,1.592,-36.095,2,0,-250,-200,-5.706,0,0,1,4,0,R,"Kenomo",190,80,0.469,3,59,5216.128,173,20,109,61,20,255,150,107,26.802,-8.639,-0.02,-0.018,-0.011,0.141,0,-0.184,-36.461,0,"encounter v",0.186,-16.792,0,"アリアル",-22.201,-46.404,0,"˗ˋˏ 카피 ˎˊ˗",-15.55,-63.225,0,"_이누_",19.275,-50.552,0,"눈꽃",7.285,-65.986,0,"소솨소솨",38.123,-82.549,0,"ke ro",-3.679,-101.367,0,"아침땅_",-38.604,-81.333,0,5221.356,3.629,-113.151,5225.44,7,"ke ro",3.948,-130.661,1,0,0,0,0,0,0,2
131,5,0,0,6,0,0,1,0,1,0,255,9,255,35,5259.094,"Slaris",R,13,111,-0.226,-0.663,0.134,1.739,-36.226,2,0,-383.002,321.418,-31.892,0,0,1,5,3,R,"カズティー",174.9,85,0.329,3,59,5260.102,255,21,81,151,90,232,147,112,-30,-21.663,0.93,-0.047,-0.061,0.061,0,-0.177,-36.197,0,"encounter v",0.087,-16.917,0,"アリアル",-21.897,-46.264,0,"˗ˋˏ 카피 ˎˊ˗",-15.458,-61.883,0,"_이누_",19.788,-50.917,0,"눈꽃",6.729,-61.127,0,"소솨소솨",37.567,-84.304,0,"ke ro",-0.268,-109.559,0,"아침땅_",-38.927,-82.092,0,5260.29,0.405,-21.591,5263.44,6,"소솨소솨",30.752,-73.624,1,16,0,0,0,0,0,2
132,5,0,0,6,0,0,2,1,0,0,12,255,255,36,5301.954,"Slaris",R,29,131,2.055,0.343,0.172,1.857,-36.3,2,0,-240.433,-200,-21.85,0,0,1,6,8,R,"Pizzallaris",166.4,87.976,0.296,3,59,5303.021,219,16,89,65,56,56,145,88,23.416,-13.674,-0.51,-0.029,-0.017,0.045,0.048,-0.34,-36.548,0,"encounter v",0.127,-16.926,0,"アリアル",-20.193,-43.032,0,"˗ˋˏ 카피 ˎˊ˗",-14.309,-61.69,0,"_이누_",18.708,-51.672,0,"눈꽃",4.076,-61.849,0,"소솨소솨",39.15,-84.43,0,"ke ro",-0.22,-106.829,0,"아침땅_",-37.669,-80.838,0,5306.906,24.951,-79.819,5307.273,6,"소솨소솨",24.869,-79.649,1,0,0,0,0,0,0,2
133,5,0,0,6,0,0,2,1,1,0,255,12,255,37,5333.096,"Slaris",R,29,136,0.939,1.091,-0.001,1.657,-36.156,2,0,-250,-200,-20.472,0,0,1,7,6,R,"horisen",172.5,95,0.447,3,59,5334.135,94,10,89,39,21,112,137,92,35.641,30.699,-0.15,0.081,0.098,0.101,0,-0.286,-36.686,0,"encounter v",0.056,-17.016,0,"アリアル",-19.88,-40.791,0,"˗ˋˏ 카피 ˎˊ˗",-14.537,-61.773,0,"_이누_",19.067,-49.525,0,"눈꽃",7.791,-60.876,0,"소솨소솨",39.013,-82.526,0,"ke ro",0.461,-98.492,0,"아침땅_",-36.922,-80.486,0,5339.14,-43.694,-78.254,5339.506,8,"아침땅_",-42.296,-76.471,0,0,0,0,0,0,0,1
134,6,1,0,6,0,0,0,0,0,0,255,255,255,66,5398.602,"Kenomo",R,13,105,0.39,-1.729,0.2,1.414,-36.665,4,0,-193.326,400,2.495,0.016,-18.543,1,4,4,R,"_이누_",190,90.187,0.45,0,59,0,0,0,0,0,0,0,0,0,0,0,0,0,0,0,0,0.025,-37.289,0,"あおいぬ",-0.083,-16.862,0,"Nibi-chan",-20.069,-46.01,0,"カズティー",-10.377,-57.967,0,"甲斐野柊太",17.437,-44.626,0,"shimenawa",12.618,-64.338,0,"horisen",43.784,-95.269,0,"紅さかな",0.945,-118.996,0,"Pizzallaris",-41.147,-92.242,0,0,0,0,0,0,"",0,0,0,0,0,0,0,0,0,0
135,6,1,0,6,0,1,0,0,0,0,255,255,255,67,5414.721,"Kenomo",R,10,105,-1.81,-1.393,-0.18,1.387,-36.651,2,0,-113.824,400,13.782,0,0,1,4,4,R,"_이누_",190,90.187,0.45,3,59,5415.927,218,27,155,87,38,136,150,44,24.297,36.484,0.94,-0.025,-0.092,0.08,0,-0.255,-37.062,0,"あおいぬ",-0.06,-17.061,0,"Nibi-chan",-19.878,-46.072,0,"カズティー",-10.261,-57.865,0,"甲斐野柊太",17.3,-44.589,0,"shimenawa",13.304,-64.005,0,"horisen",43.776,-95.263,0,"紅さかな",0.864,-119.054,0,"Pizzallaris",-41.146,-92.266,0,5417.973,-12.173,-36.549,5418.723,2,"Nibi-chan",-13.848,-38.815,0,0,0,0,0,0,0,2
136,6,1,0,6,0,0,1,0,0,0,255,255,255,68,5437.755,"Kenomo",R,10,109,-1.325,-2.864,-0.184,1.119,-36.643,1,0,0,346.269,14.714,-0.245,-20.389,0,5,3,L,"˗ˋˏ 카피 ˎˊ˗",165.5,87.669,0.554,0,59,0,0,0,0,0,0,0,0,0,0,0,0,0,0,0,0,-0.038,-37.537,0,"あおいぬ",-0.033,-16.98,0,"Nibi-chan",-19.892,-45.065,0,"カズティー",-10.477,-56.893,0,"甲斐野柊太",18.148,-43.602,0,"shimenawa",12.482,-63.754,0,"horisen",46.925,-94.567,0,"紅さかな",1.229,-118.177,0,"Pizzallaris",-41.759,-93.607,0,0,0,0,0,0,"",0,0,0,0,0,0,0,0,0,0
137,6,1,0,6,1,0,1,0,0,0,255,255,255,69,5456.178,"Kenomo",R,34,129,-0.827,0.575,-0.09,1.601,-36.619,2,0,85.604,-82.252,6.627,0,0,1,5,3,L,"˗ˋˏ 카피 ˎˊ˗",165.5,87.669,0.554,3,59,5457.267,183,16,82,34,16,51,139,92,103.871,73.798,-0.05,0.012,-0.045,0.17,0,-0.035,-37.022,0,"あおいぬ",-0.035,-17.048,0,"Nibi-chan",-19.998,-45.971,0,"カズティー",-10.311,-56.755,0,"甲斐野柊太",17.965,-43.905,0,"shimenawa",13.48,-64.206,0,"horisen",46.929,-94.671,0,"紅さかな",1.315,-118.182,0,"Pizzallaris",-41.757,-93.617,0,0,0,0,0,0,"",0,0,0,0,0,0,0,0,0,3
138,6,1,0,6,1,2,1,0,0,0,255,255,255,70,5510.163,"Kenomo",R,13,107,-0.991,-1.959,0.053,1.346,-36.648,2,0,-309.086,386.048,5.366,0,0,1,5,3,L,"˗ˋˏ 카피 ˎˊ˗",165.5,87.669,0.554,3,52,5511.311,246,17,77,74,30,82,143,125,-30,29.771,0.43,0.072,-0.099,0.053,0,-0.254,-37.058,0,"あおいぬ",0.006,-17.108,0,"Nibi-chan",-20.349,-46.069,0,"カズティー",-10.136,-57.022,0,"甲斐野柊太",18.498,-44.29,0,"shimenawa",14.745,-63.232,0,"horisen",47.432,-96.573,0,"紅さかな",1.153,-119.191,0,"Pizzallaris",-42.128,-99.827,0,5511.457,-0.425,-20.64,5514.756,8,"Pizzallaris",-37.245,-83.408,1,0,0,0,0,0,0,2
139,6,1,0,6,0,0,1,1,0,0,3,255,255,71,5545.129,"Kenomo",R,27,136,0.236,-1.616,-0.007,1.273,-36.688,1,0,98.276,-149.21,9.247,0,0,0,6,8,R,"아침땅_",160,95,0.5,0,37,0,0,0,0,0,0,0,0,0,0,0,0,0,0,0,0,0.125,-37.634,0,"あおいぬ",0.068,-17.19,0,"Nibi-chan",-19.131,-43.45,0,"カズティー",-10.86,-55.357,0,"甲斐野柊太",17.28,-44.856,0,"shimenawa",8.526,-63.339,0,"horisen",44.022,-96.673,0,"紅さかな",-0.418,-117.336,0,"Pizzallaris",-43.419,-96.995,0,0,0,0,0,0,"",0,0,0,0,0,0,0,0,0,0
140,6,1,0,6,1,0,1,1,0,0,3,255,255,72,5566.674,"Kenomo",R,34,133,0.392,0.748,0.007,1.621,-36.673,0,0,97.293,-58.752,6.33,0,0,0,6,8,R,"아침땅_",160,95,0.5,0,37,0,0,0,0,0,0,0,0,0,0,0,0,0,0,0,0,0.01,-37.418,0,"あおいぬ",-0.041,-16.973,0,"Nibi-chan",-19.899,-43.043,0,"カズティー",-11.418,-55.844,0,"甲斐野柊太",17.861,-43.378,0,"shimenawa",8.985,-64.448,0,"horisen",43.952,-96.603,0,"紅さかな",-0.23,-116.455,0,"Pizzallaris",-43.431,-96.923,0,0,0,0,0,0,"",0,0,0,0,0,0,0,0,0,0
141,6,1,0,6,1,1,1,1,0,0,3,255,255,73,5587.77,"Kenomo",R,34,128,-1.041,0.277,-0.124,1.55,-36.696,2,0,84.18,-78.167,7.12,0,0,1,6,8,R,"아침땅_",160,95,0.5,2,37,5588.698,185,11,122,50,30,255,150,119,93.774,-85.876,0.57,-0.021,-0.044,0.079,0,-0.3,-37.255,0,"あおいぬ",-0.032,-17.041,0,"Nibi-chan",-19.444,-44.133,0,"カズティー",-11.32,-55.782,0,"甲斐野柊太",16.802,-45.582,0,"shimenawa",12.993,-64.855,0,"horisen",44.016,-96.683,0,"紅さかな",0.02,-117.698,0,"Pizzallaris",-43.238,-96.949,0,0,0,0,0,0,"",0,0,0,0,0,0,0,0,0,3
142,6,1,0,6,1,2,1,1,0,0,3,255,255,74,5613.694,"Kenomo",R,28,136,0.909,-0.068,0.066,1.501,-36.574,0,0,63.338,-94.245,3.578,0,0,0,6,8,R,"아침땅_",160,95,0.5,0,37,0,0,0,0,0,0,0,0,0,0,0,0,0,0,0,0,0.057,-37.779,0,"あおいぬ",-0.07,-16.923,0,"Nibi-chan",-20.25,-43.202,0,"カズティー",-11.329,-55.784,0,"甲斐野柊太",17.929,-43.985,0,"shimenawa",9.273,-63.879,0,"horisen",44.256,-96.815,0,"紅さかな",0.052,-119.054,0,"Pizzallaris",-44.203,-94.68,0,0,0,0,0,0,"",0,0,0,0,0,0,0,0,0,0
143,6,1,0,6,0,0,2,1,0,0,3,255,255,75,5667.574,"Kenomo",R,10,115,0.325,-1.66,0.046,1.313,-36.591,2,0,0,293.175,9.036,0,0,1,7,7,R,"ke ro",169.4,83,0.351,2,59,5668.636,154,15,155,100,48,255,150,126,-30,-23.904,0.39,-0.067,-0.111,0.044,0,-0.053,-36.899,0,"あおいぬ",0.03,-17.111,0,"Nibi-chan",-19.602,-45.069,0,"カズティー",-11.299,-55.767,0,"甲斐野柊太",17.68,-44.235,0,"shimenawa",13.431,-63.647,0,"horisen",44.305,-96.908,0,"紅さかな",0.224,-119.165,0,"Pizzallaris",-41.998,-94.052,0,5668.79,0.338,-21.198,5670.273,4,"甲斐野柊太",14.293,-43.874,0,0,0,0,0,0,0,2
144,6,0,0,6,0,0,0,0,0,0,255,255,255,38,5821.329,"Slaris",R,26,140,0.153,0.85,-0.092,1.583,-36.098,0,0,-129.091,-200,-4.609,0,0,0,8,2,R,"Nibi-chan",169.9,90,0.532,0,59,0,0,0,0,0,0,0,0,0,0,0,0,0,0,0,0,-0.299,-36.53,0,"encounter v",-0.097,-16.952,0,"アリアル",-21.453,-45.847,0,"˗ˋˏ 카피 ˎˊ˗",-16.166,-63.172,0,"_이누_",18.737,-49.782,0,"눈꽃",7.996,-62.24,0,"소솨소솨",39.469,-85.274,0,"ke ro",-0.209,-104.704,0,"아침땅_",-38.117,-80.511,0,0,0,0,0,0,"",0,0,0,0,0,0,0,0,0,0
145,6,0,0,6,0,1,0,0,0,0,255,255,255,39,5837.907,"Slaris",R,13,107,-2.256,0.012,0.005,1.863,-36.536,4,0,-379.786,312.348,-11.82,0,0,1,8,2,R,"Nibi-chan",169.9,90,0.532,0,59,0,0,0,0,0,0,0,0,0,0,0,0,0,0,0,0,-0.235,-37.226,0,"encounter v",-0.551,-17.307,0,"アリアル",-21.42,-45.802,0,"˗ˋˏ 카피 ˎˊ˗",-16.364,-62.944,0,"_이누_",17.938,-50.702,0,"눈꽃",6.385,-62.058,0,"소솨소솨",39.46,-85.285,0,"ke ro",-0.053,-104.659,0,"아침땅_",-38.559,-80.024,0,0,0,0,0,0,"",0,0,0,0,0,0,0,0,0,0
146,6,0,0,6,0,2,0,0,0,0,255,255,255,40,5855.893,"Slaris",R,0,0,0,0,0,0,0,0,0,0,0,0,0,0,1,8,2,R,"Nibi-chan",169.9,90,0.532,0,59,0,0,0,0,0,0,0,0,0,0,0,0,0,0,0,0,0,0,0,"",0,0,0,"",0,0,0,"",0,0,0,"",0,0,0,"",0,0,0,"",0,0,0,"",0,0,0,"",0,0,0,0,0,0,0,0,"",0,0,0,0,0,0,0,0,0,0
147,6,0,0,6,0,0,1,0,0,0,255,255,255,41,5885.198,"Slaris",R,29,140,-1.16,0.388,-0.178,1.653,-36.211,0,0,-250,-200,17.258,0,0,0,0,7,R,"紅さかな",172.5,94.576,0.452,0,59,0,0,0,0,0,0,0,0,0,0,0,0,0,0,0,0,-0.212,-36.96,0,"encounter v",-0.241,-16.886,0,"アリアル",-22.04,-46.539,0,"˗ˋˏ 카피 ˎˊ˗",-16.731,-62.668,0,"_이누_",19.383,-51.347,0,"눈꽃",9.507,-66.047,0,"소솨소솨",40.171,-84.818,0,"ke ro",-0.688,-107.521,0,"아침땅_",-38.578,-80.011,0,0,0,0,0,0,"",0,0,0,0,0,0,0,0,0,0
148,6,0,0,6,0,1,1,0,0,0,255,255,255,42,5902.697,"Slaris",R,3,114,-3.149,0.557,-0.156,1.813,-36.233,4,0,-465.299,138.896,-5.361,0,0,1,0,7,R,"紅さかな",172.5,94.576,0.452,0,59,0,0,0,0,0,0,0,0,0,0,0,0,0,0,0,0,-0.207,-36.825,0,"encounter v",-0.688,-16.928,0,"アリアル",-22.297,-46.442,0,"˗ˋˏ 카피 ˎˊ˗",-16.748,-62.636,0,"_이누_",19.424,-51.383,0,"눈꽃",11.471,-65.352,0,"소솨소솨",40.159,-84.805,0,"ke ro",-0.322,-107.311,0,"아침땅_",-38.588,-80.021,0,0,0,0,0,0,"",0,0,0,0,0,0,0,0,0,0
149,6,0,0,6,0,2,1,0,0,0,255,255,255,43,5922.524,"Slaris",R,13,117,-2.514,-0.691,-0.207,1.605,-36.112,1,0,-390.434,312.348,-9.116,0,0,0,0,7,R,"紅さかな",172.5,94.576,0.452,0,59,0,0,0,0,0,0,0,0,0,0,0,0,0,0,0,0,-0.456,-37.009,0,"encounter v",-0.633,-16.985,0,"アリアル",-23.051,-47.224,0,"˗ˋˏ 카피 ˎˊ˗",-16.771,-62.67,0,"_이누_",19.088,-51.337,0,"눈꽃",8.915,-65.268,0,"소솨소솨",40.172,-84.824,0,"ke ro",-0.324,-107.333,0,"아침땅_",-38.565,-80.012,0,0,0,0,0,0,"",0,0,0,0,0,0,0,0,0,0
150,6,0,0,6,1,2,1,0,0,0,255,255,255,44,5938.105,"Slaris",R,13,114,-2.228,-0.602,-0.142,1.722,-36.17,4,0,-391.574,310.918,-26.394,0,0,1,0,7,R,"紅さかな",172.5,94.576,0.452,0,59,0,0,0,0,0,0,0,0,0,0,0,0,0,0,0,0,-0.375,-37.309,0,"encounter v",-0.468,-16.868,0,"アリアル",-22.124,-46.192,0,"˗ˋˏ 카피 ˎˊ˗",-16.756,-62.674,0,"_이누_",19.347,-51.152,0,"눈꽃",10.058,-65.352,0,"소솨소솨",40.16,-84.827,0,"ke ro",-0.373,-107.314,0,"아침땅_",-38.652,-79.863,0,0,0,0,0,0,"",0,0,0,0,0,0,0,0,0,0
151,6,0,0,6,0,0,2,0,0,0,255,255,255,45,5964.924,"Slaris",R,29,140,-1.216,1.58,-0.178,1.889,-36.319,2,0,-250,-200,-19.342,0,0,1,1,5,L,"shimenawa",174.9,94.582,0.2,3,59,5965.972,134,15,61,22,7,64,105,69,99.003,63.362,-0.27,-0.078,-0.023,0,0,-0.551,-36.762,0,"encounter v",-0.254,-16.956,0,"アリアル",-22.756,-47.36,0,"˗ˋˏ 카피 ˎˊ˗",-16.703,-62.559,0,"_이누_",20.383,-49.137,0,"눈꽃",13.059,-64.947,0,"소솨소솨",40.608,-85.506,0,"ke ro",0.352,-107.857,0,"아침땅_",-37.929,-80.675,0,5971.457,21.293,-6.022,0,0,"",0,0,0,0,0,0,0,0,0,3
152,6,0,0,6,0,1,2,0,0,0,255,255,255,46,5989.316,"Slaris",R,14,126,2.407,-1.477,-0.137,1.386,-36.034,4,0,390.434,312.348,43.715,0.714,-17.625,1,1,5,L,"shimenawa",174.9,94.582,0.2,0,93,0,0,0,0,0,0,0,0,0,0,0,0,0,0,0,0,-0.137,-37.522,0,"encounter v",0.141,-16.913,0,"アリアル",-22.046,-45.707,0,"˗ˋˏ 카피 ˎˊ˗",-16.105,-63.029,0,"_이누_",19.732,-47.973,0,"눈꽃",12.237,-65.167,0,"소솨소솨",40.858,-84.45,0,"ke ro",-0.171,-105.538,0,"아침땅_",-37.457,-82.277,0,0,0,0,0,0,"",0,0,0,0,0,0,0,0,0,0
153,6,0,0,6,0,2,2,0,0,0,255,255,255,47,6006.947,"Slaris",R,6,126,1.834,-0.745,-0.055,1.577,-35.947,2,0,453.28,211.04,8.666,0,0,1,1,5,L,"shimenawa",174.9,94.582,0.2,3,93,6008.004,142,13,65,67,28,105,138,111,-11.271,-21.63,0.94,-0.047,-0.083,0,0,-0.382,-36.136,0,"encounter v",0.295,-17.108,0,"アリアル",-22.228,-46.61,0,"˗ˋˏ 카피 ˎˊ˗",-16.055,-63.518,0,"_이누_",21.653,-49.807,0,"눈꽃",13.817,-63.74,0,"소솨소솨",40.881,-84.479,0,"ke ro",-0.102,-105.511,0,"아침땅_",-37.85,-81.317,0,6008.19,1.528,-22.522,6010.057,5,"눈꽃",16.717,-59.425,0,0,0,0,0,0,0,2
154,7,1,0,6,0,0,0,0,0,0,255,255,255,76,6067.039,"Kenomo",R,0,101,1.124,-0.997,0.15,1.295,-36.422,0,0,11.87,0,16.316,0,0,0,8,6,R,"소솨소솨",175.4,80,0.5,0,59,0,0,0,0,0,0,0,0,0,0,0,0,0,0,0,0,-0.007,-37.671,0,"あおいぬ",-0.054,-16.834,0,"Nibi-chan",-20.381,-46.456,0,"カズティー",-11.055,-58.106,0,"甲斐野柊太",18.283,-45.088,0,"shimenawa",12.108,-64.211,0,"horisen",43.009,-92.804,0,"紅さかな",-0.362,-119.948,0,"Pizzallaris",-40.998,-96.402,0,0,0,0,0,0,"",0,0,0,0,0,0,0,0,0,0
155,7,1,0,6,0,1,0,0,0,0,255,255,255,77,6083.842,"Kenomo",R,10,104,0.369,-2.323,0.057,1.226,-36.55,1,0,-7.288,400,4.702,0.068,-19.583,0,8,6,R,"소솨소솨",175.4,80,0.5,0,59,0,0,0,0,0,0,0,0,0,0,0,0,0,0,0,0,0.061,-37.496,0,"あおいぬ",-0.057,-16.863,0,"Nibi-chan",-20.446,-46.486,0,"カズティー",-11.04,-58.081,0,"甲斐野柊太",18.043,-45.161,0,"shimenawa",10.31,-64.45,0,"horisen",43.039,-92.838,0,"紅さかな",-0.589,-119.9,0,"Pizzallaris",-41.054,-96.382,0,0,0,0,0,0,"",0,0,0,0,0,0,0,0,0,0
156,7,1,0,6,1,1,0,0,0,0,255,255,255,78,6099.513,"Kenomo",R,27,137,1.029,1.015,0.058,1.669,-36.665,2,0,127.342,-128.636,7.43,0,0,1,8,6,R,"소솨소솨",175.4,80,0.5,2,59,6100.242,208,8,71,0,0,193,94,64,-40.369,38.785,-0.28,-0.028,-0.096,0.108,0,-0.268,-36.968,0,"あおいぬ",0.031,-16.953,0,"Nibi-chan",-20.331,-46.5,0,"カズティー",-10.906,-57.899,0,"甲斐野柊太",18.044,-45.278,0,"shimenawa",14.43,-64.103,0,"horisen",43.082,-92.916,0,"紅さかな",-0.672,-119.905,0,"Pizzallaris",-41.085,-96.368,0,6100.523,-0.853,-20.548,6103.14,2,"Nibi-chan",-17.619,-41.353,0,0,0,0,0,0,0,2
157,7,1,0,6,0,0,1,0,0,0,255,255,255,79,6125.109,"Kenomo",R,27,139,0.564,-1.575,0.026,1.253,-36.529,4,0,95.052,-100.158,1.527,0,0,1,0,5,L,"눈꽃",174.9,80,0.496,0,59,0,0,0,0,0,0,0,0,0,0,0,0,0,0,0,0,-0.046,-37.628,0,"あおいぬ",0.005,-16.949,0,"Nibi-chan",-20.45,-46.381,0,"カズティー",-11.337,-55.706,0,"甲斐野柊太",18.212,-43.631,0,"shimenawa",12.701,-64.293,0,"horisen",45.56,-93.982,0,"紅さかな",0.697,-122.531,0,"Pizzallaris",-40.751,-96.566,0,0,0,0,0,0,"",0,0,0,0,0,0,0,0,0,0
158,7,1,0,6,0,1,1,0,0,0,255,255,255,80,6143.108,"Kenomo",R,26,140,1.796,-0.448,0.148,1.418,-36.545,2,0,70.37,-171.86,4.708,0,0,1,0,5,L,"눈꽃",174.9,80,0.496,3,59,6144.187,255,26,114,69,22,113,150,127,102.939,73.464,0.51,0.056,-0.047,0.058,0,-0.105,-36.91,0,"あおいぬ",0.012,-17.029,0,"Nibi-chan",-20.218,-46.392,0,"カズティー",-11.278,-55.636,0,"甲斐野柊太",17.856,-43.605,0,"shimenawa",13.527,-64.531,0,"horisen",45.587,-94.136,0,"紅さかな",0.734,-122.564,0,"Pizzallaris",-40.491,-96.669,0,0,0,0,0,0,"",0,0,0,0,0,0,0,0,0,3
159,7,1,0,6,0,2,1,0,0,0,255,255,255,81,6161.898,"Kenomo",R,26,139,0.259,0.945,0.004,1.652,-36.628,2,0,70.996,-150.534,10.416,0,0,1,0,5,L,"눈꽃",174.9,80,0.496,3,90,6162.987,159,16,63,46,10,12,134,92,-1.694,-32.536,-0.1,-0.003,0.012,0.048,0,-0.142,-37.057,0,"あおいぬ",0.002,-17.081,0,"Nibi-chan",-20.649,-46.668,0,"カズティー",-11.278,-55.619,0,"甲斐野柊太",20.014,-47.06,0,"shimenawa",13.67,-64.875,0,"horisen",46.272,-94.119,0,"紅さかな",0.522,-121.461,0,"Pizzallaris",-41.109,-95.412,0,6163.74,9.57,-32.958,6164.807,4,"甲斐野柊太",17.163,-44.053,0,1,0,0,0,0,0,2
160,7,1,0,6,0,0,2,0,0,0,255,255,255,82,6189.698,"Kenomo",R,0,117,-1.111,-0.961,-0.154,1.254,-36.477,2,0,0,0,-0.207,0,0,1,1,1,L,"encounter v",190,93,0.497,3,59,6190.781,142,28,106,113,62,144,150,130,-25.524,-34.414,0.43,0.033,-0.095,0.036,0,-0.155,-36.922,0,"あおいぬ",-0.027,-17.068,0,"Nibi-chan",-20.43,-46.442,0,"カズティー",-11.632,-56.078,0,"甲斐野柊太",18.568,-45.412,0,"shimenawa",14.109,-63.714,0,"horisen",47.301,-96.511,0,"紅さかな",0.468,-122.994,0,"Pizzallaris",-41.03,-95.643,0,6190.99,0.612,-21.365,6192.573,7,"紅さかな",17.544,-46.331,0,2,0,0,0,0,0,2
161,7,0,0,6,0,0,0,0,0,0,255,255,255,48,6249.539,"Slaris",R,29,140,2.847,0.126,0.161,1.597,-36.118,2,0,-250,-200,8.404,0,0,0,2,4,R,"甲斐野柊太",190,80,0.2,3,35,6250.619,85,18,33,60,31,38,59,59,31.032,8.408,-0.51,0.055,0.007,0,0,0.043,-36.286,0,"encounter v",0.123,-17.008,0,"アリアル",-22.208,-46.291,0,"˗ˋˏ 카피 ˎˊ˗",-15.475,-60.555,0,"_이누_",16.276,-46.849,0,"눈꽃",12.687,-64.82,0,"소솨소솨",38.623,-86.75,0,"ke ro",-0.845,-102.174,0,"아침땅_",-38.298,-81.609,0,0,0,0,6254.74,3,"˗ˋˏ 카피 ˎˊ˗",-5.298,-58.034,0,0,0,0,0,0,0,1
162,7,0,0,6,0,0,1,0,0,0,255,255,255,49,6281.26,"Slaris",R,29,140,1.2,-0.137,0.048,1.794,-36.287,2,0,-250,-200,-10.874,0,0,1,3,1,R,"あおいぬ",190,80.495,0.397,3,59,6282.273,183,11,71,80,38,68,140,97,22.542,-23.368,-0.35,-0.035,0,0.016,0,-0.144,-36.509,0,"encounter v",0.066,-16.911,0,"アリアル",-22.103,-46.072,0,"˗ˋˏ 카피 ˎˊ˗",-17.251,-62.07,0,"_이누_",19.449,-49.967,0,"눈꽃",7.284,-65.295,0,"소솨소솨",40.019,-87.519,0,"ke ro",-5.418,-103.155,0,"아침땅_",-39.629,-80.043,0,6286.24,18.856,-92.357,6291.173,7,"ke ro",23.623,-129.982,1,0,0,0,0,0,0,2
163,7,0,0,6,0,0,1,0,1,0,255,10,255,50,6324.92,"Slaris",R,14,126,1.447,-0.95,-0.175,1.511,-36.085,2,0,390.434,312.348,18.957,0,0,1,4,0,R,"Kenomo",190,80,0.469,3,59,6325.968,137,21,94,72,28,134,143,106,-7.674,0.059,-0.02,-0.018,-0.079,0.073,0.048,-0.427,-36.949,0,"encounter v",0.096,-16.911,0,"アリアル",-22.136,-46.185,0,"˗ˋˏ 카피 ˎˊ˗",-16.344,-62.145,0,"_이누_",18.759,-50.153,0,"눈꽃",6.403,-60.96,0,"소솨소솨",40.664,-86.556,0,"ke ro",-0.423,-113.236,0,"아침땅_",-39.326,-83.022,0,6326.24,0.255,-24.602,6328.023,5,"눈꽃",0.511,-58.274,1,0,0,0,0,0,0,2
164,7,0,0,6,0,0,1,0,1,1,255,255,10,51,6386.457,"Slaris",R,13,114,-3.348,-1.042,-0.116,1.751,-36.203,4,0,-374.912,330.818,-8.124,-0.876,-16.94,1,5,3,R,"カズティー",174.9,85,0.329,0,59,0,0,0,0,0,0,0,0,0,0,0,0,0,0,0,0,0.061,-37.083,0,"encounter v",-0.499,-17.222,0,"アリアル",-22.001,-46.664,0,"˗ˋˏ 카피 ˎˊ˗",-15.545,-61.749,0,"_이누_",17.522,-42.877,0,"눈꽃",5.417,-60.593,0,"소솨소솨",38.235,-83.12,0,"ke ro",-0.073,-112.442,0,"아침땅_",-38.173,-81.047,0,0,0,0,0,0,"",0,0,0,0,0,0,0,0,0,0
165,7,0,0,6,0,1,1,0,1,1,255,255,10,52,6403.024,"Slaris",R,13,112,-1.422,-0.534,-0.053,1.706,-36.274,2,0,-390.434,312.348,-32.514,0,0,1,5,3,R,"カズティー",174.9,85,0.329,3,59,6404.046,165,23,98,151,81,41,150,112,-30,3.687,0.94,-0.055,-0.038,0.025,0,-0.166,-36.33,0,"encounter v",-0.558,-16.975,0,"アリアル",-22.018,-46.691,0,"˗ˋˏ 카피 ˎˊ˗",-15.516,-61.683,0,"_이누_",16.036,-45.964,0,"눈꽃",6.313,-61.037,0,"소솨소솨",38.262,-83.125,0,"ke ro",0.24,-112.524,0,"아침땅_",-37.737,-80.318,0,6404.24,-0.383,-21.058,6406.156,5,"눈꽃",-2.849,-59.764,1,8,0,0,0,0,0,2
166,7,0,0,6,0,0,2,1,0,1,12,255,9,53,6437.1,"Slaris",R,13,112,-2.567,-1.883,-0.182,1.675,-36.242,1,0,-292.58,400,-10.326,-0.553,-18.767,0,6,8,R,"Pizzallaris",166.4,87.976,0.296,0,59,0,0,0,0,0,0,0,0,0,0,0,0,0,0,0,0,0.009,-37.661,0,"encounter v",-0.496,-17.181,0,"アリアル",-22.285,-44.927,0,"˗ˋˏ 카피 ˎˊ˗",-15.118,-62.835,0,"_이누_",17.084,-45.253,0,"눈꽃",7.524,-63.475,0,"소솨소솨",39.815,-84.705,0,"ke ro",-0.306,-105.804,0,"아침땅_",-38.725,-83.331,0,0,0,0,0,0,"",0,0,0,0,0,0,0,0,0,0
167,7,0,0,6,1,0,2,1,0,1,12,255,9,54,6454.983,"Slaris",R,13,111,-3.002,-0.696,-0.199,1.671,-36.214,2,0,-390.434,312.348,-38.514,0,0,1,6,8,R,"Pizzallaris",166.4,87.976,0.296,3,59,6456.122,104,29,43,110,63,95,100,69,-30,10.857,0.95,-0.066,-0.02,0,0.095,-0.366,-36.45,0,"encounter v",-0.554,-17.049,0,"アリアル",-22.089,-45.687,0,"˗ˋˏ 카피 ˎˊ˗",-16.513,-62.677,0,"_이누_",17.27,-47.561,0,"눈꽃",8.077,-62.399,0,"소솨소솨",39.716,-84.784,0,"ke ro",-0.208,-103.527,0,"아침땅_",-38.052,-82.519,0,6456.273,-0.77,-21.147,6457.64,0,"Slaris",-3.637,-36.239,0,64,0,0,0,0,0,2
168,8,1,0,6,0,0,0,0,0,0,255,255,255,83,6513.694,"Kenomo",R,27,140,-1.187,-1.413,-0.134,1.238,-36.636,1,0,84.157,-103.207,6.438,0,0,0,2,0,R,"Slaris",190,86.36,0.452,0,59,0,0,0,0,0,0,0,0,0,0,0,0,0,0,0,0,-0.088,-37.251,0,"あおいぬ",-0.077,-16.891,0,"Nibi-chan",-20.188,-45.801,0,"カズティー",-10.378,-57.554,0,"甲斐野柊太",19.613,-46.518,0,"shimenawa",15.289,-63.176,0,"horisen",44.546,-97.595,0,"紅さかな",1.682,-120.411,0,"Pizzallaris",-40.391,-94.234,0,0,0,0,0,0,"",0,0,0,0,0,0,0,0,0,0
169,8,1,0,6,1,0,0,0,0,0,255,255,255,84,6530.9,"Kenomo",R,28,135,-1.906,-0.211,-0.199,1.471,-36.65,1,0,71.554,-94.784,9.444,0,0,0,2,0,R,"Slaris",190,86.36,0.452,0,59,0,0,0,0,0,0,0,0,0,0,0,0,0,0,0,0,-0.027,-37.424,0,"あおいぬ",-0.13,-16.942,0,"Nibi-chan",-20.118,-45.813,0,"カズティー",-10.276,-57.454,0,"甲斐野柊太",19.49,-46.661,0,"shimenawa",12.639,-63.791,0,"horisen",44.548,-97.622,0,"紅さかな",1.749,-120.501,0,"Pizzallaris",-40.396,-94.245,0,0,0,0,0,0,"",0,0,0,0,0,0,0,0,0,0
170,8,1,0,6,2,0,0,0,0,0,255,255,255,85,6545.232,"Kenomo",R,27,127,-1.597,-0.168,-0.177,1.464,-36.617,2,0,90.119,-134.102,12.372,0,0,1,2,0,R,"Slaris",190,86.36,0.452,3,59,6546.171,172,10,125,45,47,209,150,130,4.225,6.257,0.36,-0.047,-0.07,0.112,0,-0.37,-37.14,0,"あおいぬ",-0.071,-17.082,0,"Nibi-chan",-20.111,-45.874,0,"カズティー",-10.315,-57.419,0,"甲斐野柊太",19.658,-46.753,0,"shimenawa",15.664,-63.01,0,"horisen",44.571,-97.641,0,"紅さかな",1.324,-120.1,0,"Pizzallaris",-40.392,-94.241,0,6547.606,-4.728,-63.36,6550.073,7,"紅さかな",-9.598,-113.394,1,0,0,0,0,0,0,2
171,8,1,0,6,0,0,0,1,0,0,0,255,255,86,6576.77,"Kenomo",R,27,139,-0.236,-1.573,-0.041,1.2,-36.59,1,0,68.47,-131.813,5.087,0,0,0,3,2,R,"アリアル",189.5,94.5,0.5,0,59,0,0,0,0,0,0,0,0,0,0,0,0,0,0,0,0,0.059,-37.438,0,"あおいぬ",0.193,-17.3,0,"Nibi-chan",-19.348,-43.632,0,"カズティー",-11.921,-56.741,0,"甲斐野柊太",17.491,-44.727,0,"shimenawa",8.6,-63.338,0,"horisen",44.261,-97.509,0,"紅さかな",0.854,-120.683,0,"Pizzallaris",-40.853,-95.228,0,0,0,0,0,0,"",0,0,0,0,0,0,0,0,0,0
172,8,1,0,6,1,0,0,1,0,0,0,255,255,87,6593.213,"Kenomo",R,28,140,0.644,-0.809,0.042,1.358,-36.575,0,0,63.866,-94.427,2.213,0,0,0,3,2,R,"アリアル",189.5,94.5,0.5,0,59,0,0,0,0,0,0,0,0,0,0,0,0,0,0,0,0,0.25,-37.535,0,"あおいぬ",0.042,-17.269,0,"Nibi-chan",-19.96,-44.334,0,"カズティー",-11.851,-56.649,0,"甲斐野柊太",18.279,-44.447,0,"shimenawa",9.346,-63.96,0,"horisen",44.229,-97.443,0,"紅さかな",0.39,-120.704,0,"Pizzallaris",-40.996,-96.443,0,0,0,0,0,0,"",0,0,0,0,0,0,0,0,0,0
173,8,1,0,6,1,1,0,1,0,0,0,255,255,88,6638.58,"Kenomo",R,28,140,-0.434,-1.546,-0.06,1.217,-36.594,2,0,69.696,-91.454,2.345,0,0,1,3,2,R,"アリアル",189.5,94.5,0.5,2,59,6639.343,255,12,124,39,19,255,150,108,-30,17.98,0.05,-0.052,-0.068,0.287,0,-0.194,-37.048,0,"あおいぬ",0.01,-16.979,0,"Nibi-chan",-19.823,-43.938,0,"カズティー",-11.446,-56.804,0,"甲斐野柊太",18.514,-45.266,0,"shimenawa",12.908,-64.522,0,"horisen",45.201,-96.99,0,"紅さかな",0.755,-120.714,0,"Pizzallaris",-41.189,-97.092,0,6639.473,-0.149,-18.793,6641.74,3,"カズティー",-5.397,-53.126,1,0,0,0,0,0,0,2
174,8,1,0,6,0,0,1,1,0,0,255,255,255,89,6673.946,"Kenomo",R,28,136,0.142,-1.053,-0.01,1.312,-36.59,1,0,80.394,-81.476,3.284,0,0,0,4,4,R,"_이누_",190,90.187,0.45,0,59,0,0,0,0,0,0,0,0,0,0,0,0,0,0,0,0,0.124,-37.433,0,"あおいぬ",-0.008,-16.938,0,"Nibi-chan",-20.247,-42.769,0,"カズティー",-11.484,-57.257,0,"甲斐野柊太",18.236,-44.148,0,"shimenawa",8.723,-63.373,0,"horisen",43.996,-96.042,0,"紅さかな",0.907,-119.969,0,"Pizzallaris",-47.335,-103.782,0,0,0,0,0,0,"",0,0,0,0,0,0,0,0,0,0
175,8,1,0,6,1,0,1,1,0,0,255,255,255,90,6691.677,"Kenomo",R,27,140,-0.413,0.436,-0.048,1.591,-36.606,0,0,35.294,-118.285,5.585,0,0,1,4,4,R,"_이누_",190,90.187,0.45,0,59,0,0,0,0,0,0,0,0,0,0,0,0,0,0,0,0,0.161,-37.691,0,"あおいぬ",-0.097,-16.955,0,"Nibi-chan",-19.892,-42.815,0,"カズティー",-11.457,-57.199,0,"甲斐野柊太",18.751,-46.081,0,"shimenawa",9.544,-64.688,0,"horisen",43.933,-95.981,0,"紅さかな",1.501,-120.599,0,"Pizzallaris",-44.794,-99.097,0,0,0,0,0,0,"",0,0,0,0,0,0,0,0,0,0
176,8,1,0,6,1,1,1,1,0,0,255,255,255,91,6711.486,"Kenomo",R,26,140,0.166,-1.078,-0.032,1.278,-36.518,1,0,168.748,-200,-0.102,0,0,0,4,4,R,"_이누_",190,90.187,0.45,0,59,0,0,0,0,0,0,0,0,0,0,0,0,0,0,0,0,-0.045,-37.444,0,"あおいぬ",-0.036,-16.912,0,"Nibi-chan",-19.877,-43.427,0,"カズティー",-11.498,-57.299,0,"甲斐野柊太",19.47,-45.329,0,"shimenawa",5.11,-60.879,0,"horisen",43.779,-95.962,0,"紅さかな",0.046,-120.274,0,"Pizzallaris",-44.772,-99.061,0,0,0,0,0,0,"",0,0,0,0,0,0,0,0,0,0
177,8,1,0,6,2,1,1,1,0,0,255,255,255,92,6730.608,"Kenomo",R,34,129,3.615,0.896,0.299,1.706,-36.701,4,0,59.064,-39.833,1.891,0.096,-20.722,1,4,4,R,"_이누_",190,90.187,0.45,0,59,0,0,0,0,0,0,0,0,0,0,0,0,0,0,0,0,-0.12,-37.581,0,"あおいぬ",0.008,-20.03,0,"Nibi-chan",-19.648,-44.95,0,"カズティー",-11.378,-57.154,0,"甲斐野柊太",18.639,-44.463,0,"shimenawa",3.223,-59.787,0,"horisen",44.429,-95.51,0,"紅さかな",-0.273,-120.301,0,"Pizzallaris",-44.908,-98.302,0,0,0,0,0,0,"",0,0,0,0,0,0,0,0,0,0
178,8,1,0,6,2,2,1,1,0,0,255,255,255,93,6754.546,"Kenomo",R,10,112,0.634,-1.347,0.094,1.308,-36.59,2,0,0,345.013,1.394,0,0,1,4,4,R,"_이누_",190,90.187,0.45,3,59,6755.687,231,18,157,85,26,255,150,108,-30,-6.027,0.95,-0.017,-0.109,0.082,0,0.007,-37.167,0,"あおいぬ",0.001,-17.077,0,"Nibi-chan",-20.202,-44.964,0,"カズティー",-10.984,-56.903,0,"甲斐野柊太",18.291,-44.907,0,"shimenawa",10.912,-63.539,0,"horisen",44.424,-95.506,0,"紅さかな",-0.113,-120.105,0,"Pizzallaris",-45.05,-99.608,0,6755.84,0.179,-20.203,6757.74,5,"shimenawa",4.081,-57.159,0,0,0,0,0,0,0,2
179,8,0,0,6,0,0,0,0,0,0,255,255,255,55,6810.603,"Slaris",R,29,140,-1.321,1.066,-0.17,1.687,-36.242,2,0,-250,-200,-4.362,0,0,1,7,6,L,"horisen",172.5,95,0.447,3,59,6811.637,137,19,98,47,25,116,140,87,34.169,-4.22,-0.51,-0.029,0.038,0.177,0,-0.389,-36.533,0,"encounter v",-0.175,-16.924,0,"アリアル",-21.879,-46.236,0,"˗ˋˏ 카피 ˎˊ˗",-14.626,-64.044,0,"_이누_",22.462,-51.397,0,"눈꽃",11.222,-66.058,0,"소솨소솨",41.21,-85.099,0,"ke ro",0.535,-106.402,0,"아침땅_",-35.107,-86.204,0,6816.773,5.621,-87.09,6817.023,7,"ke ro",5.515,-85.919,0,0,0,0,0,0,0,1
180,8,0,0,6,0,0,1,0,0,0,255,255,255,56,6842.136,"Slaris",R,13,116,-3.367,-1.334,-0.235,1.631,-36.115,4,0,-360.212,346.767,-6.108,0,0,1,8,2,R,"Nibi-chan",169.9,90,0.532,0,59,0,0,0,0,0,0,0,0,0,0,0,0,0,0,0,0,-0.099,-36.9,0,"encounter v",-0.498,-16.952,0,"アリアル",-21.285,-44.769,0,"˗ˋˏ 카피 ˎˊ˗",-15.55,-61.731,0,"_이누_",18.166,-50.848,0,"눈꽃",6.927,-65.528,0,"소솨소솨",38.331,-86.618,0,"ke ro",-3.726,-105.138,0,"아침땅_",-37.099,-80.62,0,0,0,0,0,0,"",0,0,0,0,0,0,0,0,0,0
181,8,0,0,6,0,1,1,0,0,0,255,255,255,57,6857.752,"Slaris",R,13,115,-2.898,-1.956,-0.163,1.764,-36.176,1,0,-247.917,400,-21.94,-0.609,-18.932,0,8,2,R,"Nibi-chan",169.9,90,0.532,0,59,0,0,0,0,0,0,0,0,0,0,0,0,0,0,0,0,-0.084,-36.937,0,"encounter v",-0.528,-16.914,0,"アリアル",-21.584,-45.258,0,"˗ˋˏ 카피 ˎˊ˗",-15.546,-61.81,0,"_이누_",18.312,-51.024,0,"눈꽃",7.522,-65.716,0,"소솨소솨",38.274,-85.852,0,"ke ro",-3.2,-103.64,0,"아침땅_",-36.494,-80.764,0,0,0,0,0,0,"",0,0,0,0,0,0,0,0,0,0
182,8,0,0,6,1,1,1,0,0,0,255,255,255,58,6871.304,"Slaris",R,26,140,-0.01,0.276,-0.036,1.805,-36.248,2,0,-126.851,-200,-5.764,0,0,1,8,2,R,"Nibi-chan",169.9,90,0.532,3,59,6872.337,141,16,76,43,25,89,137,123,27.07,9.583,0.34,-0.013,0.014,0.148,0,-0.361,-36.479,0,"encounter v",0.018,-17.037,0,"アリアル",-22.313,-46.653,0,"˗ˋˏ 카피 ˎˊ˗",-15.512,-61.709,0,"_이누_",18.023,-50.821,0,"눈꽃",5.183,-64.903,0,"소솨소솨",38.283,-85.861,0,"ke ro",-3.37,-103.671,0,"아침땅_",-36.299,-80.992,0,6877.723,-35.741,-118.995,6879.19,7,"ke ro",-30.019,-115.044,1,0,0,0,0,0,0,2
183,8,0,0,6,0,0,1,0,1,0,255,11,255,59,6911.666,"Slaris",R,27,139,-1.255,0.212,-0.11,1.769,-36.399,0,0,22.612,-145.788,18.85,0,0,1,0,7,R,"紅さかな",172.5,94.576,0.452,0,59,0,0,0,0,0,0,0,0,0,0,0,0,0,0,0,0,-0.203,-37.933,0,"encounter v",-0.215,-16.913,0,"アリアル",-22.019,-45.975,0,"˗ˋˏ 카피 ˎˊ˗",-16.334,-61.044,0,"_이누_",16.914,-47.566,0,"눈꽃",4.838,-60.569,0,"소솨소솨",40.508,-87.814,0,"ke ro",0.352,-108.888,0,"아침땅_",-39.062,-81.669,0,0,0,0,0,0,"",0,0,0,0,0,0,0,0,0,0
184,8,0,0,6,0,1,1,0,1,0,255,11,255,60,6929.996,"Slaris",R,13,115,-1.896,-1.723,-0.166,1.604,-36.223,1,0,-164.777,400,-34.553,-0.413,-18.683,0,0,7,R,"紅さかな",172.5,94.576,0.452,0,59,0,0,0,0,0,0,0,0,0,0,0,0,0,0,0,0,-0.178,-37.073,0,"encounter v",-0.559,-16.888,0,"アリアル",-22.63,-46.685,0,"˗ˋˏ 카피 ˎˊ˗",-16.326,-61.056,0,"_이누_",16.847,-46.983,0,"눈꽃",5.659,-61.411,0,"소솨소솨",39.978,-85.285,0,"ke ro",0.315,-108.895,0,"아침땅_",-38.774,-82.026,0,0,0,0,0,0,"",0,0,0,0,0,0,0,0,0,0
185,8,0,0,6,1,1,1,0,1,0,255,11,255,61,6947.061,"Slaris",R,13,113,-4.523,-2.768,-0.197,1.597,-36.097,1,0,-213.227,400,-24.854,-0.753,-22.019,0,0,7,R,"紅さかな",172.5,94.576,0.452,0,59,0,0,0,0,0,0,0,0,0,0,0,0,0,0,0,0,-0.106,-37.024,0,"encounter v",-0.586,-17.227,0,"アリアル",-22.591,-46.626,0,"˗ˋˏ 카피 ˎˊ˗",-16.344,-61.077,0,"_이누_",17.504,-46.972,0,"눈꽃",7.888,-61.623,0,"소솨소솨",39.995,-85.293,0,"ke ro",0.14,-108.969,0,"아침땅_",-38.552,-82.279,0,0,0,0,0,0,"",0,0,0,0,0,0,0,0,0,0
186,8,0,0,6,2,1,1,0,1,0,255,11,255,62,6964.564,"Slaris",R,29,140,1.123,0.972,0.089,1.875,-36.276,2,0,-250,-151.015,13.831,0,0,1,0,7,R,"紅さかな",172.5,94.576,0.452,3,59,6965.578,139,22,80,82,26,91,141,97,25.257,3.028,0,-0.028,-0.045,0.089,0,-0.419,-36.313,0,"encounter v",0.108,-16.973,0,"アリアル",-22.536,-46.548,0,"˗ˋˏ 카피 ˎˊ˗",-16.327,-61.043,0,"_이누_",17.767,-49.261,0,"눈꽃",9.329,-60.506,0,"소솨소솨",39.987,-85.281,0,"ke ro",0.314,-108.889,0,"아침땅_",-38.249,-82.954,0,6970.623,-12.42,-102.531,6970.756,7,"ke ro",-12.085,-100.782,0,0,0,0,0,0,0,1
187,8,0,0,6,0,0,2,0,1,0,255,11,255,63,7006.079,"Slaris",R,29,140,1.235,-0.574,0.031,1.514,-36.169,2,0,-239.999,-153.712,28.645,0,0,1,1,5,L,"shimenawa",174.9,94.582,0.2,3,59,7007.128,85,16,73,60,0,69,133,129,3.272,-26.671,0.6,-0.042,-0.105,0.042,0,-0.36,-36.521,0,"encounter v",0.291,-16.876,0,"アリアル",-22.071,-45.514,0,"˗ˋˏ 카피 ˎˊ˗",-15.265,-62.865,0,"_이누_",21.464,-49.415,0,"눈꽃",12.136,-62.418,0,"소솨소솨",44.741,-85.718,0,"ke ro",0.531,-115.315,0,"아침땅_",-36.639,-86.786,0,7008.44,19.733,-52.438,7008.64,4,"_이누_",17.634,-49.256,0,0,0,0,0,0,0,1
188,9,1,0,6,0,0,0,0,0,0,255,255,255,94,7052.168,"Kenomo",R,27,137,-0.105,-1.236,0.009,1.289,-36.64,2,0,73.547,-131.004,3.725,0,0,1,5,3,L,"˗ˋˏ 카피 ˎˊ˗",165.5,87.669,0.554,3,59,7053.203,222,27,101,41,24,116,143,119,-30,-41.243,0.26,0.063,-0.131,0.226,0,-0.082,-37.291,0,"あおいぬ",-0.007,-17.002,0,"Nibi-chan",-19.756,-45.296,0,"カズティー",-10.077,-56.561,0,"甲斐野柊太",18.336,-44.606,0,"shimenawa",14.396,-62.858,0,"horisen",43.885,-95.349,0,"紅さかな",1.239,-122.399,0,"Pizzallaris",-38.419,-94.207,0,7053.373,0.549,-19.776,7057.307,6,"horisen",52.205,-81.446,1,0,0,0,0,0,0,2
189,9,1,0,6,0,0,0,0,1,0,255,3,255,95,7151.225,"Kenomo",R,27,138,0.463,-1.664,0.029,1.271,-36.636,1,0,50.904,-137.561,5.07,0,0,0,6,8,R,"아침땅_",160,95,0.5,0,37,0,0,0,0,0,0,0,0,0,0,0,0,0,0,0,0,0.174,-37.623,0,"あおいぬ",-0.088,-17.099,0,"Nibi-chan",-20.538,-46.093,0,"カズティー",-9.968,-57.417,0,"甲斐野柊太",18.535,-43.815,0,"shimenawa",7.295,-62.343,0,"horisen",42.955,-96.316,0,"紅さかな",1.097,-117.561,0,"Pizzallaris",-40.584,-93.531,0,0,0,0,0,0,"",0,0,0,0,0,0,0,0,0,0
190,9,1,0,6,1,0,0,0,1,0,255,3,255,96,7167.247,"Kenomo",R,27,139,0.636,0.272,0.041,1.539,-36.638,2,0,63.406,-125.527,9.09,0,0,1,6,8,R,"아침땅_",160,95,0.5,2,37,7168.126,172,12,101,58,24,178,146,119,26.476,-19.482,0.45,0.001,-0.007,0.085,0,0.002,-37.074,0,"あおいぬ",0.017,-16.987,0,"Nibi-chan",-20.558,-46.913,0,"カズティー",-9.874,-57.376,0,"甲斐野柊太",18.955,-45.142,0,"shimenawa",10.889,-64.328,0,"horisen",42.926,-96.377,0,"紅さかな",0.621,-117.51,0,"Pizzallaris",-40.678,-93.485,0,7172.807,26.863,-114.897,7174.873,7,"紅さかな",24.509,-125.813,1,0,0,0,0,0,0,2
191,9,1,1,6,0,0,0,0,1,0,255,255,255,97,7205.98,"Kenomo",R,10,111,-0.771,-1.99,-0.1,1.314,-36.595,4,0,-10.717,400,1.987,0,0,1,7,7,R,"ke ro",169.4,83,0.351,0,59,0,0,0,0,0,0,0,0,0,0,0,0,0,0,0,0,-0.097,-37.466,0,"あおいぬ",-0.136,-16.97,0,"Nibi-chan",-20.623,-46.408,0,"カズティー",-9.693,-57.983,0,"甲斐野柊太",18.983,-43.514,0,"shimenawa",7.662,-63.198,0,"horisen",45.44,-100.252,0,"紅さかな",0.854,-120.915,0,"Pizzallaris",-39.709,-93.649,0,0,0,0,0,0,"",0,0,0,0,0,0,0,0,0,0
192,9,1,1,6,0,1,0,0,1,0,255,255,255,98,7221.76,"Kenomo",R,26,140,-1.55,-0.964,-0.153,1.336,-36.607,1,0,32.544,-200,19.789,0,0,0,7,7,R,"ke ro",169.4,83,0.351,0,59,0,0,0,0,0,0,0,0,0,0,0,0,0,0,0,0,0.124,-37.716,0,"あおいぬ",-0.14,-16.916,0,"Nibi-chan",-20.45,-45.591,0,"カズティー",-9.651,-57.887,0,"甲斐野柊太",18.479,-44.221,0,"shimenawa",9.665,-64.511,0,"horisen",45.287,-100.102,0,"紅さかな",1.114,-120.82,0,"Pizzallaris",-39.713,-93.651,0,0,0,0,0,0,"",0,0,0,0,0,0,0,0,0,0
193,9,1,1,6,1,1,0,0,1,0,255,255,255,99,7236.218,"Kenomo",R,33,129,2.899,0.532,0.224,1.623,-36.659,2,0,129.42,-113.221,3.149,0,0,1,7,7,R,"ke ro",169.4,83,0.351,2,59,7237.234,143,6,70,39,16,78,133,83,48.465,-28.652,-0.48,-0.016,-0.048,0.066,0,0.162,-37.242,0,"あおいぬ",0.047,-17.079,0,"Nibi-chan",-20.423,-45.987,0,"カズティー",-9.674,-57.914,0,"甲斐野柊太",18.814,-43.26,0,"shimenawa",10.788,-62.152,0,"horisen",48.942,-95.445,0,"紅さかな",0.56,-119.19,0,"Pizzallaris",-41.344,-96.276,0,7242.29,25.657,-73.343,7243.523,6,"horisen",28.466,-79.548,1,0,0,0,0,0,0,2
194,9,1,1,6,0,0,0,1,0,1,7,255,8,100,7275.906,"Kenomo",R,28,131,-1.205,-1.573,-0.126,1.253,-36.542,1,0,46.102,-85.508,3.958,0,0,0,8,6,R,"소솨소솨",175.4,80,0.5,0,59,0,0,0,0,0,0,0,0,0,0,0,0,0,0,0,0,0.071,-37.607,0,"あおいぬ",-0.127,-17.176,0,"Nibi-chan",-19.407,-43.477,0,"カズティー",-9.059,-56.448,0,"甲斐野柊太",20.555,-44.328,0,"shimenawa",10.236,-65.344,0,"horisen",46.651,-96.952,0,"紅さかな",0.596,-119.634,0,"Pizzallaris",-39.559,-92.171,0,0,0,0,0,0,"",0,0,0,0,0,0,0,0,0,0
195,9,1,1,6,1,0,0,1,0,1,7,255,8,101,7290.403,"Kenomo",R,27,122,2.807,0.093,0.305,1.64,-36.735,1,0,103.749,-142.725,5.717,0,0,0,8,6,R,"소솨소솨",175.4,80,0.5,0,59,0,0,0,0,0,0,0,0,0,0,0,0,0,0,0,0,0.26,-37.486,0,"あおいぬ",0.143,-18.073,0,"Nibi-chan",-20.297,-44.025,0,"カズティー",-3.432,-57.982,0,"甲斐野柊太",19.089,-43.492,0,"shimenawa",10.31,-64.735,0,"horisen",46.649,-96.955,0,"紅さかな",0.273,-119.696,0,"Pizzallaris",-39.559,-92.178,0,0,0,0,0,0,"",0,0,0,0,0,0,0,0,0,0
196,9,1,1,6,2,0,0,0,1,1,255,7,8,102,7308.139,"Kenomo",R,33,128,2.167,0.746,0.162,1.628,-36.602,4,0,123.536,-105.635,2.519,0,0,1,8,6,R,"소솨소솨",175.4,80,0.5,0,59,0,0,0,0,0,0,0,0,0,0,0,0,0,0,0,0,0.1,-37.581,0,"あおいぬ",-0.157,-17.116,0,"Nibi-chan",-20.014,-46.026,0,"カズティー",-10.206,-55.995,0,"甲斐野柊太",19.741,-42.921,0,"shimenawa",9.925,-64.487,0,"horisen",46.091,-96.925,0,"紅さかな",0.491,-119.721,0,"Pizzallaris",-39.555,-92.211,0,0,0,0,0,0,"",0,0,0,0,0,0,0,0,0,0
197,9,1,1,6,2,1,0,0,1,1,255,7,8,103,7325.079,"Kenomo",R,27,140,0.127,-1.802,-0.004,1.202,-36.628,2,0,57.145,-143.513,4.702,0,0,1,8,6,R,"소솨소솨",175.4,80,0.5,2,59,7325.803,176,22,137,70,0,255,150,114,-30,-16.459,0.78,-0.084,-0.203,0.066,0,-0.103,-37.13,0,"あおいぬ",0.013,-17.05,0,"Nibi-chan",-20.329,-46.492,0,"カズティー",-10.478,-57.145,0,"甲斐野柊太",18.5,-45.215,0,"shimenawa",13.381,-64.359,0,"horisen",44.931,-95.555,0,"紅さかな",1.426,-119.831,0,"Pizzallaris",-40.855,-93.059,0,7325.99,0.135,-19.471,7328.057,5,"shimenawa",11.779,-58.879,1,64,0,0,0,0,0,2
198,9,1,1,6,0,0,1,1,0,1,6,255,7,104,7395.795,"Kenomo",R,26,127,-1.539,-0.171,-0.176,1.456,-36.629,1,0,102.17,-178.65,16.595,0,0,0,0,5,L,"눈꽃",174.9,80,0.496,0,59,0,0,0,0,0,0,0,0,0,0,0,0,0,0,0,0,0.001,-37.413,0,"あおいぬ",-0.124,-17.112,0,"Nibi-chan",-20.371,-44.03,0,"カズティー",-8.568,-57.204,0,"甲斐野柊太",19.348,-43.747,0,"shimenawa",10.524,-64.391,0,"horisen",46.493,-96.706,0,"紅さかな",1.534,-120.815,0,"Pizzallaris",-41.377,-91.62,0,0,0,0,0,0,"",0,0,0,0,0,0,0,0,0,0
199,9,1,1,6,1,0,1,1,0,1,6,255,7,105,7414.286,"Kenomo",R,27,140,0.391,-2.625,-0.071,1.246,-36.562,2,0,61.386,-116.799,3.855,0.091,-20.433,1,0,5,L,"눈꽃",174.9,80,0.496,3,59,7415.344,141,33,46,102,24,46,120,106,-15.476,-12.386,0.07,0.026,-0.037,0,0,-0.171,-37.162,0,"あおいぬ",-0.009,-17.055,0,"Nibi-chan",-19.829,-44.623,0,"カズティー",-9.535,-56.103,0,"甲斐野柊太",18.544,-45.291,0,"shimenawa",13.92,-63.594,0,"horisen",45.053,-97.569,0,"紅さかな",1.786,-121.519,0,"Pizzallaris",-41.379,-91.627,0,7415.49,0.422,-21.076,7417.307,5,"shimenawa",9.004,-59.318,1,0,0,0,0,0,0,2
200,9,1,1,6,0,0,2,1,0,1,5,255,7,106,7449.123,"Kenomo",R,10,112,1.017,-1.633,0.142,1.279,-36.596,4,0,0,364.841,-1.083,0.195,-17.995,1,1,1,L,"encounter v",190,93,0.497,0,59,0,0,0,0,0,0,0,0,0,0,0,0,0,0,0,0,0.123,-37.538,0,"あおいぬ",-0.585,-18.185,0,"Nibi-chan",-19.716,-43.939,0,"カズティー",-10.549,-57.33,0,"甲斐野柊太",19.503,-42.929,0,"shimenawa",9.367,-63.728,0,"horisen",47.068,-96.519,0,"紅さかな",0.119,-120.225,0,"Pizzallaris",-41.498,-95.197,0,0,0,0,0,0,"",0,0,0,0,0,0,0,0,0,0
201,9,1,1,6,0,1,2,1,0,1,5,255,7,107,7468.907,"Kenomo",R,34,128,2.583,0.475,0.209,1.608,-36.643,2,0,97.423,-70.433,-0.613,0,0,1,1,1,L,"encounter v",190,93,0.497,3,59,7469.999,156,15,120,67,20,176,150,128,-2.709,-41.689,0.76,0.037,-0.086,0.192,0,-0.105,-37.109,0,"あおいぬ",0.075,-16.998,0,"Nibi-chan",-18.979,-44.846,0,"カズティー",-10.471,-57.235,0,"甲斐野柊太",18.813,-44.777,0,"shimenawa",13.509,-64.036,0,"horisen",47.03,-96.525,0,"紅さかな",-0.132,-120.246,0,"Pizzallaris",-41.373,-95.538,0,7470.756,12.476,-31.652,0,0,"",0,0,0,0,0,0,0,0,0,3
202,9,1,1,6,0,2,2,1,0,1,5,255,7,108,7493.184,"Kenomo",R,8,100,0.733,-0.445,0.033,1.414,-36.486,0,0,106.55,0.13,8.132,0,0,0,1,1,L,"encounter v",190,93,0.497,0,49,0,0,0,0,0,0,0,0,0,0,0,0,0,0,0,0,0.066,-37.498,0,"あおいぬ",-0.006,-16.899,0,"Nibi-chan",-20.347,-44.062,0,"カズティー",-6.157,-59.059,0,"甲斐野柊太",19.681,-42.307,0,"shimenawa",13.149,-64.073,0,"horisen",47.695,-95.527,0,"紅さかな",1.17,-121.247,0,"Pizzallaris",-41.767,-98.86,0,0,0,0,0,0,"",0,0,0,0,0,0,0,0,0,0
