id,inn,half,scoreA,scoreB,ball,strk,out,b1,b2,b3,b1Idx,b2Idx,b3Idx,pCnt,pSec,pName,pHand,pType,spdK,zoneX,zoneY,call,sH,sV,plx,plz,bSwing,bIdx,bPos,bZone,bName,bHCm,batLen,batCen,batType,bFps,hSec,rotS,shS,lgS,batSpd,ev,ldeg,sdeg,hPos,hMoveX,hMoveY,stayCon,hitSpnX,hitSpnY,hitSpnZ,PPosX,PPosY,CPosX,CPosY,1BPosX,1BPosY,2BPosX,2BPosY,3BPosX,3BPosY,SSPosX,SSPosY,LFPosX,LFPosY,CFPosX,CFPosY,RFPosX,RFPosY,ltSec,lx,lz,cSec,cPos,cPlr,cx,cz,1BSafe,tag,cpSec,sb2Sec,sb3Sec,sbhSec,ass,result
1,1,1,0,0,0,0,0,0,0,0,255,255,255,0,2032.583,"-라후이-",R,0,140,0.137,1.403,4,-103.272,-102.626,0,0,1,0,8,R,"Pizzallaris",160,90.131,0.299,0,59,0,0,0,0,0,0,0,0,0,0,0,0,0,0,0,-0.215,-37.204,0.041,-16.751,-18.076,-42.573,-14.252,-61.495,19.453,-47.184,11.623,-64.531,36.313,-80.219,2.43,-102.173,-39.286,-83.375,0,0,0,0,0,"",0,0,0,0,0,0,0,0,0,0
2,1,1,0,0,1,0,0,0,0,0,255,255,255,1,2107.417,"-라후이-",R,0,140,1.194,0.746,0,-17.564,-139.885,0,0,0,0,8,R,"Pizzallaris",160,90.131,0.299,0,67,0,0,0,0,0,0,0,0,0,0,0,0,0,0,0,0.144,-37.04,0.088,-16.952,-20.942,-45.235,-14.199,-61.828,19.296,-48.209,11.493,-64.451,36.491,-79.727,-4.541,-102.137,-40.418,-83.998,0,0,0,0,0,"",0,0,0,0,0,0,0,0,0,0
3,1,1,0,0,1,1,0,0,0,0,255,255,255,2,2124.008,"-라후이-",R,8,136,1.196,0.421,0,105.628,0,0,0,0,0,8,R,"Pizzallaris",160,90.131,0.299,0,67,0,0,0,0,0,0,0,0,0,0,0,0,0,0,0,-0.123,-37.884,0.162,-17.035,-20.747,-45.093,-14.726,-61.413,19.367,-47.065,10.711,-64.297,36.395,-80.701,-5.507,-102.046,-40.39,-84.045,0,0,0,0,0,"",0,0,0,0,0,0,0,0,0,0
4,1,1,0,0,1,2,0,0,0,0,255,255,255,3,2143.379,"-라후이-",R,10,102,-1.43,-2.483,4,0,400,-0.281,-19.796,1,0,8,R,"Pizzallaris",160,90.131,0.299,0,67,0,0,0,0,0,0,0,0,0,0,0,0,0,0,0,-0.302,-37.355,-0.499,-16.935,-20.035,-42.805,-14.864,-60.702,19.195,-46.34,8.588,-62.516,36.635,-81.055,-7.139,-99.855,-40.264,-83.538,0,0,0,0,0,"",0,0,0,0,0,0,0,0,0,0
5,1,1,0,0,0,0,1,0,0,0,255,255,255,4,2179.293,"-라후이-",R,0,140,-0.631,0.564,2,-86.218,-108.31,0,0,1,1,5,L,"shimenawa",175.1,100,0.2,3,101,2180.376,192,102,6,143,84,28.652,-9.285,-0.47,-0.044,-0.062,0.233,0,0,0,0.113,-36.625,-0.329,-16.76,-21.833,-46.058,-15.611,-62.204,21.966,-46.82,11.421,-64.666,38.683,-82.344,-5.048,-97.863,-40.811,-84.43,2185.212,2.083,-89.658,2193.146,7,"Chunsik03",2.395,-122.359,1,0,0,0,0,0,0,2
6,1,1,0,0,0,0,1,0,0,1,255,255,5,5,2229.755,"-라후이-",R,0,140,0.708,0.959,0,-12.95,-169.406,0,0,0,2,4,R,"P0TA0",190,100,0.394,0,59,0,0,0,0,0,0,0,0,0,0,0,0,0,0,0,-0.194,-37.134,0.133,-16.822,-20.983,-45.2,-13.859,-61.775,19.769,-41.86,12.369,-64.034,38.841,-82.852,0.226,-105.477,-37.399,-85.954,0,0,0,0,0,"",0,0,0,0,0,0,0,0,0,0
7,1,1,0,0,0,1,1,0,0,1,255,255,5,6,2249.904,"-라후이-",R,0,135,1.986,1.062,2,4.265,-172.94,0,0,1,2,4,R,"P0TA0",190,100,0.394,2,59,2250.83,221,154,1,155,96,39.361,-15.561,-0.53,-0.028,-0.031,0.292,0,0,0,0.123,-36.827,0.379,-17.098,-20.989,-45.18,-13.86,-61.537,18.949,-44.924,12.383,-64.027,38.847,-83.311,0.836,-104.96,-36.253,-84.034,0,0,0,2251.362,1,"Dοpi",0.37,-22.013,0,0,0,0,0,0,0,3
8,1,1,0,0,1,2,1,0,0,1,255,255,5,7,2277.553,"-라후이-",R,0,0,0,0,0,0,0,0,0,0,2,4,R,"P0TA0",190,100,0.394,0,59,0,0,0,0,0,0,0,0,0,0,0,0,0,0,0,0,0,0,0,0,0,0,0,0,0,0,0,0,0,0,0,0,0,0,0,0,0,0,"",0,0,0,0,0,0,0,0,0,0
9,1,1,0,0,1,2,1,0,0,1,255,255,5,8,2300.367,"-라후이-",R,10,83,-1.095,-2.084,1,0,400,0,0,0,2,4,R,"P0TA0",190,100,0.394,0,59,0,0,0,0,0,0,0,0,0,0,0,0,0,0,0,0.172,-37.204,-0.158,-17.701,-21.794,-44.772,-16.964,-59.146,19.328,-41.556,10.58,-63.843,39.118,-84.167,1.627,-104.142,-37.882,-85.601,0,0,0,0,0,"",0,0,0,0,0,0,0,0,0,0
10,1,1,0,0,0,0,2,0,0,1,255,255,5,9,2335.075,"-라후이-",R,0,140,1.042,1.277,1,3.3,-158.099,0,0,0,3,0,R,"白霜らいふ",190,99.546,0.699,0,59,0,0,0,0,0,0,0,0,0,0,0,0,0,0,0,-0.024,-37.538,0.124,-16.92,-20.8,-45.022,-15.147,-62.905,19.249,-42.61,13.355,-63.128,40.151,-84.897,-2.593,-103.944,-38.136,-85.896,0,0,0,0,0,"",0,0,0,0,0,0,0,0,0,0
11,1,1,0,0,1,0,2,0,0,1,255,255,5,10,2351.07,"-라후이-",R,0,140,0.54,0.992,2,-27.556,-175.935,0,0,1,3,0,R,"白霜らいふ",190,99.546,0.699,2,59,2352.178,191,83,0,137,85,27.952,-13.012,-0.54,-0.041,-0.112,0.219,0,0,0,-0.017,-36.651,0.148,-16.927,-20.749,-45.047,-14.51,-61.835,18.586,-45.052,13.141,-63.669,40.119,-84.796,-4.914,-103.562,-38.17,-85.917,0,0,0,2352.479,1,"Dοpi",0.103,-20.708,0,0,0,0,0,0,0,3
12,1,1,0,0,1,1,2,0,0,1,255,255,5,11,2374.823,"-라후이-",R,6,132,0.994,0.801,2,260.481,0,0,0,1,3,0,R,"白霜らいふ",190,99.546,0.699,2,59,2375.946,217,72,3,135,84,37.937,-13.246,-0.54,-0.051,-0.133,0.038,0,0,0,-0.048,-37.083,0.168,-16.95,-21.038,-44.718,-14.266,-63.337,19.057,-45.284,13.104,-63.748,38.196,-82.547,-5.02,-104.242,-38.152,-85.912,0,0,0,2380.979,5,"즉석카레",15.461,-77.388,0,0,0,0,0,0,0,1
13,1,0,0,0,0,0,0,0,0,0,255,255,255,0,2533.718,"白霜らいふ",R,0,138,-1.1,1.021,0,140.972,-6.496,0,0,1,0,5,R,"즉석카레",170.1,94.808,0.4,0,59,0,0,0,0,0,0,0,0,0,0,0,0,0,0,0,-0.259,-37.828,-0.336,-15.86,-21.896,-46.731,-13.875,-63.107,21.606,-47.718,11.053,-64.578,37.601,-91.177,0.453,-109.089,-34.943,-78.176,0,0,0,0,0,"",0,0,0,0,0,0,0,0,0,0
14,1,0,0,0,0,1,0,0,0,0,255,255,255,1,2545.722,"白霜らいふ",R,0,123,4.075,-0.468,4,115.944,-26.741,1.159,-11.399,1,0,5,R,"즉석카레",170.1,94.808,0.4,0,59,0,0,0,0,0,0,0,0,0,0,0,0,0,0,0,0.263,-37.665,0.862,-15.334,-21.066,-47.007,-13.905,-63.341,21.617,-47.754,11.286,-62.943,35.429,-84.526,0.49,-109.089,-35.407,-78.871,0,0,0,0,0,"",0,0,0,0,0,0,0,0,0,0
15,1,0,0,0,0,2,0,0,0,0,255,255,255,2,2564.335,"白霜らいふ",R,3,123,-3.066,0.24,4,-494.781,0,0,0,1,0,5,R,"즉석카레",170.1,94.808,0.4,0,37,0,0,0,0,0,0,0,0,0,0,0,0,0,0,0,-0.023,-37.706,-1.282,-17.618,-22.107,-45.691,-13.944,-63.314,21.483,-47.837,13.652,-64.095,35.979,-81.884,0.512,-109.138,-35.411,-78.899,0,0,0,0,0,"",0,0,0,0,0,0,0,0,0,0
16,1,0,0,0,0,0,1,0,0,0,255,255,255,3,2590.728,"白霜らいふ",R,12,136,0.49,-0.864,0,0,90.006,0,0,0,1,0,R,"-라후이-",190,100.263,0.498,0,59,0,0,0,0,0,0,0,0,0,0,0,0,0,0,0,0.227,-37.588,-0.115,-16.273,-21.201,-47.106,-14.15,-63.857,21.887,-48.17,12.368,-63.758,37.122,-81.961,0.187,-109.078,-42.645,-87.183,0,0,0,0,0,"",0,0,0,0,0,0,0,0,0,0
17,1,0,0,0,0,1,1,0,0,0,255,255,255,4,2602.356,"白霜らいふ",R,0,128,1.877,0.437,2,154.486,-88.199,0,0,1,1,0,R,"-라후이-",190,100.263,0.498,3,59,2603.159,168,91,25,142,89,35.458,-15.777,-0.4,-0.037,-0.084,0.142,0,0,0,0.145,-37.247,-0.158,-16.206,-21.103,-47.117,-14.027,-63.681,21.843,-48.109,15.455,-62.692,37.046,-81.849,-0.035,-109.774,-42.211,-87.392,0,0,0,2608.329,6,"Kenomo",19.512,-85.31,0,0,0,0,0,0,0,1
18,1,0,0,0,0,0,2,0,0,0,255,255,255,5,2627.89,"白霜らいふ",R,3,126,-0.235,-0.496,0,-474.551,157.483,0,0,0,2,8,R,"ByeolBam",174.9,91.64,0.496,0,59,0,0,0,0,0,0,0,0,0,0,0,0,0,0,0,0.257,-37.527,-0.211,-16.288,-21.18,-47.358,-14.517,-62.102,21.791,-47.83,13.496,-63.609,34.322,-80.452,-0.344,-104.347,-38.937,-83.202,0,0,0,0,0,"",0,0,0,0,0,0,0,0,0,0
19,1,0,0,0,0,1,2,0,0,0,255,255,255,6,2638.867,"白霜らいふ",R,0,117,2.454,0.069,2,250,-108.776,0,0,1,2,8,R,"ByeolBam",174.9,91.64,0.496,3,59,2639.815,173,147,58,155,90,62.793,-62.362,-0.52,-0.009,-0.185,0.391,0,0,0,0.472,-37.154,-0.137,-16.343,-21.111,-47.369,-14.15,-61.881,21.818,-47.778,15.906,-63.106,34.414,-79.411,-0.206,-104.786,-38.906,-83.21,2645.046,61.976,-46.349,0,0,"",0,0,0,0,0,0,0,0,0,0
20,1,0,0,0,0,2,2,0,0,0,255,255,255,7,2655.314,"白霜らいふ",R,10,110,0.685,-0.155,2,0,400,0,0,1,2,8,R,"ByeolBam",174.9,91.64,0.496,3,59,2656.288,182,144,67,155,105,9.09,-22.973,0.91,0.027,-0.161,0.385,0,0,0,-0.008,-37.566,-0.169,-16.33,-20.948,-47.472,-14.149,-61.783,22.407,-47.915,16.165,-62.935,36.511,-82.481,0.813,-108.893,-37.195,-79.89,2658.046,15.972,-60.734,2658.196,5,"shimenawa",14.542,-56.971,0,0,0,0,0,0,0,1
21,2,1,0,0,0,0,0,0,0,0,255,255,255,12,2718.569,"-라후이-",R,0,140,1.189,1.06,2,-4.273,-190.989,0,0,1,4,6,R,"Kenomo",174.8,95.022,0.499,2,59,2719.543,112,82,20,134,79,18.568,-7.524,-0.47,-0.008,-0.032,0.296,0,0,0,-0.392,-36.622,0.189,-16.999,-21.223,-45.231,-14.016,-61.746,19.274,-48.371,12.643,-63.982,38.754,-85.32,2.08,-105.152,-37.311,-85.285,0,0,0,2722.529,5,"즉석카레",4.313,-64.041,0,0,0,0,0,0,0,1
22,2,1,0,0,0,0,1,0,0,0,255,255,255,13,2755.455,"-라후이-",R,0,140,0.97,1.9,4,-4.159,-172.353,0,0,1,5,7,R,"D_arling",164.5,100.283,0.402,0,59,0,0,0,0,0,0,0,0,0,0,0,0,0,0,0,-0.257,-37.058,-0.017,-16.879,-20.87,-45.536,-14.598,-62.495,19.595,-47.045,12.618,-64.076,35.496,-82.465,-7.969,-102.288,-36.94,-82.858,0,0,0,0,0,"",0,0,0,0,0,0,0,0,0,0
23,2,1,0,0,0,1,1,0,0,0,255,255,255,14,2774.297,"-라후이-",R,8,136,0.612,1.378,2,137.804,34.272,0,0,1,5,7,R,"D_arling",164.5,100.283,0.402,3,59,2775.175,200,137,29,155,88,20.774,-6.874,-0.3,-0.019,-0.052,0.485,0,0,0,-0.23,-36.637,0.191,-16.829,-20.823,-45.523,-14.806,-61.986,19.784,-47.92,12.373,-64.351,36.678,-84.493,-7.835,-102.098,-36.918,-82.852,2779.746,18.192,-89.055,2788.312,-1,"紅さかな",31.123,-124.614,1,0,0,0,0,0,0,2
24,2,1,0,0,0,0,1,0,0,1,255,255,7,15,2824.919,"-라후이-",R,0,140,1.48,0.901,1,7.557,-200,0,0,0,6,2,R,"あおいぬ",190,107,0.491,0,59,0,0,0,0,0,0,0,0,0,0,0,0,0,0,0,-0.133,-37.174,0.032,-16.876,-21.239,-45.428,-14.428,-62.347,19.265,-41.743,14.416,-61.992,37.569,-84.49,3.708,-108.042,-35.26,-86.901,0,0,0,0,0,"",0,0,0,0,0,0,0,0,0,0
25,2,1,0,0,1,0,1,0,0,1,255,255,7,16,2841.652,"-라후이-",R,6,130,1.129,0.396,0,296.121,0,0,0,0,6,2,R,"あおいぬ",190,107,0.491,0,59,0,0,0,0,0,0,0,0,0,0,0,0,0,0,0,0.206,-37.206,0.101,-16.883,-21.216,-45.425,-15.222,-62.172,18.804,-41.201,14.267,-62.038,37.159,-85.528,3.906,-108.081,-35.14,-86.229,0,0,0,0,0,"",0,0,0,0,0,0,0,0,0,0
26,2,1,0,0,1,1,1,0,0,1,255,255,7,17,2858.575,"-라후이-",R,0,140,-2.485,0.939,4,5.629,-175.96,0,0,1,6,2,R,"あおいぬ",190,107,0.491,0,59,0,0,0,0,0,0,0,0,0,0,0,0,0,0,0,-0.092,-37.381,-0.387,-16.78,-21.201,-45.428,-16.307,-59.183,18.73,-42.218,13,-63.284,37.174,-85.544,3.908,-108.077,-35.32,-87.034,0,0,0,0,0,"",0,0,0,0,0,0,0,0,0,0
27,2,1,0,0,1,2,1,0,0,1,255,255,7,18,2873.908,"-라후이-",R,10,94,-1.345,-1.498,4,0,400,-0.295,-18.694,1,6,2,R,"あおいぬ",190,107,0.491,0,59,0,0,0,0,0,0,0,0,0,0,0,0,0,0,0,-0.413,-37.543,-0.083,-17.338,-21.178,-45.467,-14.296,-58.423,19.203,-41.256,13.518,-62.216,36.96,-86.233,2.613,-107.504,-35.335,-87.035,0,0,0,0,0,"",0,0,0,64,0,0,0,0,0,0
28,2,1,0,0,0,0,2,0,0,1,255,255,7,19,2903.626,"-라후이-",R,0,140,-1.407,1.448,1,-90.163,-200,0,0,0,7,3,L,"あいくんだよー",174.9,90.425,0.329,0,59,0,0,0,0,0,0,0,0,0,0,0,0,0,0,0,-0.039,-37.823,-0.312,-16.774,-20.849,-45.451,-14.683,-62.652,19.379,-40.417,13.715,-63.081,37.446,-86.053,-2.755,-104.9,-36.184,-87.715,0,0,0,0,0,"",0,0,0,0,0,0,0,0,0,0
29,2,1,0,0,1,0,2,0,0,1,255,255,7,20,2918.137,"-라후이-",R,0,140,-0.174,0.772,2,-60.466,-92.546,0,0,1,7,3,L,"あいくんだよー",174.9,90.425,0.329,2,59,2919.178,191,87,31,144,78,59.97,-37.301,-0.28,0.235,-0.176,0.068,0,0,0,-0.014,-36.683,-0.336,-16.846,-20.844,-45.491,-15.369,-61.897,20.088,-42.213,13.866,-63.614,38.001,-85.76,-2.747,-104.929,-36.202,-87.741,0,0,0,2924.696,5,"즉석카레",28.876,-53.634,0,0,0,0,0,0,0,1
30,2,0,0,0,0,0,0,0,0,0,255,255,255,8,3017.157,"白霜らいふ",R,3,115,-2.959,-0.744,4,-500,0,-1.415,-13.723,1,3,4,R,"DoYaGee",190,107,0.601,0,59,0,0,0,0,0,0,0,0,0,0,0,0,0,0,0,0.28,-37.609,-0.791,-15.563,-21.818,-47.97,-13.874,-63.362,22.397,-48.277,14.349,-63.578,37.86,-82.652,-0.106,-109.572,-40.096,-88.82,0,0,0,0,0,"",0,0,0,0,0,0,0,0,0,0
31,2,0,0,0,0,1,0,0,0,0,255,255,255,9,3033.884,"白霜らいふ",R,0,109,1.653,0.582,2,114.004,-65.771,0,0,1,3,4,R,"DoYaGee",190,107,0.601,3,59,3034.88,89,97,49,131,84,-13.028,-36.475,-0.15,-0.114,-0.106,0.234,0,0,0,0.236,-37.419,-0.082,-16.146,-21.742,-47.931,-13.838,-63.333,22.213,-48.384,14.433,-63.643,37.876,-82.699,0.003,-109.603,-40.032,-88.996,3035.279,3.666,-25.608,3037.029,4,"P0TA0",18.58,-46.019,0,0,0,0,0,0,0,2
32,2,0,0,0,0,0,1,0,0,0,255,255,255,10,3066.643,"白霜らいふ",R,14,109,0.242,1.548,4,153.988,400,0.763,-16.136,1,4,1,R,"Dοpi",179.7,90,0.3,0,59,0,0,0,0,0,0,0,0,0,0,0,0,0,0,0,-0.132,-38.021,0.014,-16.15,-22.871,-48.016,-12.792,-62.74,22.117,-48.075,13.17,-63.295,36.532,-80.874,-0.265,-109.586,-37.648,-82.791,0,0,0,0,0,"",0,0,0,0,0,0,0,0,0,0
33,2,0,0,0,0,1,1,0,0,0,255,255,255,11,3083.718,"白霜らいふ",R,3,114,-0.146,0.445,2,-500,0,0,0,0,4,1,R,"Dοpi",179.7,90,0.3,3,59,3084.632,44,94,79,86,81,91.417,-85.768,0.68,-0.06,-0.029,0.131,0,0,0,0.393,-37.265,-0.058,-16.168,-21.744,-49.05,-12.712,-62.498,21.9,-48.252,15.866,-62.997,36.501,-80.882,-0.249,-109.587,-37.623,-82.783,3090.796,-28.428,-12.483,0,0,"",0,0,0,0,0,0,0,0,0,0
34,2,0,0,0,0,2,1,0,0,0,255,255,255,12,3108.557,"白霜らいふ",R,0,120,-0.237,1.182,2,0,0,0,0,1,4,1,R,"Dοpi",179.7,90,0.3,3,47,3109.525,139,93,91,145,90,28.817,18.831,-0.04,-0.065,-0.041,0.125,0,0,0,0.032,-37.317,-0.156,-16.008,-21.167,-47.363,-12.299,-62.886,22.257,-48.648,16.083,-62.45,35.701,-82.365,-0.366,-109.949,-38.421,-83.548,3114.479,-22.283,-90.653,3114.629,8,"Pizzallaris",-21.624,-88.497,0,0,0,0,0,0,0,1
35,2,0,0,0,0,0,2,0,0,0,255,255,255,13,3139.499,"白霜らいふ",R,3,99,-0.717,-0.923,0,-407.905,0,0,0,0,5,7,R,"Chunsik03",169.8,103.23,0.392,0,59,0,0,0,0,0,0,0,0,0,0,0,0,0,0,0,0.321,-37.297,-0.231,-16.044,-21.341,-47.215,-12.774,-61.873,22.013,-49.001,14.409,-63.277,35.315,-84.416,-0.174,-106.431,-37.35,-83.685,0,0,0,0,0,"",0,0,0,0,0,0,0,0,0,0
36,2,0,0,0,0,1,2,0,0,0,255,255,255,14,3157.171,"白霜らいふ",R,0,136,2.748,0.617,4,218.638,-82.279,0.701,-21.021,1,5,7,R,"Chunsik03",169.8,103.23,0.392,0,59,0,0,0,0,0,0,0,0,0,0,0,0,0,0,0,0.334,-37.087,0.221,-16.285,-21.446,-46.183,-12.672,-61.844,21.949,-48.582,10.888,-64.736,35.19,-84.267,-0.22,-107.435,-37.431,-84.228,0,0,0,0,0,"",0,0,0,0,0,0,0,0,0,0
37,2,0,0,0,0,2,2,0,0,0,255,255,255,15,3177.497,"白霜らいふ",R,0,127,0.588,2.369,2,-12.689,-113.67,0,0,0,5,7,R,"Chunsik03",169.8,103.23,0.392,2,59,3178.62,56,42,21,47,47,-28.233,19.69,0.33,-0.044,-0.038,0,0,0,0,0.036,-37.497,-0.07,-16.093,-19.974,-46.132,-12.674,-62.465,22.025,-48.94,15.66,-63.19,35.11,-84.331,-0.12,-109.266,-37.428,-84.231,3178.996,-0.824,-21.631,3182.979,3,"あいくんだよー",-10.737,-46.436,0,0,0,0,0,0,0,2
38,3,1,0,0,0,0,0,0,0,0,255,255,255,21,3258.186,"-라후이-",R,6,128,2.409,0.265,1,399.968,0,0,0,0,8,1,R,"甲斐野柊太",190,86,0.2,0,33,0,0,0,0,0,0,0,0,0,0,0,0,0,0,0,0.339,-37.188,0.245,-16.798,-20.015,-43.224,-14.168,-60.124,20.154,-44.986,13.155,-63.407,34.31,-83.088,1.693,-98.968,-40.203,-86.474,0,0,0,0,0,"",0,0,0,0,0,0,0,0,0,0
39,3,1,0,0,1,0,0,0,0,0,255,255,255,22,3274.139,"-라후이-",R,0,140,1.5,0.914,2,-6.494,-179.217,0,0,1,8,1,R,"甲斐野柊太",190,86,0.2,2,33,3275.257,179,146,54,155,97,15.774,-15.829,-0.45,0.003,-0.09,0.282,0,0,0,-0.055,-36.687,-0.344,-16.97,-18.781,-43.762,-16.068,-60.707,20.071,-45.952,13.309,-63.543,33.361,-80.796,2.045,-97.55,-40.142,-86.086,3278.646,24.162,-85.031,3278.912,6,"Roscosmos",22.061,-80.374,0,0,0,0,0,0,0,1
40,3,1,0,0,0,0,1,0,0,0,255,255,255,23,3303.529,"-라후이-",R,0,140,1.435,0.897,2,-90.647,-127.991,0,0,1,0,8,R,"Pizzallaris",160,90.131,0.299,3,59,3304.382,131,57,0,101,62,-36.052,29.783,-0.32,0.013,0.02,0.216,0,0,0,0.248,-37.042,0.155,-16.921,-18.609,-43.871,-14.889,-61.198,20.65,-47.409,13.288,-63.69,34.863,-82.236,5.185,-96.45,-36.496,-85.267,3304.612,-0.486,-20.385,3307.046,2,"siesta_aves",-12.621,-41.106,0,0,0,0,0,0,0,2
41,3,1,0,0,0,0,2,0,0,0,255,255,255,24,3340.661,"-라후이-",R,6,120,0.097,0.934,0,423.665,0,0,0,0,1,5,L,"shimenawa",175.1,100,0.2,0,100,0,0,0,0,0,0,0,0,0,0,0,0,0,0,0,-0.129,-37.59,0.212,-16.843,-22.344,-46.613,-13.508,-62.44,21.683,-45.488,15.97,-61.181,37.761,-82.916,3.938,-96.683,-37.551,-83.069,0,0,0,0,0,"",0,0,0,0,0,0,0,0,0,0
42,3,1,0,0,0,1,2,0,0,0,255,255,255,25,3361.16,"-라후이-",R,14,125,2.015,0.237,4,368.412,305.073,0,0,1,1,5,L,"shimenawa",175.1,100,0.2,0,59,0,0,0,0,0,0,0,0,0,0,0,0,0,0,0,-0.034,-38.025,0.274,-16.833,-22.313,-46.664,-9.584,-62.586,21.014,-43.826,14.075,-62.591,38.211,-82.627,3.089,-95.603,-37.399,-83.382,0,0,0,0,0,"",0,0,0,0,0,0,0,0,0,0
43,3,1,0,0,0,2,2,0,0,0,255,255,255,26,3380.38,"-라후이-",R,10,96,0.721,-1.809,2,0,400,0,0,1,1,5,L,"shimenawa",175.1,100,0.2,3,59,3381.626,150,91,45,144,78,-15.101,14.892,0.97,-0.015,-0.15,0.194,0,0,0,-0.041,-36.667,0.016,-17.125,-22.173,-46.886,-14.242,-62.509,20.682,-43.798,13.149,-63.616,37.781,-83.277,3.044,-95.626,-37.895,-84.289,3381.746,-0.091,-20.963,3384.345,3,"_앰프_",-9.411,-58.146,0,2,0,0,0,0,0,2
44,3,0,0,0,0,0,0,0,0,0,255,255,255,16,3438.385,"白霜らいふ",R,3,120,-3.418,0.209,4,-423.092,0,0,0,1,6,2,R,"siesta_aves",190,101.997,0.398,0,59,0,0,0,0,0,0,0,0,0,0,0,0,0,0,0,0.004,-37.855,-1.002,-15.948,-21.334,-47.352,-17.545,-59.414,22.09,-47.003,12.751,-63.783,34.394,-83.055,0.004,-111.688,-38.47,-86.333,0,0,0,0,0,"",0,0,0,0,0,0,0,0,0,0
45,3,0,0,0,0,1,0,0,0,0,255,255,255,17,3451.163,"白霜らいふ",R,3,126,-1.715,-0.204,2,-419.937,0,0,0,1,6,2,R,"siesta_aves",190,101.997,0.398,2,36,3452.3,148,88,12,137,78,34.618,46.436,0.97,0.13,-0.114,0.072,0,0,0,0.057,-37.658,-0.239,-16.097,-21.167,-47.368,-17.39,-59.301,22.022,-47.001,12.904,-63.797,34.367,-82.995,0.032,-111.64,-38.466,-86.344,3456.196,-44.259,-54.553,0,0,"",0,0,0,0,0,0,0,0,0,3
46,3,0,0,0,0,2,0,0,0,0,255,255,255,18,3471.029,"白霜らいふ",R,3,110,-1.627,-0.337,4,-397.008,0,0,0,1,6,2,R,"siesta_aves",190,101.997,0.398,0,36,0,0,0,0,0,0,0,0,0,0,0,0,0,0,0,0.21,-37.904,-0.339,-16.105,-22.393,-45.727,-18.546,-59.816,21.988,-47.295,7.824,-63.367,35.041,-80.457,-0.001,-109.742,-40.002,-87.104,0,0,0,0,0,"",0,0,0,64,0,0,0,0,0,0
47,3,0,0,0,0,0,1,0,0,0,255,255,255,19,3492.689,"白霜らいふ",R,0,139,0.772,1.143,2,-10.939,-200,0,0,1,7,6,R,"Roscosmos",174.8,88,0.37,3,59,3493.493,138,105,0,139,82,-1.023,-13.723,-0.5,-0.081,-0.102,0,0,0,0,0.025,-37.229,-0.112,-16.26,-20.433,-46.599,-18.781,-59.95,21.896,-47.074,14.273,-64.144,35.049,-83.113,0.232,-109.507,-40.83,-87.406,3494.429,3.226,-34.343,3495.996,5,"shimenawa",8.095,-56.709,0,0,0,0,0,0,0,2
48,3,0,0,0,0,0,2,0,0,0,255,255,255,20,3514.298,"白霜らいふ",R,0,139,0.776,0.847,0,49.1,-200,0.603,-16.562,0,8,3,R,"_앰프_",170.6,89.947,0.4,0,58,0,0,0,0,0,0,0,0,0,0,0,0,0,0,0,-0.009,-37.909,0.033,-16.268,-22.066,-47.334,-19.419,-59.007,22.656,-47.912,13.05,-63.152,33.611,-83.329,-0.127,-105.031,-37.683,-85.151,0,0,0,0,0,"",0,0,0,0,0,0,0,0,0,0
49,3,0,0,0,0,1,2,0,0,0,255,255,255,21,3527.108,"白霜らいふ",R,10,123,0.114,-0.688,0,0,400,0,0,0,8,3,R,"_앰프_",170.6,89.947,0.4,0,58,0,0,0,0,0,0,0,0,0,0,0,0,0,0,0,-0.032,-37.606,-0.076,-16.152,-22.32,-47.405,-19.568,-59.072,22.486,-47.632,12.294,-62.826,33.59,-83.29,-0.182,-107.574,-38.833,-85.817,0,0,0,0,0,"",0,0,0,0,0,0,0,0,0,0
50,3,0,0,0,0,2,2,0,0,0,255,255,255,22,3538.724,"白霜らいふ",R,0,123,1.869,3.071,1,0.816,-129.223,0.563,-6.821,0,8,3,R,"_앰프_",170.6,89.947,0.4,0,58,0,0,0,0,0,0,0,0,0,0,0,0,0,0,0,-0.016,-37.605,0.408,-15.632,-21.495,-47.094,-19.447,-59.005,22.09,-47.223,12.298,-63.168,33.574,-83.286,0.07,-107.56,-39.506,-87.038,0,0,0,0,0,"",0,0,0,0,0,0,0,0,0,0
51,3,0,0,0,1,2,2,0,0,0,255,255,255,23,3552.826,"白霜らいふ",R,3,113,-1.23,0.542,0,-406.981,0,0,0,0,8,3,R,"_앰프_",170.6,89.947,0.4,0,58,0,0,0,0,0,0,0,0,0,0,0,0,0,0,0,0.034,-37.374,-0.243,-16.22,-21.726,-46.314,-19.417,-58.99,21.963,-47.212,10.378,-62.265,33.563,-83.383,0.049,-107.571,-39.514,-87.049,0,0,0,0,0,"",0,0,0,0,0,0,0,0,0,0
52,4,1,0,0,0,0,0,0,0,0,255,255,255,27,3616.073,"-라후이-",R,0,140,1.734,0.427,1,-196.984,-161.299,0,0,0,2,4,R,"P0TA0",190,100,0.394,0,25,0,0,0,0,0,0,0,0,0,0,0,0,0,0,0,0.247,-36.952,0.154,-16.642,-20.509,-44.928,-15.53,-60.921,20.447,-46.841,13.541,-64.547,35.666,-83.94,2.59,-104.547,-38.123,-87.792,0,0,0,0,0,"",0,0,0,0,0,0,0,0,0,0
53,4,1,0,0,1,0,0,0,0,0,255,255,255,28,3630.084,"-라후이-",R,0,140,0.989,0.887,2,-110.925,-132.556,0,0,1,2,4,R,"P0TA0",190,100,0.394,2,25,3630.93,183,88,6,139,86,35.507,12.728,-0.55,-0.032,-0.033,0.244,0,0,0,0.244,-36.737,0.147,-16.845,-20.487,-44.967,-15.401,-60.839,20.992,-46.336,13.307,-64.184,36.608,-84.652,2.574,-104.569,-38.467,-88.281,0,0,0,3631.379,1,"Dοpi",0.216,-22.344,0,0,0,0,0,0,0,3
54,4,1,0,0,2,1,0,0,0,0,255,255,255,29,3654.74,"-라후이-",R,0,0,0,0,0,0,0,0,0,0,2,4,R,"P0TA0",190,100,0.394,0,25,0,0,0,0,0,0,0,0,0,0,0,0,0,0,0,0,0,0,0,0,0,0,0,0,0,0,0,0,0,0,0,0,0,0,0,0,0,0,"",0,0,0,0,0,0,0,0,0,0
55,4,1,0,0,2,1,0,0,0,0,255,255,255,30,3676.637,"-라후이-",R,13,119,-1.12,-0.799,2,-357.596,349.464,0,0,1,2,4,R,"P0TA0",190,100,0.394,2,25,3677.504,208,120,31,154,96,-3.855,28.602,-0.53,-0.079,-0.048,0.178,0,0,0,-0.214,-36.568,-0.562,-16.959,-21,-45.295,-15.952,-61.476,21.649,-46.118,13.111,-63.769,34.572,-84.663,-4.669,-102.735,-38.361,-88.348,3677.962,-3.625,-26.533,3679.846,3,"_앰프_",-18.143,-56.287,1,0,0,0,0,0,0,2
56,4,1,0,0,0,0,0,1,0,0,4,255,255,31,3758.238,"-라후이-",R,0,140,1.382,1.173,1,5.903,-144.73,-0.426,-20.222,0,3,0,R,"白霜らいふ",190,99.546,0.699,0,58,0,0,0,0,0,0,0,0,0,0,0,0,0,0,0,0.26,-36.933,0.128,-16.677,-19.821,-40.567,-15.133,-60.818,20.858,-48.119,7.646,-64.203,36.041,-84.836,-3.155,-100.096,-36.39,-81.683,0,0,0,0,0,"",0,0,0,0,0,0,0,0,0,0
57,4,1,0,0,1,0,0,1,0,0,4,255,255,32,3777.86,"-라후이-",R,0,140,0.543,1.091,2,-90.155,-159.935,0,0,1,3,0,R,"白霜らいふ",190,99.546,0.699,2,58,3778.918,196,120,30,153,97,28.719,-2.38,-0.26,-0.102,-0.138,0.303,0,0,0,0.084,-36.712,0.101,-16.999,-19.971,-40.414,-14.8,-58.646,20.818,-48.311,9.633,-64.909,37.084,-86.47,-4.961,-99.953,-36.308,-81.787,3783.946,3.401,-101.576,3784.262,7,"Chunsik03",3.371,-100.822,0,0,0,0,0,0,0,1
58,4,1,0,0,0,0,1,1,0,0,4,255,255,33,3828.223,"-라후이-",R,10,128,-0.476,-1.056,1,0,400,0,0,0,4,6,R,"Kenomo",174.8,95.022,0.499,0,58,0,0,0,0,0,0,0,0,0,0,0,0,0,0,0,-0.054,-37.589,0.034,-16.985,-19.606,-40.725,-14.007,-57.118,20.694,-46.935,6.951,-64.574,34.744,-83.583,1.983,-104.395,-35.313,-85.567,0,0,0,0,0,"",0,0,0,0,0,0,0,0,0,0
59,4,1,0,0,1,0,1,1,0,0,4,255,255,34,3841.736,"-라후이-",R,0,138,1.127,0.761,2,-46.183,-107.9,0,0,0,4,6,R,"Kenomo",174.8,95.022,0.499,2,58,3842.804,67,52,13,71,64,-45.642,25.064,-0.33,-0.033,-0.061,0.225,0,0,0,0.042,-36.72,0.059,-16.972,-19.897,-40.382,-15.318,-59.656,20.441,-47.02,10.32,-64.962,34.739,-83.625,3.621,-102.131,-35.322,-85.488,3842.996,-0.288,-20.755,3846.212,3,"_앰프_",-12.451,-48.516,1,0,0,0,0,0,0,2
60,4,1,0,0,0,0,2,1,0,0,4,255,255,35,3906.441,"-라후이-",R,0,133,0.638,1.838,2,-32.772,-158.772,0,0,1,5,7,R,"D_arling",164.5,100.283,0.402,3,58,3907.335,94,92,37,131,75,33.162,11.823,-0.3,-0.039,-0.053,0.231,0,0,0,0.157,-36.642,0.138,-17.023,-20.055,-40.483,-14.368,-59.545,20.314,-48.19,8.311,-64.111,34.856,-80.714,2.464,-100.968,-37.697,-84.314,3912.246,-17.401,-75.745,3912.979,8,"ByeolBam",-18.367,-78.758,1,0,0,0,0,0,0,2
61,4,1,0,0,0,0,2,1,1,0,7,6,255,36,3939.93,"-라후이-",R,6,128,1.267,0.807,4,416.575,0,0.371,-20.795,1,6,2,R,"あおいぬ",190,107,0.491,0,65,0,0,0,0,0,0,0,0,0,0,0,0,0,0,0,0.261,-37.187,0.301,-17.766,-19.588,-42.329,-13.652,-60.2,18.701,-44.394,6.208,-62.815,35.024,-83.016,2.701,-101.426,-34.153,-83.821,0,0,0,0,0,"",0,0,0,0,0,0,0,0,0,0
62,4,1,0,0,0,1,2,1,1,0,7,6,255,37,3956.433,"-라후이-",R,6,127,0.652,1.024,2,290.764,0,0,0,1,6,2,R,"あおいぬ",190,107,0.491,3,65,3957.5,134,112,22,142,91,90.523,-88.574,-0.1,-0.011,0.006,0.405,0,0,0,0.104,-36.637,0.184,-16.98,-19.666,-42.942,-15.671,-60.726,19.67,-44.83,8.374,-61.958,35.923,-82.412,2.808,-101.471,-32.357,-82.936,3964.012,-35.088,-16.494,0,0,"",0,0,0,0,0,0,0,0,0,0
63,4,1,0,0,0,2,2,1,1,0,7,6,255,38,3984.454,"-라후이-",R,10,94,-1.523,-1.497,4,0,400,0,0,1,6,2,R,"あおいぬ",190,107,0.491,0,65,0,0,0,0,0,0,0,0,0,0,0,0,0,0,0,0.11,-37.463,-0.328,-17.823,-19.888,-41.065,-17.48,-59.193,18.569,-44.227,6.004,-61.763,35.956,-83.396,1.629,-98.562,-35.32,-84.277,0,0,0,0,0,"",0,0,0,0,0,0,0,0,0,0
64,4,0,0,0,0,0,0,0,0,0,255,255,255,24,4047.46,"白霜らいふ",R,13,111,-1.668,-1.092,1,-390.434,312.348,0,0,0,0,5,R,"즉석카레",170.1,94.808,0.4,0,58,0,0,0,0,0,0,0,0,0,0,0,0,0,0,0,0.052,-37.765,-0.553,-16.047,-20.823,-46.661,-14.901,-61.421,21.971,-47.261,12.876,-63.171,36.143,-82.6,-0.322,-116.555,-36.387,-82.731,0,0,0,0,0,"",0,0,0,0,0,0,0,0,0,0
65,4,0,0,0,1,0,0,0,0,0,255,255,255,25,4061.67,"白霜らいふ",R,0,140,0.791,1.662,1,-60.271,-200,0,0,0,0,5,R,"즉석카레",170.1,94.808,0.4,0,58,0,0,0,0,0,0,0,0,0,0,0,0,0,0,0,0.046,-37.505,-0.189,-16.095,-20.729,-46.57,-15.047,-61.598,22.068,-46.959,7.908,-63.75,36.157,-82.636,-0.292,-116.572,-36.37,-82.724,0,0,0,0,0,"",0,0,0,0,0,0,0,0,0,0
66,4,0,0,0,2,0,0,0,0,0,255,255,255,26,4075.872,"白霜らいふ",R,0,97,-0.13,1.915,1,-15.186,-5.533,0,0,0,0,5,R,"즉석카레",170.1,94.808,0.4,0,58,0,0,0,0,0,0,0,0,0,0,0,0,0,0,0,0.07,-37.57,-0.083,-16.153,-20.735,-46.553,-15.107,-61.744,21.635,-46.868,10.507,-62.301,36.122,-82.591,0.041,-116.595,-36.449,-82.775,0,0,0,0,0,"",0,0,0,0,0,0,0,0,0,0
67,4,0,0,0,3,0,0,0,0,0,255,255,255,27,4088.236,"白霜らいふ",R,0,137,0.981,1.079,0,-11.614,-176.998,0,0,0,0,5,R,"즉석카레",170.1,94.808,0.4,0,58,0,0,0,0,0,0,0,0,0,0,0,0,0,0,0,0.345,-37.297,-0.075,-16.197,-20.828,-45.503,-15.01,-61.491,21.6,-46.809,8.046,-62.952,36.075,-82.571,0.059,-116.611,-36.352,-82.77,0,0,0,0,0,"",0,0,0,0,0,0,0,0,0,0
68,4,0,0,0,3,1,0,0,0,0,255,255,255,28,4103.196,"白霜らいふ",R,0,140,1.118,1.698,1,-58.413,-200,0,0,0,0,5,R,"즉석카레",170.1,94.808,0.4,0,58,0,0,0,0,0,0,0,0,0,0,0,0,0,0,0,0.325,-37.202,-0.136,-16.182,-21.165,-46.059,-14.024,-61.757,21.534,-46.799,9.136,-64.297,36.141,-82.642,-0.379,-115.659,-36.371,-82.807,0,0,0,0,0,"",0,0,0,0,0,0,0,0,0,5
69,4,0,0,0,0,0,0,1,0,0,14,255,255,29,4284.341,"白霜らいふ",R,0,137,0.803,1.07,1,49.087,-68.084,0,0,0,1,0,R,"-라후이-",190,100.263,0.498,0,58,0,0,0,0,0,0,0,0,0,0,0,0,0,0,0,-0.042,-37.261,-0.576,-17.237,-20.215,-43.856,-14.952,-59.532,21.922,-46.817,8.958,-62.243,34.825,-88.676,0.089,-110.328,-38.576,-83.265,0,0,0,0,0,"",0,0,0,0,0,0,0,0,0,0
70,4,0,0,0,1,0,0,1,0,0,14,255,255,30,4331.972,"白霜らいふ",R,0,140,0.186,0.28,0,20.044,-90.277,0,0,0,1,0,R,"-라후이-",190,100.263,0.498,0,58,0,0,0,0,0,0,0,0,0,0,0,0,0,0,0,0.242,-36.875,-0.245,-16.3,-20.758,-44.06,-13.811,-59.412,22.109,-46.934,7.421,-62.45,35.9,-88.578,-0.679,-111.885,-38.543,-83.282,0,0,0,0,0,"",0,0,0,0,0,0,0,0,0,0
71,4,0,0,0,1,1,0,1,0,0,14,255,255,31,4364.212,"白霜らいふ",R,4,128,1.448,0.441,2,-232.612,67.162,0,0,1,1,0,R,"-라후이-",190,100.263,0.498,3,58,4365.013,193,128,47,155,100,16.998,12.196,-0.08,0.01,-0.095,0.256,0,0,0,0.089,-37.027,-0.167,-16.065,-19.404,-42.497,-16.952,-59.591,22.308,-47.287,13.239,-62.77,35.833,-87.631,-0.308,-113.041,-38.662,-83.042,4368.012,-19.854,-79.894,4373.813,7,"D_arling",-33.611,-114.487,1,0,0,0,0,0,0,2
72,4,0,0,1,0,0,0,0,1,0,255,9,255,32,4410.406,"白霜らいふ",R,0,137,1.749,2.051,1,-24.533,-163.682,1.063,-15.84,0,2,8,R,"ByeolBam",174.9,88,0.496,0,58,0,0,0,0,0,0,0,0,0,0,0,0,0,0,0,0.143,-37.529,0.91,-15.204,-19.855,-45.4,-13.631,-61.531,21.813,-46.173,4.126,-59.713,33.059,-86.165,0.406,-111.226,-37.547,-86.332,0,0,0,0,0,"",0,0,0,0,0,0,0,0,0,0
73,4,0,0,1,1,0,0,0,1,0,255,9,255,33,4802.595,"白霜らいふ",R,13,110,-1.485,-1.121,1,-390.434,312.348,0,0,0,2,8,R,"ByeolBam",174.9,88,0.496,0,58,0,0,0,0,0,0,0,0,0,0,0,0,0,0,0,-0.073,-37.59,-0.217,-16.204,-21.362,-44.582,-13.017,-63.77,22.708,-46.471,6.248,-60.679,33.516,-89.049,0.521,-115.694,-40.903,-84.268,0,0,0,0,0,"",0,0,0,0,0,0,0,0,0,0
74,4,0,0,1,2,0,0,0,1,0,255,9,255,34,4818.321,"白霜らいふ",R,0,135,0.023,-0.344,0,25.161,-82.788,0,0,0,2,8,R,"ByeolBam",174.9,88,0.496,0,58,0,0,0,0,0,0,0,0,0,0,0,0,0,0,0,-0.17,-37.076,-0.163,-16.137,-20.537,-46.124,-11.277,-63.287,22.483,-45.881,6.575,-61.122,33.514,-89.013,0.525,-115.702,-39.411,-85.564,0,0,0,0,0,"",0,0,0,0,0,0,0,0,0,0
75,4,0,0,1,2,1,0,0,1,0,255,9,255,35,4831.285,"白霜らいふ",R,0,139,0.466,0.726,2,10.619,-57.523,0,0,1,2,8,R,"ByeolBam",174.9,88,0.496,3,58,4832.166,128,91,35,139,126,99.112,-78.479,0.32,-0.064,-0.165,0.246,0,0,0,-0.211,-36.974,-0.123,-16.193,-20.454,-46.136,-13.683,-61.925,22.471,-45.874,10.458,-63.172,32.244,-89.246,0.488,-115.707,-38.93,-85.866,0,0,0,0,0,"",0,0,0,0,0,0,0,0,0,0
76,4,0,0,1,2,2,0,0,1,0,255,9,255,36,4849.926,"白霜らいふ",R,10,112,-0.641,-1.569,2,101.981,373.239,0,0,1,2,8,R,"ByeolBam",174.9,88,0.496,3,58,4850.894,111,157,65,140,106,-15.224,-26.75,0.81,-0.071,-0.281,0.386,0,0,0,0.001,-37.525,-0.215,-16.164,-20.417,-46.827,-13.768,-61.969,21.897,-45.637,11.811,-63.441,32.23,-88.702,-0.55,-117.238,-41.578,-87.735,4851.112,0.718,-22.76,4854.046,6,"Kenomo",28.001,-77.094,1,2,0,0,0,0,0,2
77,4,0,0,1,0,0,1,1,0,0,17,255,255,37,4892.301,"白霜らいふ",R,3,113,-1.074,0.626,0,-472.267,164.208,0,0,1,3,4,R,"DoYaGee",190,107,0.601,0,58,0,0,0,0,0,0,0,0,0,0,0,0,0,0,0,0.054,-37.259,-0.222,-16.239,-21.088,-42.868,-14.506,-59.787,21.632,-47.359,8.637,-63.516,35.793,-89.307,0.007,-106.41,-40.146,-87.271,0,0,0,0,0,"",0,0,0,0,0,0,0,0,0,0
78,4,0,0,1,0,1,1,1,0,0,17,255,255,38,4905.486,"白霜らいふ",R,0,140,1.931,0.389,2,131.014,-96.953,0,0,1,3,4,R,"DoYaGee",190,107,0.601,3,58,4906.422,104,75,24,131,82,4.475,-30.06,-0.51,-0.103,-0.108,0.108,0,0,0,0.297,-37.202,-0.049,-16.274,-19.605,-44.002,-14.572,-59.894,21.813,-47.2,13.148,-63.458,35.22,-89.26,-0.066,-107.028,-40.167,-87.281,4907.629,12.893,-38.319,4908.612,4,"P0TA0",17.477,-45.712,1,4,0,0,0,0,0,2
79,4,0,0,1,0,0,2,1,0,0,13,255,255,39,4938.67,"白霜らいふ",R,3,122,-1.852,-1.466,4,-443.584,230.724,0,0,1,4,1,R,"Dοpi",179.7,90,0.3,0,58,0,0,0,0,0,0,0,0,0,0,0,0,0,0,0,0.429,-37.496,-1.721,-16.697,-20.035,-42.543,-15.29,-60.491,21.883,-47.378,5.682,-60.168,33.807,-86.811,0.011,-111.124,-41.235,-87.334,0,0,0,0,0,"",0,0,0,0,0,0,0,0,0,0
80,4,0,0,1,0,1,2,1,0,0,13,255,255,40,4954.749,"白霜らいふ",R,10,116,-0.311,-1.3,4,0,400,0,0,1,4,1,R,"Dοpi",179.7,90,0.3,0,58,0,0,0,0,0,0,0,0,0,0,0,0,0,0,0,0.075,-37.804,-0.718,-17.142,-20.18,-42.615,-14.256,-61.628,21.808,-47.131,10.868,-63.529,33.792,-86.821,0.489,-111.162,-40.204,-85.562,0,0,0,0,0,"",0,0,0,0,0,0,0,0,0,0
81,4,0,0,1,0,2,2,1,0,0,13,255,255,41,4971.706,"白霜らいふ",R,13,110,0.283,0.447,2,-391.264,311.308,0,0,1,4,1,R,"Dοpi",179.7,90,0.3,3,58,4972.614,73,91,108,120,107,28.305,11.988,0.26,-0.068,-0.024,0,0,0,0,-0.038,-37.027,-0.135,-16.179,-19.219,-44.37,-13.593,-61.019,21.848,-47.117,14.441,-63.288,34.249,-88.174,0.283,-111.088,-39.852,-85.634,4977.729,-24.646,-108.091,4981.179,7,"D_arling",-26.513,-124.034,1,0,0,0,0,0,0,2
82,4,0,0,1,0,0,2,0,1,1,255,10,13,42,5012.694,"白霜らいふ",R,0,133,1.919,0.611,1,106.015,-64.468,0,0,0,5,7,R,"Chunsik03",169.8,103.23,0.392,0,58,0,0,0,0,0,0,0,0,0,0,0,0,0,0,0,0.018,-37.814,0.209,-16.307,-20.518,-46.677,-13.905,-62.367,19.5,-42.485,13.451,-63.087,34.521,-87.741,0.331,-113.182,-36.809,-87.613,0,0,0,0,0,"",0,0,0,0,0,0,0,0,0,0
83,4,0,0,1,1,0,2,0,1,1,255,10,13,43,5046.662,"白霜らいふ",R,3,129,0.858,0.778,0,-365.762,0,0,0,0,5,7,R,"Chunsik03",169.8,103.23,0.392,0,58,0,0,0,0,0,0,0,0,0,0,0,0,0,0,0,-0.023,-37.406,-0.061,-16.274,-21.472,-45.813,-14.497,-62.33,19.549,-42.291,13.198,-63.162,34.463,-87.783,0.293,-112.214,-37.257,-90.5,0,0,0,0,0,"",0,0,0,0,0,0,0,0,0,0
84,4,0,0,1,1,1,2,0,1,1,255,10,13,44,5061.169,"白霜らいふ",R,3,103,-0.621,0.543,0,-450.008,0,0,0,0,5,7,R,"Chunsik03",169.8,103.23,0.392,0,58,0,0,0,0,0,0,0,0,0,0,0,0,0,0,0,-0.239,-37.766,0.348,-16.309,-20.771,-47.096,-14.653,-62.409,19.896,-41.735,12.881,-63.237,34.664,-88.067,0.254,-112.204,-38.352,-90.044,0,0,0,0,0,"",0,0,0,0,0,0,0,0,0,0
85,4,0,0,1,1,2,2,0,1,1,255,10,13,45,5076.722,"白霜らいふ",R,10,111,1.218,0.342,2,0,400,0,0,1,5,7,R,"Chunsik03",169.8,103.23,0.392,2,58,5077.859,135,63,19,130,75,21.546,-12.609,-0.41,-0.017,-0.061,0.175,0,0,0,0.026,-37.266,-0.104,-16.207,-20.725,-47.061,-14.504,-62.32,19.191,-41.433,13.465,-62.428,34.406,-87.151,0.216,-112.259,-38.336,-90.022,0,0,0,5081.313,5,"shimenawa",10.401,-66.78,0,0,0,0,0,0,0,1
86,5,1,0,1,0,0,0,0,0,0,255,255,255,39,5131.443,"-라후이-",R,6,132,-1.278,0.724,0,277.278,0,0,0,0,7,3,L,"あいくんだよー",174.9,90.425,0.329,0,58,0,0,0,0,0,0,0,0,0,0,0,0,0,0,0,-0.174,-37.536,-0.299,-16.907,-19.851,-44.743,-14.743,-61.275,21.138,-45.378,12.831,-63.485,36.509,-80.764,-3.04,-105.153,-36.106,-85.399,0,0,0,0,0,"",0,0,0,0,0,0,0,0,0,0
87,5,1,0,1,0,1,0,0,0,0,255,255,255,40,5146.32,"-라후이-",R,0,140,-1.967,0.655,2,-113.357,-103.305,0,0,1,7,3,L,"あいくんだよー",174.9,90.425,0.329,2,58,5147.388,142,58,0,105,64,-26.126,-43.798,0,0.113,-0.083,0,0,0,0,0.056,-36.739,-0.345,-17.038,-19.842,-44.784,-14.755,-61.113,20.869,-45.496,13.246,-62.976,36.494,-80.792,-3.215,-102.523,-36.114,-85.375,5147.662,1.381,-20.059,5149.862,4,"DoYaGee",16.77,-40.017,0,0,0,0,0,0,0,2
88,5,1,0,1,0,0,1,0,0,0,255,255,255,41,5178.116,"-라후이-",R,0,140,0.908,0.884,2,-58.835,-200,0,0,1,8,1,R,"甲斐野柊太",190,86,0.2,2,31,5179.229,159,140,79,151,91,41.371,-37.893,-0.51,-0.034,-0.234,0.234,0,0,0,-0.251,-36.668,0.188,-17.055,-17.713,-42.556,-14.812,-61.672,20.661,-48.838,12.75,-64.001,35.398,-81.801,1.973,-99.824,-35.12,-84.793,5184.029,48.598,-72.146,5184.379,6,"Roscosmos",46.738,-70.238,0,0,0,0,0,0,0,1
89,5,1,0,1,0,0,2,0,0,0,255,255,255,42,5209.738,"-라후이-",R,0,140,0.901,1.422,2,-28.849,-200,0,0,1,0,8,R,"Pizzallaris",160,90.131,0.299,3,58,5210.639,151,66,3,126,69,27.174,41.16,-0.49,-0.018,0.026,0.308,0,0,0,0.214,-36.663,0.094,-16.657,-18.872,-44.004,-14.508,-62.484,19.465,-46.733,13.502,-63.614,36.826,-80.614,2.259,-102.893,-35.811,-86.198,5214.063,-32.84,-52.578,5216.462,8,"ByeolBam",-45.43,-66.258,0,0,0,0,0,0,0,2
90,5,1,0,1,0,1,2,0,0,0,255,255,255,43,5236.378,"-라후이-",R,0,140,2.057,-0.225,1,-2.257,-163.243,0,0,0,0,8,R,"Pizzallaris",160,90.131,0.299,0,56,0,0,0,0,0,0,0,0,0,0,0,0,0,0,0,-0.036,-37.525,0.219,-16.922,-18.935,-43.989,-14.142,-60.89,19.435,-47.07,10.685,-63.914,36.128,-82.14,2.653,-99.717,-34.658,-83.648,0,0,0,0,0,"",0,0,0,0,0,0,0,0,0,0
91,5,1,0,1,1,1,2,0,0,0,255,255,255,44,5249.288,"-라후이-",R,0,140,1.855,0.012,4,-67.351,-126.713,0.311,-19.515,1,0,8,R,"Pizzallaris",160,90.131,0.299,0,56,0,0,0,0,0,0,0,0,0,0,0,0,0,0,0,0.141,-37.303,0.239,-17.401,-19.169,-43.778,-14.71,-61.593,19.582,-48.858,13.79,-63.04,36.192,-82.977,-6.024,-99.227,-35.801,-84.253,0,0,0,0,0,"",0,0,0,0,0,0,0,0,0,0
92,5,1,0,1,1,2,2,0,0,0,255,255,255,45,5265.013,"-라후이-",R,10,93,-0.754,-2.419,1,0,400,-0.156,-19.779,0,0,8,R,"Pizzallaris",160,90.131,0.299,0,56,0,0,0,0,0,0,0,0,0,0,0,0,0,0,0,0.189,-37.172,-0.411,-16.929,-20.359,-44.789,-17.429,-59.674,21.153,-47.04,9.179,-64.025,35.694,-83.599,-6.009,-99.207,-35.766,-84.286,0,0,0,0,0,"",0,0,0,0,0,0,0,0,0,0
93,5,1,0,1,2,2,2,0,0,0,255,255,255,46,5276.57,"-라후이-",R,10,95,-0.709,-1.341,4,0,400,-0.18,-18.514,1,0,8,R,"Pizzallaris",160,90.131,0.299,0,56,0,0,0,0,0,0,0,0,0,0,0,0,0,0,0,0.209,-37.301,-0.33,-17.313,-19.492,-43.345,-18.273,-58.405,20.727,-45.136,8.783,-64.483,35.745,-83.538,-6.034,-99.246,-36.961,-81.114,0,0,0,0,0,"",0,0,0,0,0,0,0,0,0,0
94,5,0,0,1,0,0,0,0,0,0,255,255,255,46,5329.274,"白霜らいふ",R,0,140,0.026,1.55,4,-57.277,-116.897,0.085,-16.91,1,6,2,R,"siesta_aves",190,101.997,0.398,0,36,0,0,0,0,0,0,0,0,0,0,0,0,0,0,0,0.164,-37.252,-0.125,-16.119,-21.346,-47.969,-13.715,-61.499,21.977,-47.842,12.491,-63.889,31.594,-87.813,-0.481,-114.467,-41.274,-86.68,0,0,0,0,0,"",0,0,0,0,0,0,0,0,0,0
95,5,0,0,1,0,1,0,0,0,0,255,255,255,47,5345.134,"白霜らいふ",R,0,120,1.791,-2.517,3,91.394,52.021,0.27,-19.651,0,6,2,R,"siesta_aves",190,101.997,0.398,0,36,0,0,0,0,0,0,0,0,0,0,0,0,0,0,0,0.054,-37.72,-0.179,-16.187,-21.31,-47.879,-13.739,-61.521,21.943,-47.826,10.812,-62.982,31.551,-87.889,-0.116,-112.908,-41.269,-86.685,0,0,0,0,0,"",0,0,0,0,0,0,0,0,0,6
96,5,0,0,1,0,0,0,1,0,0,11,255,255,48,5695.112,"白霜らいふ",R,0,132,0.273,-0.206,0,15.131,-60.388,0,0,0,7,6,R,"Roscosmos",174.8,88,0.37,0,58,0,0,0,0,0,0,0,0,0,0,0,0,0,0,0,0.106,-37.627,-0.034,-16.15,-19.053,-41.147,-14.784,-62.727,21.667,-46.233,11.429,-63.004,37.45,-92.501,-0.739,-104.744,-41.299,-86.963,0,0,0,0,0,"",0,0,0,0,0,0,0,0,0,0
97,5,0,0,1,0,1,0,1,0,0,11,255,255,49,5705.627,"白霜らいふ",R,13,126,1.471,-0.083,0,-427.529,259.267,0,0,0,7,6,R,"Roscosmos",174.8,88,0.37,0,58,0,0,0,0,0,0,0,0,0,0,0,0,0,0,0,0.047,-37.739,-0.087,-16.181,-19.893,-42.778,-14.648,-62.44,22.045,-46.913,8.496,-61.431,36.217,-91.457,-0.171,-105.808,-40.094,-84.715,0,0,0,0,0,"",0,0,0,0,0,0,0,0,0,0
98,5,0,0,1,0,2,0,1,0,0,11,255,255,50,5716.201,"白霜らいふ",R,3,122,-1.471,0.402,1,-463.417,187.735,0,0,0,7,6,R,"Roscosmos",174.8,88,0.37,0,58,0,0,0,0,0,0,0,0,0,0,0,0,0,0,0,0.189,-37.629,-0.157,-16.363,-20.157,-42.369,-14.8,-62.591,22.017,-46.868,6.261,-59.217,35.905,-91.038,0.077,-106.751,-40.099,-84.709,0,0,0,0,0,"",0,0,0,0,0,0,0,0,0,0
99,5,0,0,1,1,2,0,1,0,0,11,255,255,51,5731.241,"白霜らいふ",R,3,108,-0.541,0.598,0,-488.896,0,0,0,1,7,6,R,"Roscosmos",174.8,88,0.37,0,58,0,0,0,0,0,0,0,0,0,0,0,0,0,0,0,0.186,-37.509,-0.759,-16.637,-20.139,-42.907,-12.328,-62.02,22.16,-46.608,8.478,-61.063,35.662,-90.997,-0.663,-108.011,-39.973,-84.515,0,0,0,0,0,"",0,0,0,0,0,0,0,0,0,0
100,5,0,0,1,0,0,1,1,0,0,11,255,255,52,5755.129,"白霜らいふ",R,0,140,0.611,-0.418,0,49.697,-90.813,0.204,-16.484,0,8,3,R,"_앰프_",170.6,89.947,0.4,0,58,0,0,0,0,0,0,0,0,0,0,0,0,0,0,0,0.032,-37.378,0.117,-16.569,-19.813,-43.293,-12.726,-60.285,21.86,-46.843,9.828,-61.886,34.072,-90.825,0.713,-111.411,-39.977,-84.527,0,0,0,0,0,"",0,0,0,0,0,0,0,0,0,0
101,5,0,0,1,0,1,1,1,0,0,11,255,255,53,5770.115,"白霜らいふ",R,6,123,-0.878,1.385,2,431.573,0,0,0,1,8,3,R,"_앰프_",170.6,89.947,0.4,3,58,5771.061,191,140,69,155,94,-10.002,6.43,0.95,-0.057,-0.015,0.324,0,0,0,0.139,-37.486,-0.19,-16.28,-18.026,-43.522,-15.382,-61.345,21.677,-47.252,14.517,-62.365,32.342,-89.777,0.544,-113.571,-40.863,-85.803,5771.512,-0.832,-27.062,5784.729,7,"D_arling",-8.646,-133.114,1,0,0,0,0,0,0,2
102,5,0,0,2,0,0,1,0,0,1,255,255,12,54,5818.45,"白霜らいふ",R,0,133,1.95,0.52,1,161.401,-114.205,-0.092,-15.919,0,0,5,R,"즉석카레",170.1,94.808,0.4,0,58,0,0,0,0,0,0,0,0,0,0,0,0,0,0,0,0.296,-36.974,0.869,-16.049,-20.685,-46.631,-13.673,-62.759,19.327,-43.584,10.353,-63.358,34.034,-93.315,0.477,-114.501,-38.142,-83.408,0,0,0,0,0,"",0,0,0,0,0,0,0,0,0,0
103,5,0,0,3,1,0,1,0,0,0,255,255,255,55,5878.593,"白霜らいふ",R,0,140,-0.62,-0.503,2,-39.986,-116.208,0,0,1,0,5,R,"즉석카레",170.1,94.808,0.4,3,37,5879.402,140,91,85,145,110,18.82,-18.722,0.18,-0.137,-0.057,0.127,0,0,0,0.402,-37.226,-0.119,-16.185,-19.436,-45.469,-14.208,-63.465,22.203,-46.665,13.618,-63.083,33.153,-92.957,0.564,-114.555,-38.442,-83.834,5882.896,27.252,-94.115,5883.163,6,"Kenomo",27.003,-93.501,0,0,0,0,0,0,0,1
104,5,0,0,3,0,0,2,0,0,0,255,255,255,56,5901.007,"白霜らいふ",R,0,140,-0.086,-0.736,0,44.39,-158.569,0,0,0,1,0,R,"-라후이-",190,100.263,0.498,0,58,0,0,0,0,0,0,0,0,0,0,0,0,0,0,0,0.127,-37.21,-0.129,-16.187,-20.336,-46.279,-12.53,-63.008,22.265,-47.105,14.779,-64.006,35.822,-92.37,0.251,-114.723,-37.961,-85.481,0,0,0,0,0,"",0,0,0,0,0,0,0,0,0,0
105,5,0,0,3,0,1,2,0,0,0,255,255,255,57,5909.459,"白霜らいふ",R,10,128,0.638,-0.46,2,0,400,0,0,1,1,0,R,"-라후이-",190,100.263,0.498,3,58,5910.222,181,145,48,155,130,-30,-8.974,0.39,-0.014,-0.135,0.334,0,0,0,0.399,-37.176,-0.09,-15.984,-20.155,-46.281,-13.316,-63.735,22.25,-47.088,15.578,-63.863,33.564,-93.405,0.118,-114.793,-37.962,-85.467,5910.396,0.339,-22.217,5912.262,5,"shimenawa",6.863,-63.668,0,0,0,0,0,0,0,2
106,6,1,0,3,0,0,0,0,0,0,255,255,255,47,5986.224,"-라후이-",R,0,135,1.917,1.743,1,-26.255,-155.501,0,0,0,1,5,L,"shimenawa",175.1,100,0.2,0,58,0,0,0,0,0,0,0,0,0,0,0,0,0,0,0,0.15,-37.353,0.473,-16.812,-20.334,-44.697,-14.314,-62.038,23.05,-47.113,12.297,-63.938,37.839,-80.551,4.498,-104.301,-33.629,-84.413,0,0,0,0,0,"",0,0,0,0,0,0,0,0,0,0
107,6,1,0,3,1,0,0,0,0,0,255,255,255,48,6002.905,"-라후이-",R,0,139,-1.513,2.344,1,-58.312,-190.145,0,0,0,1,5,L,"shimenawa",175.1,100,0.2,0,58,0,0,0,0,0,0,0,0,0,0,0,0,0,0,0,-0.106,-37.899,-0.292,-16.664,-20.345,-44.633,-14.688,-62.257,22.772,-47.322,12.46,-63.931,36.647,-80.08,3.197,-104.066,-33.646,-84.457,0,0,0,0,0,"",0,0,0,0,0,0,0,0,0,0
108,6,1,0,3,2,0,0,0,0,0,255,255,255,49,6020.143,"-라후이-",R,0,140,1.299,0.753,0,-107.143,-153.224,0,0,0,1,5,L,"shimenawa",175.1,100,0.2,0,58,0,0,0,0,0,0,0,0,0,0,0,0,0,0,0,0.163,-37.263,0.231,-16.979,-20.353,-44.667,-14.522,-62.703,23.214,-46.652,12.687,-63.968,40.442,-83.131,3.234,-104.043,-34.286,-84.702,0,0,0,0,0,"",0,0,0,0,0,0,0,0,0,0
109,6,1,0,3,2,1,0,0,0,0,255,255,255,50,6037.228,"-라후이-",R,0,140,-0.717,0.999,0,-77.323,-154.868,0,0,1,1,5,L,"shimenawa",175.1,100,0.2,0,58,0,0,0,0,0,0,0,0,0,0,0,0,0,0,0,-0.328,-37.642,-0.204,-16.776,-20.376,-44.066,-14.746,-62.329,21.317,-46.163,12.789,-63.817,39.529,-83.233,-3.355,-102.983,-35.002,-85.056,0,0,0,0,0,"",0,0,0,0,0,0,0,0,0,0
110,6,1,0,3,2,2,0,0,0,0,255,255,255,51,6055.294,"-라후이-",R,0,140,0.123,0.911,0,-17.658,-200,0,0,1,1,5,L,"shimenawa",175.1,100,0.2,0,58,0,0,0,0,0,0,0,0,0,0,0,0,0,0,0,-0.246,-37.494,-0.033,-16.856,-21.119,-44.998,-12.823,-62.814,21.099,-44.093,12.592,-64.036,40.148,-84.186,-2.236,-103.896,-35.04,-85.058,0,0,0,0,0,"",0,0,0,0,0,0,0,0,0,0
111,6,1,0,3,0,0,1,0,0,0,255,255,255,52,6085.324,"-라후이-",R,0,140,1.471,0.24,0,-113.036,-125.655,0,0,0,2,4,R,"P0TA0",190,100,0.394,0,23,0,0,0,0,0,0,0,0,0,0,0,0,0,0,0,0.215,-36.719,0.203,-16.822,-21.596,-46.444,-14.334,-62.036,20.946,-47.136,11.528,-64.303,39.741,-85.104,2.217,-101.455,-35.359,-85.447,0,0,0,0,0,"",0,0,0,0,0,0,0,0,0,0
112,6,1,0,3,0,1,1,0,0,0,255,255,255,53,6108.301,"-라후이-",R,6,130,1.475,0.397,2,332.369,0,0,0,1,2,4,R,"P0TA0",190,100,0.394,2,23,6109.075,184,144,55,155,98,43.888,-4.747,-0.33,-0.061,-0.071,0.21,0,0,0,0.249,-36.767,0.276,-16.793,-20.321,-44.186,-14.864,-61.913,20.718,-47.032,11.645,-64.195,37.82,-84.106,0.841,-101.817,-35.961,-84.093,6114.813,3.962,-94.295,6115.029,7,"Chunsik03",3.89,-92.639,0,0,0,0,0,0,0,1
113,6,1,0,3,0,0,2,0,0,0,255,255,255,54,6137.103,"-라후이-",R,0,140,1.037,0.538,0,-11.56,-175.758,0,0,0,3,0,R,"白霜らいふ",190,99.546,0.699,0,58,0,0,0,0,0,0,0,0,0,0,0,0,0,0,0,0.359,-37.278,0.234,-16.802,-20.438,-44.918,-14.676,-61.56,21.204,-46.31,11.629,-64.384,36.831,-84.881,4.119,-93.997,-33.5,-84.65,0,0,0,0,0,"",0,0,0,0,0,0,0,0,0,0
114,6,1,0,3,0,1,2,0,0,0,255,255,255,55,6182.703,"-라후이-",R,0,140,1.52,0.404,1,-107.195,-129.275,0,0,0,3,0,R,"白霜らいふ",190,99.546,0.699,0,58,0,0,0,0,0,0,0,0,0,0,0,0,0,0,0,0.081,-37.352,0.092,-16.734,-20.498,-43.754,-14.725,-61.646,21.774,-46.989,11.276,-64.756,36.965,-85.337,3.199,-94.954,-35.64,-83.437,0,0,0,0,0,"",0,0,0,0,0,0,0,0,0,0
115,6,1,0,3,1,1,2,0,0,0,255,255,255,56,6201.451,"-라후이-",R,0,140,-1.448,1.063,2,-31.994,-199.5,0,0,1,3,0,R,"白霜らいふ",190,99.546,0.699,2,58,6202.496,156,67,0,125,78,38.609,3.605,-0.48,-0.069,-0.065,0.219,0,0,0,0.192,-36.528,-0.39,-16.903,-20.491,-43.565,-14.587,-61.165,20.994,-47.768,11.289,-64.667,36.568,-84.941,3.404,-95.517,-35.825,-83.286,6207.429,-0.715,-77.151,6207.579,5,"즉석카레",-0.717,-75.059,0,0,0,0,0,0,0,1
116,6,0,0,3,0,0,0,0,0,0,255,255,255,58,6252.611,"白霜らいふ",R,14,110,0.781,-1.055,1,307.266,394.446,0.266,-17.33,0,2,8,R,"ByeolBam",174.9,88,0.496,0,58,0,0,0,0,0,0,0,0,0,0,0,0,0,0,0,0.122,-37.76,-0.144,-15.983,-21.508,-47.654,-13.993,-61.996,22.35,-47.443,15.192,-62.114,39.376,-88.946,0.005,-112.465,-38.256,-85.098,0,0,0,0,0,"",0,0,0,0,0,0,0,0,0,0
117,6,0,0,3,1,0,0,0,0,0,255,255,255,59,6264.03,"白霜らいふ",R,0,118,1.497,0.481,2,-23.677,0,0,0,1,2,8,R,"ByeolBam",174.9,88,0.496,3,58,6264.956,145,128,50,147,88,-4.591,-33.986,-0.31,0,-0.141,0.338,0,0,0,0.026,-37.195,-0.142,-15.985,-21.345,-47.697,-14.07,-61.49,22.349,-47.437,14.628,-62.436,39.342,-88.872,-0.011,-112.467,-38.159,-85.297,6265.496,5.746,-28.9,6267.063,4,"P0TA0",17.173,-47.605,0,0,0,0,0,0,0,2
118,6,0,0,3,0,0,1,0,0,0,255,255,255,60,6292.718,"白霜らいふ",R,10,128,-0.846,-1.527,1,0,400,-0.209,-17.665,0,3,4,R,"DoYaGee",190,107,0.601,0,58,0,0,0,0,0,0,0,0,0,0,0,0,0,0,0,-0.067,-37.863,-0.174,-16.003,-21.527,-47.418,-13.661,-62.327,22.602,-47.896,13.619,-62.998,37.043,-85.256,-0.956,-112.97,-37.416,-86.869,0,0,0,0,0,"",0,0,0,0,0,0,0,0,0,0
119,6,0,0,3,1,0,1,0,0,0,255,255,255,61,6304.955,"白霜らいふ",R,0,127,0.096,0.069,2,9.53,-44.233,0,0,1,3,4,R,"DoYaGee",190,107,0.601,3,58,6305.916,107,92,48,135,87,19.733,-4.937,-0.13,-0.128,-0.112,0.269,0,0,0,-0.061,-37.144,-0.088,-16.048,-21.342,-47.62,-13.466,-62.029,22.449,-47.934,14.585,-63.541,36.975,-86.479,-1.003,-113.044,-37.406,-86.883,6309.879,7.749,-86.176,6311.179,7,"D_arling",9.081,-96.361,1,0,0,0,0,0,0,2
120,6,0,0,3,0,0,1,1,0,0,13,255,255,62,6337.046,"白霜らいふ",R,13,113,0.493,0.02,2,-349.045,358.005,0,0,1,4,1,R,"Dοpi",179.7,90,0.3,3,58,6337.988,122,107,124,143,130,27.092,4.442,0.48,-0.035,-0.031,0.061,0,0,0,0.226,-37.052,-0.206,-16.047,-18.823,-44.168,-13.281,-61.034,21.889,-47.396,14.366,-62.746,35.747,-87.308,-1.002,-110.491,-34.051,-81.058,6345.929,-31.608,-149.721,0,0,"",0,0,0,0,0,0,0,0,0,4
121,6,0,0,5,0,0,1,0,0,0,255,255,255,63,6384.941,"白霜らいふ",R,5,117,0.344,0.127,0,-130.462,0,0,0,0,5,7,R,"Chunsik03",169.8,103.23,0.392,0,58,0,0,0,0,0,0,0,0,0,0,0,0,0,0,0,0.027,-37.511,-0.087,-16.097,-20.49,-46.711,-11.758,-64.551,22.176,-47.547,14.174,-63.085,36.194,-94.629,0.541,-109.343,-37.585,-84.142,0,0,0,0,0,"",0,0,0,0,0,0,0,0,0,0
122,6,0,0,5,0,1,1,0,0,0,255,255,255,64,6397.535,"白霜らいふ",R,0,106,2.124,0.693,2,130.519,-50.342,0,0,1,5,7,R,"Chunsik03",169.8,103.23,0.392,2,58,6398.711,106,72,57,134,80,31.416,-39.969,-0.05,-0.077,-0.04,0,0,0,0,0.064,-37.444,-0.111,-16.134,-20.411,-46.632,-11.878,-64.387,22.166,-47.528,12.891,-63.557,36.191,-94.68,0.635,-109.989,-37.962,-84.391,6402.996,40.593,-68.22,6404.629,5,"shimenawa",48.499,-77.501,1,0,0,0,0,0,0,2
123,6,0,0,5,0,0,1,1,0,0,16,255,255,65,6428.463,"白霜らいふ",R,3,115,-1.471,0.206,4,-500,0,0,0,1,6,2,R,"siesta_aves",190,101.997,0.398,0,58,0,0,0,0,0,0,0,0,0,0,0,0,0,0,0,0.158,-37.707,-0.165,-16.06,-20.507,-43.426,-10.481,-63.296,22.613,-47.429,8.887,-61.818,33.579,-89.024,-0.648,-111.153,-38.756,-84.125,0,0,0,0,0,"",0,0,0,0,0,0,0,0,0,0
124,6,0,0,5,0,1,1,1,0,0,16,255,255,66,6444.117,"白霜らいふ",R,0,140,2.187,0.44,1,159.321,21.477,0,0,0,6,2,R,"siesta_aves",190,101.997,0.398,0,58,0,0,0,0,0,0,0,0,0,0,0,0,0,0,0,0.338,-37.399,-0.105,-16.048,-19.234,-43.123,-14.486,-59.785,22.422,-47.614,5.691,-60.107,32.607,-89.634,0.024,-110.098,-38.752,-84.122,0,0,0,0,0,"",0,0,0,0,0,0,0,0,0,0
125,6,0,0,5,1,1,1,1,0,0,16,255,255,67,6461.216,"白霜らいふ",R,0,140,1.157,0.665,0,-7.661,-200,0.67,-16.495,1,6,2,R,"siesta_aves",190,101.997,0.398,0,58,0,0,0,0,0,0,0,0,0,0,0,0,0,0,0,0.136,-37.429,-0.074,-16.207,-19.623,-43.417,-13.235,-60.531,22.304,-47.264,8.176,-62.594,31.754,-90.266,-0.192,-112.937,-38.729,-84.251,0,0,0,0,0,"",0,0,0,0,0,0,0,0,0,0
126,6,0,0,5,1,2,1,1,0,0,16,255,255,68,6482.994,"白霜らいふ",R,4,122,-0.502,-0.066,2,-231.492,0,0,0,1,6,2,R,"siesta_aves",190,101.997,0.398,2,58,6484.155,155,93,45,145,128,50,26.109,0.51,0.14,-0.102,0.149,0,0,0,0.405,-36.873,-0.167,-15.706,-19.772,-44.156,-15.168,-59.412,22.26,-47.251,13.981,-62.701,33.554,-90.437,-0.144,-112.943,-38.417,-85.105,6491.096,-62.274,-103.302,0,0,"",0,0,0,0,0,0,0,0,0,4
127,6,0,0,7,0,0,1,0,0,0,255,255,255,0,6613.988,"甲斐野柊太",R,0,88,1.458,0.78,0,0,0,0,0,0,7,6,R,"Roscosmos",174.8,88,0.37,0,58,0,0,0,0,0,0,0,0,0,0,0,0,0,0,0,-0.249,-37.217,0.011,-16.408,-20.068,-46.167,-12.966,-61.646,22.524,-47.997,14.405,-62.314,37.07,-95.446,0.292,-107.56,-40.692,-87.101,0,0,0,0,0,"",0,0,0,0,0,0,0,0,0,0
128,6,0,0,7,0,1,1,0,0,0,255,255,255,1,6624.542,"甲斐野柊太",R,1,87,-2.252,0.094,2,0,0,0,0,1,7,6,R,"Roscosmos",174.8,88,0.37,3,58,6625.644,202,137,60,155,98,52.36,20.156,0.94,-0.083,-0.107,0.195,0,0,0,-0.37,-37.208,-0.018,-16.4,-19.972,-46.064,-12.925,-61.531,22.405,-48.064,15.031,-61.866,38.377,-94.581,0.318,-107.848,-40.697,-87.144,6631.762,-33.506,-78.523,6631.979,8,"Pizzallaris",-33.172,-77.978,0,0,0,0,0,0,0,1
129,6,0,0,7,0,0,2,0,0,0,255,255,255,2,6655.271,"甲斐野柊太",R,0,87,0.983,1.653,1,0,0,0,0,0,8,3,R,"_앰프_",170.6,89.947,0.4,0,58,0,0,0,0,0,0,0,0,0,0,0,0,0,0,0,-0.221,-37.344,-0.024,-16.421,-20.634,-46.718,-14.972,-61.996,22.237,-48.336,13.994,-62.761,31.031,-90.576,-0.024,-107.61,-41.201,-90.042,0,0,0,0,0,"",0,0,0,0,0,0,0,0,0,0
130,6,0,0,7,1,0,2,0,0,0,255,255,255,3,6667.526,"甲斐野柊太",R,0,139,-0.375,-1.352,1,0,0,0,0,0,8,3,R,"_앰프_",170.6,89.947,0.4,0,58,0,0,0,0,0,0,0,0,0,0,0,0,0,0,0,-0.297,-37.063,-0.031,-16.417,-20.734,-47.05,-15.009,-62.215,22.234,-48.316,10.564,-63.414,31.865,-92.628,-0.013,-108.538,-42.038,-91.008,0,0,0,0,0,"",0,0,0,0,0,0,0,0,0,0
131,6,0,0,7,2,0,2,0,0,0,255,255,255,4,6679.719,"甲斐野柊太",R,3,106,-0.527,-1.293,1,-389.261,0,0,0,0,8,3,R,"_앰프_",170.6,89.947,0.4,0,58,0,0,0,0,0,0,0,0,0,0,0,0,0,0,0,-0.44,-37.094,-0.028,-16.412,-20.801,-47.056,-14.846,-61.889,21.849,-48.63,12.806,-62.396,31.881,-92.634,-0.015,-108.594,-42.059,-91.04,0,0,0,0,0,"",0,0,0,0,0,0,0,0,0,0
132,6,0,0,7,3,0,2,0,0,0,255,255,255,5,6693.302,"甲斐野柊太",R,0,89,1.149,0.252,0,0,0,0,0,0,8,3,R,"_앰프_",170.6,89.947,0.4,0,58,0,0,0,0,0,0,0,0,0,0,0,0,0,0,0,-0.279,-37.207,-0.011,-16.39,-21.038,-45.547,-14.939,-62.076,22.255,-48.525,8.5,-64.024,31.886,-92.647,0.143,-108.907,-42.041,-91.038,0,0,0,0,0,"",0,0,0,0,0,0,0,0,0,0
133,6,0,0,7,3,1,2,0,0,0,255,255,255,6,6703.435,"甲斐野柊太",R,1,88,-0.067,-1.429,2,0,0,0,0,1,8,3,R,"_앰프_",170.6,89.947,0.4,3,58,6704.63,255,148,57,155,125,-30,43.059,0.49,-0.049,-0.047,0.394,0,0,0,-0.345,-37.064,-0.03,-16.396,-19.888,-46.16,-13.061,-61.818,21.974,-48.452,15.496,-63.417,31.762,-92.544,0.108,-110.152,-42.044,-91.033,6704.846,-0.731,-21.413,6706.112,2,"あおいぬ",-19.8,-42.003,0,0,0,0,0,0,0,2
134,7,1,0,7,0,0,0,0,0,0,255,255,255,57,6844.638,"-라후이-",R,0,136,0.66,1.293,2,-67.595,-160.803,0,0,1,4,6,R,"Kenomo",174.8,95.022,0.499,2,58,6845.672,108,55,8,102,64,20.157,3.452,-0.49,0.02,-0.016,0.256,0,0,0,-0.11,-36.713,0.164,-16.969,-21.479,-44.972,-15.295,-62.119,22.611,-50.64,12.336,-64.21,38.072,-85.243,-6.791,-103.509,-36.282,-84.563,6848.529,-2.839,-58.438,6851.512,7,"Chunsik03",-3.942,-81.319,1,0,0,0,0,0,0,2
135,7,1,0,7,0,0,0,1,0,0,6,255,255,58,6893.331,"-라후이-",R,0,139,1.673,1.212,4,11.845,-144.896,0,0,1,5,7,R,"D_arling",164.5,100.283,0.402,0,58,0,0,0,0,0,0,0,0,0,0,0,0,0,0,0,0.119,-36.985,0.096,-16.892,-19.822,-42.463,-13.714,-60.399,20.461,-46.225,8.754,-64.736,35.355,-84.725,2.974,-99.168,-32.988,-83.177,0,0,0,0,0,"",0,0,0,0,0,0,0,0,0,0
136,7,1,0,7,0,1,0,1,0,0,6,255,255,59,6908.816,"-라후이-",R,0,140,0.254,1.131,0,-14.913,-153.886,0,0,1,5,7,R,"D_arling",164.5,100.283,0.402,0,58,0,0,0,0,0,0,0,0,0,0,0,0,0,0,0,-0.029,-37.845,-0.097,-17.019,-19.601,-42.761,-12.473,-62.46,21.817,-46.386,4.262,-63.104,36.126,-85.265,7.439,-96.607,-32.957,-83.192,0,0,0,0,0,"",0,0,0,0,0,0,0,0,0,0
137,7,1,0,7,0,2,0,1,0,0,6,255,255,60,6942.98,"-라후이-",R,0,140,1.473,0.096,1,-46.764,-192.645,0.533,-20.638,0,5,7,R,"D_arling",164.5,100.283,0.402,0,58,0,0,0,0,0,0,0,0,0,0,0,0,0,0,0,0.508,-37.142,0.314,-18.26,-19.47,-42.023,-13.686,-61.745,21.243,-47.485,7.786,-63.588,37.153,-86.364,7.008,-97.91,-34.311,-84.819,0,0,0,0,0,"",0,0,0,0,0,0,0,0,0,0
138,7,1,0,7,0,0,1,1,0,0,6,255,255,61,7151.076,"-라후이-",R,0,134,1.449,1.249,1,-4.886,-124.183,0,0,0,6,2,R,"あおいぬ",190,107,0.491,0,58,0,0,0,0,0,0,0,0,0,0,0,0,0,0,0,0.009,-37.798,-0.03,-16.811,-19.653,-40.421,-13.92,-61.125,20.341,-47.931,7.239,-63.873,33.151,-82.179,3.406,-95.31,-33.488,-85.084,0,0,0,0,0,"",0,0,0,0,0,0,0,0,0,0
139,7,1,0,7,1,0,1,1,0,0,6,255,255,62,7165.299,"-라후이-",R,10,115,-0.619,-1.016,1,0,400,0,0,0,6,2,R,"あおいぬ",190,107,0.491,0,58,0,0,0,0,0,0,0,0,0,0,0,0,0,0,0,0.134,-37.784,-0.221,-17.308,-19.849,-40.106,-12.687,-60.202,19.536,-43.302,7.606,-63.118,33.186,-82.248,2.839,-95.784,-33.939,-85.914,0,0,0,0,0,"",0,0,0,0,0,0,0,0,0,0
140,7,1,0,7,1,1,1,1,0,0,6,255,255,63,7211.471,"-라후이-",R,0,132,1.15,1.007,2,2.897,-163.153,0,0,1,6,2,R,"あおいぬ",190,107,0.491,3,58,7212.556,165,111,13,145,91,42.733,16.571,-0.48,0.061,0.007,0.487,0,0,0,0.026,-37.015,0.185,-16.745,-19.846,-40.867,-13.622,-60.466,19.242,-46.301,11.183,-65.129,33.545,-83.076,4.868,-94.08,-34.361,-85.037,0,0,0,7218.079,8,"ByeolBam",-20.361,-81.142,0,0,0,0,0,0,0,1
141,7,1,0,7,0,0,2,1,0,0,6,255,255,64,7242.411,"-라후이-",R,0,130,-1.28,1.661,1,16.928,-163.948,0,0,0,7,3,L,"あいくんだよー",174.9,90.425,0.329,0,58,0,0,0,0,0,0,0,0,0,0,0,0,0,0,0,0.027,-36.946,-0.421,-16.956,-19.022,-42.009,-13.024,-61.613,21.434,-45.163,9.524,-63.297,34.975,-80.68,-4.256,-96.48,-35.849,-83.795,0,0,0,0,0,"",0,0,0,0,0,0,0,0,0,0
142,7,1,0,7,1,0,2,1,0,0,6,255,255,65,7256.539,"-라후이-",R,0,137,-0.977,1.056,0,7.761,-147.518,0,0,0,7,3,L,"あいくんだよー",174.9,90.425,0.329,0,58,0,0,0,0,0,0,0,0,0,0,0,0,0,0,0,-0.098,-37.128,-0.858,-17.452,-19.263,-40.864,-8.464,-61.394,21.525,-44.761,11.431,-63.711,34.728,-80.652,-3.155,-95.114,-34.207,-84.409,0,0,0,0,0,"",0,0,0,0,0,0,0,0,0,0
143,7,1,0,7,1,1,2,1,0,0,6,255,255,66,7271.485,"-라후이-",R,0,140,-1.471,0.918,1,-52.803,-126.597,0,0,0,7,3,L,"あいくんだよー",174.9,90.425,0.329,0,58,0,0,0,0,0,0,0,0,0,0,0,0,0,0,0,-0.096,-37.378,-0.025,-18.493,-20.37,-42.805,-5.385,-61.904,21.011,-44.779,8.405,-63.462,35.13,-81.272,-3.031,-95.038,-34.855,-83.505,0,0,0,0,0,"",0,0,0,16,0,0,0,0,0,0
