id,inn,half,scoreA,scoreB,ball,strk,out,b1,b2,b3,b1Idx,b2Idx,b3Idx,pCnt,pSec,pName,pHand,pType,spdK,zoneX,zoneY,startX,startY,zDist,call,balk,sH,sV,gyro,plx,plz,bSwing,bIdx,bPos,bZone,bName,bHCm,batLen,batCen,batType,bFps,hSec,rotS,shS,lgS,impMv,batSpd,ev,ldeg,sdeg,hPos,hMoveX,hMoveY,stayCon,hitSpnX,hitSpnY,hitSpnZ,PPosX,PPosY,CName,CPosX,CPosY,1BName,1BPosX,1BPosY,2BName,2BPosX,2BPosY,3BName,3BPosX,3BPosY,SSName,SSPosX,SSPosY,LFName,LFPosX,LFPosY,CFName,CFPosX,CFPosY,RFName,RFPosX,RFPosY,ltSec,lx,lz,cSec,cPos,cPlr,cx,cz,1BSafe,tag,cpSec,sb2Sec,sb3Sec,sbhSec,ass,result
1,1,1,0,0,0,0,0,0,0,0,255,255,255,0,1386.956,"Pugeuk",R,32,137,-0.401,-0.422,-0.087,1.587,-36.586,2,0,158.685,-55.486,10.184,0,0,1,0,2,L,"-Alta-",190,88,0.5,3,59,1387.985,175,163,31,241,155,129,17.22,10.106,0.51,0.048,-0.18,0.334,0,0,0,-0.235,-36.998,"HalF_HearteD",-0.225,-17.261,"하루（Haru）",-20.556,-47.378,"TaeGeuk_",-9.897,-64.342,"bdg06213",22.598,-48.446,"장덕춘_",12.491,-65.088,"Azuner",40.083,-80.693,"ʚneul_ɞ",2.982,-112.441,"卯月満開",-33.299,-93.534,1392.147,0.317,-126.577,1394.397,7,"ʚneul_ɞ",4.543,-125.792,1,0,0,0,0,0,0,2
2,1,1,0,0,0,0,0,0,1,0,255,2,255,1,1443.323,"Pugeuk",R,3,117,-2.019,0.274,0.155,1.643,-36.673,4,0,-309.898,-114.539,27.55,0,0,1,1,3,R,"D_arling",164.8,100.283,0.402,0,59,0,0,0,0,0,0,0,0,0,0,0,0,0,0,0,0,-0.034,-38.014,"HalF_HearteD",-0.228,-16.953,"하루（Haru）",-20.914,-47.842,"TaeGeuk_",-5.511,-62.324,"bdg06213",23.534,-50.005,"장덕춘_",8.816,-63.749,"Azuner",34.303,-83.839,"ʚneul_ɞ",-3.572,-112.525,"卯月満開",-35.243,-89.49,0,0,0,0,0,"",0,0,0,0,0,0,0,0,0,0
3,1,1,0,0,0,1,0,0,1,0,255,2,255,2,1459.36,"Pugeuk",R,6,113,1.021,-0.354,-0.07,1.67,-36.531,2,0,438.988,104.239,16.165,0,0,1,1,3,R,"D_arling",164.8,100.283,0.402,3,59,1460.35,185,110,72,138,155,118,-30,32.975,0.16,-0.038,-0.112,0.332,0,0,0,-0.034,-37.376,"HalF_HearteD",0.128,-17.233,"하루（Haru）",-21.135,-47.713,"TaeGeuk_",-5.598,-63.32,"bdg06213",23.499,-49.972,"장덕춘_",11.194,-63.624,"Azuner",34.216,-83.707,"ʚneul_ɞ",-3.54,-113.311,"卯月満開",-34.906,-90.107,1460.497,-0.608,-21.717,1461.98,2,"하루（Haru）",-17.006,-47.275,0,2,0,0,0,0,0,2
4,1,1,0,0,0,0,1,0,1,0,255,2,255,3,1487.489,"Pugeuk",R,34,132,0.774,0.465,0.046,1.72,-36.576,2,0,88.953,-84.268,18.155,0,0,1,2,7,R,"Pizzallaris",160,92.656,0.299,3,59,1488.534,186,131,40,169,155,102,39.132,-40.124,0.89,-0.056,-0.028,0.354,0,0,0,-0.195,-37.438,"HalF_HearteD",0.165,-17.134,"하루（Haru）",-21.355,-48.374,"TaeGeuk_",-11.873,-59.42,"bdg06213",22.921,-49.293,"장덕춘_",10.489,-63.396,"Azuner",32.793,-84.68,"ʚneul_ɞ",-4.173,-112.414,"卯月満開",-36.461,-85.375,0,0,0,1493.447,6,"Azuner",39.883,-90.991,0,0,0,0,0,0,0,1
5,1,1,0,0,0,0,2,0,1,0,255,2,255,4,1522.166,"Pugeuk",R,0,111,-0.483,1.116,0.222,1.981,-36.896,0,0,-36.898,0,4.52,0,0,0,3,6,R,"あおいぬ",166.8,107,0.665,0,59,0,0,0,0,0,0,0,0,0,0,0,0,0,0,0,0,0.022,-37.78,"HalF_HearteD",0.1,-17,"하루（Haru）",-21.267,-47.559,"TaeGeuk_",-11.04,-62.43,"bdg06213",22.564,-47.669,"장덕춘_",11.876,-64.432,"Azuner",33.053,-84.322,"ʚneul_ɞ",-5.914,-111.649,"卯月満開",-36.549,-83.928,0,0,0,0,0,"",0,0,0,0,0,0,0,0,0,0
6,1,1,0,0,0,1,2,0,1,0,255,2,255,5,1537.703,"Pugeuk",R,3,112,-2.729,-0.221,0.045,1.623,-36.589,4,0,-421.526,0,17.548,0,0,1,3,6,R,"あおいぬ",166.8,107,0.665,0,59,0,0,0,0,0,0,0,0,0,0,0,0,0,0,0,0,-0.293,-38.024,"HalF_HearteD",-0.412,-16.902,"하루（Haru）",-21.072,-47.528,"TaeGeuk_",-11.124,-61.913,"bdg06213",22.117,-47.978,"장덕춘_",12.052,-64.985,"Azuner",32.31,-84.091,"ʚneul_ɞ",-5.836,-114.142,"卯月満開",-36.452,-84.933,0,0,0,0,0,"",0,0,0,0,0,0,0,0,0,0
7,1,1,0,0,0,2,2,0,1,0,255,2,255,6,1551.486,"Pugeuk",R,10,126,-0.092,-2.257,-0.009,1.482,-36.493,1,0,0,400,12.15,0,0,0,3,6,R,"あおいぬ",166.8,107,0.665,0,59,0,0,0,0,0,0,0,0,0,0,0,0,0,0,0,0,-0.142,-38.09,"HalF_HearteD",-0.185,-17.004,"하루（Haru）",-20.498,-46.537,"TaeGeuk_",-11.972,-61.674,"bdg06213",22.103,-48.435,"장덕춘_",12.042,-64.992,"Azuner",32.194,-84.095,"ʚneul_ɞ",-5.835,-114.002,"卯月満開",-36.438,-84.935,0,0,0,0,0,"",0,0,0,0,0,0,0,0,0,0
8,1,1,0,0,1,2,2,0,1,0,255,2,255,7,1566.503,"Pugeuk",R,5,123,-2.82,-0.521,-0.004,1.607,-36.621,2,0,-142.028,0,13.214,0,0,1,3,6,R,"あおいぬ",166.8,107,0.665,3,59,1567.63,137,89,28,110,141,96,4.23,41.532,0.89,-0.071,-0.063,0.327,0,0,0,-0.367,-37.199,"HalF_HearteD",-0.593,-17.16,"하루（Haru）",-20.778,-46.828,"TaeGeuk_",-11.222,-61.198,"bdg06213",22.36,-47.953,"장덕춘_",12.059,-64.976,"Azuner",32.211,-84.089,"ʚneul_ɞ",-5.798,-114.148,"卯月満開",-36.321,-84.86,1568.38,-13.499,-32.915,1569.38,2,"하루（Haru）",-22.206,-42.299,0,0,0,0,0,0,0,2
9,1,1,0,0,1,2,2,0,1,0,255,2,255,8,1588.596,"Pugeuk",R,26,129,-1.834,1.116,0.01,1.652,-36.528,2,0,-1.621,-200,8.808,0,0,1,3,6,R,"あおいぬ",166.8,107,0.665,3,67,1589.644,173,104,27,138,143,104,34.086,23.419,0.12,-0.05,-0.019,0.387,0,0,0,-0.175,-37.303,"HalF_HearteD",0.111,-17.144,"하루（Haru）",-21.587,-48.443,"TaeGeuk_",-11.809,-61.995,"bdg06213",21.677,-48.07,"장덕춘_",11.808,-65.167,"Azuner",32.494,-86.103,"ʚneul_ɞ",-5.858,-115.943,"卯月満開",-37.108,-81.41,1594.897,-44.312,-94.604,1598.464,8,"卯月満開",-48.598,-103.932,1,0,0,0,0,0,0,2
10,1,1,1,0,0,0,2,0,1,0,255,6,255,9,1630.864,"Pugeuk",R,3,108,-1.985,0.886,0.243,1.807,-36.738,1,0,-407.12,0,9.954,0,0,0,4,5,L,"shimenawa",174.9,100,0.2,0,59,0,0,0,0,0,0,0,0,0,0,0,0,0,0,0,0,-0.117,-38.068,"HalF_HearteD",-0.062,-18.163,"하루（Haru）",-20.862,-47.232,"TaeGeuk_",-13.217,-62.675,"bdg06213",22.133,-44.694,"장덕춘_",4.597,-63.053,"Azuner",42.095,-83.742,"ʚneul_ɞ",1.376,-116.081,"卯月満開",-36.231,-91.916,0,0,0,0,0,"",0,0,0,0,0,0,0,0,0,0
11,1,1,1,0,1,0,2,0,1,0,255,6,255,10,1648.983,"Pugeuk",R,0,118,0.87,0.501,0.179,1.756,-36.647,2,0,0,0,8.756,0,0,1,4,5,L,"shimenawa",174.9,100,0.2,3,92,1650.148,141,92,10,150,140,127,-4.296,-29.747,0.56,-0.077,-0.095,0.217,0,0,0,-0.337,-37.412,"HalF_HearteD",-0.258,-17.231,"하루（Haru）",-20.968,-47.342,"TaeGeuk_",-1.558,-60.77,"bdg06213",22.73,-47.306,"장덕춘_",11.904,-65.046,"Azuner",42.044,-83.727,"ʚneul_ɞ",1.832,-113.823,"卯月満開",-35.114,-90.462,1650.514,5.371,-28.315,1652.997,6,"Azuner",33.567,-80.969,1,0,0,0,0,0,0,2
12,1,1,1,0,0,0,2,1,0,1,5,255,6,11,1688.293,"Pugeuk",R,33,138,0.861,-0.511,0.045,1.579,-36.57,0,0,118.121,-84.355,12.366,0.055,-18.069,0,5,8,R,"紅さかな",172.5,96.324,0.453,0,59,0,0,0,0,0,0,0,0,0,0,0,0,0,0,0,0,-0.243,-38.25,"HalF_HearteD",0.109,-17.192,"하루（Haru）",-18.371,-41.964,"TaeGeuk_",-0.324,-59.064,"bdg06213",21.371,-46.571,"장덕춘_",5.251,-64.077,"Azuner",33.411,-85.056,"ʚneul_ɞ",-3.812,-122.412,"卯月満開",-36.734,-86.671,0,0,0,0,0,"",0,0,0,0,0,0,0,0,0,0
13,1,1,1,0,0,1,2,0,1,1,255,5,6,12,1708.92,"Pugeuk",R,32,138,1.577,-0.856,0.142,1.589,-36.577,4,0,157.748,-30.722,25.005,0,0,1,5,8,R,"紅さかな",172.5,96.324,0.453,3,55,1710.017,196,146,31,201,155,82,-15.726,-34.534,0.97,-0.006,-0.034,0.211,0,0,0,-0.074,-37.197,"HalF_HearteD",0.264,-17.359,"하루（Haru）",-21.515,-48.34,"TaeGeuk_",-11.745,-63.411,"bdg06213",21.066,-48.256,"장덕춘_",10.045,-62.94,"Azuner",33.631,-85.172,"ʚneul_ɞ",-3.815,-120.643,"卯月満開",-36.711,-86.689,1710.147,1.33,-19.522,1710.397,1,"HalF_HearteD",0.262,-21.59,0,0,0,0,0,0,0,2
14,1,1,1,0,0,2,2,0,1,1,255,5,6,13,1726.209,"Pugeuk",R,15,117,0.273,0.342,0.219,1.538,-36.678,2,0,-74.136,-400,23.096,0,0,1,5,8,R,"紅さかな",172.5,96.324,0.453,3,55,1727.328,202,156,47,234,155,128,38.669,-29.148,0.57,-0.027,-0.058,0.232,0,0,0,-0.138,-36.954,"HalF_HearteD",-0.569,-17.135,"하루（Haru）",-20.961,-47.167,"TaeGeuk_",-11.366,-60.137,"bdg06213",21.311,-49.568,"장덕춘_",4.708,-63.153,"Azuner",33.736,-85.596,"ʚneul_ɞ",-4.641,-116.108,"卯月満開",-36.059,-85.691,1733.514,36.538,-130.214,0,0,"",0,0,0,0,0,0,0,0,0,4
15,1,1,4,0,0,0,2,0,0,0,255,255,255,14,1794.81,"Pugeuk",R,26,134,1.041,0.585,0.076,1.754,-36.625,0,0,63.74,-157.524,8.523,0,0,0,6,1,R,"白霜らいふ",190,99.517,0.704,0,38,0,0,0,0,0,0,0,0,0,0,0,0,0,0,0,0,-0.01,-38.057,"HalF_HearteD",0.028,-17.091,"하루（Haru）",-21.18,-47.891,"TaeGeuk_",-10.107,-61.373,"bdg06213",23.613,-48.877,"장덕춘_",11.735,-65.408,"Azuner",33.101,-85.602,"ʚneul_ɞ",-6.233,-115.02,"卯月満開",-40.15,-89.986,0,0,0,0,0,"",0,0,0,0,0,0,0,0,0,0
16,1,1,4,0,0,1,2,0,0,0,255,255,255,15,1813.208,"Pugeuk",R,5,107,-1.209,-0.866,0.033,1.42,-36.62,0,0,-105.859,0,13.406,0,0,1,6,1,R,"白霜らいふ",190,99.517,0.704,0,38,0,0,0,0,0,0,0,0,0,0,0,0,0,0,0,0,-0.438,-38.067,"HalF_HearteD",-0.286,-16.943,"하루（Haru）",-20.996,-47.814,"TaeGeuk_",-12.072,-63.919,"bdg06213",23.125,-49.434,"장덕춘_",11.853,-65.148,"Azuner",33.129,-85.561,"ʚneul_ɞ",-6.221,-115.006,"卯月満開",-39.893,-89.21,0,0,0,0,0,"",0,0,0,0,0,0,0,0,0,0
17,1,1,4,0,0,2,2,0,0,0,255,255,255,16,1829.081,"Pugeuk",R,26,132,-0.521,1.221,-0.059,1.864,-36.647,2,0,36.098,-200,18.152,0,0,1,6,1,R,"白霜らいふ",190,99.517,0.704,3,38,1830.188,204,103,23,186,144,127,-4.698,42.347,0.24,0.001,-0.087,0.309,0,0,0,-0.027,-37.332,"HalF_HearteD",-0.049,-17.186,"하루（Haru）",-20.815,-47.753,"TaeGeuk_",-11.888,-65.529,"bdg06213",23.131,-49.422,"장덕춘_",11.978,-65.318,"Azuner",33.223,-85.561,"ʚneul_ɞ",-6.214,-115.028,"卯月満開",-39.958,-89.275,1830.614,-11.212,-29.556,1836.864,8,"卯月満開",-60.209,-80.699,0,0,0,0,0,0,0,2
18,1,1,4,0,0,2,2,0,0,0,255,255,255,17,1855.908,"Pugeuk",R,7,98,-1.951,-0.665,-0.45,1.592,-36.717,1,0,170.629,0,16.533,0,0,0,6,1,R,"白霜らいふ",190,99.517,0.704,0,38,0,0,0,0,0,0,0,0,0,0,0,0,0,0,0,0,-0.041,-38.186,"HalF_HearteD",-0.275,-17.066,"하루（Haru）",-21.537,-48.289,"TaeGeuk_",-13.307,-63.778,"bdg06213",22.659,-49.909,"장덕춘_",12.122,-65.525,"Azuner",32.437,-86.676,"ʚneul_ɞ",-7.52,-113.698,"卯月満開",-40.953,-87.36,0,0,0,0,0,"",0,0,0,0,0,0,0,0,0,0
19,1,1,4,0,1,2,2,0,0,0,255,255,255,18,1875.918,"Pugeuk",R,27,136,0.853,0.545,0.048,1.752,-36.62,2,0,111.123,-125.311,11.948,0,0,1,6,1,R,"白霜らいふ",190,99.517,0.704,3,38,1876.979,118,119,91,106,142,130,-10.071,-33.507,0.46,-0.094,-0.088,0.384,0,0,0,-0.216,-37.048,"HalF_HearteD",0.076,-17.162,"하루（Haru）",-20.731,-47.265,"TaeGeuk_",-12.383,-62.455,"bdg06213",22.502,-49.831,"장덕춘_",11.822,-65.098,"Azuner",32.235,-86.681,"ʚneul_ɞ",-7.258,-114.403,"卯月満開",-40.974,-87.525,1877.147,3.741,-25.649,1882.847,6,"Azuner",46.925,-92.813,1,0,0,0,0,0,0,2
20,1,1,4,0,0,0,2,0,1,0,255,1,255,19,1921.299,"Pugeuk",R,6,87,-0.886,0.447,-0.472,1.855,-36.657,0,0,364.568,0,0.037,0,0,0,7,4,L,"あいくんだよー",174.6,90.425,0.329,0,59,0,0,0,0,0,0,0,0,0,0,0,0,0,0,0,0,-0.024,-38.238,"HalF_HearteD",-0.145,-17.076,"하루（Haru）",-22.239,-49.208,"TaeGeuk_",-1.125,-61.599,"bdg06213",21.855,-46.532,"장덕춘_",12.055,-65.404,"Azuner",40.838,-83.809,"ʚneul_ɞ",0.867,-113.843,"卯月満開",-33.827,-89.337,0,0,0,0,0,"",0,0,0,0,0,0,0,0,0,0
21,1,1,4,0,0,1,2,0,1,0,255,1,255,20,1939.488,"Pugeuk",R,32,139,2.194,-0.974,0.164,1.504,-36.594,4,0,155.392,-77.973,27.575,0,0,1,7,4,L,"あいくんだよー",174.6,90.425,0.329,0,59,0,0,0,0,0,0,0,0,0,0,0,0,0,0,0,0,0.261,-37.777,"HalF_HearteD",-0.107,-17.081,"하루（Haru）",-21.71,-48.066,"TaeGeuk_",-1.959,-62.784,"bdg06213",22.454,-49.04,"장덕춘_",11.983,-65.157,"Azuner",39.434,-83.191,"ʚneul_ɞ",0.917,-113.946,"卯月満開",-33.814,-89.354,0,0,0,0,0,"",0,0,0,0,0,0,0,0,0,0
22,1,1,4,0,0,2,2,0,1,0,255,1,255,21,1953.625,"Pugeuk",R,34,140,0.843,-1.119,0.054,1.49,-36.499,4,0,83.692,-40.129,11.33,0,0,1,7,4,L,"あいくんだよー",174.6,90.425,0.329,0,59,0,0,0,0,0,0,0,0,0,0,0,0,0,0,0,0,0.104,-38.055,"HalF_HearteD",-0.054,-17.091,"하루（Haru）",-20.857,-47.344,"TaeGeuk_",-2.91,-63.257,"bdg06213",22.854,-47.872,"장덕춘_",11.741,-65.018,"Azuner",39.329,-83.208,"ʚneul_ɞ",0.882,-113.777,"卯月満開",-33.813,-89.33,0,0,0,0,0,"",0,0,0,0,0,0,0,0,0,0
23,1,0,4,0,0,0,0,0,0,0,255,255,255,0,2106.494,"Kenomo",R,11,127,0.997,-0.39,0.227,1.565,-36.811,0,0,-79.114,164.849,0.621,0,0,0,0,0,R,"Pugeuk",190,97,0.598,0,59,0,0,0,0,0,0,0,0,0,0,0,0,0,0,0,0,-0.175,-37.413,"白霜らいふ",0.012,-16.49,"-Alta-",-20.38,-46.992,"D_arling",-11.503,-63.288,"あいくんだよー",19.316,-49.033,"shimenawa",8.827,-64.09,"あおいぬ",34.928,-82.419,"Pizzallaris",0.52,-109.139,"紅さかな",-45.47,-81.774,0,0,0,0,0,"",0,0,0,0,0,0,0,0,0,0
24,1,0,4,0,0,1,0,0,0,0,255,255,255,1,2121.962,"Kenomo",R,28,139,0.908,0.522,0.146,1.658,-36.756,2,0,59.416,-67.023,2.743,0,0,1,0,0,R,"Pugeuk",190,97,0.598,3,59,2122.941,59,70,20,111,76,67,-27.487,12.397,0.06,-0.063,-0.129,0.057,0,0,0,-0.207,-37.236,"白霜らいふ",0.018,-16.569,"-Alta-",-21.23,-47.142,"D_arling",-11.566,-63.397,"あいくんだよー",18.806,-48.447,"shimenawa",13.046,-63.708,"あおいぬ",35.019,-82.411,"Pizzallaris",0.476,-109.185,"紅さかな",-45.639,-81.153,2123.147,-0.296,-21.739,2125.947,3,"D_arling",-7.638,-53.908,0,0,0,0,0,0,0,2
25,1,0,4,0,0,0,1,0,0,0,255,255,255,2,2155.497,"Kenomo",R,28,138,0.765,-0.494,0.179,1.549,-36.764,2,0,55.321,-73.817,-0.356,0,0,1,1,4,R,"bdg06213",190,99.549,0.504,3,59,2156.561,183,148,60,181,155,97,16.871,12.767,-0.47,-0.041,-0.14,0.164,0,0,0,-0.257,-37.165,"白霜らいふ",0.009,-16.541,"-Alta-",-20.387,-46.952,"D_arling",-10.509,-62.811,"あいくんだよー",18.993,-48.571,"shimenawa",14.12,-63.537,"あおいぬ",35.331,-81.368,"Pizzallaris",-0.848,-101.533,"紅さかな",-44.504,-81.971,0,0,0,2160.63,7,"Pizzallaris",-6.268,-92.329,0,0,0,0,0,0,0,1
26,1,0,4,0,0,0,2,0,0,0,255,255,255,3,2185.557,"Kenomo",R,5,122,-0.82,-0.139,-0.047,1.441,-36.693,0,0,-119.371,0,0.946,0,0,0,2,2,L,"하루（Haru）",190,107,0.55,0,59,0,0,0,0,0,0,0,0,0,0,0,0,0,0,0,0,-0.116,-37.326,"白霜らいふ",-0.016,-16.66,"-Alta-",-22.26,-47.524,"D_arling",-9.673,-64.452,"あいくんだよー",20.322,-48.421,"shimenawa",13.983,-63.045,"あおいぬ",39.572,-81.205,"Pizzallaris",0.446,-109.545,"紅さかな",-44.469,-82.982,0,0,0,0,0,"",0,0,0,0,0,0,0,0,0,0
27,1,0,4,0,0,1,2,0,0,0,255,255,255,4,2199.284,"Kenomo",R,4,104,-0.758,0,0.256,1.631,-36.872,2,0,-216.635,0,2.022,0,0,1,2,2,L,"하루（Haru）",190,107,0.55,3,59,2200.451,132,162,62,215,143,91,8.537,23.62,-0.18,0.144,-0.09,0.193,0,0,0,-0.207,-37.137,"白霜らいふ",-0.008,-16.709,"-Alta-",-22.609,-48.677,"D_arling",-9.731,-64.326,"あいくんだよー",20.338,-48.626,"shimenawa",12.504,-63.705,"あおいぬ",39.638,-81.132,"Pizzallaris",0.455,-109.868,"紅さかな",-44.494,-82.991,2202.13,-17.225,-52.657,2204.48,8,"紅さかな",-32.105,-79.608,1,0,0,0,0,0,0,2
28,1,0,4,0,0,0,2,1,0,0,11,255,255,5,2233.974,"Kenomo",R,32,124,2.191,1.913,0.296,1.795,-36.878,1,0,167.034,-84.414,8.161,0,0,0,3,3,R,"TaeGeuk_",177.3,88.568,0.408,0,59,0,0,0,0,0,0,0,0,0,0,0,0,0,0,0,0,-0.089,-37.181,"白霜らいふ",0.078,-16.71,"-Alta-",-19.225,-43.457,"D_arling",-11.633,-62.207,"あいくんだよー",20.711,-48.824,"shimenawa",9.04,-63.972,"あおいぬ",36.807,-82.746,"Pizzallaris",0.006,-110.084,"紅さかな",-45.321,-78.971,0,0,0,0,0,"",0,0,0,0,0,0,0,0,0,0
29,1,0,4,0,1,0,2,1,0,0,11,255,255,6,2250.054,"Kenomo",R,34,137,-1.24,0.414,-0.008,1.649,-36.68,2,0,77.074,-44.856,5.346,0,0,1,3,3,R,"TaeGeuk_",177.3,88.568,0.408,3,59,2250.917,99,70,14,104,129,126,51.682,54.843,0.57,-0.038,0.025,0.255,0,0,0,-0.265,-36.962,"白霜らいふ",0.048,-16.744,"-Alta-",-20.358,-45.373,"D_arling",-11.623,-62.113,"あいくんだよー",15.727,-48.712,"shimenawa",10.489,-64.142,"あおいぬ",36.954,-82.601,"Pizzallaris",0.007,-110.064,"紅さかな",-45.437,-79.811,2256.797,-97.109,-70.825,0,0,"",0,0,0,0,0,0,0,0,0,3
30,1,0,4,0,1,1,2,1,0,0,11,255,255,7,2275.39,"Kenomo",R,4,116,-2.16,-0.13,0.058,1.562,-36.762,2,0,-185.251,0,7.973,0,0,1,3,3,R,"TaeGeuk_",177.3,88.568,0.408,3,59,2276.31,142,81,56,71,142,95,20.455,29.688,0.92,-0.091,-0.134,0.079,0,0,0,-0.306,-37.177,"白霜らいふ",0.007,-16.767,"-Alta-",-20.148,-46.074,"D_arling",-12.103,-61.395,"あいくんだよー",16.574,-48.699,"shimenawa",12.287,-64.069,"あおいぬ",38.086,-81.883,"Pizzallaris",-0.367,-109.647,"紅さかな",-47.851,-81.585,2279.697,-38.488,-74.42,2279.864,8,"紅さかな",-37.87,-73.685,0,0,0,0,0,0,0,1
31,2,1,4,0,0,0,0,0,0,0,255,255,255,22,2332.562,"Pugeuk",R,32,128,-0.852,1.535,-0.043,1.937,-36.751,1,0,166.857,-163.272,59.206,0,0,0,8,0,R,"Kenomo",190,93.022,0.479,0,103,0,0,0,0,0,0,0,0,0,0,0,0,0,0,0,0,-0.4,-38.208,"HalF_HearteD",-0.017,-17.018,"하루（Haru）",-20.768,-47.854,"TaeGeuk_",-12.938,-62.275,"bdg06213",21.536,-50.536,"장덕춘_",11.954,-65.57,"Azuner",35.522,-84.845,"ʚneul_ɞ",-1.402,-110.827,"卯月満開",-38.698,-86.701,0,0,0,0,0,"",0,0,0,0,0,0,0,0,0,0
32,2,1,4,0,1,0,0,0,0,0,255,255,255,23,2348.067,"Pugeuk",R,33,134,0.398,-0.828,0,1.497,-36.536,0,0,133.167,-101.298,22.728,0,0,0,8,0,R,"Kenomo",190,93.022,0.479,0,103,0,0,0,0,0,0,0,0,0,0,0,0,0,0,0,0,0.055,-38.128,"HalF_HearteD",0.111,-17.035,"하루（Haru）",-20.715,-47.432,"TaeGeuk_",-12.957,-62.266,"bdg06213",21.598,-50.502,"장덕춘_",11.926,-65.447,"Azuner",35.468,-84.794,"ʚneul_ɞ",-3.937,-111.891,"卯月満開",-37.744,-88.934,0,0,0,0,0,"",0,0,0,0,0,0,0,0,0,0
33,2,1,4,0,1,1,0,0,0,0,255,255,255,24,2365.748,"Pugeuk",R,2,98,-23.892,-2.529,0.098,1.701,-36.794,1,0,-195.402,-295.397,13.264,0.057,-21.112,0,8,0,R,"Kenomo",190,93.022,0.479,0,103,0,0,0,0,0,0,0,0,0,0,0,0,0,0,0,0,-0.146,-37.987,"HalF_HearteD",-0.336,-17.472,"하루（Haru）",-20.992,-46.809,"TaeGeuk_",-13.446,-61.889,"bdg06213",21.58,-50.673,"장덕춘_",11.969,-65.44,"Azuner",35.514,-84.683,"ʚneul_ɞ",-3.92,-111.226,"卯月満開",-38.033,-88.4,0,0,0,0,0,"",0,0,0,0,0,0,0,0,0,0
34,2,1,4,0,1,2,0,0,0,0,255,255,255,25,2422.87,"Pugeuk",R,33,126,-0.073,-1.36,-0.07,1.227,-36.5,1,0,147.083,-135.044,34.474,0,0,0,8,0,R,"Kenomo",190,93.022,0.479,0,102,0,0,0,0,0,0,0,0,0,0,0,0,0,0,0,0,0.018,-38.035,"HalF_HearteD",-0.011,-16.87,"하루（Haru）",-21.447,-46.906,"TaeGeuk_",-14.466,-61.958,"bdg06213",22.027,-50.553,"장덕춘_",13.144,-64.217,"Azuner",35.746,-85.019,"ʚneul_ɞ",-3.843,-111.527,"卯月満開",-37.714,-85.41,0,0,0,0,0,"",0,0,0,0,0,0,0,0,0,0
35,2,1,4,0,2,2,0,0,0,0,255,255,255,26,2437.961,"Pugeuk",R,10,93,0.867,-1.817,0.146,1.658,-36.709,4,0,0,400,1.851,0.101,-17.242,1,8,0,R,"Kenomo",190,93.022,0.479,0,102,0,0,0,0,0,0,0,0,0,0,0,0,0,0,0,0,0.007,-37.957,"HalF_HearteD",0.011,-17.022,"하루（Haru）",-20.885,-46.354,"TaeGeuk_",-14.471,-60.796,"bdg06213",22.134,-50.533,"장덕춘_",13.083,-64.174,"Azuner",35.65,-84.994,"ʚneul_ɞ",-3.821,-111.411,"卯月満開",-37.723,-85.386,0,0,0,0,0,"",0,0,0,0,0,0,0,0,0,0
36,2,1,4,0,0,0,1,0,0,0,255,255,255,27,2467.066,"Pugeuk",R,33,139,2.645,-0.178,0.216,1.623,-36.632,4,0,126.996,-100.725,37.98,1.126,-9.479,1,0,2,L,"-Alta-",190,88,0.5,0,59,0,0,0,0,0,0,0,0,0,0,0,0,0,0,0,0,-0.107,-37.857,"HalF_HearteD",0.431,-16.93,"하루（Haru）",-22.535,-48.311,"TaeGeuk_",-10.67,-64.093,"bdg06213",22.978,-49.559,"장덕춘_",13.039,-64.887,"Azuner",41.687,-82.817,"ʚneul_ɞ",1.091,-114.341,"卯月満開",-35.402,-91.051,0,0,0,0,0,"",0,0,0,0,0,0,0,0,0,0
37,2,1,4,0,0,1,1,0,0,0,255,255,255,28,2486.368,"Pugeuk",R,6,79,-0.272,0.023,-0.417,1.838,-36.746,0,0,320.647,0,-17.954,0,0,1,0,2,L,"-Alta-",190,88,0.5,0,59,0,0,0,0,0,0,0,0,0,0,0,0,0,0,0,0,-0.3,-37.901,"HalF_HearteD",-0.134,-16.927,"하루（Haru）",-22.069,-47.494,"TaeGeuk_",-11.513,-65.308,"bdg06213",23.255,-50.124,"장덕춘_",12.846,-64.721,"Azuner",41.861,-83.043,"ʚneul_ɞ",2.012,-113.336,"卯月満開",-35.591,-91.165,0,0,0,0,0,"",0,0,0,0,0,0,0,0,0,0
38,2,1,4,0,0,2,1,0,0,0,255,255,255,29,2503.527,"Pugeuk",R,33,131,-0.426,0.666,-0.079,1.789,-36.667,2,0,129.279,-76.598,22.584,0,0,1,0,2,L,"-Alta-",190,88,0.5,3,59,2504.555,176,170,38,239,155,103,23.803,7.988,0.03,0.059,-0.214,0.284,0,0,0,-0.199,-37.124,"HalF_HearteD",-0.149,-17.006,"하루（Haru）",-21.344,-48.293,"TaeGeuk_",-11.949,-64.643,"bdg06213",23.384,-50.249,"장덕춘_",12.952,-64.729,"Azuner",41.897,-83.035,"ʚneul_ɞ",2.013,-113.347,"卯月満開",-35.593,-91.144,2509.497,2.1,-110.51,2515.314,7,"ʚneul_ɞ",7.351,-130.196,1,0,0,0,0,0,0,2
39,2,1,4,0,0,0,1,0,0,1,255,255,2,30,2546.213,"Pugeuk",R,3,95,-1.318,-0.315,0.17,1.709,-36.683,0,0,-322.843,0,8.163,0,0,0,1,3,R,"D_arling",164.8,100.283,0.402,0,59,0,0,0,0,0,0,0,0,0,0,0,0,0,0,0,0,-0.131,-37.586,"HalF_HearteD",0.111,-17.032,"하루（Haru）",-18.702,-41.474,"TaeGeuk_",-8.187,-58.232,"bdg06213",18.889,-40.007,"장덕춘_",15.148,-63.557,"Azuner",36.727,-84.57,"ʚneul_ɞ",-3.058,-110.612,"卯月満開",-32.851,-87.582,0,0,0,0,0,"",0,0,0,0,0,0,0,0,0,0
40,2,1,4,0,0,1,1,0,0,1,255,255,2,31,2674.365,"Pugeuk",R,32,133,-2.43,2.067,-0.137,1.959,-36.788,4,0,158.06,-28.41,26.94,0,0,1,1,3,R,"D_arling",164.8,100.283,0.402,0,59,0,0,0,0,0,0,0,0,0,0,0,0,0,0,0,0,-0.038,-37.988,"HalF_HearteD",-0.385,-17.063,"하루（Haru）",-19.299,-43.581,"TaeGeuk_",-10.721,-61.449,"bdg06213",18.039,-40.4,"장덕춘_",14.051,-63.387,"Azuner",37.393,-84.132,"ʚneul_ɞ",-3.01,-110.522,"卯月満開",-34.761,-83.851,0,0,0,0,0,"",0,0,0,0,0,0,0,0,0,0
41,2,1,4,0,0,2,1,0,0,1,255,255,2,32,2694.982,"Pugeuk",R,4,97,1.236,-0.673,0.572,1.465,-36.903,0,0,-179.942,-17.135,13.606,0,0,1,1,3,R,"D_arling",164.8,100.283,0.402,0,59,0,0,0,0,0,0,0,0,0,0,0,0,0,0,0,0,0.245,-38.041,"HalF_HearteD",0.208,-17.085,"하루（Haru）",-19.364,-43.767,"TaeGeuk_",-11.685,-60.757,"bdg06213",18.575,-41.064,"장덕춘_",14.11,-63.507,"Azuner",37.335,-84.186,"ʚneul_ɞ",-2.925,-110.441,"卯月満開",-34.969,-88.058,0,0,0,0,0,"",0,0,0,0,0,0,0,0,0,0
42,2,1,4,0,0,0,2,0,0,1,255,255,2,33,2724.302,"Pugeuk",R,28,140,-0.347,-2.318,-0.051,1.343,-36.527,2,0,68.644,-84.798,18.14,0,0,1,2,7,R,"Pizzallaris",160,92.656,0.299,3,59,2725.375,142,113,60,100,143,116,-18.193,9.235,0.75,-0.129,-0.085,0.204,0,0,0,-0.271,-37.218,"HalF_HearteD",-0.113,-17.264,"하루（Haru）",-21.132,-47.882,"TaeGeuk_",-10.7,-61.398,"bdg06213",18.928,-43.237,"장덕춘_",14.06,-63.457,"Azuner",37.413,-84.152,"ʚneul_ɞ",-2.761,-112.206,"卯月満開",-35.952,-84.166,2725.464,-0.077,-19.172,2727.247,3,"TaeGeuk_",-6.574,-58.551,0,0,0,0,0,0,0,2
43,2,0,4,0,0,0,0,0,0,0,255,255,255,8,2836.936,"Kenomo",R,13,111,-2.374,-1.78,-0.004,1.585,-36.745,1,0,-239.032,400,6.559,0,0,0,4,5,R,"장덕춘_",169.7,94.815,0.549,0,59,0,0,0,0,0,0,0,0,0,0,0,0,0,0,0,0,-0.206,-37.26,"白霜らいふ",0.007,-16.473,"-Alta-",-21.515,-47.277,"D_arling",-11.764,-62.604,"あいくんだよー",18.999,-49.699,"shimenawa",9.848,-64.02,"あおいぬ",36.625,-84.331,"Pizzallaris",0.368,-105.397,"紅さかな",-46.403,-83.482,0,0,0,0,0,"",0,0,0,0,0,0,0,0,0,0
44,2,0,4,0,1,0,0,0,0,0,255,255,255,9,2853.566,"Kenomo",R,0,123,-1.061,-0.292,0.118,1.655,-36.784,0,0,0,0,2.961,0,0,1,4,5,R,"장덕춘_",169.7,94.815,0.549,0,59,0,0,0,0,0,0,0,0,0,0,0,0,0,0,0,0,-0.291,-37.253,"白霜らいふ",0.008,-16.473,"-Alta-",-19.542,-45.112,"D_arling",-11.701,-62.55,"あいくんだよー",19.155,-50.043,"shimenawa",7.881,-64.408,"あおいぬ",36.706,-84.297,"Pizzallaris",0.371,-105.404,"紅さかな",-45.687,-82.791,0,0,0,0,0,"",0,0,0,0,0,0,0,0,0,0
45,2,0,4,0,1,1,0,0,0,0,255,255,255,10,2872.415,"Kenomo",R,3,107,-0.952,-0.025,0.208,1.518,-36.764,0,0,-429.689,0,7.719,0,0,1,4,5,R,"장덕춘_",169.7,94.815,0.549,0,59,0,0,0,0,0,0,0,0,0,0,0,0,0,0,0,0,-0.206,-37.371,"白霜らいふ",0.006,-16.541,"-Alta-",-20.371,-46.164,"D_arling",-11.679,-62.582,"あいくんだよー",17.647,-49.453,"shimenawa",8.262,-64.238,"あおいぬ",36.58,-84.349,"Pizzallaris",0.327,-105.392,"紅さかな",-46.917,-82.019,0,0,0,0,0,"",0,0,0,0,0,0,0,0,0,0
46,2,0,4,0,1,2,0,0,0,0,255,255,255,11,2888.755,"Kenomo",R,32,138,-1.612,0.403,-0.061,1.62,-36.738,2,0,151.39,-135.571,3.818,0,0,1,4,5,R,"장덕춘_",169.7,94.815,0.549,3,59,2889.687,139,112,76,134,143,118,35.579,25.425,0.22,-0.114,-0.077,0.143,0,0,0,-0.151,-37.263,"白霜らいふ",-0.058,-16.526,"-Alta-",-20.163,-46.309,"D_arling",-11.71,-62.488,"あいくんだよー",17.621,-49.423,"shimenawa",12.882,-64.356,"あおいぬ",36.61,-84.274,"Pizzallaris",0.31,-105.392,"紅さかな",-46.805,-82.205,2895.78,-44.12,-113.106,2897.414,8,"紅さかな",-39.018,-110.094,1,0,0,0,0,0,0,2
47,2,0,4,0,0,0,0,0,1,0,255,14,255,12,2926.708,"Kenomo",R,34,131,-0.357,-2.655,0.191,1.699,-36.77,2,0,91.337,-58.792,1.909,0,0,1,5,8,R,"卯月満開",180.3,89.902,0.2,2,59,2927.459,183,52,9,86,117,71,-36.404,5.161,-0.46,-0.075,-0.023,0,0,0,0,-0.039,-37.057,"白霜らいふ",0.006,-16.58,"-Alta-",-19.613,-45.872,"D_arling",-10.886,-63.12,"あいくんだよー",19.767,-49.376,"shimenawa",11.682,-64.507,"あおいぬ",36.518,-80.342,"Pizzallaris",0.165,-103.702,"紅さかな",-43.931,-82.091,2927.63,0.074,-21.413,2928.797,0,"Kenomo",-1.076,-34.378,0,0,0,0,0,0,0,2
48,2,0,4,0,0,0,1,0,1,0,255,14,255,13,2958.741,"Kenomo",R,28,139,-2.221,-0.601,-0.079,1.541,-36.701,1,0,70.527,-97.185,3.863,0,0,0,6,7,L,"ʚneul_ɞ",160,97,0.526,0,46,0,0,0,0,0,0,0,0,0,0,0,0,0,0,0,0,-0.202,-37.397,"白霜らいふ",-0.045,-16.596,"-Alta-",-20.29,-45.477,"D_arling",-5.485,-62.888,"あいくんだよー",19.249,-47.808,"shimenawa",8.391,-63.867,"あおいぬ",37.912,-79.234,"Pizzallaris",0.088,-108.525,"紅さかな",-43.641,-81.277,0,0,0,0,0,"",0,0,0,0,0,0,0,0,0,0
49,2,0,4,0,1,0,1,0,1,0,255,14,255,14,2978.527,"Kenomo",R,12,134,0.271,0.469,0.094,1.662,-36.759,2,0,-41.737,129.775,8.713,0,0,1,6,7,L,"ʚneul_ɞ",160,97,0.526,2,46,2979.337,197,131,34,172,155,85,16.576,-3.588,-0.49,0.009,-0.133,0.451,0,0,0,-0.257,-37.018,"白霜らいふ",-0.002,-16.575,"-Alta-",-21.214,-46.85,"D_arling",-4.592,-64.081,"あいくんだよー",19.22,-47.717,"shimenawa",14.169,-64.563,"あおいぬ",38.064,-79.157,"Pizzallaris",0.088,-108.458,"紅さかな",-43.797,-80.678,2982.797,-4.286,-79.597,2984.247,7,"Pizzallaris",-6.357,-93.502,1,0,0,0,0,0,0,2
50,2,0,4,0,0,0,1,1,0,1,16,255,14,15,3018.087,"Kenomo",R,0,134,0,0.854,0.124,1.677,-36.731,0,0,29.079,-37.32,2.891,0,0,1,7,1,R,"HalF_HearteD",174.6,94.82,0.401,0,59,0,0,0,0,0,0,0,0,0,0,0,0,0,0,0,0,-0.174,-37.205,"白霜らいふ",0.036,-16.503,"-Alta-",-19.526,-42.156,"D_arling",-9.729,-63.81,"あいくんだよー",17.638,-45.742,"shimenawa",8.542,-64.866,"あおいぬ",37.166,-80.443,"Pizzallaris",0.323,-110.03,"紅さかな",-44.708,-82.275,0,0,0,0,0,"",0,0,0,0,0,0,0,0,0,0
51,2,0,4,0,0,1,1,1,0,1,16,255,14,16,3036.927,"Kenomo",R,10,130,-1.822,-1.709,-0.037,1.452,-36.704,4,0,-64.067,332.431,13.156,0,0,1,7,1,R,"HalF_HearteD",174.6,94.82,0.401,0,59,0,0,0,0,0,0,0,0,0,0,0,0,0,0,0,0,-0.078,-37.282,"白霜らいふ",0.074,-16.576,"-Alta-",-19.482,-41.488,"D_arling",-9.658,-63.907,"あいくんだよー",18.287,-45.363,"shimenawa",8.071,-63.168,"あおいぬ",37.875,-81.214,"Pizzallaris",0.316,-110.024,"紅さかな",-45.118,-82.04,0,0,0,0,0,"",0,0,0,0,0,0,0,0,0,0
52,2,0,4,0,0,2,1,1,0,1,16,255,14,17,3055.203,"Kenomo",R,3,125,-1.057,0.103,0.079,1.504,-36.692,0,0,-478.577,0,3.07,0,0,1,7,1,R,"HalF_HearteD",174.6,94.82,0.401,0,59,0,0,0,0,0,0,0,0,0,0,0,0,0,0,0,0,-0.008,-37.26,"白霜らいふ",-0.009,-16.495,"-Alta-",-19.303,-41.915,"D_arling",-12.235,-62.685,"あいくんだよー",19.99,-45.575,"shimenawa",6.766,-63.624,"あおいぬ",37.871,-81.186,"Pizzallaris",0.283,-109.79,"紅さかな",-44.363,-80.118,0,0,0,0,0,"",0,0,0,0,0,0,0,0,0,0
53,2,0,4,0,0,0,2,1,0,1,16,255,14,18,3084.289,"Kenomo",R,13,109,-1.354,-0.733,0.057,1.516,-36.683,0,0,-373.364,328.679,1.75,0,0,1,8,6,L,"Azuner",179.9,86,0.398,0,59,0,0,0,0,0,0,0,0,0,0,0,0,0,0,0,0,-0.18,-37.217,"白霜らいふ",-0.012,-16.518,"-Alta-",-20.445,-44.274,"D_arling",-10.95,-63.053,"あいくんだよー",19.676,-45.014,"shimenawa",8.061,-62.679,"あおいぬ",40.727,-80.915,"Pizzallaris",0.244,-108.988,"紅さかな",-44.947,-83.012,0,0,0,0,0,"",0,0,0,0,0,0,0,0,0,0
54,2,0,4,0,0,1,2,1,0,1,16,255,14,19,3099.956,"Kenomo",R,0,121,0.083,-0.077,0.179,1.601,-36.773,2,0,0,0,10.087,0,0,1,8,6,L,"Azuner",179.9,86,0.398,3,59,3101.053,189,177,85,210,155,96,25.034,-37.476,-0.07,0.011,-0.149,0.279,0,0,0,-0.239,-37.019,"白霜らいふ",-0.041,-16.627,"-Alta-",-19.901,-44.711,"D_arling",-10.968,-62.935,"あいくんだよー",20.579,-46.289,"shimenawa",13.352,-64.287,"あおいぬ",40.65,-80.901,"Pizzallaris",0.383,-105.847,"紅さかな",-46.087,-82.057,0,0,0,3105.33,6,"あおいぬ",35.688,-84.705,0,0,0,0,0,0,0,1
55,3,1,4,0,0,0,0,0,0,0,255,255,255,34,3163.976,"Pugeuk",R,5,103,0.98,0.155,0.458,1.59,-36.823,0,0,-65.967,0,8.446,0,0,0,3,6,R,"あおいぬ",166.8,107,0.665,0,59,0,0,0,0,0,0,0,0,0,0,0,0,0,0,0,0,-0.254,-37.979,"HalF_HearteD",0.013,-17.157,"하루（Haru）",-21.3,-47.028,"TaeGeuk_",-12.702,-63.527,"bdg06213",24.161,-51.907,"장덕춘_",12.612,-65.082,"Azuner",36.85,-85.591,"ʚneul_ɞ",-3.422,-110.04,"卯月満開",-38.96,-88.229,0,0,0,0,0,"",0,0,0,0,0,0,0,0,0,0
56,3,1,4,0,0,1,0,0,0,0,255,255,255,35,3183.995,"Pugeuk",R,33,135,0.481,2.567,0.057,1.967,-36.92,1,0,138.073,-29.741,41.74,0,0,0,3,6,R,"あおいぬ",166.8,107,0.665,0,59,0,0,0,0,0,0,0,0,0,0,0,0,0,0,0,0,-0.033,-38.005,"HalF_HearteD",0.017,-17.069,"하루（Haru）",-20.978,-47.835,"TaeGeuk_",-12.894,-64.932,"bdg06213",24.272,-51.946,"장덕춘_",12.53,-65.018,"Azuner",36.411,-85.382,"ʚneul_ɞ",-3.468,-110.061,"卯月満開",-38.959,-88.248,0,0,0,0,0,"",0,0,0,0,0,0,0,0,0,0
57,3,1,4,0,1,1,0,0,0,0,255,255,255,36,3202.297,"Pugeuk",R,33,140,1.128,-0.747,0.064,1.558,-36.544,2,0,145.697,-51.924,16.89,0,0,1,3,6,R,"あおいぬ",166.8,107,0.665,3,59,3203.369,182,94,16,115,142,83,-33.302,-1.599,-0.17,-0.056,-0.036,0.376,0,0,0,-0.012,-37.123,"HalF_HearteD",0.036,-17.239,"하루（Haru）",-21.048,-47.934,"TaeGeuk_",-11.294,-64.236,"bdg06213",24.145,-51.924,"장덕춘_",12.546,-64.99,"Azuner",36.342,-85.414,"ʚneul_ɞ",-3.45,-110.141,"卯月満開",-38.951,-88.241,3203.43,0.246,-20.228,3204.564,0,"Pugeuk",-0.966,-34.606,0,0,0,0,0,0,0,2
58,3,1,4,0,0,0,1,0,0,0,255,255,255,37,3233.564,"Pugeuk",R,6,91,3.718,-0.107,0.059,1.745,-36.697,1,0,360.319,0,11.413,0,0,0,4,5,L,"shimenawa",174.9,100,0.2,0,94,0,0,0,0,0,0,0,0,0,0,0,0,0,0,0,0,-0.217,-38.048,"HalF_HearteD",0.412,-17.055,"하루（Haru）",-21.613,-48.34,"TaeGeuk_",-11.858,-66.433,"bdg06213",23.455,-50.934,"장덕춘_",12.603,-64.916,"Azuner",41.07,-83.082,"ʚneul_ɞ",1.13,-109.096,"卯月満開",-34.874,-97.31,0,0,0,0,0,"",0,0,0,0,0,0,0,0,0,0
59,3,1,4,0,1,0,1,0,0,0,255,255,255,38,3251.348,"Pugeuk",R,34,132,-0.91,0.891,-0.114,1.811,-36.627,2,0,98.494,-62.669,19.506,0,0,1,4,5,L,"shimenawa",174.9,100,0.2,3,94,3252.462,151,42,0,86,83,64,61.223,-46.419,-0.15,-0.071,-0.024,0.173,0,0,0,-0.069,-36.843,"HalF_HearteD",-0.112,-17.119,"하루（Haru）",-21.445,-48.485,"TaeGeuk_",-10.314,-64.066,"bdg06213",23.351,-50.863,"장덕춘_",12.526,-64.876,"Azuner",41.065,-83.069,"ʚneul_ɞ",1.16,-109.133,"卯月満開",-34.85,-97.275,0,0,0,3257.314,4,"bdg06213",25.957,-45.193,0,0,0,0,0,0,0,1
60,3,1,4,0,0,0,2,0,0,0,255,255,255,39,3280.503,"Pugeuk",R,10,111,2.012,-1.672,0.163,1.721,-36.717,1,0,0,400,1.247,0.399,-17.943,0,5,8,R,"紅さかな",172.5,96.324,0.453,0,59,0,0,0,0,0,0,0,0,0,0,0,0,0,0,0,0,0.14,-38.056,"HalF_HearteD",0.119,-17.298,"하루（Haru）",-21.667,-48.624,"TaeGeuk_",-10.053,-60.953,"bdg06213",23.267,-51.152,"장덕춘_",12.998,-64.972,"Azuner",35.927,-83.863,"ʚneul_ɞ",-3.001,-112.307,"卯月満開",-36.023,-86.584,0,0,0,0,0,"",0,0,0,0,0,0,0,0,0,0
61,3,1,4,0,1,0,2,0,0,0,255,255,255,40,3335.245,"Pugeuk",R,27,140,-2.317,-0.424,-0.204,1.661,-36.64,1,0,133.121,-136.959,34.316,0,0,0,5,8,R,"紅さかな",172.5,96.324,0.453,0,59,0,0,0,0,0,0,0,0,0,0,0,0,0,0,0,0,-0.016,-37.949,"HalF_HearteD",-0.386,-17.071,"하루（Haru）",-21.749,-49.316,"TaeGeuk_",-13.543,-62.072,"bdg06213",22.388,-51.099,"장덕춘_",12.365,-65.05,"Azuner",35.818,-83.962,"ʚneul_ɞ",-3.958,-110.051,"卯月満開",-35.48,-86.343,0,0,0,0,0,"",0,0,0,0,0,0,0,0,0,0
62,3,1,4,0,2,0,2,0,0,0,255,255,255,41,3352.394,"Pugeuk",R,32,136,1.207,0.516,0.062,1.732,-36.561,0,0,176.666,-121.133,21.63,0,0,0,5,8,R,"紅さかな",172.5,96.324,0.453,0,59,0,0,0,0,0,0,0,0,0,0,0,0,0,0,0,0,-0.192,-38.054,"HalF_HearteD",0.121,-17.107,"하루（Haru）",-21.661,-49.291,"TaeGeuk_",-13.009,-64.449,"bdg06213",22.393,-51.046,"장덕춘_",12.197,-65.079,"Azuner",35.861,-83.883,"ʚneul_ɞ",-3.723,-110.323,"卯月満開",-35.464,-86.351,0,0,0,0,0,"",0,0,0,0,0,0,0,0,0,0
63,3,1,4,0,2,1,2,0,0,0,255,255,255,42,3368.628,"Pugeuk",R,32,139,1.283,-0.774,0.068,1.545,-36.53,0,0,201.515,-57.491,29.153,0,0,0,5,8,R,"紅さかな",172.5,96.324,0.453,0,59,0,0,0,0,0,0,0,0,0,0,0,0,0,0,0,0,-0.179,-37.918,"HalF_HearteD",0.148,-17.161,"하루（Haru）",-21.783,-48.879,"TaeGeuk_",-13.104,-64.105,"bdg06213",22.339,-51.049,"장덕춘_",12.196,-65.099,"Azuner",35.804,-83.929,"ʚneul_ɞ",-3.756,-111.039,"卯月満開",-35.54,-86.49,0,0,0,0,0,"",0,0,0,0,0,0,0,0,0,0
64,3,1,4,0,2,2,2,0,0,0,255,255,255,43,3388.084,"Pugeuk",R,4,99,-3.123,0.231,0.005,1.657,-36.737,4,0,-164.152,-85.678,12.48,0,0,1,5,8,R,"紅さかな",172.5,96.324,0.453,0,59,0,0,0,0,0,0,0,0,0,0,0,0,0,0,0,0,-0.109,-37.817,"HalF_HearteD",-0.586,-17.057,"하루（Haru）",-21.424,-46.634,"TaeGeuk_",-11.536,-62.017,"bdg06213",22.352,-50.233,"장덕춘_",12.192,-65.044,"Azuner",35.787,-83.937,"ʚneul_ɞ",-3.832,-108.992,"卯月満開",-35.44,-86.59,0,0,0,0,0,"",0,0,0,0,0,0,0,0,0,0
65,3,0,4,0,0,0,0,0,0,0,255,255,255,20,3437.987,"Kenomo",R,13,114,-1.96,-1.085,-0.142,1.429,-36.776,4,0,-205.597,400,8.945,0,0,1,0,0,R,"Pugeuk",190,97,0.548,0,59,0,0,0,0,0,0,0,0,0,0,0,0,0,0,0,0,0.45,-37.57,"白霜らいふ",0.026,-16.501,"-Alta-",-20.096,-44.953,"D_arling",-11.53,-63.698,"あいくんだよー",20.627,-48.692,"shimenawa",11.476,-63.932,"あおいぬ",36.769,-85.818,"Pizzallaris",0.665,-106.271,"紅さかな",-48.12,-84.961,0,0,0,0,0,"",0,0,0,0,0,0,0,0,0,0
66,3,0,4,0,0,1,0,0,0,0,255,255,255,21,3453.459,"Kenomo",R,34,133,2.283,1.626,0.238,1.789,-36.845,2,0,96.376,-54.466,4.819,0,0,1,0,0,R,"Pugeuk",190,97,0.548,3,59,3454.5,55,63,20,102,67,67,1.21,-3.849,-0.26,0.015,-0.06,0.006,0,0,0,0.13,-37.354,"白霜らいふ",0.056,-16.54,"-Alta-",-20.25,-45.734,"D_arling",-12.277,-63.335,"あいくんだよー",20.731,-48.705,"shimenawa",13.942,-63.623,"あおいぬ",37.024,-85.558,"Pizzallaris",0.687,-106.272,"紅さかな",-48.306,-85.167,3455.43,0.67,-36.076,3455.68,0,"Kenomo",0.675,-36.091,0,0,0,0,0,0,0,2
67,3,0,4,0,0,0,1,0,0,0,255,255,255,22,3481.573,"Kenomo",R,34,138,0.072,0.043,0.147,1.684,-36.775,0,0,73.916,-63.595,4.055,0,0,0,1,4,R,"bdg06213",190,99.549,0.504,0,59,0,0,0,0,0,0,0,0,0,0,0,0,0,0,0,0,0.064,-37.501,"白霜らいふ",0.02,-16.527,"-Alta-",-19.745,-43.61,"D_arling",-12.629,-63.152,"あいくんだよー",18.235,-47.956,"shimenawa",9.123,-64.459,"あおいぬ",35.729,-83.447,"Pizzallaris",0.31,-106.108,"紅さかな",-47.332,-83.908,0,0,0,0,0,"",0,0,0,0,0,0,0,0,0,0
68,3,0,4,0,0,1,1,0,0,0,255,255,255,23,3498.61,"Kenomo",R,28,134,0.628,0.499,0.248,1.725,-36.741,0,0,79.021,-83.037,4.915,0,0,0,1,4,R,"bdg06213",190,99.549,0.504,0,59,0,0,0,0,0,0,0,0,0,0,0,0,0,0,0,0,-0.113,-37.104,"白霜らいふ",0.053,-16.498,"-Alta-",-20.013,-43.374,"D_arling",-11.886,-63.014,"あいくんだよー",18.88,-48.332,"shimenawa",9.649,-64.039,"あおいぬ",35.737,-83.385,"Pizzallaris",0.302,-106.078,"紅さかな",-47.332,-83.862,0,0,0,0,0,"",0,0,0,0,0,0,0,0,0,0
69,3,0,4,0,0,2,1,0,0,0,255,255,255,24,3513.024,"Kenomo",R,0,123,-0.548,-0.275,-0.003,1.472,-36.708,2,0,0,0,4.224,0,0,1,1,4,R,"bdg06213",190,99.549,0.504,3,59,3514.143,109,90,16,117,137,89,54.29,45.166,-0.02,-0.102,-0.126,0.116,0,0,0,-0.152,-37.153,"白霜らいふ",-0.051,-16.636,"-Alta-",-20.313,-45.353,"D_arling",-11.887,-62.906,"あいくんだよー",19.622,-48.817,"shimenawa",12.242,-64.192,"あおいぬ",35.811,-83.373,"Pizzallaris",0.3,-106.073,"紅さかな",-47.502,-84.023,3519.564,-47.58,-61.235,0,0,"",0,0,0,0,0,0,0,0,0,3
70,3,0,4,0,0,2,1,0,0,0,255,255,255,25,3536.907,"Kenomo",R,13,113,-1.577,-0.911,0.003,1.446,-36.716,4,0,-355.141,351.958,5.896,0,0,1,1,4,R,"bdg06213",190,99.549,0.504,0,59,0,0,0,0,0,0,0,0,0,0,0,0,0,0,0,0,-0.036,-37.557,"白霜らいふ",0.082,-16.454,"-Alta-",-19.568,-42.533,"D_arling",-12.035,-62.26,"あいくんだよー",20.515,-49.628,"shimenawa",6.802,-63.503,"あおいぬ",39.954,-87.172,"Pizzallaris",-0.153,-102.798,"紅さかな",-43.283,-78.529,0,0,0,0,0,"",0,0,0,0,0,0,0,0,0,0
71,3,0,4,0,0,0,2,0,0,0,255,255,255,26,3567.793,"Kenomo",R,28,126,-1.531,0.808,0.076,1.749,-36.803,2,0,53.371,-60.639,4.98,0,0,1,2,2,L,"하루（Haru）",190,107,0.55,3,59,3568.871,178,111,38,156,147,93,39.468,-16.614,-0.33,0.038,-0.053,0.008,0,0,0,-0.257,-37.012,"白霜らいふ",-0.005,-16.424,"-Alta-",-20.468,-46,"D_arling",-11.161,-63.591,"あいくんだよー",20.933,-48.145,"shimenawa",13.325,-64.376,"あおいぬ",42.102,-85.818,"Pizzallaris",0.125,-103.034,"紅さかな",-46.13,-82.629,3573.98,27.514,-85.338,3574.13,6,"あおいぬ",26.808,-83.775,0,0,0,0,0,0,0,1
72,4,1,4,0,0,0,0,0,0,0,255,255,255,44,3625.491,"Pugeuk",R,33,134,0.891,0.076,0.05,1.679,-36.564,0,0,114.045,-71.568,17.934,0,0,1,6,1,R,"白霜らいふ",190,99.517,0.704,0,38,0,0,0,0,0,0,0,0,0,0,0,0,0,0,0,0,-0.101,-38.036,"HalF_HearteD",0.108,-17.007,"하루（Haru）",-21.027,-48.137,"TaeGeuk_",-10.376,-60.616,"bdg06213",22.987,-50.168,"장덕춘_",14.668,-62.833,"Azuner",37.297,-83.558,"ʚneul_ɞ",-3.529,-110.186,"卯月満開",-39.116,-86.523,0,0,0,0,0,"",0,0,0,0,0,0,0,0,0,0
73,4,1,4,0,0,1,0,0,0,0,255,255,255,45,3643.498,"Pugeuk",R,2,108,0.276,0.188,0.42,1.771,-36.77,2,0,-353.485,-346.955,29.589,0,0,1,6,1,R,"白霜らいふ",190,99.517,0.704,3,38,3644.695,255,78,32,101,142,92,112.179,2.773,-0.04,-0.072,-0.125,0.14,0,0,0,-0.097,-37.663,"HalF_HearteD",0.102,-17.037,"하루（Haru）",-21.01,-47.906,"TaeGeuk_",-11.995,-63.419,"bdg06213",23.18,-50.602,"장덕춘_",12.877,-64.228,"Azuner",38.614,-83.483,"ʚneul_ɞ",-4.207,-108.678,"卯月満開",-39.047,-86.047,0,0,0,0,0,"",0,0,0,0,0,0,0,0,0,3
74,4,1,4,0,0,2,0,0,0,0,255,255,255,46,3663.768,"Pugeuk",R,32,140,1.764,0.984,0.077,1.765,-36.564,2,0,169.503,-118.129,22.614,0,0,1,6,1,R,"白霜らいふ",190,99.517,0.704,3,38,3664.852,203,117,41,117,155,96,31.476,-13.202,-0.49,-0.043,-0.113,0.34,0,0,0,-0.068,-37.031,"HalF_HearteD",0.137,-17.165,"하루（Haru）",-20.789,-47.524,"TaeGeuk_",-11.602,-63.751,"bdg06213",23.078,-50.591,"장덕춘_",13.029,-64.479,"Azuner",37.152,-81.738,"ʚneul_ɞ",-4.864,-113.931,"卯月満開",-38.727,-85.481,3670.014,22.693,-96.303,3675.664,7,"ʚneul_ɞ",33.468,-123.318,1,0,0,0,0,0,0,2
75,4,1,4,0,0,0,0,0,0,1,255,255,1,47,3707.794,"Pugeuk",R,28,140,2.763,-0.653,0.229,1.551,-36.635,2,0,96.405,-97.286,13.912,0,0,1,7,4,L,"あいくんだよー",174.6,90.425,0.329,2,59,3708.837,214,121,53,157,155,75,39.984,-49.427,0.96,0.255,-0.289,0.234,0,0,0,-0.199,-37.073,"HalF_HearteD",0.068,-17.008,"하루（Haru）",-20.924,-47.374,"TaeGeuk_",-8.853,-61.619,"bdg06213",19.496,-44.845,"장덕춘_",12.184,-64.966,"Azuner",38.749,-80.396,"ʚneul_ɞ",1.232,-111.825,"卯月満開",-31.219,-91.517,3713.297,49.043,-53.545,0,0,"",0,0,0,0,0,0,0,0,0,3
76,4,1,4,0,0,1,0,0,0,1,255,255,1,48,3732.023,"Pugeuk",R,6,82,-0.724,0.27,-0.432,1.847,-36.703,0,0,323.184,0,1.981,0,0,0,7,4,L,"あいくんだよー",174.6,90.425,0.329,0,59,0,0,0,0,0,0,0,0,0,0,0,0,0,0,0,0,-0.222,-38.134,"HalF_HearteD",-0.033,-17.011,"하루（Haru）",-20.951,-47.419,"TaeGeuk_",-7.353,-63.257,"bdg06213",18.682,-42.322,"장덕춘_",12.803,-64.937,"Azuner",39.521,-81.928,"ʚneul_ɞ",3.631,-110.993,"卯月満開",-32.675,-89.912,0,0,0,0,0,"",0,0,0,0,0,0,0,0,0,0
77,4,1,4,0,0,2,0,0,0,1,255,255,1,49,3752.653,"Pugeuk",R,3,105,-3.333,-0.395,0.154,1.82,-36.853,4,0,-446.118,0,-10.881,-0.505,-20.824,1,7,4,L,"あいくんだよー",174.6,90.425,0.329,0,59,0,0,0,0,0,0,0,0,0,0,0,0,0,0,0,0,-0.207,-37.976,"HalF_HearteD",0.205,-17.144,"하루（Haru）",-20.676,-47.161,"TaeGeuk_",-9.85,-60.437,"bdg06213",19.666,-44.432,"장덕춘_",12.88,-64.963,"Azuner",39.682,-82.053,"ʚneul_ɞ",3.567,-111.068,"卯月満開",-32.673,-89.898,0,0,0,0,0,"",0,0,0,0,0,0,0,0,0,0
78,4,1,4,0,0,0,1,0,0,1,255,255,1,50,3782.826,"Pugeuk",R,32,140,-1.583,-0.906,-0.209,1.513,-36.565,1,0,250,14.926,27.586,-0.018,-17.878,0,8,0,R,"Kenomo",190,93.022,0.479,0,101,0,0,0,0,0,0,0,0,0,0,0,0,0,0,0,0,0.026,-38,"HalF_HearteD",-0.173,-17.165,"하루（Haru）",-20.73,-47.032,"TaeGeuk_",-12.904,-60.064,"bdg06213",19.452,-43.645,"장덕춘_",12.712,-64.942,"Azuner",34.851,-86.539,"ʚneul_ɞ",-1.885,-110.727,"卯月満開",-36.151,-84.852,0,0,0,0,0,"",0,0,0,0,0,0,0,0,0,0
79,4,1,4,0,1,0,1,0,0,1,255,255,1,51,3803.933,"Pugeuk",R,27,140,-1.443,0.124,-0.152,1.681,-36.527,0,0,59.419,-104.611,8.964,0,0,0,8,0,R,"Kenomo",190,93.022,0.479,0,101,0,0,0,0,0,0,0,0,0,0,0,0,0,0,0,0,-0.221,-37.935,"HalF_HearteD",0.09,-17.013,"하루（Haru）",-20.405,-46.96,"TaeGeuk_",-12.727,-59.985,"bdg06213",19.733,-42.399,"장덕춘_",12.632,-64.902,"Azuner",34.795,-86.533,"ʚneul_ɞ",-1.939,-110.728,"卯月満開",-35.437,-85.99,0,0,0,0,0,"",0,0,0,0,0,0,0,0,0,0
80,4,1,4,0,1,1,1,0,0,1,255,255,1,52,3821.437,"Pugeuk",R,33,133,-0.954,0.535,-0.13,1.761,-36.567,2,0,138.301,-94.482,15.539,0,0,1,8,0,R,"Kenomo",190,93.022,0.479,2,101,3822.509,78,91,20,134,115,73,0.363,28.661,-0.3,-0.072,-0.078,0.287,0,0,0,-0.173,-37.14,"HalF_HearteD",-0.133,-16.999,"하루（Haru）",-20.839,-47.392,"TaeGeuk_",-13.005,-63.659,"bdg06213",19.902,-45.132,"장덕춘_",12.674,-64.904,"Azuner",34.825,-86.523,"ʚneul_ɞ",-1.955,-110.764,"卯月満開",-35.751,-85.617,3823.397,-8.352,-33.904,3824.63,2,"하루（Haru）",-14.858,-45.978,0,0,0,0,0,0,0,2
81,4,1,4,0,0,0,2,0,0,1,255,255,1,53,3854.831,"Pugeuk",R,14,118,0.243,-0.868,-0.228,1.703,-36.665,2,0,420.94,269.832,15.897,0,0,1,0,2,L,"-Alta-",190,88,0.5,3,59,3855.843,198,174,39,196,155,125,25.21,27.798,0.45,0.078,-0.232,0.331,0,0,0,-0.173,-37.738,"HalF_HearteD",-0.174,-16.913,"하루（Haru）",-20.757,-47.966,"TaeGeuk_",-7.91,-62.991,"bdg06213",20.361,-45.251,"장덕춘_",12.53,-65.024,"Azuner",39.342,-83.065,"ʚneul_ɞ",0.722,-118.111,"卯月満開",-33.023,-93.198,3860.364,-35.319,-119.78,3862.947,7,"ʚneul_ɞ",-22.609,-118.782,1,0,0,0,0,0,0,2
82,4,1,5,0,0,0,2,0,1,0,255,2,255,54,3933.899,"Pugeuk",R,34,137,0.507,-0.949,0.024,1.53,-36.556,0,0,77.503,-55.629,12.569,0,0,1,1,3,R,"D_arling",164.8,100.283,0.402,0,59,0,0,0,0,0,0,0,0,0,0,0,0,0,0,0,0,0.057,-37.878,"HalF_HearteD",0.124,-16.99,"하루（Haru）",-21.968,-48.98,"TaeGeuk_",-9.209,-60.862,"bdg06213",21.503,-47.527,"장덕춘_",12.814,-65.068,"Azuner",33.19,-85.456,"ʚneul_ɞ",-1.841,-114.885,"卯月満開",-36.723,-87.895,0,0,0,0,0,"",0,0,0,0,0,0,0,0,0,0
83,4,1,5,0,0,1,2,0,1,0,255,2,255,55,3955.199,"Pugeuk",R,3,101,-0.287,0.984,0.511,1.792,-36.944,2,0,-250.513,-54.804,11.866,0,0,1,1,3,R,"D_arling",164.8,100.283,0.402,3,59,3956.172,186,119,69,150,155,122,94.121,-83.164,0.5,-0.043,-0.045,0.35,0,0,0,-0.088,-37.632,"HalF_HearteD",0.117,-16.967,"하루（Haru）",-21.594,-48.468,"TaeGeuk_",-9.647,-61.808,"bdg06213",21.463,-47.581,"장덕춘_",12.748,-65.01,"Azuner",33.235,-85.422,"ʚneul_ɞ",-1.711,-114.894,"卯月満開",-35.932,-87.267,0,0,0,0,0,"",0,0,0,0,0,0,0,0,0,3
84,4,1,5,0,0,2,2,0,1,0,255,2,255,56,3980.93,"Pugeuk",R,33,140,1.262,-0.953,0.082,1.519,-36.521,2,0,134.215,-97.948,24.996,0,0,0,1,3,R,"D_arling",164.8,100.283,0.402,3,59,3981.791,161,130,23,160,146,84,16.747,15.058,-0.26,-0.087,-0.109,0.388,0,0,0,-0.102,-36.983,"HalF_HearteD",0.155,-17.133,"하루（Haru）",-20.742,-47.238,"TaeGeuk_",-10.664,-60.692,"bdg06213",21.48,-47.59,"장덕춘_",12.725,-64.972,"Azuner",34.407,-85.371,"ʚneul_ɞ",-4.031,-116.442,"卯月満開",-37.281,-88.384,3985.63,-17.487,-79.211,3986.814,8,"卯月満開",-21.057,-86.447,1,0,0,0,0,0,0,2
85,4,1,5,0,0,0,2,1,0,1,3,255,255,57,4058.11,"Pugeuk",R,26,139,0.307,-1.172,0.013,1.472,-36.507,1,0,60.247,-195.244,24.348,0,0,0,2,7,R,"Pizzallaris",160,92.656,0.299,0,59,0,0,0,0,0,0,0,0,0,0,0,0,0,0,0,0,-0.046,-38.001,"HalF_HearteD",0.148,-17.171,"하루（Haru）",-19.739,-43.878,"TaeGeuk_",-6.762,-59.745,"bdg06213",19.98,-44.211,"장덕춘_",12.517,-65.233,"Azuner",33.109,-86.21,"ʚneul_ɞ",-2.142,-108.379,"卯月満開",-37.397,-84.802,0,0,0,0,0,"",0,0,0,0,0,0,0,0,0,0
86,4,1,5,0,1,0,2,1,0,1,3,255,255,58,4077.777,"Pugeuk",R,32,134,1.224,0.322,0.068,1.706,-36.647,2,0,150.404,-73.635,17.855,0,0,1,2,7,R,"Pizzallaris",160,92.656,0.299,3,59,4078.857,176,104,14,127,143,79,94.718,79.541,-0.46,-0.083,-0.023,0.364,0,0,0,-0.024,-37.236,"HalF_HearteD",0.126,-17.17,"하루（Haru）",-20.461,-45.575,"TaeGeuk_",-5.091,-62.65,"bdg06213",21.631,-47.661,"장덕춘_",11.338,-63.618,"Azuner",33.204,-86.275,"ʚneul_ɞ",-2.151,-108.505,"卯月満開",-37.151,-84.478,4084.58,36.188,-12.134,0,0,"",0,0,0,0,0,0,0,0,0,3
87,4,1,5,0,1,1,2,1,0,1,3,255,255,59,4104.232,"Pugeuk",R,2,107,-1.409,1.374,0.214,1.68,-36.723,2,0,-368.792,-325.975,35.907,0,0,1,2,7,R,"Pizzallaris",160,92.656,0.299,3,59,4105.366,210,159,59,217,155,62,-17.776,42.285,1,-0.049,-0.006,0.388,0,0,0,-0.446,-37.063,"HalF_HearteD",-0.294,-17.179,"하루（Haru）",-19.678,-43.024,"TaeGeuk_",-6.233,-62.806,"bdg06213",22.698,-48.78,"장덕춘_",11.163,-64.466,"Azuner",33.224,-86.286,"ʚneul_ɞ",-2.725,-111.187,"卯月満開",-36.011,-84.473,4105.714,-3.15,-23.359,4107.563,2,"하루（Haru）",-15.325,-38.979,0,0,0,0,0,0,0,2
88,4,0,5,0,0,0,0,0,0,0,255,255,255,27,4157.812,"Kenomo",R,28,133,2.004,0.691,0.226,1.69,-36.809,4,0,68.206,-77.941,0.603,-0.247,-20.418,1,3,3,R,"TaeGeuk_",177.3,88.568,0.408,0,59,0,0,0,0,0,0,0,0,0,0,0,0,0,0,0,0,0.049,-37.657,"白霜らいふ",-0.062,-17.512,"-Alta-",-19.91,-44.876,"D_arling",-10.909,-62.48,"あいくんだよー",19.549,-47.168,"shimenawa",8.467,-64.286,"あおいぬ",36.162,-85.938,"Pizzallaris",-0.456,-106.669,"紅さかな",-45.298,-81.132,0,0,0,0,0,"",0,0,0,0,0,0,0,0,0,0
89,4,0,5,0,0,1,0,0,0,0,255,255,255,28,4177.262,"Kenomo",R,13,109,-2.879,-1.8,-0.083,1.373,-36.778,4,0,-331.986,371.152,6.663,-0.661,-18.543,1,3,3,R,"TaeGeuk_",177.3,88.568,0.408,0,59,0,0,0,0,0,0,0,0,0,0,0,0,0,0,0,0,-0.031,-37.491,"白霜らいふ",0.019,-16.62,"-Alta-",-20.571,-46.069,"D_arling",-11.004,-63.07,"あいくんだよー",19.567,-47.521,"shimenawa",10.839,-63.823,"あおいぬ",35.764,-85.613,"Pizzallaris",-0.266,-106.368,"紅さかな",-46.761,-82.43,0,0,0,0,0,"",0,0,0,0,0,0,0,0,0,0
90,4,0,5,0,0,2,0,0,0,0,255,255,255,29,4192.325,"Kenomo",R,34,134,0.362,1.459,0.084,1.729,-36.737,1,0,81.932,-59.263,4.36,0,0,0,3,3,R,"TaeGeuk_",177.3,88.568,0.408,0,59,0,0,0,0,0,0,0,0,0,0,0,0,0,0,0,0,0.115,-37.361,"白霜らいふ",0.016,-16.515,"-Alta-",-20.58,-44.946,"D_arling",-10.999,-63.109,"あいくんだよー",19.74,-47.684,"shimenawa",6.668,-63.522,"あおいぬ",36.621,-84.138,"Pizzallaris",-0.274,-106.371,"紅さかな",-46.28,-83.571,0,0,0,0,0,"",0,0,0,0,0,0,0,0,0,0
91,4,0,5,0,1,2,0,0,0,0,255,255,255,30,4212.926,"Kenomo",R,10,120,0.523,-1.039,0.143,1.454,-36.731,1,0,-121.783,400,2.767,0,0,0,3,3,R,"TaeGeuk_",177.3,88.568,0.408,0,59,0,0,0,0,0,0,0,0,0,0,0,0,0,0,0,0,-0.04,-37.431,"白霜らいふ",0.06,-16.754,"-Alta-",-20.084,-44.681,"D_arling",-11.002,-62.489,"あいくんだよー",19.11,-48.162,"shimenawa",9.847,-64.183,"あおいぬ",37.574,-83.505,"Pizzallaris",0.412,-106.28,"紅さかな",-46.826,-85.016,0,0,0,0,0,"",0,0,0,0,0,0,0,0,0,0
92,4,0,5,0,2,2,0,0,0,0,255,255,255,31,4228.22,"Kenomo",R,33,123,2.867,0.629,0.368,1.788,-36.878,4,0,138.196,-87.864,3.695,-0.9,-18.787,1,3,3,R,"TaeGeuk_",177.3,88.568,0.408,0,59,0,0,0,0,0,0,0,0,0,0,0,0,0,0,0,0,0.022,-37.299,"白霜らいふ",-0.373,-17.677,"-Alta-",-20.43,-44.464,"D_arling",-12.188,-63.293,"あいくんだよー",19.903,-48.829,"shimenawa",7.97,-64.934,"あおいぬ",37.425,-81.738,"Pizzallaris",0.081,-106.324,"紅さかな",-45.346,-81.839,0,0,0,0,0,"",0,0,0,0,0,0,0,0,0,0
93,4,0,5,0,0,0,1,0,0,0,255,255,255,32,4259.068,"Kenomo",R,26,137,-0.534,0.899,0.175,1.739,-36.752,0,0,79.789,-200,9.694,0,0,1,4,5,R,"장덕춘_",169.7,94.815,0.549,0,59,0,0,0,0,0,0,0,0,0,0,0,0,0,0,0,0,-0.136,-37.267,"白霜らいふ",0.099,-16.702,"-Alta-",-19.663,-44.23,"D_arling",-11.672,-62.628,"あいくんだよー",19.465,-48.259,"shimenawa",6.49,-64.576,"あおいぬ",36.431,-85.051,"Pizzallaris",0.091,-106.333,"紅さかな",-45.284,-83.242,0,0,0,0,0,"",0,0,0,0,0,0,0,0,0,0
94,4,0,5,0,0,1,1,0,0,0,255,255,255,33,4277.302,"Kenomo",R,28,138,2.327,1.225,0.212,1.682,-36.751,2,0,83.138,-83.447,3.257,0,0,1,4,5,R,"장덕춘_",169.7,94.815,0.549,3,59,4278.142,126,106,108,84,142,82,43.818,-44.287,-0.5,-0.087,-0.067,0.116,0,0,0,0.002,-36.86,"白霜らいふ",0.08,-16.612,"-Alta-",-21.053,-47.027,"D_arling",-11.61,-62.53,"あいくんだよー",19.679,-48.524,"shimenawa",11.657,-64.546,"あおいぬ",37.524,-85.535,"Pizzallaris",0.073,-106.311,"紅さかな",-45.386,-83.823,4283.13,46.235,-62.761,0,0,"",0,0,0,0,0,0,0,0,0,3
95,4,0,5,0,0,2,1,0,0,0,255,255,255,34,4303.443,"Kenomo",R,10,117,0.712,-2.81,0.106,1.338,-36.719,2,0,-12.566,400,7.729,0.132,-20.663,1,4,5,R,"장덕춘_",169.7,94.815,0.549,3,59,4304.309,115,140,45,180,142,120,-30,-15.1,0.25,-0.105,-0.099,0.241,0,0,0,-0.031,-37.157,"白霜らいふ",0.003,-16.52,"-Alta-",-21.281,-47.194,"D_arling",-11.66,-62.367,"あいくんだよー",19.685,-46.714,"shimenawa",14.509,-63.419,"あおいぬ",37.995,-82.46,"Pizzallaris",0.251,-107.262,"紅さかな",-45.145,-82.06,4304.497,0.273,-20.689,4306.264,5,"shimenawa",10.249,-57.793,0,0,0,0,0,0,0,2
96,4,0,5,0,0,0,2,0,0,0,255,255,255,35,4330.258,"Kenomo",R,26,138,4.688,0.961,0.168,1.64,-36.722,2,0,70.174,-153.782,4.805,0,0,1,5,8,R,"卯月満開",180.3,89.902,0.2,2,59,4331.042,145,65,15,96,133,82,-9.438,37.959,-0.22,-0.089,-0.002,0.008,0,0,0,-0.065,-36.891,"白霜らいふ",0.005,-16.433,"-Alta-",-20.89,-47.306,"D_arling",-11.845,-62.253,"あいくんだよー",19.407,-48.521,"shimenawa",13.407,-63.526,"あおいぬ",37.19,-84.273,"Pizzallaris",0.143,-104.983,"紅さかな",-42.598,-79.852,4331.414,-3.792,-24.861,4332.93,2,"-Alta-",-17.699,-42.874,0,0,0,0,0,0,0,2
97,5,1,5,0,0,0,0,0,0,0,255,255,255,0,4498.814,"하루（Haru）",R,28,140,-1.735,-0.211,-0.171,1.877,-36.292,2,0,33.675,-88.868,11.859,0,0,0,3,6,R,"あおいぬ",166.8,107,0.665,3,59,4499.859,151,85,8,122,139,83,26.624,44.198,0.95,-0.05,-0.032,0.393,0,0,0,-0.242,-36.989,"HalF_HearteD",0.029,-17.194,"Pugeuk",-22.041,-51.745,"TaeGeuk_",-10.292,-63.554,"bdg06213",23.168,-50.77,"장덕춘_",12.204,-65.376,"Azuner",34.302,-85.229,"ʚneul_ɞ",-3.642,-110.658,"卯月満開",-37.061,-87.215,4503.23,-43.953,-56.139,0,0,"",0,0,0,0,0,0,0,0,0,3
98,5,1,5,0,0,1,0,0,0,0,255,255,255,1,4523.508,"하루（Haru）",R,12,107,1.705,-0.339,0.198,2.065,-36.875,1,0,0,92.09,-2.434,0,0,0,3,6,R,"あおいぬ",166.8,107,0.665,0,62,0,0,0,0,0,0,0,0,0,0,0,0,0,0,0,0,0.011,-37.053,"HalF_HearteD",0.059,-17.236,"Pugeuk",-21.52,-50.528,"TaeGeuk_",-11.112,-62.884,"bdg06213",23.69,-50.094,"장덕춘_",12.487,-65.195,"Azuner",33.568,-84.912,"ʚneul_ɞ",-4.073,-113.629,"卯月満開",-37.287,-85.403,0,0,0,0,0,"",0,0,0,0,0,0,0,0,0,0
99,5,1,5,0,1,1,0,0,0,0,255,255,255,2,4548.767,"하루（Haru）",R,27,136,0.358,0.739,0.005,2.009,-36.503,0,0,88.932,-119.69,9.54,0,0,1,3,6,R,"あおいぬ",166.8,107,0.665,0,62,0,0,0,0,0,0,0,0,0,0,0,0,0,0,0,0,-0.032,-37.246,"HalF_HearteD",0.02,-17.119,"Pugeuk",-20.686,-49.971,"TaeGeuk_",-11.383,-61.382,"bdg06213",23.668,-50.078,"장덕춘_",12.39,-65.093,"Azuner",33.386,-85.534,"ʚneul_ɞ",-3.595,-113.65,"卯月満開",-37.019,-85.899,0,0,0,0,0,"",0,0,0,0,0,0,0,0,0,0
100,5,1,5,0,1,2,0,0,0,0,255,255,255,3,4565.817,"하루（Haru）",R,27,136,0.271,2.304,0.008,2.244,-36.572,1,0,54.872,-111.444,7.687,0.254,-17.667,0,3,6,R,"あおいぬ",166.8,107,0.665,0,62,0,0,0,0,0,0,0,0,0,0,0,0,0,0,0,0,-0.193,-37.221,"HalF_HearteD",0.001,-17.175,"Pugeuk",-22.352,-51.467,"TaeGeuk_",-12.076,-63.384,"bdg06213",23.726,-50.16,"장덕춘_",12.48,-65.122,"Azuner",33.306,-85.574,"ʚneul_ɞ",-3.594,-113.646,"卯月満開",-37.03,-85.908,0,0,0,0,0,"",0,0,0,0,0,0,0,0,0,0
101,5,1,5,0,2,2,0,0,0,0,255,255,255,4,4586.375,"하루（Haru）",R,27,140,0.444,-0.965,0.016,1.758,-36.411,2,0,83.846,-109.925,6.485,0,0,1,3,6,R,"あおいぬ",166.8,107,0.665,3,62,4587.421,101,85,18,134,133,123,-0.824,40.413,0.41,-0.053,-0.087,0.377,0,0,0,-0.394,-36.81,"HalF_HearteD",0.008,-17.252,"Pugeuk",-22.124,-51.456,"TaeGeuk_",-12.622,-61.495,"bdg06213",23.663,-50.103,"장덕춘_",12.471,-65.164,"Azuner",33.271,-85.74,"ʚneul_ɞ",-3.636,-113.365,"卯月満開",-38.527,-84.091,4587.98,-10.007,-31.664,4588.947,2,"Pugeuk",-22.397,-47.322,0,0,0,0,0,0,0,2
102,5,1,5,0,0,0,1,0,0,0,255,255,255,5,4619.762,"하루（Haru）",R,27,140,-0.28,0.719,-0.053,2.021,-36.387,0,0,92.298,-112.498,7.777,0,0,0,4,5,L,"shimenawa",174.9,100,0.2,0,59,0,0,0,0,0,0,0,0,0,0,0,0,0,0,0,0,-0.138,-37.233,"HalF_HearteD",0.004,-17.034,"Pugeuk",-19.228,-51.489,"TaeGeuk_",-11.845,-63.711,"bdg06213",23.034,-48.486,"장덕춘_",12.563,-65.058,"Azuner",39.918,-82.859,"ʚneul_ɞ",2.467,-112.178,"卯月満開",-35.064,-99.31,0,0,0,0,0,"",0,0,0,0,0,0,0,0,0,0
103,5,1,5,0,0,1,1,0,0,0,255,255,255,6,4639.159,"하루（Haru）",R,0,95,-1.947,-0.041,-0.049,1.903,-36.825,2,0,0,0,-5.133,0,0,1,4,5,L,"shimenawa",174.9,100,0.2,3,59,4640.464,89,78,44,83,129,124,35.363,-10.138,0.41,-0.073,-0.144,0.141,0,0,0,-0.416,-36.707,"HalF_HearteD",-0.15,-17.3,"Pugeuk",-19.403,-51.222,"TaeGeuk_",-11.537,-64.422,"bdg06213",23.02,-49.108,"장덕춘_",12.627,-64.996,"Azuner",39.754,-83.188,"ʚneul_ɞ",2.439,-114.534,"卯月満開",-35.035,-99.312,4646.53,21.859,-128.316,4649.547,7,"ʚneul_ɞ",13.651,-129.472,1,0,0,0,0,0,0,2
104,5,1,5,0,0,0,1,0,1,0,255,5,255,7,4687.74,"하루（Haru）",R,27,140,-1.518,-0.311,-0.17,1.852,-36.366,1,0,96.843,-117.099,10.656,-0.595,-17.626,0,5,8,R,"紅さかな",172.5,96.324,0.453,0,59,0,0,0,0,0,0,0,0,0,0,0,0,0,0,0,0,-0.17,-37.037,"HalF_HearteD",0.03,-17.061,"Pugeuk",-20.969,-50.806,"TaeGeuk_",-9.793,-61.846,"bdg06213",23.066,-47.779,"장덕춘_",10.666,-61.832,"Azuner",32.465,-86.173,"ʚneul_ɞ",-2.806,-113.33,"卯月満開",-37.04,-89.702,0,0,0,0,0,"",0,0,0,0,0,0,0,0,0,0
105,5,1,5,0,1,0,1,0,1,0,255,5,255,8,4707.667,"하루（Haru）",R,28,121,1.738,0.962,0.148,2.055,-36.558,1,0,36.933,-93.598,7.1,0,0,0,5,8,R,"紅さかな",172.5,96.324,0.453,0,59,0,0,0,0,0,0,0,0,0,0,0,0,0,0,0,0,0.035,-37.514,"HalF_HearteD",0.113,-17.239,"Pugeuk",-20.654,-49.824,"TaeGeuk_",-11.152,-62.286,"bdg06213",23.931,-46.895,"장덕춘_",9.544,-62.699,"Azuner",33.058,-85.625,"ʚneul_ɞ",-2.664,-113.319,"卯月満開",-37.035,-89.697,0,0,0,0,0,"",0,0,0,0,0,0,0,0,0,0
106,5,1,5,0,2,0,1,0,1,0,255,5,255,9,4726.815,"하루（Haru）",R,13,86,-2.345,-0.116,-0.004,2.119,-36.86,1,0,-275.931,354.17,-13.39,-1.027,-17.453,0,5,8,R,"紅さかな",172.5,96.324,0.453,0,59,0,0,0,0,0,0,0,0,0,0,0,0,0,0,0,0,-0.313,-37.019,"HalF_HearteD",-0.069,-17.294,"Pugeuk",-21.309,-50.214,"TaeGeuk_",-12.482,-63.467,"bdg06213",23.906,-47.169,"장덕춘_",9.014,-63.121,"Azuner",33.34,-85.773,"ʚneul_ɞ",-2.665,-113.332,"卯月満開",-37.018,-89.733,0,0,0,0,0,"",0,0,0,0,0,0,0,0,0,0
107,5,1,5,0,3,0,1,0,1,0,255,5,255,10,4745.107,"하루（Haru）",R,33,133,2.703,1.57,0.214,2.154,-36.681,1,0,112.023,-96.794,11.114,0,0,0,5,8,R,"紅さかな",172.5,96.324,0.453,0,59,0,0,0,0,0,0,0,0,0,0,0,0,0,0,0,0,-0.241,-37.021,"HalF_HearteD",0.031,-17.099,"Pugeuk",-21.16,-49.693,"TaeGeuk_",-10.55,-62.574,"bdg06213",23.033,-48.126,"장덕춘_",11.718,-63.58,"Azuner",33.344,-85.711,"ʚneul_ɞ",-2.67,-113.352,"卯月満開",-37.007,-89.354,0,0,0,0,0,"",0,0,0,0,0,0,0,0,0,5
108,5,1,5,0,0,0,1,1,1,0,8,5,255,11,4777.063,"하루（Haru）",R,28,140,0.348,0.773,0.014,2.057,-36.467,0,0,62.375,-96.879,8.863,0,0,0,6,1,R,"白霜らいふ",190,99.517,0.704,0,59,0,0,0,0,0,0,0,0,0,0,0,0,0,0,0,0,-0.15,-37.598,"HalF_HearteD",0.006,-17.09,"Pugeuk",-20.366,-49.329,"TaeGeuk_",-7.916,-64.357,"bdg06213",22.635,-45.75,"장덕춘_",11.345,-62.657,"Azuner",33.33,-85.746,"ʚneul_ɞ",-2.666,-113.324,"卯月満開",-41.868,-87.931,0,0,0,0,0,"",0,0,0,0,0,0,0,0,0,0
109,5,1,5,0,0,1,1,1,1,0,8,5,255,12,4794.433,"하루（Haru）",R,33,134,0.848,-0.644,0.043,1.782,-36.469,2,0,115.145,-96.494,5.949,-0.122,-19.697,1,6,1,R,"白霜らいふ",190,99.517,0.704,3,59,4795.555,142,79,24,116,140,88,-32.585,21.406,-0.44,-0.058,-0.052,0.109,0,0,0,-0.36,-36.849,"HalF_HearteD",-0.016,-17.28,"Pugeuk",-20.133,-46.209,"TaeGeuk_",-8.484,-63.628,"bdg06213",22.284,-49.325,"장덕춘_",11.03,-63.309,"Azuner",33.247,-85.863,"ʚneul_ɞ",-2.032,-117.636,"卯月満開",-41.887,-87.931,4796.897,-10.597,-43.623,4799.814,8,"卯月満開",-27.905,-81.15,0,0,0,0,0,0,0,2
110,5,1,5,0,0,0,2,0,1,1,255,255,5,13,4839.826,"하루（Haru）",R,0,135,1.18,1.629,0.11,2.198,-36.546,1,0,0,2.311,6.491,0,0,0,7,4,L,"あいくんだよー",174.6,90.425,0.329,0,59,0,0,0,0,0,0,0,0,0,0,0,0,0,0,0,0,-0.388,-37.353,"HalF_HearteD",0.01,-17.01,"Pugeuk",-19.89,-47.605,"TaeGeuk_",-10.096,-62.064,"bdg06213",20.22,-44.466,"장덕춘_",11.379,-62.143,"Azuner",38.246,-83.001,"ʚneul_ɞ",0.839,-124.153,"卯月満開",-34.896,-88.526,0,0,0,0,0,"",0,0,0,0,0,0,0,0,0,0
111,5,1,5,0,1,0,2,0,1,1,255,255,5,14,4858.934,"하루（Haru）",R,27,140,-0.901,-1.063,-0.108,1.726,-36.334,2,0,82.935,-125.198,6.062,0,0,1,7,4,L,"あいくんだよー",174.6,90.425,0.329,2,59,4859.972,161,100,6,108,142,110,-25.305,-12.707,0.76,0.238,-0.188,0.173,0,0,0,-0.229,-36.976,"HalF_HearteD",0.016,-17.045,"Pugeuk",-19.012,-49.985,"TaeGeuk_",-9.531,-60.907,"bdg06213",20.008,-42.183,"장덕춘_",9.798,-64.594,"Azuner",38.209,-83.328,"ʚneul_ɞ",2.303,-115.099,"卯月満開",-35.372,-87.267,4860.047,0.016,-19.894,4862.147,5,"장덕춘_",7.698,-62.07,0,128,0,0,0,0,0,2
112,5,0,5,0,0,0,0,0,0,0,255,255,255,36,4917.858,"Kenomo",R,34,136,-1.444,0.133,-0.075,1.58,-36.715,0,0,62.211,-57.409,3.462,0,0,0,6,7,L,"ʚneul_ɞ",160,97,0.526,0,46,0,0,0,0,0,0,0,0,0,0,0,0,0,0,0,0,-0.153,-37.32,"白霜らいふ",0.027,-16.493,"-Alta-",-21.907,-46.568,"D_arling",-10.065,-63.057,"あいくんだよー",18.547,-44.817,"shimenawa",12.433,-63.74,"あおいぬ",37.022,-85.653,"Pizzallaris",0.353,-110.752,"紅さかな",-43.167,-79.35,0,0,0,0,0,"",0,0,0,0,0,0,0,0,0,0
113,5,0,5,0,0,1,0,0,0,0,255,255,255,37,4933.482,"Kenomo",R,34,131,0.205,1.872,0.13,1.785,-36.811,2,0,97.021,-46.034,5.131,0,0,1,6,7,L,"ʚneul_ɞ",160,97,0.526,2,46,4934.295,182,107,11,168,143,79,60.983,-49.329,-0.47,0.008,-0.062,0.514,0,0,0,-0.279,-36.942,"白霜らいふ",-0.007,-16.528,"-Alta-",-21.666,-47.578,"D_arling",-10.203,-62.911,"あいくんだよー",19.827,-45.726,"shimenawa",13.398,-62.665,"あおいぬ",36.944,-85.646,"Pizzallaris",0.351,-107.612,"紅さかな",-43.16,-79.301,4939.547,40.907,-49.632,0,0,"",0,0,0,0,0,0,0,0,0,3
114,5,0,5,0,0,2,0,0,0,0,255,255,255,38,4961.501,"Kenomo",R,10,116,-0.198,-2.97,0.122,1.221,-36.706,2,0,-8.455,400,15.696,0.012,-25.308,0,6,7,L,"ʚneul_ɞ",160,97,0.526,2,46,4962.38,146,119,17,220,143,82,-31.829,-49.428,-0.04,0.074,-0.11,0.449,0,0,0,-0.052,-37.176,"白霜らいふ",0.062,-16.573,"-Alta-",-20.737,-46.955,"D_arling",-12.082,-63.386,"あいくんだよー",19.885,-46.779,"shimenawa",14.103,-63.138,"あおいぬ",39.106,-83.433,"Pizzallaris",0.786,-105.836,"紅さかな",-41.635,-81.534,4962.514,0.186,-20.512,4964.564,4,"あいくんだよー",23.971,-41.368,0,0,0,0,0,0,0,2
115,5,0,5,0,0,2,0,0,0,0,255,255,255,39,4984.933,"Kenomo",R,28,139,2.666,0.825,0.246,1.584,-36.666,4,0,7.711,-57.811,-0.76,0,0,1,6,7,L,"ʚneul_ɞ",160,97,0.526,0,46,0,0,0,0,0,0,0,0,0,0,0,0,0,0,0,0,0.06,-37.637,"白霜らいふ",0.101,-16.309,"-Alta-",-20.844,-45.248,"D_arling",-9.755,-62.007,"あいくんだよー",19.145,-45.135,"shimenawa",16.914,-59.291,"あおいぬ",37.708,-81.302,"Pizzallaris",0.22,-105.634,"紅さかな",-43.269,-79.986,0,0,0,0,0,"",0,0,0,0,0,0,0,0,0,0
116,5,0,5,0,0,0,1,0,0,0,255,255,255,40,5021.998,"Kenomo",R,28,129,0.425,0.926,0.2,1.733,-36.799,2,0,59.788,-65.084,9.209,0,0,1,7,1,R,"HalF_HearteD",174.6,89.82,0.401,3,59,5023.076,146,108,33,106,143,90,-27.559,4.345,0.94,-0.015,-0.063,0.295,0,0,0,-0.243,-36.951,"白霜らいふ",0.051,-16.553,"-Alta-",-20.029,-45.855,"D_arling",-11.962,-63.205,"あいくんだよー",20.282,-46.893,"shimenawa",13.205,-64.097,"あおいぬ",36.317,-82.165,"Pizzallaris",0.205,-105.622,"紅さかな",-45.191,-82.08,5023.247,-0.081,-20.63,5024.314,0,"Kenomo",-1.301,-35.348,0,0,0,0,0,0,0,2
117,5,0,5,0,0,0,2,0,0,0,255,255,255,41,5049.997,"Kenomo",R,22,121,-1.872,-1.08,-0.067,1.498,-36.708,1,0,-184.241,155.344,4.52,0,0,0,8,6,L,"Azuner",179.9,86,0.398,0,41,0,0,0,0,0,0,0,0,0,0,0,0,0,0,0,0,-0.128,-37.434,"白霜らいふ",-0.05,-16.718,"-Alta-",-19.747,-43.35,"D_arling",-11.137,-62.71,"あいくんだよー",19.654,-45.161,"shimenawa",11.991,-63.634,"あおいぬ",39.491,-80.307,"Pizzallaris",0.519,-104.337,"紅さかな",-46.258,-83.774,0,0,0,0,0,"",0,0,0,0,0,0,0,0,0,0
118,5,0,5,0,1,0,2,0,0,0,255,255,255,42,5067.079,"Kenomo",R,12,116,1.045,-0.576,0.216,1.604,-36.79,0,0,0,148.989,3.011,0,0,0,8,6,L,"Azuner",179.9,86,0.398,0,41,0,0,0,0,0,0,0,0,0,0,0,0,0,0,0,0,-0.129,-37.38,"白霜らいふ",0.085,-16.556,"-Alta-",-19.899,-43.354,"D_arling",-10.969,-62.213,"あいくんだよー",18.092,-45.548,"shimenawa",14.478,-63.292,"あおいぬ",39.445,-81.607,"Pizzallaris",0.513,-104.366,"紅さかな",-46.886,-83.505,0,0,0,0,0,"",0,0,0,0,0,0,0,0,0,0
119,5,0,5,0,1,1,2,0,0,0,255,255,255,43,5084.074,"Kenomo",R,10,116,1.576,-0.904,0.267,1.674,-36.89,4,0,-23.324,400,-0.871,0,0,1,8,6,L,"Azuner",179.9,86,0.398,0,41,0,0,0,0,0,0,0,0,0,0,0,0,0,0,0,0,-0.207,-37.365,"白霜らいふ",0.074,-16.484,"-Alta-",-20.762,-44.207,"D_arling",-11.025,-62.156,"あいくんだよー",18.968,-45.807,"shimenawa",9.706,-60.92,"あおいぬ",39.436,-81.615,"Pizzallaris",0.529,-104.348,"紅さかな",-47.504,-83.443,0,0,0,0,0,"",0,0,0,0,0,0,0,0,0,0
120,5,0,5,0,1,2,2,0,0,0,255,255,255,44,5100.899,"Kenomo",R,10,110,0.754,-1.531,0.283,1.582,-36.811,2,0,-129.577,400,-2.902,0,0,1,8,6,L,"Azuner",179.9,86,0.398,3,41,5102.038,130,127,80,131,143,94,-1.876,-22.885,0.93,0.044,-0.142,0,0,0,0,-0.15,-37.061,"白霜らいふ",0.12,-16.708,"-Alta-",-20.411,-45.823,"D_arling",-10.972,-62.071,"あいくんだよー",19.177,-46.464,"shimenawa",13.887,-63.448,"あおいぬ",39.531,-81.593,"Pizzallaris",0.511,-104.369,"紅さかな",-47.375,-83.485,5102.38,3.045,-27.849,5104.297,5,"shimenawa",15.634,-57.912,0,0,0,0,0,0,0,2
121,6,1,5,0,0,0,0,0,0,0,255,255,255,15,5155.681,"하루（Haru）",R,27,140,-0.39,-0.177,-0.057,1.866,-36.318,0,0,72.031,-126.804,7.125,0,0,0,8,0,R,"Kenomo",190,93.022,0.479,0,59,0,0,0,0,0,0,0,0,0,0,0,0,0,0,0,0,-0.096,-37.45,"HalF_HearteD",0.075,-17.206,"Pugeuk",-22.003,-52.918,"TaeGeuk_",-9.374,-63.673,"bdg06213",22.827,-51.021,"장덕춘_",11.837,-65.552,"Azuner",34.373,-86.984,"ʚneul_ɞ",-3.851,-109.768,"卯月満開",-38.836,-85.615,0,0,0,0,0,"",0,0,0,0,0,0,0,0,0,0
122,6,1,5,0,0,1,0,0,0,0,255,255,255,16,5174.069,"하루（Haru）",R,3,88,-3.019,0.342,0.021,1.929,-36.753,2,0,-400,0,-7.31,0,0,0,8,0,R,"Kenomo",190,93.022,0.479,2,59,5175.343,127,125,54,144,142,75,2.286,9.303,0.98,-0.043,-0.096,0.21,0,0,0,-0.348,-36.876,"HalF_HearteD",-0.002,-17.214,"Pugeuk",-21.882,-52.837,"TaeGeuk_",-10.371,-62.544,"bdg06213",22.833,-50.977,"장덕춘_",11.79,-65.488,"Azuner",34.173,-87.196,"ʚneul_ɞ",-4.06,-110.344,"卯月満開",-38.881,-85.782,5176.347,-4.424,-39.572,5178.181,3,"TaeGeuk_",-9.279,-59.776,0,0,0,0,0,0,0,2
123,6,1,5,0,0,0,1,0,0,0,255,255,255,17,5212.37,"하루（Haru）",R,13,92,-1.76,-0.71,0.004,1.964,-36.46,2,0,-326.545,312.348,-6.248,0,0,1,0,2,L,"-Alta-",190,88,0.5,3,59,5213.479,202,166,20,165,155,123,7.83,37.693,0.53,0.061,-0.268,0.328,0,0,0,-0.233,-36.969,"HalF_HearteD",-0.047,-17.068,"Pugeuk",-18.389,-49.968,"TaeGeuk_",-9.986,-63.411,"bdg06213",23.148,-49.795,"장덕춘_",11.969,-65.293,"Azuner",39.319,-83.695,"ʚneul_ɞ",4.423,-116.716,"卯月満開",-33.826,-94.84,0,0,0,5214.88,2,"Pugeuk",-18.474,-45.463,0,0,0,0,0,0,0,1
124,6,1,5,0,0,0,2,0,0,0,255,255,255,18,5247.041,"하루（Haru）",R,27,140,0.424,0.989,0.02,2.039,-36.384,0,0,65.959,-138.272,8.957,0,0,1,1,3,R,"D_arling",164.8,100.283,0.402,0,59,0,0,0,0,0,0,0,0,0,0,0,0,0,0,0,0,-0.226,-37.021,"HalF_HearteD",-0.017,-17.069,"Pugeuk",-22.374,-51.777,"TaeGeuk_",-9.844,-61.487,"bdg06213",23.284,-50.297,"장덕춘_",11.749,-65.315,"Azuner",35.186,-86.62,"ʚneul_ɞ",-2.946,-114,"卯月満開",-37.165,-86.51,0,0,0,0,0,"",0,0,0,0,0,0,0,0,0,0
125,6,1,5,0,0,1,2,0,0,0,255,255,255,19,5266.957,"하루（Haru）",R,27,138,-1.429,1.666,-0.137,2.127,-36.515,2,0,82.444,-111.838,11.704,0,0,0,1,3,R,"D_arling",164.8,100.283,0.402,3,59,5267.809,16,57,37,55,45,47,29.708,27.907,0.06,-0.124,-0.049,0.056,0,0,0,-0.331,-37.074,"HalF_HearteD",-0.112,-17.104,"Pugeuk",-22.405,-51.799,"TaeGeuk_",-11.553,-63.757,"bdg06213",23.36,-51.051,"장덕춘_",11.848,-65.25,"Azuner",35.196,-86.609,"ʚneul_ɞ",-3.052,-114.082,"卯月満開",-37.508,-87.143,5270.78,-13.262,-44.221,5270.98,2,"Pugeuk",-12.943,-43.619,0,0,0,0,0,0,0,1
126,6,0,5,0,0,0,0,0,0,0,255,255,255,45,5314.595,"Kenomo",R,13,110,-1.285,-0.695,0.058,1.52,-36.751,0,0,-358.116,348.931,5.155,0,0,1,0,2,R,"Pugeuk",190,97,0.548,0,59,0,0,0,0,0,0,0,0,0,0,0,0,0,0,0,0,0.214,-37.709,"白霜らいふ",-0.078,-16.316,"-Alta-",-20.828,-46.011,"D_arling",-11.553,-61.984,"あいくんだよー",19.179,-48.064,"shimenawa",10.002,-62.687,"あおいぬ",34.735,-85.744,"Pizzallaris",0.023,-111.111,"紅さかな",-46.511,-81.924,0,0,0,0,0,"",0,0,0,0,0,0,0,0,0,0
127,6,0,5,0,0,1,0,0,0,0,255,255,255,46,5330.13,"Kenomo",R,28,135,-0.089,0.318,0.142,1.713,-36.751,2,0,10.644,-51.247,2.771,0,0,1,0,2,R,"Pugeuk",190,97,0.548,3,59,5331.134,73,63,17,101,95,95,-28.078,2.638,0.47,-0.017,-0.126,0.058,0,0,0,-0.125,-37.066,"白霜らいふ",0.006,-16.389,"-Alta-",-20.418,-45.969,"D_arling",-12.391,-61.921,"あいくんだよー",19.148,-48.103,"shimenawa",12.871,-63.448,"あおいぬ",36.738,-82.749,"Pizzallaris",0.041,-111.13,"紅さかな",-45.097,-82.783,5331.264,-0.117,-21.039,5336.181,7,"Pizzallaris",-4.584,-95.723,1,0,0,0,0,0,0,2
128,6,0,5,0,0,0,0,1,0,0,11,255,255,47,5364.647,"Kenomo",R,28,127,0.072,0.758,0.288,1.771,-36.911,0,0,30.621,-59.428,2.066,0,0,0,1,4,R,"bdg06213",190,99.549,0.504,0,59,0,0,0,0,0,0,0,0,0,0,0,0,0,0,0,0,0.077,-37.399,"白霜らいふ",0.025,-16.36,"-Alta-",-19.518,-42.629,"D_arling",-10.995,-62.518,"あいくんだよー",19.149,-48.089,"shimenawa",7.488,-61.803,"あおいぬ",36.037,-81.544,"Pizzallaris",-0.404,-106.685,"紅さかな",-43.336,-80.662,0,0,0,0,0,"",0,0,0,0,0,0,0,0,0,0
129,6,0,5,0,0,1,0,1,0,0,11,255,255,48,5385.386,"Kenomo",R,13,108,-3.467,-1.696,-0.07,1.327,-36.81,4,0,-383.336,312.348,12.7,0,0,1,1,4,R,"bdg06213",190,99.549,0.504,0,59,0,0,0,0,0,0,0,0,0,0,0,0,0,0,0,0,0.086,-37.35,"白霜らいふ",0.081,-16.374,"-Alta-",-18.911,-41.854,"D_arling",-9.387,-62.152,"あいくんだよー",17.932,-48.986,"shimenawa",5.503,-62.039,"あおいぬ",36.018,-81.55,"Pizzallaris",-0.413,-106.708,"紅さかな",-44.195,-79.825,0,0,0,0,0,"",0,0,0,0,0,0,0,0,0,0
130,6,0,5,0,0,2,0,1,0,0,11,255,255,49,5404.302,"Kenomo",R,34,125,2.226,2.084,0.33,1.848,-36.948,1,0,97.575,-64.746,6.331,0,0,0,1,4,R,"bdg06213",190,99.549,0.504,0,59,0,0,0,0,0,0,0,0,0,0,0,0,0,0,0,0,0.206,-37.492,"白霜らいふ",0.057,-16.546,"-Alta-",-19.24,-41.815,"D_arling",-11.719,-61.613,"あいくんだよー",18.873,-47.973,"shimenawa",7.432,-61.32,"あおいぬ",36.085,-81.422,"Pizzallaris",-0.278,-104.868,"紅さかな",-46.128,-83.313,0,0,0,0,0,"",0,0,0,0,0,0,0,0,0,0
131,6,0,5,0,1,2,0,1,0,0,11,255,255,50,5421.684,"Kenomo",R,13,114,-2.893,-1.594,-0.067,1.418,-36.792,4,0,-284.624,390.68,12.126,0,0,1,1,4,R,"bdg06213",190,99.549,0.504,0,59,0,0,0,0,0,0,0,0,0,0,0,0,0,0,0,0,0.114,-37.635,"白霜らいふ",0.042,-16.46,"-Alta-",-19.181,-41.239,"D_arling",-9.652,-59.354,"あいくんだよー",19.204,-48.399,"shimenawa",7.191,-62,"あおいぬ",34.469,-81.281,"Pizzallaris",-0.105,-106.453,"紅さかな",-45.473,-80.547,0,0,0,0,0,"",0,0,0,0,0,0,0,0,0,0
132,6,0,5,0,0,0,1,1,0,0,11,255,255,51,5450.7,"Kenomo",R,6,77,3.102,-0.417,0.183,1.38,-36.491,1,0,265.781,0,-7.885,0,0,0,2,0,L,"하루（Haru）",190,107,0.55,0,59,0,0,0,0,0,0,0,0,0,0,0,0,0,0,0,0,0.095,-37.745,"白霜らいふ",0.169,-16.382,"-Alta-",-19.572,-41.079,"D_arling",-4.129,-61.265,"あいくんだよー",19.367,-47.4,"shimenawa",8.605,-63.031,"あおいぬ",40.433,-80.311,"Pizzallaris",-0.09,-106.455,"紅さかな",-47.738,-84.886,0,0,0,0,0,"",0,0,0,0,0,0,0,0,0,0
133,6,0,5,0,1,0,1,1,0,0,11,255,255,52,5472.414,"Kenomo",R,27,139,0.768,1.598,0.046,1.769,-36.773,1,0,79.093,-105.359,5.178,0,0,0,2,0,L,"하루（Haru）",190,107,0.55,0,59,0,0,0,0,0,0,0,0,0,0,0,0,0,0,0,0,-0.107,-37.23,"白霜らいふ",-0.016,-16.518,"-Alta-",-19.441,-41.76,"D_arling",-6.286,-63.162,"あいくんだよー",19.36,-47.421,"shimenawa",9.492,-62.204,"あおいぬ",40.418,-80.339,"Pizzallaris",-0.099,-106.462,"紅さかな",-48.022,-84.29,0,0,0,0,0,"",0,0,0,0,0,0,0,0,0,0
134,6,0,5,0,2,0,1,1,0,0,11,255,255,53,5502.423,"Kenomo",R,28,132,-1.315,0.753,0.06,1.724,-36.883,0,0,45.459,-66.275,2.624,0,0,0,2,0,L,"하루（Haru）",190,107,0.55,0,59,0,0,0,0,0,0,0,0,0,0,0,0,0,0,0,0,0.104,-37.415,"白霜らいふ",-0.056,-16.536,"-Alta-",-19.91,-42.373,"D_arling",-5.399,-64.002,"あいくんだよー",21.001,-47.653,"shimenawa",10.429,-63.298,"あおいぬ",40.219,-78.821,"Pizzallaris",-0.106,-106.49,"紅さかな",-48.708,-83.268,0,0,0,0,0,"",0,0,0,0,0,0,0,0,0,0
135,6,0,5,0,2,1,1,1,0,0,11,255,255,54,5518.731,"Kenomo",R,10,119,1.623,-2.529,0.099,1.419,-36.742,2,0,-86.046,264.604,2.722,0.302,-20.542,1,2,0,L,"하루（Haru）",190,107,0.55,3,59,5519.786,244,118,12,149,146,129,-15.964,-30.002,0.39,0.11,-0.117,0.013,0,0,0,-0.145,-37.173,"白霜らいふ",0.035,-16.71,"-Alta-",-19.437,-44.87,"D_arling",-8.004,-64.822,"あいくんだよー",19.327,-46.908,"shimenawa",14.047,-63.025,"あおいぬ",40.304,-78.897,"Pizzallaris",0.641,-106.213,"紅さかな",-48.09,-85.296,5520.714,12.308,-42.926,5522.514,6,"あおいぬ",30.107,-75.48,1,0,0,0,0,0,0,2
136,6,0,5,0,0,0,2,0,1,0,255,11,255,55,5647.866,"Kenomo",R,33,117,0.297,1.309,0.226,1.828,-36.926,1,0,120.088,-97.146,14.819,0,0,0,3,3,R,"TaeGeuk_",177.3,88.568,0.408,0,59,0,0,0,0,0,0,0,0,0,0,0,0,0,0,0,0,-0.058,-37.275,"白霜らいふ",0.06,-16.386,"-Alta-",-20.725,-45.795,"D_arling",-12.286,-64.037,"あいくんだよー",18.814,-47.716,"shimenawa",7.435,-62.581,"あおいぬ",36.027,-82.501,"Pizzallaris",0.428,-105.144,"紅さかな",-44.33,-79.224,0,0,0,0,0,"",0,0,0,0,0,0,0,0,0,0
137,6,0,5,0,1,0,2,0,1,0,255,11,255,56,5664.299,"Kenomo",R,28,120,0.752,0.367,0.255,1.701,-36.733,0,0,32.931,-71.858,1.721,0,0,0,3,3,R,"TaeGeuk_",177.3,88.568,0.408,0,59,0,0,0,0,0,0,0,0,0,0,0,0,0,0,0,0,0.016,-37.358,"白霜らいふ",0.018,-16.461,"-Alta-",-20.362,-46.218,"D_arling",-12.187,-62.959,"あいくんだよー",20.14,-47.17,"shimenawa",7.569,-61.908,"あおいぬ",35.183,-82.098,"Pizzallaris",0.426,-105.115,"紅さかな",-43.341,-79.187,0,0,0,0,0,"",0,0,0,0,0,0,0,0,0,0
138,6,0,5,0,1,1,2,0,1,0,255,11,255,57,5683.494,"Kenomo",R,3,113,-1.51,-0.633,-0.021,1.358,-36.779,1,0,-303.743,50.683,12.856,0,0,0,3,3,R,"TaeGeuk_",177.3,88.568,0.408,0,59,0,0,0,0,0,0,0,0,0,0,0,0,0,0,0,0,0.032,-37.467,"白霜らいふ",-0.025,-16.498,"-Alta-",-19.799,-43.754,"D_arling",-11.554,-63.682,"あいくんだよー",19.687,-39.988,"shimenawa",9.072,-63.197,"あおいぬ",38.521,-78.579,"Pizzallaris",0.688,-107.268,"紅さかな",-45.897,-80.84,0,0,0,0,0,"",0,0,0,0,0,0,0,0,0,0
139,6,0,5,0,2,1,2,0,0,1,255,255,9,58,5706.429,"Kenomo",R,32,135,1.55,0.917,0.242,1.691,-36.776,4,0,169.239,-96.339,7.453,0.041,-20.658,1,3,3,R,"TaeGeuk_",177.3,88.568,0.408,0,59,0,0,0,0,0,0,0,0,0,0,0,0,0,0,0,0,0.101,-37.314,"白霜らいふ",-0.234,-17.373,"-Alta-",-19.136,-44.214,"D_arling",-11.095,-64.169,"あいくんだよー",18.739,-45.817,"shimenawa",9.913,-65.352,"あおいぬ",37.002,-80.497,"Pizzallaris",0.701,-107.266,"紅さかな",-44.498,-82.613,0,0,0,0,0,"",0,0,0,0,0,0,0,0,0,0
140,6,0,5,0,2,2,2,0,0,1,255,255,9,59,5903.101,"Kenomo",R,4,110,-0.025,0.399,0.22,1.626,-36.87,2,0,-209.398,0,6.445,0,0,1,3,3,R,"TaeGeuk_",177.3,88.568,0.408,3,59,5904.086,126,76,43,93,141,93,25.404,-24.942,0.07,-0.018,0.287,0.295,0,0,0,-0.106,-37.246,"白霜らいふ",0.041,-16.306,"-Alta-",-19.598,-44.983,"D_arling",-10.666,-64.648,"あいくんだよー",19.376,-45.15,"shimenawa",11.574,-62.281,"あおいぬ",38.172,-78.192,"Pizzallaris",0.261,-107.295,"紅さかな",-43.291,-81.025,0,0,0,5908.831,6,"あおいぬ",30.235,-90.148,0,0,0,0,0,0,0,1
141,7,1,5,0,0,0,0,0,0,0,255,255,255,20,5970.171,"하루（Haru）",R,27,140,0.055,1.235,-0.02,2.068,-36.422,2,0,83.179,-120.371,10.253,0,0,1,2,7,R,"Pizzallaris",160,92.656,0.299,3,59,5971.256,179,91,15,99,142,109,114.856,-4.248,0.8,-0.025,-0.01,0.345,0,0,0,-0.475,-37.03,"HalF_HearteD",0.001,-16.869,"Pugeuk",-20.835,-51.196,"TaeGeuk_",-9.479,-60.232,"bdg06213",23.214,-50.805,"장덕춘_",11.854,-65.4,"Azuner",34.577,-85.774,"ʚneul_ɞ",-2.023,-109.881,"卯月満開",-35.734,-85.407,0,0,0,0,0,"",0,0,0,0,0,0,0,0,0,3
142,7,1,5,0,0,1,0,0,0,0,255,255,255,21,5994.553,"하루（Haru）",R,13,86,-2.332,-0.523,-0.024,2.024,-36.683,4,0,-332.557,262.804,-6.183,0,0,1,2,7,R,"Pizzallaris",160,92.656,0.299,0,59,0,0,0,0,0,0,0,0,0,0,0,0,0,0,0,0,-0.298,-37.107,"HalF_HearteD",-0.226,-16.988,"Pugeuk",-20.519,-48.888,"TaeGeuk_",-9.339,-59.099,"bdg06213",23.463,-50.242,"장덕춘_",12.028,-65.443,"Azuner",34.532,-85.815,"ʚneul_ɞ",-2.306,-109.667,"卯月満開",-35.441,-84.961,0,0,0,0,0,"",0,0,0,0,0,0,0,0,0,0
143,7,1,5,0,0,2,0,0,0,0,255,255,255,22,6013.942,"하루（Haru）",R,27,140,-0.323,-0.242,-0.056,1.86,-36.341,2,0,88.979,-144.151,8.023,0,0,1,2,7,R,"Pizzallaris",160,92.656,0.299,3,59,6014.988,158,105,9,149,142,83,30.455,37.182,0.01,-0.083,-0.039,0.37,0,0,0,-0.317,-37.054,"HalF_HearteD",0.021,-16.991,"Pugeuk",-22.005,-51.916,"TaeGeuk_",-9.024,-60.422,"bdg06213",23.277,-50.214,"장덕춘_",12.234,-65.529,"Azuner",34.102,-85.904,"ʚneul_ɞ",-2.251,-109.739,"卯月満開",-35.452,-84.911,6019.714,-43.099,-73.364,6019.914,8,"卯月満開",-41.889,-71.862,0,0,0,0,0,0,0,1
144,7,1,5,0,0,0,1,0,0,0,255,255,255,23,6052.189,"하루（Haru）",R,27,140,0.305,0.81,0.001,2.021,-36.427,0,0,89.097,-116.387,8.368,0,0,0,3,6,R,"あおいぬ",166.8,107,0.665,0,59,0,0,0,0,0,0,0,0,0,0,0,0,0,0,0,0,-0.214,-37.164,"HalF_HearteD",-0.018,-16.987,"Pugeuk",-22.036,-50.085,"TaeGeuk_",-13.12,-62.752,"bdg06213",23.486,-50.26,"장덕춘_",11.856,-65.456,"Azuner",34.3,-85.828,"ʚneul_ɞ",-3.603,-109.922,"卯月満開",-35.291,-84.841,0,0,0,0,0,"",0,0,0,0,0,0,0,0,0,0
145,7,1,5,0,0,1,1,0,0,0,255,255,255,24,6069.583,"하루（Haru）",R,27,134,1.522,1.825,0.112,2.17,-36.617,4,0,89.304,-119.026,8.139,0,0,1,3,6,R,"あおいぬ",166.8,107,0.665,0,59,0,0,0,0,0,0,0,0,0,0,0,0,0,0,0,0,-0.455,-37.347,"HalF_HearteD",-0.028,-16.932,"Pugeuk",-20.689,-49.112,"TaeGeuk_",-12.699,-63.126,"bdg06213",23.469,-50.258,"장덕춘_",11.782,-65.327,"Azuner",34.123,-85.882,"ʚneul_ɞ",-3.599,-109.974,"卯月満開",-35.093,-84.927,0,0,0,0,0,"",0,0,0,0,0,0,0,0,0,0
146,7,1,5,0,0,2,1,0,0,0,255,255,255,25,6088.669,"하루（Haru）",R,10,87,1.473,-0.594,0.137,2.079,-36.562,2,0,0,400,-32.287,0,0,0,3,6,R,"あおいぬ",166.8,107,0.665,3,59,6089.99,154,90,31,116,142,118,-30,-3.635,0.24,0.028,0.015,0.34,0,0,0,-0.163,-36.778,"HalF_HearteD",0.101,-17.102,"Pugeuk",-20.505,-50.4,"TaeGeuk_",-12.906,-63.297,"bdg06213",23.437,-50.209,"장덕춘_",11.839,-65.232,"Azuner",34.261,-85.803,"ʚneul_ɞ",-3.858,-110.016,"卯月満開",-35.11,-84.949,6090.081,0.31,-19.727,6094.281,7,"ʚneul_ɞ",4.998,-101.417,1,0,0,0,0,0,0,2
147,7,1,5,0,0,0,1,1,0,0,6,255,255,26,6129.567,"하루（Haru）",R,3,88,-3.201,0.349,0.04,1.885,-36.777,2,0,-343.024,0,-5.312,0,0,1,4,5,L,"shimenawa",174.9,100,0.2,3,59,6130.94,148,90,25,108,142,127,50,12.976,0.53,-0.054,-0.069,0.175,0,0,0,-0.293,-36.969,"HalF_HearteD",-0.145,-17.066,"Pugeuk",-20.324,-46.082,"TaeGeuk_",-3.432,-58.545,"bdg06213",22.667,-49.596,"장덕춘_",10.981,-65.512,"Azuner",38.3,-84.545,"ʚneul_ɞ",1.293,-110.129,"卯月満開",-35.567,-96.998,6138.447,-13.827,-112.469,6138.581,7,"ʚneul_ɞ",-13.726,-111.642,0,0,0,0,0,0,0,1
148,7,1,5,0,0,0,2,1,0,0,6,255,255,27,6167.435,"하루（Haru）",R,28,140,-0.387,-0.249,-0.063,1.868,-36.398,0,0,90.511,-91.68,7.938,0,0,0,5,8,R,"紅さかな",172.5,96.324,0.453,0,59,0,0,0,0,0,0,0,0,0,0,0,0,0,0,0,0,0.049,-37.453,"HalF_HearteD",0.017,-16.985,"Pugeuk",-19.963,-44.394,"TaeGeuk_",-6.826,-59.029,"bdg06213",23.439,-49.837,"장덕춘_",11.408,-65.477,"Azuner",35.196,-85.676,"ʚneul_ɞ",-2.964,-111.58,"卯月満開",-34.328,-85.1,0,0,0,0,0,"",0,0,0,0,0,0,0,0,0,0
149,7,1,5,0,0,1,2,1,0,0,6,255,255,28,6266.521,"하루（Haru）",R,0,95,-0.06,-0.605,0.11,1.866,-36.881,2,0,0,0,-4.944,0,0,1,5,8,R,"紅さかな",172.5,96.324,0.453,3,50,6267.769,193,129,64,195,155,125,30.168,-4.798,0.7,-0.049,-0.128,0.215,0,0,0,-0.295,-36.978,"HalF_HearteD",-0.05,-17.202,"Pugeuk",-20.18,-42.18,"TaeGeuk_",-6.803,-59.688,"bdg06213",22.925,-51.466,"장덕춘_",10.142,-65.167,"Azuner",35.116,-85.755,"ʚneul_ɞ",-3.17,-110.421,"卯月満開",-34.571,-85.235,6273.697,-0.568,-134.627,6275.047,7,"ʚneul_ɞ",-0.721,-129,1,0,0,0,0,0,0,2
150,7,1,6,0,0,0,2,0,1,0,255,8,255,29,6320.393,"하루（Haru）",R,27,131,1.037,0.326,0.069,1.967,-36.508,2,0,82.847,-101.484,9.106,0,0,1,6,1,R,"白霜らいふ",190,99.517,0.704,3,59,6321.499,226,120,22,136,149,93,5.02,15.425,-0.52,-0.053,-0.068,0.274,0,0,0,-0.115,-37.233,"HalF_HearteD",-0.033,-17.262,"Pugeuk",-20.258,-49.321,"TaeGeuk_",-8.375,-58.186,"bdg06213",21.38,-46.904,"장덕춘_",5.779,-63.916,"Azuner",33.661,-86.445,"ʚneul_ɞ",-2.54,-115.074,"卯月満開",-37.809,-85.798,6322.98,-10.918,-50.118,6323.581,3,"TaeGeuk_",-12.345,-53.748,0,0,0,0,0,0,0,2
151,7,0,6,0,0,0,0,0,0,0,255,255,255,60,6382.49,"Kenomo",R,3,108,-4.372,-0.263,-0.073,1.478,-36.867,4,0,-490.909,0,2.112,0,0,1,4,5,R,"장덕춘_",169.7,94.815,0.549,0,59,0,0,0,0,0,0,0,0,0,0,0,0,0,0,0,0,-0.084,-37.343,"白霜らいふ",-0.788,-16.727,"-Alta-",-20.426,-45.923,"D_arling",-12.33,-63.402,"あいくんだよー",18.855,-48.801,"shimenawa",7.87,-63.719,"あおいぬ",36.388,-85.639,"Pizzallaris",-0.041,-108.086,"紅さかな",-46.814,-82.256,0,0,0,0,0,"",0,0,0,0,0,0,0,0,0,0
152,7,0,6,0,0,1,0,0,0,0,255,255,255,61,6400.259,"Kenomo",R,13,106,-3.374,-1.168,-0.013,1.506,-36.826,4,0,-393.076,289.154,0.273,-0.925,-17.213,1,4,5,R,"장덕춘_",169.7,94.815,0.549,0,59,0,0,0,0,0,0,0,0,0,0,0,0,0,0,0,0,0.006,-37.397,"白霜らいふ",-0.356,-16.463,"-Alta-",-20.109,-45.858,"D_arling",-12.098,-63.172,"あいくんだよー",19.382,-49.352,"shimenawa",8.292,-63.339,"あおいぬ",35.935,-85.86,"Pizzallaris",-0.031,-108.083,"紅さかな",-46.907,-83.102,0,0,0,0,0,"",0,0,0,0,0,0,0,0,0,0
153,7,0,6,0,0,2,0,0,0,0,255,255,255,62,6416.455,"Kenomo",R,26,132,-0.691,0.155,-0.052,1.456,-36.593,2,0,-36.24,-197.677,-1.615,0,0,1,4,5,R,"장덕춘_",169.7,94.815,0.549,3,59,6417.242,117,96,18,140,139,107,103.743,-55.755,0.83,-0.107,-0.067,0.11,0,0,0,-0.1,-37.188,"白霜らいふ",0.011,-16.394,"-Alta-",-19.281,-46.13,"D_arling",-12.363,-63.556,"あいくんだよー",19.549,-48.32,"shimenawa",11.604,-64.561,"あおいぬ",36.678,-85.278,"Pizzallaris",-0.346,-107.891,"紅さかな",-46.356,-83.669,0,0,0,0,0,"",0,0,0,0,0,0,0,0,0,3
154,7,0,6,0,0,2,0,0,0,0,255,255,255,63,6446.035,"Kenomo",R,10,118,0.075,-1.531,0.201,1.588,-36.867,4,0,-10.507,275.279,2.802,0,0,1,4,5,R,"장덕춘_",169.7,94.815,0.549,0,59,0,0,0,0,0,0,0,0,0,0,0,0,0,0,0,0,0.051,-37.574,"白霜らいふ",0.073,-16.421,"-Alta-",-19.532,-43.015,"D_arling",-12.313,-63.525,"あいくんだよー",19.854,-47.79,"shimenawa",9.561,-62.988,"あおいぬ",39.367,-81.742,"Pizzallaris",0.449,-108.413,"紅さかな",-42.795,-80.868,0,0,0,0,0,"",0,0,0,0,0,0,0,0,0,0
155,7,0,6,0,0,0,1,0,0,0,255,255,255,64,6468.137,"Kenomo",R,34,134,2.068,1.016,0.213,1.692,-36.789,2,0,99.849,-92.093,3.75,0,0,1,5,8,R,"卯月満開",180.3,89.902,0.2,2,59,6468.983,180,116,25,170,147,129,5.312,-15.217,0.43,-0.081,-0.049,0.152,0,0,0,0.112,-37.301,"白霜らいふ",0.052,-16.391,"-Alta-",-20.208,-46.491,"D_arling",-12.314,-63.419,"あいくんだよー",18.968,-47.384,"shimenawa",14.112,-63.75,"あおいぬ",37.28,-81.077,"Pizzallaris",0.088,-105.094,"紅さかな",-45.179,-81.024,0,0,0,6470.597,5,"shimenawa",11.058,-59.911,0,0,0,0,0,0,0,1
156,7,0,6,0,0,0,2,0,0,0,255,255,255,65,6493.958,"Kenomo",R,10,111,0.368,-2.97,0.164,1.354,-36.684,1,0,0,400,14.359,-0.102,-17.308,0,6,7,L,"ʚneul_ɞ",160,97,0.526,0,59,0,0,0,0,0,0,0,0,0,0,0,0,0,0,0,0,-0.019,-37.404,"白霜らいふ",0.053,-16.557,"-Alta-",-20.761,-45.798,"D_arling",-11.563,-65.878,"あいくんだよー",19.472,-45.458,"shimenawa",12.974,-63.317,"あおいぬ",38.527,-83.028,"Pizzallaris",0.485,-105.582,"紅さかな",-43.916,-80.71,0,0,0,0,0,"",0,0,0,0,0,0,0,0,0,0
157,7,0,6,0,1,0,2,0,0,0,255,255,255,66,6510.823,"Kenomo",R,28,135,-1.636,0.069,0.06,1.689,-36.794,1,0,58.613,-59.809,3.261,0,0,0,6,7,L,"ʚneul_ɞ",160,97,0.526,0,59,0,0,0,0,0,0,0,0,0,0,0,0,0,0,0,0,-0.104,-37.481,"白霜らいふ",-0.051,-16.636,"-Alta-",-19.673,-43.338,"D_arling",-11.538,-65.9,"あいくんだよー",19.828,-46.714,"shimenawa",13.448,-62.85,"あおいぬ",39.606,-82.977,"Pizzallaris",0.44,-105.623,"紅さかな",-45.475,-81.767,0,0,0,0,0,"",0,0,0,0,0,0,0,0,0,0
158,7,0,6,0,2,0,2,0,0,0,255,255,255,67,6525.579,"Kenomo",R,27,140,-1.67,-0.83,-0.021,1.543,-36.71,1,0,29.083,-130.907,3.239,0,0,0,6,7,L,"ʚneul_ɞ",160,97,0.526,0,59,0,0,0,0,0,0,0,0,0,0,0,0,0,0,0,0,-0.064,-37.464,"白霜らいふ",-0.02,-16.501,"-Alta-",-19.379,-44.1,"D_arling",-11.632,-63.924,"あいくんだよー",21.198,-47.744,"shimenawa",12.532,-63.258,"あおいぬ",38.319,-81.996,"Pizzallaris",0.467,-105.615,"紅さかな",-46.838,-81.912,0,0,0,0,0,"",0,0,0,0,0,0,0,0,0,0
159,7,0,6,0,3,0,2,0,0,0,255,255,255,68,6543.393,"Kenomo",R,26,136,-0.752,-0.901,-0.079,1.312,-36.667,0,0,27.822,-188.901,-1.809,0,0,0,6,7,L,"ʚneul_ɞ",160,97,0.526,0,59,0,0,0,0,0,0,0,0,0,0,0,0,0,0,0,0,-0.033,-37.403,"白霜らいふ",0.017,-16.45,"-Alta-",-19.608,-44.398,"D_arling",-11.649,-63.929,"あいくんだよー",19.96,-46.988,"shimenawa",9.253,-62.951,"あおいぬ",37.183,-82.237,"Pizzallaris",0.494,-105.579,"紅さかな",-46.662,-82.373,0,0,0,0,0,"",0,0,0,0,0,0,0,0,0,0
160,7,0,6,0,3,1,2,0,0,0,255,255,255,69,6561.587,"Kenomo",R,3,98,-2.668,-1.085,0.188,1.455,-36.79,3,0,-436.056,102.167,-10.836,-0.019,-20.238,0,6,7,L,"ʚneul_ɞ",160,97,0.526,0,59,0,0,0,0,0,0,0,0,0,0,0,0,0,0,0,0,0.136,-37.684,"白霜らいふ",-0.177,-17.415,"-Alta-",-19.358,-44.166,"D_arling",-11.625,-63.948,"あいくんだよー",20.423,-47.031,"shimenawa",9.778,-62.389,"あおいぬ",41.348,-83.877,"Pizzallaris",0.477,-105.586,"紅さかな",-46.831,-82.391,0,0,0,0,0,"",0,0,0,0,0,0,0,0,0,6
161,7,0,6,0,3,2,2,0,0,0,255,255,255,70,6613.632,"Kenomo",R,28,137,-0.445,-0.195,0.082,1.596,-36.826,0,0,62.502,-63.416,2.33,0,0,1,6,7,L,"ʚneul_ɞ",160,97,0.526,0,46,0,0,0,0,0,0,0,0,0,0,0,0,0,0,0,0,0.019,-37.734,"白霜らいふ",0.039,-16.313,"-Alta-",-18.786,-43.827,"D_arling",-11.681,-63.899,"あいくんだよー",20.941,-47.257,"shimenawa",11.359,-61.333,"あおいぬ",40.15,-83.126,"Pizzallaris",0.495,-105.707,"紅さかな",-46.916,-82.281,0,0,0,0,0,"",0,0,0,0,0,0,0,0,0,0
162,8,1,6,0,0,0,0,0,0,0,255,255,255,0,6842.907,"TaeGeuk_",R,3,119,-0.195,-0.379,0.541,0.932,-36.658,0,0,-476.502,0,-9.282,0,0,0,7,4,L,"あいくんだよー",174.6,90.425,0.329,0,59,0,0,0,0,0,0,0,0,0,0,0,0,0,0,0,0,-0.43,-38.113,"HalF_HearteD",-0.054,-17.06,"Pugeuk",-18.335,-50.47,"Apple_Sherbet",-12.849,-65.049,"bdg06213",22.403,-51.127,"장덕춘_",11.518,-65.575,"Azuner",39.452,-83.525,"ʚneul_ɞ",2.923,-111.288,"卯月満開",-32.606,-96.591,0,0,0,0,0,"",0,0,0,0,0,0,0,0,0,0
163,8,1,6,0,0,1,0,0,0,0,255,255,255,1,6859.909,"TaeGeuk_",R,32,133,-0.92,0.341,0.231,1.046,-36.442,0,0,192.863,-9.532,8.495,0,0,1,7,4,L,"あいくんだよー",174.6,90.425,0.329,0,59,0,0,0,0,0,0,0,0,0,0,0,0,0,0,0,0,0.105,-38.053,"HalF_HearteD",-0.067,-17.056,"Pugeuk",-18.724,-50.052,"Apple_Sherbet",-12.579,-64.699,"bdg06213",22.252,-51.279,"장덕춘_",11.514,-65.465,"Azuner",39.534,-83.401,"ʚneul_ɞ",3.618,-109.313,"卯月満開",-32.62,-96.578,0,0,0,0,0,"",0,0,0,0,0,0,0,0,0,0
164,8,1,6,0,0,2,0,0,0,0,255,255,255,2,6879.636,"TaeGeuk_",R,3,114,0.358,0.915,0.674,1.007,-36.605,0,0,-413.895,0,5.435,-0.651,-17.79,0,7,4,L,"あいくんだよー",174.6,90.425,0.329,0,59,0,0,0,0,0,0,0,0,0,0,0,0,0,0,0,0,-0.066,-37.213,"HalF_HearteD",-0.047,-17.049,"Pugeuk",-18.852,-49.901,"Apple_Sherbet",-12.308,-65.21,"bdg06213",22.238,-51.211,"장덕춘_",11.577,-65.473,"Azuner",38.316,-83.59,"ʚneul_ɞ",3.582,-109.426,"卯月満開",-32.608,-96.593,0,0,0,0,0,"",0,0,0,0,0,0,0,0,0,0
165,8,1,6,0,0,0,1,0,0,0,255,255,255,3,6906.757,"TaeGeuk_",R,3,123,-3.575,0.252,0.219,1.042,-36.416,1,0,-500,0,-0.513,-3.118,-5.665,0,8,0,R,"Kenomo",190,93.022,0.479,0,59,0,0,0,0,0,0,0,0,0,0,0,0,0,0,0,0,-0.382,-37.294,"HalF_HearteD",-0.377,-16.958,"Pugeuk",-22.16,-50.434,"Apple_Sherbet",-11.598,-65.885,"bdg06213",22.219,-51.12,"장덕춘_",11.533,-65.475,"Azuner",32.773,-85.892,"ʚneul_ɞ",-2.597,-110.628,"卯月満開",-36.292,-85.012,0,0,0,0,0,"",0,0,0,0,0,0,0,0,0,0
166,8,1,6,0,1,0,1,0,0,0,255,255,255,4,6929.113,"TaeGeuk_",R,32,127,0.656,0.562,0.361,1.084,-36.436,2,0,237.919,-64.987,10.714,0,0,1,8,0,R,"Kenomo",190,93.022,0.479,2,59,6930.194,115,113,29,133,141,88,92.438,86.742,-0.48,-0.047,-0.059,0.322,0,0,0,0.157,-37.067,"HalF_HearteD",-0.201,-17.235,"Pugeuk",-21.347,-52.789,"Apple_Sherbet",-11.773,-66.008,"bdg06213",22.338,-51.294,"장덕춘_",11.601,-65.416,"Azuner",32.602,-85.938,"ʚneul_ɞ",-2.603,-110.831,"卯月満開",-36.389,-84.413,6935.931,55.479,-16.152,0,0,"",0,0,0,0,0,0,0,0,0,3
167,8,1,6,0,2,1,1,0,0,0,255,255,255,5,6955.246,"TaeGeuk_",R,0,0,0,0,0,0,0,0,0,0,0,0,0,0,0,8,0,R,"Kenomo",190,93.022,0.479,0,99,0,0,0,0,0,0,0,0,0,0,0,0,0,0,0,0,0,0,"",0,0,"",0,0,"",0,0,"",0,0,"",0,0,"",0,0,"",0,0,"",0,0,0,0,0,0,0,"",0,0,0,0,0,0,0,0,0,0
168,8,1,6,0,2,1,1,0,0,0,255,255,255,5,6976.203,"TaeGeuk_",R,3,123,2.506,0.968,0.775,1.012,-36.731,1,0,-446.59,0,-0.173,0,0,0,8,0,R,"Kenomo",190,93.022,0.479,0,99,0,0,0,0,0,0,0,0,0,0,0,0,0,0,0,0,0.28,-37.211,"HalF_HearteD",0.084,-16.866,"Pugeuk",-20.824,-52.481,"Apple_Sherbet",-12.258,-65.405,"bdg06213",23.694,-52.133,"장덕춘_",11.741,-65.735,"Azuner",33.519,-85.911,"ʚneul_ɞ",-3.946,-107.877,"卯月満開",-38.319,-84.896,0,0,0,0,0,"",0,0,0,0,0,0,0,0,0,0
169,8,1,6,0,3,1,1,0,0,0,255,255,255,6,6990.965,"TaeGeuk_",R,33,115,0.884,0.148,0.421,1.017,-36.443,2,0,103.69,-22.255,-3.184,0,0,1,8,0,R,"Kenomo",190,93.022,0.479,2,99,6992.058,95,111,69,119,139,88,27.583,-19.003,-0.28,-0.078,-0.122,0.201,0,0,0,0.257,-37.029,"HalF_HearteD",0.023,-17.134,"Pugeuk",-19.885,-52.695,"Apple_Sherbet",-12.253,-65.371,"bdg06213",23.676,-52.094,"장덕춘_",11.782,-65.625,"Azuner",33.514,-85.923,"ʚneul_ɞ",-3.827,-107.706,"卯月満開",-38.122,-85.004,6996.997,24.589,-91.898,6997.081,6,"Azuner",23.689,-89.281,0,0,0,0,0,0,0,1
170,8,1,6,0,0,0,2,0,0,0,255,255,255,7,7017.966,"TaeGeuk_",R,3,121,3.21,-2.008,0.843,0.921,-36.83,1,0,-435.655,0,-11.674,0.44,-17.573,0,0,2,L,"-Alta-",190,88,0.5,0,59,0,0,0,0,0,0,0,0,0,0,0,0,0,0,0,0,0.199,-37.048,"HalF_HearteD",-0.199,-17.079,"Pugeuk",-17.978,-50.786,"Apple_Sherbet",-12.236,-65.317,"bdg06213",22.684,-50.424,"장덕춘_",11.358,-65.765,"Azuner",37.197,-83.985,"ʚneul_ɞ",2.712,-109.165,"卯月満開",-30.885,-94.36,0,0,0,0,0,"",0,0,0,0,0,0,0,0,0,0
171,8,1,6,0,1,0,2,0,0,0,255,255,255,8,7033.23,"TaeGeuk_",R,32,134,0.654,0.748,0.371,1.097,-36.419,2,0,211.674,-156.26,8.648,0,0,1,0,2,L,"-Alta-",190,88,0.5,3,59,7034.223,163,112,8,189,143,92,98.588,64.993,-0.13,-0.002,-0.094,0.294,0,0,0,0.085,-36.648,"HalF_HearteD",0.24,-17.148,"Pugeuk",-17.881,-50.879,"Apple_Sherbet",-12.289,-65.322,"bdg06213",22.922,-51.231,"장덕춘_",11.242,-65.588,"Azuner",36.493,-84.291,"ʚneul_ɞ",2.372,-109.115,"卯月満開",-30.875,-94.34,7040.814,27.222,-0.689,0,0,"",0,0,0,0,0,0,0,0,0,3
172,8,1,6,0,1,1,2,0,0,0,255,255,255,9,7066.814,"TaeGeuk_",R,32,134,-0.078,0.293,0.297,1.035,-36.438,2,0,231.364,-55.961,10.375,0,0,1,0,2,L,"-Alta-",190,88,0.5,3,59,7067.8,178,133,25,215,154,96,92.642,-58.275,-0.44,0.055,-0.183,0.323,0,0,0,0.446,-36.891,"HalF_HearteD",0.157,-17.168,"Pugeuk",-20.261,-50.784,"Apple_Sherbet",-11.831,-65.216,"bdg06213",22.996,-51.921,"장덕춘_",12.038,-65.613,"Azuner",36.523,-84.787,"ʚneul_ɞ",2.748,-110.77,"卯月満開",-32.098,-96.882,7074.781,-11.388,-10.577,7075.014,1,"HalF_HearteD",-11.203,-10.734,0,0,0,0,0,0,0,1
173,8,0,6,0,0,0,0,0,0,0,255,255,255,71,7129.997,"Kenomo",R,33,130,1.672,1.533,0.291,1.804,-36.879,2,0,125.378,-81.912,4.839,0,0,1,7,1,R,"HalF_HearteD",174.6,89.82,0.401,3,59,7131.119,144,55,0,129,100,86,-26.928,44.407,0.24,0.006,-0.014,0.276,0,0,0,-0.076,-37.21,"白霜らいふ",0.036,-16.414,"-Alta-",-20.331,-46.489,"D_arling",-11.258,-64.659,"あいくんだよー",18.333,-48.456,"shimenawa",12.759,-63.955,"あおいぬ",36.557,-83.365,"Pizzallaris",0.105,-108.204,"紅さかな",-44.339,-82.476,7131.414,-2.02,-20.942,7135.897,8,"紅さかな",-45.988,-67.595,0,0,0,0,0,0,0,2
174,8,0,6,0,0,1,0,0,0,0,255,255,255,72,7159.444,"Kenomo",R,12,121,-1.315,-0.753,0.005,1.532,-36.782,0,0,-6.212,77.743,5.915,0,0,0,7,1,R,"HalF_HearteD",174.6,89.82,0.401,0,36,0,0,0,0,0,0,0,0,0,0,0,0,0,0,0,0,-0.098,-37.316,"白霜らいふ",-0.05,-16.504,"-Alta-",-18.86,-43.462,"D_arling",-12.461,-64.73,"あいくんだよー",17.519,-46.278,"shimenawa",11.466,-63.834,"あおいぬ",38.168,-84.655,"Pizzallaris",-0.072,-107.525,"紅さかな",-46.431,-83.709,0,0,0,0,0,"",0,0,0,0,0,0,0,0,0,0
175,8,0,6,0,0,2,0,0,0,0,255,255,255,73,7176.189,"Kenomo",R,10,120,-0.974,-0.852,-0.087,1.501,-36.773,0,0,0,312.216,3.825,0,0,1,7,1,R,"HalF_HearteD",174.6,89.82,0.401,0,36,0,0,0,0,0,0,0,0,0,0,0,0,0,0,0,0,-0.16,-37.35,"白霜らいふ",-0.01,-16.477,"-Alta-",-19.344,-43.853,"D_arling",-12.445,-64.696,"あいくんだよー",17.724,-46.314,"shimenawa",8.56,-64.568,"あおいぬ",37.588,-84.782,"Pizzallaris",-0.064,-107.532,"紅さかな",-48.048,-83.694,0,0,0,0,0,"",0,0,0,0,0,0,0,0,0,0
176,8,0,6,0,0,0,1,0,0,0,255,255,255,74,7201.862,"Kenomo",R,10,115,-0.867,-0.9,0.025,1.651,-36.789,0,0,0,319.007,4.471,0,0,0,8,6,L,"Azuner",179.9,86,0.398,0,59,0,0,0,0,0,0,0,0,0,0,0,0,0,0,0,0,-0.118,-37.373,"白霜らいふ",0.037,-16.482,"-Alta-",-18.75,-43.544,"D_arling",-11.139,-64.705,"あいくんだよー",18.526,-45.007,"shimenawa",13.875,-64.241,"あおいぬ",42.486,-84.807,"Pizzallaris",-0.075,-107.315,"紅さかな",-48.138,-86.303,0,0,0,0,0,"",0,0,0,0,0,0,0,0,0,0
177,8,0,6,0,0,1,1,0,0,0,255,255,255,75,7215.653,"Kenomo",R,11,120,-1.884,-2.662,-0.052,1.385,-36.699,2,0,-52.277,223.019,7.164,-0.318,-21.85,1,8,6,L,"Azuner",179.9,86,0.398,3,59,7216.766,151,170,61,215,146,85,11.002,-17.293,0.96,0.084,-0.184,0.369,0,0,0,-0.259,-37.121,"白霜らいふ",0.033,-16.673,"-Alta-",-19.97,-45.422,"D_arling",-12.171,-64.254,"あいくんだよー",18.302,-45.507,"shimenawa",13.895,-64.401,"あおいぬ",42.523,-84.726,"Pizzallaris",-0.108,-107.3,"紅さかな",-48.146,-86.428,0,0,0,7219.147,5,"shimenawa",14.418,-58.578,0,0,0,0,0,0,0,1
178,8,0,6,0,0,0,2,0,0,0,255,255,255,76,7247.195,"Kenomo",R,3,107,-2.395,-0.544,0.03,1.412,-36.836,2,0,-407.858,0,-12.165,0,0,1,0,2,R,"Pugeuk",190,97,0.548,3,59,7248.281,192,158,47,203,155,111,-30,47.833,0.9,-0.073,-0.189,0.476,0,0,0,-0.075,-37.357,"白霜らいふ",-0.096,-16.523,"-Alta-",-19.602,-45.665,"D_arling",-12.214,-63.636,"あいくんだよー",18.604,-48.035,"shimenawa",13.377,-64.447,"あおいぬ",38.373,-82.018,"Pizzallaris",0.918,-105.885,"紅さかな",-44.895,-82.301,7248.414,-1.884,-21.953,7255.931,8,"紅さかな",-71.372,-79.741,0,0,0,0,0,0,0,2
179,8,0,6,0,0,1,2,0,0,0,255,255,255,77,7278.022,"Kenomo",R,34,137,0.165,1.045,0.192,1.812,-36.883,4,0,93.218,-69.329,5.576,0,0,1,0,2,R,"Pugeuk",190,97,0.548,0,59,0,0,0,0,0,0,0,0,0,0,0,0,0,0,0,0,-0.112,-37.261,"白霜らいふ",0.027,-16.507,"-Alta-",-19.093,-43.132,"D_arling",-12.782,-63.93,"あいくんだよー",18.106,-47.314,"shimenawa",10.26,-65.656,"あおいぬ",36.691,-83.516,"Pizzallaris",-0.53,-109.304,"紅さかな",-46.158,-83.232,0,0,0,0,0,"",0,0,0,0,0,0,0,0,0,0
180,8,0,6,0,0,2,2,0,0,0,255,255,255,78,7292.57,"Kenomo",R,13,109,-2.769,-2.529,0.031,1.346,-36.817,1,0,-357.034,346.666,13.105,-0.921,-17.352,0,0,2,R,"Pugeuk",190,97,0.548,0,59,0,0,0,0,0,0,0,0,0,0,0,0,0,0,0,0,0.049,-37.353,"白霜らいふ",-0.085,-16.64,"-Alta-",-19.313,-43.622,"D_arling",-12.842,-64.254,"あいくんだよー",18.604,-47.936,"shimenawa",10.607,-65.056,"あおいぬ",38.305,-82.437,"Pizzallaris",-0.525,-109.302,"紅さかな",-46.684,-83.024,0,0,0,0,0,"",0,0,0,0,0,0,0,0,0,0
181,8,0,6,0,1,2,2,0,0,0,255,255,255,79,7307.783,"Kenomo",R,27,128,1.454,0.494,0.282,1.7,-36.857,2,0,73.94,-143.421,6.729,0,0,1,0,2,R,"Pugeuk",190,97,0.548,3,59,7308.734,112,99,20,144,139,89,6.073,-19.748,-0.21,-0.036,-0.143,0.178,0,0,0,-0.026,-37.117,"白霜らいふ",-0.006,-16.638,"-Alta-",-19.159,-45.463,"D_arling",-12.824,-64.196,"あいくんだよー",18.606,-47.921,"shimenawa",13.245,-64.48,"あおいぬ",38.307,-81.924,"Pizzallaris",0.018,-109.298,"紅さかな",-46.86,-83.534,7310.331,10.88,-52.301,7310.98,5,"shimenawa",12.814,-58.459,0,0,0,0,0,0,0,2
182,9,1,6,0,0,0,0,0,0,0,255,255,255,10,7373.149,"TaeGeuk_",R,32,137,1.677,-0.18,0.457,0.945,-36.571,2,0,250,-71.325,-6.881,0,0,1,1,3,R,"D_arling",164.8,100.283,0.402,3,59,7374.07,151,95,87,72,145,62,-27.325,16.328,1,-0.06,-0.106,0.34,0,0,0,0.394,-36.836,"HalF_HearteD",0.017,-17.06,"Pugeuk",-22.308,-53.16,"Apple_Sherbet",-10.874,-65.461,"bdg06213",22.716,-51.052,"장덕춘_",11.686,-65.623,"Azuner",35.107,-85.964,"ʚneul_ɞ",-3.475,-108.407,"卯月満開",-35.198,-84.499,7374.281,-0.113,-22.08,7377.581,3,"Apple_Sherbet",-10.691,-53.405,0,0,0,0,0,0,0,2
183,9,1,6,0,0,0,1,0,0,0,255,255,255,11,7399.733,"TaeGeuk_",R,2,106,-1.242,-0.36,0.089,0.742,-36.617,0,0,-343.37,-350.757,10.793,0,0,1,2,7,R,"Pizzallaris",160,92.656,0.299,0,59,0,0,0,0,0,0,0,0,0,0,0,0,0,0,0,0,-0.579,-37.581,"HalF_HearteD",-0.196,-16.967,"Pugeuk",-21.279,-49.125,"Apple_Sherbet",-10.298,-63.516,"bdg06213",22.734,-50.311,"장덕춘_",11.707,-65.772,"Azuner",33.835,-86.147,"ʚneul_ɞ",-4.806,-113.358,"卯月満開",-37.949,-81.22,0,0,0,0,0,"",0,0,0,0,0,0,0,0,0,0
184,9,1,6,0,0,1,1,0,0,0,255,255,255,12,7417.217,"TaeGeuk_",R,15,114,-1.417,2.746,-0.164,1.365,-36.434,1,0,0,-400,22.616,0,0,0,2,7,R,"Pizzallaris",160,92.656,0.299,0,59,0,0,0,0,0,0,0,0,0,0,0,0,0,0,0,0,-0.223,-37.466,"HalF_HearteD",-0.114,-16.797,"Pugeuk",-21.193,-49.036,"Apple_Sherbet",-10.668,-63.916,"bdg06213",22.853,-50.485,"장덕춘_",11.703,-65.75,"Azuner",33.643,-86.12,"ʚneul_ɞ",-4.861,-113.743,"卯月満開",-38.018,-81.319,0,0,0,0,0,"",0,0,0,0,0,0,0,0,0,0
185,9,1,6,0,1,1,1,0,0,0,255,255,255,13,7435.493,"TaeGeuk_",R,36,117,0.374,-0.176,0.012,1.031,-36.438,2,0,133.084,145.773,1.995,0,0,1,2,7,R,"Pizzallaris",160,92.656,0.299,3,59,7436.602,182,135,38,190,155,89,-8.96,-16.717,0.95,-0.065,-0.015,0.318,0,0,0,0.061,-36.706,"HalF_HearteD",-0.071,-17.169,"Pugeuk",-21.392,-51.497,"Apple_Sherbet",-11.27,-63.485,"bdg06213",22.759,-50.394,"장덕춘_",11.707,-65.774,"Azuner",33.666,-86.216,"ʚneul_ɞ",-4.81,-113.738,"卯月満開",-38.012,-81.315,7436.647,1.345,-24.685,7438.647,5,"장덕춘_",10.176,-60.278,0,0,0,0,0,0,0,2
186,9,1,6,0,0,0,2,0,0,0,255,255,255,14,7464.334,"TaeGeuk_",R,32,132,-1.835,0.523,0.085,1.078,-36.424,1,0,173.136,22.161,10.34,0,0,0,3,6,R,"あおいぬ",166.8,107,0.665,0,59,0,0,0,0,0,0,0,0,0,0,0,0,0,0,0,0,-0.273,-37.543,"HalF_HearteD",0.036,-16.992,"Pugeuk",-22.289,-52.431,"Apple_Sherbet",-12.382,-65.158,"bdg06213",23.517,-51.238,"장덕춘_",11.864,-65.728,"Azuner",33.934,-86.685,"ʚneul_ɞ",-4.884,-110.143,"卯月満開",-37.416,-84.773,0,0,0,0,0,"",0,0,0,0,0,0,0,0,0,0
187,9,1,6,0,1,0,2,0,0,0,255,255,255,15,7480.291,"TaeGeuk_",R,34,136,1.095,-0.05,0.388,0.968,-36.486,0,0,86.526,-67.455,12.46,0,0,1,3,6,R,"あおいぬ",166.8,107,0.665,0,59,0,0,0,0,0,0,0,0,0,0,0,0,0,0,0,0,0.044,-37.495,"HalF_HearteD",0.18,-16.99,"Pugeuk",-22.266,-52.395,"Apple_Sherbet",-12.452,-65.077,"bdg06213",23.427,-51.114,"장덕춘_",12.319,-65.047,"Azuner",33.892,-86.699,"ʚneul_ɞ",-4.822,-110.154,"卯月満開",-37.378,-84.767,0,0,0,0,0,"",0,0,0,0,0,0,0,0,0,0
188,9,1,6,0,1,1,2,0,0,0,255,255,255,16,7493.025,"TaeGeuk_",R,3,123,-1.471,-0.616,0.359,0.9,-36.582,4,0,-494.332,0,-4.132,0,0,1,3,6,R,"あおいぬ",166.8,107,0.665,0,59,0,0,0,0,0,0,0,0,0,0,0,0,0,0,0,0,-0.113,-37.816,"HalF_HearteD",-0.462,-16.933,"Pugeuk",-21.811,-50.136,"Apple_Sherbet",-12.972,-64.88,"bdg06213",23.514,-51.162,"장덕춘_",12.356,-65.13,"Azuner",33.866,-86.694,"ʚneul_ɞ",-4.831,-110.293,"卯月満開",-37.402,-85.006,0,0,0,0,0,"",0,0,0,0,0,0,0,0,0,0
189,9,1,6,0,1,2,2,0,0,0,255,255,255,17,7507.665,"TaeGeuk_",R,32,136,-0.662,0.934,0.195,1.123,-36.338,2,0,186.95,-31.903,10.858,0,0,1,3,6,R,"あおいぬ",166.8,107,0.665,3,59,7508.725,112,99,19,131,139,97,-1.731,-29.488,0.1,-0.041,0.022,0.357,0,0,0,0.084,-37.202,"HalF_HearteD",0.032,-16.956,"Pugeuk",-21.242,-52.121,"Apple_Sherbet",-12.521,-65.324,"bdg06213",23.468,-51.29,"장덕춘_",12.353,-65.119,"Azuner",34.14,-86.658,"ʚneul_ɞ",-5.05,-111.354,"卯月満開",-36.778,-84.763,7509.114,6.563,-32.702,7510.631,4,"bdg06213",18.71,-54.464,0,0,0,0,0,0,0,2
190,9,0,6,0,0,0,0,0,0,0,255,255,255,80,7568.4,"Kenomo",R,33,129,2.561,1.243,0.361,1.855,-36.932,3,0,108.303,-68.839,4.433,-0.217,-20.566,0,1,4,R,"bdg06213",190,99.549,0.504,0,59,0,0,0,0,0,0,0,0,0,0,0,0,0,0,0,0,-0.011,-37.325,"白霜らいふ",-0.203,-17.257,"-Alta-",-20.203,-46.004,"D_arling",-10.757,-64.759,"あいくんだよー",17.931,-47.863,"shimenawa",11.009,-63.786,"あおいぬ",36.964,-86.524,"Pizzallaris",0.226,-108.204,"紅さかな",-45.653,-83.937,0,0,0,0,0,"",0,0,0,0,0,0,0,0,0,6
191,9,0,6,0,0,0,0,1,0,0,13,255,255,81,7592.235,"Kenomo",R,13,105,-2.893,-1.124,-0.139,1.414,-36.7,1,0,-388.441,290.519,3.539,0,0,0,2,3,R,"Apple_Sherbet",174.8,86.921,0.302,0,59,0,0,0,0,0,0,0,0,0,0,0,0,0,0,0,0,-0.154,-37.181,"白霜らいふ",-0.038,-16.406,"-Alta-",-18.789,-43.948,"D_arling",-10.82,-64.7,"あいくんだよー",18.847,-47.201,"shimenawa",5.137,-61.743,"あおいぬ",37.356,-85.156,"Pizzallaris",0.229,-108.236,"紅さかな",-45.823,-81.986,0,0,0,0,0,"",0,0,0,0,0,0,0,0,0,0
192,9,0,6,0,1,0,0,1,0,0,13,255,255,82,7607.431,"Kenomo",R,33,136,0.591,-0.304,0.172,1.619,-36.737,2,0,112.039,-37.516,5.61,0,0,1,2,3,R,"Apple_Sherbet",174.8,86.921,0.302,3,59,7608.295,172,112,43,169,148,90,-6.905,-25.752,-0.16,-0.051,-0.037,0.287,0,0,0,-0.215,-36.973,"白霜らいふ",0.065,-16.416,"-Alta-",-19.26,-45.649,"D_arling",-10.768,-64.617,"あいくんだよー",18.744,-47.677,"shimenawa",10.962,-63.73,"あおいぬ",38.515,-85.314,"Pizzallaris",0.218,-108.211,"紅さかな",-44.265,-82.234,7608.381,2.678,-25.478,7610.681,5,"shimenawa",17.723,-60.759,1,0,0,0,0,0,0,2
193,9,0,6,0,0,0,0,1,1,0,255,13,255,83,7716.951,"Kenomo",R,34,136,0.64,0.762,0.244,1.731,-36.858,2,0,98.475,-83.841,4.797,0,0,1,3,0,R,"TaeGeuk_",177.3,88.568,0.408,3,59,7717.83,127,84,12,117,138,78,96.699,-70.404,-0.35,0.021,0.317,0.347,0,0,0,0.003,-36.991,"白霜らいふ",0.082,-16.313,"-Alta-",-19.893,-44.702,"D_arling",-9.665,-63.962,"あいくんだよー",19.317,-47.767,"shimenawa",12.356,-63.853,"あおいぬ",38.803,-83.899,"Pizzallaris",0.307,-104.804,"紅さかな",-42.301,-79.354,7723.547,-24.682,-8.343,0,0,"",0,0,0,0,0,0,0,0,0,3
194,9,0,6,0,0,1,0,1,1,0,255,13,255,84,7743.53,"Kenomo",R,34,131,2.373,0.554,0.312,1.703,-36.856,4,0,64.997,-58.404,-0.569,0,0,1,3,0,R,"TaeGeuk_",177.3,88.568,0.408,0,59,0,0,0,0,0,0,0,0,0,0,0,0,0,0,0,0,-0.091,-37.208,"白霜らいふ",0.107,-16.521,"-Alta-",-18.841,-43.462,"D_arling",-11.417,-63.551,"あいくんだよー",18.831,-45.326,"shimenawa",9.369,-63.424,"あおいぬ",39.189,-83.114,"Pizzallaris",0.056,-105.647,"紅さかな",-44.149,-77.913,0,0,0,0,0,"",0,0,0,0,0,0,0,0,0,0
195,9,0,6,0,0,2,0,1,1,0,255,13,255,85,7760.018,"Kenomo",R,3,108,-2.411,-0.2,-0.049,1.438,-36.689,4,0,-434,0,-4.41,0,0,1,3,0,R,"TaeGeuk_",177.3,88.568,0.408,0,59,0,0,0,0,0,0,0,0,0,0,0,0,0,0,0,0,-0.047,-37.449,"白霜らいふ",-0.035,-16.408,"-Alta-",-20.167,-41.617,"D_arling",-11.817,-63.798,"あいくんだよー",19.294,-44.143,"shimenawa",9.621,-63.487,"あおいぬ",38.762,-85.057,"Pizzallaris",0.059,-105.641,"紅さかな",-44.803,-78.908,0,0,0,0,0,"",0,0,0,0,0,0,0,0,0,0
196,9,0,6,0,0,0,1,1,1,0,255,13,255,86,7790.339,"Kenomo",R,3,112,-4.407,-2.518,-0.078,1.323,-36.752,4,0,-328.791,118.259,12.568,-0.888,-19.585,1,4,5,R,"장덕춘_",169.7,94.815,0.549,0,59,0,0,0,0,0,0,0,0,0,0,0,0,0,0,0,0,-0.038,-37.382,"白霜らいふ",-0.818,-16.527,"-Alta-",-19.447,-42.315,"D_arling",-10.235,-62.787,"あいくんだよー",19.034,-44.923,"shimenawa",10.657,-62.652,"あおいぬ",39.735,-86.248,"Pizzallaris",0.062,-105.628,"紅さかな",-44.894,-81.203,0,0,0,0,0,"",0,0,0,0,0,0,0,0,0,0
197,9,0,6,0,0,1,1,1,1,0,255,13,255,87,7808.9,"Kenomo",R,34,128,1.956,2.512,0.256,1.864,-36.907,4,0,90.005,-45.4,4.32,0,0,1,4,5,R,"장덕춘_",169.7,94.815,0.549,0,59,0,0,0,0,0,0,0,0,0,0,0,0,0,0,0,0,0.086,-37.546,"白霜らいふ",-0.039,-16.772,"-Alta-",-18.793,-41.817,"D_arling",-11.487,-64.517,"あいくんだよー",19.211,-46.645,"shimenawa",9.4,-63.863,"あおいぬ",39.08,-82.745,"Pizzallaris",0.054,-105.622,"紅さかな",-45.094,-79.392,0,0,0,0,0,"",0,0,0,0,0,0,0,0,0,0
198,9,0,6,0,0,2,1,1,1,0,255,13,255,88,7826.542,"Kenomo",R,10,113,-0.174,-2.81,0.131,1.423,-36.733,2,0,-1.795,400,8.38,-0.023,-21.335,1,4,5,R,"장덕춘_",169.7,94.815,0.549,3,59,7827.513,175,117,70,100,155,101,-30,7.575,0.91,-0.148,-0.126,0.137,0,0,0,-0.156,-37.023,"白霜らいふ",0.046,-16.558,"-Alta-",-18.944,-44.974,"D_arling",-11.415,-64.407,"あいくんだよー",19.144,-48.539,"shimenawa",14.204,-63.547,"あおいぬ",41.28,-86.983,"Pizzallaris",0.055,-105.624,"紅さかな",-44.65,-79.993,7827.364,-0.042,-20.498,7829.631,3,"D_arling",-5.297,-60.172,0,0,0,0,0,0,0,2
