id,inn,half,scoreA,scoreB,ball,strk,out,b1,b2,b3,b1Idx,b2Idx,b3Idx,pCnt,pSec,pName,pHand,pType,pPow,spdK,zoneX,zoneY,startX,startY,zDist,call,balk,sH,sV,gyro,plx,plz,bSwing,bIdx,bPos,bZone,bName,bHCm,batLen,batCen,batType,bFps,hSec,rotS,rotL,shS,lgS,prepS,batSpd,ev,ldeg,sdeg,hPos,hMoveX,hMoveY,stayCon,buntGrip,handDist,PPosX,PPosY,PThrSpd,CName,CPosX,CPosY,CThrSpd,1BName,1BPosX,1BPosY,1BThrSpd,2BName,2BPosX,2BPosY,2BThrSpd,3BName,3BPosX,3BPosY,3BThrSpd,SSName,SSPosX,SSPosY,SSThrSpd,LFName,LFPosX,LFPosY,LFThrSpd,CFName,CFPosX,CFPosY,CFThrSpd,RFName,RFPosX,RFPosY,RFThrSpd,ltSec,lx,lz,cSec,cPos,cPlr,cx,cz,1BSafe,tag,cpSec,sb2Sec,sb3Sec,sbhSec,ass,result
1,1,1,0,0,0,0,0,0,0,0,255,255,255,0,1078.937,"_Chun",L,26,82,134,1.386,0.441,0.082,1.652,-36.467,0,0,181.588,-187.659,-18.696,0,0,0,0,7,R,"하루（Haru）",170,80,0.55,0,112,0,0,0,0,0,0,0,0,0,0,0,0,0,0,0,0,0.059,-37.752,0,"Kr_Luna",-0.001,-17.364,0,"NABIMan",-21.43,-45.521,0,"오띵__",-12.173,-65.453,0,"なおｐ--",21.586,-47.759,0,"CVPileMaki",13.997,-63.992,0,"AI",35.7,-81.8,0,"_AKASATA_",5.606,-106.854,0,"M_lunatic",-45.678,-96.55,0,0,0,0,0,0,"",0,0,0,0,0,0,0,0,0,0
2,1,1,0,0,0,1,0,0,0,0,255,255,255,1,1096.782,"_Chun",L,29,76,128,2.523,0.923,0.157,1.752,-36.474,1,0,244.041,-89.428,-10.94,0,0,0,0,7,R,"하루（Haru）",170,80,0.55,0,112,0,0,0,0,0,0,0,0,0,0,0,0,0,0,0,0,0.061,-37.499,0,"Kr_Luna",0.043,-17.342,0,"NABIMan",-20.688,-45.547,0,"오띵__",-12.214,-65.433,0,"なおｐ--",21.566,-47.75,0,"CVPileMaki",13.843,-64.046,0,"AI",35.7,-81.8,0,"_AKASATA_",5.58,-106.809,0,"M_lunatic",-45.662,-96.57,0,0,0,0,0,0,"",0,0,0,0,0,0,0,0,0,0
3,1,1,0,0,1,1,0,0,0,0,255,255,255,2,1111.718,"_Chun",L,26,80,131,-0.142,0.552,-0.047,1.761,-36.601,0,0,153.574,-189.899,-11.708,0,0,0,0,7,R,"하루（Haru）",170,80,0.55,0,112,0,0,0,0,0,0,0,0,0,0,0,0,0,0,0,0,-0.234,-37.544,0,"Kr_Luna",0.015,-17.419,0,"NABIMan",-21.123,-45.046,0,"오띵__",-12.185,-65.46,0,"なおｐ--",21.595,-47.782,0,"CVPileMaki",13.824,-64.027,0,"AI",35.7,-81.8,0,"_AKASATA_",5.609,-106.715,0,"M_lunatic",-45.679,-96.574,0,0,0,0,0,0,"",0,0,0,0,0,0,0,0,0,0
4,1,1,0,0,1,2,0,0,0,0,255,255,255,3,1128.983,"_Chun",L,26,76,127,0.72,1.936,0.067,1.876,-36.545,2,0,0.755,-200,-4.309,0,0,1,0,7,R,"하루（Haru）",170,80,0.55,2,112,1130.014,205,13,115,59,32,150,112,99.956,-64.922,0.18,-0.015,0.024,0.141,0.048,0.285,0.092,-36.733,0,"Kr_Luna",0.077,-17.378,0,"NABIMan",-20.944,-44.876,0,"오띵__",-12.167,-65.475,0,"なおｐ--",21.578,-47.757,0,"CVPileMaki",14.138,-64.142,0,"AI",35.7,-81.8,0,"_AKASATA_",5.458,-106.995,0,"M_lunatic",-46.051,-97.342,0,0,0,0,0,0,"",0,0,0,0,0,0,0,0,0,3
5,1,1,0,0,1,2,0,0,0,0,255,255,255,4,1149.378,"_Chun",L,14,80,118,-2.911,-0.216,-0.077,1.768,-36.571,1,0,-390.434,312.348,-25.705,0,0,0,0,7,R,"하루（Haru）",170,80,0.55,0,108,0,0,0,0,0,0,0,0,0,0,0,0,0,0,0,0,-0.057,-37.497,0,"Kr_Luna",-0.064,-17.08,0,"NABIMan",-20.262,-42.692,0,"오띵__",-13.275,-65.061,0,"なおｐ--",21.591,-47.77,0,"CVPileMaki",14.56,-63.999,0,"AI",35.7,-81.8,0,"_AKASATA_",2.58,-109.817,0,"M_lunatic",-43.949,-96.037,0,0,0,0,0,0,"",0,0,0,0,0,0,0,0,0,0
6,1,1,0,0,2,2,0,0,0,0,255,255,255,5,1168.096,"_Chun",L,29,82,135,1.662,0.9,0.082,1.728,-36.545,2,0,241.109,-170.389,-21.273,0,0,1,0,7,R,"하루（Haru）",170,80,0.55,2,108,1169.134,194,11,76,52,25,144,124,26.547,44.46,0.31,-0.003,0.004,0.112,0.048,0.288,0.04,-36.843,0,"Kr_Luna",0.117,-17.229,0,"NABIMan",-20.433,-44.446,0,"오띵__",-13.133,-65.113,0,"なおｐ--",21.589,-47.779,0,"CVPileMaki",14.597,-64.041,0,"AI",35.7,-81.8,0,"_AKASATA_",4.295,-109.722,0,"M_lunatic",-44.078,-95.482,0,1173.374,-80.061,-80.936,0,0,"",0,0,0,0,0,0,0,0,0,3
7,1,1,0,0,2,2,0,0,0,0,255,255,255,6,1193.623,"_Chun",L,26,74,126,-2.484,-0.044,-0.182,1.57,-36.48,1,0,-150.958,-200,0,0,0,0,0,7,R,"하루（Haru）",170,80,0.55,0,107,0,0,0,0,0,0,0,0,0,0,0,0,0,0,0,0,-0.222,-37.835,0,"Kr_Luna",-0.368,-17.178,0,"NABIMan",-20.72,-43.016,0,"오띵__",-13.395,-65.158,0,"なおｐ--",22.057,-48.217,0,"CVPileMaki",14.722,-63.958,0,"AI",35.7,-81.8,0,"_AKASATA_",4.553,-111.64,0,"M_lunatic",-42.838,-94.975,0,0,0,0,0,0,"",0,0,0,0,0,0,0,0,0,0
8,1,1,0,0,3,2,0,0,0,0,255,255,255,7,1213.906,"_Chun",L,13,68,110,1.804,-0.941,0.042,1.637,-36.464,2,0,328.718,376.755,-3.72,0,0,1,0,7,R,"하루（Haru）",170,80,0.55,2,107,1214.988,226,16,142,165,79,150,122,-30,-28.989,0.74,-0.06,-0.031,0.09,0.048,0.44,0.124,-37.365,0,"Kr_Luna",0.186,-17.275,0,"NABIMan",-21.09,-44.941,88,"오띵__",-13.21,-65.27,0,"なおｐ--",22.273,-48.546,0,"CVPileMaki",14.727,-63.989,0,"AI",35.7,-81.8,0,"_AKASATA_",3.484,-111.972,0,"M_lunatic",-43.312,-94.847,0,1222.512,-14.354,-42.547,1223.004,2,"NABIMan",-17.087,-40.473,1,0,0,0,0,0,0,2
9,1,1,0,0,0,0,0,1,0,0,7,255,255,8,1246.363,"_Chun",L,6,69,112,-1.156,-0.044,0.043,1.631,-36.515,2,0,-460.265,0,0,0,0,1,1,5,L,"わだ、、",174.9,85,0.53,3,105,1247.514,181,8,73,77,13,150,87,58.099,-4.028,-0.72,-0.011,-0.021,0.118,0,0.402,-0.064,-37.451,0,"Kr_Luna",0.035,-17.412,0,"NABIMan",-19.566,-42.812,98,"오띵__",-11.097,-63.471,0,"なおｐ--",21.476,-47.238,0,"CVPileMaki",17.201,-62.134,95,"AI",35.7,-81.8,0,"_AKASATA_",5.486,-101.9,0,"M_lunatic",-38.27,-92.237,0,1253.62,-0.732,-65.595,1253.745,5,"CVPileMaki",-0.71,-64.589,0,0,0,0,0,0,0,1
10,1,1,0,0,0,0,1,1,0,0,7,255,255,9,1279.91,"_Chun",L,6,70,112,-1.436,0.072,0.055,1.777,-36.637,4,0,-493.248,0,0,0,0,1,2,6,R,"Apple_Sherbet",176,86.926,0.301,0,104,0,0,0,0,0,0,0,0,0,0,0,0,0,0,0,0,0.225,-37.645,0,"Kr_Luna",-0.052,-17.463,119,"NABIMan",-19.78,-40.962,0,"오띵__",-13.46,-64.823,0,"なおｐ--",20.324,-49.648,0,"CVPileMaki",7.353,-66.182,0,"AI",35.7,-81.8,0,"_AKASATA_",0.697,-100.662,0,"M_lunatic",-36.563,-89.256,0,0,0,0,0,0,"",0,0,0,0,0,0,0,0,0,0
11,1,1,0,0,0,1,1,1,0,0,7,255,255,10,1302.089,"_Chun",L,10,69,113,-1.333,-1.54,-0.124,1.535,-36.522,4,0,0,400,0,0,0,1,2,6,R,"Apple_Sherbet",176,86.926,0.301,0,104,0,0,0,0,0,0,0,0,0,0,0,0,0,0,0,0,0.039,-37.522,112,"Kr_Luna",-0.127,-17.544,0,"NABIMan",-19.391,-41.256,86,"오띵__",-13.464,-64.912,0,"なおｐ--",20.337,-49.659,0,"CVPileMaki",5.917,-65.534,0,"AI",35.7,-81.8,0,"_AKASATA_",0.866,-100.71,0,"M_lunatic",-36.717,-87.834,0,0,0,0,0,0,"",0,0,0,0,0,0,0,0,0,0
12,1,1,0,0,0,2,1,1,0,0,7,255,255,11,1363.757,"_Chun",L,26,81,133,-3.291,-0.215,-0.298,1.545,-36.503,4,0,-26.541,-200,0,0,0,1,2,6,R,"Apple_Sherbet",176,86.926,0.301,0,104,0,0,0,0,0,0,0,0,0,0,0,0,0,0,0,0,-0.174,-37.74,0,"Kr_Luna",-0.347,-17.289,0,"NABIMan",-19.23,-40.263,0,"오띵__",-14.348,-64.532,0,"なおｐ--",20.786,-49.799,0,"CVPileMaki",4.737,-64.858,0,"AI",35.7,-81.8,0,"_AKASATA_",0.181,-101.158,0,"M_lunatic",-38.552,-87.587,0,0,0,0,0,0,"",0,0,0,0,0,0,0,0,0,0
13,1,1,0,0,0,0,2,1,0,0,7,255,255,12,1473.539,"_Chun",L,26,78,129,-3.86,-2.237,0.095,1.688,-36.553,2,0,-12.578,-200,0,0,0,1,3,0,R,"Pugeuk",190,86.326,0.454,3,99,1474.646,130,3,83,73,21,141,94,-17.561,0.508,-0.55,-0.042,-0.091,0.071,0,0.6,0.006,-36.847,0,"Kr_Luna",0.13,-17.392,0,"NABIMan",-20.408,-43.301,0,"오띵__",-13.586,-64.911,0,"なおｐ--",21.264,-49.571,0,"CVPileMaki",5.369,-66.881,89,"mungjungh",40.565,-85.901,0,"_AKASATA_",-7.58,-103.605,0,"M_lunatic",-37.892,-89.752,0,1474.933,0.152,-23.728,1477.183,5,"CVPileMaki",3.78,-59.445,0,0,0,0,0,0,0,2
14,1,0,0,0,0,0,0,0,0,0,255,255,255,0,1601.932,"Pugeuk",R,26,86,140,0.593,0.13,0.079,1.255,-36.393,0,0,-85.46,-200,15.769,0,0,1,0,3,R,"오띵__",169.6,80,0.402,0,81,0,0,0,0,0,0,0,0,0,0,0,0,0,0,0,0,-0.035,-37.085,0,"Ayu_Yua",-0.047,-17.603,0,"Azuner",-23.899,-48.851,0,"장덕춘_",-13.984,-64.557,0,"HANA_ARASHI",22.809,-53.47,0,"わだ、、",11.889,-64.499,0,"Apple_Sherbet",40.453,-94.195,0,"하루（Haru）",-3.289,-109.44,0,"卯月満開",-42.142,-100.067,0,0,0,0,0,0,"",0,0,0,0,0,0,0,0,0,0
15,1,0,0,0,0,1,0,0,0,0,255,255,255,1,1616.988,"Pugeuk",R,10,78,107,-2.023,-2.067,-0.257,1.272,-36.545,1,0,0,400,1.471,0,0,0,0,3,R,"오띵__",169.6,80,0.402,0,81,0,0,0,0,0,0,0,0,0,0,0,0,0,0,0,0,-0.112,-37.391,0,"Ayu_Yua",-0.194,-17.656,0,"Azuner",-23.923,-48.804,0,"장덕춘_",-13.738,-64.546,0,"HANA_ARASHI",20.779,-50.291,0,"わだ、、",10.838,-64.285,0,"Apple_Sherbet",40.712,-94.131,0,"하루（Haru）",-2.818,-109.975,0,"卯月満開",-43.446,-100.893,0,0,0,0,0,0,"",0,0,0,0,0,0,0,0,0,0
16,1,0,0,0,1,1,0,0,0,0,255,255,255,2,1629.117,"Pugeuk",R,27,89,140,0.944,0.075,0.112,1.262,-36.348,0,0,-85.761,-139.662,11.076,0,0,1,0,3,R,"오띵__",169.6,80,0.402,0,81,0,0,0,0,0,0,0,0,0,0,0,0,0,0,0,0,-0.582,-37.481,0,"Ayu_Yua",0.164,-17.615,0,"Azuner",-23.923,-48.785,0,"장덕춘_",-13.736,-64.588,0,"HANA_ARASHI",23.768,-52.014,0,"わだ、、",12.248,-64.693,0,"Apple_Sherbet",40.648,-94.292,0,"하루（Haru）",-2.447,-110.11,0,"卯月満開",-43.755,-100.463,0,0,0,0,0,0,"",0,0,0,0,0,0,0,0,0,0
17,1,0,0,0,1,2,0,0,0,0,255,255,255,3,1641.165,"Pugeuk",R,26,90,140,1.602,2.786,0.086,1.715,-36.472,1,0,-10.861,-200,12.89,0,0,0,0,3,R,"오띵__",169.6,80,0.402,0,81,0,0,0,0,0,0,0,0,0,0,0,0,0,0,0,0,-0.007,-37.533,0,"Ayu_Yua",0.108,-17.563,0,"Azuner",-23.963,-48.808,0,"장덕춘_",-13.786,-64.632,0,"HANA_ARASHI",23.986,-51.404,0,"わだ、、",12.792,-64.613,0,"Apple_Sherbet",40.747,-94.041,0,"하루（Haru）",-2.495,-110.252,0,"卯月満開",-43.764,-100.456,0,0,0,0,0,0,"",0,0,0,0,0,0,0,0,0,0
18,1,0,0,0,2,2,0,0,0,0,255,255,255,4,1651.661,"Pugeuk",R,26,90,140,1.98,0.279,0.118,1.352,-36.394,2,0,-34.901,-183.479,9.02,0,0,1,0,3,R,"오띵__",169.6,80,0.402,3,81,1652.768,166,15,71,113,24,146,126,-30,11.264,0.56,0.049,-0.011,0.033,0.095,0.291,0.159,-36.903,0,"Ayu_Yua",0.012,-17.702,0,"Azuner",-23.967,-48.827,79,"장덕춘_",-13.671,-64.492,99,"HANA_ARASHI",22.31,-49.687,0,"わだ、、",12.773,-64.705,0,"Apple_Sherbet",40.743,-94.036,0,"하루（Haru）",-6.026,-110.666,0,"卯月満開",-43.695,-100.619,0,1652.912,0.13,-20.518,1654.787,3,"장덕춘_",-7.786,-60.633,0,0,0,0,0,0,0,2
19,1,0,0,0,0,0,1,0,0,0,255,255,255,5,1818.698,"Pugeuk",R,29,85,139,0.393,-0.583,0.09,1.154,-36.312,0,0,-205.416,-83.341,35.455,0,0,0,1,0,L,"_Chun",190,80,0.455,0,91,0,0,0,0,0,0,0,0,0,0,0,0,0,0,0,0,-0.556,-37.631,0,"Ayu_Yua",0.152,-17.579,120,"Azuner",-21.065,-46.63,0,"장덕춘_",-13.641,-64.75,0,"HANA_ARASHI",22.969,-51.839,0,"わだ、、",12.5,-64.431,0,"Apple_Sherbet",44.522,-94.67,0,"하루（Haru）",6.11,-112.583,0,"卯月満開",-41.362,-102.162,0,0,0,0,0,0,"",0,0,0,0,0,0,0,0,0,0
20,1,0,0,0,0,1,1,0,0,0,255,255,255,6,1831.467,"Pugeuk",R,6,76,115,3.424,1.079,0.085,1.357,-36.288,2,0,493.803,0,38.956,0,0,1,1,0,L,"_Chun",190,80,0.455,3,91,1832.527,255,16,134,89,54,150,130,30.882,-17.983,0.41,0.06,-0.02,0.153,0,0.257,0.422,-37.307,0,"Ayu_Yua",0.271,-17.643,0,"Azuner",-21.12,-46.757,0,"장덕춘_",-13.714,-64.741,0,"HANA_ARASHI",22.296,-48.748,0,"わだ、、",12.426,-64.506,0,"Apple_Sherbet",44.528,-94.695,0,"하루（Haru）",6.195,-113.581,0,"卯月満開",-41.373,-102.172,0,1838.358,32.064,-134.88,0,0,"",0,0,0,0,0,0,0,0,0,4
21,1,0,0,1,0,0,1,0,0,0,255,255,255,7,1870.611,"Pugeuk",R,26,86,140,-2.194,1.406,-0.175,1.509,-36.336,1,0,-164.899,-200,38.319,-1.289,-17.372,0,2,1,L,"Kr_Luna",190,95.367,0.505,0,91,0,0,0,0,0,0,0,0,0,0,0,0,0,0,0,0,-0.381,-37.72,0,"Ayu_Yua",-0.496,-17.348,0,"Azuner",-21.143,-46.658,0,"장덕춘_",-13.484,-64.971,0,"HANA_ARASHI",23.603,-50.334,0,"わだ、、",12.303,-64.394,0,"Apple_Sherbet",45.045,-89.469,0,"하루（Haru）",8.959,-121.522,0,"卯月満開",-40.415,-108.672,0,0,0,0,0,0,"",0,0,0,0,0,0,0,0,0,0
22,1,0,0,1,1,0,1,0,0,0,255,255,255,8,1881.969,"Pugeuk",R,26,87,140,-0.486,1.726,-0.007,1.582,-36.399,1,0,-135.779,-150.479,9.67,-0.488,-18.336,0,2,1,L,"Kr_Luna",190,95.367,0.505,0,91,0,0,0,0,0,0,0,0,0,0,0,0,0,0,0,0,-0.152,-37.663,0,"Ayu_Yua",-0.213,-17.652,0,"Azuner",-21.109,-46.661,0,"장덕춘_",-13.654,-64.9,0,"HANA_ARASHI",23.085,-50.207,0,"わだ、、",12.472,-64.727,0,"Apple_Sherbet",44.9,-89.574,0,"하루（Haru）",7.556,-120.264,0,"卯月満開",-40.16,-108.805,0,0,0,0,0,0,"",0,0,0,0,0,0,0,0,0,0
23,1,0,0,1,2,0,1,0,0,0,255,255,255,9,1895.043,"Pugeuk",R,26,90,140,-0.426,-0.033,-0.02,1.243,-36.278,0,0,-69.924,-151.59,4.396,0,0,0,2,1,L,"Kr_Luna",190,95.367,0.505,0,91,0,0,0,0,0,0,0,0,0,0,0,0,0,0,0,0,-0.368,-38.061,0,"Ayu_Yua",0.038,-17.187,0,"Azuner",-21.13,-46.708,0,"장덕춘_",-13.594,-64.904,0,"HANA_ARASHI",22.845,-49.692,0,"わだ、、",12.671,-65.008,0,"Apple_Sherbet",42.811,-91.219,0,"하루（Haru）",7.293,-119.675,0,"卯月満開",-40.128,-108.781,0,0,0,0,0,0,"",0,0,0,0,0,0,0,0,0,0
24,1,0,0,1,2,1,1,0,0,0,255,255,255,10,1906.789,"Pugeuk",R,26,76,128,2.522,1.089,0.171,1.439,-36.602,1,0,192.36,-200,-13.426,1.351,-16.921,0,2,1,L,"Kr_Luna",190,95.367,0.505,0,91,0,0,0,0,0,0,0,0,0,0,0,0,0,0,0,0,-0.128,-37.933,0,"Ayu_Yua",0.316,-17.092,0,"Azuner",-21.102,-46.749,0,"장덕춘_",-13.542,-64.923,0,"HANA_ARASHI",22.447,-48.897,0,"わだ、、",12.721,-64.885,0,"Apple_Sherbet",41.918,-91.924,0,"하루（Haru）",5.605,-113.444,0,"卯月満開",-40.152,-108.794,0,0,0,0,0,0,"",0,0,0,0,0,0,0,0,0,0
25,1,0,0,1,3,1,1,0,0,0,255,255,255,11,1923.141,"Pugeuk",R,26,88,140,-0.645,0.441,-0.047,1.327,-36.404,2,0,-44.988,-179.986,3.342,0,0,1,2,1,L,"Kr_Luna",190,95.367,0.505,3,91,1923.973,144,18,150,80,39,150,130,31.829,-42.682,0.52,-0.021,-0.02,0.251,0,0.113,-0.012,-37.093,0,"Ayu_Yua",-0.01,-17.344,0,"Azuner",-21.139,-46.677,0,"장덕춘_",-13.554,-65.038,0,"HANA_ARASHI",23.376,-51.064,0,"わだ、、",12.48,-64.82,0,"Apple_Sherbet",41.987,-91.826,0,"하루（Haru）",5.988,-114.279,0,"卯月満開",-39.362,-106.237,0,1929.254,94.043,-87.344,0,0,"",0,0,0,0,0,0,0,0,0,3
26,1,0,0,1,3,2,1,0,0,0,255,255,255,12,1943.747,"Pugeuk",R,6,80,108,-0.828,-0.087,-0.428,1.293,-36.464,2,0,389.014,0,22.409,0,0,1,2,1,L,"Kr_Luna",190,95.367,0.505,3,91,1944.708,145,13,92,76,59,149,130,95.793,82.159,0.51,-0.033,-0.007,0.151,0,0.082,-0.065,-37.524,0,"Ayu_Yua",-0.172,-17.363,0,"Azuner",-21.114,-46.763,0,"장덕춘_",-14.06,-64.457,0,"HANA_ARASHI",23.415,-48.935,0,"わだ、、",12.989,-64.112,0,"Apple_Sherbet",46.178,-98.763,0,"하루（Haru）",6.773,-112.606,0,"卯月満開",-35.587,-105.372,0,0,0,0,0,0,"",0,0,0,0,0,0,0,0,0,3
27,1,0,0,1,3,2,1,0,0,0,255,255,255,13,1958.763,"Pugeuk",R,26,92,140,-0.738,0.395,-0.062,1.314,-36.338,2,0,-22.464,-197.218,6.608,0,0,1,2,1,L,"Kr_Luna",190,95.367,0.505,3,91,1959.597,149,14,133,74,34,150,130,-15.448,-45.666,0.33,-0.036,-0.02,0.244,0,0.073,0.1,-37.223,0,"Ayu_Yua",-0.007,-17.353,0,"Azuner",-21.207,-46.616,0,"장덕춘_",-13.742,-64.617,0,"HANA_ARASHI",22.563,-49.638,0,"わだ、、",13.166,-64.054,0,"Apple_Sherbet",47.366,-98.359,0,"하루（Haru）",6.049,-112.642,0,"卯月満開",-35.745,-105.909,0,1959.92,3.857,-22.455,0,0,"",0,0,0,0,0,0,0,0,0,3
28,1,0,0,1,3,2,1,0,0,0,255,255,255,14,1975.155,"Pugeuk",R,26,84,138,1.144,1.038,0.11,1.519,-36.491,1,0,55.537,-181.773,8.563,0,0,0,2,1,L,"Kr_Luna",190,95.367,0.505,0,91,0,0,0,0,0,0,0,0,0,0,0,0,0,0,0,0,-0.295,-37.778,0,"Ayu_Yua",-0.032,-17.211,0,"Azuner",-21.511,-47.643,0,"장덕춘_",-13.717,-64.812,0,"HANA_ARASHI",24.014,-49.462,0,"わだ、、",14.113,-63.917,0,"Apple_Sherbet",48.526,-96.341,0,"하루（Haru）",7.313,-112.311,0,"卯月満開",-35.271,-108.452,0,0,0,0,0,0,"",0,0,0,0,0,0,0,0,0,5
29,1,0,0,1,0,0,1,1,0,0,10,255,255,15,1996.805,"Pugeuk",R,26,88,140,1.001,-1.466,0.06,1.313,-36.5,1,0,-60.988,-200,14.271,0,0,0,3,4,R,"なおｐ--",190,90.37,0.445,0,90,0,0,0,0,0,0,0,0,0,0,0,0,0,0,0,0,-0.109,-38.371,0,"Ayu_Yua",0.31,-17.213,0,"Azuner",-20.992,-46.373,0,"장덕춘_",-13.622,-64.757,0,"HANA_ARASHI",23.539,-48.924,0,"わだ、、",7.205,-61.779,0,"Apple_Sherbet",46.054,-96.02,0,"하루（Haru）",-4.268,-113.017,0,"卯月満開",-41.161,-106.986,0,0,0,0,0,0,"",0,0,0,0,0,0,0,0,0,0
30,1,0,0,1,1,0,1,1,0,0,10,255,255,16,2012.268,"Pugeuk",R,3,74,115,0.506,0.493,0.306,1.348,-36.511,2,0,-455.862,0,15.453,0,0,1,3,4,R,"なおｐ--",190,90.37,0.445,3,90,2013.439,255,12,84,45,25,147,130,32.741,31.301,0.41,-0.031,-0.055,0.364,0,0.4,0.045,-37.636,0,"Ayu_Yua",-0.086,-17.319,0,"Azuner",-20.416,-45.627,0,"장덕춘_",-13.651,-64.728,0,"HANA_ARASHI",22.957,-47.421,0,"わだ、、",9.313,-62.351,0,"Apple_Sherbet",46.164,-95.968,0,"하루（Haru）",-3.117,-113.825,0,"卯月満開",-41.153,-106.987,0,2019.495,-44.964,-131.387,0,0,"",0,0,0,0,0,0,0,0,0,4
31,1,0,0,3,0,0,1,0,0,0,255,255,255,17,2053.546,"Pugeuk",R,26,83,136,1.157,2.048,0.14,1.549,-36.422,1,0,-127.216,-200,-3.978,0.616,-18.101,0,4,5,R,"CVPileMaki",169.8,94,0.399,0,89,0,0,0,0,0,0,0,0,0,0,0,0,0,0,0,0,0.223,-37.614,0,"Ayu_Yua",0.014,-17.304,0,"Azuner",-23.223,-48.305,0,"장덕춘_",-13.599,-64.672,0,"HANA_ARASHI",23.156,-48.339,0,"わだ、、",11.697,-62.578,0,"Apple_Sherbet",46.008,-93.249,0,"하루（Haru）",-0.935,-117.232,0,"卯月満開",-42.865,-104.194,0,0,0,0,0,0,"",0,0,0,0,0,0,0,0,0,0
32,1,0,0,3,1,0,1,0,0,0,255,255,255,18,2068.632,"Pugeuk",R,26,89,140,1.708,1.149,0.167,1.514,-36.4,2,0,-29.206,-200,15.325,0,0,1,4,5,R,"CVPileMaki",169.8,94,0.399,3,89,2069.736,203,9,89,60,33,150,112,-15.072,33.465,0.85,0.059,0.002,0.079,0,0.163,0.256,-37.635,0,"Ayu_Yua",-0.053,-17.253,0,"Azuner",-23.327,-48.28,84,"장덕춘_",-13.632,-64.741,0,"HANA_ARASHI",23.679,-50.742,0,"わだ、、",11.077,-64.185,0,"Apple_Sherbet",45.948,-93.312,0,"하루（Haru）",-1.8,-116.523,0,"卯月満開",-42.86,-104.158,0,2070.033,-2.603,-21.583,2071.616,2,"Azuner",-19.954,-47.494,0,0,0,0,0,0,0,2
33,1,0,0,3,0,0,2,0,0,0,255,255,255,19,2090.737,"Pugeuk",R,26,88,140,-1.362,-0.188,-0.038,1.388,-36.435,0,0,-173.434,-200,22.715,0,0,0,5,2,L,"NABIMan",190,82,0.5,0,88,0,0,0,0,0,0,0,0,0,0,0,0,0,0,0,0,-0.108,-38.16,0,"Ayu_Yua",-0.471,-17.296,0,"Azuner",-21.739,-47.418,0,"장덕춘_",-13.526,-64.727,0,"HANA_ARASHI",23.214,-50.145,0,"わだ、、",12.018,-64.46,0,"Apple_Sherbet",43.798,-92.116,0,"하루（Haru）",2.393,-110.913,0,"卯月満開",-41.708,-95.748,0,0,0,0,0,0,"",0,0,0,0,0,0,0,0,0,0
34,1,0,0,3,0,1,2,0,0,0,255,255,255,20,2101.353,"Pugeuk",R,26,88,140,-1.491,-0.425,0.036,1.391,-36.491,4,0,-74.715,-200,9.822,0,-20.168,1,5,2,L,"NABIMan",190,82,0.5,0,88,0,0,0,0,0,0,0,0,0,0,0,0,0,0,0,0,0.129,-37.989,0,"Ayu_Yua",-0.124,-17.101,0,"Azuner",-21.704,-47.411,0,"장덕춘_",-13.527,-64.692,0,"HANA_ARASHI",23.169,-49.999,0,"わだ、、",12.81,-65.03,0,"Apple_Sherbet",44.116,-92.059,0,"하루（Haru）",4.344,-110.436,0,"卯月満開",-41.782,-95.864,0,0,0,0,0,0,"",0,0,0,0,0,0,0,0,0,0
35,1,0,0,3,0,2,2,0,0,0,255,255,255,21,2120.008,"Pugeuk",R,6,87,111,3.348,-0.848,0.236,1.378,-36.552,4,0,448.899,220.205,44.149,1.153,-15.931,1,5,2,L,"NABIMan",190,82,0.5,0,36,0,0,0,0,0,0,0,0,0,0,0,0,0,0,0,0,-0.297,-36.473,0,"Ayu_Yua",0.784,-16.759,0,"Azuner",-21.711,-47.303,0,"장덕춘_",-13.56,-64.746,0,"HANA_ARASHI",23.35,-49.986,0,"わだ、、",12.676,-64.213,0,"Apple_Sherbet",44.873,-91.828,0,"하루（Haru）",2.417,-109.098,0,"卯月満開",-41.739,-95.817,0,0,0,0,0,0,"",0,0,0,0,0,0,0,0,0,0
36,2,1,0,3,0,0,0,0,0,0,255,255,255,13,2183.484,"_Chun",L,10,77,118,0.93,-2.529,0.087,1.241,-36.524,1,0,0,400,0,0.17,-20.845,0,4,4,R,"HANA_ARASHI",190,86.084,0.253,0,88,0,0,0,0,0,0,0,0,0,0,0,0,0,0,0,0,0.084,-37.407,0,"Kr_Luna",-0.012,-17.405,0,"NABIMan",-20.805,-44.001,0,"오띵__",-13.069,-65.043,0,"なおｐ--",20.361,-49.57,0,"CVPileMaki",13.879,-64.566,0,"mungjungh",42.385,-93.319,0,"_AKASATA_",1.145,-93.65,0,"M_lunatic",-41.319,-91.243,0,0,0,0,0,0,"",0,0,0,0,0,0,0,0,0,0
37,2,1,0,3,1,0,0,0,0,0,255,255,255,14,2198.72,"_Chun",L,29,80,132,1.733,0.319,0.086,1.658,-36.497,2,0,250,-136.163,0,0,0,1,4,4,R,"HANA_ARASHI",190,86.084,0.253,3,88,2199.763,255,17,150,112,0,150,92,64.973,-55.421,-0.74,-0.009,-0.084,0.242,0,0.665,0.087,-36.708,0,"Kr_Luna",0.188,-17.507,0,"NABIMan",-21.605,-44.267,0,"오띵__",-13.081,-65.106,0,"なおｐ--",20.359,-49.593,0,"CVPileMaki",13.587,-64.508,0,"mungjungh",42.378,-93.328,0,"_AKASATA_",2.015,-95.033,0,"M_lunatic",-41.089,-91.058,0,2205.829,47.325,-55.946,0,0,"",0,0,0,0,0,0,0,0,0,3
38,2,1,0,3,1,1,0,0,0,0,255,255,255,15,2224.225,"_Chun",L,29,81,133,-2.084,-0.277,-0.269,1.526,-36.536,2,0,249.501,-200,0,0,0,1,4,4,R,"HANA_ARASHI",190,86.084,0.253,3,87,2225.29,212,11,134,144,18,150,124,31.203,0.412,0.73,-0.069,-0.115,0.135,0,0.595,0.342,-36.726,0,"Kr_Luna",-0.1,-17.356,0,"NABIMan",-21.936,-43.997,0,"오띵__",-13.27,-64.97,0,"なおｐ--",20.769,-47.208,0,"CVPileMaki",12.832,-64.298,71,"mungjungh",40.894,-88.101,0,"_AKASATA_",-2.083,-96.094,95,"M_lunatic",-42.151,-91.179,0,2230.925,-23.211,-126.654,2233.691,7,"_AKASATA_",-21.437,-124.564,1,0,0,0,0,0,0,2
39,2,1,0,3,0,0,0,0,1,0,255,4,255,16,2260.613,"_Chun",L,13,81,120,3.424,-1.588,0.24,1.45,-36.481,1,0,263.934,400,0,0.754,-17.825,0,5,2,L,"Azuner",190,84.66,0.398,0,87,0,0,0,0,0,0,0,0,0,0,0,0,0,0,0,0,0.268,-36.826,0,"Kr_Luna",0.302,-15.854,104,"NABIMan",-20.472,-43.223,0,"오띵__",-8.862,-65.728,0,"なおｐ--",20.788,-44.288,0,"CVPileMaki",17.213,-61.821,0,"mungjungh",41.725,-89.014,0,"_AKASATA_",9.196,-111.175,0,"M_lunatic",-37.298,-104.109,0,0,0,0,0,0,"",0,0,0,0,0,0,0,0,0,0
40,2,1,0,3,1,0,0,0,1,0,255,4,255,17,2285.849,"_Chun",L,10,65,111,1.506,-0.574,0.14,1.685,-36.491,1,0,0,400,0,0,0,0,5,2,L,"Azuner",190,84.66,0.398,0,87,0,0,0,0,0,0,0,0,0,0,0,0,0,0,0,0,0.086,-37.729,0,"Kr_Luna",0.064,-17.38,119,"NABIMan",-20.583,-43.142,0,"오띵__",-7.274,-66.342,0,"なおｐ--",20.833,-44.686,0,"CVPileMaki",17.966,-61.003,0,"mungjungh",41.712,-88.992,0,"_AKASATA_",9.372,-111.033,0,"M_lunatic",-36.033,-108.109,0,0,0,0,0,0,"",0,0,0,0,0,0,0,0,0,0
41,2,1,0,3,2,0,0,0,1,0,255,4,255,18,2302.612,"_Chun",L,26,78,129,-0.148,0.073,0.027,1.593,-36.44,2,0,-128.908,-200,0,0,0,1,5,2,L,"Azuner",190,84.66,0.398,3,87,2303.687,181,22,113,67,49,150,118,29.225,-10.371,0.18,-0.048,-0.04,0.259,0,0.183,0.029,-37.041,0,"Kr_Luna",-0.038,-17.271,0,"NABIMan",-20.511,-43.661,0,"오띵__",-6.653,-66.917,0,"なおｐ--",20.055,-46.279,67,"CVPileMaki",17.419,-61.666,0,"mungjungh",41.717,-89.011,0,"_AKASATA_",8.441,-111.215,0,"M_lunatic",-35.831,-108.456,0,2309.395,31.552,-121.251,2311.095,7,"_AKASATA_",31.984,-124.944,1,0,0,0,0,0,0,2
42,2,1,1,3,0,0,0,0,1,0,255,2,255,19,2339.973,"_Chun",L,29,78,129,1.675,-0.264,0.07,1.587,-36.476,2,0,211.149,-139.195,0,0,0,1,6,8,R,"卯月満開",171.2,90,0.2,2,86,2340.903,255,15,52,61,0,139,74,-4.467,-5.705,-0.84,-0.146,-0.098,0.3,0,1.048,0.093,-36.771,0,"Kr_Luna",0.109,-17.265,0,"NABIMan",-21.234,-45.257,110,"오띵__",-12.836,-65.254,0,"なおｐ--",19.311,-46.56,0,"CVPileMaki",11.276,-64.748,90,"mungjungh",43.421,-94.356,0,"_AKASATA_",-9.071,-111.105,0,"M_lunatic",-45.077,-94.971,0,2341.399,0.89,-26.853,2343.741,5,"CVPileMaki",3.957,-59.56,0,0,0,0,0,0,0,2
43,2,1,1,3,0,0,1,0,1,0,255,2,255,20,2370.656,"_Chun",L,29,77,129,1.056,0.302,0.033,1.654,-36.492,2,0,239.313,-141.653,0,0,0,1,7,1,R,"Ayu_Yua",190,89.449,0.449,3,86,2371.737,103,7,43,35,12,106,80,-30,45.855,0.92,-0.002,0.019,0.039,0,0.111,0.121,-36.875,0,"Kr_Luna",0.124,-17.253,0,"NABIMan",-21.467,-44.693,101,"오띵__",-13.381,-65.081,0,"なおｐ--",19.239,-46.437,0,"CVPileMaki",8.626,-65.506,0,"mungjungh",42.154,-90.569,0,"_AKASATA_",-2.776,-106.6,0,"M_lunatic",-41.787,-87.411,0,2372.012,-1.526,-20.973,2373.937,2,"NABIMan",-20.331,-39.276,0,0,0,0,0,0,0,2
44,2,1,1,3,0,1,1,0,1,0,255,2,255,21,2431.936,"_Chun",L,29,84,137,1.443,-0.279,0.085,1.549,-36.415,2,0,170.485,-128.307,0,0,0,1,7,1,R,"Ayu_Yua",190,89.449,0.449,3,41,2433.019,131,4,76,50,24,140,92,-14.419,30.226,-0.61,-0.022,0.005,0.049,0,0.166,0.206,-36.873,0,"Kr_Luna",0.182,-17.342,0,"NABIMan",-20.291,-43.433,112,"오띵__",-13.676,-64.936,0,"なおｐ--",18.919,-45.767,85,"CVPileMaki",4.104,-63.348,0,"mungjungh",40.804,-85.16,0,"_AKASATA_",-1.677,-109.884,0,"M_lunatic",-41.105,-82.996,0,2433.287,-1.475,-21.723,2434.824,2,"NABIMan",-16.101,-42.738,0,0,0,0,0,0,0,2
45,2,1,1,3,0,0,2,0,0,1,255,255,2,22,2532.273,"_Chun",L,10,64,97,-1.454,-0.988,-0.202,1.66,-36.502,0,0,0,400,0,0,0,0,8,3,R,"장덕춘_",165.3,94.644,0.8,0,85,0,0,0,0,0,0,0,0,0,0,0,0,0,0,0,0,-0.007,-37.712,0,"Kr_Luna",0.07,-17.473,0,"NABIMan",-21.543,-45.354,0,"오띵__",-13.375,-65.042,0,"なおｐ--",19.313,-43.158,0,"CVPileMaki",9.693,-65.91,0,"mungjungh",43.209,-87.582,0,"_AKASATA_",-0.823,-108.984,0,"M_lunatic",-50.56,-96.32,0,0,0,0,0,0,"",0,0,0,0,0,0,0,0,0,0
46,2,1,1,3,0,1,2,0,0,1,255,255,2,23,2551.268,"_Chun",L,6,75,116,-1.764,-0.387,-0.008,1.578,-36.508,2,0,-432.548,0,0,0,0,1,8,3,R,"장덕춘_",165.3,94.644,0.8,3,85,2552.128,143,29,100,66,48,148,104,26.008,44.83,0.86,-0.062,-0.017,0.08,0,0.282,0.031,-37.116,0,"Kr_Luna",-0.102,-17.464,0,"NABIMan",-21.422,-45.378,97,"오띵__",-13.349,-65.152,0,"なおｐ--",18.622,-44.658,0,"CVPileMaki",9.715,-65.912,0,"mungjungh",43.202,-87.581,0,"_AKASATA_",-0.704,-109.204,0,"M_lunatic",-50.484,-97.382,88,2555.995,-45.403,-82.607,2556.408,8,"M_lunatic",-45.689,-83.145,1,0,0,0,0,0,0,2
47,2,1,2,3,0,0,2,1,0,0,3,255,255,24,2586.536,"_Chun",L,30,74,127,1.869,0.919,0.14,1.838,-36.699,1,0,141.166,-84.716,0,0,0,0,0,7,R,"하루（Haru）",170,80,0.55,0,47,0,0,0,0,0,0,0,0,0,0,0,0,0,0,0,0,0.159,-37.559,0,"Kr_Luna",-0.025,-17.404,0,"NABIMan",-19.21,-40.685,89,"오띵__",-13.39,-64.497,0,"なおｐ--",19.919,-48.454,0,"CVPileMaki",8.518,-64.539,0,"mungjungh",43.886,-86.201,0,"_AKASATA_",-0.633,-114.06,0,"M_lunatic",-50.582,-103.481,0,0,0,0,0,0,"",0,0,0,0,0,0,0,0,0,0
48,2,1,2,3,1,0,2,1,0,0,3,255,255,25,2607.264,"_Chun",L,29,82,135,1.255,-1.008,0.07,1.628,-36.481,2,0,198.225,-154.788,0,0,0,1,0,7,R,"하루（Haru）",170,80,0.55,2,47,2608.227,179,15,100,55,39,150,81,48.697,-2.414,-0.94,-0.004,-0.018,0.193,0,0.288,0.248,-36.775,0,"Kr_Luna",0.095,-17.354,0,"NABIMan",-20.912,-44.405,0,"오띵__",-13.371,-65.009,0,"なおｐ--",19.952,-48.487,0,"CVPileMaki",10.057,-65.194,87,"mungjungh",39.626,-90.619,0,"_AKASATA_",-0.54,-113.306,0,"M_lunatic",-45.633,-97.441,0,0,0,0,2613.691,5,"CVPileMaki",4.109,-71.672,0,0,0,0,0,0,0,1
49,2,0,2,3,0,0,0,0,0,0,255,255,255,22,2656.684,"Pugeuk",R,26,90,140,-1.284,-0.35,-0.097,1.288,-36.428,0,0,-90.788,-200,13.536,-0.451,-9.442,0,6,8,L,"M_lunatic",160,95.162,0.444,0,83,0,0,0,0,0,0,0,0,0,0,0,0,0,0,0,0,-0.494,-37.837,0,"Ayu_Yua",-0.231,-17.275,0,"Azuner",-21.549,-46.419,0,"장덕춘_",-13.617,-64.823,0,"HANA_ARASHI",25.529,-52.237,0,"わだ、、",12.112,-63.332,0,"Apple_Sherbet",41.673,-89.415,0,"하루（Haru）",0.123,-102.921,0,"卯月満開",-37.504,-88.986,0,0,0,0,0,0,"",0,0,0,0,0,0,0,0,0,0
50,2,0,2,3,0,1,0,0,0,0,255,255,255,23,2672.051,"Pugeuk",R,6,83,122,1.499,0.042,-0.01,1.389,-36.356,2,0,499.981,4.419,43.331,0,0,1,6,8,L,"M_lunatic",160,95.162,0.444,2,83,2673.057,175,18,114,70,35,150,90,-4.876,-3.51,-0.26,0.039,-0.046,0.148,0,0.291,-0.175,-37.835,120,"Ayu_Yua",0.238,-17.55,0,"Azuner",-21.545,-46.468,0,"장덕춘_",-13.649,-64.785,0,"HANA_ARASHI",23.317,-49.062,0,"わだ、、",11.902,-63.359,0,"Apple_Sherbet",41.556,-89.579,0,"하루（Haru）",-0.704,-103.947,0,"卯月満開",-37.471,-88.947,0,2673.612,0.708,-28.743,2675.995,5,"わだ、、",3.295,-66.295,1,0,0,0,0,0,0,2
51,2,0,2,3,0,0,0,1,0,0,17,255,255,24,2788.564,"Pugeuk",R,26,88,140,1.172,-0.413,0.109,1.432,-36.502,0,0,-4.878,-200,7.361,0,0,0,7,6,R,"mungjungh",160,87.835,0.497,0,83,0,0,0,0,0,0,0,0,0,0,0,0,0,0,0,0,-0.182,-38.253,0,"Ayu_Yua",0.855,-17.937,0,"Azuner",-17.828,-42.524,75,"장덕춘_",-11.668,-56.879,0,"HANA_ARASHI",17.133,-41.947,0,"わだ、、",2.836,-59.865,0,"Apple_Sherbet",44.619,-92.447,0,"하루（Haru）",0.966,-105.39,0,"卯月満開",-36.71,-86.086,0,0,0,0,0,0,"",0,0,0,0,0,0,0,0,0,0
52,2,0,2,3,0,1,0,1,0,0,17,255,255,25,2816.86,"Pugeuk",R,26,94,140,0.436,0.601,0.065,1.417,-36.516,0,0,-85.58,-200,7.845,0,0,0,7,6,R,"mungjungh",160,87.835,0.497,0,83,0,0,0,0,0,0,0,0,0,0,0,0,0,0,0,0,-0.043,-37.642,0,"Ayu_Yua",0.246,-17.154,0,"Azuner",-18.773,-44.584,79,"장덕춘_",-13.172,-63.234,0,"HANA_ARASHI",19.114,-44.606,0,"わだ、、",5.111,-61.011,0,"Apple_Sherbet",45.131,-89.947,0,"하루（Haru）",0.179,-105.063,0,"卯月満開",-36.784,-87.117,0,0,0,0,0,0,"",0,0,0,0,0,0,0,0,0,0
53,2,0,2,3,0,2,0,1,0,0,17,255,255,26,2844.398,"Pugeuk",R,26,86,140,-0.21,2.299,0.009,1.804,-36.638,1,0,0.458,-200,15.628,-0.074,-18.129,0,7,6,R,"mungjungh",160,87.835,0.497,0,83,0,0,0,0,0,0,0,0,0,0,0,0,0,0,0,0,-0.31,-37.817,0,"Ayu_Yua",-0.116,-17.263,0,"Azuner",-20.524,-45.757,0,"장덕춘_",-12.455,-63.273,0,"HANA_ARASHI",22.45,-48.963,0,"わだ、、",6.536,-61.284,0,"Apple_Sherbet",45.198,-89.94,0,"하루（Haru）",-0.603,-105.11,0,"卯月満開",-37.882,-86.581,0,0,0,0,0,0,"",0,0,0,0,0,0,0,0,0,0
54,2,0,2,3,1,2,0,0,1,0,255,17,255,27,2874.367,"Pugeuk",R,26,94,140,1.793,0.773,0.146,1.57,-36.529,2,0,-4.092,-200,9.817,0,0,0,7,6,R,"mungjungh",160,87.835,0.497,3,83,2875.347,100,18,86,70,38,136,74,42.871,19.908,-0.79,-0.062,-0.14,0.084,0,0.241,0.052,-37.467,0,"Ayu_Yua",0,-17.339,0,"Azuner",-21.016,-46.023,0,"장덕춘_",-13.501,-64.782,89,"HANA_ARASHI",22.567,-47.576,0,"わだ、、",7.26,-62.307,85,"Apple_Sherbet",45.531,-89.373,0,"하루（Haru）",0.115,-102.611,0,"卯月満開",-41.222,-91.128,0,2880.354,-18.354,-67.975,2880.474,3,"장덕춘_",-17.742,-66.396,0,0,0,0,0,0,0,1
55,2,0,2,3,0,0,1,0,1,0,255,17,255,28,2904.013,"Pugeuk",R,26,85,139,0.721,2.481,0.072,1.801,-36.663,1,0,60.383,-174.416,18.614,0.716,-17.595,0,8,7,R,"_AKASATA_",160,83.886,0.2,0,81,0,0,0,0,0,0,0,0,0,0,0,0,0,0,0,0,-0.561,-37.931,0,"Ayu_Yua",0.091,-17.167,0,"Azuner",-22.171,-47.207,0,"장덕춘_",-13.643,-64.854,0,"HANA_ARASHI",22.179,-45.956,0,"わだ、、",5.997,-60.692,0,"Apple_Sherbet",42.55,-91.293,0,"하루（Haru）",1.026,-109.377,0,"卯月満開",-42.436,-89.872,0,0,0,0,0,0,"",0,0,0,0,0,0,0,0,0,0
56,2,0,2,3,1,0,1,0,1,0,255,17,255,29,2921.728,"Pugeuk",R,27,87,140,1.552,-0.367,0.123,1.421,-36.477,4,0,-75.937,-149.774,11.872,0,0,1,8,7,R,"_AKASATA_",160,83.886,0.2,0,81,0,0,0,0,0,0,0,0,0,0,0,0,0,0,0,0,0.121,-37.876,0,"Ayu_Yua",0.117,-17.16,0,"Azuner",-22.136,-47.171,0,"장덕춘_",-12.231,-64.556,0,"HANA_ARASHI",21.527,-47.305,87,"わだ、、",4.011,-60.689,0,"Apple_Sherbet",42.566,-91.235,0,"하루（Haru）",0.619,-111.553,0,"卯月満開",-41.949,-89.706,0,0,0,0,0,0,"",0,0,0,0,0,0,0,0,0,0
57,2,0,2,3,2,0,1,0,0,1,255,255,17,30,3025.342,"Pugeuk",R,27,88,140,0.948,-0.339,0.07,1.407,-36.425,0,0,-75.445,-130.043,11.377,0,0,0,8,7,R,"_AKASATA_",160,83.886,0.2,0,81,0,0,0,0,0,0,0,0,0,0,0,0,0,0,0,0,-0.062,-38.323,0,"Ayu_Yua",0.069,-17.227,0,"Azuner",-20.901,-45.961,0,"장덕춘_",-12.279,-64.682,0,"HANA_ARASHI",20.199,-44.258,0,"わだ、、",9.598,-63.663,0,"Apple_Sherbet",42.699,-88.857,0,"하루（Haru）",-0.991,-112.559,0,"卯月満開",-40.678,-90.935,0,0,0,0,0,0,"",0,0,0,0,0,0,0,0,0,0
58,2,0,2,3,2,1,1,0,0,1,255,255,17,31,3038.932,"Pugeuk",R,26,86,140,0.322,-0.29,0.002,1.383,-36.436,2,0,-70.793,-185.848,9.594,0,0,1,8,7,R,"_AKASATA_",160,83.886,0.2,3,81,3039.758,195,11,68,39,28,140,91,-67.785,-52.417,-0.04,0.016,-0.004,0.145,0,0.201,-0.111,-37.488,0,"Ayu_Yua",-0.022,-17.311,0,"Azuner",-21.391,-46.526,0,"장덕춘_",-12.508,-65.07,0,"HANA_ARASHI",20.359,-45.382,0,"わだ、、",10.076,-62.951,0,"Apple_Sherbet",42.58,-88.954,0,"하루（Haru）",-0.785,-111.087,0,"卯月満開",-40.679,-90.952,0,3040.087,0.394,-19.181,0,0,"",0,0,0,0,0,0,0,0,0,3
59,2,0,2,3,2,2,1,0,0,1,255,255,17,32,3058.45,"Pugeuk",R,26,91,140,-0.794,-2.071,-0.107,1.218,-36.499,2,0,-105.999,-166.683,15.487,-0.135,-19.709,1,8,7,R,"_AKASATA_",160,83.886,0.2,3,80,3059.273,242,11,48,45,17,137,122,-30,-6.457,0.59,-0.006,-0.011,0.19,0,0.196,0.089,-37.577,0,"Ayu_Yua",-0.01,-17.495,0,"Azuner",-21.692,-46.84,98,"장덕춘_",-13.326,-64.839,0,"HANA_ARASHI",20.78,-46.685,0,"わだ、、",10.057,-62.753,91,"Apple_Sherbet",42.574,-88.012,0,"하루（Haru）",-1.989,-113.559,0,"卯月満開",-42.506,-93.741,0,3059.541,-0.065,-19.73,3061.533,5,"わだ、、",4.875,-63.025,0,0,0,0,0,0,0,2
60,2,0,2,4,0,0,2,0,0,0,255,255,255,33,3098.938,"Pugeuk",R,26,89,140,1.492,0.947,0.108,1.604,-36.505,2,0,-55.111,-200,1.98,0,0,1,0,3,R,"오띵__",169.6,80,0.402,3,80,3099.923,223,14,153,76,40,150,94,18.086,-19.491,-0.23,0.052,-0.023,0.075,0,0.298,-0.075,-37.117,0,"Ayu_Yua",0.034,-17.606,0,"Azuner",-22.369,-47.42,79,"장덕춘_",-13.339,-64.918,99,"HANA_ARASHI",22.421,-47.461,0,"わだ、、",11.132,-63.496,0,"Apple_Sherbet",41.157,-88.828,0,"하루（Haru）",-0.451,-110.071,104,"卯月満開",-41.685,-100.749,0,3104.449,19.874,-95.217,3106.012,7,"하루（Haru）",22.484,-107.978,1,0,0,0,0,0,0,2
61,2,0,2,4,0,0,2,1,0,0,12,255,255,34,3134.801,"Pugeuk",R,32,84,138,1.752,0.438,0.088,1.421,-36.579,1,0,250,-200,1.017,0,0,0,1,0,L,"_Chun",190,80,0.455,0,80,0,0,0,0,0,0,0,0,0,0,0,0,0,0,0,0,-0.802,-38.076,0,"Ayu_Yua",0.21,-17.522,0,"Azuner",-19.145,-42.788,0,"장덕춘_",-8.876,-62.946,0,"HANA_ARASHI",21.64,-46.656,0,"わだ、、",11.823,-63.935,0,"Apple_Sherbet",46.866,-102.431,0,"하루（Haru）",3.16,-120.059,0,"卯月満開",-39.319,-105.07,0,0,0,0,0,0,"",0,0,0,0,0,0,0,0,0,0
62,2,0,2,4,1,0,2,1,0,0,12,255,255,35,3148.347,"Pugeuk",R,26,86,140,1.699,-0.544,0.088,1.349,-36.501,4,0,161.316,-200,1.259,0,0,1,1,0,L,"_Chun",190,80,0.455,0,80,0,0,0,0,0,0,0,0,0,0,0,0,0,0,0,0,-0.523,-38.298,0,"Ayu_Yua",0.312,-17.44,0,"Azuner",-20.219,-45.841,0,"장덕춘_",-7.384,-62.288,97,"HANA_ARASHI",23.097,-47.576,85,"わだ、、",11.023,-62.983,0,"Apple_Sherbet",46.915,-102.369,0,"하루（Haru）",4.324,-119.754,0,"卯月満開",-39.352,-105.296,99,0,0,0,0,0,"",0,0,0,0,0,0,0,0,0,0
63,2,0,2,4,1,1,2,0,0,1,255,255,12,36,3181.058,"Pugeuk",R,10,60,94,1.557,-1.274,0.253,1.644,-36.71,4,0,0,400,-8.059,0.25,-17.232,1,1,0,L,"_Chun",190,80,0.455,0,80,0,0,0,0,0,0,0,0,0,0,0,0,0,0,0,0,-0.11,-38.173,0,"Ayu_Yua",0.151,-17.43,0,"Azuner",-21.169,-46.231,0,"장덕춘_",-12.944,-64.803,0,"HANA_ARASHI",20.233,-44.671,0,"わだ、、",11.959,-64.747,0,"Apple_Sherbet",43.692,-105.383,0,"하루（Haru）",2.368,-112.84,0,"卯月満開",-37.504,-103.271,0,0,0,0,0,0,"",0,0,0,0,0,0,0,0,0,0
64,2,0,2,4,1,2,2,0,0,1,255,255,12,37,3199.375,"Pugeuk",R,27,84,137,-2.513,-1.226,-0.241,1.411,-36.394,2,0,-43.862,-105.779,1.731,0,0,1,1,0,L,"_Chun",190,80,0.455,3,80,3200.378,212,5,116,51,32,150,123,-20.228,24.012,0.22,-0.101,0.03,0.303,0,0.266,-0.401,-37.463,0,"Ayu_Yua",-0.329,-17.504,0,"Azuner",-21.551,-46.466,82,"장덕춘_",-12.953,-64.838,0,"HANA_ARASHI",20.198,-42.351,0,"わだ、、",11.752,-64.218,0,"Apple_Sherbet",46.587,-100.725,0,"하루（Haru）",3.136,-118.979,0,"卯月満開",-39.769,-105.36,98,3200.616,-0.971,-20.354,3204.108,8,"卯月満開",-31.947,-93.054,1,0,0,0,0,0,0,2
65,2,0,2,5,0,0,2,1,0,0,9,255,255,38,3223.363,"Pugeuk",R,26,88,140,1.636,-0.93,0.091,1.537,-36.598,1,0,-108.681,-200,12.099,0,0,0,2,1,L,"Kr_Luna",190,95.367,0.505,0,79,0,0,0,0,0,0,0,0,0,0,0,0,0,0,0,0,0.028,-38.116,0,"Ayu_Yua",0.249,-17.319,0,"Azuner",-20.253,-44.425,0,"장덕춘_",-13.51,-64.517,0,"HANA_ARASHI",22.913,-46.748,0,"わだ、、",11.221,-63.781,0,"Apple_Sherbet",48.349,-94.845,0,"하루（Haru）",4.875,-121.011,0,"卯月満開",-38.583,-109.602,0,0,0,0,0,0,"",0,0,0,0,0,0,0,0,0,0
66,2,0,2,5,1,0,2,1,0,0,9,255,255,39,3237.719,"Pugeuk",R,6,81,121,0.107,0.614,-0.153,1.507,-36.463,2,0,482.022,0,33.225,0,0,1,2,1,L,"Kr_Luna",190,95.367,0.505,3,79,3238.639,135,17,134,83,56,146,130,95.355,74.667,0.66,-0.036,0.001,0.235,0,0.029,0.293,-37.348,0,"Ayu_Yua",0.115,-17.41,0,"Azuner",-19.609,-44.875,0,"장덕춘_",-13.464,-64.484,0,"HANA_ARASHI",23.134,-46.929,0,"わだ、、",11.025,-63.855,0,"Apple_Sherbet",46.625,-101.608,0,"하루（Haru）",2.726,-122.365,0,"卯月満開",-37.943,-106.328,0,0,0,0,0,0,"",0,0,0,0,0,0,0,0,0,3
67,2,0,2,5,1,1,2,1,0,0,9,255,255,40,3270.207,"Pugeuk",R,26,85,139,0.275,0.208,0.066,1.618,-36.637,2,0,-63.326,-200,10.467,0,0,1,2,1,L,"Kr_Luna",190,95.367,0.505,3,79,3270.991,145,22,139,93,43,150,130,14.141,-27.068,0.4,-0.007,-0.01,0.191,0,0.167,0.277,-37.563,0,"Ayu_Yua",0.037,-17.576,0,"Azuner",-19.61,-42.839,0,"장덕춘_",-13.313,-64.735,0,"HANA_ARASHI",21.189,-47.36,0,"わだ、、",11.395,-64.672,0,"Apple_Sherbet",48.699,-102.961,95,"하루（Haru）",2.463,-120.266,0,"卯月満開",-42.903,-107.677,0,0,0,0,3274.945,6,"Apple_Sherbet",38.699,-103.124,0,0,0,0,0,0,0,1
68,3,1,2,5,0,0,0,0,0,0,255,255,255,26,3327.796,"_Chun",L,0,54,97,21.819,-0.653,-0.147,1.741,-36.762,2,0,0,0,0,0,0,1,1,5,L,"わだ、、",174.9,85,0.53,3,79,3329.048,255,13,87,91,41,150,113,2.473,-34.364,0.1,0.02,0.017,0.142,0,0.47,0,-37.024,0,"Kr_Luna",0.259,-17.334,0,"NABIMan",-21.845,-47.22,102,"오띵__",-11.891,-65.554,0,"なおｐ--",21.086,-47.128,120,"CVPileMaki",16.001,-63.111,0,"mungjungh",43.179,-90.19,0,"_AKASATA_",-0.941,-105.577,0,"M_lunatic",-37.854,-91.503,0,3330.204,17.412,-42.52,3330.579,4,"なおｐ--",19.009,-44.348,0,0,0,0,0,0,0,2
69,3,1,2,5,0,0,1,0,0,0,255,255,255,27,3355.465,"_Chun",L,29,78,129,1.338,2.107,0.099,1.941,-36.637,2,0,250,-178.757,-24.447,0,0,1,2,6,R,"Apple_Sherbet",176,86.926,0.301,3,79,3356.397,255,14,71,58,38,144,95,101.627,51.239,-0.33,-0.002,0.012,0.312,0,0.237,0.135,-36.879,0,"Kr_Luna",0.089,-17.267,0,"NABIMan",-21.484,-45.578,0,"오띵__",-12.737,-65.345,0,"なおｐ--",21.458,-47.689,0,"CVPileMaki",12.929,-64.449,0,"mungjungh",41.008,-105.094,0,"_AKASATA_",-0.69,-105.872,0,"M_lunatic",-42.112,-91.115,0,0,0,0,0,0,"",0,0,0,0,0,0,0,0,0,3
70,3,1,2,5,0,1,1,0,0,0,255,255,255,28,3377.437,"_Chun",L,10,69,113,-1.391,-1.034,-0.175,1.725,-36.661,2,0,0,400,0,0,0,1,2,6,R,"Apple_Sherbet",176,86.926,0.301,3,79,3378.402,255,22,123,89,50,150,128,-30,-29.436,0.51,-0.056,-0.09,0.207,0,0.314,-0.006,-36.979,0,"Kr_Luna",-0.15,-17.151,0,"NABIMan",-21.035,-45.487,0,"오띵__",-12.87,-65.189,88,"なおｐ--",20.799,-48.313,0,"CVPileMaki",10.663,-65.467,0,"mungjungh",43.613,-99.039,95,"_AKASATA_",-1.661,-106.255,0,"M_lunatic",-46.076,-95.14,0,3378.675,0.297,-21.593,3382.029,6,"mungjungh",36.423,-87.211,1,0,0,0,0,0,0,2
71,3,1,2,5,0,0,1,1,0,0,6,255,255,29,3409.094,"_Chun",L,10,74,116,0.091,-1.806,0.008,1.431,-36.526,2,0,0,400,0,0,0,1,3,0,R,"Pugeuk",190,86.326,0.454,3,79,3410.163,232,9,168,125,22,150,127,22.373,8.008,0.48,-0.089,-0.133,0.282,0,0.692,0.034,-37.069,0,"Kr_Luna",0.033,-17.39,104,"NABIMan",-20.723,-43.624,8,"오띵__",-14.471,-64.221,0,"なおｐ--",19.525,-48.421,0,"CVPileMaki",4.839,-65.658,0,"mungjungh",41.16,-94.697,0,"_AKASATA_",0.899,-107.992,0,"M_lunatic",-40.604,-89.893,0,3415.029,-35.272,-124.223,3417.925,7,"_AKASATA_",-31.605,-113.955,1,0,0,0,0,0,0,2
72,3,1,3,5,0,0,1,0,0,1,255,255,0,30,3459.934,"_Chun",L,26,76,128,-3.716,0.011,-0.346,1.7,-36.609,1,0,-2.475,-158.649,0,0,0,0,4,4,R,"HANA_ARASHI",190,86.084,0.253,0,78,0,0,0,0,0,0,0,0,0,0,0,0,0,0,0,0,-0.065,-37.794,0,"Kr_Luna",-0.057,-17.152,119,"NABIMan",-20.309,-43.172,0,"오띵__",-11.552,-65.528,0,"なおｐ--",19.25,-44.203,0,"CVPileMaki",6.991,-66.535,0,"mungjungh",43.005,-92.796,0,"_AKASATA_",-1.717,-112.224,0,"M_lunatic",-45.014,-97.972,0,0,0,0,0,0,"",0,0,0,0,0,0,0,0,0,0
73,3,1,3,5,1,0,1,0,0,1,255,255,0,31,3477.709,"_Chun",L,30,78,129,1.245,1.212,0.078,1.938,-36.683,2,0,135.458,-112.965,0,0,0,1,4,4,R,"HANA_ARASHI",190,86.084,0.253,3,78,3478.788,172,13,158,15,24,150,130,99.446,16.427,0.55,0.021,-0.047,0.143,0,0.656,0.109,-37.021,0,"Kr_Luna",0.047,-17.22,0,"NABIMan",-21.024,-44.032,0,"오띵__",-12.208,-65.477,0,"なおｐ--",18.915,-44.929,0,"CVPileMaki",7.381,-66.461,0,"mungjungh",43.615,-94.796,0,"_AKASATA_",-3.915,-115.142,0,"M_lunatic",-45.035,-97.995,0,0,0,0,3488.12,1,"Kr_Luna",13.126,-9.359,0,0,0,0,0,0,0,2
74,3,1,3,5,1,1,1,0,0,1,255,255,0,32,3513.443,"_Chun",L,10,77,118,-1.792,-1.035,-0.167,1.571,-36.517,2,0,0,400,0,0,0,1,4,4,R,"HANA_ARASHI",190,86.084,0.253,3,78,3514.501,215,28,172,150,77,150,90,26.436,40.659,0.94,-0.089,-0.127,0.098,0,0.574,0.021,-36.878,0,"Kr_Luna",-0.025,-17.299,0,"NABIMan",-20.848,-44.39,0,"오띵__",-14.129,-64.505,0,"なおｐ--",18.904,-44.907,0,"CVPileMaki",9.804,-65.971,0,"mungjungh",44.148,-92.548,0,"_AKASATA_",-10.293,-109.067,0,"M_lunatic",-44.511,-95.783,75,0,0,0,3519.229,8,"M_lunatic",-39.308,-80.13,0,0,0,0,0,0,0,1
75,3,1,3,5,0,0,2,0,0,1,255,255,0,33,3550.414,"_Chun",L,13,70,111,4.105,-1.674,0.237,1.45,-36.552,1,0,370.339,335.93,0,0.912,-18.293,0,5,2,L,"Azuner",190,84.66,0.398,0,90,0,0,0,0,0,0,0,0,0,0,0,0,0,0,0,0,0.087,-37.577,0,"Kr_Luna",0.298,-17.187,0,"NABIMan",-19.954,-43.904,0,"오띵__",-9.906,-66.373,0,"なおｐ--",20.239,-43.029,0,"CVPileMaki",17.755,-61.213,0,"mungjungh",44.24,-89.49,0,"_AKASATA_",10.368,-120.77,0,"M_lunatic",-31.578,-107.372,0,0,0,0,0,0,"",0,0,0,0,0,0,0,0,0,0
76,3,1,3,5,1,0,2,0,0,1,255,255,0,34,3568.965,"_Chun",L,10,74,117,1.173,-0.634,0.109,1.661,-36.553,0,0,0,400,0,0,0,0,5,2,L,"Azuner",190,84.66,0.398,0,90,0,0,0,0,0,0,0,0,0,0,0,0,0,0,0,0,-0.131,-37.372,0,"Kr_Luna",0.134,-17.1,0,"NABIMan",-20.636,-43.382,0,"오띵__",-9.668,-66.782,0,"なおｐ--",19.506,-41.156,82,"CVPileMaki",16.7,-62.64,0,"mungjungh",44.245,-89.486,0,"_AKASATA_",10.379,-120.683,0,"M_lunatic",-32.992,-106.693,0,0,0,0,0,0,"",0,0,0,0,0,0,0,0,0,0
77,3,1,3,5,1,1,2,0,0,1,255,255,0,35,3588.424,"_Chun",L,26,78,129,-1.999,0.236,-0.191,1.684,-36.56,2,0,139.547,-165.066,0,0,0,1,5,2,L,"Azuner",190,84.66,0.398,3,90,3589.565,200,19,104,68,48,150,129,28.197,23.414,0.46,-0.086,-0.013,0.204,0,0.216,-0.147,-37.084,0,"Kr_Luna",-0.059,-17.225,0,"NABIMan",-20.794,-44.805,0,"오띵__",-12.605,-65.246,0,"なおｐ--",19.329,-44.925,0,"CVPileMaki",17.162,-62.37,0,"mungjungh",44.249,-89.482,0,"_AKASATA_",10.368,-120.625,0,"M_lunatic",-34.017,-109.883,0,3595.712,-42.915,-137.728,0,0,"",0,0,0,0,0,0,0,0,0,4
78,3,1,5,5,0,0,2,0,0,0,255,255,255,36,3670.687,"_Chun",L,26,86,140,-1.421,1.074,-0.17,1.759,-36.5,2,0,131.893,-169.875,0,0,0,1,6,8,L,"卯月満開",171.2,90,0.2,2,45,3671.584,124,5,91,33,4,140,81,-35.77,-20.533,-0.81,0.047,-0.024,0.072,0,0.24,0.006,-36.695,0,"Kr_Luna",-0.005,-17.334,0,"NABIMan",-22.111,-46.762,38,"오띵__",-12.358,-65.453,0,"なおｐ--",21.305,-47.531,0,"CVPileMaki",16.417,-62.83,94,"mungjungh",42.774,-90.449,0,"_AKASATA_",-10.403,-110.598,0,"M_lunatic",-39.635,-100.037,0,3671.833,0.33,-20.842,3674.454,5,"CVPileMaki",13.09,-53.648,0,0,0,0,0,0,0,2
79,3,0,5,5,0,0,0,0,0,0,255,255,255,41,3739.284,"Pugeuk",R,3,77,104,-2.926,-0.444,-0.066,1.394,-36.54,1,0,-428.511,211.14,13.309,0,0,0,3,4,R,"なおｐ--",190,90.37,0.445,0,77,0,0,0,0,0,0,0,0,0,0,0,0,0,0,0,0,-0.37,-37.465,0,"Ayu_Yua",-0.529,-17.452,0,"Azuner",-22.341,-47.282,0,"장덕춘_",-13.511,-64.938,0,"HANA_ARASHI",23.376,-51.782,0,"わだ、、",11.934,-64.858,0,"Apple_Sherbet",43.704,-96.347,0,"하루（Haru）",-2.102,-113.415,0,"卯月満開",-44.34,-105.653,0,0,0,0,0,0,"",0,0,0,0,0,0,0,0,0,0
80,3,0,5,5,1,0,0,0,0,0,255,255,255,42,3753.172,"Pugeuk",R,3,72,101,-2.446,-0.587,0.055,1.216,-36.53,1,0,-437.212,0,0.482,0,0,0,3,4,R,"なおｐ--",190,90.37,0.445,0,77,0,0,0,0,0,0,0,0,0,0,0,0,0,0,0,0,-0.388,-37.978,0,"Ayu_Yua",-0.485,-17.465,0,"Azuner",-22.4,-47.292,0,"장덕춘_",-15.079,-63.548,0,"HANA_ARASHI",22.478,-51.421,0,"わだ、、",11.614,-65.014,0,"Apple_Sherbet",43.611,-96.295,0,"하루（Haru）",-0.823,-113.719,0,"卯月満開",-42.073,-108.761,0,0,0,0,0,0,"",0,0,0,0,0,0,0,0,0,0
81,3,0,5,5,2,0,0,0,0,0,255,255,255,43,3771.683,"Pugeuk",R,10,59,93,-1.647,-0.695,-0.191,1.658,-36.578,2,0,0,400,-4.897,0,0,1,3,4,R,"なおｐ--",190,90.37,0.445,3,77,3772.994,153,22,69,95,47,143,107,9.559,40.518,0.9,-0.02,-0.098,0.144,0,0.499,-0.405,-37.517,0,"Ayu_Yua",-0.358,-17.538,0,"Azuner",-22.531,-47.403,85,"장덕춘_",-12.573,-64.865,0,"HANA_ARASHI",22.7,-51.042,0,"わだ、、",12.433,-65.079,0,"Apple_Sherbet",43.556,-96.458,0,"하루（Haru）",-1.046,-113.572,0,"卯月満開",-42.079,-108.757,0,0,0,0,3774.754,2,"Azuner",-24.157,-44.688,0,0,0,0,0,0,0,1
82,3,0,5,5,0,0,1,0,0,0,255,255,255,44,3797.479,"Pugeuk",R,26,87,140,1.336,0.275,0.126,1.574,-36.557,2,0,-124.197,-187.221,16.053,0,0,1,4,5,R,"CVPileMaki",169.8,94,0.399,3,77,3798.568,134,8,91,77,49,143,87,114.88,-44.296,-0.55,0.032,-0.009,0.087,0,0.187,-0.176,-37.458,0,"Ayu_Yua",0.194,-17.524,0,"Azuner",-22.717,-47.725,0,"장덕춘_",-13.234,-64.831,0,"HANA_ARASHI",22.057,-51.495,0,"わだ、、",12.291,-64.576,0,"Apple_Sherbet",43.941,-96.92,0,"하루（Haru）",-0.986,-114.303,0,"卯月満開",-42.838,-102.857,0,0,0,0,0,0,"",0,0,0,0,0,0,0,0,0,3
83,3,0,5,5,0,1,1,0,0,0,255,255,255,45,3813.6,"Pugeuk",R,26,91,140,1.216,-1.268,0.088,1.317,-36.524,2,0,-107.205,-200,20.999,0,0,1,4,5,R,"CVPileMaki",169.8,94,0.399,3,63,3814.708,143,9,105,92,38,150,104,5.788,26.889,0.08,-0.027,-0.063,0.042,0,0.213,0.455,-37.219,0,"Ayu_Yua",0.054,-17.413,0,"Azuner",-22.677,-47.586,80,"장덕춘_",-13.49,-64.886,0,"HANA_ARASHI",23.555,-51.891,0,"わだ、、",12.167,-64.211,0,"Apple_Sherbet",45.786,-96.996,0,"하루（Haru）",-1.558,-108.929,0,"卯月満開",-41.125,-93.028,0,3816.379,-18.275,-51.803,3818.416,8,"卯月満開",-34.562,-78.982,1,0,0,0,0,0,0,2
84,3,0,5,5,0,0,1,1,0,0,14,255,255,46,3842.322,"Pugeuk",R,26,91,140,-0.048,-0.544,-0.07,1.411,-36.576,0,0,-147.151,-200,11.457,-0.074,-17.48,0,5,2,L,"NABIMan",190,82,0.5,0,77,0,0,0,0,0,0,0,0,0,0,0,0,0,0,0,0,-0.201,-38.035,0,"Ayu_Yua",0.05,-17.399,0,"Azuner",-19.56,-43.881,0,"장덕춘_",-8.678,-61.395,0,"HANA_ARASHI",21.521,-50.515,0,"わだ、、",10.221,-62.665,0,"Apple_Sherbet",44.727,-98.449,0,"하루（Haru）",2.877,-114.606,0,"卯月満開",-39.938,-93.249,0,0,0,0,0,0,"",0,0,0,0,0,0,0,0,0,0
85,3,0,5,5,0,1,1,1,0,0,14,255,255,47,3889.969,"Pugeuk",R,28,80,131,-0.963,0.188,-0.095,1.616,-36.581,2,0,-92.197,-95.964,11.878,0,0,1,5,2,L,"NABIMan",190,82,0.5,2,36,3890.885,245,17,102,56,69,150,99,111.746,53.544,0.04,0.157,-0.043,0.251,0,0.588,-0.012,-36.856,0,"Ayu_Yua",-0.056,-17.48,0,"Azuner",-19.676,-44.159,0,"장덕춘_",-10.901,-63.352,0,"HANA_ARASHI",21.422,-49.085,0,"わだ、、",10.399,-63.109,0,"Apple_Sherbet",44.848,-98.442,0,"하루（Haru）",1.462,-119.134,0,"卯月満開",-38.319,-92.229,0,0,0,0,0,0,"",0,0,0,0,0,0,0,0,0,3
86,3,0,5,5,0,2,1,1,0,0,14,255,255,48,3909.224,"Pugeuk",R,10,67,112,2.352,-0.607,0.247,1.716,-36.594,4,0,0,400,-0.043,0,0,1,5,2,L,"NABIMan",190,82,0.5,0,77,0,0,0,0,0,0,0,0,0,0,0,0,0,0,0,0,0.341,-37.938,0,"Ayu_Yua",0.297,-17.411,0,"Azuner",-19.509,-42.986,0,"장덕춘_",-8.79,-62.187,0,"HANA_ARASHI",21.43,-47.729,0,"わだ、、",10.057,-61.484,0,"Apple_Sherbet",44.09,-94.786,0,"하루（Haru）",0.717,-115.398,0,"卯月満開",-37.696,-92.379,0,0,0,0,0,0,"",0,0,0,0,0,0,0,0,0,0
87,3,0,5,5,0,0,2,0,1,0,255,14,255,49,3981.973,"Pugeuk",R,26,93,140,-1.22,0.565,-0.158,1.475,-36.463,0,0,-88.684,-200,15.499,0,0,0,6,8,L,"M_lunatic",160,95.162,0.444,0,77,0,0,0,0,0,0,0,0,0,0,0,0,0,0,0,0,-0.138,-37.69,0,"Ayu_Yua",-0.313,-17.413,0,"Azuner",-20.899,-45.924,0,"장덕춘_",-6.253,-64.41,0,"HANA_ARASHI",21.865,-46.437,0,"わだ、、",10.6,-62.48,0,"Apple_Sherbet",39.1,-90.504,0,"하루（Haru）",2.094,-113.765,0,"卯月満開",-35.355,-88.094,0,0,0,0,0,0,"",0,0,0,0,0,0,0,0,0,0
88,3,0,5,5,0,1,2,0,1,0,255,14,255,50,3997.824,"Pugeuk",R,26,89,140,-0.048,-0.544,-0.069,1.372,-36.513,0,0,-135.98,-200,23.026,0,0,0,6,8,L,"M_lunatic",160,95.162,0.444,0,77,0,0,0,0,0,0,0,0,0,0,0,0,0,0,0,0,-0.321,-37.859,0,"Ayu_Yua",-0.008,-17.434,0,"Azuner",-20.853,-45.947,0,"장덕춘_",-4.449,-63.701,0,"HANA_ARASHI",23.026,-47.29,0,"わだ、、",10.679,-61.951,0,"Apple_Sherbet",40.157,-90.328,0,"하루（Haru）",1.943,-114.08,0,"卯月満開",-37.688,-90.834,0,0,0,0,0,0,"",0,0,0,0,0,0,0,0,0,0
89,3,0,5,5,0,2,2,0,1,0,255,14,255,51,4013.639,"Pugeuk",R,10,69,100,2.439,-1.836,0.276,1.598,-36.669,4,0,0.246,400,-5.279,0.468,-18.821,1,6,8,L,"M_lunatic",160,95.162,0.444,0,77,0,0,0,0,0,0,0,0,0,0,0,0,0,0,0,0,-1.024,-37.615,0,"Ayu_Yua",0.263,-17.342,0,"Azuner",-20.715,-45.357,0,"장덕춘_",-5.723,-64.363,0,"HANA_ARASHI",21.878,-47.781,0,"わだ、、",10.817,-62.831,0,"Apple_Sherbet",41.239,-88.531,0,"하루（Haru）",1.694,-112.154,0,"卯月満開",-37.562,-91.262,0,0,0,0,0,0,"",0,0,0,0,0,0,0,0,0,0
90,4,1,5,5,0,0,0,0,0,0,255,255,255,37,4068.062,"_Chun",L,14,76,115,-3.962,-0.256,-0.177,1.802,-36.671,4,0,-385.417,318.519,0,0,0,1,7,1,R,"Ayu_Yua",190,89.449,0.449,0,76,0,0,0,0,0,0,0,0,0,0,0,0,0,0,0,0,-0.197,-37.622,0,"Kr_Luna",-0.072,-17.209,0,"NABIMan",-20.438,-43.914,0,"오띵__",-13.178,-65.151,0,"なおｐ--",20.345,-48.58,0,"CVPileMaki",9.831,-66.232,0,"mungjungh",42.928,-94.853,0,"_AKASATA_",0.503,-105.369,0,"M_lunatic",-44.954,-97.328,0,0,0,0,0,0,"",0,0,0,0,0,0,0,0,0,0
91,4,1,5,5,0,1,0,0,0,0,255,255,255,38,4085.173,"_Chun",L,29,86,140,1.134,0.286,0.06,1.655,-36.535,2,0,159.139,-139.698,0,0,0,1,7,1,R,"Ayu_Yua",190,89.449,0.449,3,76,4086.238,90,7,29,30,0,59,59,-30,41.771,0.95,0,0.013,0.023,0,0.19,0.061,-36.779,0,"Kr_Luna",0.157,-17.155,0,"NABIMan",-20.421,-43.851,97,"오띵__",-13.016,-65.185,0,"なおｐ--",20.636,-48.702,0,"CVPileMaki",10.796,-65.899,0,"mungjungh",42.929,-94.854,0,"_AKASATA_",0.286,-105.081,0,"M_lunatic",-45.057,-96.84,0,4086.595,-1.184,-20.222,4089.016,2,"NABIMan",-17.513,-39.408,0,0,0,0,0,0,0,2
92,4,1,5,5,0,0,1,0,0,0,255,255,255,39,4114.046,"_Chun",L,29,80,131,-3.637,0.935,-0.36,1.815,-36.644,4,0,221.414,-200,0,0,0,1,8,3,R,"장덕춘_",165.3,94.644,0.8,0,76,0,0,0,0,0,0,0,0,0,0,0,0,0,0,0,0,-0.205,-37.501,0,"Kr_Luna",-0.069,-17.189,0,"NABIMan",-20.189,-44.231,0,"오띵__",-13.244,-65.166,0,"なおｐ--",21.432,-48.863,0,"CVPileMaki",8.261,-66.42,0,"mungjungh",43.259,-94.349,0,"_AKASATA_",-1.579,-106.007,0,"M_lunatic",-44.649,-93.252,0,0,0,0,0,0,"",0,0,0,0,0,0,0,0,0,0
93,4,1,5,5,0,1,1,0,0,0,255,255,255,40,4132.852,"_Chun",L,4,56,93,-1.66,0.033,-0.401,1.648,-36.507,1,0,235.843,0,0,0,0,0,8,3,R,"장덕춘_",165.3,94.644,0.8,0,49,0,0,0,0,0,0,0,0,0,0,0,0,0,0,0,0,-0.065,-37.698,0,"Kr_Luna",0.069,-17.237,0,"NABIMan",-20.111,-43.568,0,"오띵__",-13.436,-65.12,0,"なおｐ--",21.438,-48.869,0,"CVPileMaki",8.436,-66.512,0,"mungjungh",43.264,-94.358,0,"_AKASATA_",-2.606,-106.002,0,"M_lunatic",-44.329,-94.007,0,0,0,0,0,0,"",0,0,0,0,0,0,0,0,0,0
94,4,1,5,5,1,1,1,0,0,0,255,255,255,41,4149.976,"_Chun",L,0,88,140,1.498,0.216,0.18,1.728,-36.595,2,0,0,0,0,0,0,1,8,3,R,"장덕춘_",165.3,94.644,0.8,3,49,4150.852,198,15,117,101,59,150,82,108.488,46.629,-0.82,-0.056,-0.006,0.064,0,0.163,0.353,-36.803,0,"Kr_Luna",0.138,-17.258,0,"NABIMan",-20.476,-43.958,0,"오띵__",-13.227,-65.219,0,"なおｐ--",21.432,-48.86,0,"CVPileMaki",10.699,-65.839,0,"mungjungh",43.26,-94.35,0,"_AKASATA_",-3.571,-106.314,0,"M_lunatic",-43.954,-93.946,0,4156.737,27.967,12.543,0,0,"",0,0,0,0,0,0,0,0,0,3
95,4,1,5,5,1,2,1,0,0,0,255,255,255,42,4171.356,"_Chun",L,0,79,130,-4.229,-0.51,-0.327,1.582,-36.576,4,0,0,0,0,0,0,1,8,3,R,"장덕춘_",165.3,94.644,0.8,0,49,0,0,0,0,0,0,0,0,0,0,0,0,0,0,0,0,-0.195,-37.612,0,"Kr_Luna",-0.077,-17.23,0,"NABIMan",-19.466,-41.269,0,"오띵__",-13.34,-65.05,0,"なおｐ--",22.063,-48.758,0,"CVPileMaki",8.259,-66.593,0,"mungjungh",44.298,-92.494,0,"_AKASATA_",-2.636,-107.702,0,"M_lunatic",-44.031,-93.488,0,0,0,0,0,0,"",0,0,0,0,0,0,0,0,0,0
96,4,1,5,5,0,0,2,0,0,0,255,255,255,43,4195.442,"_Chun",L,0,89,140,-4.749,0.132,-0.39,1.689,-36.527,1,0,0,0,0,0,0,0,0,7,R,"하루（Haru）",170,80,0.55,0,76,0,0,0,0,0,0,0,0,0,0,0,0,0,0,0,0,-0.21,-37.586,0,"Kr_Luna",-0.036,-17.234,0,"NABIMan",-19.321,-42.879,0,"오띵__",-13.628,-64.948,0,"なおｐ--",21.977,-48.805,0,"CVPileMaki",8.851,-66.472,0,"mungjungh",44.302,-92.519,0,"_AKASATA_",-3.105,-108.311,0,"M_lunatic",-45.232,-93.786,0,0,0,0,0,0,"",0,0,0,0,0,0,0,0,0,0
97,4,1,5,5,1,0,2,0,0,0,255,255,255,44,4215.074,"_Chun",L,29,88,140,0.733,0.42,0.066,1.708,-36.562,2,0,169.157,-149.944,0,0,0,1,0,7,R,"하루（Haru）",170,80,0.55,2,76,4216.094,238,13,138,80,34,150,64,16.512,35.071,0.99,-0.019,-0.003,0.19,0.048,0.338,-0.027,-36.735,0,"Kr_Luna",0.113,-17.258,0,"NABIMan",-20.63,-44.025,95,"오띵__",-13.183,-65.111,0,"なおｐ--",20.812,-50.972,0,"CVPileMaki",10.277,-65.833,0,"mungjungh",44.308,-92.514,0,"_AKASATA_",-3.29,-108.424,0,"M_lunatic",-44.437,-95.642,0,0,0,0,4218.325,2,"NABIMan",-15.579,-39.873,0,0,0,0,0,0,0,1
98,4,0,5,5,0,0,0,0,0,0,255,255,255,52,4263.9,"Pugeuk",R,26,88,140,1.266,-2.141,0.063,1.218,-36.522,1,0,-98.831,-200,31.726,0.167,-17.498,0,7,6,R,"mungjungh",160,85.835,0.497,0,72,0,0,0,0,0,0,0,0,0,0,0,0,0,0,0,0,0.004,-37.968,0,"Ayu_Yua",0.097,-17.554,0,"Azuner",-22.568,-47.568,0,"장덕춘_",-13.586,-64.786,0,"HANA_ARASHI",21.443,-49.872,0,"わだ、、",10.157,-64.392,0,"Apple_Sherbet",40.445,-90.366,0,"하루（Haru）",-0.596,-104.617,0,"卯月満開",-38.933,-90.319,0,0,0,0,0,0,"",0,0,0,0,0,0,0,0,0,0
99,4,0,5,5,1,0,0,0,0,0,255,255,255,53,4277.682,"Pugeuk",R,27,90,140,0.715,0.448,0.086,1.411,-36.353,2,0,-69.452,-147.088,9.006,0,0,0,7,6,R,"mungjungh",160,85.835,0.497,3,72,4278.68,155,17,87,56,19,150,122,-9.196,25.362,0.4,-0.077,-0.075,0.185,0,0.299,-0.174,-37.4,0,"Ayu_Yua",0.132,-17.519,0,"Azuner",-22.606,-47.507,75,"장덕춘_",-13.455,-64.543,0,"HANA_ARASHI",22.598,-51.629,0,"わだ、、",10.251,-64.327,0,"Apple_Sherbet",39.66,-87.271,0,"하루（Haru）",-0.278,-105.044,0,"卯月満開",-39.04,-90.506,93,4279.05,-2.503,-24.533,4281.82,8,"卯月満開",-28.363,-80.926,1,0,0,0,0,0,0,2
100,4,0,5,5,0,0,0,1,0,0,15,255,255,54,4304.576,"Pugeuk",R,26,86,140,0.632,0.461,0.084,1.688,-36.596,0,0,14.222,-181.211,5.961,0,0,0,8,7,R,"_AKASATA_",160,83.886,0.2,0,75,0,0,0,0,0,0,0,0,0,0,0,0,0,0,0,0,-0.361,-38.049,0,"Ayu_Yua",0.215,-17.483,0,"Azuner",-20.326,-45.719,120,"장덕춘_",-10.874,-64.269,0,"HANA_ARASHI",23.116,-50.673,0,"わだ、、",6.413,-61.367,65,"Apple_Sherbet",39.816,-87.759,0,"하루（Haru）",0.16,-109.197,0,"卯月満開",-39.207,-87.002,0,0,0,0,0,0,"",0,0,0,0,0,0,0,0,0,0
101,4,0,5,5,0,1,0,0,1,0,255,15,255,55,4353.639,"Pugeuk",R,26,87,140,1.254,0.741,0.103,1.567,-36.508,0,0,-73.623,-200,11.32,0,0,1,8,7,R,"_AKASATA_",160,83.886,0.2,0,75,0,0,0,0,0,0,0,0,0,0,0,0,0,0,0,0,0.049,-37.982,0,"Ayu_Yua",0.125,-17.363,0,"Azuner",-21.405,-46.449,0,"장덕춘_",-12.15,-64.309,0,"HANA_ARASHI",19.758,-44.466,0,"わだ、、",7.724,-62.164,0,"Apple_Sherbet",42.827,-90.147,0,"하루（Haru）",1.467,-108.593,0,"卯月満開",-40.592,-91.036,0,0,0,0,0,0,"",0,0,0,0,0,0,0,0,0,0
102,4,0,5,5,0,2,0,0,1,0,255,15,255,56,4372.063,"Pugeuk",R,2,55,88,-2.204,3.963,0.372,1.631,-37.144,1,0,-263.346,-376.349,32.85,0,0,0,8,7,R,"_AKASATA_",160,83.886,0.2,0,75,0,0,0,0,0,0,0,0,0,0,0,0,0,0,0,0,-0.272,-37.706,0,"Ayu_Yua",-0.279,-17.406,0,"Azuner",-21.668,-46.374,0,"장덕춘_",-11.989,-64.306,0,"HANA_ARASHI",21.249,-45.098,95,"わだ、、",5.449,-60.597,0,"Apple_Sherbet",44.628,-86.704,0,"하루（Haru）",0.386,-106.344,0,"卯月満開",-39.137,-90.025,0,0,0,0,0,0,"",0,0,0,0,0,0,0,0,0,0
103,4,0,5,5,1,2,0,0,0,1,255,255,15,57,4394.965,"Pugeuk",R,2,82,108,-1.841,1.109,0.05,1.423,-36.532,2,0,-411.686,-272.359,26.624,0,0,1,8,7,R,"_AKASATA_",160,83.886,0.2,3,75,4395.904,252,7,45,43,26,134,122,-15.161,25.375,0.51,0.003,0.005,0.137,0,0.183,-0.334,-36.949,0,"Ayu_Yua",-0.361,-17.559,0,"Azuner",-20.965,-45.906,94,"장덕춘_",-13.275,-64.518,0,"HANA_ARASHI",18.411,-42.974,0,"わだ、、",9.42,-62.283,0,"Apple_Sherbet",42.595,-86.989,0,"하루（Haru）",0.269,-110.707,0,"卯月満開",-36.566,-85.548,98,4396.271,-2.204,-23.648,4398.816,8,"卯月満開",-27.353,-77.08,1,0,0,0,0,0,0,2
104,4,0,5,6,0,0,0,1,0,0,16,255,255,58,4424.552,"Pugeuk",R,26,80,132,1.422,0.605,0.152,1.796,-36.628,2,0,-35.688,-189.195,12.446,0,0,1,0,3,R,"오띵__",169.6,80,0.402,3,75,4425.598,113,13,48,12,26,73,63,29.899,34.307,0.96,0.002,-0.05,0.1,0.048,0.378,-0.124,-37.589,0,"Ayu_Yua",0.002,-17.513,0,"Azuner",-19.144,-43.881,88,"장덕춘_",-13.351,-64.804,0,"HANA_ARASHI",21.148,-47.29,0,"わだ、、",7.788,-61.551,66,"Apple_Sherbet",43.869,-89.596,0,"하루（Haru）",-0.12,-111.525,0,"卯月満開",-45.638,-100.614,0,0,0,0,4429.25,2,"Azuner",-22.463,-50.743,0,0,0,0,0,0,0,1
105,4,0,5,6,0,0,1,0,1,0,255,16,255,59,4462.673,"Pugeuk",R,29,91,140,1.7,0.396,0.226,1.437,-36.445,2,0,-250,-109.957,33.612,0,0,1,1,0,L,"_Chun",190,80,0.455,3,75,4463.664,232,7,101,51,26,150,104,27.32,-13.767,0.91,-0.019,0.003,0.237,0,0.257,0.229,-37.713,0,"Ayu_Yua",0.226,-17.226,0,"Azuner",-20.477,-45.847,0,"장덕춘_",-13.454,-64.743,0,"HANA_ARASHI",22.29,-47.049,0,"わだ、、",10.082,-62.533,72,"Apple_Sherbet",46.336,-96.548,0,"하루（Haru）",3.012,-113.271,0,"卯月満開",-41.676,-98.039,0,0,0,0,4468.704,7,"하루（Haru）",7.637,-102.366,0,0,0,0,0,0,0,1
106,4,0,5,6,0,0,2,0,0,1,255,255,16,60,4494.647,"Pugeuk",R,32,86,139,1.984,-0.174,0.113,1.304,-36.48,4,0,250,-200,13.757,0,0,1,2,1,L,"Kr_Luna",190,95.367,0.505,0,75,0,0,0,0,0,0,0,0,0,0,0,0,0,0,0,0,-0.406,-37.808,0,"Ayu_Yua",0.165,-17.255,0,"Azuner",-21.593,-46.45,0,"장덕춘_",-12.793,-64.929,0,"HANA_ARASHI",20.658,-46.696,0,"わだ、、",12.019,-64.021,0,"Apple_Sherbet",46.398,-101.788,0,"하루（Haru）",1.234,-124.305,0,"卯月満開",-40.437,-96.554,0,0,0,0,0,0,"",0,0,0,0,0,0,0,0,0,0
107,4,0,5,6,0,1,2,0,0,1,255,255,16,61,4512.923,"Pugeuk",R,10,75,105,1.295,-1.497,0.125,1.411,-36.529,1,0,0,400,9.254,0.256,-18.074,0,2,1,L,"Kr_Luna",190,95.367,0.505,0,75,0,0,0,0,0,0,0,0,0,0,0,0,0,0,0,0,-0.151,-37.898,0,"Ayu_Yua",0.224,-17.322,0,"Azuner",-21.577,-46.411,0,"장덕춘_",-12.749,-64.93,0,"HANA_ARASHI",20.286,-42.98,120,"わだ、、",12.237,-64.585,0,"Apple_Sherbet",46.515,-102.476,0,"하루（Haru）",3.49,-117.745,0,"卯月満開",-41.899,-103.852,0,0,0,0,0,0,"",0,0,0,0,0,0,0,0,0,0
108,4,0,5,7,1,1,2,0,0,0,255,255,255,62,4559.731,"Pugeuk",R,27,83,136,3.717,-0.12,0.313,1.333,-36.62,4,0,108.247,-120.333,-11.669,1.24,-6.693,0,2,1,L,"Kr_Luna",190,95.367,0.505,0,75,0,0,0,0,0,0,0,0,0,0,0,0,0,0,0,0,0.117,-36.473,0,"Ayu_Yua",0.918,-16.049,0,"Azuner",-21.491,-46.56,0,"장덕춘_",-12.823,-64.528,0,"HANA_ARASHI",23.595,-51.767,0,"わだ、、",12.025,-64.336,0,"Apple_Sherbet",47.584,-97.686,0,"하루（Haru）",3.778,-110.805,0,"卯月満開",-39.815,-96.063,0,0,0,0,0,0,"",0,0,0,0,0,0,0,0,0,0
109,4,0,5,7,2,1,2,0,0,0,255,255,255,63,4602.454,"Pugeuk",R,6,84,125,-0.229,-0.438,-0.159,1.304,-36.287,2,0,442.936,0,25.44,0,0,1,2,1,L,"Kr_Luna",190,95.367,0.505,3,75,4603.329,172,14,137,57,42,150,100,-6.635,-34.978,0.94,-0.01,-0.007,0.263,0,0.058,0.246,-37.5,0,"Ayu_Yua",0.271,-17.574,0,"Azuner",-21.794,-46.776,0,"장덕춘_",-13.234,-65.121,0,"HANA_ARASHI",23.886,-51.995,0,"わだ、、",12.783,-64.751,0,"Apple_Sherbet",42.722,-92.029,0,"하루（Haru）",3.202,-114.046,0,"卯月満開",-39.079,-93.141,0,4603.862,4.017,-24.432,4605.662,4,"HANA_ARASHI",19.966,-48.168,0,4,0,0,0,0,0,2
110,5,1,5,7,0,0,0,0,0,0,255,255,255,45,4659.72,"_Chun",L,10,67,99,0.718,-2.352,0.097,1.43,-36.546,1,0,0,400,0,0.134,-19.764,0,1,5,L,"わだ、、",174.9,85,0.53,0,74,0,0,0,0,0,0,0,0,0,0,0,0,0,0,0,0,0.063,-37.464,0,"Kr_Luna",0.009,-17.35,0,"NABIMan",-21.455,-44.849,0,"오띵__",-12.414,-65.304,0,"なおｐ--",20.861,-47.207,0,"CVPileMaki",15.639,-62.78,0,"mungjungh",43.161,-89.37,0,"_AKASATA_",0.351,-103.733,0,"M_lunatic",-38.579,-93.473,0,0,0,0,0,0,"",0,0,0,0,0,0,0,0,0,0
111,5,1,5,7,1,0,0,0,0,0,255,255,255,46,4679.2,"_Chun",L,10,74,116,2.319,-0.287,0.216,1.738,-36.545,1,0,0,400,0,0,0,0,1,5,L,"わだ、、",174.9,85,0.53,0,74,0,0,0,0,0,0,0,0,0,0,0,0,0,0,0,0,0.078,-37.679,0,"Kr_Luna",0.093,-17.356,0,"NABIMan",-20.928,-44.544,0,"오띵__",-12.743,-65.329,0,"なおｐ--",21.208,-47.779,0,"CVPileMaki",16.074,-62.806,0,"mungjungh",43.158,-89.369,0,"_AKASATA_",0.526,-104.057,0,"M_lunatic",-38.285,-94.481,0,0,0,0,0,0,"",0,0,0,0,0,0,0,0,0,0
112,5,1,5,7,2,0,0,0,0,0,255,255,255,47,4695.957,"_Chun",L,26,84,137,-1.424,0.75,-0.165,1.709,-36.515,2,0,108.63,-184.439,0,0,0,1,1,5,L,"わだ、、",174.9,85,0.53,3,74,4697.05,250,6,127,64,38,150,103,25.329,34.345,0.04,-0.069,0.005,0.204,0,0.414,-0.131,-36.867,0,"Kr_Luna",0.005,-17.322,0,"NABIMan",-20.936,-44.644,0,"오띵__",-13.448,-65.122,0,"なおｐ--",20.114,-46.573,0,"CVPileMaki",13.985,-63.889,0,"mungjungh",43.157,-89.369,0,"_AKASATA_",0.19,-104.145,0,"M_lunatic",-38.033,-94.503,86,4700.954,-50.314,-75.777,4704.75,8,"M_lunatic",-69.029,-93.839,1,0,0,0,0,0,0,2
113,5,1,5,7,0,0,0,0,1,0,255,5,255,48,4734.048,"_Chun",L,26,82,134,-2.332,0.104,-0.254,1.597,-36.681,1,0,118.051,-200,0,0,0,0,2,6,R,"Apple_Sherbet",176,86.926,0.301,0,74,0,0,0,0,0,0,0,0,0,0,0,0,0,0,0,0,-0.111,-37.696,0,"Kr_Luna",-0.116,-17.272,0,"NABIMan",-19.73,-42.867,0,"오띵__",-14.014,-64.645,0,"なおｐ--",20.191,-44.141,0,"CVPileMaki",5.07,-64.366,0,"mungjungh",42.943,-93.093,0,"_AKASATA_",-3.743,-103.825,0,"M_lunatic",-45.478,-95.405,0,0,0,0,0,0,"",0,0,0,0,0,0,0,0,0,0
114,5,1,5,7,1,0,0,0,1,0,255,5,255,49,4751.268,"_Chun",L,13,72,112,-2.078,-0.808,-0.329,1.637,-36.502,1,0,358.99,348.032,0,0,0,0,2,6,R,"Apple_Sherbet",176,86.926,0.301,0,74,0,0,0,0,0,0,0,0,0,0,0,0,0,0,0,0,-0.008,-37.732,0,"Kr_Luna",0.063,-17.265,0,"NABIMan",-20.419,-43.206,0,"오띵__",-13.838,-64.868,0,"なおｐ--",19.75,-43.765,0,"CVPileMaki",3.335,-64.677,0,"mungjungh",42.934,-93.08,0,"_AKASATA_",-3.897,-104.373,0,"M_lunatic",-45.4,-95.642,0,0,0,0,0,0,"",0,0,0,0,0,0,0,0,0,0
115,5,1,5,7,2,0,0,0,1,0,255,5,255,50,4770.118,"_Chun",L,26,80,131,1.111,0.291,0.095,1.7,-36.554,2,0,155.305,-163.382,0,0,0,1,2,6,R,"Apple_Sherbet",176,86.926,0.301,3,74,4771.057,255,14,91,64,28,150,87,20.976,46.442,-0.75,-0.035,-0.055,0.219,0,0.221,0.182,-36.909,0,"Kr_Luna",0.146,-17.277,0,"NABIMan",-20.701,-43.57,0,"오띵__",-13.533,-65.109,0,"なおｐ--",20.488,-46.496,0,"CVPileMaki",2.77,-63.447,0,"mungjungh",42.899,-93.032,0,"_AKASATA_",-3.708,-104.773,0,"M_lunatic",-45.409,-95.648,0,4774.637,-41.373,-51.547,0,0,"",0,0,0,0,0,0,0,0,0,3
116,5,1,5,7,2,1,0,0,1,0,255,5,255,51,4813.799,"_Chun",L,14,76,115,-3.696,-0.533,-0.13,1.702,-36.559,1,0,-420.566,270.415,0,0,0,0,2,6,R,"Apple_Sherbet",176,86.926,0.301,0,74,0,0,0,0,0,0,0,0,0,0,0,0,0,0,0,0,0.082,-37.516,0,"Kr_Luna",-0.14,-17.239,0,"NABIMan",-20.135,-43.458,0,"오띵__",-14.084,-64.757,0,"なおｐ--",20.643,-43.919,0,"CVPileMaki",3.031,-64.732,0,"mungjungh",40.575,-91.452,0,"_AKASATA_",-2.718,-102.34,0,"M_lunatic",-44.035,-91.759,0,0,0,0,0,0,"",0,0,0,0,0,0,0,0,0,0
117,5,1,5,7,3,1,0,0,1,0,255,5,255,52,4830.29,"_Chun",L,29,83,136,2.148,-0.433,0.142,1.525,-36.48,2,0,196.832,-147.376,0,0,0,1,2,6,R,"Apple_Sherbet",176,86.926,0.301,3,74,4831.186,204,15,91,66,36,150,94,-80.856,-72.838,-0.4,-0.011,-0.032,0.152,0,0.209,0.319,-36.918,0,"Kr_Luna",0.113,-17.306,0,"NABIMan",-20.175,-43.351,0,"오띵__",-13.468,-65.143,0,"なおｐ--",20.242,-46.226,0,"CVPileMaki",8.103,-65.752,0,"mungjungh",40.549,-91.489,0,"_AKASATA_",-2.339,-104.084,0,"M_lunatic",-43.749,-93.173,0,4831.445,0.781,-19.648,0,0,"",0,0,0,0,0,0,0,0,0,3
118,5,1,5,7,3,2,0,0,1,0,255,5,255,53,4853.171,"_Chun",L,29,77,129,1.632,1.239,0.087,1.791,-36.553,2,0,200.127,-175.215,0,0,0,1,2,6,R,"Apple_Sherbet",176,86.926,0.301,3,71,4854.129,255,19,94,77,42,150,94,53.961,-22.297,-0.36,-0.035,-0.024,0.32,0,0.304,0.074,-36.954,0,"Kr_Luna",0.091,-17.309,0,"NABIMan",-20.709,-43.4,0,"오띵__",-13.55,-65.075,0,"なおｐ--",20.538,-46.678,0,"CVPileMaki",7.463,-65.649,0,"mungjungh",41.521,-91.782,0,"_AKASATA_",-0.652,-102.525,0,"M_lunatic",-43.268,-92.179,0,4860.345,28.691,-71.728,4860.495,6,"mungjungh",28.014,-70.519,0,0,0,0,0,0,0,1
119,5,1,5,7,0,0,1,0,1,0,255,5,255,54,4898.562,"_Chun",L,27,82,135,1.208,1.409,0.109,1.931,-36.642,2,0,-17.086,-149.805,0,0,0,1,3,0,R,"Pugeuk",190,86.326,0.454,3,74,4899.62,153,1,72,39,11,139,128,-30,36.986,0.31,0.017,-0.024,0.089,0,0.58,0.194,-37.024,0,"Kr_Luna",0.075,-17.341,0,"NABIMan",-20.565,-43.248,106,"오띵__",-13.359,-65.13,0,"なおｐ--",19.82,-46.215,0,"CVPileMaki",5.852,-65.66,0,"mungjungh",40.053,-92.541,0,"_AKASATA_",-5.804,-104.354,0,"M_lunatic",-43.866,-88.855,91,4900.024,-1.683,-22.05,4903.066,8,"M_lunatic",-43.86,-76.663,1,0,0,0,0,0,0,2
120,5,1,6,7,0,0,1,1,0,0,0,255,255,55,4944.628,"_Chun",L,6,79,118,0.484,-0.504,0.277,1.541,-36.541,0,0,-471.949,18.244,-20.566,0,0,0,4,4,R,"HANA_ARASHI",190,86.084,0.253,0,74,0,0,0,0,0,0,0,0,0,0,0,0,0,0,0,0,0.216,-37.507,0,"Kr_Luna",-0.083,-17.436,0,"NABIMan",-19.471,-40.11,0,"오띵__",-12.726,-65.254,0,"なおｐ--",20.398,-47.631,0,"CVPileMaki",6.529,-65.311,0,"mungjungh",37.859,-90.783,0,"_AKASATA_",-1.925,-102.822,0,"M_lunatic",-44.46,-95.103,0,0,0,0,0,0,"",0,0,0,0,0,0,0,0,0,0
121,5,1,6,7,0,1,1,1,0,0,0,255,255,56,4963.739,"_Chun",L,26,82,135,-2.634,0.768,-0.23,1.808,-36.577,2,0,-9.456,-200,-3.7,0,0,1,4,4,R,"HANA_ARASHI",190,86.084,0.253,3,74,4964.778,255,16,142,74,0,150,73,30.354,41.301,0.98,-0.023,-0.073,0.215,0,0.663,-0.015,-36.922,0,"Kr_Luna",-0.103,-17.412,0,"NABIMan",-19.781,-43.434,102,"오띵__",-13.345,-65.286,0,"なおｐ--",20.534,-48.046,0,"CVPileMaki",8.009,-65.53,66,"mungjungh",38.583,-90.879,0,"_AKASATA_",-1.865,-102.809,0,"M_lunatic",-45.47,-92.784,86,4968.85,-33.769,-61.572,4970.5,8,"M_lunatic",-41.428,-71.344,1,0,0,0,0,0,0,2
122,5,1,6,7,0,0,1,1,1,0,4,0,255,57,5003.77,"_Chun",L,10,65,97,0.835,-0.716,0.116,1.712,-36.543,2,0,0,400,-0.142,0,0,1,5,2,L,"Azuner",190,84.66,0.398,3,73,5004.992,190,18,65,93,49,143,116,-30,-47.961,0.89,-0.077,-0.045,0.082,0,0.302,0.141,-37.233,0,"Kr_Luna",0.132,-17.368,0,"NABIMan",-20.35,-43.258,0,"오띵__",-6.624,-67.195,0,"なおｐ--",20.879,-46.701,0,"CVPileMaki",16.711,-61.419,0,"mungjungh",42.205,-93.495,0,"_AKASATA_",-0.59,-97.247,0,"M_lunatic",-41.969,-92.374,0,5005.241,1.502,-21.786,0,0,"",0,0,0,0,0,0,0,0,0,3
123,5,1,6,7,0,1,1,1,1,0,4,0,255,58,5027.071,"_Chun",L,13,65,95,3.005,-0.622,0.104,1.772,-36.553,2,0,312.334,345.267,-9.045,0,0,1,5,2,L,"Azuner",190,84.66,0.398,3,89,5028.365,207,15,81,74,41,150,116,-10.257,-41.459,0.89,-0.054,-0.024,0.214,0,0.222,0.21,-37.197,0,"Kr_Luna",0.369,-17.341,0,"NABIMan",-20.34,-42.608,0,"오띵__",-6.493,-67.215,95,"なおｐ--",21.154,-46.346,120,"CVPileMaki",17.177,-62.08,0,"mungjungh",43.776,-94.408,0,"_AKASATA_",-0.191,-101.195,0,"M_lunatic",-30.063,-101.068,0,5028.75,3.775,-23.977,5029.887,4,"なおｐ--",21.249,-43.12,0,0,0,0,0,0,0,2
124,5,0,6,7,0,0,0,0,0,0,255,255,255,64,5086.525,"Pugeuk",R,27,87,140,-2.967,-0.609,-0.276,1.419,-36.503,1,0,-32.055,-144.44,4.83,0,0,0,3,4,R,"なおｐ--",190,90.37,0.445,0,79,0,0,0,0,0,0,0,0,0,0,0,0,0,0,0,0,-0.395,-38.716,0,"Ayu_Yua",-0.527,-17.319,0,"Azuner",-22.784,-47.665,0,"장덕춘_",-14.419,-64.094,0,"HANA_ARASHI",23.001,-51.183,0,"わだ、、",12.393,-64.786,0,"Apple_Sherbet",45.1,-92.339,0,"하루（Haru）",-0.069,-112.475,0,"卯月満開",-34.571,-116.049,0,0,0,0,0,0,"",0,0,0,0,0,0,0,0,0,0
125,5,0,6,7,1,0,0,0,0,0,255,255,255,65,5105.244,"Pugeuk",R,10,74,117,-2.37,-0.751,-0.223,1.607,-36.565,2,0,2.331,400,11.45,0,0,1,3,4,R,"なおｐ--",190,90.37,0.445,3,79,5106.415,242,16,106,63,31,150,100,-28.805,-19.372,0.94,-0.011,-0.066,0.224,0,0.549,-0.398,-37.679,0,"Ayu_Yua",-0.469,-17.422,0,"Azuner",-22.553,-47.346,85,"장덕춘_",-14.559,-64.074,0,"HANA_ARASHI",22.744,-51.717,0,"わだ、、",12.183,-64.944,95,"Apple_Sherbet",42.592,-91.94,0,"하루（Haru）",-1.161,-112.329,0,"卯月満開",-35.242,-115.404,0,5106.712,-0.28,-21.152,5108.804,5,"わだ、、",11.784,-60.146,0,0,0,0,0,0,0,2
126,5,0,6,7,0,0,1,0,0,0,255,255,255,66,5164.452,"Pugeuk",R,26,91,140,0.221,-0.237,0.05,1.3,-36.421,2,0,-105.547,-200,18.058,0,0,1,4,5,R,"CVPileMaki",169.8,94,0.399,3,62,5165.539,178,10,117,80,45,150,96,27.848,41.847,-0.15,-0.002,-0.019,0.084,0,0.218,-0.205,-37.656,0,"Ayu_Yua",0.293,-17.416,0,"Azuner",-21.968,-46.983,0,"장덕춘_",-14.371,-64.295,0,"HANA_ARASHI",22.478,-52.148,0,"わだ、、",11.872,-64.531,0,"Apple_Sherbet",45.743,-92.235,0,"하루（Haru）",0.385,-110.247,0,"卯月満開",-40.136,-95.661,0,5170.512,-64.674,-70.233,0,0,"",0,0,0,0,0,0,0,0,0,3
127,5,0,6,7,0,1,1,0,0,0,255,255,255,67,5182.858,"Pugeuk",R,27,90,140,0.948,0.871,0.095,1.486,-36.368,0,0,-24.139,-143.914,1.286,0,0,0,4,5,R,"CVPileMaki",169.8,94,0.399,0,62,0,0,0,0,0,0,0,0,0,0,0,0,0,0,0,0,-0.031,-37.246,0,"Ayu_Yua",0.098,-17.234,0,"Azuner",-22.202,-47.1,0,"장덕춘_",-14.573,-63.935,0,"HANA_ARASHI",23.293,-53.665,0,"わだ、、",11.983,-64.572,0,"Apple_Sherbet",45.026,-93.574,0,"하루（Haru）",-0.615,-111.545,0,"卯月満開",-42.378,-93.81,0,0,0,0,0,0,"",0,0,0,0,0,0,0,0,0,0
128,5,0,6,7,0,2,1,0,0,0,255,255,255,68,5198.809,"Pugeuk",R,10,78,107,-1.839,-1.67,-0.256,1.247,-36.417,1,0,0,400,4.452,0,0,0,4,5,R,"CVPileMaki",169.8,94,0.399,0,62,0,0,0,0,0,0,0,0,0,0,0,0,0,0,0,0,0.211,-37.677,0,"Ayu_Yua",-0.199,-17.252,0,"Azuner",-22.203,-47.131,0,"장덕춘_",-14.581,-63.909,0,"HANA_ARASHI",23.063,-52.701,0,"わだ、、",11.793,-64.283,0,"Apple_Sherbet",45.258,-93.865,0,"하루（Haru）",0.334,-111.202,0,"卯月満開",-42.355,-93.973,0,0,0,0,0,0,"",0,0,0,0,0,0,0,0,0,0
129,5,0,6,7,1,2,1,0,0,0,255,255,255,69,5213.713,"Pugeuk",R,26,85,139,1.895,0.609,0.124,1.462,-36.426,2,0,-61.428,-200,9.109,0,0,1,4,5,R,"CVPileMaki",169.8,94,0.399,3,62,5214.771,160,7,94,64,33,150,111,10.828,33.484,0.17,0.013,-0.02,0.082,0,0.197,0.16,-37.278,0,"Ayu_Yua",0.27,-17.404,0,"Azuner",-22.214,-47.071,0,"장덕춘_",-14.514,-63.912,85,"HANA_ARASHI",23.218,-53.174,0,"わだ、、",12.45,-64.612,0,"Apple_Sherbet",45.023,-94.112,0,"하루（Haru）",-0.025,-111.855,0,"卯月満開",-42.338,-93.979,6,5217.708,-42.466,-68.366,5222.237,0,"Pugeuk",-66.351,-94.246,1,0,0,0,0,0,0,2
130,5,0,6,7,0,0,1,0,1,0,255,14,255,70,5246.991,"Pugeuk",R,26,79,131,2.672,0.102,0.188,1.462,-36.451,4,0,-64.211,-193.289,10.613,0.058,-20.546,1,5,2,R,"NABIMan",190,82,0.5,0,73,0,0,0,0,0,0,0,0,0,0,0,0,0,0,0,0,0.191,-37.695,0,"Ayu_Yua",0.153,-17.006,0,"Azuner",-22.519,-47.472,0,"장덕춘_",-13.358,-63.557,0,"HANA_ARASHI",21.261,-46.305,0,"わだ、、",7.225,-61.715,0,"Apple_Sherbet",44.534,-94.52,0,"하루（Haru）",2.188,-113.018,0,"卯月満開",-44.346,-95.168,0,0,0,0,0,0,"",0,0,0,0,0,0,0,0,0,0
131,5,0,6,7,0,1,1,0,1,0,255,14,255,71,5270.37,"Pugeuk",R,26,87,140,0.594,0.137,0.06,1.368,-36.383,0,0,-17.211,-183.846,7.761,0,0,1,5,2,R,"NABIMan",190,82,0.5,0,73,0,0,0,0,0,0,0,0,0,0,0,0,0,0,0,0,-0.121,-37.94,0,"Ayu_Yua",-0.065,-16.867,0,"Azuner",-22.551,-47.434,0,"장덕춘_",-13.792,-64.317,0,"HANA_ARASHI",22.457,-47.698,0,"わだ、、",8.312,-61.978,0,"Apple_Sherbet",44.171,-93.571,0,"하루（Haru）",2.282,-112.233,0,"卯月満開",-46.312,-94.564,0,0,0,0,0,0,"",0,0,0,0,0,0,0,0,0,0
132,5,0,6,7,0,2,1,0,1,0,255,14,255,72,5286.021,"Pugeuk",R,33,87,140,0.033,-1.221,0.014,1.208,-36.435,4,0,132.765,-107.121,0.746,0,0,1,5,2,R,"NABIMan",190,82,0.5,0,73,0,0,0,0,0,0,0,0,0,0,0,0,0,0,0,0,-0.311,-37.835,0,"Ayu_Yua",-0.059,-16.85,0,"Azuner",-22.541,-47.459,0,"장덕춘_",-13.726,-64.336,0,"HANA_ARASHI",20.931,-48.791,0,"わだ、、",6.587,-60.787,0,"Apple_Sherbet",44.111,-93.715,0,"하루（Haru）",2.104,-111.412,0,"卯月満開",-46.21,-94.628,0,0,0,0,0,0,"",0,0,0,0,0,0,0,0,0,0
133,5,0,6,7,0,0,2,0,1,0,255,14,255,73,5308.945,"Pugeuk",R,26,87,140,-0.926,0.45,-0.084,1.548,-36.51,0,0,-17.612,-187.229,5.071,0,0,0,6,8,L,"M_lunatic",160,95.162,0.444,0,46,0,0,0,0,0,0,0,0,0,0,0,0,0,0,0,0,-0.196,-38.065,0,"Ayu_Yua",-0.209,-16.921,0,"Azuner",-21.223,-46.062,0,"장덕춘_",-13.713,-64.33,0,"HANA_ARASHI",21.272,-50.066,0,"わだ、、",7.644,-61.306,0,"Apple_Sherbet",42.526,-90.282,0,"하루（Haru）",2.254,-110.196,0,"卯月満開",-37.759,-84.387,0,0,0,0,0,0,"",0,0,0,0,0,0,0,0,0,0
134,5,0,6,7,0,1,2,0,1,0,255,14,255,74,5327.789,"Pugeuk",R,6,80,106,-0.335,-0.166,-0.311,1.34,-36.413,2,0,481.818,0,38.399,0,0,1,6,8,L,"M_lunatic",160,95.162,0.444,2,46,5328.906,211,23,111,116,51,150,73,22.051,18.797,0.96,0.032,-0.058,0.087,0,0.495,-0.074,-37.515,0,"Ayu_Yua",-0.285,-17.112,0,"Azuner",-21.241,-46.037,0,"장덕춘_",-13.75,-64.231,88,"HANA_ARASHI",22.191,-50.158,0,"わだ、、",7.85,-60.282,0,"Apple_Sherbet",42.427,-90.325,0,"하루（Haru）",0.924,-107.714,0,"卯月満開",-37.074,-84.215,0,0,0,0,5332.679,3,"장덕춘_",-11.763,-67.57,0,0,0,0,0,0,0,1
135,6,1,6,7,0,0,0,0,0,0,255,255,255,59,5434.543,"_Chun",L,26,73,126,-3.187,0.67,-0.328,1.822,-36.72,4,0,94.589,-200,-10.184,0,0,1,6,8,R,"卯月満開",171.2,90,0.2,0,44,0,0,0,0,0,0,0,0,0,0,0,0,0,0,0,0,-0.122,-37.404,0,"Kr_Luna",-0.191,-17.192,0,"NABIMan",-20.988,-44.546,0,"오띵__",-13.804,-64.793,0,"なおｐ--",20.567,-46.688,0,"CVPileMaki",9.085,-66.091,0,"mungjungh",41.224,-89.906,0,"_AKASATA_",-7.927,-98.963,0,"M_lunatic",-36.492,-92.992,0,0,0,0,0,0,"",0,0,0,0,0,0,0,0,0,0
136,6,1,6,7,0,1,0,0,0,0,255,255,255,60,5454.651,"_Chun",L,27,89,140,2.513,-0.567,0.134,1.607,-36.481,2,0,124.926,-139.182,-28.912,0,0,1,6,8,R,"卯月満開",171.2,90,0.2,2,44,5455.538,167,18,85,73,39,150,78,-13.8,-10.499,-0.88,-0.137,-0.099,0.174,0,0.337,0.154,-36.865,0,"Kr_Luna",0.157,-17.255,0,"NABIMan",-20.981,-44.166,89,"오띵__",-13.288,-65.199,0,"なおｐ--",20.948,-47.151,0,"CVPileMaki",9.609,-66.122,96,"mungjungh",41.572,-91.347,0,"_AKASATA_",-7.878,-99.15,0,"M_lunatic",-45.999,-91.853,0,5455.899,0.95,-22.979,5458.258,5,"CVPileMaki",7.62,-57.113,0,0,0,0,0,0,0,2
137,6,1,6,7,0,0,1,0,0,0,255,255,255,61,5487.459,"_Chun",L,6,72,114,3.161,0.036,0.316,1.745,-36.586,2,0,-446.66,0,-38.529,0,0,1,7,1,R,"Ayu_Yua",190,89.449,0.449,3,73,5488.606,35,1,12,43,42,12,37,10.887,36.689,0.54,-0.013,-0.008,0.006,0,0.293,0.258,-37.142,0,"Kr_Luna",0.118,-17.292,0,"NABIMan",-20.305,-43.532,101,"오띵__",-12.963,-65.199,0,"なおｐ--",20.956,-49.216,0,"CVPileMaki",9.615,-66.085,0,"mungjungh",43.357,-90.977,0,"_AKASATA_",-2.548,-95.64,0,"M_lunatic",-41.606,-84.602,0,5490.062,-6.181,-28.624,5492.246,2,"NABIMan",-13.592,-36.884,0,128,0,0,0,0,0,2
138,6,1,6,7,0,0,2,0,0,0,255,255,255,62,5519.228,"_Chun",L,27,84,138,3.262,0.071,0.24,1.599,-36.503,4,0,133.41,-137.23,-19.37,0.004,-20.505,1,8,3,R,"장덕춘_",165.3,94.644,0.8,0,72,0,0,0,0,0,0,0,0,0,0,0,0,0,0,0,0,0.063,-37.651,0,"Kr_Luna",0.165,-18.258,0,"NABIMan",-19.629,-43.352,0,"오띵__",-12.963,-65.333,0,"なおｐ--",22.217,-48.738,0,"CVPileMaki",8.379,-66.226,0,"mungjungh",43.361,-90.968,0,"_AKASATA_",-3.035,-100.506,0,"M_lunatic",-45.165,-91.46,0,0,0,0,0,0,"",0,0,0,0,0,0,0,0,0,0
139,6,1,6,7,0,1,2,0,0,0,255,255,255,63,5539.129,"_Chun",L,26,84,137,-3.888,0.808,-0.338,1.754,-36.584,4,0,80.593,-200,-16.692,0,0,1,8,3,R,"장덕춘_",165.3,94.644,0.8,0,49,0,0,0,0,0,0,0,0,0,0,0,0,0,0,0,0,0.145,-37.623,0,"Kr_Luna",-0.168,-17.225,0,"NABIMan",-20.424,-43.219,0,"오띵__",-15.199,-64.391,0,"なおｐ--",22.239,-48.724,0,"CVPileMaki",8.306,-66.585,0,"mungjungh",43.381,-92.369,0,"_AKASATA_",-5.891,-102.452,0,"M_lunatic",-44.954,-91.149,0,0,0,0,0,0,"",0,0,0,0,0,0,0,0,0,0
140,6,1,6,7,0,2,2,0,0,0,255,255,255,64,5559.385,"_Chun",L,13,71,112,-1.249,-0.676,-0.235,1.683,-36.531,2,0,317.218,386.488,-4.695,0,0,1,8,3,R,"장덕춘_",165.3,94.644,0.8,3,49,5560.269,121,19,59,84,57,139,114,-15.035,0,0.77,-0.108,0.009,0.038,0,0.303,0.019,-37.195,0,"Kr_Luna",-0.026,-17.431,0,"NABIMan",-20.98,-43.831,0,"오띵__",-13.516,-65.099,85,"なおｐ--",22.217,-48.725,0,"CVPileMaki",8.162,-66.593,0,"mungjungh",43.372,-92.363,0,"_AKASATA_",-5.95,-102.31,88,"M_lunatic",-44.975,-91.159,0,5560.595,-0.225,-22.394,5569.729,7,"_AKASATA_",2.889,-121.861,1,0,0,0,0,0,0,2
141,6,1,6,7,0,0,2,0,1,0,255,3,255,65,5598.932,"_Chun",L,10,81,123,0.564,-0.194,0.052,1.741,-36.548,2,0,0,400,-8.063,0,0,1,0,7,R,"하루（Haru）",170,80,0.55,2,72,5599.99,219,16,158,74,50,150,102,-30,27.344,0.92,-0.036,-0.014,0.223,0.048,0.361,-0.062,-36.854,0,"Kr_Luna",0.111,-17.407,0,"NABIMan",-21.105,-43.233,85,"오띵__",-13.081,-65.141,98,"なおｐ--",20.085,-46.621,0,"CVPileMaki",5.654,-66.057,0,"mungjungh",39.269,-89.83,0,"_AKASATA_",-3.5,-112.874,0,"M_lunatic",-42.397,-94.225,0,5600.337,-0.461,-20.737,5602.675,3,"오띵__",-20.661,-59.883,0,0,0,0,0,0,0,2
142,6,0,6,7,0,0,0,0,0,0,255,255,255,75,5758.347,"Pugeuk",R,26,85,138,-1.2,0.272,-0.136,1.568,-36.534,0,0,-83.787,-169.531,3.518,0,0,0,7,6,L,"SFIDA",190,80,0.453,0,72,0,0,0,0,0,0,0,0,0,0,0,0,0,0,0,0,-0.169,-37.596,0,"Ayu_Yua",-0.365,-17.485,0,"Azuner",-21.967,-46.958,0,"장덕춘_",-13.262,-64.966,0,"HANA_ARASHI",22.232,-52.269,0,"わだ、、",11.651,-64.929,0,"Apple_Sherbet",42.667,-89.733,0,"하루（Haru）",3.964,-112.615,0,"卯月満開",-39.423,-97.824,0,0,0,0,0,0,"",0,0,0,0,0,0,0,0,0,0
143,6,0,6,7,0,1,0,0,0,0,255,255,255,76,5769.148,"Pugeuk",R,26,81,133,-1.312,-0.36,-0.141,1.547,-36.497,2,0,-71.085,-200,6.098,0,0,0,7,6,L,"SFIDA",190,80,0.453,2,72,5770.014,255,24,107,122,55,150,92,-25.507,-40.833,-0.73,0.091,0.002,0.075,0,1.108,-0.472,-36.959,0,"Ayu_Yua",-0.179,-17.589,0,"Azuner",-21.982,-46.941,0,"장덕춘_",-13.221,-65.064,86,"HANA_ARASHI",21.676,-51.994,0,"わだ、、",11.486,-65.151,0,"Apple_Sherbet",42.456,-89.909,100,"하루（Haru）",4.701,-112.401,0,"卯月満開",-39.442,-97.836,0,5770.416,1.321,-23.597,5775.437,6,"Apple_Sherbet",50.153,-70.105,1,0,0,0,0,0,0,2
144,6,0,6,7,0,0,0,1,0,0,15,255,255,77,5799.311,"Pugeuk",R,26,86,140,1.554,-0.419,0.085,1.415,-36.52,1,0,-41.798,-187.392,12.067,0,0,0,8,7,R,"_AKASATA_",160,83.886,0.2,0,72,0,0,0,0,0,0,0,0,0,0,0,0,0,0,0,0,-0.012,-37.89,0,"Ayu_Yua",0.186,-17.252,0,"Azuner",-20.467,-43.168,0,"장덕춘_",-10.841,-64.217,0,"HANA_ARASHI",23.678,-51.88,0,"わだ、、",7.942,-61.442,0,"Apple_Sherbet",43.381,-91.19,0,"하루（Haru）",0.818,-109.164,0,"卯月満開",-40.936,-82.862,0,0,0,0,0,0,"",0,0,0,0,0,0,0,0,0,0
145,6,0,6,7,1,0,0,1,0,0,15,255,255,78,5815.297,"Pugeuk",R,26,88,140,0.637,-0.092,0.025,1.485,-36.556,2,0,-53.755,-200,3.386,0.082,-19.304,1,8,7,R,"_AKASATA_",160,83.886,0.2,3,72,5816.173,222,13,71,48,24,141,85,-82.752,22.693,-0.4,0.017,-0.006,0.178,0,0.194,-0.132,-36.908,0,"Ayu_Yua",0.022,-17.385,0,"Azuner",-20.293,-43.898,79,"장덕춘_",-11.122,-64.059,99,"HANA_ARASHI",23.831,-50.421,0,"わだ、、",9.015,-62.151,96,"Apple_Sherbet",43.14,-90.105,0,"하루（Haru）",0.921,-110.694,0,"卯月満開",-38.796,-81.43,0,5819.587,6.591,-42.525,5821.212,0,"Pugeuk",8.04,-47.69,1,128,0,0,0,0,0,2
146,6,0,6,7,0,0,1,1,0,0,15,255,255,79,5843.254,"Pugeuk",R,26,88,140,1.706,-0.153,0.099,1.527,-36.603,2,0,-74.007,-200,3.689,0,0,1,0,3,R,"오띵__",169.6,80,0.402,3,72,5844.213,244,13,123,76,46,150,83,45.891,-7.858,-0.82,0.06,-0.053,0.098,0,0.179,0.12,-37.543,0,"Ayu_Yua",0.027,-17.258,0,"Azuner",-19.525,-44.178,85,"장덕춘_",-13.509,-64.72,0,"HANA_ARASHI",21.704,-50.83,0,"わだ、、",8.706,-62.231,76,"Apple_Sherbet",45.018,-90.974,0,"하루（Haru）",-0.798,-108.629,0,"卯月満開",-42.82,-98.457,0,0,0,0,5849.875,5,"わだ、、",5.767,-74.17,0,0,0,0,0,0,0,1
147,6,0,6,7,0,0,2,1,0,0,15,255,255,80,5911.695,"Pugeuk",R,29,84,137,1.692,0.302,0.223,1.394,-36.53,1,0,-232.938,-200,37.907,0,0,0,1,0,L,"_Chun",190,80,0.455,0,72,0,0,0,0,0,0,0,0,0,0,0,0,0,0,0,0,-0.143,-38.167,0,"Ayu_Yua",0.553,-16.914,0,"Azuner",-20.424,-45.377,0,"장덕춘_",-9.31,-62.655,0,"HANA_ARASHI",23.68,-50.804,0,"わだ、、",6.834,-61.075,0,"Apple_Sherbet",47.796,-103.907,0,"하루（Haru）",1.031,-110.819,0,"卯月満開",-36.992,-91.386,0,0,0,0,0,0,"",0,0,0,256,0,0,0,0,0,0
148,7,1,6,7,0,0,0,0,0,0,255,255,255,66,5980.765,"_Chun",L,10,79,119,-0.885,-1.391,-0.082,1.549,-36.439,1,0,0,400,-11.338,0,0,0,1,5,L,"わだ、、",174.9,85,0.53,0,71,0,0,0,0,0,0,0,0,0,0,0,0,0,0,0,0,-0.108,-37.699,0,"Kr_Luna",0.093,-17.286,0,"NABIMan",-21.244,-45.873,0,"오띵__",-11.899,-65.611,0,"なおｐ--",20.395,-46.586,0,"CVPileMaki",16.363,-62.524,0,"SFIDA",42.03,-95.026,0,"Multeinn",3.901,-109.781,0,"_AKASATA_",-50.313,-90.465,0,0,0,0,0,0,"",0,0,0,0,0,0,0,0,0,0
149,7,1,6,7,1,0,0,0,0,0,255,255,255,67,5996.933,"_Chun",L,10,75,117,-2.22,-0.455,-0.225,1.792,-36.6,4,0,0,400,2.283,0,0,1,1,5,L,"わだ、、",174.9,85,0.53,0,71,0,0,0,0,0,0,0,0,0,0,0,0,0,0,0,0,-0.144,-37.738,0,"Kr_Luna",0.066,-17.345,0,"NABIMan",-21.392,-45.591,0,"오띵__",-13.323,-65.191,0,"なおｐ--",20.605,-46.946,0,"CVPileMaki",16.122,-62.912,0,"SFIDA",41.092,-92.267,0,"Multeinn",5.296,-107.418,0,"_AKASATA_",-50.393,-90.313,0,0,0,0,0,0,"",0,0,0,0,0,0,0,0,0,0
150,7,1,6,7,1,1,0,0,0,0,255,255,255,68,6013.84,"_Chun",L,26,85,139,-1.153,0.822,-0.151,1.718,-36.538,2,0,157.273,-200,-32.156,0,0,1,1,5,L,"わだ、、",174.9,85,0.53,3,71,6014.878,122,3,61,62,1,139,105,8.368,-33.499,0.08,-0.035,-0.008,0.016,0,0.292,-0.144,-37.013,0,"Kr_Luna",-0.032,-17.349,0,"NABIMan",-21.396,-45.498,0,"오띵__",-13.092,-65.362,0,"なおｐ--",20.719,-47.08,85,"CVPileMaki",16.029,-62.955,0,"SFIDA",41.028,-92.241,0,"Multeinn",1.23,-105.538,0,"_AKASATA_",-50.437,-90.407,0,0,0,0,6016.725,4,"なおｐ--",17.676,-46.741,0,0,0,0,0,0,0,1
151,7,1,6,7,0,0,1,0,0,0,255,255,255,69,6041.594,"_Chun",L,26,77,129,-1.76,2.158,-0.207,2.025,-36.755,1,0,59.701,-200,-12.177,0,0,0,2,6,R,"Apple_Sherbet",176,86.926,0.301,0,71,0,0,0,0,0,0,0,0,0,0,0,0,0,0,0,0,-0.001,-37.586,0,"Kr_Luna",-0.141,-17.273,0,"NABIMan",-21.736,-43.964,0,"오띵__",-13.161,-65.217,0,"なおｐ--",21.234,-48.244,0,"CVPileMaki",10.302,-65.697,0,"SFIDA",35.449,-88.388,0,"Multeinn",0.936,-107.326,0,"_AKASATA_",-50.718,-99.538,0,0,0,0,0,0,"",0,0,0,0,0,0,0,0,0,0
152,7,1,6,7,1,0,1,0,0,0,255,255,255,70,6058.099,"_Chun",L,10,76,117,0.857,0.182,0.079,1.886,-36.608,2,0,0,400,-6.735,0,0,1,2,6,R,"Apple_Sherbet",176,86.926,0.301,3,71,6059.024,255,23,111,98,65,150,95,59.586,-33.074,-0.35,-0.041,-0.025,0.228,0,0.283,0.093,-36.95,0,"Kr_Luna",0.076,-17.335,0,"NABIMan",-21.412,-44.422,0,"오띵__",-13.081,-65.279,0,"なおｐ--",19.597,-49.308,0,"CVPileMaki",10.75,-65.718,0,"SFIDA",36.807,-88.223,0,"Multeinn",1.002,-107.33,0,"_AKASATA_",-50.919,-99.467,0,6065.366,23.198,-73.882,6065.654,6,"SFIDA",22.607,-72.445,0,0,0,0,0,0,0,1
153,7,1,6,7,0,0,2,0,0,0,255,255,255,71,6121.528,"_Chun",L,26,73,126,1.163,0.773,0.018,1.905,-36.725,2,0,100.899,-153.983,-14.423,0,0,1,3,0,R,"Pugeuk",190,86.326,0.454,3,71,6122.52,255,13,152,115,49,150,100,43.746,41.159,-0.36,-0.03,-0.052,0.392,0,0.925,-0.097,-36.827,0,"Kr_Luna",0.115,-17.442,0,"NABIMan",-20.938,-44.268,0,"오띵__",-13.17,-65.173,0,"なおｐ--",19.297,-48.783,0,"CVPileMaki",7.573,-66.468,0,"SFIDA",29.995,-95.958,0,"Multeinn",-5.89,-113.154,0,"_AKASATA_",-48.736,-103.057,95,6128.033,-50.442,-82.241,6128.383,8,"_AKASATA_",-49.385,-80.909,0,0,0,0,0,0,0,1
154,7,0,6,7,0,0,0,0,0,0,255,255,255,0,6254.921,"Azuner",R,33,69,123,-2.573,-1.023,-0.14,1.195,-36.597,2,0,123.614,-28.007,0,0,0,1,1,0,L,"_Chun",190,80,0.455,3,71,6255.849,223,15,117,61,35,150,91,49.2,-11.394,-0.76,-0.022,-0.061,0.158,0,0.242,-0.289,-36.987,0,"Ayu_Yua",-0.282,-17.594,0,"Pugeuk",-20.393,-48.708,0,"장덕춘_",-13.405,-64.767,0,"HANA_ARASHI",22.998,-54.49,0,"わだ、、",12.326,-64.685,90,"Apple_Sherbet",45.685,-101.715,0,"하루（Haru）",1.05,-108.798,0,"卯月満開",-39.936,-95.627,0,0,0,0,6261.766,5,"わだ、、",14.687,-79.531,0,0,0,0,0,0,0,1
155,7,0,6,7,0,0,1,0,0,0,255,255,255,1,6281.419,"Azuner",R,33,77,128,-3.404,-0.441,-0.217,1.293,-36.582,1,0,105.528,-19.15,0,0,0,0,2,1,L,"Kr_Luna",190,95.367,0.505,0,71,0,0,0,0,0,0,0,0,0,0,0,0,0,0,0,0,-0.221,-37.543,0,"Ayu_Yua",-0.539,-17.341,0,"Pugeuk",-20.117,-46.412,0,"장덕춘_",-13.507,-64.751,0,"HANA_ARASHI",22.561,-53.834,0,"わだ、、",12.416,-64.725,0,"Apple_Sherbet",45.749,-100.537,0,"하루（Haru）",1.812,-109.024,0,"卯月満開",-40.632,-100.736,0,0,0,0,0,0,"",0,0,0,0,0,0,0,0,0,0
156,7,0,6,7,1,0,1,0,0,0,255,255,255,2,6295.874,"Azuner",R,0,67,122,-2.687,0.972,-0.078,1.577,-36.903,1,0,0,0,0,0,0,0,2,1,L,"Kr_Luna",190,95.367,0.505,0,71,0,0,0,0,0,0,0,0,0,0,0,0,0,0,0,0,-0.125,-37.331,0,"Ayu_Yua",-0.556,-17.376,0,"Pugeuk",-20.445,-47.616,0,"장덕춘_",-12.117,-64.95,0,"HANA_ARASHI",22.855,-52.434,0,"わだ、、",12.823,-65.124,0,"Apple_Sherbet",45.793,-100.595,0,"하루（Haru）",1.861,-108.763,0,"卯月満開",-40.332,-103.019,0,0,0,0,0,0,"",0,0,0,0,0,0,0,0,0,0
157,7,0,6,7,2,0,1,0,0,0,255,255,255,3,6314.749,"Azuner",R,6,61,110,-0.785,-0.556,-0.136,1.383,-36.831,0,0,297.738,59.678,0,0.048,-17.528,1,2,1,L,"Kr_Luna",190,95.367,0.505,0,71,0,0,0,0,0,0,0,0,0,0,0,0,0,0,0,0,-0.057,-37.431,0,"Ayu_Yua",0.078,-17.363,0,"Pugeuk",-20.426,-48.964,0,"장덕춘_",-11.288,-64.334,0,"HANA_ARASHI",23.012,-52.277,0,"わだ、、",12.424,-65.081,0,"Apple_Sherbet",46.103,-100.667,0,"하루（Haru）",1.874,-105.798,0,"卯月満開",-38.907,-98.955,0,0,0,0,0,0,"",0,0,0,0,0,0,0,0,0,0
158,7,0,6,7,2,1,1,0,0,0,255,255,255,4,6330.428,"Azuner",R,10,68,112,-1.69,-1.793,-0.111,1.279,-36.744,1,0,0,400,0,-0.335,-18.619,0,2,1,L,"Kr_Luna",190,95.367,0.505,0,71,0,0,0,0,0,0,0,0,0,0,0,0,0,0,0,0,-0.105,-37.399,0,"Ayu_Yua",-0.369,-17.374,0,"Pugeuk",-20.194,-47.114,0,"장덕춘_",-11.888,-65.252,0,"HANA_ARASHI",22.958,-52.332,0,"わだ、、",12.212,-65.05,0,"Apple_Sherbet",45.987,-100.167,0,"하루（Haru）",2.028,-107.988,0,"卯月満開",-43.267,-99.884,0,0,0,0,0,0,"",0,0,0,0,0,0,0,0,0,0
159,7,0,6,7,3,1,1,0,0,0,255,255,255,5,6344.794,"Azuner",R,3,70,114,0.032,-0.349,0.27,1.302,-36.667,0,0,-402.198,0,0,0,0,0,2,1,L,"Kr_Luna",190,95.367,0.505,0,71,0,0,0,0,0,0,0,0,0,0,0,0,0,0,0,0,0.036,-37.824,0,"Ayu_Yua",-0.287,-17.333,100,"Pugeuk",-20.338,-47.051,0,"장덕춘_",-11.87,-65.276,0,"HANA_ARASHI",23.175,-51.643,0,"わだ、、",12.285,-64.842,0,"Apple_Sherbet",46.09,-100.287,0,"하루（Haru）",2.906,-111.586,0,"卯月満開",-37.044,-90.929,0,0,0,0,0,0,"",0,0,0,0,0,0,0,0,0,0
160,7,0,6,7,3,2,1,0,0,0,255,255,255,6,6369.22,"Azuner",R,0,68,122,-1.689,-0.552,-0.121,1.3,-36.742,2,0,0,24.487,0,0,0,1,2,1,L,"Kr_Luna",190,95.367,0.505,3,71,6370.028,156,27,173,118,83,150,130,-30,36.602,0.45,-0.032,-0.016,0.117,0,0.06,-0.15,-37.001,0,"Ayu_Yua",-0.282,-17.673,0,"Pugeuk",-20.334,-47.393,99,"장덕춘_",-13.764,-64.09,0,"HANA_ARASHI",22.511,-51.529,0,"わだ、、",12.37,-65.017,0,"Apple_Sherbet",46.204,-100.169,0,"하루（Haru）",2.017,-113.746,0,"卯月満開",-41.258,-100.193,0,6370.383,-1.128,-21.621,6371.879,2,"Pugeuk",-16.998,-44.399,0,0,0,0,0,0,0,2
161,7,0,6,7,0,0,2,0,0,0,255,255,255,7,6394.715,"Azuner",R,34,72,125,-0.886,-0.23,0.007,1.324,-36.574,0,0,74.529,-13.932,0,-0.542,-17.312,0,3,4,R,"なおｐ--",190,90.37,0.445,0,71,0,0,0,0,0,0,0,0,0,0,0,0,0,0,0,0,-0.005,-37.763,0,"Ayu_Yua",-0.813,-15.247,120,"Pugeuk",-20.255,-48.556,0,"장덕춘_",-13.431,-64.94,0,"HANA_ARASHI",21.844,-53.533,0,"わだ、、",12.125,-65.025,0,"Apple_Sherbet",45.838,-99.627,0,"하루（Haru）",0.547,-111.391,0,"卯月満開",-40.628,-111.87,0,0,0,0,0,0,"",0,0,0,0,0,0,0,0,0,0
162,7,0,6,7,0,1,2,0,0,0,255,255,255,8,6419.094,"Azuner",R,3,70,112,-3.478,-0.598,-0.014,1.26,-36.67,4,0,-500,0,0,0,0,1,3,4,R,"なおｐ--",190,90.37,0.445,0,71,0,0,0,0,0,0,0,0,0,0,0,0,0,0,0,0,-0.136,-37.719,0,"Ayu_Yua",-0.559,-17.077,0,"Pugeuk",-19.836,-49.629,0,"장덕춘_",-13.851,-64.493,0,"HANA_ARASHI",22.269,-53.311,0,"わだ、、",12.158,-65.079,0,"Apple_Sherbet",46.031,-99.713,0,"하루（Haru）",-1.014,-111.034,0,"卯月満開",-42.257,-106.666,0,0,0,0,0,0,"",0,0,0,0,0,0,0,0,0,0
163,7,0,6,7,0,2,2,0,0,0,255,255,255,9,6434.359,"Azuner",R,3,74,116,-3.885,-0.642,-0.06,1.246,-36.679,4,0,-420.774,0,0,0,0,1,3,4,R,"なおｐ--",190,90.37,0.445,0,71,0,0,0,0,0,0,0,0,0,0,0,0,0,0,0,0,-0.025,-37.696,0,"Ayu_Yua",-0.826,-16.839,0,"Pugeuk",-20.234,-48.239,0,"장덕춘_",-13.843,-64.434,0,"HANA_ARASHI",22.042,-52.827,0,"わだ、、",12.174,-65.069,0,"Apple_Sherbet",44.788,-98.699,0,"하루（Haru）",-4.259,-110.079,0,"卯月満開",-42.795,-111.525,0,0,0,0,0,0,"",0,0,0,0,0,0,0,0,0,0
164,8,1,6,7,0,0,0,0,0,0,255,255,255,72,6486.921,"_Chun",L,26,87,140,1.825,1.009,0.147,1.779,-36.563,1,0,80.839,-200,-21.278,0,0,0,4,4,R,"HANA_ARASHI",190,86.084,0.253,0,71,0,0,0,0,0,0,0,0,0,0,0,0,0,0,0,0,0.142,-37.52,0,"Kr_Luna",0.064,-17.498,0,"NABIMan",-21.03,-45.178,0,"오띵__",-13.18,-65.228,0,"なおｐ--",21.666,-48.371,0,"CVPileMaki",13.497,-64.639,0,"SFIDA",33.206,-92.322,0,"Multeinn",-4.108,-110.434,0,"_AKASATA_",-50.369,-93.55,0,0,0,0,0,0,"",0,0,0,0,0,0,0,0,0,0
165,8,1,6,7,1,0,0,0,0,0,255,255,255,73,6500.251,"_Chun",L,26,88,140,2.242,0.375,0.17,1.663,-36.474,1,0,141.867,-177.806,-29.631,0,0,0,4,4,R,"HANA_ARASHI",190,86.084,0.253,0,71,0,0,0,0,0,0,0,0,0,0,0,0,0,0,0,0,0.03,-37.741,0,"Kr_Luna",0.045,-17.492,0,"NABIMan",-21.103,-44.998,0,"오띵__",-13.14,-65.227,0,"なおｐ--",21.438,-49.253,0,"CVPileMaki",13.668,-64.589,0,"SFIDA",33.199,-92.314,0,"Multeinn",-5.02,-110.222,0,"_AKASATA_",-50.599,-93.45,0,0,0,0,0,0,"",0,0,0,0,0,0,0,0,0,0
166,8,1,6,7,2,0,0,0,0,0,255,255,255,74,6514.398,"_Chun",L,26,85,139,2.188,0.862,0.162,1.755,-36.53,4,0,143.671,-182.112,-21.046,0,0,1,4,4,R,"HANA_ARASHI",190,86.084,0.253,0,71,0,0,0,0,0,0,0,0,0,0,0,0,0,0,0,0,0.137,-37.642,0,"Kr_Luna",0.048,-17.482,0,"NABIMan",-20.701,-43.475,0,"오띵__",-13.125,-65.251,0,"なおｐ--",21.463,-49.566,0,"CVPileMaki",13.702,-64.597,0,"SFIDA",33.217,-92.242,0,"Multeinn",-4.412,-111.917,0,"_AKASATA_",-53.089,-96.099,0,0,0,0,0,0,"",0,0,0,0,0,0,0,0,0,0
167,8,1,6,7,2,1,0,0,0,0,255,255,255,75,6532.267,"_Chun",L,27,66,121,1.783,0.527,0.077,1.89,-36.911,2,0,67.934,-138.646,-9.54,0,0,1,4,4,R,"HANA_ARASHI",190,86.084,0.253,3,70,6533.318,201,18,165,112,53,150,89,8.415,30.073,-0.87,0.016,-0.062,0.178,0,0.586,0.118,-36.901,0,"Kr_Luna",0.108,-17.492,0,"NABIMan",-20.857,-44.55,88,"오띵__",-13.17,-65.17,103,"なおｐ--",21.536,-49.667,0,"CVPileMaki",13.956,-64.296,0,"SFIDA",34.723,-95.065,0,"Multeinn",-3.786,-112.621,0,"_AKASATA_",-53.136,-96.122,0,6535.587,-16.781,-56.335,6536.362,3,"오띵__",-18.886,-62.204,0,0,0,0,0,0,0,2
168,8,1,6,7,0,0,1,0,0,0,255,255,255,76,6562.572,"_Chun",L,14,77,116,-1.85,-0.628,0.015,1.7,-36.567,1,0,-373.931,331.927,-18.981,0,0,0,5,0,L,"Azuner",190,84.66,0.398,0,70,0,0,0,0,0,0,0,0,0,0,0,0,0,0,0,0,-0.02,-37.713,0,"Kr_Luna",-0.007,-17.305,0,"NABIMan",-20.588,-44.257,0,"오띵__",-12.96,-65.168,0,"なおｐ--",22.374,-47.83,0,"CVPileMaki",17.314,-62.021,0,"SFIDA",43.864,-94.187,0,"Multeinn",11.697,-112.566,0,"_AKASATA_",-41.889,-105.658,0,0,0,0,0,0,"",0,0,0,0,0,0,0,0,0,0
169,8,1,6,7,1,0,1,0,0,0,255,255,255,77,6580.059,"_Chun",L,13,75,116,1.54,-0.666,0.023,1.627,-36.547,2,0,330.804,321.592,-2.913,0,0,1,5,0,L,"Azuner",190,84.66,0.398,3,70,6581.192,226,20,91,79,49,150,103,-30,-48.531,0.93,-0.046,-0.047,0.177,0,0.295,0.005,-36.947,0,"Kr_Luna",0.188,-17.277,0,"NABIMan",-20.644,-44.199,0,"오띵__",-12.945,-65.393,0,"なおｐ--",22.137,-47.69,0,"CVPileMaki",17.374,-62.149,0,"SFIDA",43.476,-93.731,0,"Multeinn",10.902,-111.981,0,"_AKASATA_",-41.787,-105.66,0,6581.516,1.624,-21.577,0,0,"",0,0,0,0,0,0,0,0,0,3
170,8,1,6,7,1,1,1,0,0,0,255,255,255,78,6603.256,"_Chun",L,29,84,137,3.017,0.091,0.27,1.666,-36.612,4,0,194.874,-141.856,-28.801,0,0,1,5,0,L,"Azuner",190,84.66,0.398,0,89,0,0,0,0,0,0,0,0,0,0,0,0,0,0,0,0,0.239,-37.587,0,"Kr_Luna",0.254,-17.328,0,"NABIMan",-20.261,-44.477,0,"오띵__",-11.071,-65.725,0,"なおｐ--",22.135,-47.535,0,"CVPileMaki",18.429,-61.287,0,"SFIDA",42.553,-88.327,0,"Multeinn",10.632,-107.567,0,"_AKASATA_",-40.787,-103.864,0,0,0,0,0,0,"",0,0,0,0,0,0,0,0,0,0
171,8,1,6,7,1,2,1,0,0,0,255,255,255,79,6623.407,"_Chun",L,26,77,128,-2.702,1.006,-0.282,1.87,-36.689,2,0,75.14,-186.643,-6.485,0,0,1,5,0,L,"Azuner",190,84.66,0.398,3,89,6624.522,92,8,21,44,21,35,48,-47.116,-54.624,-0.44,-0.029,-0.013,0.061,0,0.11,-0.24,-37.041,0,"Kr_Luna",-0.116,-17.361,0,"NABIMan",-20.591,-44.31,0,"오띵__",-12.684,-65.351,0,"なおｐ--",22.322,-47.797,0,"CVPileMaki",18.582,-61.302,0,"SFIDA",42.577,-88.343,0,"Multeinn",7.887,-108.047,0,"_AKASATA_",-41.436,-103.712,0,6624.933,1.086,-20.435,0,0,"",0,0,0,0,0,0,0,0,0,3
172,8,1,6,7,1,2,1,0,0,0,255,255,255,80,6643.723,"_Chun",L,14,86,126,2.053,-0.486,0.363,1.683,-36.561,1,0,-379.506,325.538,-24.32,0,0,0,5,0,L,"Azuner",190,84.66,0.398,0,89,0,0,0,0,0,0,0,0,0,0,0,0,0,0,0,0,0.379,-37.596,0,"Kr_Luna",0.087,-17.342,0,"NABIMan",-18.981,-40.861,0,"오띵__",-11.37,-65.47,0,"なおｐ--",22.224,-47.62,0,"CVPileMaki",18.819,-60.948,0,"SFIDA",41.994,-86.694,0,"Multeinn",8.671,-112.584,0,"_AKASATA_",-41.889,-102.467,0,0,0,0,0,0,"",0,0,0,0,0,0,0,0,0,0
173,8,1,6,7,2,2,1,0,0,0,255,255,255,81,6659.624,"_Chun",L,26,75,127,1.433,0.26,0.117,1.731,-36.704,2,0,127.089,-198.587,-13.414,0,0,1,5,0,L,"Azuner",190,84.66,0.398,3,89,6660.75,147,16,78,59,42,144,103,105.843,19.396,0.91,-0.02,-0.045,0.212,0,0.125,-0.127,-37.101,0,"Kr_Luna",0.19,-17.363,0,"NABIMan",-20.374,-44.31,0,"오띵__",-11.793,-65.626,0,"なおｐ--",22.235,-48.067,0,"CVPileMaki",18.665,-61.122,0,"SFIDA",41.52,-86.749,0,"Multeinn",9.655,-112.259,0,"_AKASATA_",-41.932,-102.445,0,0,0,0,0,0,"",0,0,0,0,0,0,0,0,0,3
174,8,1,6,7,2,2,1,0,0,0,255,255,255,82,6679.781,"_Chun",L,27,83,135,0.672,1.492,0.044,1.892,-36.545,1,0,62.744,-121.298,-14.702,0,0,0,5,0,L,"Azuner",190,84.66,0.398,0,89,0,0,0,0,0,0,0,0,0,0,0,0,0,0,0,0,0.03,-37.848,0,"Kr_Luna",0.077,-17.229,0,"NABIMan",-19.831,-43.127,0,"오띵__",-13.399,-65.015,0,"なおｐ--",22.215,-48.881,0,"CVPileMaki",18.556,-61.086,0,"SFIDA",40.801,-85.512,0,"Multeinn",9.545,-111.723,0,"_AKASATA_",-42.788,-102.505,0,0,0,0,0,0,"",0,0,0,0,0,0,0,0,0,0
175,8,1,6,7,3,2,1,0,0,0,255,255,255,83,6694.648,"_Chun",L,10,70,114,1.444,-0.054,0.134,1.78,-36.553,0,0,0,400,3.26,0,0,1,5,0,L,"Azuner",190,84.66,0.398,0,89,0,0,0,0,0,0,0,0,0,0,0,0,0,0,0,0,0.115,-37.769,0,"Kr_Luna",0.145,-17.231,0,"NABIMan",-19.703,-42.37,0,"오띵__",-11.492,-65.658,0,"なおｐ--",22.44,-49.1,0,"CVPileMaki",18.746,-60.87,0,"SFIDA",42.444,-87.125,0,"Multeinn",10.701,-111.593,0,"_AKASATA_",-42.717,-102.487,0,0,0,0,0,0,"",0,0,0,0,0,0,0,0,0,0
176,8,1,6,7,0,0,2,0,0,0,255,255,255,84,6725.661,"_Chun",L,6,81,120,0.728,-0.571,0.282,1.587,-36.58,0,0,-469.865,170.959,-30.617,0,0,0,6,8,R,"卯月満開",171.2,90,0.2,0,70,0,0,0,0,0,0,0,0,0,0,0,0,0,0,0,0,0.024,-37.726,0,"Kr_Luna",0.092,-17.273,0,"NABIMan",-20.471,-44.063,0,"오띵__",-13.109,-65.202,0,"なおｐ--",21.712,-48.737,0,"CVPileMaki",8.272,-63.905,0,"SFIDA",27.99,-93.778,0,"Multeinn",-7.415,-110.712,0,"_AKASATA_",-40.921,-90.209,0,0,0,0,0,0,"",0,0,0,0,0,0,0,0,0,0
177,8,1,6,7,0,1,2,0,0,0,255,255,255,85,6742.613,"_Chun",L,29,83,136,1.075,0.199,0.08,1.704,-36.574,2,0,165.836,-159.381,-22.848,0,0,1,6,8,R,"卯月満開",171.2,90,0.2,2,70,6743.515,231,15,92,91,45,150,77,11.505,-28.001,-0.81,-0.155,-0.106,0.132,0,0.215,-0.077,-36.84,0,"Kr_Luna",0.12,-17.27,0,"NABIMan",-20.474,-43.943,0,"오띵__",-13.158,-65.287,0,"なおｐ--",21.246,-50.549,111,"CVPileMaki",9.22,-66.227,0,"SFIDA",27.901,-93.742,0,"Multeinn",-7.629,-111.227,0,"_AKASATA_",-41.966,-92.032,0,6745.658,16.431,-50.947,6745.841,4,"なおｐ--",15.091,-48.442,0,0,0,0,0,0,0,1
178,8,0,6,7,0,0,0,0,0,0,255,255,255,10,6811.089,"Azuner",R,33,72,125,0.585,0.441,0.093,1.431,-36.633,2,0,145.432,-52.055,0,0,0,1,4,5,R,"CVPileMaki",169.8,94,0.399,3,70,6812.134,202,12,81,77,41,150,111,-30,18.175,0.09,0.038,-0.002,0.105,0,0.151,-0.209,-37.201,0,"Ayu_Yua",0.184,-17.334,0,"Pugeuk",-20.259,-51.225,87,"장덕춘_",-12.829,-64.87,96,"HANA_ARASHI",21.657,-51.231,0,"わだ、、",11.923,-64.841,0,"Apple_Sherbet",43.319,-96.972,0,"하루（Haru）",-0.694,-107.412,0,"卯月満開",-43.404,-93.895,0,6812.595,-0.509,-20.19,6814.75,3,"장덕춘_",-14.022,-60.669,0,0,0,0,0,0,0,2
179,8,0,6,7,0,0,1,0,0,0,255,255,255,11,6837.582,"Azuner",R,6,64,111,-1.637,-0.209,-0.203,1.403,-36.83,1,0,355.613,0,0,0,0,0,5,2,L,"NABIMan",190,82,0.5,0,70,0,0,0,0,0,0,0,0,0,0,0,0,0,0,0,0,-0.104,-37.338,0,"Ayu_Yua",-0.245,-17.425,0,"Pugeuk",-20.337,-49.56,0,"장덕춘_",-13.248,-65,0,"HANA_ARASHI",22.861,-50.682,0,"わだ、、",11.773,-64.221,0,"Apple_Sherbet",42.59,-96.557,0,"하루（Haru）",0.143,-112.342,0,"卯月満開",-41.66,-94.481,0,0,0,0,0,0,"",0,0,0,0,0,0,0,0,0,0
180,8,0,6,7,1,0,1,0,0,0,255,255,255,12,6853.442,"Azuner",R,3,71,113,0.918,0.423,0.307,1.426,-36.734,2,0,-443.592,0,0,0,0,1,5,2,L,"NABIMan",190,82,0.5,3,70,6854.423,244,8,79,105,36,150,106,-30,-37.909,0.9,0.131,-0.143,0.289,0,0.687,-0.081,-37.115,0,"Ayu_Yua",0.307,-17.472,0,"Pugeuk",-19.128,-49.664,86,"장덕춘_",-13.302,-64.923,0,"HANA_ARASHI",23.129,-51.618,116,"わだ、、",12.205,-64.452,0,"Apple_Sherbet",42.685,-96.553,0,"하루（Haru）",1.009,-113.142,0,"卯月満開",-37.518,-89.645,0,6854.858,1.334,-19.695,6856.787,4,"HANA_ARASHI",22.112,-46.048,0,0,0,0,0,0,0,2
181,8,0,6,7,0,0,2,0,0,0,255,255,255,13,6880.096,"Azuner",R,33,75,127,1.476,0.669,0.101,1.419,-36.648,1,0,125.567,-44.45,0,0,0,0,6,7,R,"Multeinn",160,90.349,0.501,0,70,0,0,0,0,0,0,0,0,0,0,0,0,0,0,0,0,0.101,-37.929,0,"Ayu_Yua",-0.003,-17.322,0,"Pugeuk",-19.272,-48.063,0,"장덕춘_",-12.943,-65.062,0,"HANA_ARASHI",22.929,-51.366,0,"わだ、、",11.155,-62.727,0,"Apple_Sherbet",44.182,-89.28,0,"하루（Haru）",-0.116,-111.534,0,"卯月満開",-35.585,-87.432,0,0,0,0,0,0,"",0,0,0,0,0,0,0,0,0,0
182,8,0,6,7,1,0,2,0,0,0,255,255,255,14,6895.835,"Azuner",R,33,75,127,1.239,0.566,0.073,1.405,-36.598,0,0,128.657,-44.894,0,0,0,0,6,7,R,"Multeinn",160,90.349,0.501,0,70,0,0,0,0,0,0,0,0,0,0,0,0,0,0,0,0,-0.03,-37.832,0,"Ayu_Yua",-0.075,-17.326,0,"Pugeuk",-19.346,-48.041,0,"장덕춘_",-12.955,-65.071,0,"HANA_ARASHI",22.749,-49.918,0,"わだ、、",11.293,-63.491,0,"Apple_Sherbet",44.065,-89.379,0,"하루（Haru）",-2.743,-111.066,0,"卯月満開",-36.588,-87.782,0,0,0,0,0,0,"",0,0,0,0,0,0,0,0,0,0
183,8,0,6,7,1,1,2,0,0,0,255,255,255,15,6912.927,"Azuner",R,3,75,118,-2.175,0.194,-0.075,1.369,-36.598,1,0,-354.149,0,0,0,0,0,6,7,R,"Multeinn",160,90.349,0.501,0,70,0,0,0,0,0,0,0,0,0,0,0,0,0,0,0,0,-0.064,-37.791,0,"Ayu_Yua",-0.682,-17.407,0,"Pugeuk",-19.321,-47.949,0,"장덕춘_",-12.995,-65.077,0,"HANA_ARASHI",22.923,-50.737,0,"わだ、、",11.347,-63.689,0,"Apple_Sherbet",43.975,-89.444,0,"하루（Haru）",-1.347,-111.59,0,"卯月満開",-34.934,-82.753,0,0,0,0,0,0,"",0,0,0,0,0,0,0,0,0,0
184,8,0,6,7,2,1,2,0,0,0,255,255,255,16,6928.527,"Azuner",R,33,73,126,0.758,-0.244,0.024,1.297,-36.533,0,0,141.673,-34.999,0,0,0,0,6,7,R,"Multeinn",160,90.349,0.501,0,70,0,0,0,0,0,0,0,0,0,0,0,0,0,0,0,0,-0.075,-37.524,0,"Ayu_Yua",-0.135,-17.276,0,"Pugeuk",-20.06,-48.599,0,"장덕춘_",-13.05,-65.031,0,"HANA_ARASHI",22.16,-51.22,0,"わだ、、",11.451,-63.676,0,"Apple_Sherbet",40.239,-92.187,0,"하루（Haru）",-1.661,-112.482,0,"卯月満開",-36.864,-82.413,0,0,0,0,0,0,"",0,0,0,0,0,0,0,0,0,0
185,8,0,6,7,2,2,2,0,0,0,255,255,255,17,6943.675,"Azuner",R,32,76,128,0.717,1.677,0.012,1.555,-36.632,2,0,167.617,-53.95,0,0,0,1,6,7,R,"Multeinn",160,90.349,0.501,2,70,6944.516,255,23,79,94,29,150,78,106.323,51.192,-0.9,-0.079,-0.055,0.165,0,0.379,0.007,-37.243,0,"Ayu_Yua",-0.089,-17.367,0,"Pugeuk",-18.168,-48.983,0,"장덕춘_",-13.003,-65.246,0,"HANA_ARASHI",22.887,-50.585,0,"わだ、、",11.372,-62.887,0,"Apple_Sherbet",40.56,-92.086,0,"하루（Haru）",-0.97,-112.657,0,"卯月満開",-39.022,-84.968,0,0,0,0,0,0,"",0,0,0,0,0,0,0,0,0,3
186,8,0,6,7,2,2,2,0,0,0,255,255,255,18,6970.59,"Azuner",R,0,0,0,0,0,0,0,0,0,0,0,0,0,0,0,1,6,7,R,"Multeinn",160,90.349,0.501,0,70,0,0,0,0,0,0,0,0,0,0,0,0,0,0,0,0,0,0,0,"",0,0,0,"",0,0,0,"",0,0,0,"",0,0,0,"",0,0,0,"",0,0,0,"",0,0,0,"",0,0,0,0,0,0,0,0,"",0,0,0,0,0,0,0,0,0,0
187,9,1,6,7,0,0,0,0,0,0,255,255,255,86,7035.07,"_Chun",L,29,82,134,0.921,-0.011,0.075,1.634,-36.554,0,0,209.832,-120.122,-20.066,0,0,0,7,1,R,"Ayu_Yua",190,89.449,0.449,0,70,0,0,0,0,0,0,0,0,0,0,0,0,0,0,0,0,0.062,-37.601,0,"Kr_Luna",0.03,-17.305,0,"NABIMan",-20.847,-44.488,0,"오띵__",-12.899,-65.289,0,"なおｐ--",20.189,-47.738,0,"CVPileMaki",9.376,-66.119,0,"SFIDA",32.328,-90.292,0,"Multeinn",-11.36,-110.317,0,"_AKASATA_",-40.079,-92.01,0,0,0,0,0,0,"",0,0,0,0,0,0,0,0,0,0
188,9,1,6,7,0,1,0,0,0,0,255,255,255,87,7054.368,"_Chun",L,29,82,134,1.175,-0.006,0.1,1.629,-36.576,2,0,206.814,-174.723,-32.718,0,0,1,7,1,R,"Ayu_Yua",190,89.449,0.449,3,70,7055.532,105,7,26,21,10,45,64,27.38,43.638,0.6,-0.025,-0.001,0.106,0,0.361,0.007,-36.896,0,"Kr_Luna",0.152,-17.317,0,"NABIMan",-20.864,-44.443,99,"오띵__",-13.044,-65.129,0,"なおｐ--",20.521,-49.15,0,"CVPileMaki",8.587,-66.219,0,"SFIDA",32.242,-90.29,0,"Multeinn",-8.389,-110.438,0,"_AKASATA_",-40.152,-92.026,0,7058.771,-27.578,-47.931,7058.958,2,"NABIMan",-25.148,-45.394,0,0,0,0,0,0,0,1
189,9,1,6,7,0,0,1,0,0,0,255,255,255,88,7082.719,"_Chun",L,29,75,127,2.37,0.663,0.216,1.723,-36.561,1,0,194.549,-128.179,-15.741,0,0,0,8,3,R,"장덕춘_",165.3,94.644,0.8,0,70,0,0,0,0,0,0,0,0,0,0,0,0,0,0,0,0,-0.067,-37.441,0,"Kr_Luna",0.102,-17.41,0,"NABIMan",-20.774,-43.776,0,"오띵__",-12.996,-65.233,0,"なおｐ--",20.785,-49.496,0,"CVPileMaki",8.114,-66.513,0,"SFIDA",36.25,-85.456,0,"Multeinn",-1.675,-107.148,0,"_AKASATA_",-41.983,-86.279,0,0,0,0,0,0,"",0,0,0,0,0,0,0,0,0,0
190,9,1,6,7,1,0,1,0,0,0,255,255,255,89,7098.603,"_Chun",L,14,80,118,1.618,0,0.302,1.817,-36.637,2,0,-385.888,317.948,-27.29,0,0,1,8,3,R,"장덕춘_",165.3,94.644,0.8,3,70,7099.539,69,18,35,72,52,79,81,-30,-27.701,0.71,-0.1,-0.042,0.029,0,0.233,0.323,-36.959,0,"Kr_Luna",0.115,-17.424,0,"NABIMan",-20.387,-43.936,98,"오띵__",-13.024,-65.221,0,"なおｐ--",20.759,-49.448,120,"CVPileMaki",7.826,-66.533,0,"SFIDA",37.497,-87.696,0,"Multeinn",-1.158,-106.133,0,"_AKASATA_",-43.552,-88.427,0,7100.062,1.128,-22.718,7101.983,4,"なおｐ--",14.689,-47.981,0,256,0,0,0,0,0,2
191,9,1,6,7,0,0,2,0,0,0,255,255,255,90,7161.54,"_Chun",L,26,78,129,1.364,1.092,0.107,1.838,-36.65,1,0,133.832,-187.361,-18.836,0,0,0,0,7,R,"하루（Haru）",170,80,0.55,0,69,0,0,0,0,0,0,0,0,0,0,0,0,0,0,0,0,-0.01,-37.252,0,"Kr_Luna",0.13,-17.315,0,"NABIMan",-20.665,-44.988,0,"오띵__",-13.197,-65.195,0,"なおｐ--",21.027,-51.282,0,"CVPileMaki",8.076,-66.228,0,"SFIDA",39.823,-93.576,0,"Multeinn",1.202,-113.728,0,"_AKASATA_",-52.172,-91.952,0,0,0,0,0,0,"",0,0,0,0,0,0,0,0,0,0
192,9,1,6,7,1,0,2,0,0,0,255,255,255,91,7177.502,"_Chun",L,14,77,116,0.622,-0.888,0.244,1.654,-36.579,0,0,-390.434,312.348,-43.113,-0.165,-16.911,0,0,7,R,"하루（Haru）",170,80,0.55,0,69,0,0,0,0,0,0,0,0,0,0,0,0,0,0,0,0,0.075,-37.677,0,"Kr_Luna",-0.787,-16.385,0,"NABIMan",-20.202,-44.15,0,"오띵__",-13.218,-65.142,0,"なおｐ--",21.001,-51.267,0,"CVPileMaki",7.799,-66.729,0,"SFIDA",41.734,-95.489,0,"Multeinn",1.863,-111.725,0,"_AKASATA_",-52.148,-91.883,0,0,0,0,0,0,"",0,0,0,0,0,0,0,0,0,0
193,9,1,6,7,1,1,2,0,0,0,255,255,255,92,7199.548,"_Chun",L,14,80,119,-2.741,-1.055,-0.062,1.596,-36.569,1,0,-366.515,340.099,0,0,0,0,0,7,R,"하루（Haru）",170,80,0.55,0,69,0,0,0,0,0,0,0,0,0,0,0,0,0,0,0,0,-0.06,-37.605,0,"Kr_Luna",-0.135,-17.291,0,"NABIMan",-20.448,-43.895,0,"오띵__",-13.653,-64.899,0,"なおｐ--",21.092,-51.365,0,"CVPileMaki",7.01,-67.061,0,"SFIDA",41.648,-95.477,0,"Multeinn",1.694,-111.574,0,"_AKASATA_",-52.358,-91.888,0,0,0,0,0,0,"",0,0,0,0,0,0,0,0,0,0
194,9,1,6,7,2,1,2,0,0,0,255,255,255,93,7218.134,"_Chun",L,29,94,140,2.236,0.269,0.143,1.626,-36.514,1,0,225.254,-195.121,0,0,0,0,0,7,R,"하루（Haru）",170,80,0.55,0,69,0,0,0,0,0,0,0,0,0,0,0,0,0,0,0,0,0.138,-37.549,0,"Kr_Luna",0.085,-17.367,0,"NABIMan",-20.579,-44.027,0,"오띵__",-13.369,-65.1,0,"なおｐ--",21.298,-51.809,0,"CVPileMaki",6.979,-67.074,0,"SFIDA",41.73,-95.527,0,"Multeinn",0.334,-111.42,0,"_AKASATA_",-51.435,-92.122,0,0,0,0,0,0,"",0,0,0,0,0,0,0,0,0,0
195,9,1,6,7,3,1,2,0,0,0,255,255,255,94,7344.14,"_Chun",L,30,81,133,-0.118,-0.695,0.008,1.498,-36.525,0,0,139.121,-134.88,0,0,0,0,0,7,R,"하루（Haru）",170,80,0.55,0,69,0,0,0,0,0,0,0,0,0,0,0,0,0,0,0,0,-0.198,-37.757,0,"Kr_Luna",-0.016,-17.405,0,"NABIMan",-20.777,-43.989,0,"오띵__",-13.276,-65.297,0,"なおｐ--",20.479,-51.869,0,"CVPileMaki",9.753,-65.815,0,"SFIDA",41.732,-92.066,0,"Multeinn",0.197,-107.072,0,"_AKASATA_",-47.506,-90.059,0,0,0,0,0,0,"",0,0,0,0,0,0,0,0,0,0
196,9,1,6,7,3,2,2,0,0,0,255,255,255,95,7365.046,"_Chun",L,10,73,116,0.887,-0.083,0.082,1.765,-36.491,2,0,0,400,0,0,0,1,0,7,R,"하루（Haru）",170,80,0.55,2,69,7366.14,255,18,99,68,39,150,100,-16.964,-0.08,0.02,-0.061,0.014,0.267,0,0.443,0.06,-36.679,95,"Kr_Luna",0.078,-17.368,0,"NABIMan",-20.587,-44.029,119,"오띵__",-13.293,-65.318,0,"なおｐ--",20.883,-51.773,0,"CVPileMaki",12.638,-64.541,0,"SFIDA",40.074,-92.306,0,"Multeinn",1.382,-108.673,0,"_AKASATA_",-47.828,-91.347,0,7366.596,0.164,-23.257,7367.496,0,"_Chun",0.16,-36.823,0,0,0,0,0,0,0,2
