id,inn,half,scoreA,scoreB,ball,strk,out,b1,b2,b3,b1Idx,b2Idx,b3Idx,pCnt,pSec,pName,pHand,pType,pPow,spdK,zoneX,zoneY,startX,startY,zDist,call,balk,sH,sV,gyro,plx,plz,bSwing,bIdx,bPos,bZone,bName,bHCm,batLen,batCen,batType,bFps,hSec,rotS,rotL,shS,lgS,prepS,batSpd,ev,ldeg,sdeg,hPos,hMoveX,hMoveY,stayCon,buntGrip,handDist,PPosX,PPosY,PThrSpd,CName,CPosX,CPosY,CThrSpd,1BName,1BPosX,1BPosY,1BThrSpd,2BName,2BPosX,2BPosY,2BThrSpd,3BName,3BPosX,3BPosY,3BThrSpd,SSName,SSPosX,SSPosY,SSThrSpd,LFName,LFPosX,LFPosY,LFThrSpd,CFName,CFPosX,CFPosY,CFThrSpd,RFName,RFPosX,RFPosY,RFThrSpd,ltSec,lx,lz,cSec,cPos,cPlr,cx,cz,1BSafe,tag,cpSec,sb2Sec,sb3Sec,sbhSec,ass,result
1,1,1,0,0,0,0,0,0,0,0,255,255,255,0,1561.341,"Apple_Sherbet",R,41,48,92,0.917,0.366,0.383,1.721,-36.773,0,0,13.188,-77.952,0.235,0,0,0,0,5,L,"ʚEveɞ",165.1,85,0.347,0,85,0,0,0,0,0,0,0,0,0,0,0,0,0,0,0,0,0.296,-37.493,0,"Ayu_Yua",0.048,-17.507,0,"Pugeuk",-17.508,-50.543,0,"장덕춘_",-12.709,-64.595,0,"bdg06213",21.689,-49.688,0,"わだ、、",12.737,-64.303,0,"Azuner",43.348,-88.513,0,"하루（Haru）",1.911,-109.869,0,"AI",-35.7,-81.8,0,0,0,0,0,0,"",0,0,0,0,0,0,0,0,0,0
2,1,1,0,0,0,1,0,0,0,0,255,255,255,1,1592.682,"Apple_Sherbet",R,0,42,88,0.644,1.387,0.376,1.985,-36.829,2,0,3.827,33.629,11.908,0,0,0,0,5,L,"ʚEveɞ",165.1,85,0.347,3,85,1593.983,255,16,118,51,23,150,122,28.721,5.068,0.63,0.05,-0.02,0.447,0,0.346,0.195,-37.21,0,"Ayu_Yua",-0.009,-17.531,0,"Pugeuk",-17.759,-48.926,0,"장덕춘_",-13.586,-64.399,86,"bdg06213",21.468,-49.607,0,"わだ、、",12.953,-65.048,0,"Azuner",43.341,-88.48,0,"하루（Haru）",1.931,-109.916,97,"AI",-35.7,-81.8,0,1600.044,1.667,-132.673,1601.265,7,"하루（Haru）",2.086,-131.855,1,0,0,0,0,0,0,2
3,1,1,0,0,0,0,0,0,1,0,255,5,255,2,1630.976,"Apple_Sherbet",R,32,79,130,2.906,2.55,0.33,1.957,-37.288,3,0,250,-200,9.813,0,0,0,1,4,R,"Megu3568",175.3,86,0.404,0,108,0,0,0,0,0,0,0,0,0,0,0,0,0,0,0,0,0.312,-37.106,0,"Ayu_Yua",0.087,-17.456,0,"Pugeuk",-20.567,-49.794,0,"장덕춘_",-13.608,-64.353,0,"bdg06213",21.282,-48.293,0,"わだ、、",6.108,-61.459,0,"Azuner",40.041,-91.645,0,"하루（Haru）",-0.457,-116.662,0,"AI",-35.7,-81.8,0,0,0,0,0,0,"",0,0,0,0,0,0,0,0,0,6
4,1,1,0,0,0,0,0,1,1,0,4,5,255,3,1660.276,"Apple_Sherbet",R,32,106,140,0.157,-0.438,0.252,1.563,-36.595,0,0,250,-200,68.693,-0.292,-17.515,0,2,7,R,"Gonyong",170.2,80,0.2,0,107,0,0,0,0,0,0,0,0,0,0,0,0,0,0,0,0,0.064,-37.733,0,"Ayu_Yua",-0.041,-17.523,0,"Pugeuk",-19.841,-50.313,0,"장덕춘_",-13.719,-64.53,0,"bdg06213",20.652,-49.234,0,"わだ、、",8.135,-61.769,0,"Azuner",39.781,-91.993,0,"하루（Haru）",-0.201,-114.674,0,"AI",-35.7,-81.8,0,0,0,0,0,0,"",0,0,0,0,0,0,0,0,0,0
5,1,1,0,0,0,1,0,1,1,0,4,5,255,4,1678.619,"Apple_Sherbet",R,14,48,96,-1.928,3.583,-0.007,2.144,-37.4,1,0,287.932,375.701,-8.106,0,0,0,2,7,R,"Gonyong",170.2,80,0.2,0,107,0,0,0,0,0,0,0,0,0,0,0,0,0,0,0,0,0.131,-37.467,0,"Ayu_Yua",-0.216,-17.421,0,"Pugeuk",-19.605,-49.176,0,"장덕춘_",-13.777,-64.397,0,"bdg06213",20.287,-48.857,0,"わだ、、",6.402,-62.158,0,"Azuner",39.668,-91.452,0,"하루（Haru）",0.117,-113.174,0,"AI",-35.7,-81.8,0,0,0,0,0,0,"",0,0,0,0,0,0,0,0,0,0
6,1,1,0,0,1,1,0,1,1,0,4,5,255,5,1696.157,"Apple_Sherbet",R,14,68,98,1.499,0.37,0.237,2.002,-36.91,2,0,318.296,349.797,-36.242,0,0,1,2,7,R,"Gonyong",170.2,80,0.2,3,107,1697.25,119,18,51,60,25,134,81,18.304,15.031,-0.6,0.03,-0.033,0.017,0.048,0.336,0.012,-37.248,0,"Ayu_Yua",0.064,-17.566,0,"Pugeuk",-20.217,-50.806,0,"장덕춘_",-13.692,-64.376,89,"bdg06213",21.082,-49.446,0,"わだ、、",7.775,-62.508,48,"Azuner",39.637,-91.512,0,"하루（Haru）",-0.675,-111.272,0,"AI",-35.7,-81.8,0,0,0,0,1700.157,3,"장덕춘_",-10.026,-62.404,0,0,0,0,0,0,0,1
7,1,1,0,0,0,0,2,1,0,0,4,255,255,6,1726.963,"Apple_Sherbet",R,32,78,129,-0.856,0.456,0.27,1.75,-36.7,2,0,250,-200,42.666,0,0,1,3,1,L,"Pring__",180,94.516,0.485,3,106,1727.792,163,17,99,87,57,150,117,28.916,-25.462,0.78,-0.025,-0.036,0.238,0,0.36,0.305,-37.296,0,"Ayu_Yua",-0.177,-17.513,120,"Pugeuk",-18.522,-48.76,0,"장덕춘_",-13.569,-64.634,0,"bdg06213",23.356,-52.6,98,"わだ、、",8.518,-62.201,0,"Azuner",43.799,-88.945,88,"하루（Haru）",0.949,-109.687,0,"AI",-35.703,-81.802,0,1733.411,58.119,-109.28,1734.811,6,"Azuner",56.589,-110.156,1,0,0,0,0,0,0,2
8,1,1,1,0,0,0,2,0,1,0,255,1,255,7,1766.059,"Apple_Sherbet",R,14,61,93,1.512,-0.42,0.306,1.75,-36.691,2,0,330.095,312.348,25.444,0,0,1,4,2,R,"인생최패망자",190,80,0.401,3,105,1767.318,231,15,136,119,77,150,129,26.528,-7.306,0.25,0.039,-0.009,0.084,0,0.293,0.056,-37.091,0,"Ayu_Yua",-0.07,-17.37,0,"Pugeuk",-19.568,-49.876,0,"장덕춘_",-13.722,-64.736,85,"bdg06213",21.064,-53.813,0,"わだ、、",8.986,-62.073,0,"Azuner",39.893,-91.974,0,"하루（Haru）",2.188,-108.923,99,"AI",-35.701,-81.801,0,1772.823,-2.234,-133.201,1773.815,7,"하루（Haru）",-2.68,-129.554,1,0,0,0,0,0,0,2
9,1,1,2,0,0,0,2,0,1,0,255,2,255,8,1800.252,"Apple_Sherbet",R,32,85,138,0.651,-0.332,0.295,1.572,-36.628,0,0,250,-200,24.96,0.511,-17.318,0,5,0,R,"とりらむ",174.9,89.612,0.65,0,104,0,0,0,0,0,0,0,0,0,0,0,0,0,0,0,0,0.063,-37.841,0,"Ayu_Yua",0.09,-17.51,0,"Pugeuk",-19.458,-49.136,0,"장덕춘_",-13.529,-64.334,0,"bdg06213",22.807,-52.942,0,"わだ、、",9.39,-63.371,0,"Azuner",39.521,-90.545,0,"하루（Haru）",-1.151,-110.686,0,"AI",-35.7,-81.8,0,0,0,0,0,0,"",0,0,0,0,0,0,0,0,0,0
10,1,1,2,0,0,1,2,0,1,0,255,2,255,9,1862.153,"Apple_Sherbet",R,26,46,106,1.206,0.809,0.37,1.76,-36.555,2,0,17.032,-166.918,7.382,0,0,1,5,0,R,"とりらむ",174.9,89.612,0.65,3,104,1863.36,232,9,124,105,20,150,85,99.764,-32.808,-0.82,-0.042,-0.086,0.215,0,0.676,0.22,-37.069,0,"Ayu_Yua",0.032,-17.35,0,"Pugeuk",-19.744,-48.302,0,"장덕춘_",-13.53,-64.622,0,"bdg06213",22.783,-53.094,0,"わだ、、",10.723,-62.531,0,"Azuner",39.191,-90.626,0,"하루（Haru）",-0.953,-107.337,0,"卯月満開",-44.872,-94.963,0,0,0,0,1869.882,1,"Ayu_Yua",-10.035,-5.391,0,0,0,0,0,0,0,1
11,1,0,2,0,0,0,0,0,0,0,255,255,255,0,2041.294,"とりらむ",R,0,91,140,0.577,-0.465,0.099,1.352,-36.329,0,0,0,0,0,0,0,1,0,0,R,"Apple_Sherbet",176,86.926,0.301,0,77,0,0,0,0,0,0,0,0,0,0,0,0,0,0,0,0,0.075,-37.21,0,"Pring__",0.006,-17.191,0,"인생최패망자",-20.616,-46.575,0,"Fresh825",-13.477,-63.418,0,"Megu3568",14.765,-43.602,0,"ʚEveɞ",9.426,-65.082,0,"IbikiKai_JP",45.258,-95.198,0,"Gonyong",-1.579,-110.911,0,"SOM_candy",-39.477,-84.489,0,0,0,0,0,0,"",0,0,0,0,0,0,0,0,0,0
12,1,0,2,0,0,1,0,0,0,0,255,255,255,1,2060.807,"とりらむ",R,5,84,117,-1.177,-0.7,0.157,1.439,-36.487,0,0,-142.277,0,-9.368,0,0,1,0,0,R,"Apple_Sherbet",176,86.926,0.301,0,77,0,0,0,0,0,0,0,0,0,0,0,0,0,0,0,0,-0.102,-37.035,0,"Pring__",-0.289,-16.983,0,"인생최패망자",-20.964,-45.562,0,"Fresh825",-13.426,-63.383,0,"Megu3568",16.574,-44.692,0,"ʚEveɞ",9.749,-64.586,0,"IbikiKai_JP",45.423,-95.203,0,"Gonyong",-1.026,-112.323,0,"SOM_candy",-41.812,-83.69,0,0,0,0,0,0,"",0,0,0,0,0,0,0,0,0,0
13,1,0,2,0,0,2,0,0,0,0,255,255,255,2,2078.297,"とりらむ",R,0,86,140,-0.103,0.106,0.119,1.705,-36.505,2,0,0,0,0,0,0,1,0,0,R,"Apple_Sherbet",176,86.926,0.301,3,77,2079.233,255,29,135,75,42,150,97,56.456,46.272,-0.23,-0.022,-0.041,0.241,0,0.295,-0.13,-37.064,0,"Pring__",0.02,-16.828,0,"인생최패망자",-22.252,-47.349,103,"Fresh825",-13.37,-63.422,86,"Megu3568",17.838,-45.752,0,"ʚEveɞ",9.761,-64.681,0,"IbikiKai_JP",45.205,-95.291,0,"Gonyong",-1.014,-112.456,0,"SOM_candy",-43.418,-83.854,108,2085.107,-52.609,-65.048,2085.278,8,"SOM_candy",-51.338,-63.969,0,0,0,0,0,0,0,1
14,1,0,2,0,0,0,1,0,0,0,255,255,255,3,2110.104,"とりらむ",R,0,80,131,2.81,1.02,0.234,1.695,-36.601,2,0,0,0,0,0,0,1,1,2,R,"Pugeuk",190,86.326,0.404,3,99,2111.14,129,2,94,45,13,140,94,-30.856,39.507,-0.52,0.016,-0.01,0.086,0,0.714,-0.176,-37.167,0,"Pring__",0.053,-16.837,0,"인생최패망자",-21.904,-47.797,87,"Fresh825",-14.43,-62.935,0,"Megu3568",18.446,-46.333,0,"ʚEveɞ",9.251,-66.223,0,"IbikiKai_JP",36.536,-91.839,0,"Gonyong",0.458,-112.13,0,"SOM_candy",-43.337,-85.142,0,2111.398,-1.365,-21.495,2113.053,2,"인생최패망자",-18.402,-42.013,0,0,0,0,0,0,0,2
15,1,0,2,0,0,0,2,0,0,0,255,255,255,4,2132.833,"とりらむ",R,3,84,111,-1.322,0.099,0.208,1.488,-36.491,0,0,-400.024,14.906,-23.613,0,0,0,2,7,L,"하루（Haru）",164.7,80,0.55,0,99,0,0,0,0,0,0,0,0,0,0,0,0,0,0,0,0,0.07,-37.753,0,"Pring__",-0.053,-16.804,111,"인생최패망자",-19.271,-48.557,0,"Fresh825",-12.232,-65.58,0,"Megu3568",19.698,-46.696,0,"ʚEveɞ",14.622,-63.461,0,"IbikiKai_JP",43.984,-88.95,0,"Gonyong",7.285,-111.554,0,"SOM_candy",-36.271,-94.249,0,0,0,0,0,0,"",0,0,0,0,0,0,0,0,0,0
16,1,0,2,0,0,1,2,0,0,0,255,255,255,5,2148.243,"とりらむ",R,10,87,113,-0.785,-1.727,0.003,1.456,-36.325,4,0,0,400,14.615,0,0,1,2,7,L,"하루（Haru）",164.7,80,0.55,0,99,0,0,0,0,0,0,0,0,0,0,0,0,0,0,0,0,0.168,-37.322,0,"Pring__",-0.035,-16.849,0,"인생최패망자",-19.372,-48.635,0,"Fresh825",-11.168,-66.023,0,"Megu3568",19.654,-46.71,0,"ʚEveɞ",14.604,-63.491,0,"IbikiKai_JP",43.979,-88.954,0,"Gonyong",7.178,-111.34,0,"SOM_candy",-35.915,-93.406,0,0,0,0,0,0,"",0,0,0,0,0,0,0,0,0,0
17,1,0,2,0,0,2,2,0,0,0,255,255,255,6,2165.406,"とりらむ",R,0,89,140,-0.644,0.648,-0.156,1.443,-36.268,0,0,0,0,0,0,0,1,2,7,L,"하루（Haru）",164.7,80,0.55,0,98,0,0,0,0,0,0,0,0,0,0,0,0,0,0,0,0,0.008,-37.339,0,"Pring__",-0.095,-16.836,0,"인생최패망자",-18.655,-45.684,0,"Fresh825",-11.074,-66.004,0,"Megu3568",18.828,-44.989,0,"ʚEveɞ",14.48,-63.455,0,"IbikiKai_JP",43.969,-88.927,0,"Gonyong",7.181,-111.502,0,"SOM_candy",-35.72,-91.986,0,0,0,0,0,0,"",0,0,0,0,0,0,0,0,0,0
18,2,1,2,0,0,0,0,0,0,0,255,255,255,10,2233.976,"Apple_Sherbet",R,38,34,86,0.466,0.117,0.326,1.688,-36.783,0,0,4.121,-44.245,-0.188,0,0,1,6,8,L,"SOM_candy",175.1,89.547,0.503,0,53,0,0,0,0,0,0,0,0,0,0,0,0,0,0,0,0,0.154,-37.412,0,"Ayu_Yua",-0.039,-17.022,0,"Pugeuk",-19.906,-50.342,0,"장덕춘_",-13.611,-64.739,0,"bdg06213",22.52,-50.116,0,"わだ、、",12.319,-64.52,0,"Azuner",43.894,-89.436,0,"하루（Haru）",-0.573,-111.571,0,"卯月満開",-44.385,-93.362,0,0,0,0,0,0,"",0,0,0,0,0,0,0,0,0,0
19,2,1,2,0,0,1,0,0,0,0,255,255,255,11,2247.628,"Apple_Sherbet",R,38,29,84,0.083,0.15,0.281,1.706,-36.742,2,0,-6.533,-28.988,-1.199,0,0,1,6,8,L,"SOM_candy",175.1,89.547,0.503,3,53,2248.953,247,13,77,96,57,150,117,25.819,-5.884,0.21,-0.06,0.061,0.02,0,0.178,0.182,-37.121,0,"Ayu_Yua",-0.075,-17.098,0,"Pugeuk",-19.836,-50.33,0,"장덕춘_",-13.725,-64.614,86,"bdg06213",23.121,-50.242,0,"わだ、、",11.937,-64.038,0,"Azuner",43.113,-90.066,0,"하루（Haru）",2.531,-111.502,0,"卯月満開",-42.507,-93.915,0,2253.319,8.947,-113.963,2253.511,7,"하루（Haru）",8.73,-111.121,0,0,0,0,0,0,0,1
20,2,1,2,0,0,0,1,0,0,0,255,255,255,12,2272.632,"Apple_Sherbet",R,10,77,118,-0.118,-0.547,0.297,1.725,-36.775,0,0,-133.963,400,7.603,0,0,0,7,6,L,"IbikiKai_JP",170.1,90.478,0.5,0,97,0,0,0,0,0,0,0,0,0,0,0,0,0,0,0,0,0.156,-37.734,0,"Ayu_Yua",-0.05,-17.015,0,"Pugeuk",-19.236,-46.803,0,"장덕춘_",-13.163,-64.39,0,"bdg06213",22.853,-51.063,0,"わだ、、",11.892,-63.923,0,"Azuner",43.21,-89.164,0,"하루（Haru）",1.79,-111.947,0,"卯月満開",-40.654,-92.632,0,0,0,0,0,0,"",0,0,0,0,0,0,0,0,0,0
21,2,1,2,0,0,1,1,0,0,0,255,255,255,13,2285.115,"Apple_Sherbet",R,14,62,93,3.644,-1.981,0.484,1.456,-36.764,1,0,314.388,334.249,23.433,0.748,-19.136,0,7,6,L,"IbikiKai_JP",170.1,90.478,0.5,0,97,0,0,0,0,0,0,0,0,0,0,0,0,0,0,0,0,0.221,-37.586,0,"Ayu_Yua",0.291,-17.076,0,"Pugeuk",-19.042,-46.932,0,"장덕춘_",-13.641,-64.657,0,"bdg06213",22.787,-51.224,0,"わだ、、",11.918,-63.974,0,"Azuner",42.981,-89.487,0,"하루（Haru）",4.997,-112.383,0,"卯月満開",-39.52,-94.132,0,0,0,0,0,0,"",0,0,0,0,0,0,0,0,0,0
22,2,1,2,0,1,1,1,0,0,0,255,255,255,14,2297.376,"Apple_Sherbet",R,26,83,136,0.824,1.02,0.23,1.674,-36.665,2,0,160.851,-200,25.435,0,0,1,7,6,L,"IbikiKai_JP",170.1,90.478,0.5,3,97,2298.446,255,13,99,85,41,150,84,24.23,-12.778,-0.79,-0.023,-0.065,0.123,0,0.143,0.123,-37.29,108,"Ayu_Yua",-0.002,-17.133,0,"Pugeuk",-18.545,-49.541,87,"장덕춘_",-13.697,-64.674,85,"bdg06213",22.573,-51.071,0,"わだ、、",11.947,-64.102,0,"Azuner",42.931,-89.549,101,"하루（Haru）",2.44,-112.401,0,"卯月満開",-40.063,-94.515,0,2302.849,21.694,-83.767,2303.798,6,"Azuner",24.011,-89.987,1,0,0,0,0,0,0,2
23,2,1,2,0,0,0,1,1,0,0,6,255,255,15,2340.402,"Apple_Sherbet",R,3,57,90,-0.505,0.466,0.465,1.736,-36.736,0,0,-409.091,0,3.319,0,0,0,8,3,L,"Fresh825",172.6,80,0.2,0,96,0,0,0,0,0,0,0,0,0,0,0,0,0,0,0,0,0.132,-37.408,0,"Ayu_Yua",-0.227,-17.047,0,"Pugeuk",-20.088,-46.683,0,"장덕춘_",-13.272,-64.37,0,"bdg06213",23.41,-52.671,0,"わだ、、",8.512,-61.248,0,"Azuner",43.879,-89.582,0,"하루（Haru）",2.12,-111.016,0,"卯月満開",-38.03,-93.478,0,0,0,0,0,0,"",0,0,0,0,0,0,0,0,0,0
24,2,1,2,0,0,1,1,1,0,0,6,255,255,16,2354.33,"Apple_Sherbet",R,14,59,91,3.036,-1.062,0.441,1.612,-36.637,4,0,322.996,312.348,22.688,0,0,1,8,3,L,"Fresh825",172.6,80,0.2,0,96,0,0,0,0,0,0,0,0,0,0,0,0,0,0,0,0,0.339,-37.515,0,"Ayu_Yua",0.191,-17.118,0,"Pugeuk",-21.175,-46.273,0,"장덕춘_",-13.431,-64.386,0,"bdg06213",23.462,-52.66,0,"わだ、、",5.908,-60.39,0,"Azuner",43.67,-89.801,0,"하루（Haru）",1.669,-111.524,0,"卯月満開",-43.002,-95.653,0,0,0,0,0,0,"",0,0,0,0,0,0,0,0,0,0
25,2,1,2,0,0,2,1,1,0,0,6,255,255,17,2372.209,"Apple_Sherbet",R,32,88,140,2.272,-1.09,0.409,1.497,-36.531,4,0,250,-200,37.12,0.674,-14.243,1,8,3,L,"Fresh825",172.6,80,0.2,0,96,0,0,0,0,0,0,0,0,0,0,0,0,0,0,0,0,0.252,-37.646,0,"Ayu_Yua",0.455,-17.052,0,"Pugeuk",-19.766,-46.046,0,"장덕춘_",-13.502,-64.516,0,"bdg06213",23.433,-52.684,0,"わだ、、",6.02,-60.765,0,"Azuner",43.689,-89.855,0,"하루（Haru）",2.052,-111.884,0,"卯月満開",-43.037,-95.602,0,0,0,0,0,0,"",0,0,0,0,0,0,0,0,0,0
26,2,1,2,0,0,0,2,1,0,0,6,255,255,18,2397.345,"Apple_Sherbet",R,13,62,93,-1.169,-0.604,0.306,1.67,-36.665,2,0,-330.095,312.348,72.451,0,0,1,0,5,L,"ʚEveɞ",165.1,85,0.347,3,95,2398.511,255,20,86,76,30,150,93,-41.18,39.292,-0.23,0.062,-0.018,0.341,0,0.461,-0.075,-37.18,0,"Ayu_Yua",0.002,-17.125,0,"Pugeuk",-19.076,-46.885,0,"장덕춘_",-13.542,-64.51,0,"bdg06213",22.865,-51.201,0,"わだ、、",10.491,-63.393,0,"Azuner",42.958,-89.69,0,"하루（Haru）",0.854,-110.768,0,"卯月満開",-41.788,-93.388,0,2398.761,-0.667,-21.145,2400.711,2,"Pugeuk",-17.826,-42.131,0,0,0,0,0,0,0,2
27,2,0,2,0,0,0,0,0,0,0,255,255,255,7,2450.628,"とりらむ",R,10,87,128,1.286,-0.393,0.061,1.499,-36.303,2,0,0,400,28.135,0,0,1,3,4,R,"bdg06213",190,80,0.25,2,95,2451.708,165,18,110,122,49,150,100,61.352,50.435,-0.35,-0.007,-0.004,0.083,0,0.377,0.069,-36.935,0,"Pring__",0.058,-16.998,0,"인생최패망자",-23.516,-51.327,0,"Fresh825",-15.777,-62.46,0,"Megu3568",18.445,-47.074,0,"ʚEveɞ",8.313,-66.76,0,"IbikiKai_JP",44.967,-93.376,0,"Gonyong",0.108,-116.144,0,"SOM_candy",-45.611,-87.365,107,2457.794,-52.751,-66.605,2458.015,8,"SOM_candy",-51.88,-65.835,0,0,0,0,0,0,0,1
28,2,0,2,0,0,0,1,0,0,0,255,255,255,8,2481.317,"とりらむ",R,0,89,140,1.291,0.71,0.118,1.203,-36.241,2,0,0,0,0,0,0,1,4,3,R,"장덕춘_",164.8,94.644,0.8,3,94,2482.085,155,18,107,102,61,150,82,58.261,11.508,-0.8,-0.04,0.003,0.068,0,0.161,0.239,-36.832,93,"Pring__",0.072,-16.851,0,"인생최패망자",-22.385,-48.284,0,"Fresh825",-17.084,-62.153,85,"Megu3568",19.109,-46.379,0,"ʚEveɞ",8.653,-66.589,88,"IbikiKai_JP",38.713,-91.248,0,"Gonyong",-6.282,-116.483,0,"SOM_candy",-43.357,-87.872,0,2488.011,-10.454,-60.369,2488.148,3,"Fresh825",-10.196,-59.401,0,0,0,0,0,0,0,1
29,2,0,2,0,0,0,2,0,0,0,255,255,255,9,2536.868,"とりらむ",R,13,87,111,-1.317,-0.843,-0.019,1.075,-36.353,0,0,-386.664,317.004,-46.332,0,0,1,5,6,L,"Azuner",175.332,84.66,0.398,0,94,0,0,0,0,0,0,0,0,0,0,0,0,0,0,0,0,-0.036,-36.979,0,"Pring__",-0.054,-16.818,0,"인생최패망자",-19.475,-49.528,0,"Fresh825",-12.529,-65.271,0,"Megu3568",19.368,-46.629,0,"ʚEveɞ",14.774,-63.503,0,"IbikiKai_JP",55.198,-94.921,0,"Gonyong",8.665,-115.676,0,"SOM_candy",-40.761,-94.105,0,0,0,0,0,0,"",0,0,0,0,0,0,0,0,0,0
30,2,0,2,0,0,1,2,0,0,0,255,255,255,10,2553.796,"とりらむ",R,0,83,136,-0.702,0.131,0.048,1.595,-36.414,0,0,0,0,0,0,0,0,5,6,L,"Azuner",175.332,84.66,0.398,0,94,0,0,0,0,0,0,0,0,0,0,0,0,0,0,0,0,0.047,-37.132,0,"Pring__",-0.004,-16.748,0,"인생최패망자",-19.672,-49.098,0,"Fresh825",-12.538,-65.311,0,"Megu3568",19.302,-46.627,0,"ʚEveɞ",14.749,-63.492,0,"IbikiKai_JP",55.201,-94.501,0,"Gonyong",7.085,-114.723,0,"SOM_candy",-41.133,-94.241,0,0,0,0,0,0,"",0,0,0,0,0,0,0,0,0,0
31,2,0,2,0,0,2,2,0,0,0,255,255,255,11,2568.663,"とりらむ",R,10,85,127,2.191,-1.099,0.246,1.616,-36.497,1,0,0,400,10.418,0.442,-16.674,0,5,6,L,"Azuner",175.332,84.66,0.398,0,94,0,0,0,0,0,0,0,0,0,0,0,0,0,0,0,0,0.17,-37.328,0,"Pring__",0.195,-16.993,0,"인생최패망자",-19.951,-48.946,0,"Fresh825",-12.51,-65.318,0,"Megu3568",19.342,-46.639,0,"ʚEveɞ",14.775,-63.521,0,"IbikiKai_JP",52.933,-84.958,0,"Gonyong",7.13,-114.749,0,"SOM_candy",-40.791,-93.53,0,0,0,0,0,0,"",0,0,0,0,0,0,0,0,0,0
32,2,0,2,0,1,2,2,0,0,0,255,255,255,12,2581.667,"とりらむ",R,0,86,140,-0.76,1.23,-0.074,1.629,-36.416,2,0,0,0,0,0,0,1,5,6,L,"Azuner",175.332,84.66,0.398,3,94,2582.779,218,14,96,49,34,150,99,58.228,-14.371,-0.2,-0.07,-0.001,0.277,0,0.179,0.028,-36.82,0,"Pring__",-0.08,-16.842,0,"인생최패망자",-20.236,-49.609,0,"Fresh825",-12.539,-65.255,0,"Megu3568",19.217,-46.454,0,"ʚEveɞ",15.033,-63.379,0,"IbikiKai_JP",52.952,-84.987,0,"Gonyong",7.096,-114.74,0,"SOM_candy",-38.834,-92.32,0,2589.403,11.506,-74.49,2589.599,3,"Fresh825",11.415,-74.045,0,0,0,0,0,0,0,1
33,3,1,2,0,0,0,0,0,0,0,255,255,255,19,2636.575,"Apple_Sherbet",R,41,50,94,0.287,0.189,0.321,1.687,-36.661,2,0,-24.528,-78.452,3.833,0,0,0,1,4,R,"Megu3568",175.3,86,0.404,3,92,2637.869,255,21,183,111,55,150,107,-16.732,11.22,0.91,0.014,0.068,0.425,0,0.506,0.092,-37.002,0,"Ayu_Yua",-0.098,-17.385,0,"Pugeuk",-21.745,-50.991,94,"장덕춘_",-13.709,-64.459,99,"bdg06213",22.828,-52.53,0,"わだ、、",11.874,-64.581,0,"Azuner",39.455,-90.709,0,"하루（Haru）",-2.834,-110.372,0,"卯月満開",-47.002,-100.002,0,2638.069,-0.679,-22.153,2640.14,3,"장덕춘_",-8.577,-62.404,0,0,0,0,0,0,0,2
34,3,1,2,0,0,0,1,0,0,0,255,255,255,20,2659.556,"Apple_Sherbet",R,38,42,89,0.488,0.224,0.334,1.723,-36.773,0,0,-2.313,-25.107,-2.884,0,0,1,2,7,R,"Gonyong",170.2,80,0.2,0,92,0,0,0,0,0,0,0,0,0,0,0,0,0,0,0,0,0.555,-37.402,0,"Ayu_Yua",-0.023,-17.325,0,"Pugeuk",-20.882,-49.691,0,"장덕춘_",-14.02,-64.474,0,"bdg06213",21.686,-52.527,0,"わだ、、",12.618,-64.349,0,"Azuner",39.53,-90.722,0,"하루（Haru）",-0.638,-110.889,0,"卯月満開",-41.853,-94.598,0,0,0,0,0,0,"",0,0,0,0,0,0,0,0,0,0
35,3,1,2,0,0,1,1,0,0,0,255,255,255,21,2675.22,"Apple_Sherbet",R,13,74,114,-2.924,-2.097,0.13,1.478,-36.562,1,0,-377.998,327.288,44.228,0,0,0,2,7,R,"Gonyong",170.2,80,0.2,0,92,0,0,0,0,0,0,0,0,0,0,0,0,0,0,0,0,0.126,-37.781,0,"Ayu_Yua",-0.44,-17.334,0,"Pugeuk",-20.818,-49.526,0,"장덕춘_",-13.995,-64.532,0,"bdg06213",23.29,-53.595,0,"わだ、、",12.804,-64.534,0,"Azuner",39.071,-90.916,0,"하루（Haru）",-1.264,-111.277,0,"卯月満開",-41.855,-94.618,0,0,0,0,0,0,"",0,0,0,0,0,0,0,0,0,0
36,3,1,2,0,1,1,1,0,0,0,255,255,255,22,2689.741,"Apple_Sherbet",R,41,41,88,1.132,0.819,0.436,1.777,-36.73,0,0,-17.817,-55.224,2.741,0,0,0,2,7,R,"Gonyong",170.2,80,0.2,0,92,0,0,0,0,0,0,0,0,0,0,0,0,0,0,0,0,0.339,-37.483,0,"Ayu_Yua",-0.035,-17.358,0,"Pugeuk",-21.049,-48.898,0,"장덕춘_",-14.072,-64.494,0,"bdg06213",23.141,-53.751,0,"わだ、、",12.8,-64.524,0,"Azuner",39.08,-90.861,0,"하루（Haru）",-1.305,-110.693,0,"卯月満開",-41.833,-94.584,0,0,0,0,0,0,"",0,0,0,0,0,0,0,0,0,0
37,3,1,2,0,1,2,1,0,0,0,255,255,255,23,2704.585,"Apple_Sherbet",R,26,84,137,1.87,1.049,0.414,1.739,-36.715,4,0,83.533,-200,25.004,0.591,-17.907,1,2,7,R,"Gonyong",170.2,80,0.2,0,92,0,0,0,0,0,0,0,0,0,0,0,0,0,0,0,0,0.15,-38.107,0,"Ayu_Yua",0.149,-17.293,0,"Pugeuk",-20.873,-48.249,107,"장덕춘_",-13.739,-63.953,0,"bdg06213",21.749,-53.355,0,"わだ、、",12.601,-64.321,0,"Azuner",39.166,-90.85,0,"하루（Haru）",-1.659,-110.303,0,"卯月満開",-43.552,-92.315,0,0,0,0,0,0,"",0,0,0,0,0,0,0,0,0,0
38,3,1,2,0,0,0,2,0,0,0,255,255,255,24,2728.974,"Apple_Sherbet",R,41,51,95,0.055,0.29,0.299,1.712,-36.601,2,0,-38.102,-82.591,-1.641,0,0,1,3,1,L,"Pring__",180,94.516,0.485,3,91,2729.913,175,18,94,95,72,150,123,33.249,-23.602,0.24,0.017,-0.068,0.079,0,0.376,-0.029,-36.829,0,"Ayu_Yua",0.005,-17.248,0,"Pugeuk",-20.418,-49.144,0,"장덕춘_",-13.911,-64.615,0,"bdg06213",23.078,-53.604,0,"わだ、、",12.742,-64.182,87,"Azuner",45.22,-90.76,88,"하루（Haru）",0.785,-111.709,0,"卯月満開",-44.764,-98.669,0,2736.14,43.289,-122.522,2737.386,6,"Azuner",41.225,-118.198,1,0,0,0,0,0,0,2
39,3,1,2,0,0,0,2,0,1,0,255,1,255,25,2764.281,"Apple_Sherbet",R,3,52,88,-1.877,0.019,0.369,1.642,-36.694,2,0,-341.805,0,-5.94,0,0,1,4,2,R,"인생최패망자",190,80,0.401,3,91,2765.559,169,14,79,99,74,150,125,30.846,2.751,0.75,-0.017,-0.035,0.051,0,0.371,-0.129,-37.159,0,"Ayu_Yua",-0.065,-17.233,0,"Pugeuk",-19.661,-48.053,0,"장덕춘_",-13.709,-64.306,0,"bdg06213",21.459,-51.771,0,"わだ、、",9.409,-61.337,85,"Azuner",39.482,-90.683,0,"하루（Haru）",-1.04,-111.879,0,"卯月満開",-46.356,-99.587,94,2771.699,-14.17,-133.969,2774.953,8,"卯月満開",-16.147,-125.058,1,0,0,0,0,0,0,2
40,3,1,3,0,0,0,2,0,1,0,255,2,255,26,2798.037,"Apple_Sherbet",R,3,58,94,-1.133,-0.386,0.404,1.594,-36.751,0,0,-265.769,0,-9.851,0,0,1,5,0,R,"とりらむ",174.9,89.612,0.65,0,91,0,0,0,0,0,0,0,0,0,0,0,0,0,0,0,0,0.19,-37.645,0,"Ayu_Yua",-0.292,-17.238,0,"Pugeuk",-19.893,-48.459,0,"장덕춘_",-13.697,-64.693,0,"bdg06213",21.225,-51.538,0,"わだ、、",6.783,-61.684,0,"Azuner",39.075,-90.476,0,"하루（Haru）",-0.072,-117.928,0,"卯月満開",-42.061,-94.806,0,0,0,0,0,0,"",0,0,0,0,0,0,0,0,0,0
41,3,1,3,0,0,1,2,0,1,0,255,2,255,27,2812.447,"Apple_Sherbet",R,32,80,132,-0.665,-0.313,0.273,1.62,-36.615,0,0,250,-200,9.537,0,0,1,5,0,R,"とりらむ",174.9,89.612,0.65,0,91,0,0,0,0,0,0,0,0,0,0,0,0,0,0,0,0,0.435,-37.736,0,"Ayu_Yua",-0.242,-17.313,0,"Pugeuk",-20.274,-49.213,0,"장덕춘_",-13.691,-64.405,0,"bdg06213",21.364,-52.586,0,"わだ、、",7.181,-62.591,0,"Azuner",38.838,-90.668,0,"하루（Haru）",0.493,-117.765,0,"卯月満開",-42.107,-94.909,0,0,0,0,0,0,"",0,0,0,0,0,0,0,0,0,0
42,3,1,3,0,0,2,2,0,1,0,255,2,255,28,2826.553,"Apple_Sherbet",R,13,72,101,-2.963,-1.749,0.241,1.516,-36.672,4,0,-358.49,312.348,9.825,-0.724,-18.497,1,5,0,R,"とりらむ",174.9,89.612,0.65,0,91,0,0,0,0,0,0,0,0,0,0,0,0,0,0,0,0,0.071,-37.651,0,"Ayu_Yua",-0.663,-17.448,0,"Pugeuk",-20.07,-48.643,0,"장덕춘_",-13.677,-64.454,0,"bdg06213",20.817,-52.913,0,"わだ、、",6.095,-61.869,0,"Azuner",39.007,-90.522,0,"하루（Haru）",0.423,-116.803,0,"卯月満開",-42.137,-94.899,0,0,0,0,0,0,"",0,0,0,0,0,0,0,0,0,0
43,3,0,3,0,0,0,0,0,0,0,255,255,255,13,2890.05,"とりらむ",R,10,73,116,1.631,-0.791,0.343,1.778,-36.636,4,0,0,400,1.634,0,0,1,6,5,L,"わだ、、",174.9,85,0.53,0,90,0,0,0,0,0,0,0,0,0,0,0,0,0,0,0,0,0.318,-37.364,0,"Pring__",0.039,-16.865,0,"인생최패망자",-19.211,-49.386,0,"Fresh825",-11.453,-65.017,0,"Megu3568",19.185,-45.815,0,"ʚEveɞ",14.377,-63.201,0,"IbikiKai_JP",43.422,-91.95,0,"Gonyong",4.214,-110.851,0,"SOM_candy",-38.199,-88.746,0,0,0,0,0,0,"",0,0,0,0,0,0,0,0,0,0
44,3,0,3,0,0,1,0,0,0,0,255,255,255,14,2905.154,"とりらむ",R,0,84,121,2.658,0.61,0.471,1.546,-36.552,2,0,0,0,0,0,0,1,6,5,L,"わだ、、",174.9,85,0.53,3,90,2906.272,255,13,88,77,31,150,118,26.527,-32.78,0.75,0.002,0.003,0.167,0,0.566,0.365,-37.097,0,"Pring__",0.035,-16.806,0,"인생최패망자",-18.55,-49.478,0,"Fresh825",-9.814,-65.941,0,"Megu3568",19.048,-45.651,0,"ʚEveɞ",14.695,-64.271,0,"IbikiKai_JP",43.272,-91.921,96,"Gonyong",4.197,-110.74,0,"SOM_candy",-40.101,-91.733,0,2911.724,51.033,-115.651,2913.27,6,"IbikiKai_JP",50.731,-114.393,1,0,0,0,0,0,0,2
45,3,0,3,0,0,0,0,0,1,0,255,14,255,15,2944.984,"とりらむ",R,0,92,140,1.952,0.257,0.202,1.457,-36.339,4,0,0,0,0,0,0,1,7,1,R,"Ayu_Yua",190,89.449,0.449,0,89,0,0,0,0,0,0,0,0,0,0,0,0,0,0,0,0,0.003,-37.404,0,"Pring__",0.101,-16.871,0,"인생최패망자",-20.966,-45.955,0,"Fresh825",-14.962,-63.618,0,"Megu3568",19.077,-43.523,0,"ʚEveɞ",10.97,-65.619,0,"IbikiKai_JP",48.131,-98.095,0,"Gonyong",-1.947,-117.545,0,"SOM_candy",-42.135,-86.235,0,0,0,0,0,0,"",0,0,0,0,0,0,0,0,0,0
46,3,0,3,0,0,1,0,0,1,0,255,14,255,16,2959.412,"とりらむ",R,0,88,140,2.461,-0.17,0.314,1.364,-36.394,2,0,0,0,0,0,0,1,7,1,R,"Ayu_Yua",190,89.449,0.449,3,89,2960.507,92,5,57,52,26,124,126,-30,21.365,0.52,0.011,-0.004,0.055,0,0.179,-0.198,-36.945,0,"Pring__",0.067,-16.824,0,"인생최패망자",-22.038,-47.857,120,"Fresh825",-14.923,-63.526,94,"Megu3568",17.751,-45.452,91,"ʚEveɞ",10.944,-65.548,0,"IbikiKai_JP",44.554,-97.154,0,"Gonyong",-1.983,-117.555,0,"SOM_candy",-42.531,-88.147,0,2960.74,-0.036,-19.682,2962.495,3,"Fresh825",-15.11,-57.827,0,0,0,0,0,0,0,2
47,3,0,3,0,0,0,1,0,0,1,255,255,14,17,2992.666,"とりらむ",R,3,85,110,0.257,-0.392,0.307,1.159,-36.336,0,0,-499.304,26.367,-55.043,0,0,0,8,8,R,"卯月満開",171,90,0.2,0,89,0,0,0,0,0,0,0,0,0,0,0,0,0,0,0,0,-0.136,-37.967,0,"Pring__",0.048,-16.859,0,"인생최패망자",-21.9,-47.788,0,"Fresh825",-14.544,-63.398,0,"Megu3568",18.566,-41.615,0,"ʚEveɞ",9.035,-65.633,0,"IbikiKai_JP",44.771,-92.64,0,"Gonyong",-7.646,-104.971,0,"SOM_candy",-42.099,-87.805,0,0,0,0,0,0,"",0,0,0,0,0,0,0,0,0,0
48,3,0,3,0,0,1,1,0,0,1,255,255,14,18,3012.299,"とりらむ",R,0,0,0,0,0,0,0,0,0,0,0,0,0,0,0,1,8,8,R,"卯月満開",171,90,0.2,2,89,3013.205,186,4,109,88,38,150,117,-30,-36.068,0.58,-0.15,-0.085,0.097,0,0.23,0.322,-36.726,0,"Pring__",0.078,-16.907,0,"인생최패망자",-22.47,-48.127,0,"Fresh825",-14.515,-63.34,0,"Megu3568",17.671,-44.207,107,"ʚEveɞ",8.787,-65.224,0,"IbikiKai_JP",44.621,-92.75,0,"Gonyong",-7.627,-105.028,0,"SOM_candy",-42.143,-88.743,0,3013.411,1.127,-20.366,3017.903,2,"인생최패망자",-17.491,-39.809,0,0,0,0,0,0,0,0
49,3,0,3,1,0,1,1,0,0,0,255,255,255,18,3123.13,"とりらむ",R,0,0,0,0,0,0,0,0,0,0,0,0,0,0,0,1,8,8,R,"卯月満開",171,90,0.2,2,45,3124.071,104,13,143,60,39,139,79,16.022,-28.773,-0.68,-0.127,-0.079,0.119,0,0.216,0.299,-36.875,0,"Pring__",0.028,-16.73,0,"인생최패망자",-22.814,-48.532,0,"Fresh825",-13.079,-63.451,0,"Megu3568",17.997,-44.62,0,"ʚEveɞ",13.473,-64.335,0,"IbikiKai_JP",40.233,-93.863,0,"Gonyong",0.224,-107.649,0,"SOM_candy",-40.616,-86.531,0,3124.857,0.01,-19.894,0,0,"",0,0,0,0,0,0,0,0,0,3
50,3,0,3,1,0,2,1,0,0,0,255,255,255,19,3144.764,"とりらむ",R,3,80,108,-2.774,-0.735,0.204,1.518,-36.407,4,0,-401.625,0,-18.067,0,0,1,8,8,R,"卯月満開",171,90,0.2,0,45,0,0,0,0,0,0,0,0,0,0,0,0,0,0,0,0,-0.61,-36.715,0,"Pring__",-0.714,-17.423,0,"인생최패망자",-21.379,-46.108,98,"Fresh825",-14.343,-64.026,0,"Megu3568",17.339,-41.213,0,"ʚEveɞ",11.189,-65.387,0,"IbikiKai_JP",37.16,-94.008,0,"Gonyong",0.444,-111.844,0,"SOM_candy",-42.294,-88.787,0,0,0,0,3146.898,0,"とりらむ",-0.623,-17.452,0,0,0,0,0,0,0,0
51,3,0,3,1,0,0,2,0,0,0,255,255,255,20,3172.343,"とりらむ",R,10,90,128,1.919,-0.577,-0.014,1.101,-36.155,2,0,0,400,65.589,0,0,1,0,0,R,"Apple_Sherbet",176,86.926,0.301,3,87,3173.293,255,16,145,95,61,150,84,-6.45,-5.192,-0.89,-0.058,-0.039,0.205,0,0.278,-0.417,-36.92,0,"Pring__",0.087,-16.939,0,"인생최패망자",-23.943,-50.374,0,"Fresh825",-14.419,-64.085,0,"Megu3568",17.591,-44.466,0,"ʚEveɞ",12.237,-62.855,95,"IbikiKai_JP",41.627,-91.414,0,"Gonyong",0.202,-113.039,0,"SOM_candy",-43.904,-89.289,0,3173.686,0.854,-24.741,3175.84,5,"ʚEveɞ",6.345,-57.699,0,0,0,0,0,0,0,2
52,4,1,3,1,0,0,0,0,0,0,255,255,255,29,3220.045,"Apple_Sherbet",R,0,27,83,0.069,-0.153,0.322,1.555,-36.759,2,0,0,0,-3.261,0,0,1,6,8,L,"SOM_candy",175.1,89.547,0.503,3,87,3221.381,3,2,16,13,23,3,26,8.869,-37.888,0.33,0.032,-0.019,0.016,1,0.458,0.176,-37.201,0,"Ayu_Yua",0.001,-17.006,0,"Pugeuk",-19.06,-49.361,85,"장덕춘_",-13.577,-64.7,0,"bdg06213",22.949,-51.436,0,"わだ、、",12.067,-64.797,0,"Azuner",41.239,-89.379,0,"하루（Haru）",-0.397,-106.742,0,"卯月満開",-40.334,-94.733,0,3222.444,3.804,-25.303,3224.453,0,"Apple_Sherbet",8.843,-31.296,1,64,0,0,0,0,0,2
53,4,1,3,1,0,0,0,1,0,0,8,255,255,30,3276.525,"Apple_Sherbet",R,26,81,132,-0.256,0.899,0.279,1.714,-36.711,2,0,127.519,-200,-15.625,0,0,1,7,6,L,"IbikiKai_JP",170.1,90.478,0.5,3,87,3277.585,255,19,103,83,42,150,126,29.13,3.505,0.34,-0.023,-0.053,0.13,0,0.187,0.345,-37.44,0,"Ayu_Yua",-0.026,-17.063,0,"Pugeuk",-18.228,-46.043,0,"장덕춘_",-13.65,-64.577,0,"bdg06213",21.333,-49.7,0,"わだ、、",9.962,-61.877,55,"Azuner",41.686,-88.305,0,"하루（Haru）",4.685,-105.695,0,"卯月満開",-36.301,-85.384,0,3282.974,-12.631,-130.621,3285.303,7,"하루（Haru）",-15.99,-126.354,1,0,0,0,0,0,0,2
54,4,1,3,1,0,0,0,0,1,1,255,6,8,31,3312.86,"Apple_Sherbet",R,3,60,91,-0.781,0.685,0.436,1.702,-36.764,0,0,-413.636,0,2.329,0,0,0,8,3,L,"Fresh825",172.6,80,0.2,0,86,0,0,0,0,0,0,0,0,0,0,0,0,0,0,0,0,0.208,-37.575,0,"Ayu_Yua",-0.371,-16.934,0,"Pugeuk",-18.695,-46.768,0,"장덕춘_",-13.606,-64.718,0,"bdg06213",22.007,-48.681,0,"わだ、、",7.338,-60.47,0,"Azuner",42.14,-91.087,0,"하루（Haru）",4.545,-118.792,0,"卯月満開",-41.868,-97.282,0,0,0,0,0,0,"",0,0,0,0,0,0,0,0,0,0
55,4,1,3,1,0,1,0,0,1,1,255,6,8,32,3329.599,"Apple_Sherbet",R,3,58,90,2.373,0.465,0.7,1.739,-37.049,1,0,-409.091,0,0.684,0.113,-17.188,0,8,3,L,"Fresh825",172.6,80,0.2,0,86,0,0,0,0,0,0,0,0,0,0,0,0,0,0,0,0,0.115,-37.321,0,"Ayu_Yua",0.031,-17.08,0,"Pugeuk",-18.962,-48.071,0,"장덕춘_",-13.584,-64.769,0,"bdg06213",22.494,-49.498,0,"わだ、、",8.154,-60.607,0,"Azuner",42.484,-90.862,0,"하루（Haru）",4.624,-116.047,0,"卯月満開",-41.061,-94.471,0,0,0,0,0,0,"",0,0,0,0,0,0,0,0,0,0
56,4,1,3,1,1,1,0,0,1,1,255,6,8,33,3348.803,"Apple_Sherbet",R,14,55,88,2.942,0.067,0.401,1.913,-36.836,2,0,292.04,341.67,10.983,0,0,1,8,3,L,"Fresh825",172.6,80,0.2,3,86,3350.005,229,23,144,136,65,150,77,-30,-40.771,0.96,0.02,-0.034,0.056,0,0.1,0.301,-37.262,0,"Ayu_Yua",0.063,-17.128,0,"Pugeuk",-19.022,-47.593,88,"장덕춘_",-13.615,-64.637,0,"bdg06213",22.862,-52.66,99,"わだ、、",9.571,-62.257,0,"Azuner",42.425,-90.853,0,"하루（Haru）",2.684,-115.464,0,"卯月満開",-41.638,-96.129,0,3350.303,2.001,-23.072,3352.578,4,"bdg06213",22.085,-46.666,1,0,0,0,0,0,0,2
57,4,1,3,1,0,0,0,1,1,1,3,6,8,34,3380.775,"Apple_Sherbet",R,3,58,91,-1.131,0.756,0.407,1.787,-36.762,2,0,-390.824,0,0.116,0,0,0,0,5,L,"ʚEveɞ",165.1,85,0.347,3,86,3382.124,255,26,108,67,44,150,83,49.627,-31.669,-0.76,0.061,0.006,0.333,0,0.534,-0.023,-37.227,0,"Ayu_Yua",-0.02,-17.253,0,"Pugeuk",-18.973,-47.488,0,"장덕춘_",-13.671,-64.585,0,"bdg06213",21.868,-50.426,0,"わだ、、",9.672,-62.883,51,"Azuner",42.157,-89.774,103,"하루（Haru）",2.037,-116.543,0,"卯月満開",-42.752,-97.49,0,3387.478,33.13,-65.925,3391.465,6,"Azuner",44.986,-78.851,1,128,0,0,0,0,0,2
58,4,1,4,1,0,0,2,0,1,0,255,255,255,35,3743.445,"Apple_Sherbet",R,3,52,87,0.294,0.041,0.591,1.643,-36.771,2,0,-354.2,0.369,10.941,0,0,0,1,4,R,"Megu3568",175.3,86,0.404,3,84,3744.779,255,21,112,110,39,150,130,100.28,-37.723,0.49,0.013,0.01,0.229,0,0.616,0.137,-37.255,0,"Ayu_Yua",0.004,-17.179,0,"Pugeuk",-19.004,-48.691,0,"장덕춘_",-13.522,-64.83,0,"bdg06213",23.648,-53.712,0,"わだ、、",10.55,-63.575,0,"Azuner",38.443,-89.595,0,"하루（Haru）",0.172,-110.177,0,"卯月満開",-44.102,-100.801,0,0,0,0,0,0,"",0,0,0,0,0,0,0,0,0,3
59,4,1,4,1,0,1,2,0,1,0,255,255,255,36,3765.77,"Apple_Sherbet",R,14,52,86,2.022,0.6,0.237,2.032,-36.901,2,0,305.099,312.587,6.404,0,0,0,1,4,R,"Megu3568",175.3,86,0.404,3,81,3767.128,247,11,150,88,60,150,88,14.825,5.67,-0.68,0.002,0.044,0.326,0,0.504,0.196,-37.272,0,"Ayu_Yua",-0.059,-17.434,0,"Pugeuk",-20.035,-48.325,0,"장덕춘_",-13.526,-64.236,0,"bdg06213",22.723,-52.437,0,"わだ、、",10.288,-63.484,85,"Azuner",38.791,-90.852,0,"하루（Haru）",-2.106,-112.613,0,"卯月満開",-44.257,-104.833,0,3770.648,-7.224,-81.534,3772.14,7,"하루（Haru）",-9.218,-95.972,1,0,0,0,0,0,0,2
60,4,1,4,1,0,0,2,1,0,1,4,255,3,37,3800.338,"Apple_Sherbet",R,32,70,124,3.95,2.109,0.509,1.91,-36.927,3,0,250,-200,-12.625,-0.008,-20.161,0,2,7,R,"Gonyong",170.2,80,0.2,0,83,0,0,0,0,0,0,0,0,0,0,0,0,0,0,0,0,0.324,-37.286,0,"Ayu_Yua",0.203,-17.248,0,"Pugeuk",-19.541,-43.977,0,"장덕춘_",-4.943,-62.625,0,"bdg06213",20.874,-49.765,0,"わだ、、",7.443,-61.617,0,"Azuner",38.007,-91.112,0,"하루（Haru）",-0.777,-113.585,0,"卯月満開",-46.149,-102.99,0,0,0,0,0,0,"",0,0,0,0,0,0,0,0,0,6
61,4,1,4,1,0,0,2,1,1,1,7,4,3,38,3837.458,"Apple_Sherbet",R,14,55,88,3.056,-0.75,0.401,1.875,-36.844,4,0,284.356,351.652,0.068,0,0,1,3,1,L,"Pring__",180,94.516,0.485,0,83,0,0,0,0,0,0,0,0,0,0,0,0,0,0,0,0,0.185,-37.556,0,"Ayu_Yua",0.355,-17.221,0,"Pugeuk",-20.488,-47.101,0,"장덕춘_",-13.67,-64.477,0,"bdg06213",22.434,-50.582,0,"わだ、、",10.899,-63.968,0,"Azuner",46.699,-94.454,0,"하루（Haru）",1.991,-118.122,0,"卯月満開",-43.184,-100.557,0,0,0,0,0,0,"",0,0,0,0,0,0,0,0,0,0
62,4,1,4,1,0,1,2,1,1,1,7,4,3,39,3855.43,"Apple_Sherbet",R,3,60,94,-0.503,0.344,0.48,1.677,-36.718,2,0,-345.076,0,7.122,0,0,1,3,1,L,"Pring__",180,94.516,0.485,3,83,3856.413,187,20,60,89,93,140,102,33.531,9.515,0.04,-0.012,-0.029,0.094,0,0.472,0.041,-37.211,0,"Ayu_Yua",-0.009,-17.225,0,"Pugeuk",-18.845,-47.811,0,"장덕춘_",-13.761,-64.458,0,"bdg06213",22.501,-53.629,0,"わだ、、",11.378,-63.654,0,"Azuner",46.25,-94.767,0,"하루（Haru）",5.956,-118.06,0,"卯月満開",-43.13,-100.728,0,3861.957,-5.332,-103.6,3862.011,7,"하루（Haru）",-5.255,-101.258,0,0,0,0,0,0,0,1
63,4,0,4,1,0,0,0,0,0,0,255,255,255,21,3911.358,"とりらむ",R,0,89,140,1.632,-0.175,0.088,1.235,-36.235,1,0,0,0,0,0,0,0,1,2,R,"Pugeuk",190,86.326,0.404,0,82,0,0,0,0,0,0,0,0,0,0,0,0,0,0,0,0,0.05,-37.598,0,"Pring__",0.092,-17.103,0,"인생최패망자",-22.935,-49.265,0,"Fresh825",-14.84,-64.07,0,"Megu3568",18.232,-45.181,0,"ʚEveɞ",10.548,-65.28,0,"IbikiKai_JP",42.62,-95.607,0,"Gonyong",-0.24,-121.058,0,"SOM_candy",-46.279,-90.925,0,0,0,0,0,0,"",0,0,0,0,0,0,0,0,0,0
64,4,0,4,1,1,0,0,0,0,0,255,255,255,22,3926.728,"とりらむ",R,0,93,140,1.371,-0.124,0.051,1.183,-36.215,0,0,0,0,0,0,0,0,1,2,R,"Pugeuk",190,86.326,0.404,0,82,0,0,0,0,0,0,0,0,0,0,0,0,0,0,0,0,0.004,-36.986,0,"Pring__",0.051,-17.072,0,"인생최패망자",-22.838,-48.852,0,"Fresh825",-14.132,-64.162,0,"Megu3568",18.273,-45.182,0,"ʚEveɞ",11.096,-65.155,0,"IbikiKai_JP",41.391,-96.126,0,"Gonyong",0.28,-115.344,0,"SOM_candy",-45.019,-88.465,0,0,0,0,0,0,"",0,0,0,0,0,0,0,0,0,0
65,4,0,4,1,1,1,0,0,0,0,255,255,255,23,3943.942,"とりらむ",R,5,79,114,-0.918,-0.5,0.26,1.41,-36.348,0,0,-106.331,0,-17.43,0,0,1,1,2,R,"Pugeuk",190,86.326,0.404,0,82,0,0,0,0,0,0,0,0,0,0,0,0,0,0,0,0,0.039,-37.687,0,"Pring__",-0.207,-16.936,0,"인생최패망자",-22.114,-47.934,0,"Fresh825",-13.963,-64.217,0,"Megu3568",18.276,-45.202,0,"ʚEveɞ",11.096,-65.119,0,"IbikiKai_JP",41.061,-96.25,0,"Gonyong",0.253,-115.35,0,"SOM_candy",-44.461,-87.858,0,0,0,0,0,0,"",0,0,0,0,0,0,0,0,0,0
66,4,0,4,1,2,2,0,0,0,0,255,255,255,24,3982.812,"とりらむ",R,0,75,127,2.1,1.749,0.358,1.855,-36.727,2,0,0,0,0,0,0,1,1,2,R,"Pugeuk",190,86.326,0.404,3,82,3983.916,135,2,142,43,22,145,102,5.373,-43.927,-0.27,0.063,0.026,0.232,0,0.517,0.215,-36.964,0,"Pring__",0.067,-16.891,0,"인생최패망자",-22.994,-48.989,0,"Fresh825",-14.267,-64.455,0,"Megu3568",18.002,-45.66,0,"ʚEveɞ",11.062,-65.126,0,"IbikiKai_JP",41.702,-94.47,0,"Gonyong",0.22,-115.209,0,"SOM_candy",-46.189,-90.514,0,3985.332,20.292,-42.492,3985.582,4,"Megu3568",19.878,-41.99,0,0,0,0,0,0,0,1
67,4,0,4,1,0,0,1,0,0,0,255,255,255,25,4011.574,"とりらむ",R,3,84,109,-0.31,0.29,0.457,1.468,-36.523,2,0,-494.103,0,-30.148,0,0,1,2,7,L,"하루（Haru）",164.7,80,0.55,2,82,4012.645,255,17,95,74,41,150,101,114.826,51.803,0.06,0.036,-0.026,0.148,0,0.429,0.306,-36.788,0,"Pring__",0.076,-16.912,0,"인생최패망자",-20.698,-50.506,0,"Fresh825",-10.779,-66.313,0,"Megu3568",18.974,-46.733,0,"ʚEveɞ",15.074,-63.618,0,"IbikiKai_JP",46.996,-90.334,0,"Gonyong",7.97,-114.367,0,"SOM_candy",-40.017,-90.958,0,0,0,0,0,0,"",0,0,0,0,0,0,0,0,0,3
68,4,0,4,1,0,1,1,0,0,0,255,255,255,26,4034.15,"とりらむ",R,10,94,128,1.775,-1.857,0.066,1.338,-36.202,1,0,10.201,400,36.229,0,0,0,2,7,L,"하루（Haru）",164.7,80,0.55,0,82,0,0,0,0,0,0,0,0,0,0,0,0,0,0,0,0,0.13,-37.342,0,"Pring__",0.088,-16.829,0,"인생최패망자",-19.842,-48.361,0,"Fresh825",-10.544,-66.104,0,"Megu3568",20.039,-46.226,0,"ʚEveɞ",15.607,-63.605,0,"IbikiKai_JP",50.362,-88.505,0,"Gonyong",7.36,-112.934,0,"SOM_candy",-40.018,-87.14,0,0,0,0,0,0,"",0,0,0,0,0,0,0,0,0,0
69,4,0,4,1,1,1,1,0,0,0,255,255,255,27,4051.567,"とりらむ",R,0,77,128,-0.507,0.63,0.062,1.678,-36.435,0,0,0,0,0,0,0,1,2,7,L,"하루（Haru）",164.7,80,0.55,0,82,0,0,0,0,0,0,0,0,0,0,0,0,0,0,0,0,0.235,-37.118,0,"Pring__",-0.046,-16.797,0,"인생최패망자",-19.643,-47.257,0,"Fresh825",-10.53,-66.005,0,"Megu3568",19.965,-46.348,0,"ʚEveɞ",15.569,-63.609,0,"IbikiKai_JP",50.442,-88.502,0,"Gonyong",7.372,-113.145,0,"SOM_candy",-40.207,-87.827,0,0,0,0,0,0,"",0,0,0,0,0,0,0,0,0,0
70,4,0,4,1,1,2,1,0,0,0,255,255,255,28,4089.035,"とりらむ",R,0,80,131,-1.249,1.121,0.099,1.748,-36.526,0,0,0,0,0,0,0,1,2,7,L,"하루（Haru）",164.7,80,0.55,0,46,0,0,0,0,0,0,0,0,0,0,0,0,0,0,0,0,0.163,-36.902,0,"Pring__",-0.071,-16.805,0,"인생최패망자",-20.274,-48.02,0,"Fresh825",-10.476,-66.071,0,"Megu3568",19.469,-45.054,0,"ʚEveɞ",15.818,-63.469,0,"IbikiKai_JP",50.623,-88.645,0,"Gonyong",7.387,-113.054,0,"SOM_candy",-41.478,-88.021,0,0,0,0,0,0,"",0,0,0,0,0,0,0,0,0,0
71,4,0,4,1,0,0,2,0,0,0,255,255,255,29,4112.908,"とりらむ",R,0,87,140,1.56,0.359,0.045,1.092,-36.113,4,0,0,0,0,0,0,1,3,4,R,"bdg06213",190,80,0.25,0,81,0,0,0,0,0,0,0,0,0,0,0,0,0,0,0,0,-0.326,-37.995,0,"Pring__",0.049,-16.907,0,"인생최패망자",-23.03,-49.643,0,"Fresh825",-14.696,-63.79,0,"Megu3568",18.951,-46.118,0,"ʚEveɞ",11.452,-65.56,0,"IbikiKai_JP",47.961,-91.93,0,"Gonyong",7.368,-112.953,0,"SOM_candy",-44.396,-88.993,0,0,0,0,0,0,"",0,0,0,0,0,0,0,0,0,0
72,4,0,4,1,0,1,2,0,0,0,255,255,255,30,4131.895,"とりらむ",R,3,86,110,-0.222,0.552,0.347,1.43,-36.355,0,0,-500,0,-21.634,0,0,0,3,4,R,"bdg06213",190,80,0.25,0,81,0,0,0,0,0,0,0,0,0,0,0,0,0,0,0,0,0.094,-36.93,0,"Pring__",0.025,-16.886,0,"인생최패망자",-23.088,-49.594,0,"Fresh825",-14.614,-63.844,0,"Megu3568",19.003,-46.209,0,"ʚEveɞ",11.487,-65.568,0,"IbikiKai_JP",48.03,-91.889,0,"Gonyong",1.221,-111.699,0,"SOM_candy",-50.129,-96.225,0,0,0,0,0,0,"",0,0,0,0,0,0,0,0,0,0
73,4,0,4,1,0,2,2,0,0,0,255,255,255,31,4149.648,"とりらむ",R,0,90,140,1.234,-0.002,-0.004,0.978,-36.216,0,0,0,0,0,0,0,0,3,4,R,"bdg06213",190,80,0.25,0,81,0,0,0,0,0,0,0,0,0,0,0,0,0,0,0,0,0.377,-37.259,0,"Pring__",0.01,-16.969,0,"인생최패망자",-22.189,-48.312,0,"Fresh825",-14.788,-63.75,0,"Megu3568",17.3,-43.045,0,"ʚEveɞ",11.466,-65.564,0,"IbikiKai_JP",48.086,-91.891,0,"Gonyong",1.215,-111.557,0,"SOM_candy",-48.916,-95.202,0,0,0,0,0,0,"",0,0,0,0,0,0,0,0,0,0
74,5,1,4,1,0,0,0,0,0,0,255,255,255,40,4196.901,"Apple_Sherbet",R,10,38,81,0.21,0.162,0.352,2.05,-36.936,2,0,0,400,7.089,0,0,0,4,2,R,"인생최패망자",190,80,0.401,3,88,4198.326,254,15,111,112,69,150,130,26.286,-37.658,0.5,0.026,-0.025,0.069,0,0.319,0.225,-37.297,0,"Ayu_Yua",-0.105,-17.18,0,"Pugeuk",-20.155,-50.205,0,"장덕춘_",-13.917,-64.451,0,"bdg06213",24.122,-52.983,0,"わだ、、",11.648,-64.939,0,"Azuner",36.801,-91.649,0,"하루（Haru）",-1.1,-115.991,0,"卯月満開",-40.499,-105.73,0,4203.982,69.646,-121.713,0,0,"",0,0,0,0,0,0,0,0,0,4
75,5,1,5,1,0,0,0,0,0,0,255,255,255,41,4236.276,"Apple_Sherbet",R,26,77,116,1.45,1.616,0.357,1.879,-36.723,1,0,193.696,-200,-16.946,0,0,0,5,0,R,"とりらむ",174.9,89.612,0.65,0,38,0,0,0,0,0,0,0,0,0,0,0,0,0,0,0,0,0.246,-37.239,0,"Ayu_Yua",0.111,-17.092,0,"Pugeuk",-20.608,-48.766,0,"장덕춘_",-13.627,-64.62,0,"bdg06213",24.923,-52.687,0,"わだ、、",12.194,-64.845,0,"Azuner",36.976,-91.141,0,"하루（Haru）",0.924,-116.486,0,"卯月満開",-40.397,-100.976,0,0,0,0,0,0,"",0,0,0,0,0,0,0,0,0,0
76,5,1,5,1,1,0,0,0,0,0,255,255,255,42,4249.444,"Apple_Sherbet",R,14,67,109,1.891,-1.174,0.299,1.61,-36.602,1,0,386.885,312.348,57.308,0.746,-17.122,0,5,0,R,"とりらむ",174.9,89.612,0.65,0,38,0,0,0,0,0,0,0,0,0,0,0,0,0,0,0,0,0.301,-37.48,0,"Ayu_Yua",0.234,-17.205,0,"Pugeuk",-19.854,-48.306,0,"장덕춘_",-13.671,-64.587,0,"bdg06213",23.306,-51.485,0,"わだ、、",11.512,-65.215,0,"Azuner",37.038,-91.13,0,"하루（Haru）",0.215,-117.549,0,"卯月満開",-42.929,-93.673,0,0,0,0,0,0,"",0,0,0,0,0,0,0,0,0,0
77,5,1,5,1,2,0,0,0,0,0,255,255,255,43,4262.466,"Apple_Sherbet",R,32,79,131,2.046,1.309,0.376,1.839,-36.734,2,0,246.343,-200,3.398,0,0,1,5,0,R,"とりらむ",174.9,89.612,0.65,3,38,4263.588,146,6,64,50,24,139,83,-72.742,73.453,-0.78,0,-0.038,0.064,0,0.446,0.248,-37.074,0,"Ayu_Yua",-0.094,-17.19,0,"Pugeuk",-20.326,-48.67,0,"장덕춘_",-13.6,-64.625,0,"bdg06213",23.176,-51.646,0,"わだ、、",11.588,-65.093,0,"Azuner",36.883,-91.161,0,"하루（Haru）",0.523,-117.728,0,"卯月満開",-42.914,-93.615,0,4263.882,-0.995,-19.238,0,0,"",0,0,0,0,0,0,0,0,0,3
78,5,1,5,1,2,1,0,0,0,0,255,255,255,44,4277.795,"Apple_Sherbet",R,14,81,119,1.482,-0.86,0.264,1.655,-36.651,2,0,388.325,314.967,7.305,0,0,1,5,0,R,"とりらむ",174.9,89.612,0.65,3,38,4278.973,139,13,53,96,52,137,130,-18.382,-42.345,0.54,-0.026,-0.071,0.081,0,0.477,0.084,-37.162,0,"Ayu_Yua",-0.031,-17.318,0,"Pugeuk",-20.074,-49.944,0,"장덕춘_",-13.887,-64.463,0,"bdg06213",24.363,-52.009,0,"わだ、、",11.55,-64.701,70,"Azuner",36.996,-91.058,95,"하루（Haru）",-0.469,-115.538,0,"卯月満開",-41.727,-92.761,0,4279.27,1.485,-20.342,4287.52,6,"Azuner",51.199,-89.99,1,0,0,0,0,0,0,2
79,5,1,5,1,0,0,0,0,1,0,255,0,255,45,4315.373,"Apple_Sherbet",R,1,30,84,-2.813,-0.901,0.284,1.71,-36.884,2,0,0,0,-1,0,0,1,6,8,L,"SOM_candy",175.1,89.547,0.503,3,80,4316.767,89,18,43,107,69,120,74,-22.85,41.569,-0.61,-0.006,0.071,0.008,0,0.223,0.009,-37.265,0,"Ayu_Yua",-0.045,-17.25,0,"Pugeuk",-18.918,-48.432,96,"장덕춘_",-13.766,-64.784,0,"bdg06213",22.28,-48.623,87,"わだ、、",6.628,-62.245,0,"Azuner",43.001,-89.521,0,"하루（Haru）",0.394,-113.301,0,"卯月満開",-40.14,-96.081,0,4317.049,-1.735,-21.845,4319.074,2,"Pugeuk",-16.769,-42.313,0,0,0,0,0,0,0,2
80,5,1,5,1,0,0,1,0,0,1,255,255,0,46,4339.979,"Apple_Sherbet",R,1,34,86,0.879,-1.34,0.276,1.684,-36.817,1,0,0,0,-4.056,0.065,-18.203,0,7,6,L,"IbikiKai_JP",170.1,90.478,0.5,0,80,0,0,0,0,0,0,0,0,0,0,0,0,0,0,0,0,0.012,-37.28,0,"Ayu_Yua",0.238,-17.53,0,"Pugeuk",-20.03,-47.3,0,"장덕춘_",-13.687,-64.76,0,"bdg06213",22.171,-47.592,0,"わだ、、",9.202,-61.652,0,"Azuner",43.437,-90.101,0,"하루（Haru）",0.091,-110.806,0,"卯月満開",-40.698,-96.355,0,0,0,0,0,0,"",0,0,0,0,0,0,0,0,0,0
81,5,1,5,1,1,0,1,0,0,1,255,255,0,47,4355.915,"Apple_Sherbet",R,1,29,84,3.184,-0.599,0.235,1.687,-36.84,4,0,0,0,-4.081,0,0,1,7,6,L,"IbikiKai_JP",170.1,90.478,0.5,0,80,0,0,0,0,0,0,0,0,0,0,0,0,0,0,0,0,0.192,-37.4,0,"Ayu_Yua",1.742,-18.269,0,"Pugeuk",-19.238,-45.655,0,"장덕춘_",-13.632,-64.518,0,"bdg06213",21.143,-47.373,0,"わだ、、",10.203,-63.202,0,"Azuner",43.29,-90.125,0,"하루（Haru）",1.982,-113.166,0,"卯月満開",-40.926,-96.656,0,0,0,0,0,0,"",0,0,0,0,0,0,0,0,0,0
82,5,1,5,1,1,1,1,0,0,1,255,255,0,48,4372.048,"Apple_Sherbet",R,1,33,86,-1.522,-0.678,0.258,1.703,-36.786,1,0,0,0,-8.096,0,0,0,7,6,L,"IbikiKai_JP",170.1,90.478,0.5,0,80,0,0,0,0,0,0,0,0,0,0,0,0,0,0,0,0,0.023,-37.241,0,"Ayu_Yua",-0.254,-17.414,0,"Pugeuk",-19.673,-44.216,0,"장덕춘_",-13.472,-64.618,0,"bdg06213",21.634,-45.5,0,"わだ、、",10.219,-63.082,0,"Azuner",43.312,-90.129,0,"하루（Haru）",2.613,-112.003,0,"卯月満開",-40.918,-96.647,0,0,0,0,0,0,"",0,0,0,0,0,0,0,0,0,0
83,5,1,5,1,2,1,1,0,0,1,255,255,0,49,4392.116,"Apple_Sherbet",R,32,81,134,-0.127,0.006,0.193,1.634,-36.451,2,0,217.752,-200,37.414,0,0,1,7,6,L,"IbikiKai_JP",170.1,90.478,0.5,3,80,4393.19,255,13,63,65,32,142,82,-1.813,-16.628,-0.79,-0.034,-0.045,0.195,0,0.193,0.244,-37.232,0,"Ayu_Yua",-0.018,-16.843,0,"Pugeuk",-18.304,-45.157,120,"장덕춘_",-13.475,-64.688,0,"bdg06213",20.79,-46.278,0,"わだ、、",10.238,-62.138,90,"Azuner",43.478,-90.047,0,"하루（Haru）",2.317,-111.467,0,"卯月満開",-40.636,-96.735,0,4393.919,3.583,-31.619,4395.832,5,"わだ、、",13.955,-57.264,0,0,0,0,0,0,0,2
84,5,1,6,1,0,0,2,0,0,0,255,255,255,50,4422.76,"Apple_Sherbet",R,41,29,84,0.071,0.01,0.299,1.711,-36.827,2,0,-18.08,-57.402,-0.586,0,0,0,8,3,L,"Fresh825",172.6,80,0.2,3,82,4424.075,255,16,118,87,63,150,99,54.728,3.196,-0.03,-0.007,-0.033,0.151,0,0.148,0.006,-37.355,0,"Ayu_Yua",-0.079,-17.144,0,"Pugeuk",-18.763,-48.233,0,"장덕춘_",-13.759,-64.617,0,"bdg06213",22.793,-49.425,0,"わだ、、",11.573,-63.812,0,"Azuner",43.504,-89.911,0,"하루（Haru）",0.369,-111.144,0,"卯月満開",-38.125,-90.824,0,4430.474,-4.161,-85.654,4430.807,7,"하루（Haru）",-4.125,-85.123,0,0,0,0,0,0,0,1
85,5,0,6,1,0,0,0,0,0,0,255,255,255,32,4504.3,"とりらむ",R,0,87,140,-0.981,-0.158,-0.177,1.384,-36.287,0,0,0,0,0,0,0,0,4,3,R,"장덕춘_",164.8,94.644,0.8,0,80,0,0,0,0,0,0,0,0,0,0,0,0,0,0,0,0,-0.192,-36.938,0,"Pring__",-0.139,-16.754,0,"인생최패망자",-23.34,-49.051,0,"Fresh825",-15.602,-63.026,0,"Megu3568",18.649,-45.699,0,"ʚEveɞ",11.439,-65.439,0,"IbikiKai_JP",36.479,-85.444,0,"Gonyong",-13.439,-112.264,0,"SOM_candy",-41.548,-89.669,0,0,0,0,0,0,"",0,0,0,0,0,0,0,0,0,0
86,5,0,6,1,0,1,0,0,0,0,255,255,255,33,4522.501,"とりらむ",R,0,89,140,1.099,0.017,0.108,1.348,-36.306,2,0,0,0,0,0,0,1,4,3,R,"장덕춘_",164.8,94.644,0.8,3,80,4523.345,190,22,135,71,61,150,81,20.352,0.694,-0.83,-0.031,0.002,0.085,0,0.231,-0.116,-36.811,0,"Pring__",0.076,-16.705,0,"인생최패망자",-23.406,-49.14,0,"Fresh825",-15.426,-62.982,34,"Megu3568",18.517,-45.521,0,"ʚEveɞ",11.405,-65.472,0,"IbikiKai_JP",36.438,-85.435,0,"Gonyong",1.067,-111.81,104,"SOM_candy",-42.851,-91.959,0,4527.857,0.2,-84.187,4529.236,7,"Gonyong",0.233,-94.682,1,0,0,0,0,0,0,2
87,5,0,6,1,0,0,0,1,0,0,12,255,255,34,4556.492,"とりらむ",R,0,92,140,-0.146,0.66,-0.139,1.151,-36.174,2,0,0,0,0,0,0,1,5,6,L,"Azuner",175.332,84.66,0.398,3,79,4557.543,196,17,73,44,34,141,125,94.333,69.354,0.28,-0.05,0.021,0.246,0,0.192,0.147,-36.876,0,"Pring__",-0.08,-16.899,0,"인생최패망자",-18.94,-42.434,0,"Fresh825",-4.354,-63.488,0,"Megu3568",18.118,-45.761,0,"ʚEveɞ",14.677,-63.874,0,"IbikiKai_JP",51.938,-84.806,0,"Gonyong",8.873,-114.009,0,"SOM_candy",-40.285,-89.221,0,0,0,0,0,0,"",0,0,0,0,0,0,0,0,0,3
88,5,0,6,1,0,1,0,1,0,0,12,255,255,35,4576.366,"とりらむ",R,10,81,109,-0.325,-1.286,-0.005,1.023,-36.217,1,0,-76.884,399.987,-38.473,-0.113,-17.39,0,5,6,L,"Azuner",175.332,84.66,0.398,0,83,0,0,0,0,0,0,0,0,0,0,0,0,0,0,0,0,-0.304,-37.768,0,"Pring__",-0.086,-16.783,0,"인생최패망자",-20.423,-43.178,0,"Fresh825",-4.121,-63.668,0,"Megu3568",19.277,-46.081,0,"ʚEveɞ",14.692,-63.655,0,"IbikiKai_JP",51.465,-82.974,0,"Gonyong",6.026,-114.452,0,"SOM_candy",-36.269,-97.723,0,0,0,0,0,0,"",0,0,0,0,0,0,0,0,0,0
89,5,0,6,1,1,1,0,1,0,0,12,255,255,36,4594.298,"とりらむ",R,0,86,140,-0.091,0.667,-0.1,1.462,-36.245,2,0,0,0,0,0,0,1,5,6,L,"Azuner",175.332,84.66,0.398,3,83,4595.351,144,20,102,65,43,149,111,26.945,-20.52,0.12,-0.061,-0.033,0.188,0,0.227,-0.084,-36.666,0,"Pring__",-0.096,-16.737,0,"인생최패망자",-18.747,-47.141,73,"Fresh825",-4.203,-63.649,0,"Megu3568",19.289,-45.934,0,"ʚEveɞ",14.654,-63.709,0,"IbikiKai_JP",51.455,-82.949,0,"Gonyong",5.976,-114.288,0,"SOM_candy",-40.655,-94.315,0,0,0,0,4600.687,7,"Gonyong",23.311,-109.912,0,0,0,0,0,0,0,1
90,5,0,6,1,0,0,1,1,0,0,12,255,255,37,4632.94,"とりらむ",R,0,88,140,-0.589,-0.681,-0.158,1.243,-36.339,2,0,0,0,0,0,0,1,6,5,L,"わだ、、",174.9,85,0.53,3,79,4633.994,255,4,120,41,6,150,96,-43.39,-26.893,-0.25,0.003,-0.014,0.207,0,0.454,0.008,-37.073,0,"Pring__",-0.105,-16.892,0,"인생최패망자",-17.446,-45.045,55,"Fresh825",-3.201,-62.288,94,"Megu3568",18.653,-45.48,0,"ʚEveɞ",14.91,-63.517,0,"IbikiKai_JP",44.563,-97.717,0,"Gonyong",6.003,-121.35,0,"SOM_candy",-38.898,-85.384,0,4634.228,0.181,-20.044,4636.036,4,"Megu3568",12.917,-45.108,1,64,0,0,0,0,0,2
91,5,0,6,1,0,0,2,1,0,0,14,255,255,38,4669.857,"とりらむ",R,3,78,107,-0.132,-0.167,0.384,1.286,-36.499,0,0,-391.131,0,-26.155,0,0,1,7,1,R,"Ayu_Yua",190,89.449,0.449,0,79,0,0,0,0,0,0,0,0,0,0,0,0,0,0,0,0,0.054,-37.251,0,"Pring__",0.023,-16.919,0,"인생최패망자",-19.327,-41.311,0,"Fresh825",-16.37,-62.523,0,"Megu3568",18.605,-45.631,0,"ʚEveɞ",8.781,-65.959,0,"IbikiKai_JP",40.874,-93.908,0,"Gonyong",1.226,-112.603,0,"SOM_candy",-43.307,-82.961,0,0,0,0,0,0,"",0,0,0,0,0,0,0,0,0,0
92,5,0,6,1,0,1,2,1,0,0,14,255,255,39,4689.042,"とりらむ",R,3,86,113,-2.471,-0.471,0.266,1.296,-36.396,2,0,-388.334,0,-15.505,0,0,1,7,1,R,"Ayu_Yua",190,89.449,0.449,3,79,4690.23,162,17,127,72,35,150,100,93.63,-84.916,0.92,-0.017,0.012,0.119,0,0.365,0.149,-36.824,0,"Pring__",-0.314,-16.646,0,"인생최패망자",-19.674,-45.137,0,"Fresh825",-16.477,-62.551,0,"Megu3568",18.386,-45.583,0,"ʚEveɞ",8.728,-65.994,0,"IbikiKai_JP",40.7,-93.966,0,"Gonyong",1.184,-112.824,0,"SOM_candy",-43.777,-84.95,0,0,0,0,0,0,"",0,0,0,0,0,0,0,0,0,3
93,5,0,6,1,0,2,2,1,0,0,14,255,255,40,4705.789,"とりらむ",R,0,85,139,1.038,-0.212,0.033,1.313,-36.215,0,0,0,0,0,0,0,0,7,1,R,"Ayu_Yua",190,89.449,0.449,0,79,0,0,0,0,0,0,0,0,0,0,0,0,0,0,0,0,-1.118,-37.3,0,"Pring__",0.069,-16.741,0,"인생최패망자",-19.811,-41.471,0,"Fresh825",-17.242,-62.371,0,"Megu3568",18.627,-45.511,0,"ʚEveɞ",8.914,-66.434,0,"IbikiKai_JP",40.251,-92.701,0,"Gonyong",1.57,-111.769,0,"SOM_candy",-45.644,-85.688,0,0,0,0,0,0,"",0,0,0,0,0,0,0,0,0,0
94,6,1,6,1,0,0,0,0,0,0,255,255,255,0,4907.602,"bdg06213",R,6,50,100,0.897,0.135,-0.088,1.657,-36.688,2,0,391.441,0,54.525,0,0,1,0,5,L,"ʚEveɞ",165.1,85,0.347,3,76,4908.778,255,17,75,91,29,150,106,99.444,72.363,0.83,0.037,-0.028,0.232,0,0.4,-0.109,-37.448,0,"Ayu_Yua",-0.048,-17.352,0,"Pugeuk",-18.23,-47.485,0,"장덕춘_",-13.741,-64.625,0,"Azuner",22.596,-48.494,0,"わだ、、",12.105,-63.804,0,"Apple_Sherbet",42.181,-90.706,0,"하루（Haru）",-0.097,-109.329,0,"卯月満開",-43.768,-99.009,0,0,0,0,0,0,"",0,0,0,0,0,0,0,0,0,3
95,6,1,6,1,0,1,0,0,0,0,255,255,255,1,4927.989,"bdg06213",R,6,56,108,0.921,0.017,-0.027,1.637,-36.668,2,0,275.231,0,45.305,0,0,1,0,5,L,"ʚEveɞ",165.1,85,0.347,3,76,4929.14,216,24,87,65,7,150,75,-30,-17.108,0.96,0.067,-0.004,0.358,0,0.478,-0.019,-37.686,120,"Ayu_Yua",-0.027,-17.099,0,"Pugeuk",-18.602,-47.583,112,"장덕춘_",-13.961,-64.734,0,"Azuner",22.563,-48.515,0,"わだ、、",12.363,-63.939,88,"Apple_Sherbet",42.083,-89.846,0,"하루（Haru）",-0.113,-109.751,0,"卯月満開",-41.935,-97.787,0,4929.557,0.616,-20.739,4932.586,2,"Pugeuk",10.882,-57.23,1,0,0,0,0,0,0,2
96,6,1,6,1,0,0,0,1,0,0,5,255,255,2,4971.088,"bdg06213",R,27,80,131,-2.156,-1.194,-0.219,1.399,-36.657,1,0,59.083,-126.474,15.91,-0.425,-14.694,0,1,4,R,"Megu3568",175.3,86,0.404,0,81,0,0,0,0,0,0,0,0,0,0,0,0,0,0,0,0,0.017,-37.977,0,"Ayu_Yua",-0.411,-17.229,0,"Pugeuk",-18.794,-45.023,106,"장덕춘_",-13.389,-64.129,0,"Azuner",19.287,-50.378,0,"わだ、、",5.154,-60.479,0,"Apple_Sherbet",41.624,-95.688,0,"하루（Haru）",-2.541,-107.815,0,"卯月満開",-41.791,-99.892,0,0,0,0,0,0,"",0,0,0,0,0,0,0,0,0,0
97,6,1,6,1,1,0,0,1,0,0,5,255,255,3,5006.412,"bdg06213",R,27,80,131,-2.326,-0.543,-0.071,1.575,-36.607,2,0,79.234,-108.539,5.823,0,0,1,1,4,R,"Megu3568",175.3,86,0.404,3,81,5007.581,255,16,96,89,20,150,127,25.238,-20.776,0.49,0.02,0.024,0.177,0,0.566,0.135,-37.443,0,"Ayu_Yua",0.058,-17.216,0,"Pugeuk",-18.332,-46.204,0,"장덕춘_",-13.58,-64.555,0,"Azuner",19.268,-50.349,79,"わだ、、",7.304,-61.062,0,"Apple_Sherbet",41.957,-95.665,0,"하루（Haru）",-5.214,-110.781,0,"卯月満開",-42.838,-104.094,0,5012.628,27.801,-127.829,5015.153,7,"하루（Haru）",22.572,-123.237,1,0,0,0,0,0,0,2
98,6,1,7,1,0,0,0,0,1,0,255,4,255,4,5043.969,"bdg06213",R,27,78,129,-1.318,-0.524,-0.136,1.511,-36.619,0,0,42.236,-130.794,14.737,0,0,0,2,7,R,"Gonyong",170.2,80,0.2,0,77,0,0,0,0,0,0,0,0,0,0,0,0,0,0,0,0,-0.321,-37.717,0,"Ayu_Yua",-0.346,-17.265,0,"Pugeuk",-20.291,-46.815,0,"장덕춘_",-13.672,-64.787,0,"Azuner",19.77,-40.388,83,"わだ、、",5.008,-60.732,0,"Apple_Sherbet",42.205,-96.738,0,"하루（Haru）",0,-117.21,0,"卯月満開",-42.43,-98.296,0,0,0,0,0,0,"",0,0,0,0,0,0,0,0,0,0
99,6,1,7,1,0,1,0,0,0,1,255,255,4,5,5064.662,"bdg06213",R,27,81,133,1.293,0.589,0.092,1.689,-36.603,2,0,92.246,-119.57,5.308,0,0,1,2,7,R,"Gonyong",170.2,80,0.2,3,77,5065.6,255,16,128,55,21,150,68,28.298,40.484,0.98,0.052,-0.001,0.168,0.048,0.307,0.123,-37.531,0,"Ayu_Yua",-0.053,-17.369,0,"Pugeuk",-19.646,-47.161,0,"장덕춘_",-13.75,-64.962,0,"Azuner",17.79,-45.338,0,"わだ、、",10.058,-62.507,49,"Apple_Sherbet",43.771,-93.142,0,"하루（Haru）",-2.339,-118.775,0,"卯月満開",-41.601,-98.461,98,5069.357,-31.546,-53.846,5073.524,8,"卯月満開",-49.914,-64.913,1,0,0,0,0,0,0,2
100,6,1,8,1,0,0,0,0,1,0,255,7,255,6,5097.368,"bdg06213",R,27,83,135,0.075,-0.099,-0.014,1.587,-36.579,2,0,69.341,-100.231,4.981,0,0,1,3,1,L,"Pring__",180,94.516,0.485,3,77,5098.171,157,12,81,108,46,150,105,-30,-30.97,0.92,-0.027,-0.05,0.189,0,0.251,-0.11,-37.279,0,"Ayu_Yua",0.01,-17.385,0,"Pugeuk",-20.301,-48.035,87,"장덕춘_",-13.857,-64.663,0,"Azuner",22.354,-47.75,0,"わだ、、",10.921,-62.583,0,"Apple_Sherbet",45.356,-98.884,0,"하루（Haru）",-0.45,-119.691,0,"卯月満開",-46.236,-102.707,0,5098.549,0.847,-20.685,5100.345,4,"Azuner",18.323,-50.058,1,0,0,0,0,0,0,2
101,6,1,8,1,0,0,0,1,1,0,1,7,255,7,5127.443,"bdg06213",R,28,79,130,0.573,0.203,0.032,1.646,-36.555,2,0,68.908,-83.01,4.829,0,0,1,4,2,R,"인생최패망자",190,80,0.401,3,77,5128.533,233,14,118,114,99,150,130,112.646,12.739,0.59,-0.053,-0.03,0.058,0,0.388,0.104,-37.433,0,"Ayu_Yua",-0.076,-17.396,0,"Pugeuk",-19.677,-47.504,0,"장덕춘_",-13.759,-64.724,0,"Azuner",18.897,-49.074,0,"わだ、、",10.609,-63.364,0,"Apple_Sherbet",44.585,-97.404,0,"하루（Haru）",-1.606,-116.29,0,"卯月満開",-47.464,-104.989,0,0,0,0,0,0,"",0,0,0,0,0,0,0,0,0,3
102,6,1,8,1,0,1,0,1,1,0,1,7,255,8,5145.173,"bdg06213",R,27,91,140,-0.948,-0.752,-0.099,1.548,-36.559,2,0,71.348,-138.365,11.408,0,0,1,4,2,R,"인생최패망자",190,80,0.401,3,87,5146.255,203,19,83,109,88,150,92,97.766,77.793,-0.75,-0.016,-0.049,0.04,0,0.38,-0.088,-37.301,0,"Ayu_Yua",-0.069,-17.342,0,"Pugeuk",-20.849,-48.729,0,"장덕춘_",-13.799,-64.703,0,"Azuner",19.994,-44.735,0,"わだ、、",4.906,-61.724,0,"Apple_Sherbet",45.659,-96.883,0,"하루（Haru）",-1.854,-118.359,0,"卯月満開",-46.923,-103.449,0,5152.478,50.633,-0.949,0,0,"",0,0,0,0,0,0,0,0,0,3
103,6,1,8,1,0,2,0,1,1,0,1,255,255,9,5166.204,"bdg06213",R,0,56,114,-0.156,0.671,-0.015,1.762,-36.825,2,0,0,0,22.437,0,0,1,4,2,R,"인생최패망자",190,80,0.401,3,87,5167.407,137,21,75,114,87,142,114,25.89,-42.054,0.81,-0.055,-0.041,0.074,0,0.374,0.088,-37.103,0,"Ayu_Yua",-0.091,-17.527,0,"Pugeuk",-19.315,-45.528,0,"장덕춘_",-13.99,-64.419,0,"Azuner",20.532,-45.456,0,"わだ、、",7.305,-62.046,88,"Apple_Sherbet",45.723,-97.36,109,"하루（Haru）",5.382,-119.706,0,"卯月満開",-45.441,-101.26,0,5172.211,66.954,-94.834,5173.557,6,"Apple_Sherbet",66.977,-96.607,1,0,0,0,0,0,0,2
104,6,1,9,1,0,0,0,0,1,1,255,2,1,10,5199.019,"bdg06213",R,0,72,125,-0.256,0.198,-0.024,1.663,-36.689,2,0,0,0,2.428,0,0,1,5,0,R,"とりらむ",174.9,89.612,0.65,3,77,5200.191,255,19,162,106,72,150,130,11.218,1.837,0.46,-0.048,-0.022,0.349,0,0.846,-0.138,-37.207,0,"Ayu_Yua",-0.12,-17.316,0,"Pugeuk",-20.57,-49.117,0,"장덕춘_",-13.549,-64.7,0,"Azuner",19.372,-42.095,72,"わだ、、",10.791,-61.729,0,"Apple_Sherbet",41.573,-92.108,0,"하루（Haru）",-3.276,-115.046,0,"卯月満開",-41.827,-97.863,0,5204.707,13.153,-128.429,5208.991,7,"하루（Haru）",21.648,-115.053,1,0,0,0,0,0,0,2
105,6,1,11,1,0,0,0,0,1,0,255,0,255,11,5232.893,"bdg06213",R,10,72,115,-0.496,-1.037,-0.046,1.612,-36.665,0,0,0,395.399,9.183,-0.03,-17.629,0,6,8,L,"SOM_candy",175.1,89.547,0.503,0,77,0,0,0,0,0,0,0,0,0,0,0,0,0,0,0,0,-0.067,-37.137,0,"Ayu_Yua",-0.227,-17.41,0,"Pugeuk",-18.803,-44.222,0,"장덕춘_",-13.557,-64.639,0,"Azuner",21.786,-47.38,0,"わだ、、",10.384,-62.231,0,"Apple_Sherbet",44.453,-97,0,"하루（Haru）",3.244,-121.651,0,"卯月満開",-41.476,-97.993,0,0,0,0,0,0,"",0,0,0,0,0,0,0,0,0,0
106,6,1,11,1,0,1,0,0,1,0,255,0,255,12,5249.075,"bdg06213",R,0,43,103,-0.166,-0.305,-0.018,1.727,-36.943,2,0,0,0,21.871,0,0,1,6,8,L,"SOM_candy",175.1,89.547,0.503,3,54,5250.375,147,13,85,107,61,150,127,108.951,60.118,0.3,0.008,0.046,0.042,0,0.233,0.114,-37.303,0,"Ayu_Yua",-0.021,-17.462,0,"Pugeuk",-19.709,-47.278,0,"장덕춘_",-13.495,-64.782,0,"Azuner",21.817,-47.496,0,"わだ、、",11.719,-63.533,0,"Apple_Sherbet",44.714,-96.758,0,"하루（Haru）",2.584,-121.588,0,"卯月満開",-43.116,-90.207,0,0,0,0,0,0,"",0,0,0,0,0,0,0,0,0,3
107,6,1,11,1,0,2,0,0,1,0,255,0,255,13,5269.329,"bdg06213",R,28,83,135,0.256,0.205,0.011,1.642,-36.538,2,0,41.855,-84.888,4.876,0,0,1,6,8,L,"SOM_candy",175.1,89.547,0.503,3,54,5270.434,160,14,98,93,50,150,127,90.388,88.787,0.48,-0.062,0.07,0.08,0,0.177,-0.148,-37.423,0,"Ayu_Yua",-0.093,-17.49,0,"Pugeuk",-19.204,-47.765,0,"장덕춘_",-13.416,-64.799,0,"Azuner",22.247,-47.931,0,"わだ、、",8.387,-62.141,0,"Apple_Sherbet",46.738,-96.31,0,"하루（Haru）",2.963,-121.241,0,"卯月満開",-41.059,-92.11,0,0,0,0,0,0,"",0,0,0,0,0,0,0,0,0,3
108,6,1,11,1,0,2,0,0,1,0,255,0,255,14,5289.321,"bdg06213",R,3,64,110,-2.211,-0.113,0.195,1.616,-36.776,2,0,-376.803,0,9.174,0,0,1,6,8,L,"SOM_candy",175.1,89.547,0.503,3,54,5290.533,57,12,54,90,66,72,64,40.77,29.272,-0.81,-0.017,0.059,0.06,0,0.271,0.05,-37.297,0,"Ayu_Yua",-0.32,-17.121,0,"Pugeuk",-20.12,-48.371,0,"장덕춘_",-13.427,-64.789,0,"Azuner",22.226,-47.887,0,"わだ、、",8.894,-61.998,85,"Apple_Sherbet",47.118,-95.935,0,"하루（Haru）",4.545,-117.336,0,"卯月満開",-40.354,-94.313,0,5295.399,-23.602,-61.862,5295.486,3,"장덕춘_",-22.755,-60.33,0,0,0,0,0,0,0,1
109,6,1,11,1,0,0,1,0,1,0,255,0,255,15,5321.961,"bdg06213",R,27,76,128,4.229,2.292,0.366,1.954,-36.87,1,0,79.207,-103.789,4.189,1.496,-6.081,0,7,6,L,"IbikiKai_JP",170.1,90.478,0.5,0,77,0,0,0,0,0,0,0,0,0,0,0,0,0,0,0,0,0.046,-38.054,0,"Ayu_Yua",0.623,-15.946,0,"Pugeuk",-19.018,-47.971,0,"장덕춘_",-13.47,-64.817,0,"Azuner",22.126,-47.793,0,"わだ、、",8.252,-61.882,0,"Apple_Sherbet",43.105,-95.775,0,"하루（Haru）",5.991,-117.518,0,"卯月満開",-38.9,-88.422,0,0,0,0,0,0,"",0,0,0,0,0,0,0,0,0,0
110,6,1,11,1,1,0,1,0,1,0,255,0,255,16,5346.998,"bdg06213",R,27,82,134,-0.472,-0.168,-0.06,1.574,-36.641,2,0,53.975,-106.069,8.676,0,0,1,7,6,L,"IbikiKai_JP",170.1,90.478,0.5,3,77,5348.079,255,21,49,67,51,138,126,-30,-48.522,0.34,-0.006,-0.049,0.11,0,0.632,0.095,-37.409,0,"Ayu_Yua",0.047,-16.896,0,"Pugeuk",-18.564,-47.552,0,"장덕춘_",-13.857,-64.643,0,"Azuner",21.96,-47.711,0,"わだ、、",11.473,-63.265,0,"Apple_Sherbet",44.964,-94.342,0,"하루（Haru）",3.992,-116.012,0,"卯月満開",-40.931,-93.653,0,5348.374,1.447,-21.629,0,0,"",0,0,0,0,0,0,0,0,0,3
111,6,1,11,1,1,1,1,0,1,0,255,0,255,17,5367.444,"bdg06213",R,0,80,130,1.329,0.326,0.124,1.697,-36.641,2,0,0,48.828,7.366,0,0,1,7,6,L,"IbikiKai_JP",170.1,90.478,0.5,3,42,5368.581,255,15,73,62,43,147,91,4.615,-34.192,-0.42,-0.018,-0.041,0.101,0,0.379,0.067,-37.192,0,"Ayu_Yua",-0.102,-17.015,0,"Pugeuk",-19.368,-48.105,0,"장덕춘_",-13.691,-64.826,85,"Azuner",23.411,-48.851,0,"わだ、、",9.108,-62.841,93,"Apple_Sherbet",44.6,-95.971,0,"하루（Haru）",5.45,-117.58,0,"卯月満開",-38.81,-92.286,0,5369.978,13.808,-42.169,5373.224,6,"Apple_Sherbet",33.957,-83.181,1,0,0,0,0,0,0,2
112,6,1,12,1,0,0,1,0,1,0,255,6,255,18,5417.639,"bdg06213",R,27,88,140,-0.644,-0.029,-0.078,1.597,-36.601,0,0,62.385,-115.245,10.933,0,0,0,8,3,L,"Fresh825",172.6,80,0.2,0,81,0,0,0,0,0,0,0,0,0,0,0,0,0,0,0,0,-0.033,-37.793,0,"Ayu_Yua",-0.237,-16.906,0,"Pugeuk",-18.504,-48.09,0,"장덕춘_",-13.547,-64.844,0,"Azuner",22.14,-47.799,0,"わだ、、",10.989,-62.102,0,"Apple_Sherbet",41.406,-95.956,0,"하루（Haru）",2.299,-114.152,0,"卯月満開",-37.978,-92.106,0,0,0,0,0,0,"",0,0,0,0,0,0,0,0,0,0
113,6,1,12,1,0,1,1,0,1,0,255,6,255,19,5433.825,"bdg06213",R,6,56,102,1.944,0.654,-0.026,1.742,-36.626,4,0,460.126,0,25.363,0,0,1,8,3,L,"Fresh825",172.6,80,0.2,0,81,0,0,0,0,0,0,0,0,0,0,0,0,0,0,0,0,0.155,-37.217,0,"Ayu_Yua",0.061,-16.842,104,"Pugeuk",-18.458,-46.353,0,"장덕춘_",-13.565,-64.903,0,"Azuner",22.192,-48.002,0,"わだ、、",10.77,-64.18,0,"Apple_Sherbet",42.885,-94.891,0,"하루（Haru）",4.352,-113.133,0,"卯月満開",-38.487,-92.399,0,0,0,0,0,0,"",0,0,0,0,0,0,0,0,0,0
114,6,1,12,1,0,2,1,0,1,0,255,6,255,20,5461.075,"bdg06213",R,27,83,136,-1.128,-0.755,-0.143,1.489,-36.592,2,0,62.871,-119.573,11.922,0,0,1,8,3,L,"Fresh825",172.6,80,0.2,3,81,5462.115,160,6,87,50,34,147,93,-38.423,-45.099,-0.37,0.073,-0.058,0.14,0,0.114,-0.142,-37.202,0,"Ayu_Yua",0.035,-17.483,0,"Pugeuk",-19.249,-48.079,120,"장덕춘_",-13.553,-64.889,0,"Azuner",22.684,-48.387,111,"わだ、、",10.589,-63.693,0,"Apple_Sherbet",42.888,-94.903,0,"하루（Haru）",2.163,-115.654,0,"卯月満開",-39.209,-95.492,0,5462.44,0.651,-20.642,5464.416,4,"Azuner",23.541,-43.262,0,0,0,0,0,0,0,2
115,6,1,12,1,0,2,1,0,1,0,255,6,255,21,5484.791,"bdg06213",R,27,83,135,1.689,0.966,0.131,1.753,-36.625,4,0,85.263,-117.337,8.719,0.702,-16.814,1,8,3,L,"Fresh825",172.6,80,0.2,0,81,0,0,0,0,0,0,0,0,0,0,0,0,0,0,0,0,0.094,-37.484,0,"Ayu_Yua",0.364,-16.61,120,"Pugeuk",-19.444,-47.909,97,"장덕춘_",-13.674,-64.843,0,"Azuner",23.576,-49.024,0,"わだ、、",12.661,-65.262,0,"Apple_Sherbet",46.659,-95.789,0,"하루（Haru）",5.621,-113.832,0,"卯月満開",-40.215,-94.751,0,0,0,0,0,0,"",0,0,1,0,0,0,0,0,0,0
116,6,1,12,1,0,0,1,1,1,0,3,6,255,22,5516.635,"bdg06213",R,28,85,138,1.054,0.587,0.075,1.691,-36.583,2,0,79.757,-95.205,8.109,0,0,1,0,5,L,"ʚEveɞ",165.1,85,0.347,3,76,5517.728,255,16,54,45,0,138,76,103.865,72.452,0.95,0.032,-0.012,0.228,0,0.297,0.193,-37.275,0,"Ayu_Yua",0.002,-17.479,0,"Pugeuk",-19.665,-43.933,0,"장덕춘_",-13.696,-64.83,0,"Azuner",23.307,-48.814,0,"わだ、、",8.431,-62.305,0,"Apple_Sherbet",44.866,-96.501,0,"하루（Haru）",3.326,-113.916,0,"卯月満開",-42.016,-96.284,0,0,0,0,0,0,"",0,0,0,0,0,0,0,0,0,3
117,6,1,12,1,0,1,1,1,1,0,3,6,255,23,5536.919,"bdg06213",R,0,50,109,1.117,0.712,0.104,1.738,-36.77,2,0,0,0,30.232,0,0,1,0,5,L,"ʚEveɞ",165.1,85,0.347,3,76,5538.107,250,27,82,73,21,150,122,27.758,20.55,0.51,0.019,-0.004,0.313,0,0.463,0.162,-37.338,0,"Ayu_Yua",-0.031,-17.541,0,"Pugeuk",-19.158,-46.664,0,"장덕춘_",-13.364,-64.97,99,"Azuner",23.31,-48.874,85,"わだ、、",10.54,-62.475,0,"Apple_Sherbet",44.854,-95.413,0,"하루（Haru）",4.251,-114.843,0,"卯月満開",-41.549,-96.653,0,5543.241,-21.204,-123.334,5545.378,7,"하루（Haru）",-17.485,-130.987,1,0,0,0,0,0,0,2
118,6,1,13,1,0,0,1,0,1,1,255,5,3,24,5573.436,"bdg06213",R,27,83,135,-0.4,-0.299,-0.06,1.551,-36.574,2,0,75.68,-114.54,8.296,0,0,1,1,4,R,"Megu3568",175.3,86,0.404,3,76,5574.56,255,21,138,109,14,150,91,25.249,29.749,0.93,-0.001,0.001,0.296,0,0.618,0.14,-37.521,0,"Ayu_Yua",-0.082,-17.411,0,"Pugeuk",-19.88,-48.696,0,"장덕춘_",-13.443,-64.647,0,"Azuner",17.388,-48.43,0,"わだ、、",10.792,-63.62,0,"Apple_Sherbet",45.889,-99.559,0,"하루（Haru）",3.204,-120.555,0,"卯月満開",-42.23,-104.751,0,5579.632,-33.136,-90.489,5579.87,8,"卯月満開",-32.299,-88.489,0,0,0,0,0,0,0,1
119,6,1,15,1,0,0,2,0,0,0,255,255,255,25,5618.787,"bdg06213",R,27,87,140,-1.167,-1.336,-0.124,1.393,-36.601,1,0,52.246,-117.641,14.588,-0.214,-17.09,0,2,7,R,"Gonyong",170.2,80,0.2,0,76,0,0,0,0,0,0,0,0,0,0,0,0,0,0,0,0,0.019,-37.365,0,"Ayu_Yua",-0.267,-17.302,0,"Pugeuk",-19.989,-49.093,0,"장덕춘_",-13.422,-64.904,0,"Azuner",18.784,-49.198,0,"わだ、、",9.183,-62.916,0,"Apple_Sherbet",43.401,-98.003,0,"하루（Haru）",-1.563,-113.428,0,"卯月満開",-41.632,-96.537,0,0,0,0,0,0,"",0,0,0,0,0,0,0,0,0,0
120,6,1,15,1,1,0,2,0,0,0,255,255,255,26,5636.998,"bdg06213",R,26,82,135,1.108,0.161,0.085,1.605,-36.605,0,0,59.441,-182.387,12.44,0,0,1,2,7,R,"Gonyong",170.2,80,0.2,0,76,0,0,0,0,0,0,0,0,0,0,0,0,0,0,0,0,0.068,-37.831,0,"Ayu_Yua",0.102,-17.252,0,"Pugeuk",-19.324,-48.948,0,"장덕춘_",-13.497,-64.975,0,"Azuner",18.757,-49.309,0,"わだ、、",8.56,-62.196,0,"Apple_Sherbet",42.833,-96.781,0,"하루（Haru）",-1.142,-111.8,0,"卯月満開",-41.944,-96.859,0,0,0,0,0,0,"",0,0,0,0,0,0,0,0,0,0
121,6,1,15,1,1,1,2,0,0,0,255,255,255,27,5655.744,"bdg06213",R,10,65,111,-2.909,-2.803,-0.095,1.455,-36.703,1,0,0,400,30.768,-0.725,-17.197,0,2,7,R,"Gonyong",170.2,80,0.2,0,76,0,0,0,0,0,0,0,0,0,0,0,0,0,0,0,0,-0.029,-37.82,0,"Ayu_Yua",-0.465,-17.331,0,"Pugeuk",-20.266,-47.972,0,"장덕춘_",-13.456,-64.891,0,"Azuner",18.776,-49.276,0,"わだ、、",8.295,-62.164,0,"Apple_Sherbet",43.088,-96.333,0,"하루（Haru）",-0.919,-111.289,0,"卯月満開",-42.06,-97.067,0,0,0,0,0,0,"",0,0,0,0,0,0,0,0,0,0
122,6,1,15,1,2,1,2,0,0,0,255,255,255,28,5675.482,"bdg06213",R,3,55,104,-1.852,-0.648,0.246,1.515,-36.878,2,0,-388.144,0,-0.075,0,0,1,2,7,R,"Gonyong",170.2,80,0.2,3,76,5676.532,255,14,120,128,68,150,85,30.52,47.406,0.94,-0.06,-0.052,0.015,0.095,0.193,0.103,-37.311,0,"Ayu_Yua",-0.138,-17.035,0,"Pugeuk",-19.212,-47.545,0,"장덕춘_",-13.478,-64.798,0,"Azuner",18.786,-49.285,0,"わだ、、",9.514,-62.596,0,"Apple_Sherbet",43.29,-96.44,0,"하루（Haru）",-0.924,-113.927,0,"卯月満開",-42.058,-97.099,0,5680.782,-49.238,-63.449,0,0,"",0,0,0,0,0,0,0,0,0,3
123,6,1,15,1,2,2,2,0,0,0,255,255,255,29,5698.326,"bdg06213",R,10,72,116,-1.186,-1.307,-0.11,1.576,-36.687,4,0,0,390.253,8.856,0,0,1,2,7,R,"Gonyong",170.2,80,0.2,0,76,0,0,0,0,0,0,0,0,0,0,0,0,0,0,0,0,-0.229,-37.744,0,"Ayu_Yua",-0.317,-16.971,0,"Pugeuk",-20.806,-47.374,0,"장덕춘_",-14.003,-64.414,0,"Azuner",18.716,-49.326,0,"わだ、、",10.836,-63.048,0,"Apple_Sherbet",42.69,-96.275,0,"하루（Haru）",-1.087,-112.485,0,"卯月満開",-45.757,-95.656,0,0,0,0,0,0,"",0,0,0,0,0,0,0,0,0,0
124,6,0,15,1,0,0,0,0,0,0,255,255,255,41,5754.071,"とりらむ",R,3,75,105,0.028,0.074,0.327,1.407,-36.558,2,0,-351.361,0,-27.553,0,0,1,8,8,L,"卯月満開",171,90,0.2,2,75,5754.993,255,12,80,104,62,150,109,16.56,24.706,0.81,0.096,-0.07,0.17,0,0.247,0.327,-36.995,0,"Pring__",0.027,-16.794,0,"인생최패망자",-20.627,-50.78,0,"Fresh825",-12.315,-65.496,0,"Megu3568",16.908,-43.723,85,"ʚEveɞ",15.447,-62.793,99,"IbikiKai_JP",40.411,-93.937,0,"Gonyong",4.41,-112.038,89,"SOM_candy",-40.332,-84.526,0,5758.111,-26.462,-85.558,5763.866,7,"Gonyong",-35.307,-116.322,1,0,0,0,0,0,0,2
125,6,0,15,1,0,0,0,0,1,0,255,17,255,42,5800.051,"とりらむ",R,0,74,127,1.695,0.348,0.221,1.575,-36.54,1,0,0,0,0,0,0,0,0,6,R,"Apple_Sherbet",176,86.926,0.301,0,75,0,0,0,0,0,0,0,0,0,0,0,0,0,0,0,0,-0.078,-37.703,107,"Pring__",0.022,-16.847,0,"인생최패망자",-22.184,-48.097,0,"Fresh825",-15.038,-62.382,0,"Megu3568",18.629,-40.842,0,"ʚEveɞ",10.765,-65.075,0,"IbikiKai_JP",41.657,-91.358,0,"Gonyong",-8.314,-112.174,0,"SOM_candy",-45.983,-95.579,0,0,0,0,0,0,"",0,0,0,0,0,0,0,0,0,0
126,6,0,15,1,1,0,0,0,0,1,255,255,17,43,5848.2,"とりらむ",R,0,89,140,1.285,-0.093,0.168,1.405,-36.309,2,0,0,0,0,0,0,1,0,6,R,"Apple_Sherbet",176,86.926,0.301,3,75,5849.114,255,17,66,7,24,120,71,-59.666,62.959,-0.78,-0.007,-0.07,0.251,0,0.96,0.383,-36.917,0,"Pring__",0.028,-16.801,0,"인생최패망자",-23.467,-48.787,0,"Fresh825",-14.167,-63.933,0,"Megu3568",17.445,-44.127,0,"ʚEveɞ",7.733,-66.684,0,"IbikiKai_JP",40.732,-93.648,0,"Gonyong",-8.504,-113.375,0,"SOM_candy",-35.604,-81.122,0,5849.44,-0.856,-19.858,0,0,"",0,0,0,0,0,0,0,0,0,3
127,6,0,15,1,1,1,0,0,0,1,255,255,17,44,5871.416,"とりらむ",R,0,83,136,1.034,0.363,0.095,1.617,-36.383,2,0,0,0,0,0,0,1,0,6,R,"Apple_Sherbet",176,86.926,0.301,3,75,5872.349,223,14,67,48,32,140,90,102.65,-76.635,-0.43,-0.019,-0.034,0.152,0,0.199,0.149,-36.676,0,"Pring__",0.015,-16.743,0,"인생최패망자",-18.551,-43.637,0,"Fresh825",-15.103,-63.297,0,"Megu3568",17.81,-44.009,0,"ʚEveɞ",8.131,-66.887,0,"IbikiKai_JP",39.278,-94.411,0,"Gonyong",-9.008,-111.475,0,"SOM_candy",-43.099,-88.093,0,0,0,0,0,0,"",0,0,0,0,0,0,0,0,0,3
128,6,0,15,1,1,2,0,0,0,1,255,255,17,45,5893.633,"とりらむ",R,13,79,106,-1.72,-1.313,0.127,1.263,-36.419,2,0,-376.237,312.348,-55.485,0,0,1,0,6,R,"Apple_Sherbet",176,86.926,0.301,3,75,5894.602,255,31,84,1,5,126,64,-30,32.434,0.99,-0.03,-0.058,0.123,0,1.119,-0.077,-37.148,0,"Pring__",-0.271,-16.553,0,"인생최패망자",-20.159,-45.458,85,"Fresh825",-15.022,-64.788,0,"Megu3568",17.302,-44.237,0,"ʚEveɞ",7.456,-66.304,0,"IbikiKai_JP",38.124,-96.368,0,"Gonyong",-8.12,-111.67,0,"SOM_candy",-48.592,-84.065,0,5894.932,-0.84,-21.78,5897.053,2,"인생최패망자",-13.3,-42.411,0,0,0,0,0,0,0,2
129,6,0,15,1,0,0,1,0,0,1,255,255,17,46,5922.842,"とりらむ",R,0,91,140,0.968,0.121,0.121,1.359,-36.339,2,0,0,0,0,0,0,1,1,2,R,"Pugeuk",190,86.326,0.454,3,75,5923.843,134,3,105,11,14,139,93,-85.808,83.636,-0.48,-0.067,-0.118,0.103,0,0.662,0.339,-36.865,0,"Pring__",0.012,-16.881,0,"인생최패망자",-22.631,-47.79,0,"Fresh825",-16.378,-61.907,0,"Megu3568",16.744,-44.233,0,"ʚEveɞ",9.296,-66.238,0,"IbikiKai_JP",35.802,-90.036,0,"Gonyong",-0.204,-112.622,0,"SOM_candy",-44.983,-89.522,0,5924.178,-0.479,-19.298,0,0,"",0,0,0,0,0,0,0,0,0,3
130,6,0,15,1,0,1,1,0,0,1,255,255,17,47,5966.165,"とりらむ",R,10,89,128,1.403,-2.15,0.238,1.463,-36.335,4,0,0,400,27.034,0.261,-19.473,1,1,2,R,"Pugeuk",190,86.326,0.454,0,75,0,0,0,0,0,0,0,0,0,0,0,0,0,0,0,0,0.26,-37.125,0,"Pring__",1.413,-18.442,0,"인생최패망자",-22.258,-47.145,0,"Fresh825",-15.891,-63.371,0,"Megu3568",18.287,-42.289,0,"ʚEveɞ",6.989,-67.128,0,"IbikiKai_JP",34.586,-89.616,0,"Gonyong",-0.699,-109.195,0,"SOM_candy",-43.707,-89.067,0,0,0,0,0,0,"",0,0,0,0,0,0,0,0,0,0
131,6,0,15,1,0,2,1,0,0,1,255,255,17,48,5995.381,"とりらむ",R,0,95,140,2.248,-0.308,0.049,1.154,-36.262,1,0,0,0,0,0,0,0,1,2,R,"Pugeuk",190,86.326,0.454,0,75,0,0,0,0,0,0,0,0,0,0,0,0,0,0,0,0,0.109,-37.029,0,"Pring__",-0.093,-16.796,0,"인생최패망자",-22.222,-46.756,0,"Fresh825",-14.907,-64.041,0,"Megu3568",18.285,-42.616,0,"ʚEveɞ",9.809,-66.322,0,"IbikiKai_JP",34.75,-89.543,0,"Gonyong",-10.837,-107.451,0,"SOM_candy",-45.133,-90.707,0,0,0,0,0,0,"",0,0,0,0,0,0,0,0,0,0
132,6,0,15,1,1,2,1,0,0,1,255,255,17,49,6013.039,"とりらむ",R,0,95,140,-1.097,1.138,-0.224,0.98,-36.284,1,0,0,0,0,0,0,0,1,2,R,"Pugeuk",190,86.326,0.454,0,75,0,0,0,0,0,0,0,0,0,0,0,0,0,0,0,0,-0.013,-37.776,0,"Pring__",-0.161,-16.831,0,"인생최패망자",-22.342,-47.178,0,"Fresh825",-14.624,-64.118,0,"Megu3568",18.346,-41.286,0,"ʚEveɞ",9.801,-66.343,0,"IbikiKai_JP",33.37,-90.373,0,"Gonyong",-0.171,-108.788,0,"SOM_candy",-44.278,-88.376,0,0,0,0,0,0,"",0,0,0,0,0,0,0,0,0,0
133,6,0,15,1,2,2,1,0,0,1,255,255,17,50,6031.835,"とりらむ",R,0,88,140,2.588,0.337,0.138,1.315,-36.262,2,0,0,0,0,0,0,1,1,2,R,"Pugeuk",190,86.326,0.454,3,75,6032.856,167,5,166,99,43,150,91,42.414,-47.144,-0.79,-0.036,-0.099,0.118,0,0.677,0.122,-36.922,0,"Pring__",0.044,-16.909,0,"인생최패망자",-23.3,-48.454,0,"Fresh825",-14.245,-64.176,0,"Megu3568",17.084,-43.118,0,"ʚEveɞ",9.809,-66.329,0,"IbikiKai_JP",33.364,-90.337,0,"Gonyong",-0.131,-108.862,0,"SOM_candy",-44.02,-87.831,0,6037.687,52.974,-70.629,0,0,"",0,0,0,0,0,0,0,0,0,3
134,6,0,15,1,2,2,1,0,0,1,255,255,17,51,6056.173,"とりらむ",R,5,56,97,3.689,1.098,0.36,1.802,-37.169,4,0,-85.186,0,-11.678,0,0,1,1,2,R,"Pugeuk",190,86.326,0.454,0,74,0,0,0,0,0,0,0,0,0,0,0,0,0,0,0,0,0.137,-37.055,0,"Pring__",-0.028,-16.954,0,"인생최패망자",-22.837,-47.161,0,"Fresh825",-14.047,-64.04,0,"Megu3568",18.217,-41.34,0,"ʚEveɞ",9.613,-66.407,0,"IbikiKai_JP",42.536,-86.263,0,"Gonyong",0.115,-115.188,0,"SOM_candy",-46.999,-89.1,0,0,0,0,0,0,"",0,0,0,0,0,0,0,0,0,0
135,6,0,15,1,0,0,2,0,0,1,255,255,17,52,6081.928,"とりらむ",R,0,93,140,0.803,-0.389,-0.133,1.09,-36.317,0,0,0,0,0,0,0,1,2,7,L,"하루（Haru）",164.7,80,0.55,0,74,0,0,0,0,0,0,0,0,0,0,0,0,0,0,0,0,0.333,-36.935,0,"Pring__",0.006,-16.857,0,"인생최패망자",-18.823,-48.48,0,"Fresh825",-11.959,-65.747,0,"Megu3568",18.879,-41.59,0,"ʚEveɞ",15.599,-62.478,0,"IbikiKai_JP",49.93,-85.105,0,"Gonyong",12.509,-116.735,0,"SOM_candy",-40.765,-95.221,0,0,0,0,0,0,"",0,0,0,0,0,0,0,0,0,0
136,6,0,15,1,0,1,2,0,0,1,255,255,17,53,6097.302,"とりらむ",R,3,74,105,-1.517,0.85,0.175,1.654,-36.496,2,0,-360.48,0,-11.304,0,0,1,2,7,L,"하루（Haru）",164.7,80,0.55,2,74,6098.393,184,12,58,71,49,140,79,91.721,-87.224,-0.81,0.066,-0.033,0.102,0,0.369,0.005,-37.043,0,"Pring__",-0.04,-16.829,0,"인생최패망자",-18.56,-48.649,0,"Fresh825",-11.21,-65.637,0,"Megu3568",18.922,-43.893,0,"ʚEveɞ",15.344,-62.319,0,"IbikiKai_JP",51.631,-87.423,0,"Gonyong",12.557,-116.898,0,"SOM_candy",-40.869,-95.237,0,6104.09,-43.535,-14.915,0,0,"",0,0,0,0,0,0,0,0,0,3
137,6,0,15,1,0,2,2,0,0,1,255,255,17,54,6118.779,"とりらむ",R,14,78,104,2.385,0.259,0.068,1.705,-36.466,4,0,368.615,313.038,25.611,0,0,1,2,7,L,"하루（Haru）",164.7,80,0.55,0,74,0,0,0,0,0,0,0,0,0,0,0,0,0,0,0,0,-0.206,-37.951,0,"Pring__",0.224,-17.03,0,"인생최패망자",-18.843,-45.56,0,"Fresh825",-11.905,-65.306,0,"Megu3568",18.208,-42.83,0,"ʚEveɞ",15.496,-63.495,0,"IbikiKai_JP",51.328,-85.686,0,"Gonyong",10.902,-117.826,0,"SOM_candy",-45.785,-92.378,0,0,0,0,0,0,"",0,0,0,0,0,0,0,0,0,0
