id,inn,half,scoreA,scoreB,ball,strk,out,b1,b2,b3,b1Idx,b2Idx,b3Idx,pCnt,pSec,pName,pHand,pType,pPow,spdK,zoneX,zoneY,startX,startY,zDist,call,balk,sH,sV,gyro,plx,plz,bSwing,bIdx,bPos,bZone,bName,bHCm,batLen,batCen,batType,bFps,hSec,rotS,rotL,shS,lgS,prepS,batSpd,ev,ldeg,sdeg,hPos,hMoveX,hMoveY,stayCon,buntGrip,handDist,PPosX,PPosY,PThrSpd,CName,CPosX,CPosY,CThrSpd,1BName,1BPosX,1BPosY,1BThrSpd,2BName,2BPosX,2BPosY,2BThrSpd,3BName,3BPosX,3BPosY,3BThrSpd,SSName,SSPosX,SSPosY,SSThrSpd,LFName,LFPosX,LFPosY,LFThrSpd,CFName,CFPosX,CFPosY,CFThrSpd,RFName,RFPosX,RFPosY,RFThrSpd,ltSec,lx,lz,cSec,cPos,cPlr,cx,cz,1BSafe,tag,cpSec,sb2Sec,sb3Sec,sbhSec,ass,result
1,1,1,0,0,0,0,0,0,0,0,255,255,255,0,1608.371,"Pring__",R,26,87,140,-1.415,-0.455,-0.163,1.496,-36.118,0,0,134.226,-200,6.692,0,0,0,0,3,R,"sano jpn",167.9,90.796,0.324,0,57,0,0,0,0,0,0,0,0,0,0,0,0,0,0,0,0,-0.181,-37.524,0,"ʚEveɞ",-0.216,-17.058,0,"Megu3568",-19.233,-45.838,0,"とりらむ",-12.982,-64.019,0,"인생최패망자",21.051,-51.098,0,"わだ、、",11.753,-64.225,0,"IbikiKai_JP",38.828,-87.971,0,"Gonyong",-10.822,-109.479,0,"SOM_candy",-45.488,-84.948,0,0,0,0,0,0,"",0,0,0,0,0,0,0,0,0,0
2,1,1,0,0,0,1,0,0,0,0,255,255,255,1,1626.192,"Pring__",R,26,85,138,-0.599,1.108,-0.094,1.63,-36.218,0,0,140.416,-200,29.881,0,0,1,0,3,R,"sano jpn",167.9,90.796,0.324,0,57,0,0,0,0,0,0,0,0,0,0,0,0,0,0,0,0,-0.154,-37.66,0,"ʚEveɞ",-0.036,-17.089,0,"Megu3568",-19.412,-45.834,0,"とりらむ",-12.907,-64.123,0,"인생최패망자",20.802,-50.444,0,"わだ、、",12.112,-64.638,0,"IbikiKai_JP",38.616,-88.155,0,"Gonyong",-11.838,-110.851,0,"SOM_candy",-43.75,-84.223,0,0,0,0,0,0,"",0,0,0,0,0,0,0,0,0,0
3,1,1,0,0,0,2,0,0,0,0,255,255,255,2,1645.232,"Pring__",R,13,87,111,-3.353,-1.093,-0.201,1.438,-36.067,1,0,-387.603,315.854,28.837,0,0,0,0,3,R,"sano jpn",167.9,90.796,0.324,0,57,0,0,0,0,0,0,0,0,0,0,0,0,0,0,0,0,-0.337,-37.953,0,"ʚEveɞ",-0.404,-17.236,0,"Megu3568",-20.033,-43.78,0,"とりらむ",-12.998,-64.979,0,"인생최패망자",21.763,-52.154,0,"わだ、、",10.993,-64.245,0,"IbikiKai_JP",38.366,-88.357,0,"Gonyong",-11.816,-110.736,0,"SOM_candy",-44.359,-83.768,0,0,0,0,0,0,"",0,0,0,0,0,0,0,0,0,0
4,1,1,0,0,1,2,0,0,0,0,255,255,255,3,1662.479,"Pring__",R,26,78,129,-2.3,-0.831,-0.227,1.433,-36.09,1,0,43.073,-200,18.613,0,0,0,0,3,R,"sano jpn",167.9,90.796,0.324,0,57,0,0,0,0,0,0,0,0,0,0,0,0,0,0,0,0,-0.334,-37.793,0,"ʚEveɞ",-0.167,-17.006,0,"Megu3568",-19.014,-42.443,0,"とりらむ",-13.332,-64.505,0,"인생최패망자",21.251,-51.849,0,"わだ、、",10.715,-64.016,0,"IbikiKai_JP",38.38,-88.348,0,"Gonyong",-12.763,-113.276,0,"SOM_candy",-44.545,-83.631,0,0,0,0,0,0,"",0,0,0,0,0,0,0,0,0,0
5,1,1,0,0,2,2,0,0,0,0,255,255,255,4,1681.424,"Pring__",R,26,76,128,0.924,1.221,0.049,1.741,-36.289,2,0,117.451,-200,-9.437,0,0,1,0,3,R,"sano jpn",167.9,90.796,0.324,3,57,1682.596,98,8,44,88,37,120,77,110.219,-17.345,-0.23,0.018,0.035,0.075,0.048,0.399,-0.422,-36.694,0,"ʚEveɞ",-0.055,-17.15,0,"Megu3568",-19.101,-45.339,0,"とりらむ",-13.311,-64.703,0,"인생최패망자",21.241,-51.822,0,"わだ、、",11.235,-65.237,0,"IbikiKai_JP",38.368,-88.311,0,"Gonyong",-12.506,-110.494,0,"SOM_candy",-44.97,-84.391,0,0,0,0,0,0,"",0,0,0,0,0,0,0,0,0,3
6,1,1,0,0,2,2,0,0,0,0,255,255,255,5,1702.764,"Pring__",R,3,72,100,0.692,-0.487,0.391,1.507,-36.328,2,0,-454.546,0,-1.799,0,0,1,0,3,R,"sano jpn",167.9,90.796,0.324,3,57,1704.058,15,5,41,44,41,13,31,26.959,41.737,0.72,-0.011,-0.029,0.056,0,0.262,-0.28,-37.022,0,"ʚEveɞ",0.116,-17.083,0,"Megu3568",-19.772,-45.249,91,"とりらむ",-13.965,-64.185,0,"인생최패망자",21.715,-51.88,0,"わだ、、",12.015,-65.008,0,"IbikiKai_JP",37.829,-85.216,0,"Gonyong",-14.396,-110.965,0,"SOM_candy",-47.58,-80.792,0,1705.734,-7.759,-28.593,1707.551,2,"Megu3568",-13.589,-35.049,0,0,0,0,0,0,0,2
7,1,1,0,0,0,0,1,0,0,0,255,255,255,6,1734.926,"Pring__",R,13,77,104,-1.531,-0.728,0.038,1.584,-36.089,4,0,-369.138,312.348,14.696,0,0,1,1,8,R,"ゆっち一",180.2,83.623,0.42,0,72,0,0,0,0,0,0,0,0,0,0,0,0,0,0,0,0,-0.35,-37.518,0,"ʚEveɞ",-0.49,-17.232,120,"Megu3568",-19.525,-45.436,0,"とりらむ",-15.535,-62.493,0,"인생최패망자",21.348,-54.184,0,"わだ、、",10.721,-64.662,0,"IbikiKai_JP",43.533,-104.062,0,"Gonyong",-0.419,-126.47,0,"SOM_candy",-59.177,-100.156,0,0,0,0,0,0,"",0,0,0,0,0,0,0,0,0,0
8,1,1,0,0,0,1,1,0,0,0,255,255,255,7,1752.474,"Pring__",R,13,77,104,-1.185,-1.151,0.117,1.511,-36.095,2,0,-360.458,323.49,-7.705,0,0,1,1,8,R,"ゆっち一",180.2,83.623,0.42,3,72,1753.73,185,16,110,77,60,150,122,-10.026,-19.804,0.65,-0.071,-0.197,0.325,0,0.394,-0.136,-36.847,0,"ʚEveɞ",-0.412,-17.416,0,"Megu3568",-19.424,-45.238,92,"とりらむ",-15.593,-62.605,0,"인생최패망자",21.474,-54.396,0,"わだ、、",11.759,-64.36,93,"IbikiKai_JP",43.511,-104.023,0,"Gonyong",-0.426,-126.513,0,"SOM_candy",-59.294,-100.376,0,1753.868,0.787,-23.252,1755.651,5,"わだ、、",14.194,-60.852,0,0,0,0,0,0,0,2
9,1,1,0,0,0,0,2,0,0,0,255,255,255,8,1779.775,"Pring__",R,26,77,128,0.28,0.959,0.129,1.748,-36.19,0,0,121.856,-186.547,-3.483,0,0,0,2,1,R,"mochi_2929",190,95.142,0.445,0,57,0,0,0,0,0,0,0,0,0,0,0,0,0,0,0,0,-0.477,-37.733,0,"ʚEveɞ",0.038,-16.938,0,"Megu3568",-19.306,-44.992,0,"とりらむ",-14.681,-64.573,0,"인생최패망자",19.676,-51.66,0,"わだ、、",11.227,-64.635,0,"IbikiKai_JP",37.781,-92.9,0,"Gonyong",-7.792,-123.442,0,"SOM_candy",-54.981,-97.759,0,0,0,0,0,0,"",0,0,0,0,0,0,0,0,0,0
10,1,1,0,0,0,1,2,0,0,0,255,255,255,9,1796.627,"Pring__",R,26,82,134,-1.646,-0.22,-0.033,1.52,-36.119,1,0,51.158,-200,2.98,0,0,0,2,1,R,"mochi_2929",190,95.142,0.445,0,57,0,0,0,0,0,0,0,0,0,0,0,0,0,0,0,0,-0.164,-37.625,0,"ʚEveɞ",-0.351,-17.289,0,"Megu3568",-19.346,-44.973,0,"とりらむ",-12.274,-64.059,0,"인생최패망자",19.55,-52.252,0,"わだ、、",12.274,-65.059,0,"IbikiKai_JP",37.84,-92.933,0,"Gonyong",-7.758,-123.24,0,"SOM_candy",-56.75,-98.281,0,0,0,0,0,0,"",0,0,0,0,0,0,0,0,0,0
11,1,1,0,0,1,1,2,0,0,0,255,255,255,10,1813.458,"Pring__",R,26,87,140,-3.064,-1.473,-0.177,1.281,-36.042,1,0,100.875,-200,18.67,0,0,0,2,1,R,"mochi_2929",190,95.142,0.445,0,57,0,0,0,0,0,0,0,0,0,0,0,0,0,0,0,0,-0.191,-37.688,0,"ʚEveɞ",-0.244,-17.102,0,"Megu3568",-19.371,-44.889,0,"とりらむ",-12.109,-64.047,0,"인생최패망자",19.73,-51.752,0,"わだ、、",10.063,-64.065,0,"IbikiKai_JP",37.89,-92.918,0,"Gonyong",-7.808,-123.252,0,"SOM_candy",-61.498,-96.456,0,0,0,0,0,0,"",0,0,0,0,0,0,0,0,0,0
12,1,1,0,0,2,1,2,0,0,0,255,255,255,11,1830.709,"Pring__",R,13,75,103,0.676,-0.006,0.336,1.739,-36.425,0,0,-365.589,312.348,-5.51,-0.091,-17.672,0,2,1,R,"mochi_2929",190,95.142,0.445,0,57,0,0,0,0,0,0,0,0,0,0,0,0,0,0,0,0,-0.009,-37.482,0,"ʚEveɞ",-0.05,-17.246,0,"Megu3568",-19.266,-44.025,0,"とりらむ",-14.138,-63.958,86,"인생최패망자",19.673,-51.309,0,"わだ、、",9.326,-64.262,0,"IbikiKai_JP",37.842,-92.913,0,"Gonyong",-7.802,-123.221,0,"SOM_candy",-60.405,-98.125,0,0,0,0,0,0,"",0,0,0,0,0,0,0,0,0,0
13,1,1,0,0,2,2,2,0,0,0,255,255,255,12,1851.645,"Pring__",R,26,86,140,-1.866,-0.267,-0.106,1.412,-36.096,4,0,0.119,-200,11.117,0,0,1,2,1,R,"mochi_2929",190,95.142,0.445,0,57,0,0,0,0,0,0,0,0,0,0,0,0,0,0,0,0,-0.46,-37.608,0,"ʚEveɞ",-0.48,-16.575,0,"Megu3568",-19.567,-42.297,0,"とりらむ",-13.237,-63.832,0,"인생최패망자",19.755,-50.994,0,"わだ、、",10.936,-64.971,0,"IbikiKai_JP",37.876,-92.907,0,"Gonyong",-7.823,-123.235,0,"SOM_candy",-59.094,-97.272,0,0,0,0,0,0,"",0,0,0,0,0,0,0,0,0,0
14,1,0,0,0,0,0,0,0,0,0,255,255,255,0,2203.609,"あくせる",R,34,87,140,-1.394,0.335,-0.151,1.683,-36.333,0,0,87.755,-72.587,16.179,0,0,0,0,1,L,"ʚEveɞ",190,80,0.347,0,58,0,0,0,0,0,0,0,0,0,0,0,0,0,0,0,0,-0.135,-37.801,0,"mochi_2929",-0.228,-16.59,0,"Espressο",-23.188,-50.854,0,"sano jpn",-11.162,-65.725,0,"にゃんこ3K",22.794,-50.835,0,"쟈가리코",15.154,-63.425,0,"akahosi",44.752,-90.481,0,"alcohol500",4.28,-115.154,0,"ゆっち一",-35.866,-94.437,0,0,0,0,0,0,"",0,0,0,0,0,0,0,0,0,0
15,1,0,0,0,0,1,0,0,0,0,255,255,255,1,2219.2,"あくせる",R,34,89,140,1.455,-0.578,0.109,1.512,-36.326,0,0,94.815,-52.653,10.715,0,0,1,0,1,L,"ʚEveɞ",190,80,0.347,0,58,0,0,0,0,0,0,0,0,0,0,0,0,0,0,0,0,-0.095,-37.711,0,"mochi_2929",-0.018,-16.64,0,"Espressο",-23.176,-50.844,0,"sano jpn",-11.134,-65.78,0,"にゃんこ3K",23.9,-50.7,0,"쟈가리코",15.238,-63.387,0,"akahosi",44.825,-90.455,0,"alcohol500",5.87,-113.967,0,"ゆっち一",-35.874,-94.965,0,0,0,0,0,0,"",0,0,0,0,0,0,0,0,0,0
16,1,0,0,0,0,2,0,0,0,0,255,255,255,2,2237.34,"あくせる",R,32,85,139,-0.032,0.517,-0.048,1.714,-36.473,0,0,154.641,-87.585,15.805,0,0,1,0,1,L,"ʚEveɞ",190,80,0.347,0,58,0,0,0,0,0,0,0,0,0,0,0,0,0,0,0,0,-0.041,-37.387,0,"mochi_2929",-0.256,-16.524,0,"Espressο",-23.158,-50.842,0,"sano jpn",-11.212,-65.753,0,"にゃんこ3K",23.62,-52.011,0,"쟈가리코",15.514,-63.36,0,"akahosi",44.782,-90.451,0,"alcohol500",5.067,-114.179,0,"ゆっち一",-35.883,-94.971,0,0,0,0,0,0,"",0,0,0,0,0,0,0,0,0,0
17,1,0,0,0,0,0,1,0,0,0,255,255,255,3,2260.784,"あくせる",R,4,78,124,-0.379,-0.473,0.01,1.574,-36.472,2,0,-189.545,0,3.061,0,0,1,1,2,R,"Megu3568",175.3,86,0.404,3,58,2261.908,255,20,181,114,75,150,127,93.119,-81.172,0.32,-0.005,-0.057,0.298,0,0.743,-0.287,-37.067,0,"mochi_2929",-0.236,-16.586,0,"Espressο",-23.45,-51.424,0,"sano jpn",-13.736,-64.139,0,"にゃんこ3K",21.984,-54.075,0,"쟈가리코",12.153,-65.088,0,"akahosi",40.539,-92.291,0,"alcohol500",-1.726,-116.993,0,"ゆっち一",-50.491,-93.002,0,0,0,0,0,0,"",0,0,0,0,0,0,0,0,0,3
18,1,0,0,0,0,1,1,0,0,0,255,255,255,4,2279.16,"あくせる",R,3,78,118,-1.39,-0.654,0.033,1.528,-36.488,2,0,-454.505,0,1.847,0,0,1,1,2,R,"Megu3568",175.3,86,0.404,3,58,2280.301,255,32,132,161,68,150,95,114.752,-66.906,0.92,-0.013,-0.017,0.15,0,0.626,-0.271,-36.993,0,"mochi_2929",-0.28,-16.78,0,"Espressο",-23.673,-51.34,0,"sano jpn",-13.772,-64.153,0,"にゃんこ3K",21.794,-54.848,0,"쟈가리코",11.544,-65.83,0,"akahosi",41.498,-94.348,0,"alcohol500",-1.329,-114.709,0,"ゆっち一",-50.232,-92.902,0,0,0,0,0,0,"",0,0,0,0,0,0,0,0,0,3
19,1,0,0,0,0,2,1,0,0,0,255,255,255,5,2321.031,"あくせる",R,28,80,132,-1.623,-0.986,-0.159,1.449,-36.292,1,0,26.725,-87.357,18.239,0,0,0,1,2,R,"Megu3568",175.3,86,0.404,0,58,0,0,0,0,0,0,0,0,0,0,0,0,0,0,0,0,-0.076,-37.415,0,"mochi_2929",-0.246,-16.749,0,"Espressο",-23.084,-50.608,0,"sano jpn",-13.714,-64.288,0,"にゃんこ3K",20.747,-53.732,0,"쟈가리코",10.973,-65.814,0,"akahosi",41.938,-94.403,0,"alcohol500",-0.326,-116.82,0,"ゆっち一",-52.616,-93.481,0,0,0,0,0,0,"",0,0,0,0,0,0,0,0,0,0
20,1,0,0,0,1,2,1,0,0,0,255,255,255,6,2342.186,"あくせる",R,3,65,97,-0.894,-0.62,0.117,1.506,-36.68,2,0,-359.939,0,3.052,0,0,0,1,2,R,"Megu3568",175.3,86,0.404,3,58,2343.479,255,16,125,114,59,150,97,112.276,-58.414,-0.2,0.027,-0.031,0.203,0,0.589,-0.098,-37.086,0,"mochi_2929",-0.264,-16.571,0,"Espressο",-21.872,-49.438,0,"sano jpn",-14.399,-63.711,0,"にゃんこ3K",20.972,-54.102,0,"쟈가리코",11.306,-65.642,0,"akahosi",41.977,-94.36,0,"alcohol500",-3.948,-116.927,0,"ゆっち一",-49.941,-91.995,0,0,0,0,0,0,"",0,0,0,0,0,0,0,0,0,3
21,1,0,0,0,1,2,1,0,0,0,255,255,255,7,2359.616,"あくせる",R,32,88,140,2.862,-0.074,0.205,1.594,-36.573,4,0,216.71,-82.002,8.228,0.694,-20.145,1,1,2,R,"Megu3568",175.3,86,0.404,0,58,0,0,0,0,0,0,0,0,0,0,0,0,0,0,0,0,-0.229,-37.342,0,"mochi_2929",-0.061,-16.738,0,"Espressο",-22.757,-50.794,0,"sano jpn",-14.221,-63.905,0,"にゃんこ3K",20.948,-54.011,0,"쟈가리코",10.952,-65.907,0,"akahosi",41.771,-94.919,0,"alcohol500",-1.542,-118.39,0,"ゆっち一",-50.425,-92.59,0,0,0,0,0,0,"",0,0,0,0,0,0,0,0,0,0
22,1,0,0,0,0,0,2,0,0,0,255,255,255,8,2388.324,"あくせる",R,6,62,107,2.851,-0.669,0.102,1.529,-36.424,2,0,486.364,0,-17.119,0,0,1,2,7,R,"Gonyong",175.2,80,0.2,3,58,2389.493,226,9,114,114,43,150,85,111.83,37.719,-0.83,0.001,-0.039,0,0.095,0.161,0.097,-37.478,0,"mochi_2929",0.114,-16.695,0,"Espressο",-22.612,-50.147,0,"sano jpn",-14.139,-63.817,0,"にゃんこ3K",20.722,-53.928,0,"쟈가리코",12.025,-65.379,0,"akahosi",42.134,-94.819,0,"alcohol500",1.928,-118.504,0,"ゆっち一",-45.832,-96.173,0,0,0,0,0,0,"",0,0,0,0,0,0,0,0,0,3
23,1,0,0,0,0,1,2,0,0,0,255,255,255,9,2405.6,"あくせる",R,1,72,125,-0.036,-1.922,0.052,1.449,-36.382,1,0,0,0,-15.915,0.007,-18.343,0,2,7,R,"Gonyong",175.2,80,0.2,0,56,0,0,0,0,0,0,0,0,0,0,0,0,0,0,0,0,-0.131,-37.977,0,"mochi_2929",0.011,-16.717,0,"Espressο",-22.033,-49.642,0,"sano jpn",-13.89,-64.129,0,"にゃんこ3K",20.538,-54.879,0,"쟈가리코",9.879,-65.992,0,"akahosi",46.538,-93.879,0,"alcohol500",1.864,-115.768,0,"ゆっち一",-48.715,-95.017,0,0,0,0,0,0,"",0,0,0,0,0,0,0,0,0,0
24,1,0,0,0,1,1,2,0,0,0,255,255,255,10,2420.922,"あくせる",R,6,69,113,2.894,-0.959,0.118,1.479,-36.337,2,0,415.587,0,-10.451,0,0,0,2,7,R,"Gonyong",175.2,80,0.2,3,56,2422.061,166,11,102,80,64,150,87,23.08,-44.089,-0.72,-0.036,-0.03,0,0.048,0.216,0.091,-36.99,0,"mochi_2929",0.133,-16.681,0,"Espressο",-22.031,-49.573,0,"sano jpn",-13.818,-64.223,0,"にゃんこ3K",20.805,-54.137,0,"쟈가리코",9.801,-66.155,0,"akahosi",46.588,-93.834,0,"alcohol500",-0.693,-115.73,0,"ゆっち一",-47.145,-98.637,0,2425.001,40.243,-57.407,0,0,"",0,0,0,0,0,0,0,0,0,3
25,1,0,0,0,1,2,2,0,0,0,255,255,255,11,2444.819,"あくせる",R,27,94,140,-0.31,-0.934,-0.049,1.456,-36.338,2,0,71.127,-102.73,22.747,0,0,1,2,7,R,"Gonyong",175.2,80,0.2,3,57,2445.842,207,12,129,118,56,150,127,27.51,34.599,0.67,-0.044,-0.055,0.032,0.143,0.189,0.055,-37.502,0,"mochi_2929",-0.266,-16.661,0,"Espressο",-23.211,-51.761,0,"sano jpn",-13.824,-64.327,0,"にゃんこ3K",21.578,-51.838,0,"쟈가리코",10.322,-66.232,0,"akahosi",45.109,-88.033,0,"alcohol500",-3.212,-114.26,0,"ゆっち一",-46.244,-98.428,0,2450.935,-81.144,-97.342,0,0,"",0,0,0,0,0,0,0,0,0,3
26,1,0,0,0,1,2,2,0,0,0,255,255,255,12,2470.135,"あくせる",R,34,85,139,-9.521,-0.036,-0.094,1.482,-36.283,2,0,73.83,-50.331,11.004,0,0,1,2,7,R,"Gonyong",175.2,80,0.2,3,57,2471.186,244,12,163,113,43,150,127,25.454,12.266,0.66,-0.051,-0.058,0.104,0.048,0.165,-0.208,-37.028,0,"mochi_2929",-0.223,-16.795,0,"Espressο",-23.263,-50.054,0,"sano jpn",-13.644,-64.225,0,"にゃんこ3K",22.363,-52.181,0,"쟈가리코",11.573,-65.379,72,"akahosi",44.902,-88.768,0,"alcohol500",0.088,-113.737,0,"ゆっち一",-50.192,-94.348,101,2476.234,-46.3,-121.261,2477.734,8,"ゆっち一",-44.291,-114.256,1,0,0,0,0,0,0,2
27,1,0,0,0,0,0,2,0,1,0,255,16,255,13,2507.555,"あくせる",R,28,71,125,-1.831,0.586,-0.166,1.721,-36.369,2,0,-14.04,-83.679,18.303,0,0,1,3,0,L,"Pring__",190,94.516,0.485,3,58,2508.222,241,20,102,123,84,150,130,96.658,-75.657,0.53,0.022,-0.032,0.227,0,0.516,-0.379,-36.988,0,"mochi_2929",-0.205,-16.651,0,"Espressο",-23.207,-51.33,0,"sano jpn",-5.236,-61.506,0,"にゃんこ3K",21.579,-48.086,0,"쟈가리코",13.527,-63.555,0,"akahosi",52.569,-94.378,0,"alcohol500",2.047,-125.389,0,"ゆっち一",-44,-103.364,0,0,0,0,0,0,"",0,0,0,0,0,0,0,0,0,3
28,1,0,0,0,0,1,2,0,1,0,255,16,255,14,2524.696,"あくせる",R,12,82,133,-0.152,-0.703,-0.014,1.523,-36.384,2,0,0,75.908,8.654,0,0,1,3,0,L,"Pring__",190,94.516,0.485,3,58,2525.382,196,16,100,104,48,150,129,-30,34.152,0.69,-0.016,-0.083,0.122,0,0.482,-0.152,-37.236,0,"mochi_2929",0.084,-16.677,0,"Espressο",-23.414,-51.273,110,"sano jpn",-2.27,-63.796,0,"にゃんこ3K",21.938,-48.725,0,"쟈가리코",15.618,-63.109,0,"akahosi",52.524,-93.99,0,"alcohol500",3.219,-120.067,0,"ゆっち一",-46.856,-97.041,99,2525.568,-0.778,-20.853,2528.784,8,"ゆっち一",-43.53,-83.452,1,0,0,0,0,0,0,2
29,1,0,0,0,0,0,2,1,0,1,9,255,16,15,2554.868,"あくせる",R,28,84,137,1.32,0.526,0.103,1.71,-36.352,2,0,79.855,-98.752,19.255,0,0,1,4,4,R,"인생최패망자",190,80,0.401,3,58,2555.885,216,13,60,135,50,141,89,27.23,-35.146,-0.77,-0.01,0.007,0.035,0,0.337,-0.334,-36.916,0,"mochi_2929",0.01,-16.71,0,"Espressο",-22.521,-49.325,0,"sano jpn",-13.282,-62.843,0,"にゃんこ3K",17.875,-43.579,85,"쟈가리코",9.198,-65.681,0,"akahosi",45.779,-89.571,106,"alcohol500",-1.57,-116.944,0,"ゆっち一",-47.631,-95.405,0,2560.401,50.682,-73.304,2561.634,1,"ʚEveɞ",56.563,-78.902,1,0,0,0,0,0,0,2
30,1,0,0,1,0,0,2,0,1,1,255,13,9,16,2590.602,"あくせる",R,0,64,120,1.386,-1.34,0.183,1.436,-36.605,1,0,0,0,0.087,0,0,0,5,8,L,"SOM_candy",170.4,94.339,0.503,0,58,0,0,0,0,0,0,0,0,0,0,0,0,0,0,0,0,-0.08,-37.791,0,"mochi_2929",0.131,-16.527,120,"Espressο",-21.296,-52.509,0,"sano jpn",-7.002,-64.703,0,"にゃんこ3K",19.116,-41.624,0,"쟈가리코",17.294,-62.073,0,"akahosi",47.058,-88.921,0,"alcohol500",6.991,-116.817,0,"ゆっち一",-43.354,-95.339,0,0,0,0,0,0,"",0,0,0,0,0,0,0,0,0,0
31,1,0,0,1,1,0,2,0,1,1,255,13,9,17,2603.092,"あくせる",R,1,67,122,1.465,-0.842,0.078,1.519,-36.523,0,0,0,0,22.755,0.301,-16.69,0,5,8,L,"SOM_candy",170.4,94.339,0.503,0,58,0,0,0,0,0,0,0,0,0,0,0,0,0,0,0,0,-0.415,-38.128,0,"mochi_2929",0.083,-16.588,0,"Espressο",-21.314,-52.401,0,"sano jpn",-7.638,-63.977,0,"にゃんこ3K",20.071,-44.165,0,"쟈가리코",17.662,-61.801,0,"akahosi",51.442,-91.513,0,"alcohol500",8.861,-116.92,0,"ゆっち一",-38.783,-96.294,0,0,0,0,0,0,"",0,0,0,0,0,0,0,0,0,0
32,1,0,0,1,1,1,2,0,1,1,255,13,9,18,2620.305,"あくせる",R,3,84,126,0.695,0.277,0.253,1.711,-36.678,2,0,-391.912,0,3.569,0,0,1,5,8,L,"SOM_candy",170.4,94.339,0.503,3,58,2621.4,108,11,92,84,54,139,129,110.377,66.226,0.47,-0.013,0.068,0.062,0,0.236,-0.444,-37.05,0,"mochi_2929",-0.134,-16.653,0,"Espressο",-21.388,-52.382,0,"sano jpn",-10.557,-62.988,0,"にゃんこ3K",19.032,-45.018,0,"쟈가리코",17.654,-61.744,0,"akahosi",48.683,-87.84,0,"alcohol500",5.769,-117.526,0,"ゆっち一",-44.632,-93.683,0,0,0,0,0,0,"",0,0,0,0,0,0,0,0,0,3
33,1,0,0,1,1,2,2,0,1,1,255,13,9,19,2637.13,"あくせる",R,1,69,123,-0.135,-0.956,0.046,1.483,-36.528,2,0,0,0,11.964,0,0,1,5,8,L,"SOM_candy",170.4,94.339,0.503,3,49,2638.227,113,7,72,69,34,139,122,-30,-36.307,0.73,-0.036,0.015,0.147,0,0.176,-0.143,-37.062,0,"mochi_2929",0.267,-16.63,0,"Espressο",-21.285,-52.503,90,"sano jpn",-11.581,-63.837,0,"にゃんこ3K",19.025,-44.607,115,"쟈가리코",18.39,-61.092,0,"akahosi",55.029,-92.115,0,"alcohol500",6.135,-118.446,0,"ゆっち一",-39.875,-97.539,0,2638.284,0.593,-20.284,2639.618,4,"にゃんこ3K",15.779,-40.929,0,0,0,0,0,0,0,2
34,2,1,0,1,0,0,0,0,0,0,255,255,255,13,2697.13,"Pring__",R,26,82,135,-0.952,0.692,-0.105,1.595,-36.171,0,0,66.431,-200,10.805,0,0,0,3,4,R,"にゃんこ3K",190,90.056,0.546,0,58,0,0,0,0,0,0,0,0,0,0,0,0,0,0,0,0,-0.192,-37.579,0,"ʚEveɞ",-0.006,-16.932,0,"Megu3568",-19.717,-46.33,0,"とりらむ",-13.349,-62.94,0,"인생최패망자",21.372,-52.786,0,"わだ、、",10.193,-64.165,0,"IbikiKai_JP",40.828,-100.157,0,"Gonyong",-1.944,-123.772,0,"SOM_candy",-57.357,-97.519,0,0,0,0,0,0,"",0,0,0,0,0,0,0,0,0,0
35,2,1,0,1,0,1,0,0,0,0,255,255,255,14,2715.776,"Pring__",R,26,81,132,1.307,1.898,0.082,1.825,-36.402,1,0,129.854,-198.702,-5.249,0,0,0,3,4,R,"にゃんこ3K",190,90.056,0.546,0,58,0,0,0,0,0,0,0,0,0,0,0,0,0,0,0,0,-0.014,-37.388,0,"ʚEveɞ",0.136,-16.903,0,"Megu3568",-19.77,-46.371,0,"とりらむ",-13.216,-63.961,0,"인생최패망자",21.175,-52.816,0,"わだ、、",11.641,-65.48,0,"IbikiKai_JP",40.781,-100.138,0,"Gonyong",-1.977,-123.887,0,"SOM_candy",-57.521,-97.611,0,0,0,0,0,0,"",0,0,0,0,0,0,0,0,0,0
36,2,1,0,1,1,1,0,0,0,0,255,255,255,15,2732.403,"Pring__",R,26,74,126,0.644,1.357,-0.005,1.721,-36.364,2,0,147.223,-200,-8.639,0,0,1,3,4,R,"にゃんこ3K",190,90.056,0.546,3,58,2733.547,210,16,63,102,71,142,88,-2.915,30.107,-0.85,0.025,-0.072,0.122,0,0.381,-0.448,-36.798,0,"ʚEveɞ",0.087,-16.946,0,"Megu3568",-19.605,-46.334,86,"とりらむ",-13.645,-63.914,0,"인생최패망자",21.125,-52.75,0,"わだ、、",11.695,-65.388,0,"IbikiKai_JP",40.812,-100.134,0,"Gonyong",-1.923,-123.696,0,"SOM_candy",-60.696,-97.735,0,2734.284,-7.581,-33.742,2735.468,2,"Megu3568",-15.457,-47.73,0,0,0,0,0,0,0,2
37,2,1,0,1,0,0,1,0,0,0,255,255,255,16,2759.439,"Pring__",R,26,85,139,-0.237,0.392,-0.056,1.538,-36.242,2,0,125.103,-200,23.215,0,0,1,4,0,R,"あくせる",190,86.41,0.669,3,58,2760.535,255,18,178,86,58,150,116,-30,31.663,0.88,0.017,-0.028,0.269,0,0.406,-1.01,-36.8,0,"ʚEveɞ",0.043,-17.03,0,"Megu3568",-19.846,-45.862,92,"とりらむ",-15.079,-62.7,0,"인생최패망자",21.016,-51.473,89,"わだ、、",11.842,-64.289,0,"IbikiKai_JP",40.325,-99.659,0,"Gonyong",-1.682,-118.802,0,"SOM_candy",-58.919,-97.812,0,2760.618,-1.484,-21.184,2761.951,2,"Megu3568",-15.896,-44.16,0,0,0,0,0,0,0,2
38,2,1,0,1,0,0,2,0,0,0,255,255,255,17,2788.738,"Pring__",R,13,77,104,0.515,-0.419,0.261,1.573,-36.276,0,0,-369.138,312.348,-0.931,0,0,0,5,5,R,"쟈가리코",174.8,83,0.504,0,58,0,0,0,0,0,0,0,0,0,0,0,0,0,0,0,0,-0.249,-37.563,0,"ʚEveɞ",0.099,-17.244,0,"Megu3568",-19.231,-45.572,0,"とりらむ",-14.993,-62.802,0,"인생최패망자",21.4,-51.394,0,"わだ、、",12.403,-64.451,0,"IbikiKai_JP",38.234,-93.647,0,"Gonyong",0.676,-118.074,0,"SOM_candy",-40.654,-84.002,0,0,0,0,0,0,"",0,0,0,0,0,0,0,0,0,0
39,2,1,0,1,0,1,2,0,0,0,255,255,255,18,2807.625,"Pring__",R,13,80,106,-1.677,-0.31,0.086,1.621,-36.201,2,0,-376.237,312.348,16.298,0,0,1,5,5,R,"쟈가리코",174.8,83,0.504,3,58,2808.87,148,17,70,62,46,142,76,-15.163,-8.719,0.96,-0.032,-0.074,0.158,0,0.519,-0.019,-37.151,0,"ʚEveɞ",-0.174,-17.232,0,"Megu3568",-19.296,-45.393,0,"とりらむ",-15.577,-63.184,0,"인생최패망자",21.11,-51.412,0,"わだ、、",12.228,-64.431,86,"IbikiKai_JP",38.213,-93.626,0,"Gonyong",0.628,-118.014,0,"SOM_candy",-40.609,-83.683,0,2809.051,-0.135,-23.27,2811.701,5,"わだ、、",5.132,-57.794,0,0,0,0,0,0,0,2
40,2,0,0,1,0,0,0,0,0,0,255,255,255,20,2867.332,"あくせる",R,13,70,111,-1.518,-0.794,-0.03,1.62,-36.459,2,0,-350.457,356.623,13.035,0,0,1,6,3,R,"とりらむ",174.5,80,0.652,3,58,2868.458,255,29,136,141,88,150,124,-30,46.042,0.74,-0.072,-0.039,0.18,0,0.69,-0.148,-37.539,0,"mochi_2929",-0.473,-16.579,0,"Espressο",-23.828,-50.771,0,"sano jpn",-13.846,-64.101,0,"にゃんこ3K",22.563,-52.593,0,"쟈가리코",9.76,-65.805,67,"akahosi",40.088,-86.281,0,"alcohol500",-0.989,-116.476,0,"ゆっち一",-44.865,-93.454,0,2868.551,-1.423,-21.793,2874.718,8,"ゆっち一",-69.198,-89.587,1,0,0,0,0,0,0,2
41,2,0,0,1,0,0,0,0,1,0,255,12,255,21,2902.551,"あくせる",R,33,92,140,-0.398,-0.429,-0.066,1.552,-36.452,0,0,117.407,-51.601,13.574,0,0,0,7,6,L,"IbikiKai_JP",175.1,90.478,0.5,0,58,0,0,0,0,0,0,0,0,0,0,0,0,0,0,0,0,-0.093,-37.557,0,"mochi_2929",-0.125,-16.742,0,"Espressο",-22.853,-51.985,0,"sano jpn",-9.795,-64.953,0,"にゃんこ3K",21.781,-45.372,0,"쟈가리코",14.53,-62.898,0,"akahosi",45.841,-83.597,0,"alcohol500",8.294,-117.114,0,"ゆっち一",-42.674,-96.819,0,0,0,0,0,0,"",0,0,0,0,0,0,0,0,0,0
42,2,0,0,1,0,1,0,0,1,0,255,12,255,22,2914.938,"あくせる",R,33,82,135,-0.59,-0.791,-0.086,1.491,-36.443,2,0,104.709,-52.365,11.205,0,0,1,7,6,L,"IbikiKai_JP",175.1,90.478,0.5,3,58,2915.976,186,17,57,59,50,139,128,3.213,-17.019,0.6,-0.004,-0.054,0.174,0,0.406,-0.125,-37.554,0,"mochi_2929",-0.148,-16.709,0,"Espressο",-22.866,-51.747,85,"sano jpn",-8.627,-63.519,0,"にゃんこ3K",21.16,-47.453,0,"쟈가리코",14.891,-63.24,107,"akahosi",45.887,-84.178,0,"alcohol500",9.023,-116.136,0,"ゆっち一",-34.727,-96.924,0,2917.168,10.541,-55.657,2917.685,5,"쟈가리코",12.394,-61.634,0,0,0,0,0,0,0,2
43,2,0,0,1,0,0,1,0,0,1,255,255,12,23,2943.405,"あくせる",R,6,58,106,2.3,-1.094,0.075,1.462,-36.514,1,0,395.83,0,-1.242,0.731,-15.878,0,8,5,L,"わだ、、",174.5,85,0.53,0,58,0,0,0,0,0,0,0,0,0,0,0,0,0,0,0,0,-0.41,-38.098,0,"mochi_2929",0.24,-16.78,0,"Espressο",-23.463,-50.838,0,"sano jpn",-13.312,-64.235,0,"にゃんこ3K",19.266,-41.013,0,"쟈가리코",15.683,-63.007,0,"akahosi",44.268,-80.809,0,"alcohol500",5.841,-117.92,0,"ゆっち一",-43.267,-97.997,0,0,0,0,0,0,"",0,0,0,0,0,0,0,0,0,0
44,2,0,0,1,1,0,1,0,0,1,255,255,12,24,2956.576,"あくせる",R,33,86,140,-0.33,0.26,-0.038,1.708,-36.536,0,0,143.177,-48.134,11.894,0,0,1,8,5,L,"わだ、、",174.5,85,0.53,0,58,0,0,0,0,0,0,0,0,0,0,0,0,0,0,0,0,-0.434,-37.868,0,"mochi_2929",-0.143,-16.703,0,"Espressο",-22.965,-50.368,0,"sano jpn",-13.29,-64.328,0,"にゃんこ3K",19.773,-41.049,0,"쟈가리코",16.097,-62.941,0,"akahosi",48.384,-82.435,0,"alcohol500",6.948,-117.533,0,"ゆっち一",-42.14,-96.256,0,0,0,0,0,0,"",0,0,0,0,0,0,0,0,0,0
45,2,0,0,1,1,1,1,0,0,1,255,255,12,25,2971.65,"あくせる",R,33,89,140,0.223,-1.227,0.035,1.467,-36.521,1,0,140.79,-53.028,4.203,0,0,0,8,5,L,"わだ、、",174.5,85,0.53,0,58,0,0,0,0,0,0,0,0,0,0,0,0,0,0,0,0,-0.287,-37.931,0,"mochi_2929",-0.073,-16.758,0,"Espressο",-22.996,-50.338,0,"sano jpn",-13.251,-64.346,0,"にゃんこ3K",19.173,-41.264,0,"쟈가리코",14.66,-63.872,0,"akahosi",48.392,-81.57,0,"alcohol500",5.133,-117.654,0,"ゆっち一",-42.525,-98.575,0,0,0,0,0,0,"",0,0,0,0,0,0,0,0,0,0
46,2,0,0,1,2,1,1,0,0,1,255,255,12,26,2986.783,"あくせる",R,33,90,140,-0.008,0.639,-0.02,1.759,-36.461,2,0,136.62,-59.831,9.655,0,0,1,8,5,L,"わだ、、",174.5,85,0.53,3,58,2987.853,255,9,118,65,25,150,126,19.796,18.939,0.33,-0.017,-0.009,0.206,0,0.483,-0.127,-37.584,0,"mochi_2929",-0.099,-16.726,0,"Espressο",-23.006,-50.334,0,"sano jpn",-13.16,-64.338,0,"にゃんこ3K",18.141,-41.584,0,"쟈가리코",14.665,-63.85,86,"akahosi",47.316,-83.1,0,"alcohol500",5.543,-116.845,0,"ゆっち一",-42.904,-101.205,102,2992.951,-53.752,-114.976,2996.551,8,"ゆっち一",-35.653,-109.665,1,0,0,0,0,0,0,2
47,2,0,0,2,0,0,1,0,1,0,255,14,255,27,3023.353,"あくせる",R,3,82,120,-3.654,-0.914,-0.05,1.566,-36.436,2,0,-493.506,0,7.482,0,0,1,0,1,L,"ʚEveɞ",190,80,0.347,3,58,3024.338,255,19,100,81,26,150,88,36.985,40.789,-0.82,0.113,-0.077,0.399,0,0.361,-0.144,-37.483,0,"mochi_2929",-0.273,-16.601,0,"Espressο",-23.561,-51.726,89,"sano jpn",-6.629,-61.553,0,"にゃんこ3K",20.727,-46.945,0,"쟈가리코",15.491,-63.366,0,"akahosi",47.155,-84.337,0,"alcohol500",4.54,-119.384,0,"ゆっち一",-40.075,-101.805,90,3029.268,-50.025,-72.109,3031.318,8,"ゆっち一",-61.089,-83.227,1,0,0,0,0,0,0,2
48,2,0,0,3,0,0,1,0,1,0,255,255,255,28,3057.048,"あくせる",R,34,81,133,0.356,0.633,0.005,1.717,-36.464,0,0,94.231,-80.805,21.234,0,0,1,1,2,R,"Megu3568",175.3,86,0.404,0,58,0,0,0,0,0,0,0,0,0,0,0,0,0,0,0,0,-0.033,-37.661,0,"mochi_2929",-0.005,-16.653,0,"Espressο",-24.191,-50.965,0,"sano jpn",-13.802,-64.07,0,"にゃんこ3K",22.109,-47.791,0,"쟈가리코",11.622,-64.93,0,"akahosi",45.825,-85.246,0,"alcohol500",0.605,-120.034,0,"ゆっち一",-48.686,-94.389,0,0,0,0,0,0,"",0,0,0,0,0,0,0,0,0,0
49,2,0,0,3,0,1,1,0,1,0,255,255,255,29,3071.529,"あくせる",R,32,91,140,0.486,1.053,-0.006,1.772,-36.365,0,0,190.796,-166.298,30.766,0,0,1,1,2,R,"Megu3568",175.3,86,0.404,0,58,0,0,0,0,0,0,0,0,0,0,0,0,0,0,0,0,-0.044,-37.731,0,"mochi_2929",-0.002,-16.657,0,"Espressο",-24.103,-51.047,0,"sano jpn",-13.71,-64.039,0,"にゃんこ3K",21.268,-45.995,0,"쟈가리코",11.441,-64.933,0,"akahosi",45.721,-84.862,0,"alcohol500",-0.691,-121.121,0,"ゆっち一",-46.45,-95.147,0,0,0,0,0,0,"",0,0,0,0,0,0,0,0,0,0
50,2,0,0,3,0,2,1,0,1,0,255,255,255,30,3114.555,"あくせる",R,5,78,114,-0.082,0.032,0.024,1.639,-36.469,2,0,-63.987,0,9.486,0,0,1,1,2,R,"Megu3568",175.3,86,0.404,3,58,3115.651,255,14,131,104,69,150,127,27.206,18.417,0.33,-0.005,-0.042,0.118,0,0.631,-0.177,-37.352,0,"mochi_2929",-0.406,-16.628,0,"Espressο",-24.092,-51.012,0,"sano jpn",-13.084,-61.805,0,"にゃんこ3K",21.146,-47.208,0,"쟈가리코",12.252,-64.951,0,"akahosi",45.185,-85.273,0,"alcohol500",0.684,-120.108,0,"ゆっち一",-47.601,-95.056,0,3121.451,-52.429,-126.478,0,0,"",0,0,0,0,0,0,0,0,0,4
51,2,0,0,5,0,0,1,0,0,0,255,255,255,0,3325.148,"Espressο",R,14,73,101,0.551,-0.82,0.295,1.922,-36.897,2,0,358.49,312.348,-9.849,0,0,0,2,7,R,"Gonyong",175.2,80,0.2,3,58,3326.369,91,8,27,41,39,56,61,-30,28.634,0.89,0.006,-0.044,0,0,0.158,0.071,-37.464,0,"mochi_2929",-0.054,-16.651,0,"あくせる",-21.275,-46.545,85,"sano jpn",-13.051,-64.475,0,"にゃんこ3K",21.85,-53.239,0,"쟈가리코",10.461,-65.769,0,"akahosi",45.473,-87.402,0,"alcohol500",-0.605,-116.342,0,"ゆっち一",-46.98,-93.478,0,3326.518,-0.231,-19.879,3328.968,2,"あくせる",-14.475,-44.302,0,0,0,0,0,0,0,2
52,2,0,0,5,0,0,2,0,0,0,255,255,255,1,3350.777,"Espressο",R,26,120,140,-0.671,0.875,0.508,1.806,-36.738,2,0,21.137,-163.041,-4.387,0,0,1,3,0,L,"Pring__",190,94.516,0.485,3,70,3351.516,202,18,105,103,73,150,121,28.2,-9.87,0.21,-0.001,-0.029,0.261,0,0.552,0.225,-37.442,0,"mochi_2929",-0.071,-16.773,0,"あくせる",-20.598,-46.469,0,"sano jpn",-9.498,-66.471,0,"にゃんこ3K",23.722,-51.176,0,"쟈가리코",14.805,-63.667,0,"akahosi",51.786,-102.93,0,"alcohol500",3.047,-123.728,86,"ゆっち一",-42.015,-100.887,0,0,0,0,3357.618,7,"alcohol500",23.984,-125.398,0,0,0,0,0,0,0,1
53,3,1,0,5,0,0,0,0,0,0,255,255,255,19,3409.859,"Pring__",R,26,84,137,-3.22,-0.959,-0.149,1.457,-36.162,2,0,82.937,-200,3.386,0,0,1,6,0,R,"Espressο",190,94.953,0.395,3,57,3410.753,99,16,91,86,82,137,128,27.588,-10.227,0.41,-0.105,-0.095,0.107,0,0.236,-0.399,-36.767,0,"ʚEveɞ",-0.062,-16.902,0,"Megu3568",-19.359,-46.261,0,"とりらむ",-12.167,-63.782,0,"인생최패망자",20.948,-50.709,0,"わだ、、",12.149,-64.957,0,"IbikiKai_JP",43.193,-90.169,0,"Gonyong",-0.032,-107.576,0,"SOM_candy",-40.997,-81.074,0,3416.885,23.886,-139.704,0,0,"",0,0,0,0,0,0,0,0,0,4
54,3,1,1,5,0,0,0,0,0,0,255,255,255,20,3474.171,"Pring__",R,26,71,124,1.224,1.91,0.028,1.724,-36.377,1,0,157.014,-179.947,-10.446,0,0,0,7,7,L,"alcohol500",167.6,87,0.284,0,57,0,0,0,0,0,0,0,0,0,0,0,0,0,0,0,0,-0.254,-37.375,0,"ʚEveɞ",0,-16.993,0,"Megu3568",-19.248,-46.865,0,"とりらむ",-8.995,-66.081,0,"인생최패망자",22.173,-48.461,0,"わだ、、",13.305,-64.035,0,"IbikiKai_JP",38.164,-85.274,0,"Gonyong",4.039,-109.573,0,"SOM_candy",-38.408,-81.607,0,0,0,0,0,0,"",0,0,0,0,0,0,0,0,0,0
55,3,1,1,5,1,0,0,0,0,0,255,255,255,21,3490.502,"Pring__",R,26,82,135,-0.185,0.532,-0.067,1.538,-36.247,2,0,175.831,-200,-7.311,0,0,1,7,7,L,"alcohol500",167.6,87,0.284,3,57,3491.616,255,11,101,75,32,150,82,31.648,-23.688,-0.84,0.004,-0.051,0.276,0,0.295,-0.413,-36.931,0,"ʚEveɞ",0.028,-17.067,0,"Megu3568",-19.209,-46.672,0,"とりらむ",-8.825,-66.12,0,"인생최패망자",22.328,-48.647,0,"わだ、、",13.432,-63.897,0,"IbikiKai_JP",38.52,-85.739,108,"Gonyong",3.999,-109.706,0,"SOM_candy",-38.319,-81.706,0,0,0,0,3496.451,6,"IbikiKai_JP",31.262,-78.464,0,0,0,0,0,0,0,1
56,3,1,1,5,0,0,1,0,0,0,255,255,255,22,3515.676,"Pring__",R,13,80,106,0.204,-0.192,0.216,1.637,-36.276,2,0,-316.573,376.929,-5.426,0,0,1,8,6,R,"akahosi",172.1,89.934,0.5,2,57,3516.944,255,12,150,138,65,150,84,16.069,10.278,-0.8,-0.041,0.03,0.119,0,0.233,-0.206,-36.75,0,"ʚEveɞ",-0.031,-17.089,0,"Megu3568",-19.368,-45.541,0,"とりらむ",-12.816,-62.379,90,"인생최패망자",17.576,-49.426,98,"わだ、、",11.817,-64.983,0,"IbikiKai_JP",39.69,-90.651,0,"Gonyong",-4.005,-106.59,0,"SOM_candy",-39.809,-82.485,0,0,0,0,3519.568,3,"とりらむ",-12.28,-62.477,0,0,0,0,0,0,0,1
57,3,1,1,5,0,0,2,0,0,0,255,255,255,23,3550.313,"Pring__",R,13,78,116,-1.059,-0.612,0.034,1.534,-36.186,2,0,-382.043,322.557,4.757,0,0,1,0,3,R,"sano jpn",167.9,90.796,0.324,3,57,3551.495,142,16,96,147,72,150,101,-30,39.238,0.92,-0.015,0.055,0.096,0.286,0.641,-0.315,-36.634,0,"ʚEveɞ",-0.077,-16.939,0,"Megu3568",-18.664,-44.714,0,"とりらむ",-12.032,-63.953,0,"인생최패망자",20.723,-52.817,0,"わだ、、",11.893,-64.155,0,"IbikiKai_JP",35.46,-87.29,0,"Gonyong",-11.723,-107.542,0,"SOM_candy",-40.32,-82.449,0,3551.618,-1.069,-20.987,3553.084,2,"Megu3568",-17.679,-41.093,0,0,0,0,0,0,0,2
58,3,0,1,5,0,0,0,0,0,0,255,255,255,2,3601.134,"Espressο",R,13,105,126,-3.496,-0.408,0.29,1.73,-36.897,1,0,-378.123,327.143,-20.905,-1.259,-14.605,0,4,4,R,"인생최패망자",190,80,0.401,0,84,0,0,0,0,0,0,0,0,0,0,0,0,0,0,0,0,0.658,-37.491,0,"mochi_2929",-0.318,-16.743,0,"あくせる",-21.205,-47.2,0,"sano jpn",-13.572,-64.74,0,"にゃんこ3K",23.221,-53.336,0,"쟈가리코",11.627,-65.222,0,"akahosi",45.74,-93.128,0,"alcohol500",0.849,-117.989,0,"ゆっち一",-48.483,-92.585,0,0,0,0,0,0,"",0,0,0,0,0,0,0,0,0,0
59,3,0,1,5,1,0,0,0,0,0,255,255,255,3,3620.572,"Espressο",R,10,67,99,1.388,-0.044,0.655,2.119,-37.119,2,0,0,400,-7.826,0,0,1,4,4,R,"인생최패망자",190,80,0.401,3,84,3621.73,143,9,65,59,34,140,121,19.253,-43.445,0.75,-0.011,-0.01,0.096,0,0.384,0.155,-37.474,0,"mochi_2929",-0.067,-16.803,0,"あくせる",-20.915,-47.257,0,"sano jpn",-13.12,-64.342,75,"にゃんこ3K",22.369,-53.774,0,"쟈가리코",12.249,-65.17,0,"akahosi",45.683,-93.581,0,"alcohol500",0.475,-118.702,0,"ゆっち一",-47.681,-93.043,0,3626.151,63.163,-104.415,3629.851,6,"akahosi",46.516,-100.058,1,0,0,0,0,0,0,2
60,3,0,1,5,0,0,0,0,1,0,255,13,255,4,3655.719,"Espressο",R,27,104,140,0.165,0.334,0.571,1.697,-36.611,2,0,61.422,-133.977,0.68,0,0,1,5,8,L,"SOM_candy",170.4,94.339,0.503,3,57,3656.726,140,15,100,104,62,149,110,30.778,-20.39,0.81,0.002,0.1,0.053,0.048,0.322,0.298,-37.42,0,"mochi_2929",-0.082,-16.668,0,"あくせる",-20.239,-47.337,0,"sano jpn",-5.685,-61.278,0,"にゃんこ3K",21.842,-47.346,85,"쟈가리코",17.194,-62.302,0,"akahosi",52.279,-98.405,101,"alcohol500",3.99,-117.968,0,"ゆっち一",-42.558,-94.976,0,0,0,0,3662.334,6,"akahosi",38.01,-103.611,0,0,0,0,0,0,0,1
61,3,0,1,5,0,0,1,0,1,0,255,13,255,5,3687.738,"Espressο",R,26,106,140,1.141,0.794,0.712,1.8,-36.718,0,0,48.691,-161.652,-6.582,0.293,-18.103,0,6,3,R,"とりらむ",174.5,80,0.652,0,57,0,0,0,0,0,0,0,0,0,0,0,0,0,0,0,0,0.32,-37.435,0,"mochi_2929",0.059,-17.263,0,"あくせる",-20.34,-46.232,0,"sano jpn",-10.341,-63.342,0,"にゃんこ3K",20.763,-48.499,0,"쟈가리코",11.916,-64.602,0,"akahosi",47.752,-92.128,0,"alcohol500",1.067,-116.161,0,"ゆっち一",-47.23,-94.923,0,0,0,0,0,0,"",0,0,0,0,0,0,0,0,0,0
62,3,0,1,5,0,1,1,0,1,0,255,13,255,6,3727.791,"Espressο",R,10,69,100,0.66,-0.981,0.658,1.968,-36.954,0,0,0,400,3.814,0.029,-17.562,0,6,3,R,"とりらむ",174.5,80,0.652,0,57,0,0,0,0,0,0,0,0,0,0,0,0,0,0,0,0,0.636,-37.593,0,"mochi_2929",-0.27,-16.665,0,"あくせる",-21.537,-47.872,0,"sano jpn",-13.113,-63.92,0,"にゃんこ3K",20.682,-47.788,0,"쟈가리코",6.613,-63.443,0,"akahosi",47.28,-92.559,0,"alcohol500",-0.609,-118.058,0,"ゆっち一",-47.286,-95.248,0,0,0,0,0,0,"",0,0,0,0,0,0,0,0,0,0
63,3,0,1,5,0,2,1,0,1,0,255,13,255,7,3768.42,"Espressο",R,26,114,140,-2.904,0.176,0.153,1.641,-36.707,1,0,40.19,-186.366,4.057,-0.484,-16.994,0,6,3,R,"とりらむ",174.5,80,0.652,0,57,0,0,0,0,0,0,0,0,0,0,0,0,0,0,0,0,0.337,-37.524,0,"mochi_2929",-0.643,-16.767,0,"あくせる",-20.525,-46.31,0,"sano jpn",-13.781,-63.928,0,"にゃんこ3K",21.368,-48,0,"쟈가리코",7.878,-65.659,0,"akahosi",45.662,-90.847,0,"alcohol500",-0.316,-120.174,0,"ゆっち一",-47.263,-95.236,0,0,0,0,0,0,"",0,0,0,0,0,0,0,0,0,0
64,3,0,1,5,1,2,1,0,1,0,255,13,255,8,3787.187,"Espressο",R,14,67,97,1.585,-1.867,0.485,1.678,-36.897,2,0,341.652,316.054,21.353,0,0,1,6,3,R,"とりらむ",174.5,80,0.652,3,57,3788.393,179,16,140,131,98,150,123,-30,-42.099,0.5,-0.088,-0.157,0.107,0,0.495,0.242,-37.54,0,"mochi_2929",-0.114,-16.729,0,"あくせる",-21.055,-48.626,0,"sano jpn",-13.455,-63.817,0,"にゃんこ3K",20.499,-48.172,0,"쟈가리코",8.58,-65.511,0,"akahosi",45.635,-90.827,0,"alcohol500",-0.381,-117.977,0,"ゆっち一",-45.707,-95.158,0,3788.435,0.76,-21.175,0,0,"",0,0,0,0,0,0,0,0,0,3
65,3,0,1,5,1,2,1,0,1,0,255,13,255,9,3810.943,"Espressο",R,26,106,140,1.858,2.724,0.726,2.068,-36.896,1,0,79.001,-200,-8.026,0,0,0,6,3,R,"とりらむ",174.5,80,0.652,0,57,0,0,0,0,0,0,0,0,0,0,0,0,0,0,0,0,0.634,-37.674,0,"mochi_2929",0.359,-16.5,0,"あくせる",-21.626,-47.311,0,"sano jpn",-11.889,-64.965,0,"にゃんこ3K",21.611,-46.165,0,"쟈가리코",8.647,-64.979,0,"akahosi",48.254,-91.476,0,"alcohol500",-0.366,-114.518,0,"ゆっち一",-44.129,-96.298,0,0,0,0,0,0,"",0,0,0,0,0,0,0,0,0,0
66,3,0,1,5,2,2,1,0,1,0,255,13,255,10,3829.809,"Espressο",R,13,87,111,-2.17,0.247,0.51,1.928,-36.884,4,0,-390.434,312.348,-4.646,0,0,1,6,3,R,"とりらむ",174.5,80,0.652,0,57,0,0,0,0,0,0,0,0,0,0,0,0,0,0,0,0,0.494,-37.477,0,"mochi_2929",-0.216,-17.539,0,"あくせる",-21.073,-44.866,0,"sano jpn",-12.949,-64.855,0,"にゃんこ3K",21.337,-44.86,0,"쟈가리코",9.489,-65.263,0,"akahosi",47.954,-91.797,0,"alcohol500",-0.748,-116.55,0,"ゆっち一",-45.439,-97.159,0,0,0,0,0,0,"",0,0,0,0,0,0,0,0,0,0
67,3,0,1,5,0,0,2,0,1,0,255,13,255,11,3853.478,"Espressο",R,14,81,107,1.906,-0.081,0.602,1.87,-36.843,1,0,368.882,325.866,-3.272,0,0,0,7,6,L,"IbikiKai_JP",175.1,90.478,0.5,0,57,0,0,0,0,0,0,0,0,0,0,0,0,0,0,0,0,0.68,-37.436,0,"mochi_2929",0.008,-16.634,0,"あくせる",-21.805,-46.721,0,"sano jpn",-10.752,-64.42,0,"にゃんこ3K",21.869,-46.585,0,"쟈가리코",16.231,-63.081,0,"akahosi",47.947,-91.768,0,"alcohol500",9.272,-113.301,0,"ゆっち一",-36.949,-100.147,0,0,0,0,0,0,"",0,0,0,0,0,0,0,0,0,0
68,3,0,1,5,1,0,2,0,1,0,255,13,255,12,3865.258,"Espressο",R,33,115,140,-3.085,-0.893,0.091,1.416,-36.581,1,0,125.741,-93.779,-0.502,0,0,0,7,6,L,"IbikiKai_JP",175.1,90.478,0.5,0,57,0,0,0,0,0,0,0,0,0,0,0,0,0,0,0,0,0.178,-37.441,0,"mochi_2929",-0.227,-16.603,0,"あくせる",-21.564,-46.716,0,"sano jpn",-8.401,-63.077,0,"にゃんこ3K",22.303,-46.433,0,"쟈가리코",16.189,-63.001,0,"akahosi",47.952,-91.779,0,"alcohol500",9.108,-112.696,0,"ゆっち一",-36.9,-97.791,0,0,0,0,0,0,"",0,0,0,0,0,0,0,0,0,0
69,3,0,1,5,2,0,2,0,1,0,255,13,255,13,3877.933,"Espressο",R,10,91,116,-0.191,1.054,0.442,2.188,-37.005,0,0,62.316,400,12.48,0,0,0,7,6,L,"IbikiKai_JP",175.1,90.478,0.5,0,57,0,0,0,0,0,0,0,0,0,0,0,0,0,0,0,0,0.438,-37.58,0,"mochi_2929",0.461,-18.997,0,"あくせる",-21.119,-45.054,0,"sano jpn",0.868,-58.875,0,"にゃんこ3K",22.194,-46.161,0,"쟈가리코",16.24,-63.124,0,"akahosi",47.953,-91.784,0,"alcohol500",11.087,-112.133,0,"ゆっち一",-36.75,-97.345,0,0,0,0,0,0,"",0,0,0,0,0,0,0,0,0,0
70,3,0,1,5,2,1,2,0,1,0,255,13,255,14,3894.027,"Espressο",R,26,99,135,0.213,1.22,0.543,1.888,-36.657,2,0,136.225,-200,9.487,0,0,1,7,6,L,"IbikiKai_JP",175.1,90.478,0.5,3,57,3895.099,255,14,3,38,37,20,44,26.132,8.957,-0.23,-0.018,-0.06,0.198,0,0.738,0.067,-37.388,0,"mochi_2929",0.022,-16.641,0,"あくせる",-21.524,-47.353,0,"sano jpn",-7.262,-63.19,0,"にゃんこ3K",21.742,-47.959,0,"쟈가리코",16.212,-62.996,0,"akahosi",47.962,-91.791,0,"alcohol500",6.493,-114.659,0,"ゆっち一",-37.289,-95.542,0,0,0,0,3897.468,0,"Espressο",-2.901,-37.04,0,0,0,0,0,0,0,1
71,4,1,1,5,0,0,0,0,0,0,255,255,255,24,3947.129,"Pring__",R,13,70,99,-2.524,-0.677,-0.056,1.578,-36.104,4,0,-305.821,366.791,4.645,0,0,1,1,8,R,"ゆっち一",180.2,83.623,0.42,0,71,0,0,0,0,0,0,0,0,0,0,0,0,0,0,0,0,-0.33,-37.594,0,"ʚEveɞ",-0.32,-16.901,0,"Megu3568",-19.09,-44.915,0,"とりらむ",-12.819,-62.437,0,"인생최패망자",20.739,-53.325,0,"わだ、、",12.083,-64.611,0,"IbikiKai_JP",43.485,-104.218,0,"Gonyong",1.119,-126.473,0,"SOM_candy",-58.61,-97.842,0,0,0,0,0,0,"",0,0,0,0,0,0,0,0,0,0
72,4,1,1,5,0,1,0,0,0,0,255,255,255,25,3965.095,"Pring__",R,13,77,104,-2.199,-0.318,0.017,1.625,-36.2,4,0,-367.954,313.907,7.781,0,0,1,1,8,R,"ゆっち一",180.2,83.623,0.42,0,71,0,0,0,0,0,0,0,0,0,0,0,0,0,0,0,0,-0.266,-38.11,0,"ʚEveɞ",-0.453,-16.739,0,"Megu3568",-19.101,-44.961,0,"とりらむ",-12.962,-62.771,0,"인생최패망자",20.572,-53.876,0,"わだ、、",12.363,-64.937,0,"IbikiKai_JP",43.452,-104.17,0,"Gonyong",1.158,-126.507,0,"SOM_candy",-58.992,-97.752,0,0,0,0,0,0,"",0,0,0,0,0,0,0,0,0,0
73,4,1,1,5,0,2,0,0,0,0,255,255,255,26,3982.032,"Pring__",R,26,83,136,-1.259,-0.635,-0.046,1.35,-36.112,0,0,100.105,-200,-4.622,0,0,0,1,8,R,"ゆっち一",180.2,83.623,0.42,0,71,0,0,0,0,0,0,0,0,0,0,0,0,0,0,0,0,-0.63,-37.23,0,"ʚEveɞ",-0.011,-17.091,0,"Megu3568",-19.341,-43.511,0,"とりらむ",-14.31,-62.809,0,"인생최패망자",20.449,-51.496,0,"わだ、、",12.295,-64.871,0,"IbikiKai_JP",43.437,-104.134,0,"Gonyong",1.15,-126.501,0,"SOM_candy",-58.472,-97.924,0,0,0,0,0,0,"",0,0,0,2,0,0,0,0,0,0
74,4,1,1,5,0,0,1,0,0,0,255,255,255,27,4005.753,"Pring__",R,26,88,140,-3.052,0.059,-0.205,1.475,-36.154,4,0,76.07,-200,29.536,0,0,1,2,1,R,"mochi_2929",190,95.142,0.445,0,58,0,0,0,0,0,0,0,0,0,0,0,0,0,0,0,0,-0.531,-38.24,0,"ʚEveɞ",-0.423,-16.905,0,"Megu3568",-19.438,-44.717,0,"とりらむ",-13.088,-63.459,0,"인생최패망자",20.399,-52.266,0,"わだ、、",11.903,-64.878,0,"IbikiKai_JP",42.901,-104.271,0,"Gonyong",-5.552,-123.292,0,"SOM_candy",-58.691,-99.686,0,0,0,0,0,0,"",0,0,0,0,0,0,0,0,0,0
75,4,1,1,5,0,1,1,0,0,0,255,255,255,28,4022.36,"Pring__",R,26,79,130,-0.407,0.898,0.037,1.631,-36.282,2,0,79.473,-200,-11.265,0,0,1,2,1,R,"mochi_2929",190,95.142,0.445,3,58,4023.511,198,16,83,76,29,150,91,39.091,33.167,-0.37,0.156,-0.036,0.2,0,0.269,0.024,-37.133,0,"ʚEveɞ",-0.096,-17.064,0,"Megu3568",-19.42,-44.639,0,"とりらむ",-13.434,-63.424,0,"인생최패망자",21.662,-53.584,0,"わだ、、",12.036,-64.744,62,"IbikiKai_JP",42.946,-104.344,0,"Gonyong",-6.126,-122.656,0,"SOM_candy",-53.308,-105.694,104,4028.601,-36.471,-80.799,4029.868,8,"SOM_candy",-40.277,-87.471,1,0,0,0,0,0,0,2
76,4,1,1,5,0,0,1,1,0,0,1,255,255,29,4056.586,"Pring__",R,14,62,93,-0.785,0.316,-0.122,1.857,-36.26,0,0,301.99,349.877,-12.872,0,0,0,3,4,R,"にゃんこ3K",190,90.056,0.546,0,58,0,0,0,0,0,0,0,0,0,0,0,0,0,0,0,0,0.136,-37.428,0,"ʚEveɞ",-0.039,-17.132,0,"Megu3568",-19.491,-42.555,0,"とりらむ",-11.196,-63.187,0,"인생최패망자",20.532,-50.928,0,"わだ、、",7.04,-61.71,0,"IbikiKai_JP",37.514,-103.092,0,"Gonyong",-4.12,-123.005,0,"SOM_candy",-50.704,-93.034,0,0,0,0,0,0,"",0,0,0,0,0,0,0,0,0,0
77,4,1,1,5,0,1,1,1,0,0,1,255,255,30,4072.559,"Pring__",R,26,77,128,0.481,0.781,0.192,1.612,-36.321,0,0,163.75,-181.676,-11.961,0.302,-18.115,1,3,4,R,"にゃんこ3K",190,90.056,0.546,0,58,0,0,0,0,0,0,0,0,0,0,0,0,0,0,0,0,-0.11,-37.657,0,"ʚEveɞ",0.027,-17.141,0,"Megu3568",-18.781,-42.834,0,"とりらむ",-12.895,-62.605,0,"인생최패망자",19.786,-50.275,0,"わだ、、",6.814,-61.858,0,"IbikiKai_JP",37.583,-103.123,0,"Gonyong",-3.451,-122.932,0,"SOM_candy",-50.939,-95.252,0,0,0,0,0,0,"",0,0,0,0,0,0,0,0,0,0
78,4,1,1,5,0,2,1,1,0,0,1,255,255,31,4091.163,"Pring__",R,10,82,110,-2.234,-0.866,-0.049,1.488,-36.121,2,0,-114.403,400,29.918,0,0,1,3,4,R,"にゃんこ3K",190,90.056,0.546,3,58,4092.407,249,15,93,97,30,150,100,-30,44.054,0.94,-0.059,-0.104,0.227,0,0.231,-0.649,-36.716,0,"ʚEveɞ",-0.369,-17.281,0,"Megu3568",-18.403,-43.55,107,"とりらむ",-12.69,-62.652,0,"인생최패망자",20.055,-50.439,0,"わだ、、",9.487,-61.92,92,"IbikiKai_JP",37.581,-103.127,0,"Gonyong",-4.688,-123.018,0,"SOM_candy",-51.444,-95.477,0,4092.518,-1.27,-20.34,4094.034,2,"Megu3568",-19.926,-39.872,0,0,0,0,0,0,0,2
79,4,0,1,5,0,0,0,0,0,0,255,255,255,15,4194.181,"Espressο",R,26,117,140,-0.576,0.715,0.471,1.767,-36.61,2,0,52.949,-200,0.707,0,0,1,8,5,L,"わだ、、",174.5,85,0.53,3,57,4195.259,170,7,89,59,31,150,109,108.175,5.846,0.12,-0.044,-0.026,0.113,0,0.271,0.298,-37.379,0,"mochi_2929",-0.033,-16.738,0,"あくせる",-20.31,-46.675,0,"sano jpn",-10.986,-65.467,0,"にゃんこ3K",22.958,-50.666,0,"쟈가리코",14.895,-63.808,0,"akahosi",47.191,-97.689,0,"alcohol500",2.748,-115.074,0,"ゆっち一",-42.081,-97.489,0,0,0,0,0,0,"",0,0,0,0,0,0,0,0,0,3
80,4,0,1,5,0,1,0,0,0,0,255,255,255,16,4211.551,"Espressο",R,8,89,122,0.715,0.883,0.611,1.884,-36.873,2,0,116.56,0,-16.471,0,0,1,8,5,L,"わだ、、",174.5,85,0.53,3,57,4212.699,245,11,90,75,38,150,127,100.293,-31.664,0.41,-0.009,-0.015,0.183,0,0.37,0.344,-37.44,0,"mochi_2929",-0.02,-16.866,0,"あくせる",-20.306,-47.777,0,"sano jpn",-10.938,-65.356,0,"にゃんこ3K",22.614,-49.617,0,"쟈가리코",14.823,-63.887,0,"akahosi",46.014,-97.619,0,"alcohol500",3.964,-114.669,0,"ゆっち一",-42.934,-99.545,0,0,0,0,0,0,"",0,0,0,0,0,0,0,0,0,3
81,4,0,1,5,0,2,0,0,0,0,255,255,255,17,4228.781,"Espressο",R,10,109,128,-0.89,-0.893,0.488,1.655,-36.817,2,0,-73.805,400,-14.756,0,0,1,8,5,L,"わだ、、",174.5,85,0.53,3,57,4229.914,255,10,137,100,26,150,64,-22.389,34.028,1,0.038,-0.064,0.178,0,0.333,0.069,-37.251,0,"mochi_2929",-0.077,-16.762,0,"あくせる",-21.315,-47.996,0,"sano jpn",-13.473,-63.68,0,"にゃんこ3K",22.878,-49.931,0,"쟈가리코",14.824,-63.664,0,"akahosi",45.582,-96.944,0,"alcohol500",0.862,-114.483,0,"ゆっち一",-45.158,-100.346,0,4230.034,-0.731,-18.777,4232.352,2,"あくせる",-17.338,-42.142,0,0,0,0,0,0,0,2
82,4,0,1,5,0,0,1,0,0,0,255,255,255,18,4254.272,"Espressο",R,10,115,128,-0.3,-0.791,0.533,1.649,-36.828,2,0,0,400,3.548,0,0,1,0,1,L,"ʚEveɞ",190,80,0.347,3,57,4255.336,255,25,105,79,31,150,108,-30,-22.75,0.91,0.116,-0.062,0.38,0,0.496,-0.084,-37.257,0,"mochi_2929",0.04,-16.643,0,"あくせる",-20.947,-47.665,86,"sano jpn",-13.313,-64.176,0,"にゃんこ3K",23.047,-50.937,0,"쟈가리코",14.993,-63.513,107,"akahosi",45.613,-96.978,0,"alcohol500",5.177,-114.7,0,"ゆっち一",-43.378,-97.228,0,4255.468,0.291,-20.298,4257.551,5,"쟈가리코",15.594,-57.205,0,1,0,0,0,0,0,2
83,4,0,1,5,0,0,2,0,0,0,255,255,255,19,4283.355,"Espressο",R,26,121,140,1.239,1.511,0.756,1.981,-36.904,1,0,-19.003,-150.761,4.048,0,0,0,1,2,R,"Megu3568",175.3,86,0.404,0,57,0,0,0,0,0,0,0,0,0,0,0,0,0,0,0,0,0.605,-37.924,0,"mochi_2929",0.015,-16.71,0,"あくせる",-21.31,-47.418,0,"sano jpn",-13.477,-64.31,0,"にゃんこ3K",22.02,-52.262,0,"쟈가리코",10.419,-65.762,0,"akahosi",44.568,-94.61,0,"alcohol500",-3.621,-115.724,0,"ゆっち一",-47.498,-96.726,0,0,0,0,0,0,"",0,0,0,0,0,0,0,0,0,0
84,4,0,1,5,1,0,2,0,0,0,255,255,255,20,4297.57,"Espressο",R,13,115,128,0.026,-0.784,0.725,1.662,-36.82,2,0,-166.268,358.294,-21.469,0,0,1,1,2,R,"Megu3568",175.3,86,0.404,3,57,4298.741,255,25,184,105,33,150,118,4.654,24.759,0.8,-0.024,0.01,0.32,0,0.589,0.341,-37.537,0,"mochi_2929",0.007,-16.84,0,"あくせる",-21.297,-47.269,92,"sano jpn",-13.339,-64.331,0,"にゃんこ3K",22.127,-52.165,0,"쟈가리코",10.087,-66.052,0,"akahosi",44.571,-94.609,0,"alcohol500",-3.219,-116.203,0,"ゆっち一",-47.487,-96.721,99,4299.818,-15.473,-49.009,4301.968,8,"ゆっち一",-38.033,-84.859,1,0,0,0,0,0,0,2
85,4,0,1,5,0,0,2,1,0,0,11,255,255,21,4338.102,"Espressο",R,27,113,140,-0.049,-0.017,0.54,1.62,-36.663,0,0,64.536,-117.864,-1.429,0,0,0,2,7,R,"Gonyong",175.2,80,0.2,0,57,0,0,0,0,0,0,0,0,0,0,0,0,0,0,0,0,0.559,-37.233,0,"mochi_2929",0.713,-19.795,0,"あくせる",-18.375,-45.948,0,"sano jpn",-3.758,-62.043,0,"にゃんこ3K",21.701,-52.74,0,"쟈가리코",0.424,-59.625,0,"akahosi",44.123,-94.773,0,"alcohol500",0.263,-116.825,0,"ゆっち一",-43.27,-93.585,0,0,0,0,0,0,"",0,0,0,0,0,0,0,0,0,0
86,4,0,1,5,0,1,2,0,1,0,255,11,255,22,4358.092,"Espressο",R,13,112,126,-2.381,-1.275,0.383,1.563,-36.739,4,0,-272.989,400,-1.873,-0.698,-17.114,1,2,7,R,"Gonyong",175.2,80,0.2,0,57,0,0,0,0,0,0,0,0,0,0,0,0,0,0,0,0,0.543,-37.534,0,"mochi_2929",-0.339,-16.673,0,"あくせる",-20.037,-42.906,0,"sano jpn",-13.588,-64.316,0,"にゃんこ3K",20.95,-46.642,0,"쟈가리코",5.622,-63.934,0,"akahosi",44.427,-92.354,0,"alcohol500",0.382,-116.965,0,"ゆっち一",-48.559,-94.288,0,0,0,0,0,0,"",0,0,0,0,0,0,0,0,0,0
87,4,0,1,5,0,2,2,0,1,0,255,11,255,23,4376.474,"Espressο",R,10,64,97,0.374,-2.699,0.522,1.594,-36.747,4,0,51.782,400,5.412,0.069,-20.391,1,2,7,R,"Gonyong",175.2,80,0.2,0,57,0,0,0,0,0,0,0,0,0,0,0,0,0,0,0,0,0.418,-37.508,0,"mochi_2929",-0.05,-17.862,0,"あくせる",-20.689,-44.611,0,"sano jpn",-13.503,-63.288,0,"にゃんこ3K",20.671,-46.646,0,"쟈가리코",5.71,-64.896,0,"akahosi",44.426,-92.341,0,"alcohol500",1.62,-115.481,0,"ゆっち一",-46.825,-96,0,0,0,0,0,0,"",0,0,0,0,0,0,0,0,0,0
88,5,1,1,5,0,0,0,0,0,0,255,255,255,32,4430.422,"Pring__",R,26,81,133,-1.436,0.441,0.039,1.545,-36.152,0,0,89.841,-200,2.169,0,0,0,4,2,R,"あくせる",190,86.41,0.669,0,72,0,0,0,0,0,0,0,0,0,0,0,0,0,0,0,0,-0.511,-37.535,0,"ʚEveɞ",-0.233,-16.797,0,"Megu3568",-19.647,-45.563,0,"とりらむ",-12.736,-63.011,0,"인생최패망자",21.315,-51.989,0,"わだ、、",12.135,-65.008,0,"IbikiKai_JP",43.924,-104.294,0,"Gonyong",-4.892,-115.52,0,"SOM_candy",-39.281,-82.493,0,0,0,0,0,0,"",0,0,0,0,0,0,0,0,0,0
89,5,1,1,5,0,1,0,0,0,0,255,255,255,33,4448.213,"Pring__",R,13,77,104,-0.52,-0.835,0.351,1.467,-36.23,0,0,-369.138,312.348,-20.159,0,0,1,4,2,R,"あくせる",190,86.41,0.669,0,72,0,0,0,0,0,0,0,0,0,0,0,0,0,0,0,0,-0.335,-37.654,0,"ʚEveɞ",-0.099,-17.085,0,"Megu3568",-19.31,-45.522,0,"とりらむ",-13.605,-62.677,0,"인생최패망자",21.124,-52.186,0,"わだ、、",12.133,-65.039,0,"IbikiKai_JP",38.125,-92.518,0,"Gonyong",-4.857,-115.709,0,"SOM_candy",-41.565,-83.084,0,0,0,0,0,0,"",0,0,0,0,0,0,0,0,0,0
90,5,1,1,5,0,2,0,0,0,0,255,255,255,34,4466.425,"Pring__",R,26,69,123,0.599,2.013,0.079,1.826,-36.412,1,0,105.432,-200,-11.095,0,0,0,4,2,R,"あくせる",190,86.41,0.669,0,72,0,0,0,0,0,0,0,0,0,0,0,0,0,0,0,0,-0.268,-37.706,0,"ʚEveɞ",-0.002,-16.738,0,"Megu3568",-19.273,-44.093,0,"とりらむ",-13.789,-62.712,0,"인생최패망자",21.097,-52.306,0,"わだ、、",12.04,-65.031,0,"IbikiKai_JP",36.944,-92.721,0,"Gonyong",-4.839,-115.546,0,"SOM_candy",-41.134,-83.268,0,0,0,0,0,0,"",0,0,0,0,0,0,0,0,0,0
91,5,1,1,5,1,2,0,0,0,0,255,255,255,35,4484.495,"Pring__",R,13,84,109,-2.367,-0.739,-0.042,1.502,-36.076,4,0,-341.01,362.724,9.987,-0.75,-15.828,1,4,2,R,"あくせる",190,86.41,0.669,0,72,0,0,0,0,0,0,0,0,0,0,0,0,0,0,0,0,-0.369,-37.678,0,"ʚEveɞ",-0.453,-16.819,0,"Megu3568",-18.905,-44.163,0,"とりらむ",-14.43,-62.29,0,"인생최패망자",20.643,-51.282,0,"わだ、、",11.969,-65.102,0,"IbikiKai_JP",36.867,-92.724,0,"Gonyong",-4.854,-115.58,0,"SOM_candy",-41.208,-83.277,0,0,0,0,0,0,"",0,0,0,0,0,0,0,0,0,0
92,5,1,1,5,0,0,1,0,0,0,255,255,255,36,4511.194,"Pring__",R,32,74,127,1.14,0.668,0.143,1.565,-36.158,2,0,201.89,-200,-7.136,0,0,1,5,5,R,"쟈가리코",174.8,83,0.504,3,57,4512.365,230,13,80,64,28,150,114,105.593,-54.863,0.18,-0.018,-0.055,0.107,0,0.318,-0.834,-36.695,0,"ʚEveɞ",-0.007,-17.229,0,"Megu3568",-19.427,-45.057,0,"とりらむ",-15.991,-61.965,0,"인생최패망자",21.192,-52.067,0,"わだ、、",11.437,-64.493,0,"IbikiKai_JP",36.067,-93.001,0,"Gonyong",-4.824,-115.51,0,"SOM_candy",-40.287,-82.24,0,0,0,0,0,0,"",0,0,0,0,0,0,0,0,0,3
93,5,1,1,5,0,1,1,0,0,0,255,255,255,37,4534.023,"Pring__",R,26,78,129,-0.635,1.177,-0.08,1.65,-36.158,4,0,67.183,-200,0.761,0,0,1,5,5,R,"쟈가리코",174.8,83,0.504,0,57,0,0,0,0,0,0,0,0,0,0,0,0,0,0,0,0,-0.35,-37.294,0,"ʚEveɞ",-0.115,-16.945,0,"Megu3568",-19.468,-44.891,0,"とりらむ",-15.705,-61.98,0,"인생최패망자",21.395,-51.602,0,"わだ、、",11.97,-64.881,0,"IbikiKai_JP",35.414,-91.111,0,"Gonyong",-4.894,-112.613,0,"SOM_candy",-41.777,-80.178,0,0,0,0,0,0,"",0,0,0,0,0,0,0,0,0,0
94,5,1,1,5,0,2,1,0,0,0,255,255,255,38,4551.893,"Pring__",R,13,86,111,-2.427,-0.741,-0.137,1.513,-36.031,4,0,-370.576,335.669,24.981,0,0,1,5,5,R,"쟈가리코",174.8,83,0.504,0,57,0,0,0,0,0,0,0,0,0,0,0,0,0,0,0,0,-0.614,-37.54,0,"ʚEveɞ",-0.472,-17.238,0,"Megu3568",-19.546,-43.382,0,"とりらむ",-14.85,-62.312,0,"인생최패망자",20.453,-51.547,0,"わだ、、",11.091,-64.452,0,"IbikiKai_JP",35.365,-91.128,0,"Gonyong",-4.894,-112.673,0,"SOM_candy",-41.959,-80.502,0,0,0,0,0,0,"",0,0,0,0,0,0,0,0,0,0
95,5,1,1,5,0,0,2,0,0,0,255,255,255,39,4577.356,"Pring__",R,26,85,138,-2.241,-1.065,-0.212,1.258,-36.053,1,0,11.961,-200,3.128,0,0,0,6,0,R,"Espressο",190,94.953,0.395,0,57,0,0,0,0,0,0,0,0,0,0,0,0,0,0,0,0,-0.223,-37.367,0,"ʚEveɞ",-0.542,-16.847,0,"Megu3568",-19.443,-45.419,0,"とりらむ",-12.637,-62.61,0,"인생최패망자",21.315,-51.53,0,"わだ、、",11.341,-64.837,0,"IbikiKai_JP",36.375,-96.432,0,"Gonyong",-2.886,-114.056,0,"SOM_candy",-40.347,-80.677,0,0,0,0,0,0,"",0,0,0,0,0,0,0,0,0,0
96,5,1,1,5,1,0,2,0,0,0,255,255,255,40,4593.061,"Pring__",R,26,86,140,-1.913,-0.487,-0.181,1.369,-36.049,2,0,10.91,-200,10.642,0,0,1,6,0,R,"Espressο",190,94.953,0.395,3,57,4593.824,108,14,55,88,71,136,128,111.043,-46.754,0.55,-0.079,-0.122,0.09,0,0.228,-0.647,-36.698,0,"ʚEveɞ",-0.128,-17.055,0,"Megu3568",-19.303,-45.318,0,"とりらむ",-13.011,-63.565,0,"인생최패망자",21.201,-51.475,0,"わだ、、",11.475,-64.734,0,"IbikiKai_JP",36.401,-96.37,0,"Gonyong",-2.869,-114.189,0,"SOM_candy",-40.208,-80.708,0,0,0,0,0,0,"",0,0,0,0,0,0,0,0,0,3
97,5,1,1,5,1,1,2,0,0,0,255,255,255,41,4613.074,"Pring__",R,13,79,105,0.084,-0.286,0.231,1.639,-36.327,0,0,-356.491,332.45,10.144,0,0,0,6,0,R,"Espressο",190,94.953,0.395,0,48,0,0,0,0,0,0,0,0,0,0,0,0,0,0,0,0,-0.407,-37.509,0,"ʚEveɞ",0.011,-17.012,0,"Megu3568",-19.513,-45.427,0,"とりらむ",-14.242,-63.336,0,"인생최패망자",21.652,-51.704,0,"わだ、、",11.939,-64.667,0,"IbikiKai_JP",36.259,-95.688,0,"Gonyong",-1.61,-113.038,0,"SOM_candy",-40.287,-80.281,0,0,0,0,0,0,"",0,0,0,0,0,0,0,0,0,0
98,5,1,1,5,1,2,2,0,0,0,255,255,255,42,4632.927,"Pring__",R,10,85,112,0.169,-1.803,0.028,1.406,-36.131,4,0,-8.851,400,13.841,0.03,-18.64,1,6,0,R,"Espressο",190,94.953,0.395,0,48,0,0,0,0,0,0,0,0,0,0,0,0,0,0,0,0,-0.431,-37.287,0,"ʚEveɞ",0.036,-17.288,0,"Megu3568",-19.619,-42.009,0,"とりらむ",-15.191,-62.575,0,"인생최패망자",19.254,-49.616,0,"わだ、、",11.227,-63.9,0,"IbikiKai_JP",35.793,-95.289,0,"Gonyong",0.159,-113.874,0,"SOM_candy",-39.579,-82.466,0,0,0,0,0,0,"",0,0,0,0,0,0,0,0,0,0
99,5,0,1,5,0,0,0,0,0,0,255,255,255,24,4682.931,"Espressο",R,0,93,128,-1.939,1.113,0.302,1.992,-36.933,1,0,5.2,0,-11.552,0,0,0,3,0,L,"Pring__",190,94.516,0.485,0,70,0,0,0,0,0,0,0,0,0,0,0,0,0,0,0,0,0.273,-37.449,0,"mochi_2929",-0.157,-16.904,0,"あくせる",-21.198,-47.373,0,"sano jpn",-10.308,-66.073,0,"にゃんこ3K",23.433,-50.243,0,"쟈가리코",15.828,-62.992,0,"akahosi",54.792,-100.599,0,"alcohol500",2.81,-120.386,0,"ゆっち一",-38.443,-108.221,0,0,0,0,0,0,"",0,0,0,0,0,0,0,0,0,0
100,5,0,1,5,1,0,0,0,0,0,255,255,255,25,4695.684,"Espressο",R,27,133,140,-2.373,0.376,0.225,1.423,-36.663,2,0,95.41,-146.19,2.37,0,0,1,3,0,L,"Pring__",190,94.516,0.485,3,70,4696.453,229,13,175,61,38,150,91,-18.069,30.891,-0.78,0.009,-0.092,0.27,0,0.486,-0.164,-37.273,0,"mochi_2929",-0.121,-16.907,0,"あくせる",-20.726,-46.747,66,"sano jpn",-10.324,-65.802,0,"にゃんこ3K",23.534,-50.532,0,"쟈가리코",15.747,-62.889,0,"akahosi",54.752,-100.543,0,"alcohol500",1.759,-119.646,0,"ゆっち一",-39.09,-106.667,0,4696.568,-0.723,-20.902,4698.218,2,"あくせる",-15.861,-46.608,0,0,0,0,0,0,0,2
101,5,0,1,5,0,0,1,0,0,0,255,255,255,26,4720.248,"Espressο",R,1,23,81,-1.396,-0.871,0.519,1.591,-37.65,2,0,0,0,1.002,0,0,0,4,4,R,"인생최패망자",190,80,0.401,3,57,4721.621,255,19,139,123,91,150,100,25.43,25.313,0.92,0.007,-0.042,0.099,0,0.362,0.061,-37.224,0,"mochi_2929",-0.016,-16.822,0,"あくせる",-21.508,-47.713,0,"sano jpn",-14.312,-63.648,0,"にゃんこ3K",23.492,-51.44,0,"쟈가리코",11.729,-64.621,0,"akahosi",46.811,-90.896,0,"alcohol500",1.058,-121.162,0,"ゆっち一",-45.136,-93.865,98,4725.834,-38.224,-90.663,4725.968,8,"ゆっち一",-36.676,-88.004,0,0,0,0,0,0,0,1
102,5,0,1,5,0,0,2,0,0,0,255,255,255,27,4747.123,"Espressο",R,32,89,125,0.324,1.92,0.514,2.024,-36.875,1,0,201.298,-200,-0.044,0,0,0,5,8,L,"SOM_candy",170.4,94.339,0.503,0,57,0,0,0,0,0,0,0,0,0,0,0,0,0,0,0,0,0.394,-37.296,0,"mochi_2929",0.04,-16.766,0,"あくせる",-21.301,-47.48,0,"sano jpn",-11.28,-65.723,0,"にゃんこ3K",22.672,-50.412,0,"쟈가리코",15.614,-63.304,0,"akahosi",52.606,-100.29,0,"alcohol500",5.41,-116.807,0,"ゆっち一",-39.574,-96.398,0,0,0,0,0,0,"",0,0,0,0,0,0,0,0,0,0
103,5,0,1,5,1,0,2,0,0,0,255,255,255,28,4761.34,"Espressο",R,13,114,126,-1.471,0.342,0.561,1.933,-36.993,2,0,-360.978,345.97,-17.732,0,0,1,5,8,L,"SOM_candy",170.4,94.339,0.503,3,57,4762.438,125,12,78,93,43,140,93,-80.767,56.189,-0.17,-0.016,0.053,0.134,0,0.186,0.125,-37.279,120,"mochi_2929",-0.007,-16.757,0,"あくせる",-20.763,-47.367,0,"sano jpn",-11.232,-65.721,0,"にゃんこ3K",22.521,-50.339,0,"쟈가리코",15.573,-63.199,0,"akahosi",52.551,-100.318,0,"alcohol500",5.482,-116.278,0,"ゆっち一",-42.371,-94.328,0,4762.568,-0.537,-19.871,4765.568,0,"Espressο",-1.116,-34.837,0,0,0,0,0,0,0,2
104,6,1,1,5,0,0,0,0,0,0,255,255,255,43,4818.183,"Pring__",R,14,69,98,-0.617,-0.826,-0.291,1.532,-36.072,0,0,347.842,312.348,-2.015,0,0,0,7,7,L,"alcohol500",167.6,87,0.284,0,57,0,0,0,0,0,0,0,0,0,0,0,0,0,0,0,0,-0.3,-37.673,0,"ʚEveɞ",-0.12,-17.146,0,"Megu3568",-19.253,-45.471,0,"とりらむ",-7.961,-64.628,0,"인생최패망자",22.288,-48.554,0,"わだ、、",13.947,-64.051,0,"IbikiKai_JP",38.548,-84.278,0,"Gonyong",10.532,-104.594,0,"SOM_candy",-36.718,-77.182,0,0,0,0,0,0,"",0,0,0,0,0,0,0,0,0,0
105,6,1,1,5,0,1,0,0,0,0,255,255,255,44,4836.236,"Pring__",R,26,76,127,-0.578,2.14,-0.066,1.771,-36.31,2,0,89.093,-195.009,-1.275,0,0,1,7,7,L,"alcohol500",167.6,87,0.284,3,57,4837.382,157,3,105,37,11,150,116,-10.676,0.492,0.18,-0.073,-0.017,0.157,0,0.174,-0.368,-36.652,0,"ʚEveɞ",-0.192,-17.122,0,"Megu3568",-18.984,-45.415,86,"とりらむ",-7.97,-64.598,0,"인생최패망자",23.174,-49.272,0,"わだ、、",13.97,-64.063,0,"IbikiKai_JP",38.593,-84.254,0,"Gonyong",8.786,-106.232,0,"SOM_candy",-36.807,-77.239,97,4837.635,-0.131,-27.368,4840.885,8,"SOM_candy",-24.853,-73.221,1,0,0,0,0,0,0,2
106,6,1,1,5,0,0,0,1,0,0,7,255,255,45,4871.743,"Pring__",R,32,81,133,-2.083,-0.685,-0.232,1.351,-36.085,4,0,250,-200,14.844,0,0,1,8,6,R,"akahosi",172.1,89.934,0.5,0,50,0,0,0,0,0,0,0,0,0,0,0,0,0,0,0,0,-0.327,-37.402,0,"ʚEveɞ",-0.228,-17.087,0,"Megu3568",-19.163,-42.343,0,"とりらむ",-14.375,-60.341,0,"인생최패망자",17.684,-47.28,0,"わだ、、",5.929,-60.403,0,"IbikiKai_JP",37.823,-90.197,0,"Gonyong",-10.17,-108.702,0,"SOM_candy",-40.28,-77.987,0,0,0,0,0,0,"",0,0,0,0,0,0,0,0,0,0
107,6,1,1,5,0,1,0,1,0,0,7,255,255,46,4888.042,"Pring__",R,32,78,129,-0.669,0.857,-0.104,1.593,-36.162,2,0,247.47,-200,4.827,0,0,1,8,6,R,"akahosi",172.1,89.934,0.5,2,50,4889.192,223,15,90,48,27,150,92,10.277,44.092,-0.41,0.002,-0.023,0.196,0,0.228,-0.332,-36.618,0,"ʚEveɞ",-0.189,-17.169,0,"Megu3568",-19.156,-44.704,0,"とりらむ",-14.359,-62.301,0,"인생최패망자",17.494,-49.569,0,"わだ、、",8.051,-61.874,0,"IbikiKai_JP",37.729,-90.224,0,"Gonyong",-10.543,-109.871,0,"SOM_candy",-39.169,-77.084,0,4891.101,-31.457,-45.729,0,0,"",0,0,0,0,0,0,0,0,0,3
108,6,1,1,5,0,2,0,1,0,0,7,255,255,47,4916.338,"Pring__",R,26,85,138,-1.869,-0.87,-0.179,1.324,-36.032,2,0,142.269,-200,17.957,0,0,1,8,6,R,"akahosi",172.1,89.934,0.5,2,50,4917.434,165,4,98,53,39,150,98,-30,35.087,0.93,-0.067,-0.119,0.224,0,0.221,-0.41,-36.844,0,"ʚEveɞ",-0.121,-17.193,0,"Megu3568",-18.426,-43.759,100,"とりらむ",-15.223,-62.304,0,"인생최패망자",17.547,-50.111,0,"わだ、、",8.347,-61.656,95,"IbikiKai_JP",36.488,-89.896,0,"Gonyong",-14.628,-108.648,0,"SOM_candy",-41.701,-75.628,0,4917.484,-0.969,-20.061,4918.951,2,"Megu3568",-15.204,-40.31,0,0,0,0,0,0,0,2
109,6,1,1,5,0,0,2,0,0,0,255,255,255,48,4946.37,"Pring__",R,13,72,100,-0.286,-0.741,0.221,1.551,-36.219,0,0,-354.94,312.348,-1.576,0,0,0,0,3,R,"sano jpn",167.9,90.796,0.324,0,57,0,0,0,0,0,0,0,0,0,0,0,0,0,0,0,0,-0.236,-37.61,0,"ʚEveɞ",-0.104,-17.216,0,"Megu3568",-19.239,-44.854,0,"とりらむ",-13.81,-63.307,0,"인생최패망자",21.148,-52.403,0,"わだ、、",11.982,-63.622,0,"IbikiKai_JP",31.661,-87.315,0,"Gonyong",-18.468,-100.973,0,"SOM_candy",-39.244,-72.534,0,0,0,0,0,0,"",0,0,0,0,0,0,0,0,0,0
110,6,1,1,5,0,1,2,0,0,0,255,255,255,49,4963.326,"Pring__",R,26,78,129,0.315,0.518,0.037,1.535,-36.144,0,0,85.013,-200,-18.319,0,0,0,0,3,R,"sano jpn",167.9,90.796,0.324,0,57,0,0,0,0,0,0,0,0,0,0,0,0,0,0,0,0,-0.396,-37.913,0,"ʚEveɞ",-0.071,-17.19,0,"Megu3568",-19.252,-44.892,0,"とりらむ",-13.753,-63.342,0,"인생최패망자",20.781,-52.55,0,"わだ、、",11.968,-64.644,84,"IbikiKai_JP",31.64,-87.336,0,"Gonyong",-18.5,-101.024,0,"SOM_candy",-39.277,-72.585,0,0,0,0,0,0,"",0,0,0,0,0,0,0,0,0,0
111,6,1,1,5,0,2,2,0,0,0,255,255,255,50,4986.82,"Pring__",R,13,73,101,-1.463,-0.017,0.053,1.775,-36.424,2,0,-308.361,370.422,-7.905,0,0,1,0,3,R,"sano jpn",167.9,90.796,0.324,3,57,4988.076,104,12,68,95,68,136,109,11.737,-2.247,0.77,-0.022,0.05,0.12,0.143,0.342,-0.581,-36.704,0,"ʚEveɞ",-0.518,-17.39,0,"Megu3568",-19.184,-44.629,0,"とりらむ",-12.591,-64.231,85,"인생최패망자",20.993,-52.316,0,"わだ、、",11.881,-65.28,0,"IbikiKai_JP",31.626,-87.31,0,"Gonyong",-18.502,-100.965,100,"SOM_candy",-40.086,-72.419,0,4990.168,-0.787,-72.08,4991.734,7,"Gonyong",-3.678,-96.679,1,0,0,0,0,0,0,2
112,6,1,1,5,0,0,2,1,0,0,3,255,255,51,5018.427,"Pring__",R,32,83,135,0.031,0.082,-0.029,1.474,-36.195,2,0,225.442,-200,2.982,0,0,1,1,8,R,"ゆっち一",180.2,83.623,0.42,3,71,5019.481,241,11,62,59,32,141,96,-11.748,15.877,-0.22,-0.063,-0.086,0.147,0,0.275,-0.443,-36.687,0,"ʚEveɞ",-0.183,-16.784,0,"Megu3568",-19.305,-44.594,0,"とりらむ",-11.943,-62.012,87,"인생최패망자",20.732,-53.094,0,"わだ、、",11.067,-63.568,0,"IbikiKai_JP",39.897,-108.777,0,"Gonyong",-1.083,-124.078,0,"SOM_candy",-60.235,-98.335,0,5019.718,-1.377,-23.603,5021.635,3,"とりらむ",-10.114,-54.168,0,0,0,0,0,0,0,2
113,6,0,1,5,0,0,0,0,0,0,255,255,255,29,5072.922,"Espressο",R,26,126,140,1.302,1.325,0.746,1.912,-36.89,2,0,22.766,-199.784,0.623,0,0,1,6,3,R,"とりらむ",174.5,80,0.652,3,57,5073.94,255,24,147,120,71,150,86,18.428,5.4,-0.74,-0.065,-0.059,0.289,0,0.714,0.237,-37.379,0,"mochi_2929",-0.058,-16.613,0,"あくせる",-20.513,-47.702,0,"sano jpn",-13.636,-64.338,62,"にゃんこ3K",22.525,-53.085,0,"쟈가리코",10.828,-65.719,0,"akahosi",40.037,-92.036,0,"alcohol500",0.977,-111.166,90,"ゆっち一",-45.043,-90.57,0,5078.168,-0.539,-88.883,5079.201,7,"alcohol500",-0.378,-96.025,1,0,0,0,0,0,0,2
114,6,0,1,5,0,0,0,1,0,0,12,255,255,30,5106.423,"Espressο",R,10,88,114,0.46,-0.339,0.639,1.832,-36.916,0,0,0,400,-12.355,0,0,0,7,6,L,"IbikiKai_JP",175.1,90.478,0.5,0,57,0,0,0,0,0,0,0,0,0,0,0,0,0,0,0,0,0.289,-37.338,0,"mochi_2929",-0.079,-16.824,0,"あくせる",-18.1,-41.91,0,"sano jpn",-8.957,-61.74,0,"にゃんこ3K",20.465,-46.79,0,"쟈가리코",15.72,-63.108,0,"akahosi",42.757,-89.458,0,"alcohol500",4.253,-108.548,0,"ゆっち一",-35.431,-98.641,0,0,0,0,0,0,"",0,0,0,0,0,0,0,0,0,0
115,6,0,1,5,0,1,0,1,0,0,12,255,255,31,5124.405,"Espressο",R,26,107,140,-0.05,1.244,0.519,1.897,-36.69,4,0,111.727,-200,-11.329,0,0,1,7,6,L,"IbikiKai_JP",175.1,90.478,0.5,0,57,0,0,0,0,0,0,0,0,0,0,0,0,0,0,0,0,0.732,-37.404,0,"mochi_2929",-1.158,-19.374,0,"あくせる",-19.902,-41.142,85,"sano jpn",-5.797,-61.757,0,"にゃんこ3K",20.78,-47.549,0,"쟈가리코",15.265,-63.16,0,"akahosi",42.77,-89.477,0,"alcohol500",2.95,-109.334,0,"ゆっち一",-36.369,-98.052,0,0,0,0,0,0,"",0,0,0,0,0,0,0,0,0,0
116,6,0,1,5,0,2,0,1,0,0,12,255,255,32,5141.443,"Espressο",R,10,82,110,0.857,-0.804,0.668,1.953,-36.952,0,0,0,400,-26.419,0.058,-17.196,0,7,6,L,"IbikiKai_JP",175.1,90.478,0.5,0,57,0,0,0,0,0,0,0,0,0,0,0,0,0,0,0,0,0.489,-37.464,0,"mochi_2929",0.826,-18.617,0,"あくせる",-18.737,-42.63,0,"sano jpn",-5.069,-61.822,0,"にゃんこ3K",21.118,-46.893,0,"쟈가리코",15.539,-62.977,0,"akahosi",42.287,-90.995,0,"alcohol500",3.833,-109.878,0,"ゆっち一",-38.069,-96.733,0,0,0,0,0,0,"",0,0,0,64,0,0,0,0,0,0
117,6,0,1,5,0,0,2,0,0,0,255,255,255,33,5165.907,"Espressο",R,10,94,119,-0.45,0.58,0.472,1.937,-36.921,0,0,0,400,-2.927,0,0,1,8,5,L,"わだ、、",174.5,85,0.53,0,57,0,0,0,0,0,0,0,0,0,0,0,0,0,0,0,0,0.447,-37.532,0,"mochi_2929",-0.239,-16.631,0,"あくせる",-20.257,-44.401,0,"sano jpn",-13.178,-64.663,0,"にゃんこ3K",22.143,-47.274,0,"쟈가리코",15.112,-63.192,0,"akahosi",44.778,-91.383,0,"alcohol500",5.849,-109.914,0,"ゆっち一",-41.495,-100.225,0,0,0,0,0,0,"",0,0,0,0,0,0,0,0,0,0
118,6,0,1,5,0,1,2,0,0,0,255,255,255,34,5179.747,"Espressο",R,13,97,119,-1.634,-0.188,0.542,1.821,-36.961,2,0,-351.858,355.241,-22.526,0,0,1,8,5,L,"わだ、、",174.5,85,0.53,3,57,5180.869,233,13,52,119,42,139,90,28.075,15.095,-0.36,-0.039,0.03,0.107,0,0.402,0.323,-37.402,0,"mochi_2929",-0.048,-16.637,0,"あくせる",-20.547,-44.923,0,"sano jpn",-12.802,-64.627,0,"にゃんこ3K",22.032,-48.78,0,"쟈가리코",15.33,-62.991,0,"akahosi",44.814,-91.488,0,"alcohol500",6.037,-110.227,0,"ゆっち一",-41.733,-99.404,75,5185.801,-19.1,-94.19,5186.118,8,"ゆっち一",-19.208,-94.62,1,0,0,0,0,0,0,2
119,6,0,1,5,0,0,2,1,0,0,14,255,255,35,5210.173,"Espressο",R,14,70,99,-0.387,0.236,0.301,2.146,-36.89,2,0,345.696,320.097,-20.648,0,0,1,0,1,L,"ʚEveɞ",190,80,0.347,3,57,5211.299,255,19,137,99,44,150,129,105.745,71.775,0.63,0.083,-0.038,0.33,0,0.503,0.061,-37.519,0,"mochi_2929",-0.149,-16.736,0,"あくせる",-18.915,-43.087,0,"sano jpn",-9.56,-64.024,0,"にゃんこ3K",21.781,-48.226,0,"쟈가리코",15.447,-63.237,0,"akahosi",44.612,-89.643,0,"alcohol500",1.469,-111.537,0,"ゆっち一",-39.748,-96.005,0,0,0,0,0,0,"",0,0,0,0,0,0,0,0,0,3
120,6,0,1,5,0,1,2,1,0,0,14,255,255,36,5256.901,"Espressο",R,10,86,113,-1.182,-0.577,0.391,1.95,-36.856,0,0,0,400,9.915,-0.38,-16.085,1,0,1,L,"ʚEveɞ",190,80,0.347,0,57,0,0,0,0,0,0,0,0,0,0,0,0,0,0,0,0,0.181,-37.589,0,"mochi_2929",-1.47,-18.888,0,"あくせる",-19.786,-39.823,0,"sano jpn",-8.897,-63.004,0,"にゃんこ3K",22.719,-48.872,0,"쟈가리코",15.919,-62.671,0,"akahosi",45.759,-90.744,0,"alcohol500",1.789,-114.314,0,"ゆっち一",-40.822,-94.428,0,0,0,0,0,0,"",0,0,0,0,0,0,0,0,0,0
121,6,0,1,5,0,2,2,1,0,0,14,255,255,37,5275.731,"Espressο",R,33,116,140,1.795,-0.461,0.713,1.565,-36.699,1,0,105.258,-98.861,-2.625,0,0,0,0,1,L,"ʚEveɞ",190,80,0.347,0,57,0,0,0,0,0,0,0,0,0,0,0,0,0,0,0,0,0.84,-37.422,0,"mochi_2929",0.165,-16.643,0,"あくせる",-19.491,-41.465,0,"sano jpn",-9.891,-64.278,0,"にゃんこ3K",22.982,-48.783,0,"쟈가리코",15.935,-62.717,0,"akahosi",46.564,-91.607,0,"alcohol500",2.34,-114.548,0,"ゆっち一",-40.035,-95.699,0,0,0,0,0,0,"",0,0,0,0,0,0,0,0,0,0
122,6,0,1,5,1,2,2,1,0,0,14,255,255,38,5288.884,"Espressο",R,10,83,111,-1.202,-1.755,0.436,1.589,-36.855,4,0,0,400,7.114,-0.294,-18.628,1,0,1,L,"ʚEveɞ",190,80,0.347,0,57,0,0,0,0,0,0,0,0,0,0,0,0,0,0,0,0,0.446,-37.483,0,"mochi_2929",-0.443,-17.696,0,"あくせる",-19.514,-41.42,0,"sano jpn",-8.521,-64.833,0,"にゃんこ3K",22.754,-48.363,0,"쟈가리코",15.55,-62.306,0,"akahosi",46.679,-91.596,0,"alcohol500",1.913,-114.732,0,"ゆっち一",-39.735,-96.8,0,0,0,0,0,0,"",0,0,0,0,0,0,0,0,0,0
123,7,1,1,5,0,0,0,0,0,0,255,255,255,52,5340.159,"Pring__",R,26,76,128,-0.172,0.375,0.077,1.53,-36.163,0,0,-195.182,-200,-2.531,0,0,0,2,1,R,"mochi_2929",190,95.142,0.445,0,57,0,0,0,0,0,0,0,0,0,0,0,0,0,0,0,0,0,-37.702,0,"ʚEveɞ",-0.051,-17.225,0,"Megu3568",-19.446,-45.559,0,"とりらむ",-14.259,-63.809,0,"인생최패망자",21.295,-53.059,0,"わだ、、",11.954,-65.3,0,"IbikiKai_JP",37.166,-96.377,0,"Gonyong",-1.172,-117.334,0,"SOM_candy",-43.05,-87.308,0,0,0,0,0,0,"",0,0,0,0,0,0,0,0,0,0
124,7,1,1,5,0,1,0,0,0,0,255,255,255,53,5357.83,"Pring__",R,14,72,100,1.386,-1.19,0.02,1.38,-36.112,2,0,334.497,338.549,-10.707,0,0,1,2,1,R,"mochi_2929",190,95.142,0.445,3,57,5359.046,255,11,122,134,37,150,128,27.683,-47.191,0.33,0.103,-0.073,0.015,0,0.208,-0.19,-36.862,0,"ʚEveɞ",0.062,-17.172,0,"Megu3568",-19.379,-45.384,0,"とりらむ",-14.25,-63.778,86,"인생최패망자",22.013,-52.811,0,"わだ、、",12.035,-65.198,0,"IbikiKai_JP",37.163,-96.373,104,"Gonyong",-2.007,-117.125,0,"SOM_candy",-42.988,-85.013,0,5363.501,62.842,-106.254,5365.535,6,"IbikiKai_JP",50.374,-104.318,1,0,0,0,0,0,0,2
125,7,1,1,5,0,0,0,0,1,0,255,1,255,54,5400.773,"Pring__",R,26,82,134,-1.399,-0.248,-0.094,1.413,-36.082,0,0,-10.871,-200,33.239,0,0,0,3,4,R,"にゃんこ3K",190,90.056,0.546,0,57,0,0,0,0,0,0,0,0,0,0,0,0,0,0,0,0,-0.391,-37.677,0,"ʚEveɞ",-0.201,-16.897,0,"Megu3568",-18.981,-45.272,0,"とりらむ",-11.533,-59.976,0,"인생최패망자",17.538,-46.349,0,"わだ、、",8.5,-63.239,0,"IbikiKai_JP",43.419,-110.117,0,"Gonyong",-2.765,-124.287,0,"SOM_candy",-56.049,-97.276,0,0,0,0,0,0,"",0,0,0,0,0,0,0,0,0,0
126,7,1,1,5,0,1,0,0,1,0,255,1,255,55,5422.528,"Pring__",R,26,74,127,-0.568,1.355,-0.025,1.716,-36.185,2,0,19.704,-200,-6.798,0,0,1,3,4,R,"にゃんこ3K",190,90.056,0.546,3,57,5423.698,255,17,103,90,57,150,69,30.843,43.9,0.99,-0.004,-0.086,0.185,0,0.497,-0.63,-37.234,0,"ʚEveɞ",-0.039,-16.861,0,"Megu3568",-18.956,-45.188,0,"とりらむ",-12.465,-60.75,0,"인생최패망자",17.08,-49.064,91,"わだ、、",9.449,-63.426,0,"IbikiKai_JP",44.277,-109.916,0,"Gonyong",-2.802,-124.453,0,"SOM_candy",-56.075,-97.309,91,5427.385,-32.463,-57.212,5430.818,8,"SOM_candy",-46.7,-68.625,1,0,0,0,0,0,0,2
127,7,1,1,5,0,0,0,0,1,1,255,255,1,56,5459.046,"Pring__",R,26,77,129,0.313,0.524,0.037,1.58,-36.138,2,0,51.669,-200,1.743,0,0,1,4,2,R,"あくせる",190,86.41,0.669,3,57,5460.152,255,18,141,99,63,150,102,108.895,-53.258,-0.25,0.003,-0.035,0.224,0,0.377,-0.343,-36.727,0,"ʚEveɞ",-0.007,-16.943,0,"Megu3568",-20.284,-46.247,0,"とりらむ",-13.734,-62.476,0,"인생최패망자",18.108,-43.872,0,"わだ、、",9.621,-63.175,0,"IbikiKai_JP",37.191,-95.026,0,"Gonyong",-7.509,-116.111,0,"SOM_candy",-41.677,-81.472,0,0,0,0,0,0,"",0,0,0,0,0,0,0,0,0,3
128,7,1,1,5,0,1,0,0,1,1,255,255,1,57,5482.955,"Pring__",R,10,76,105,1.65,-1.045,0.263,1.452,-36.126,1,0,0,400,-12.523,0.314,-16.948,0,4,2,R,"あくせる",190,86.41,0.669,0,72,0,0,0,0,0,0,0,0,0,0,0,0,0,0,0,0,-0.377,-37.65,0,"ʚEveɞ",0.169,-17.047,0,"Megu3568",-20.873,-46.126,0,"とりらむ",-15.52,-62.621,0,"인생최패망자",17.024,-44.064,0,"わだ、、",6.678,-61.137,0,"IbikiKai_JP",37.359,-93.877,0,"Gonyong",-6.246,-114.246,0,"SOM_candy",-44.531,-83.86,0,0,0,0,0,0,"",0,0,0,0,0,0,0,0,0,0
129,7,1,1,5,1,1,0,0,1,1,255,255,1,58,5500.282,"Pring__",R,32,84,137,-0.256,0.522,-0.048,1.563,-36.163,2,0,208.234,-200,24.57,0,0,1,4,2,R,"あくせる",190,86.41,0.669,3,72,5501.411,255,10,116,100,38,150,125,103.804,-33.79,0.25,0.011,-0.052,0.237,0,0.38,-0.355,-36.737,0,"ʚEveɞ",-0.081,-16.981,0,"Megu3568",-19.978,-45.585,0,"とりらむ",-15.205,-62.928,0,"인생최패망자",17.319,-44.771,0,"わだ、、",8.487,-62.284,0,"IbikiKai_JP",37.326,-93.916,0,"Gonyong",-6.274,-114.415,0,"SOM_candy",-43.741,-84.339,0,0,0,0,0,0,"",0,0,0,0,0,0,0,0,0,3
130,7,1,1,5,1,2,0,0,1,1,255,255,1,59,5518.333,"Pring__",R,13,80,108,-1.781,-0.51,0.056,1.611,-36.2,2,0,-162.645,400,9.062,0,0,1,4,2,R,"あくせる",190,86.41,0.669,3,72,5519.569,255,13,88,87,48,150,112,23.244,-26.211,0.11,-0.047,-0.114,0.166,0,0.233,-0.675,-36.686,0,"ʚEveɞ",-0.515,-17.27,0,"Megu3568",-19.956,-45.528,0,"とりらむ",-14.733,-61.635,0,"인생최패망자",17.466,-45.09,0,"わだ、、",10.312,-63.593,0,"IbikiKai_JP",37.587,-95.615,0,"Gonyong",-6.918,-112.609,90,"SOM_candy",-40.947,-82.713,0,5524.001,28.221,-109.711,5527.234,7,"Gonyong",27.281,-126.504,1,0,0,0,0,0,0,2
131,7,1,3,5,0,0,0,0,1,0,255,2,255,60,5601.674,"Pring__",R,26,83,136,-0.047,1.056,0.149,1.636,-36.273,0,0,156.12,-200,-2.987,0,0,1,5,5,R,"쟈가리코",174.8,83,0.504,0,57,0,0,0,0,0,0,0,0,0,0,0,0,0,0,0,0,-0.54,-37.515,0,"ʚEveɞ",-0.112,-16.882,0,"Megu3568",-20.274,-45.854,0,"とりらむ",-14.456,-61.513,0,"인생최패망자",19.929,-47.773,0,"わだ、、",8.535,-62.617,0,"IbikiKai_JP",36.185,-92.844,0,"Gonyong",-3.062,-116.695,0,"SOM_candy",-39.738,-84.15,0,0,0,0,0,0,"",0,0,0,0,0,0,0,0,0,0
132,7,1,3,5,0,1,0,0,1,0,255,2,255,61,5619.844,"Pring__",R,26,68,122,-0.854,0.803,0.184,1.585,-36.176,2,0,-197.274,-200,-19.23,0,0,1,5,5,R,"쟈가리코",174.8,83,0.504,3,57,5621.075,152,14,63,44,31,139,127,24.328,17.922,0.54,-0.011,-0.048,0.208,0,0.398,-0.204,-36.954,0,"ʚEveɞ",-0.046,-17.031,0,"Megu3568",-20.184,-45.64,0,"とりらむ",-14.327,-61.645,0,"인생최패망자",19.175,-49.504,0,"わだ、、",8.725,-63.046,85,"IbikiKai_JP",36.587,-93.166,0,"Gonyong",-3.156,-116.925,85,"SOM_candy",-39.311,-84.059,0,5625.968,-35.404,-125.725,5627.568,7,"Gonyong",-31.068,-120.653,1,0,0,0,0,0,0,2
133,7,1,4,5,0,0,0,0,1,0,255,255,255,0,5866.999,"ʚEveɞ",R,27,85,139,0.263,-0.121,0.163,1.731,-36.385,0,0,76.571,-116.994,10.377,0,0,1,6,0,R,"Espressο",190,94.953,0.395,0,57,0,0,0,0,0,0,0,0,0,0,0,0,0,0,0,0,-0.164,-37.091,0,"Pring__",0.008,-17.235,0,"Megu3568",-19.093,-44.117,0,"とりらむ",-15.586,-61.679,0,"인생최패망자",19.791,-49.116,0,"わだ、、",4.309,-60.646,0,"IbikiKai_JP",40.148,-100.724,0,"Gonyong",-2.964,-116.824,0,"SOM_candy",-40.211,-81.818,0,0,0,0,0,0,"",0,0,0,0,0,0,0,0,0,0
134,7,1,4,5,0,1,0,0,1,0,255,255,255,1,5889.705,"ʚEveɞ",R,14,74,114,1.701,-1.195,0.189,1.661,-36.24,1,0,390.434,312.348,54.153,0,0,0,6,0,R,"Espressο",190,94.953,0.395,0,48,0,0,0,0,0,0,0,0,0,0,0,0,0,0,0,0,0.103,-36.989,0,"Pring__",0.05,-17.056,0,"Megu3568",-19.47,-45.196,0,"とりらむ",-14.195,-62.253,0,"인생최패망자",19.436,-43.926,0,"わだ、、",5.464,-62.884,0,"IbikiKai_JP",39.024,-100.413,0,"Gonyong",-3.331,-117.438,0,"SOM_candy",-40.184,-81.804,0,0,0,0,0,0,"",0,0,0,0,0,0,0,0,0,0
135,7,1,4,5,1,1,0,0,1,0,255,255,255,2,5905.608,"ʚEveɞ",R,26,85,139,0.103,0.408,0.148,1.821,-36.312,2,0,78.939,-161.123,13.498,0,0,1,6,0,R,"Espressο",190,94.953,0.395,3,48,5906.448,109,15,72,76,81,138,118,25.622,-18.872,0.21,-0.063,-0.029,0.097,0,0.253,-0.04,-36.607,0,"Pring__",0.077,-17.125,0,"Megu3568",-19.266,-45.132,0,"とりらむ",-12.711,-62.054,78,"인생최패망자",18.34,-48.596,0,"わだ、、",6.931,-62.754,0,"IbikiKai_JP",38.689,-101.077,0,"Gonyong",-3.338,-117.557,94,"SOM_candy",-39.968,-81.614,0,5911.868,29.643,-124.923,5913.418,7,"Gonyong",27.559,-125.595,1,0,0,0,0,0,0,2
136,7,1,5,5,0,0,0,0,1,0,255,0,255,3,5945.735,"ʚEveɞ",R,29,53,111,-2.667,0.623,0.007,1.875,-36.345,1,0,-250,-16.629,14.53,0,0,0,7,7,L,"alcohol500",167.6,87,0.284,0,57,0,0,0,0,0,0,0,0,0,0,0,0,0,0,0,0,0.05,-37.18,0,"Pring__",-0.013,-17.277,0,"Megu3568",-19.553,-45.538,0,"とりらむ",-2.246,-61.845,0,"인생최패망자",20.782,-45.02,0,"わだ、、",12.355,-63.156,0,"IbikiKai_JP",35.744,-90.627,0,"Gonyong",4.893,-114.727,0,"SOM_candy",-45.189,-89.079,0,0,0,0,0,0,"",0,0,0,0,0,0,0,0,0,0
137,7,1,5,5,1,0,0,0,1,0,255,0,255,4,5960.432,"ʚEveɞ",R,26,92,140,0.401,1.228,0.165,1.916,-36.442,2,0,111.71,-200,16.363,0,0,1,7,7,L,"alcohol500",167.6,87,0.284,3,57,5961.55,107,4,47,33,11,112,108,-30,-27.188,0.69,-0.047,-0.01,0.051,0,0.132,-0.059,-36.966,0,"Pring__",-0.02,-17.343,0,"Megu3568",-19.435,-45.483,92,"とりらむ",-4.414,-63.285,0,"인생최패망자",22.341,-47.95,120,"わだ、、",11.57,-64.115,0,"IbikiKai_JP",35.811,-90.714,0,"Gonyong",5.827,-111.115,0,"SOM_candy",-42.438,-86.744,0,5961.718,1.038,-21.208,5963.401,4,"인생최패망자",15.171,-48.331,0,64,0,0,0,0,0,2
138,7,1,5,5,0,0,2,0,0,0,255,255,255,5,5989.093,"ʚEveɞ",R,32,88,140,2.409,0.479,0.317,1.867,-36.579,4,0,176.62,-154.27,12.83,0.153,-19.964,1,8,6,R,"akahosi",172.1,89.934,0.5,0,50,0,0,0,0,0,0,0,0,0,0,0,0,0,0,0,0,-0.006,-37.073,0,"Pring__",0.054,-17.124,0,"Megu3568",-19.51,-45.115,0,"とりらむ",-13.659,-63.097,0,"인생최패망자",18.645,-49.357,0,"わだ、、",10.509,-64.581,0,"IbikiKai_JP",35.394,-98.243,0,"Gonyong",-1.859,-108.2,0,"SOM_candy",-39.267,-80.51,0,0,0,0,0,0,"",0,0,0,0,0,0,0,0,0,0
139,7,1,5,5,0,1,2,0,0,0,255,255,255,6,6010.92,"ʚEveɞ",R,28,82,135,-5.127,-1.076,0.034,1.636,-36.283,2,0,34.427,-69.504,11.737,0,0,1,8,6,R,"akahosi",172.1,89.934,0.5,2,50,6012.017,255,20,169,99,57,150,118,-11.475,13.56,0.19,-0.04,-0.034,0.088,0,0.064,-0.292,-36.709,0,"Pring__",0.036,-16.963,0,"Megu3568",-19.489,-45.112,0,"とりらむ",-14.262,-62.681,107,"인생최패망자",19.933,-49.986,0,"わだ、、",11.539,-64.331,0,"IbikiKai_JP",37.713,-97.955,0,"Gonyong",-4.5,-106.55,0,"SOM_candy",-40.144,-78.983,0,6012.168,-0.893,-22.47,6013.901,3,"とりらむ",-9.787,-59.321,0,0,0,0,0,0,0,2
140,7,0,5,5,0,0,0,0,0,0,255,255,255,39,6067.445,"Espressο",R,26,123,140,0.603,0.107,0.619,1.619,-36.649,0,0,90.642,-200,-1.57,0,0,0,1,2,R,"Megu3568",175.3,86,0.404,0,57,0,0,0,0,0,0,0,0,0,0,0,0,0,0,0,0,0.338,-37.422,0,"mochi_2929",-0.03,-16.781,0,"あくせる",-20.627,-45.607,0,"sano jpn",-13.553,-64.447,0,"にゃんこ3K",22.192,-53.719,0,"쟈가리코",11.374,-65.535,0,"akahosi",39.969,-89.013,0,"alcohol500",-0.071,-114.423,0,"ゆっち一",-48.661,-96.712,0,0,0,0,0,0,"",0,0,0,0,0,0,0,0,0,0
141,7,0,5,5,0,1,0,0,0,0,255,255,255,40,6082.117,"Espressο",R,12,84,118,-25.12,-1.053,0.624,1.892,-36.908,2,0,0,140.898,-10.848,0,0,1,1,2,R,"Megu3568",175.3,86,0.404,3,57,6083.322,255,17,187,111,52,150,127,28.154,23.397,0.33,-0.017,0.014,0.415,0,0.373,-0.101,-37.215,0,"mochi_2929",0.002,-16.773,0,"あくせる",-20.605,-46.971,0,"sano jpn",-13.197,-64.503,0,"にゃんこ3K",22.148,-53.82,0,"쟈가리코",11.281,-65.439,0,"akahosi",39.941,-88.968,0,"alcohol500",1.087,-113.111,0,"ゆっち一",-46.725,-94.249,111,6088.485,-60.186,-106.567,6091.068,8,"ゆっち一",-50.588,-99.22,1,0,0,0,0,0,0,2
142,7,0,5,5,0,0,0,0,1,0,255,11,255,41,6129.595,"Espressο",R,13,110,126,-3.908,-1.206,0.207,1.56,-36.741,1,0,-344.846,362.052,-3.203,-1.052,-16.853,0,2,7,R,"Gonyong",175.2,80,0.2,0,57,0,0,0,0,0,0,0,0,0,0,0,0,0,0,0,0,0.487,-37.314,0,"mochi_2929",-0.527,-16.723,0,"あくせる",-19.388,-43.808,0,"sano jpn",-14.164,-62.006,0,"にゃんこ3K",20.88,-48.125,0,"쟈가리코",6.252,-63.014,0,"akahosi",47.214,-91.013,0,"alcohol500",0.475,-116.476,0,"ゆっち一",-48.038,-95.809,0,0,0,0,0,0,"",0,0,0,0,0,0,0,0,0,0
143,7,0,5,5,1,0,0,0,1,0,255,11,255,42,6174.034,"Espressο",R,10,108,128,-0.787,-1.179,0.516,1.572,-36.724,1,0,-102.747,384.284,-4.42,0,0,0,2,7,R,"Gonyong",175.2,80,0.2,0,57,0,0,0,0,0,0,0,0,0,0,0,0,0,0,0,0,0.344,-37.472,0,"mochi_2929",-0.276,-16.693,0,"あくせる",-19.642,-43.967,0,"sano jpn",-13.682,-63.432,0,"にゃんこ3K",21.089,-47.641,0,"쟈가리코",7.063,-64.304,72,"akahosi",47.128,-89.902,0,"alcohol500",-0.129,-115.304,0,"ゆっち一",-48.009,-95.17,0,0,0,0,0,0,"",0,0,0,0,0,0,0,0,0,0
144,7,0,5,5,2,0,0,0,1,0,255,11,255,43,6210.848,"Espressο",R,13,93,115,-2.679,-0.213,0.394,1.829,-36.688,2,0,-340.273,366.353,-5.24,0,0,1,2,7,R,"Gonyong",175.2,80,0.2,3,57,6212.002,174,15,156,135,69,150,100,-8.198,45.051,0.93,-0.052,0,0.121,0.143,0.173,0.069,-37.253,0,"mochi_2929",-0.033,-16.854,0,"あくせる",-19.43,-46.13,0,"sano jpn",-13.587,-63.625,0,"にゃんこ3K",21.135,-48.334,0,"쟈가리코",7.288,-64.619,0,"akahosi",46.161,-87.232,0,"alcohol500",-0.536,-114.158,0,"ゆっち一",-47.754,-94.883,93,6212.285,-4.983,-24.499,6216.435,8,"ゆっち一",-58.508,-77.506,0,0,0,0,0,0,0,2
145,7,0,5,5,2,1,0,0,1,0,255,11,255,44,6238.766,"Espressο",R,14,74,102,1.728,-2.081,0.598,1.617,-36.77,2,0,333.67,347.153,9.316,0,0,0,2,7,R,"Gonyong",175.2,80,0.2,3,55,6239.977,51,9,49,120,24,52,52,-35.611,25.092,0.96,-0.074,-0.056,0.055,0.143,0.293,0.263,-37.443,0,"mochi_2929",-0.24,-16.776,0,"あくせる",-20.686,-46.456,110,"sano jpn",-13.581,-61.208,71,"にゃんこ3K",21.115,-46.728,0,"쟈가리코",3.841,-61.72,0,"akahosi",44.478,-82.136,0,"alcohol500",-0.344,-116.094,0,"ゆっち一",-48.494,-91.179,0,6240.068,0.198,-20.523,6243.451,3,"sano jpn",-14.113,-47.36,1,0,0,0,0,0,0,2
146,7,0,5,6,0,0,1,0,0,0,255,255,255,45,6318.536,"Espressο",R,26,129,140,-0.605,1.175,0.475,1.936,-36.734,2,0,35.336,-189.692,2.607,0,0,1,3,1,L,"Pring__",190,94.516,0.485,3,57,6319.339,236,20,85,112,73,150,130,30.653,-4.196,0.56,-0.025,-0.02,0.226,0,0.441,0.124,-37.22,0,"mochi_2929",-0.068,-16.771,0,"あくせる",-20.204,-45.897,0,"sano jpn",-11.385,-65.571,0,"にゃんこ3K",23.495,-49.776,0,"쟈가리코",14.203,-64.056,0,"akahosi",53.89,-95.671,0,"alcohol500",1.956,-123.158,0,"ゆっち一",-45.374,-96.214,0,6325.451,-14.522,-138.933,0,0,"",0,0,0,0,0,0,0,0,0,4
147,7,0,5,7,0,0,1,0,0,0,255,255,255,46,6355.105,"Espressο",R,14,75,102,2.706,0.022,0.629,1.919,-36.973,1,0,375.759,292.897,-24.66,0,0,0,4,4,R,"인생최패망자",190,80,0.401,0,57,0,0,0,0,0,0,0,0,0,0,0,0,0,0,0,0,0.549,-37.49,0,"mochi_2929",0.008,-16.825,0,"あくせる",-20.616,-46.264,0,"sano jpn",-13.878,-64.341,0,"にゃんこ3K",22.065,-51.994,0,"쟈가리코",10.11,-65.859,0,"akahosi",49.482,-97.396,0,"alcohol500",-1.159,-118.432,0,"ゆっち一",-45.597,-95.931,0,0,0,0,0,0,"",0,0,0,0,0,0,0,0,0,0
148,7,0,5,7,1,0,1,0,0,0,255,255,255,47,6366.857,"Espressο",R,10,90,116,1.12,-0.014,0.632,2.071,-36.989,2,0,0,400,-11.459,0,0,1,4,4,R,"인생최패망자",190,80,0.401,3,57,6367.949,255,15,119,125,83,150,130,-30,-45.132,0.31,-0.014,-0.052,0.066,0,0.343,0.056,-37.042,0,"mochi_2929",-0.036,-16.776,0,"あくせる",-20.193,-46.313,0,"sano jpn",-13.77,-64.439,0,"にゃんこ3K",22.114,-52.053,0,"쟈가리코",10.958,-65.462,0,"akahosi",49.516,-97.377,106,"alcohol500",-0.959,-118.147,0,"ゆっち一",-45.605,-95.88,0,6368.068,2.305,-23.134,6375.101,6,"akahosi",64.677,-84.048,1,0,0,0,0,0,0,2
149,7,0,5,7,0,0,1,0,1,0,255,13,255,48,6405.111,"Espressο",R,32,108,140,2.599,0.81,0.842,1.778,-36.917,1,0,209.447,-200,-6.911,0.889,-16.945,0,5,8,L,"SOM_candy",170.4,94.339,0.503,0,57,0,0,0,0,0,0,0,0,0,0,0,0,0,0,0,0,0.547,-37.489,0,"mochi_2929",0.625,-16.809,0,"あくせる",-20.758,-47.411,0,"sano jpn",-5.609,-62.6,0,"にゃんこ3K",21.743,-45.761,0,"쟈가리코",17.186,-61.498,0,"akahosi",43.781,-86.639,0,"alcohol500",4.978,-118.734,0,"ゆっち一",-39.213,-97.291,0,0,0,0,0,0,"",0,0,0,0,0,0,0,0,0,0
150,7,0,5,7,1,0,1,0,1,0,255,13,255,49,6423.732,"Espressο",R,13,94,116,-0.979,-0.124,0.637,1.849,-36.806,0,0,-349.2,357.854,-4.832,0,0,0,5,8,L,"SOM_candy",170.4,94.339,0.503,0,57,0,0,0,0,0,0,0,0,0,0,0,0,0,0,0,0,0.497,-37.424,0,"mochi_2929",-0.145,-16.763,0,"あくせる",-20.647,-47.473,0,"sano jpn",-6.947,-61.806,0,"にゃんこ3K",20.806,-45.845,0,"쟈가리코",18.022,-60.828,0,"akahosi",46.202,-89.858,0,"alcohol500",6.288,-116.871,0,"ゆっち一",-39.223,-97.02,0,0,0,0,0,0,"",0,0,0,0,0,0,0,0,0,0
151,7,0,5,7,1,1,1,0,1,0,255,13,255,50,6441.27,"Espressο",R,26,114,140,-1.056,0.665,0.4,1.759,-36.637,0,0,63.393,-171.094,4.05,0,0,1,5,8,L,"SOM_candy",170.4,94.339,0.503,0,57,0,0,0,0,0,0,0,0,0,0,0,0,0,0,0,0,4.639,-36.039,0,"mochi_2929",0.904,-19.761,0,"あくせる",-20.37,-46.198,0,"sano jpn",-0.703,-58.503,69,"にゃんこ3K",20.903,-45.133,0,"쟈가리코",17.589,-61.875,0,"akahosi",46.461,-86.753,0,"alcohol500",2.62,-116.112,0,"ゆっち一",-38.162,-95.808,0,0,0,0,0,0,"",0,0,0,0,0,0,0,0,0,0
152,7,0,5,7,1,2,1,0,1,0,255,13,255,51,6466.293,"Espressο",R,14,76,105,2.055,-0.902,0.616,1.856,-36.92,4,0,263.822,293.084,-13.976,0.447,-17.009,1,5,8,L,"SOM_candy",170.4,94.339,0.503,0,52,0,0,0,0,0,0,0,0,0,0,0,0,0,0,0,0,0.515,-37.305,0,"mochi_2929",-0.056,-16.917,0,"あくせる",-20.229,-44.102,83,"sano jpn",-6.162,-60.484,0,"にゃんこ3K",21.087,-45.8,0,"쟈가리코",16.379,-62.139,0,"akahosi",45.693,-83.927,0,"alcohol500",2.476,-114.144,0,"ゆっち一",-39.005,-94.58,0,0,0,0,0,0,"",0,0,0,0,0,0,0,0,0,0
153,7,0,5,7,0,0,2,0,1,0,255,13,255,52,6493.721,"Espressο",R,26,111,140,0.793,0.697,0.661,1.772,-36.742,2,0,53.275,-173.204,-6.136,0,0,1,6,3,R,"とりらむ",174.5,80,0.652,3,57,6494.779,255,10,122,90,44,150,100,105.316,-44.279,-0.06,-0.039,-0.075,0.282,0,0.615,2.364,-37.31,0,"mochi_2929",-0.083,-16.909,0,"あくせる",-20.58,-46.317,0,"sano jpn",-13.837,-64.023,0,"にゃんこ3K",20.949,-48.388,0,"쟈가리코",2.734,-63.041,0,"akahosi",43.399,-84.839,0,"alcohol500",-0.819,-115.836,0,"ゆっち一",-43.174,-92.649,0,0,0,0,0,0,"",0,0,0,0,0,0,0,0,0,3
154,7,0,5,7,0,1,2,0,1,0,255,13,255,53,6516.451,"Espressο",R,13,93,116,0.972,-0.503,0.927,1.741,-36.842,0,0,-377.443,327.928,-10.719,0,0,0,6,3,R,"とりらむ",174.5,80,0.652,0,57,0,0,0,0,0,0,0,0,0,0,0,0,0,0,0,0,0.48,-37.447,0,"mochi_2929",0.585,-19.276,0,"あくせる",-19.855,-44.276,0,"sano jpn",-14.234,-64.067,0,"にゃんこ3K",21.736,-47.175,0,"쟈가리코",4.33,-64.242,0,"akahosi",41.367,-85.428,0,"alcohol500",-0.005,-116.537,0,"ゆっち一",-47.122,-91.646,0,0,0,0,0,0,"",0,0,0,0,0,0,0,0,0,0
155,7,0,5,7,0,2,2,0,1,0,255,13,255,54,6541.176,"Espressο",R,26,108,140,1.32,1.453,0.705,1.943,-36.906,2,0,117.331,-200,-12.561,0,0,1,6,3,R,"とりらむ",174.5,80,0.652,3,57,6542.218,255,8,124,65,37,150,96,108.433,-67.952,-0.27,-0.054,-0.054,0.22,0,0.567,0.564,-37.339,0,"mochi_2929",-0.235,-16.616,0,"あくせる",-20.455,-47.276,0,"sano jpn",-13.804,-63.94,0,"にゃんこ3K",21.539,-47.615,0,"쟈가리코",7.554,-65.828,0,"akahosi",42.309,-88.019,0,"alcohol500",-0.058,-115.67,0,"ゆっち一",-47.011,-93.126,0,0,0,0,0,0,"",0,0,0,0,0,0,0,0,0,3
156,7,0,5,7,0,2,2,0,1,0,255,13,255,55,6562.021,"Espressο",R,13,103,125,-2.93,-1.358,0.322,1.544,-36.725,4,0,-303.675,397.217,-4.541,0,0,1,6,3,R,"とりらむ",174.5,80,0.652,0,57,0,0,0,0,0,0,0,0,0,0,0,0,0,0,0,0,-0.325,-36.592,0,"mochi_2929",-0.573,-18.136,0,"あくせる",-20.044,-45.311,0,"sano jpn",-13.932,-63.519,0,"にゃんこ3K",21.201,-46.432,0,"쟈가리코",6.029,-63.914,0,"akahosi",42.015,-88.696,0,"alcohol500",-0.463,-116.097,0,"ゆっち一",-47.332,-93.428,0,0,0,0,0,0,"",0,0,0,0,0,0,0,0,0,0
157,8,1,5,7,0,0,0,0,0,0,255,255,255,7,6656.513,"ʚEveɞ",R,26,75,127,0.476,-1.231,0.184,1.545,-36.37,1,0,62.521,-183.632,15.958,0,0,0,0,3,R,"sano jpn",167.9,90.796,0.324,0,57,0,0,0,0,0,0,0,0,0,0,0,0,0,0,0,0,-0.209,-37.008,0,"Pring__",0.031,-16.971,0,"Megu3568",-19.278,-45.096,0,"とりらむ",-12.257,-63.619,0,"인생최패망자",21.195,-52.101,0,"わだ、、",11.909,-65.105,0,"IbikiKai_JP",34.943,-88.259,0,"Gonyong",-9.281,-107.498,0,"SOM_candy",-38.701,-79.563,0,0,0,0,0,0,"",0,0,0,0,0,0,0,0,0,0
158,8,1,5,7,1,0,0,0,0,0,255,255,255,8,6673.819,"ʚEveɞ",R,26,87,140,0.124,0.57,0.133,1.818,-36.462,0,0,133.878,-200,19.389,0,0,0,0,3,R,"sano jpn",167.9,90.796,0.324,0,57,0,0,0,0,0,0,0,0,0,0,0,0,0,0,0,0,0.015,-37.043,0,"Pring__",-0.144,-16.906,0,"Megu3568",-19.33,-44.95,0,"とりらむ",-12.162,-63.644,0,"인생최패망자",21.183,-51.871,0,"わだ、、",11.922,-65.055,0,"IbikiKai_JP",34.788,-89.405,0,"Gonyong",-10.413,-107.89,0,"SOM_candy",-38.996,-79.818,0,0,0,0,0,0,"",0,0,0,0,0,0,0,0,0,0
159,8,1,5,7,1,1,0,0,0,0,255,255,255,9,6691.887,"ʚEveɞ",R,14,76,115,1.704,0.318,0.124,1.73,-36.228,2,0,390.434,312.348,51.178,0,0,1,0,3,R,"sano jpn",167.9,90.796,0.324,3,57,6693.127,126,13,79,106,51,140,81,-19.618,-25.021,-0.76,-0.039,0.011,0.184,0.048,0.418,0.072,-36.609,0,"Pring__",0.051,-16.993,0,"Megu3568",-19.194,-45.138,76,"とりらむ",-12.832,-63.639,0,"인생최패망자",21.518,-51.65,0,"わだ、、",11.99,-64.995,94,"IbikiKai_JP",34.818,-89.406,0,"Gonyong",-9.852,-108.127,0,"SOM_candy",-37.223,-76.514,0,6693.251,0.546,-20.874,6696.051,5,"わだ、、",17.612,-59.846,1,0,0,0,0,0,0,2
160,8,1,5,7,0,0,0,1,0,0,3,255,255,10,6726.327,"ʚEveɞ",R,27,88,140,0.722,-0.607,0.218,1.647,-36.283,0,0,32.654,-123.876,5.887,0,0,1,1,8,R,"ゆっち一",180.2,83.623,0.42,0,57,0,0,0,0,0,0,0,0,0,0,0,0,0,0,0,0,0.119,-36.893,0,"Pring__",0.046,-16.838,0,"Megu3568",-19.371,-42.713,0,"とりらむ",-9.635,-63.581,0,"인생최패망자",20.009,-53.331,0,"わだ、、",5.161,-61.867,0,"IbikiKai_JP",44.251,-109.073,0,"Gonyong",-0.925,-123.78,0,"SOM_candy",-58.791,-99.233,0,0,0,0,0,0,"",0,0,0,0,0,0,0,0,0,0
161,8,1,5,7,0,1,0,1,0,0,3,255,255,11,6746.132,"ʚEveɞ",R,29,56,114,-2.033,-0.907,0.062,1.66,-36.282,4,0,-250,85.309,28.76,0,0,1,1,8,R,"ゆっち一",180.2,83.623,0.42,0,57,0,0,0,0,0,0,0,0,0,0,0,0,0,0,0,0,0.037,-37.074,0,"Pring__",-1.163,-17.577,0,"Megu3568",-18.912,-42.953,0,"とりらむ",-14.731,-61.713,0,"인생최패망자",20.955,-51.187,0,"わだ、、",5.824,-62.024,0,"IbikiKai_JP",44.043,-108.567,0,"Gonyong",-0.907,-123.523,0,"SOM_candy",-58.76,-99.27,0,0,0,0,0,0,"",0,0,0,0,0,0,0,0,0,0
162,8,1,5,7,0,2,0,1,0,0,3,255,255,12,6763.74,"ʚEveɞ",R,26,87,140,1.832,0.41,0.31,1.814,-36.374,2,0,73.503,-161.134,11.026,0,0,1,1,8,R,"ゆっち一",180.2,83.623,0.42,3,57,6764.931,184,9,70,65,42,145,127,113.738,-60.061,0.61,-0.078,-0.126,0.154,0,0.246,-0.15,-36.793,0,"Pring__",0.121,-16.894,0,"Megu3568",-18.087,-44.536,0,"とりらむ",-13.403,-62.043,0,"인생최패망자",21.105,-52.463,0,"わだ、、",9.003,-62.877,0,"IbikiKai_JP",43.934,-108.59,0,"Gonyong",-3.801,-123.676,0,"SOM_candy",-58.842,-99.324,0,0,0,0,0,0,"",0,0,0,0,0,0,0,0,0,3
163,8,1,5,7,0,2,0,1,0,0,3,255,255,13,6780.977,"ʚEveɞ",R,29,58,115,-1.268,-1.052,0.132,1.635,-36.288,2,0,-250,88.34,36.316,0,0,1,1,8,R,"ゆっち一",180.2,83.623,0.42,3,71,6782.267,180,21,97,70,47,150,109,-30,-6.714,0.83,-0.107,-0.174,0.251,0,0.326,0.014,-36.671,0,"Pring__",-0.462,-16.896,0,"Megu3568",-18.268,-44.52,101,"とりらむ",-14.804,-61.72,0,"인생최패망자",21.258,-52.609,0,"わだ、、",9.907,-63.418,100,"IbikiKai_JP",42.921,-108.403,0,"Gonyong",-1.083,-123.221,0,"SOM_candy",-58.987,-99.08,0,6782.385,-0.23,-19.841,6784.318,5,"わだ、、",4.406,-58.982,0,0,0,0,0,0,0,2
164,8,1,5,7,0,0,2,0,0,0,255,255,255,14,6811.839,"ʚEveɞ",R,27,89,140,-0.881,-0.516,0.053,1.655,-36.241,0,0,91.212,-117.227,10.938,-0.124,-17.083,1,2,1,R,"mochi_2929",190,95.142,0.445,0,57,0,0,0,0,0,0,0,0,0,0,0,0,0,0,0,0,0.089,-37.26,0,"Pring__",0.06,-16.359,0,"Megu3568",-19.866,-45.499,0,"とりらむ",-12.962,-62.294,0,"인생최패망자",20.091,-50.737,0,"わだ、、",11.445,-64.914,0,"IbikiKai_JP",46.759,-104.553,0,"Gonyong",-1.134,-124.462,0,"SOM_candy",-57.884,-97.197,0,0,0,0,0,0,"",0,0,0,0,0,0,0,0,0,0
165,8,1,5,7,0,1,2,0,0,0,255,255,255,15,6830.173,"ʚEveɞ",R,27,88,140,0.68,-0.56,0.192,1.642,-36.313,2,0,110.113,-136.611,6.207,0,0,1,2,1,R,"mochi_2929",190,95.142,0.445,3,57,6831.378,237,8,106,63,28,150,66,26.037,4.323,1,0.092,-0.08,0.285,0,0.267,-0.053,-36.803,0,"Pring__",0.175,-17.001,0,"Megu3568",-19.657,-45.448,0,"とりらむ",-14.338,-63.245,85,"인생최패망자",20.255,-51.847,0,"わだ、、",11.516,-64.833,0,"IbikiKai_JP",45.71,-95.224,0,"Gonyong",-3.829,-119.4,0,"SOM_candy",-42.208,-84.222,0,0,0,0,6835.168,3,"とりらむ",-1.662,-60.91,0,0,0,0,0,0,0,1
166,8,0,5,7,0,0,0,0,0,0,255,255,255,56,6893.653,"Espressο",R,26,123,140,-0.667,0.348,0.449,1.669,-36.678,2,0,84.384,-167.611,0.104,0,0,1,7,6,L,"IbikiKai_JP",175.1,90.478,0.5,3,57,6894.671,255,12,96,69,43,150,85,21.842,1.922,-0.8,-0.035,-0.058,0.163,0,0.209,0.29,-37.335,0,"mochi_2929",-0.108,-16.664,0,"あくせる",-21.496,-47.519,0,"sano jpn",-10.965,-64.81,58,"にゃんこ3K",23.559,-50.01,0,"쟈가리코",15.888,-62.377,0,"akahosi",41.446,-87.914,0,"alcohol500",2.923,-114.734,102,"ゆっち一",-45.753,-98.42,0,6898.602,4.386,-85.413,6899.901,7,"alcohol500",5.577,-96.432,1,0,0,0,0,0,0,2
167,8,0,5,7,0,0,0,1,0,0,15,255,255,57,6921.913,"Espressο",R,14,75,102,-0.621,-0.405,0.284,1.974,-36.839,0,0,360.541,314.356,-4.478,0,0,0,8,5,L,"わだ、、",174.5,85,0.53,0,57,0,0,0,0,0,0,0,0,0,0,0,0,0,0,0,0,0.518,-37.116,0,"mochi_2929",-0.142,-16.844,0,"あくせる",-18.564,-41.523,0,"sano jpn",-7.421,-61.946,0,"にゃんこ3K",20.872,-46.368,0,"쟈가리코",14.503,-62.667,0,"akahosi",38.915,-84.415,0,"alcohol500",0.805,-112.073,0,"ゆっち一",-46.067,-95.334,0,0,0,0,0,0,"",0,0,0,0,0,0,0,0,0,0
168,8,0,5,7,0,1,0,1,0,0,15,255,255,58,6935.974,"Espressο",R,27,103,140,-1.467,0.223,0.341,1.668,-36.599,2,0,68.34,-147.973,9.892,0,0,1,8,5,L,"わだ、、",174.5,85,0.53,3,57,6937.018,107,1,45,41,10,117,78,-71.001,-67.19,-0.22,-0.014,-0.032,0.059,0,0.261,0.245,-37.303,0,"mochi_2929",-0.146,-16.823,0,"あくせる",-18.297,-42.712,0,"sano jpn",-9.793,-63.031,0,"にゃんこ3K",20.714,-46.638,0,"쟈가리코",14.205,-63.204,0,"akahosi",46.941,-91.381,0,"alcohol500",1.218,-111.936,0,"ゆっち一",-43.178,-99.609,0,6937.185,0.399,-19.392,0,0,"",0,0,0,0,0,0,0,0,0,3
169,8,0,5,7,0,2,0,1,0,0,15,255,255,59,6950.818,"Espressο",R,6,78,105,2.311,-0.731,0.613,1.844,-36.887,4,0,417.09,169.401,-5.846,0,0,1,8,5,L,"わだ、、",174.5,85,0.53,0,57,0,0,0,0,0,0,0,0,0,0,0,0,0,0,0,0,0.648,-37.5,0,"mochi_2929",-0.182,-17.203,0,"あくせる",-18.913,-41.34,0,"sano jpn",-7.896,-61.387,0,"にゃんこ3K",19.661,-45.076,0,"쟈가리코",15.523,-63.248,0,"akahosi",47.086,-88.248,0,"alcohol500",3.275,-111.451,0,"ゆっち一",-44.444,-99.301,0,0,0,0,0,0,"",0,0,0,0,0,0,0,0,0,0
170,8,0,5,7,0,0,1,1,0,0,15,255,255,60,6971.013,"Espressο",R,14,34,77,-0.474,-0.165,0.267,2.067,-37.019,0,0,273.304,312.348,-14.181,0.021,-16.695,0,0,0,L,"ʚEveɞ",190,80,0.347,0,57,0,0,0,0,0,0,0,0,0,0,0,0,0,0,0,0,0.596,-37.499,0,"mochi_2929",-0.278,-16.753,0,"あくせる",-19.489,-40.367,0,"sano jpn",-5.301,-62.244,0,"にゃんこ3K",21.38,-46.654,0,"쟈가리코",16.271,-62.445,0,"akahosi",50.21,-91.389,0,"alcohol500",2.711,-114.721,0,"ゆっち一",-44.196,-94.74,0,0,0,0,0,0,"",0,0,0,0,0,0,0,0,0,0
171,8,0,5,7,0,1,1,1,0,0,15,255,255,61,7001.331,"Espressο",R,10,65,97,1.703,-1.004,0.625,2.029,-37.084,2,0,0,400,-0.44,0,0,0,0,0,L,"ʚEveɞ",190,80,0.347,3,69,7002.469,255,18,116,65,23,150,115,2.465,31.849,0.85,0.108,-0.072,0.348,0,0.338,0.08,-37.071,0,"mochi_2929",-0.033,-16.765,0,"あくせる",-18.393,-43.421,0,"sano jpn",-11.687,-63.537,0,"にゃんこ3K",22.012,-46.735,0,"쟈가리코",16.224,-62.449,0,"akahosi",50.06,-91.397,0,"alcohol500",2.735,-115.342,0,"ゆっち一",-45.038,-97.047,0,7003.468,-11.169,-40.263,7006.018,8,"ゆっち一",-36.374,-86.433,1,0,0,0,0,0,0,2
172,8,0,5,7,0,0,1,1,1,0,255,15,255,0,7231.054,"mochi_2929",R,10,66,111,0.777,0.295,0.072,1.942,-36.692,2,0,0,400,-18.21,0,0,1,1,2,R,"Megu3568",175.3,86,0.404,3,57,7232.258,255,13,91,103,31,150,85,15.933,5.276,-0.84,0.017,0.033,0.166,0,0.483,-0.054,-37.209,0,"Espressο",0.125,-17.622,0,"559：広告",-19.529,-43.573,76,"sano jpn",-14.49,-63.884,101,"にゃんこ3K",20.239,-46.567,0,"쟈가리코",8.763,-65.202,0,"ゆっち一",50.444,-91.286,0,"alcohol500",-0.855,-115.281,0,"あくせる",-49.643,-94.922,0,0,0,0,7235.518,3,"sano jpn",-7.005,-72.586,0,0,0,0,0,0,0,1
173,9,1,5,7,0,0,0,0,0,0,255,255,255,16,7296.474,"ʚEveɞ",R,26,90,140,0.51,0.278,0.176,1.787,-36.341,0,0,115.825,-200,26.683,0,0,0,3,4,R,"にゃんこ3K",190,90.056,0.546,0,57,0,0,0,0,0,0,0,0,0,0,0,0,0,0,0,0,-0.043,-37.239,0,"Pring__",0.081,-16.825,0,"Megu3568",-18.869,-45.729,0,"とりらむ",-12.926,-63.088,0,"인생최패망자",21.8,-52.737,0,"わだ、、",11.784,-65.004,0,"IbikiKai_JP",44.677,-102.284,0,"Gonyong",-1.692,-122.132,0,"SOM_candy",-58.659,-95.91,0,0,0,0,0,0,"",0,0,0,0,0,0,0,0,0,0
174,9,1,5,7,0,1,0,0,0,0,255,255,255,17,7310.146,"ʚEveɞ",R,26,87,140,1.088,0.467,0.238,1.824,-36.34,0,0,84.151,-200,15.57,0,0,0,3,4,R,"にゃんこ3K",190,90.056,0.546,0,57,0,0,0,0,0,0,0,0,0,0,0,0,0,0,0,0,-0.008,-36.979,0,"Pring__",0.068,-17.087,0,"Megu3568",-19.018,-45.605,0,"とりらむ",-12.877,-63.085,0,"인생최패망자",22.161,-53.075,0,"わだ、、",11.806,-65.148,0,"IbikiKai_JP",44.7,-102.306,0,"Gonyong",-1.716,-122.133,0,"SOM_candy",-58.741,-95.982,0,0,0,0,0,0,"",0,0,0,0,0,0,0,0,0,0
175,9,1,5,7,0,2,0,0,0,0,255,255,255,18,7323.995,"ʚEveɞ",R,27,84,137,0.408,-0.184,0.18,1.716,-36.312,2,0,61.774,-127.882,-21.005,0,0,1,3,4,R,"にゃんこ3K",190,90.056,0.546,3,57,7325.094,165,12,64,0,0,81,80,35.211,45.64,0.88,-0.077,-0.05,0.102,0,0.209,0.065,-36.705,0,"Pring__",0.081,-17.165,0,"Megu3568",-19.744,-46.007,0,"とりらむ",-12.926,-63.033,0,"인생최패망자",22.188,-53.037,0,"わだ、、",11.905,-65.149,0,"IbikiKai_JP",44.688,-102.317,0,"Gonyong",-1.765,-122.235,0,"SOM_candy",-59.171,-94.927,0,7329.352,-45.513,-61.91,0,0,"",0,0,0,0,0,0,0,0,0,3
176,9,1,5,7,0,2,0,0,0,0,255,255,255,19,7344.561,"ʚEveɞ",R,26,83,136,0.427,1.437,0.202,2.009,-36.37,4,0,-8.295,-199.511,12.846,0,0,1,3,4,R,"にゃんこ3K",190,90.056,0.546,0,57,0,0,0,0,0,0,0,0,0,0,0,0,0,0,0,0,0.105,-37.294,0,"Pring__",0.044,-17.05,0,"Megu3568",-19.675,-44.918,0,"とりらむ",-12.676,-62.878,0,"인생최패망자",20.818,-52.409,0,"わだ、、",11.542,-64.809,0,"IbikiKai_JP",50.535,-107.326,0,"Gonyong",-0.681,-120.151,0,"SOM_candy",-57.829,-89.859,0,0,0,0,0,0,"",0,0,0,0,0,0,0,0,0,0
177,9,1,5,7,0,0,1,0,0,0,255,255,255,20,7364.349,"ʚEveɞ",R,26,96,140,0.481,-0.367,0.193,1.674,-36.331,2,0,41.828,-155.584,11.824,0,0,1,4,8,R,"あくせる",190,86.41,0.669,3,57,7365.408,255,22,150,119,48,150,130,33.658,38.385,0.32,0.051,-0.048,0.146,0,0.411,-0.005,-36.828,0,"Pring__",0.044,-17.101,0,"Megu3568",-19.242,-45.456,0,"とりらむ",-13.974,-63.595,0,"인생최패망자",21.155,-51.696,0,"わだ、、",11.409,-64.645,0,"IbikiKai_JP",40.016,-94.559,0,"Gonyong",-5.936,-109.978,0,"SOM_candy",-45.614,-77.94,0,7371.168,-62.353,-122.723,0,0,"",0,0,0,0,0,0,0,0,0,4
178,9,1,6,7,0,0,1,0,0,0,255,255,255,21,7408.989,"ʚEveɞ",R,6,64,108,0.401,-0.473,0.065,1.681,-36.24,2,0,490.908,0.874,61.93,0,0,1,5,5,R,"쟈가리코",174.8,83,0.504,3,57,7410.204,160,23,98,90,41,150,85,-19.868,-37.782,-0.8,-0.062,-0.092,0.208,0,0.471,0.132,-36.669,0,"Pring__",-0.098,-17.104,0,"Megu3568",-18.972,-46.082,93,"とりらむ",-14.185,-63.53,0,"인생최패망자",20.992,-52.471,0,"わだ、、",10.818,-64.51,0,"IbikiKai_JP",37.334,-93.147,0,"Gonyong",4.744,-116.278,0,"SOM_candy",-46.521,-83.906,0,7410.334,1.424,-21.436,7412.318,4,"인생최패망자",20.639,-46.44,0,0,0,0,0,0,0,2
179,9,1,6,7,0,0,2,0,0,0,255,255,255,22,7435.13,"ʚEveɞ",R,26,81,133,-2.411,0.827,-0.081,1.901,-36.337,1,0,56.822,-162.498,4.553,0,0,0,6,1,R,"Espressο",190,94.953,0.395,0,57,0,0,0,0,0,0,0,0,0,0,0,0,0,0,0,0,0.019,-37.031,0,"Pring__",-0.02,-16.761,0,"Megu3568",-18.984,-45.117,0,"とりらむ",-14.014,-63.495,0,"인생최패망자",21.062,-51.142,0,"わだ、、",11.928,-64.855,0,"IbikiKai_JP",41.519,-96.43,0,"Gonyong",0.81,-117.646,0,"SOM_candy",-45.568,-83.563,0,0,0,0,0,0,"",0,0,0,0,0,0,0,0,0,0
180,9,1,6,7,1,0,2,0,0,0,255,255,255,23,7450.727,"ʚEveɞ",R,26,97,140,0.117,-0.117,0.102,1.831,-36.312,2,1,39.361,-200,15.198,0,0,1,6,1,R,"Espressο",190,94.953,0.395,3,57,7451.599,150,15,91,66,47,150,104,-18.225,-10.945,-0.16,-0.06,-0.009,0.188,0,0.231,0.054,-36.671,0,"Pring__",0.032,-16.767,0,"Megu3568",-18.865,-44.921,0,"とりらむ",-14.252,-63.68,0,"인생최패망자",21.078,-51.271,0,"わだ、、",11.91,-64.914,0,"IbikiKai_JP",41.622,-96.405,0,"Gonyong",0.796,-117.636,0,"SOM_candy",-45.324,-84.642,0,7451.718,0.554,-23.023,7453.718,5,"わだ、、",7.647,-59.594,1,64,0,0,0,0,0,2
181,9,1,6,7,0,0,2,0,1,0,255,1,255,24,8221.896,"ʚEveɞ",R,27,87,140,-2.78,-0.642,-0.08,1.632,-36.236,2,0,25.055,-136.855,4.103,0,0,1,7,7,L,"alcohol500",167.6,87,0.284,3,57,8222.991,255,3,94,32,8,149,81,30.706,28.477,-0.88,-0.043,-0.048,0.375,0,0.204,-0.095,-36.826,0,"Pring__",-0.043,-17.091,0,"Megu3568",-18.646,-44.904,0,"とりらむ",-9.964,-63.615,0,"인생최패망자",22.298,-48.413,0,"わだ、、",12.774,-63.98,0,"IbikiKai_JP",40.783,-90.624,0,"Gonyong",5.682,-111.154,0,"SOM_candy",-40.904,-86.504,99,0,0,0,8228.051,8,"SOM_candy",-30.56,-78.066,0,0,0,0,0,0,0,1
