id,inn,half,scoreA,scoreB,ball,strk,out,b1,b2,b3,b1Idx,b2Idx,b3Idx,pCnt,pSec,pName,pHand,pType,spdK,zoneX,zoneY,startX,startY,zDist,call,balk,sH,sV,gyro,plx,plz,bSwing,bIdx,bPos,bZone,bName,bHCm,batLen,batCen,batType,bFps,hSec,rotS,shS,lgS,impMv,batSpd,ev,ldeg,sdeg,hPos,hMoveX,hMoveY,stayCon,hitSpnX,hitSpnY,hitSpnZ,PPosX,PPosY,CName,CPosX,CPosY,1BName,1BPosX,1BPosY,2BName,2BPosX,2BPosY,3BName,3BPosX,3BPosY,SSName,SSPosX,SSPosY,LFName,LFPosX,LFPosY,CFName,CFPosX,CFPosY,RFName,RFPosX,RFPosY,ltSec,lx,lz,cSec,cPos,cPlr,cx,cz,1BSafe,tag,cpSec,sb2Sec,sb3Sec,sbhSec,ass,result
1,1,1,0,0,0,0,0,0,0,0,255,255,255,0,1336.57,"アリアル",R,0,132,1.185,1.447,0.082,1.545,-36.819,1,0,0,0,0,0,0,0,0,3,R,"_앰프_",170.6,89.947,0.4,0,57,0,0,0,0,0,0,0,0,0,0,0,0,0,0,0,0,0.149,-37.518,"눈꽃",0.088,-16.956,"Slaris",-20.953,-49.604,"아침땅_",-14.94,-63.727,"_이누_",18.154,-50.351,"coder_",11.655,-65.655,"소솨소솨",29.155,-81.622,"ke ro",0.897,-114.305,"Sabo_10",-40.897,-84.931,0,0,0,0,0,"",0,0,0,0,0,0,0,0,0,0
2,1,1,0,0,1,0,0,0,0,0,255,255,255,1,1352.402,"アリアル",R,0,140,2.075,0.556,0.101,1.504,-36.854,4,0,0,0,0,-0.265,-20.387,1,0,3,R,"_앰프_",170.6,89.947,0.4,0,57,0,0,0,0,0,0,0,0,0,0,0,0,0,0,0,0,0.053,-37.613,"눈꽃",0.029,-17.177,"Slaris",-21.081,-49.669,"아침땅_",-14.937,-63.73,"_이누_",16.543,-48.388,"coder_",11.126,-65.562,"소솨소솨",28.083,-81.974,"ke ro",0.372,-114.488,"Sabo_10",-40.589,-84.321,0,0,0,0,0,"",0,0,0,0,0,0,0,0,0,0
3,1,1,0,0,1,1,0,0,0,0,255,255,255,2,1372.035,"アリアル",R,0,131,2.185,1.124,0.151,1.523,-36.792,4,0,0,0,0,0,0,1,0,3,R,"_앰프_",170.6,89.947,0.4,0,57,0,0,0,0,0,0,0,0,0,0,0,0,0,0,0,0,0.21,-37.483,"눈꽃",-0.047,-16.911,"Slaris",-21.031,-49.581,"아침땅_",-14.19,-64.066,"_이누_",18.58,-50.347,"coder_",11.106,-66.158,"소솨소솨",28.07,-81.971,"ke ro",1.19,-114.427,"Sabo_10",-41.251,-84.908,0,0,0,0,0,"",0,0,0,0,0,0,0,0,0,0
4,1,1,0,0,1,2,0,0,0,0,255,255,255,3,1387.481,"アリアル",R,3,126,-3.035,1.121,0.129,1.294,-37.103,1,0,-483.486,0,7.829,0,0,0,0,3,R,"_앰프_",170.6,89.947,0.4,0,57,0,0,0,0,0,0,0,0,0,0,0,0,0,0,0,0,0.176,-37.618,"눈꽃",-0.421,-16.91,"Slaris",-21.307,-50.745,"아침땅_",-15.37,-63.461,"_이누_",16.323,-48.965,"coder_",11.075,-66.209,"소솨소솨",28.092,-81.968,"ke ro",0.16,-113.874,"Sabo_10",-39.892,-82.836,0,0,0,0,0,"",0,0,0,0,0,0,0,0,0,0
5,1,1,0,0,2,2,0,0,0,0,255,255,255,4,1401.033,"アリアル",R,0,140,0.845,0.792,0.029,1.524,-36.845,0,0,0,0,0,0,0,1,0,3,R,"_앰프_",170.6,89.947,0.4,0,57,0,0,0,0,0,0,0,0,0,0,0,0,0,0,0,0,0.097,-37.328,"눈꽃",0.051,-17.008,"Slaris",-21.477,-50.069,"아침땅_",-14.391,-63.871,"_이누_",19.245,-48.33,"coder_",11.318,-66.2,"소솨소솨",28.089,-81.988,"ke ro",-0.667,-112.314,"Sabo_10",-39.304,-81.708,0,0,0,0,0,"",0,0,0,0,0,0,0,0,0,0
6,1,1,0,0,0,0,1,0,0,0,255,255,255,5,1423.168,"アリアル",R,0,138,0.828,0.843,0.026,1.512,-36.778,0,0,0,0,0,0,0,0,1,8,R,"-라후이-",179.7,95.263,0.498,0,57,0,0,0,0,0,0,0,0,0,0,0,0,0,0,0,0,0.038,-37.614,"눈꽃",0.071,-16.835,"Slaris",-22.031,-52.247,"아침땅_",-14.601,-63.816,"_이누_",20.04,-51.311,"coder_",11.398,-66.23,"소솨소솨",30.99,-85.057,"ke ro",-0.22,-112.912,"Sabo_10",-41.795,-86.957,0,0,0,0,0,"",0,0,0,0,0,0,0,0,0,0
7,1,1,0,0,0,1,1,0,0,0,255,255,255,6,1436.724,"アリアル",R,3,126,-3.215,0.569,-0.061,1.523,-36.982,4,0,-500,0,10.108,0,0,1,1,8,R,"-라후이-",179.7,95.263,0.498,0,57,0,0,0,0,0,0,0,0,0,0,0,0,0,0,0,0,0.048,-37.531,"눈꽃",-0.427,-16.861,"Slaris",-22.915,-50.835,"아침땅_",-14.608,-63.836,"_이누_",20.029,-51.316,"coder_",11.349,-66.242,"소솨소솨",31.057,-85.059,"ke ro",-0.219,-112.918,"Sabo_10",-39.712,-85.033,0,0,0,0,0,"",0,0,0,0,0,0,0,0,0,0
8,1,1,0,0,0,2,1,0,0,0,255,255,255,7,1449.498,"アリアル",R,0,140,0.861,1.616,0.117,1.637,-36.847,4,0,0,0,0,0,0,1,1,8,R,"-라후이-",179.7,95.263,0.498,0,57,0,0,0,0,0,0,0,0,0,0,0,0,0,0,0,0,0.232,-37.425,"눈꽃",0.063,-16.806,"Slaris",-21.949,-52.026,"아침땅_",-14.168,-64.054,"_이누_",20.13,-51.377,"coder_",11.393,-66.215,"소솨소솨",31.038,-85.048,"ke ro",-0.221,-112.907,"Sabo_10",-38.998,-83.406,0,0,0,0,0,"",0,0,0,0,0,0,0,0,0,0
9,1,1,0,0,0,0,2,0,0,0,255,255,255,8,1467.995,"アリアル",R,0,137,1.212,1.283,0.058,1.535,-36.752,4,0,0,0,0,0,0,1,2,1,R,"Dοpi",179.6,90,0.3,0,57,0,0,0,0,0,0,0,0,0,0,0,0,0,0,0,0,0.091,-37.503,"눈꽃",-0.357,-16.802,"Slaris",-22.315,-52.771,"아침땅_",-14.629,-63.834,"_이누_",20.171,-52.27,"coder_",11.217,-65.978,"소솨소솨",30.132,-85.304,"ke ro",-0.277,-108.003,"Sabo_10",-40.631,-84.739,0,0,0,0,0,"",0,0,0,0,0,0,0,0,0,0
10,1,1,0,0,0,1,2,0,0,0,255,255,255,9,1482.16,"アリアル",R,0,132,1.046,2.283,0.062,1.678,-36.814,4,0,0,0,0,0,0,1,2,1,R,"Dοpi",179.6,90,0.3,0,57,0,0,0,0,0,0,0,0,0,0,0,0,0,0,0,0,0.23,-37.496,"눈꽃",-0.096,-16.764,"Slaris",-22.309,-52.728,"아침땅_",-14.626,-63.816,"_이누_",21.765,-54.228,"coder_",11.913,-65.639,"소솨소솨",29.835,-85.335,"ke ro",-0.274,-107.994,"Sabo_10",-40.968,-84.099,0,0,0,0,0,"",0,0,0,0,0,0,0,0,0,0
11,1,1,0,0,0,2,2,0,0,0,255,255,255,10,1497.378,"アリアル",R,3,108,4.678,-1.626,0.577,1.509,-37.593,3,0,-490.909,0,5.473,0.991,-20.797,0,2,1,R,"Dοpi",179.6,90,0.3,0,57,0,0,0,0,0,0,0,0,0,0,0,0,0,0,0,0,0.127,-37.466,"눈꽃",0.014,-16.941,"Slaris",-22.404,-52.683,"아침땅_",-15.104,-63.493,"_이누_",20.138,-52.367,"coder_",12.069,-65.761,"소솨소솨",29.88,-85.308,"ke ro",-0.274,-107.996,"Sabo_10",-40.295,-82.921,0,0,0,0,0,"",0,0,0,0,0,0,0,0,0,6
12,1,1,0,0,0,0,2,1,0,0,1,255,255,11,1517.943,"アリアル",R,0,131,0.698,1.51,0.051,1.585,-36.774,2,0,0,0,0,0,0,1,3,7,R,"ByeolBam",174.9,90,0.496,2,58,1518.857,171,106,30,170,144,85,44.701,-11.394,-0.5,0.033,-0.083,0.257,0,0,0,0.083,-37.411,"눈꽃",0.063,-16.871,"Slaris",-21.067,-46.384,"아침땅_",-14.068,-64.108,"_이누_",20.928,-52.406,"coder_",11.221,-65.544,"소솨소솨",31.302,-87.21,"ke ro",-1.795,-111.812,"Sabo_10",-38.372,-90.536,0,0,0,1524.312,5,"coder_",13.3,-75.08,0,0,0,0,0,0,0,1
13,1,0,0,0,0,0,0,0,0,0,255,255,255,0,1659.093,"siesta_aves",R,32,137,1.417,0.826,-0.182,1.515,-36.566,2,0,160.097,-7.673,8.457,0,0,1,0,5,R,"coder_",164.9,94.897,0.454,3,58,1660.138,104,78,25,130,134,106,-0.195,24.553,0.24,-0.189,-0.13,0.138,0,0,0,0.097,-37.768,"Dοpi",-0.412,-16.93,"Chunsik03",-21.721,-47.729,"_앰프_",-14.421,-63.368,"DoYaGee",19.402,-47.094,"즉석카레",15.585,-63.5,"Penguin_iDOL",39.288,-89.609,"ByeolBam",0.733,-105.775,"-라후이-",-41.348,-90.551,1660.895,-8.436,-36.784,1662.378,3,"_앰프_",-18.869,-59.949,0,0,0,0,0,0,0,2
14,1,0,0,0,0,0,1,0,0,0,255,255,255,1,1688.902,"siesta_aves",R,33,130,-0.016,-0.387,-0.039,1.356,-36.401,2,0,114.565,-40.864,6.572,0,0,1,1,9,L,"encounter v",190,100,0.447,3,58,1689.998,186,126,25,193,152,97,15.319,-26.022,-0.27,0.039,-0.143,0.489,0,0,0,0.153,-37.494,"Dοpi",0.252,-17.036,"Chunsik03",-20.96,-45.851,"_앰프_",-13.641,-63.875,"DoYaGee",22.465,-46.401,"즉석카레",15.196,-62.962,"Penguin_iDOL",37.909,-92.084,"ByeolBam",1.993,-106.572,"-라후이-",-40.742,-87.226,1693.095,35.889,-73.587,1699.712,6,"Penguin_iDOL",53.244,-98.683,1,0,0,0,0,0,0,2
15,1,0,0,0,0,0,1,0,1,0,255,9,255,2,1754.99,"siesta_aves",R,33,140,0.654,2.306,0.109,1.57,-36.612,2,0,146.592,-27.883,10.902,0,0,1,2,1,L,"눈꽃",190,94.886,0.496,3,58,1755.853,182,94,12,138,142,124,-1.7,6,0.77,0.019,0.017,0.091,0,0,0,0.132,-37.68,"Dοpi",0.556,-16.949,"Chunsik03",-21.054,-46.283,"_앰프_",-5.387,-62.01,"DoYaGee",19.617,-45.31,"즉석카레",14.438,-63.35,"Penguin_iDOL",42.214,-93.443,"ByeolBam",3.487,-107.009,"-라후이-",-34.897,-82.465,1756.345,-0.965,-35.759,1759.112,7,"ByeolBam",-2.41,-98.074,1,2,0,0,0,0,0,2
16,1,0,0,0,0,0,2,1,0,0,10,255,255,3,1793.525,"siesta_aves",R,0,118,-1.627,0.728,-0.144,1.574,-36.47,2,0,-19.817,0,4.674,0,0,1,3,8,L,"Sabo_10",184.7,94,0.597,3,58,1794.558,183,148,48,196,155,110,28.684,14.141,0.06,0.037,-0.094,0.347,0,0,0,0.113,-37.435,"Dοpi",-0.342,-16.968,"Chunsik03",-18.05,-44.443,"_앰프_",-12.23,-62.348,"DoYaGee",21.13,-45.367,"즉석카레",15.347,-62.672,"Penguin_iDOL",43.142,-86.549,"ByeolBam",0.731,-102.717,"-라후이-",-36.519,-85.495,0,0,0,1799.729,7,"ByeolBam",-9.452,-112.07,0,0,0,0,0,0,0,1
17,2,1,0,0,0,0,0,0,0,0,255,255,255,12,1851.796,"アリアル",R,0,135,0.779,1.096,0.095,1.572,-36.868,1,0,0,0,0,0,0,0,4,4,R,"DoYaGee",190,107,0.601,0,58,0,0,0,0,0,0,0,0,0,0,0,0,0,0,0,0,0.081,-37.695,"눈꽃",0.067,-16.829,"Slaris",-22.049,-52.087,"아침땅_",-14.26,-64.153,"_이누_",19.216,-51.493,"coder_",11.363,-65.451,"소솨소솨",28.523,-82.808,"ke ro",-1.835,-117.471,"Sabo_10",-37.232,-86.559,0,0,0,0,0,"",0,0,0,0,0,0,0,0,0,0
18,2,1,0,0,1,0,0,0,0,0,255,255,255,13,1862.845,"アリアル",R,0,134,0.122,0.781,0.083,1.513,-36.875,2,0,0,0,0,0,0,1,4,4,R,"DoYaGee",190,107,0.601,3,58,1863.862,120,88,42,97,140,88,89.534,81.265,-0.51,-0.086,-0.082,0.179,0,0,0,0.069,-37.262,"눈꽃",0.108,-16.86,"Slaris",-21.991,-51.507,"아침땅_",-14.24,-64.101,"_이누_",19.384,-51.694,"coder_",11.356,-65.949,"소솨소솨",28.542,-82.806,"ke ro",-2.63,-114.832,"Sabo_10",-37.777,-86.165,0,0,0,1870.428,1,"눈꽃",-5.687,-14.981,0,0,0,0,0,0,0,1
19,2,1,0,0,0,0,1,0,0,0,255,255,255,14,1891.897,"アリアル",R,0,140,2.819,0.414,0.103,1.557,-36.967,2,0,0,0,0,0,0,1,5,0,R,"siesta_aves",190,107,0.398,2,58,1893.036,108,77,42,88,137,79,29.196,30.613,-0.37,0.237,-0.092,0.137,0,0,0,0.221,-37.433,"눈꽃",0.058,-16.919,"Slaris",-21.367,-49.291,"아침땅_",-14.262,-64.331,"_이누_",18.711,-51.226,"coder_",10.715,-65.853,"소솨소솨",28.068,-83.977,"ke ro",-1.812,-108.27,"Sabo_10",-39.073,-85.353,0,0,0,1898.745,-1,"집으로_",-39.157,-77.874,0,0,0,0,0,0,0,1
20,2,1,0,0,0,0,2,0,0,0,255,255,255,15,1919.826,"アリアル",R,0,135,1.835,1.932,0.153,1.68,-36.822,3,0,0,0,0,-0.099,-20.659,0,6,2,R,"Chunsik03",179.5,103.23,0.392,0,58,0,0,0,0,0,0,0,0,0,0,0,0,0,0,0,0,0.187,-37.49,"눈꽃",0.081,-16.848,"Slaris",-23.101,-50.279,"아침땅_",-14.696,-63.888,"_이누_",18.832,-52.755,"coder_",10.83,-66.482,"소솨소솨",27.684,-83.316,"ke ro",-2.09,-101.864,"Sabo_10",-35.325,-79.455,0,0,0,0,0,"",0,0,0,0,0,0,0,0,0,6
21,2,1,0,0,0,0,2,1,0,0,2,255,255,16,1954.4,"アリアル",R,0,128,1.405,1.146,0.093,1.53,-36.695,2,0,0,0,0,0,0,1,7,6,R,"Penguin_iDOL",180.4,90.434,0.395,3,58,1955.531,206,73,16,100,140,84,29.6,14.825,-0.48,-0.02,-0.075,0.098,0,0,0,-0.1,-37.401,"눈꽃",0.101,-16.98,"Slaris",-21.261,-48.771,"아침땅_",-14.563,-63.754,"_이누_",18.233,-52.572,"coder_",9.661,-66.179,"소솨소솨",26.89,-84.181,"ke ro",-4.536,-104.147,"Sabo_10",-42.609,-86.259,1960.245,-20.554,-85.146,1961.112,7,"ke ro",-22.032,-89.609,1,0,0,0,0,0,0,2
22,2,1,0,0,0,0,2,1,1,0,6,2,255,17,1991.065,"アリアル",R,0,133,1.318,1.265,0.115,1.534,-36.767,2,0,0,0,0,0,0,1,8,5,R,"즉석카레",169.9,94.808,0.397,2,58,1991.935,172,130,89,90,154,87,90.992,39.161,-0.47,-0.157,-0.076,0.238,0,0,0,0.097,-37.447,"눈꽃",0.043,-17.007,"Slaris",-20.74,-49.421,"아침땅_",-14.34,-63.71,"_이누_",20.192,-51.79,"coder_",13.362,-63.611,"소솨소솨",25.654,-82.205,"ke ro",-2.835,-111.947,"Sabo_10",-35.824,-76.39,0,0,0,1998.562,1,"눈꽃",1.169,-13.602,0,0,0,0,0,0,0,1
23,2,0,0,0,0,0,0,0,0,0,255,255,255,4,2048.6,"siesta_aves",R,33,136,2.83,2.175,0.215,1.88,-36.713,3,0,133.572,-53.051,9.893,0,0,0,4,2,R,"Slaris",190,90,0.451,0,57,0,0,0,0,0,0,0,0,0,0,0,0,0,0,0,0,-0.176,-38.12,"Dοpi",-0.09,-16.803,"Chunsik03",-20.681,-46.852,"_앰프_",-13.317,-64.157,"DoYaGee",22.46,-50.541,"즉석카레",13.642,-64.158,"Penguin_iDOL",42.498,-91.651,"ByeolBam",-0.709,-109.84,"-라후이-",-39.472,-84.946,0,0,0,0,0,"",0,0,0,0,0,0,0,0,0,6
24,2,0,0,0,0,0,0,1,0,0,11,255,255,5,2161.25,"siesta_aves",R,32,140,-3.099,0.644,-0.336,1.561,-36.525,2,0,154.6,-24.439,13.781,0,0,1,5,4,R,"_이누_",190.4,90.187,0.5,2,68,2162.15,245,131,0,232,148,130,25.604,47.504,0.48,-0.079,-0.088,0.443,0,0,0,0.176,-37.213,"Dοpi",-0.371,-17.092,"Chunsik03",-19.485,-42.345,"_앰프_",-14.27,-63.198,"DoYaGee",21.73,-51.173,"즉석카레",13.391,-64.06,"Penguin_iDOL",38.672,-87.824,"ByeolBam",-0.16,-108.437,"-라후이-",-38.079,-84.1,2166.878,-87.63,-95.135,0,0,"",0,0,0,0,0,0,0,0,0,3
25,2,0,0,0,0,1,0,1,0,0,11,255,255,6,2184.698,"siesta_aves",R,3,128,-4.75,0.202,-0.298,1.482,-36.488,1,0,-421.14,0,4.832,0,0,0,5,4,R,"_이누_",190.4,90.187,0.5,0,68,0,0,0,0,0,0,0,0,0,0,0,0,0,0,0,0,0.157,-38.587,"Dοpi",-0.685,-16.872,"Chunsik03",-19.09,-40.802,"_앰프_",-14.669,-62.939,"DoYaGee",21.468,-49.953,"즉석카레",11.131,-63.89,"Penguin_iDOL",38.986,-88.374,"ByeolBam",0.249,-106.838,"-라후이-",-44.926,-84.369,0,0,0,0,0,"",0,0,0,0,0,0,0,0,0,0
26,2,0,0,0,1,1,0,1,0,0,11,255,255,7,2204.3,"siesta_aves",R,0,139,-5.395,0.7,-0.493,1.579,-36.468,1,0,-29.075,0,8.082,-1.667,-17.14,0,5,4,R,"_이누_",190.4,90.187,0.5,0,68,0,0,0,0,0,0,0,0,0,0,0,0,0,0,0,0,-0.052,-38.386,"Dοpi",-0.629,-17.097,"Chunsik03",-19.369,-41.863,"_앰프_",-14.609,-61.736,"DoYaGee",22.173,-50.513,"즉석카레",12.165,-63.493,"Penguin_iDOL",39.809,-87.642,"ByeolBam",-0.385,-104.057,"-라후이-",-44.918,-81.374,0,0,0,0,0,"",0,0,0,0,0,0,0,0,0,0
27,2,0,0,0,2,1,0,1,0,0,11,255,255,8,2224.816,"siesta_aves",R,15,88,0.339,0.702,0.013,1.296,-36.842,0,0,0,-302.912,1.103,0,0,1,5,4,R,"_이누_",190.4,90.187,0.5,0,68,0,0,0,0,0,0,0,0,0,0,0,0,0,0,0,0,-0.126,-38.522,"Dοpi",0.07,-16.931,"Chunsik03",-18.931,-42.56,"_앰프_",-14.041,-62.609,"DoYaGee",22.393,-50.91,"즉석카레",10.874,-63.361,"Penguin_iDOL",37.566,-86.412,"ByeolBam",0.096,-104.621,"-라후이-",-44.236,-82.003,0,0,0,0,0,"",0,0,0,0,0,0,0,0,0,0
28,2,0,0,0,2,2,0,1,0,0,11,255,255,9,2240.521,"siesta_aves",R,10,115,-0.782,-2.529,0.04,1.442,-36.786,1,0,-117.854,266.357,-2.563,-0.147,-20.303,0,5,4,R,"_이누_",190.4,90.187,0.5,0,68,0,0,0,0,0,0,0,0,0,0,0,0,0,0,0,0,-0.104,-38.645,"Dοpi",-0.252,-17.319,"Chunsik03",-19.472,-40.367,"_앰프_",-14.348,-61.904,"DoYaGee",21.926,-49.488,"즉석카레",11.25,-64.399,"Penguin_iDOL",37.646,-86.323,"ByeolBam",-0.453,-105.966,"-라후이-",-42.615,-79.664,0,0,0,0,0,"",0,0,0,0,0,0,0,0,0,0
29,2,0,0,0,3,2,0,1,0,0,11,255,255,10,2261.563,"siesta_aves",R,4,127,-2.011,0.481,-0.128,1.535,-36.5,4,0,-172.025,0,5.257,0,0,1,5,4,R,"_이누_",190.4,90.187,0.5,0,68,0,0,0,0,0,0,0,0,0,0,0,0,0,0,0,0,0.028,-38.152,"Dοpi",-0.212,-16.94,"Chunsik03",-19.418,-40.617,"_앰프_",-14.982,-61.839,"DoYaGee",22.62,-49.428,"즉석카레",8.217,-63.928,"Penguin_iDOL",37.421,-86.376,"ByeolBam",-0.074,-105.11,"-라후이-",-40.869,-79.082,0,0,0,0,0,"",0,0,0,0,0,0,0,0,0,0
30,2,0,0,0,0,0,1,1,0,0,11,255,255,11,2312.482,"siesta_aves",R,37,138,2.745,-0.37,0.232,1.418,-36.53,2,0,73.472,86.021,2.135,0,0,1,6,7,R,"ke ro",160,98.21,0.47,2,57,2313.377,122,42,0,90,73,62,-9.352,-41.623,-0.46,-0.047,-0.079,0,0,0,0,0.292,-37.31,"Dοpi",0.088,-17.036,"Chunsik03",-19.555,-41.499,"_앰프_",-14.806,-61.15,"DoYaGee",20.866,-47.877,"즉석카레",13.318,-63.842,"Penguin_iDOL",36.805,-89.585,"ByeolBam",-1.393,-107.152,"-라후이-",-38.646,-79.98,2313.612,3,-21.685,2315.912,4,"DoYaGee",17.528,-41.347,1,0,0,0,0,0,0,2
31,2,0,0,0,0,0,2,0,0,1,255,255,16,12,2475.473,"siesta_aves",R,32,140,0.29,0.196,-0.031,1.469,-36.522,0,0,185.479,-12.561,7.121,0,0,0,7,3,R,"아침땅_",170.3,95,0.5,0,57,0,0,0,0,0,0,0,0,0,0,0,0,0,0,0,0,-0.085,-38.275,"Dοpi",-0.244,-17.053,"Chunsik03",-20.811,-45.174,"_앰프_",-13.657,-62.374,"DoYaGee",19.884,-43.293,"즉석카레",15.037,-63.1,"Penguin_iDOL",38.406,-88.591,"ByeolBam",-0.019,-108.018,"-라후이-",-36.565,-81.198,0,0,0,0,0,"",0,0,0,0,0,0,0,0,0,0
32,2,0,0,0,0,1,2,0,0,1,255,255,16,13,2488.803,"siesta_aves",R,32,138,-3.419,-0.942,-0.371,1.307,-36.476,4,0,168.84,35.538,10.112,0,0,1,7,3,R,"아침땅_",170.3,95,0.5,0,57,0,0,0,0,0,0,0,0,0,0,0,0,0,0,0,0,-0.134,-38.339,"Dοpi",-0.536,-17.046,"Chunsik03",-20.85,-45.152,"_앰프_",-13.721,-63.298,"DoYaGee",19.788,-42.747,"즉석카레",14.086,-62.602,"Penguin_iDOL",38.198,-88.768,"ByeolBam",0.122,-102.366,"-라후이-",-37.727,-79.675,0,0,0,0,0,"",0,0,0,0,0,0,0,0,0,0
33,2,0,0,0,0,2,2,0,0,1,255,255,16,14,2504.792,"siesta_aves",R,33,137,-4.896,-1.058,-0.49,1.282,-36.48,1,0,110.133,13.557,8.716,0,0,0,7,3,R,"아침땅_",170.3,95,0.5,0,37,0,0,0,0,0,0,0,0,0,0,0,0,0,0,0,0,-0.164,-38.262,"Dοpi",-0.641,-16.965,"Chunsik03",-21.148,-45.251,"_앰프_",-13.673,-61.475,"DoYaGee",19.599,-42.579,"즉석카레",14.679,-63.387,"Penguin_iDOL",38.359,-88.627,"ByeolBam",0.113,-102.395,"-라후이-",-38.36,-79.033,0,0,0,0,0,"",0,0,0,0,0,0,0,0,0,0
34,2,0,0,0,1,2,2,0,0,1,255,255,16,15,2519.78,"siesta_aves",R,10,108,-0.706,-2.053,-0.097,1.228,-36.637,1,0,-1.843,390.855,1.943,0,0,0,7,3,R,"아침땅_",170.3,95,0.5,0,37,0,0,0,0,0,0,0,0,0,0,0,0,0,0,0,0,-0.047,-38.318,"Dοpi",-0.009,-17.035,"Chunsik03",-21.207,-45.535,"_앰프_",-15.019,-63.939,"DoYaGee",19.679,-41.656,"즉석카레",13.809,-62.932,"Penguin_iDOL",37.238,-90.803,"ByeolBam",-0.631,-104.856,"-라후이-",-37.98,-78.07,0,0,0,0,0,"",0,0,0,0,0,0,0,0,0,0
35,2,0,0,0,2,2,2,0,0,1,255,255,16,16,2532.525,"siesta_aves",R,33,134,-3.325,0.278,-0.353,1.483,-36.411,1,0,134.697,-7.882,10.61,0,0,0,7,3,R,"아침땅_",170.3,95,0.5,0,37,0,0,0,0,0,0,0,0,0,0,0,0,0,0,0,0,-0.013,-38.189,"Dοpi",-0.393,-17.072,"Chunsik03",-20.675,-44.956,"_앰프_",-14.938,-63.698,"DoYaGee",19.475,-42.548,"즉석카레",13.982,-63.328,"Penguin_iDOL",38.033,-90.572,"ByeolBam",-0.515,-103.299,"-라후이-",-39.629,-79.387,0,0,0,0,0,"",0,0,0,0,0,0,0,0,0,0
36,2,0,0,0,3,2,2,0,0,1,255,255,16,17,2545.217,"siesta_aves",R,34,132,-2.116,0.089,-0.215,1.451,-36.381,1,0,55.959,-14.385,7.397,0,0,0,7,3,R,"아침땅_",170.3,95,0.5,0,37,0,0,0,0,0,0,0,0,0,0,0,0,0,0,0,0,0.036,-37.833,"Dοpi",-0.197,-17,"Chunsik03",-20.149,-43.906,"_앰프_",-14.308,-62.188,"DoYaGee",19.551,-43.121,"즉석카레",13.237,-63.224,"Penguin_iDOL",37.876,-90.712,"ByeolBam",0.15,-104.275,"-라후이-",-39.477,-79.084,0,0,0,0,0,"",0,0,0,0,0,0,0,0,0,5
37,2,0,0,0,0,0,2,1,0,1,12,255,16,18,2580.849,"siesta_aves",R,33,135,-2.756,-0.91,-0.299,1.297,-36.436,1,0,133.72,10.663,7.737,0,0,0,8,6,R,"소솨소솨",174.8,95.565,0.5,0,57,0,0,0,0,0,0,0,0,0,0,0,0,0,0,0,0,-0.116,-38.097,"Dοpi",-0.466,-16.812,"Chunsik03",-18.892,-41.157,"_앰프_",-14.269,-62.96,"DoYaGee",19.839,-43.424,"즉석카레",10.89,-63.594,"Penguin_iDOL",37.956,-90.683,"ByeolBam",-0.366,-102.367,"-라후이-",-38.861,-82.941,0,0,0,0,0,"",0,0,0,0,0,0,0,0,0,0
38,2,0,0,0,1,0,2,1,0,1,12,255,16,19,2600.925,"siesta_aves",R,37,113,-0.206,0.903,-0.001,1.624,-36.389,2,0,-45.254,81.191,1.295,0,0,1,8,6,R,"소솨소솨",174.8,95.565,0.5,2,57,2601.864,192,149,7,234,155,91,36.338,44.402,-0.5,-0.086,-0.159,0.532,0,0,0,0.305,-37.365,"Dοpi",0.093,-16.931,"Chunsik03",-19.436,-42.202,"_앰프_",-14.273,-62.786,"DoYaGee",19.505,-43.293,"즉석카레",12.772,-64.162,"Penguin_iDOL",38.034,-90.637,"ByeolBam",-0.112,-106.968,"-라후이-",-37.592,-81.361,0,0,0,2606.729,8,"-라후이-",-42.908,-78.315,0,0,0,0,0,0,0,1
39,3,1,0,0,0,0,0,0,0,0,255,255,255,18,2699.079,"アリアル",R,0,128,1.053,1.081,0.155,1.539,-36.705,0,0,0,0,0,0,0,0,0,3,R,"_앰프_",170.6,89.947,0.4,0,57,0,0,0,0,0,0,0,0,0,0,0,0,0,0,0,0,0.118,-37.49,"눈꽃",-0.112,-16.887,"Slaris",-22.168,-50.546,"아침땅_",-14.174,-64.238,"_이누_",18.56,-49.485,"coder_",12.454,-65.681,"소솨소솨",27.576,-80.826,"ke ro",-0.554,-102.363,"Sabo_10",-38.279,-82.746,0,0,0,0,0,"",0,0,0,0,0,0,0,0,0,0
40,3,1,0,0,0,1,0,0,0,0,255,255,255,19,2714.419,"アリアル",R,0,140,1.134,0.744,0.109,1.532,-36.871,0,0,0,0,0,0,0,0,0,3,R,"_앰프_",170.6,89.947,0.4,0,57,0,0,0,0,0,0,0,0,0,0,0,0,0,0,0,0,0.055,-37.405,"눈꽃",-0.148,-16.852,"Slaris",-21.606,-49.981,"아침땅_",-14.158,-64.325,"_이누_",18.922,-49.392,"coder_",12.817,-66.459,"소솨소솨",27.541,-80.859,"ke ro",-0.823,-102.562,"Sabo_10",-37.989,-83.653,0,0,0,0,0,"",0,0,0,0,0,0,0,0,0,0
41,3,1,0,0,0,2,0,0,0,0,255,255,255,20,2729.468,"アリアル",R,2,115,-1.968,2.27,0.022,1.576,-36.789,4,0,-240.959,-400,-10.664,0,0,1,0,3,R,"_앰프_",170.6,89.947,0.4,0,57,0,0,0,0,0,0,0,0,0,0,0,0,0,0,0,0,0.04,-37.514,"눈꽃",-0.304,-16.87,"Slaris",-22.536,-49.737,"아침땅_",-15.323,-63.477,"_이누_",17.978,-47.24,"coder_",11.183,-66.014,"소솨소솨",27.58,-80.848,"ke ro",-0.889,-102.496,"Sabo_10",-40.706,-83.328,0,0,0,0,0,"",0,0,0,0,0,0,0,0,0,0
42,3,1,0,0,0,0,1,0,0,0,255,255,255,21,2758.735,"アリアル",R,0,140,0.745,0.804,0.102,1.547,-36.905,2,0,0,0,0,0,0,1,1,8,R,"-라후이-",179.7,95.263,0.498,2,57,2759.575,164,103,29,131,143,100,110.621,-49.123,0.06,0.033,-0.065,0.103,0,0,0,0.153,-37.406,"눈꽃",0.108,-16.907,"Slaris",-22.585,-50.249,"아침땅_",-14.185,-64.144,"_이누_",21.581,-55.521,"coder_",10.73,-66.316,"소솨소솨",27.371,-83.243,"ke ro",-3.163,-106.857,"Sabo_10",-40.443,-87.735,0,0,0,0,0,"",0,0,0,0,0,0,0,0,0,3
43,3,1,0,0,0,1,1,0,0,0,255,255,255,22,2783.542,"アリアル",R,3,126,1.477,1.495,0.251,1.583,-36.848,4,0,-492.339,0,9.018,0,0,1,1,8,R,"-라후이-",179.7,95.263,0.498,0,57,0,0,0,0,0,0,0,0,0,0,0,0,0,0,0,0,0.121,-37.548,"눈꽃",0.045,-16.916,"Slaris",-22.298,-50.217,"아침땅_",-13.769,-64.288,"_이누_",21.51,-53.789,"coder_",11.125,-66.103,"소솨소솨",29.646,-85.97,"ke ro",-5.786,-104.364,"Sabo_10",-39.762,-85.535,0,0,0,0,0,"",0,0,0,0,0,0,0,0,0,0
44,3,1,0,0,0,2,1,0,0,0,255,255,255,23,2802.949,"アリアル",R,0,137,1.379,2.022,0.065,1.672,-36.888,4,0,0,0,0,0,0,1,1,8,R,"-라후이-",179.7,95.263,0.498,0,57,0,0,0,0,0,0,0,0,0,0,0,0,0,0,0,0,0.194,-37.461,"눈꽃",0.085,-16.786,"Slaris",-22.34,-50.229,"아침땅_",-14.782,-63.897,"_이누_",21.161,-53.762,"coder_",11.262,-66.228,"소솨소솨",31.838,-88.028,"ke ro",-6.136,-104.323,"Sabo_10",-39.143,-85.555,0,0,0,0,0,"",0,0,0,0,0,0,0,0,0,0
45,3,1,0,0,0,0,2,0,0,0,255,255,255,24,2830.569,"アリアル",R,3,124,-3.142,-0.117,-0.043,1.391,-36.884,1,0,-471.352,0,6.306,0,0,0,2,1,R,"Dοpi",179.6,90,0.3,0,57,0,0,0,0,0,0,0,0,0,0,0,0,0,0,0,0,0.098,-37.57,"눈꽃",-0.251,-17.169,"Slaris",-22.794,-51.099,"아침땅_",-15.383,-63.61,"_이누_",21.111,-55.141,"coder_",10.574,-68.571,"소솨소솨",31.885,-87.994,"ke ro",-1.717,-109.16,"Sabo_10",-41.506,-85.676,0,0,0,0,0,"",0,0,0,0,0,0,0,0,0,0
46,3,1,0,0,1,0,2,0,0,0,255,255,255,25,2847.446,"アリアル",R,3,121,-3.115,-0.791,0.029,1.354,-36.986,4,0,-495.46,0,5.143,-1.329,-17.021,1,2,1,R,"Dοpi",179.6,90,0.3,0,57,0,0,0,0,0,0,0,0,0,0,0,0,0,0,0,0,0.109,-37.406,"눈꽃",-0.763,-16.964,"Slaris",-22.551,-50.655,"아침땅_",-15.369,-63.512,"_이누_",20.596,-54.055,"coder_",9.184,-68.528,"소솨소솨",30.924,-87.396,"ke ro",-1.985,-109.134,"Sabo_10",-38.762,-84.973,0,0,0,0,0,"",0,0,0,0,0,0,0,0,0,0
47,3,1,0,0,1,1,2,0,0,0,255,255,255,26,2866.603,"アリアル",R,0,140,-0.399,0.711,-0.016,1.526,-36.899,0,0,0,0,0,0,0,0,2,1,R,"Dοpi",179.6,90,0.3,0,57,0,0,0,0,0,0,0,0,0,0,0,0,0,0,0,0,-0.03,-37.686,"눈꽃",0.055,-16.829,"Slaris",-22.522,-50.683,"아침땅_",-15.762,-63.335,"_이누_",20.594,-53.909,"coder_",10.641,-70.016,"소솨소솨",30.978,-87.416,"ke ro",-2.035,-109.149,"Sabo_10",-39.728,-86.898,0,0,0,0,0,"",0,0,0,0,0,0,0,0,0,0
48,3,1,0,0,1,2,2,0,0,0,255,255,255,27,2881.327,"アリアル",R,10,108,-0.838,-1.673,0.026,1.441,-36.956,4,0,91.725,400,-12.915,-0.149,-18.585,1,2,1,R,"Dοpi",179.6,90,0.3,0,57,0,0,0,0,0,0,0,0,0,0,0,0,0,0,0,0,0.16,-37.466,"눈꽃",-0.035,-16.826,"Slaris",-22.89,-49.285,"아침땅_",-14.901,-63.586,"_이누_",19.454,-51.891,"coder_",9.672,-69.274,"소솨소솨",30.792,-87.381,"ke ro",-2.034,-109.14,"Sabo_10",-37.04,-82.829,0,0,0,0,0,"",0,0,0,0,0,0,0,0,0,0
49,3,0,0,0,0,0,0,0,0,0,255,255,255,20,2936.782,"siesta_aves",R,32,140,-0.217,0.518,-0.067,1.51,-36.478,0,0,155.439,-26.221,7.578,0,0,0,0,5,R,"coder_",164.9,94.897,0.454,0,57,0,0,0,0,0,0,0,0,0,0,0,0,0,0,0,0,-0.018,-38.36,"Dοpi",-0.375,-16.845,"Chunsik03",-21.754,-47.134,"_앰프_",-14.272,-63.779,"DoYaGee",20.972,-47.01,"즉석카레",13.428,-63.441,"Penguin_iDOL",40.669,-90.613,"ByeolBam",-0.339,-109.807,"-라후이-",-40.636,-90.59,0,0,0,0,0,"",0,0,0,0,0,0,0,0,0,0
50,3,0,0,0,0,1,0,0,0,0,255,255,255,21,2948.409,"siesta_aves",R,33,137,-3.634,-0.365,-0.383,1.39,-36.429,2,0,145.651,8.928,9.144,0,0,1,0,5,R,"coder_",164.9,94.897,0.454,3,57,2949.45,173,137,41,239,155,107,25.493,-16.444,0.56,-0.311,-0.174,0.284,0,0,0,-0.025,-37.352,"Dοpi",-0.556,-16.971,"Chunsik03",-21.723,-47.135,"_앰프_",-14.719,-62.833,"DoYaGee",20.713,-47.337,"즉석카레",15.159,-62.685,"Penguin_iDOL",40.596,-90.817,"ByeolBam",-0.351,-109.787,"-라후이-",-40.337,-90.146,2954.345,9.992,-112.392,2954.479,7,"ByeolBam",10.014,-109.742,0,0,0,0,0,0,0,1
51,3,0,0,0,0,0,1,0,0,0,255,255,255,22,2981.578,"siesta_aves",R,33,126,1.762,0.808,0.126,1.585,-36.528,2,0,111.9,-38.314,7.311,0,0,1,1,9,L,"encounter v",190,100,0.447,3,57,2982.698,198,161,64,187,155,127,-28.563,-41.603,0.15,0.032,-0.14,0.348,0,0,0,0.108,-37.784,"Dοpi",0.263,-16.942,"Chunsik03",-20.419,-47.049,"_앰프_",-13.853,-64.859,"DoYaGee",22.239,-47.515,"즉석카레",14.116,-62.973,"Penguin_iDOL",40.091,-92.654,"ByeolBam",0.267,-107.926,"-라후이-",-36.851,-88.282,2982.845,2.36,-22.716,2984.195,4,"DoYaGee",20.652,-43.7,0,0,0,0,0,0,0,2
52,3,0,0,0,0,0,2,0,0,0,255,255,255,23,3015.433,"siesta_aves",R,34,134,-0.473,-0.144,-0.07,1.41,-36.454,2,0,84.198,-12.81,9.185,0,0,1,2,1,L,"눈꽃",190,94.886,0.496,3,57,3016.332,155,151,57,232,147,108,-17.471,-30.057,0.89,0.085,-0.058,0.007,0,0,0,0.345,-37.408,"Dοpi",0.499,-16.911,"Chunsik03",-20.255,-46.053,"_앰프_",-12.91,-64.61,"DoYaGee",22.556,-46.824,"즉석카레",15.3,-63.175,"Penguin_iDOL",41.246,-88.687,"ByeolBam",1.826,-107.732,"-라후이-",-40.126,-91.177,3016.462,1.562,-23.636,3019.812,6,"Penguin_iDOL",34.026,-81.197,1,0,0,0,0,0,0,2
53,3,0,0,0,0,0,2,1,0,0,10,255,255,24,3048.067,"siesta_aves",R,33,135,-0.76,1.104,-0.108,1.63,-36.5,1,0,114.783,-53.541,12.459,0.241,-17.689,0,3,8,L,"Sabo_10",184.7,94,0.597,0,57,0,0,0,0,0,0,0,0,0,0,0,0,0,0,0,0,-0.001,-38.399,"Dοpi",-0.349,-16.814,"Chunsik03",-20.429,-43.1,"_앰프_",-12.58,-63.883,"DoYaGee",23.138,-47.249,"즉석카레",14.796,-63.193,"Penguin_iDOL",42.509,-88.397,"ByeolBam",0.239,-104.129,"-라후이-",-37.389,-84.065,0,0,0,0,0,"",0,0,0,0,0,0,0,0,0,0
54,3,0,0,0,1,0,2,1,0,0,10,255,255,25,3063.654,"siesta_aves",R,36,136,-0.967,-0.294,-0.115,1.425,-36.295,0,0,81.249,115.131,1.312,0,0,0,3,8,L,"Sabo_10",184.7,94,0.597,0,57,0,0,0,0,0,0,0,0,0,0,0,0,0,0,0,0,-0.059,-38.637,"Dοpi",-0.305,-16.914,"Chunsik03",-19.747,-40.841,"_앰프_",-10.505,-62.674,"DoYaGee",22.888,-47.562,"즉석카레",13.771,-63.75,"Penguin_iDOL",42.596,-88.575,"ByeolBam",0.238,-104.125,"-라후이-",-38.197,-84.687,0,0,0,0,0,"",0,0,0,0,0,0,0,0,0,0
55,3,0,0,0,1,1,2,1,0,0,10,255,255,26,3080.274,"siesta_aves",R,0,136,-1.623,0.505,-0.139,1.535,-36.37,4,0,-39.527,0,3.429,0,0,1,3,8,L,"Sabo_10",184.7,94,0.597,0,57,0,0,0,0,0,0,0,0,0,0,0,0,0,0,0,0,0.011,-38.217,"Dοpi",-0.386,-17.187,"Chunsik03",-19.339,-41.277,"_앰프_",-12.374,-63.604,"DoYaGee",22.904,-47.643,"즉석카레",13.737,-63.709,"Penguin_iDOL",42.953,-88.226,"ByeolBam",0.29,-104.188,"-라후이-",-38.161,-83.889,0,0,0,0,0,"",0,0,0,0,0,0,0,0,0,0
56,3,0,0,0,1,2,2,1,0,0,10,255,255,27,3097.613,"siesta_aves",R,1,86,-1.086,-1.322,0.031,1.144,-36.318,4,0,0,0,-0.043,0,0,1,3,8,L,"Sabo_10",184.7,94,0.597,0,57,0,0,0,0,0,0,0,0,0,0,0,0,0,0,0,0,-0.189,-38.438,"Dοpi",-0.076,-16.988,"Chunsik03",-19.224,-40.616,"_앰프_",-11.576,-62.348,"DoYaGee",22.143,-47.543,"즉석카레",15.728,-62.119,"Penguin_iDOL",42.964,-88.238,"ByeolBam",0.238,-104.184,"-라후이-",-36.005,-81.836,0,0,0,0,0,"",0,0,0,0,0,0,0,0,0,0
57,4,1,0,0,0,0,0,0,0,0,255,255,255,28,3153.066,"アリアル",R,0,129,1.48,0.951,0.166,1.471,-36.826,1,0,0,0,0,0,0,0,3,7,R,"ByeolBam",174.9,88,0.496,0,58,0,0,0,0,0,0,0,0,0,0,0,0,0,0,0,0,0.337,-38.06,"눈꽃",0.013,-16.852,"Slaris",-21.757,-51.244,"아침땅_",-14.104,-64.392,"_이누_",19.783,-49.148,"coder_",12.888,-65.186,"소솨소솨",27.766,-85.097,"ke ro",0.597,-110.44,"Sabo_10",-39.621,-85.696,0,0,0,0,0,"",0,0,0,0,0,0,0,0,0,0
58,4,1,0,0,1,0,0,0,0,0,255,255,255,29,3167.591,"アリアル",R,0,0,0,0,0,0,0,0,0,0,0,0,0,0,1,3,7,R,"ByeolBam",174.9,88,0.496,2,58,3168.511,193,115,25,171,147,86,56.694,-53.661,-0.53,-0.07,-0.1,0.144,0,0,0,0.204,-37.372,"눈꽃",0.026,-16.981,"Slaris",-21.929,-51.228,"아침땅_",-14.087,-64.345,"_이누_",19.385,-50.24,"coder_",13.216,-65.221,"소솨소솨",30.281,-87.945,"ke ro",0.849,-109.867,"Sabo_10",-39.698,-86.387,3169.412,0.124,-20.938,3183.078,-1,"썬써니_",0.148,-37.981,0,0,0,0,0,0,0,3
59,4,1,0,0,1,1,0,0,0,0,255,255,255,30,3187.228,"アリアル",R,0,138,0.875,1.188,0.109,1.551,-36.841,2,0,0,0,0,0,0,1,3,7,R,"ByeolBam",174.9,88,0.496,2,58,3188.14,107,58,27,90,128,75,24.985,5.096,-0.52,-0.004,-0.09,0.088,0,0,0,0.209,-37.325,"눈꽃",0.071,-16.925,"Slaris",-21.952,-51.238,"아침땅_",-14.055,-64.317,"_이누_",18.328,-50.747,"coder_",11.542,-65.595,"소솨소솨",31.951,-85.841,"ke ro",0.642,-106.058,"Sabo_10",-40.138,-86.931,3192.078,-3.816,-76.082,3193.828,-1,"썬써니_",-4.03,-88.595,1,0,0,0,0,0,0,2
60,4,1,0,0,0,0,0,1,0,0,7,255,255,31,3221.584,"アリアル",R,0,134,0.75,0.786,0.073,1.538,-36.778,0,0,0,0,0,0,0,1,4,4,R,"DoYaGee",190,107,0.601,0,58,0,0,0,0,0,0,0,0,0,0,0,0,0,0,0,0,0.139,-37.483,"눈꽃",0.096,-16.869,"Slaris",-20.931,-44.815,"아침땅_",-14.519,-63.789,"_이누_",19.567,-55.037,"coder_",7.895,-63.764,"소솨소솨",25.533,-83.55,"ke ro",-0.437,-111.668,"Sabo_10",-35.25,-78.633,0,0,0,0,0,"",0,0,0,0,0,0,0,0,0,0
61,4,1,0,0,0,1,0,1,0,0,7,255,255,32,3239.192,"アリアル",R,0,139,0.773,0.724,0.031,1.534,-36.76,0,0,0,0,0,0,0,0,4,4,R,"DoYaGee",190,107,0.601,0,58,0,0,0,0,0,0,0,0,0,0,0,0,0,0,0,0,0.047,-37.626,"눈꽃",0.319,-18.087,"Slaris",-19.223,-42.775,"아침땅_",-14.503,-63.785,"_이누_",20.256,-56.579,"coder_",8.108,-62.257,"소솨소솨",25.479,-83.521,"ke ro",-2.943,-102.833,"Sabo_10",-35.993,-83.46,0,0,0,0,0,"",0,0,0,0,0,0,0,0,0,0
62,4,1,0,0,0,2,0,0,1,0,255,7,255,33,3267.327,"アリアル",R,0,135,0.687,1.525,0.074,1.642,-36.836,4,0,0,0,0,0,0,1,4,4,R,"DoYaGee",190,107,0.601,0,58,0,0,0,0,0,0,0,0,0,0,0,0,0,0,0,0,-0.025,-38.112,"눈꽃",0.066,-16.775,"Slaris",-20.789,-47.719,"아침땅_",-13.953,-64.274,"_이누_",19.756,-54.349,"coder_",8.913,-62.285,"소솨소솨",26.898,-87.27,"ke ro",-3.559,-111.703,"Sabo_10",-35.962,-80.274,0,0,0,0,0,"",0,0,0,0,0,0,0,0,0,0
63,4,1,0,0,0,0,1,0,1,0,255,7,255,34,3296.188,"アリアル",R,0,132,1.533,1.209,0.11,1.531,-36.758,2,0,0,0,0,0,0,1,5,0,R,"siesta_aves",190,107,0.398,2,58,3297.249,197,165,82,255,155,72,14.967,-20.267,0.98,0.391,-0.045,0.263,0,0,0,0.221,-37.386,"눈꽃",0.103,-16.951,"Slaris",-21.415,-48.741,"아침땅_",-13.948,-64.31,"_이누_",18.284,-54.019,"coder_",8.037,-63.48,"소솨소솨",25.692,-84.082,"ke ro",-5.484,-104.009,"Sabo_10",-35.045,-80.856,3299.912,14.049,-61.239,3300.912,-1,"썬써니_",12.379,-59.845,0,0,0,0,0,0,0,1
64,4,1,0,0,0,0,2,0,1,0,255,7,255,35,3624.832,"アリアル",R,0,136,0.608,0.659,0.088,1.539,-36.845,2,0,0,0,0,0,0,1,6,2,R,"Chunsik03",179.5,103.23,0.392,2,57,3625.879,185,123,44,167,155,93,56.588,-29.665,-0.48,-0.062,-0.042,0.227,0,0,0,-0.008,-37.362,"눈꽃",0.062,-17.054,"Slaris",-20.078,-50.601,"아침땅_",-13.83,-64.351,"_이누_",19.354,-52.676,"coder_",10.97,-65.695,"소솨소솨",24.196,-83.659,"ke ro",0.012,-100.793,"Sabo_10",-34.952,-83.582,3631.928,33.188,-66.987,3632.762,4,"_이누_",32.473,-65.805,0,0,0,0,0,0,0,1
65,4,0,0,0,0,0,0,0,0,0,255,255,255,28,3684.527,"siesta_aves",R,33,138,2.761,1.193,0.212,1.661,-36.691,2,0,139.385,-44.748,6.927,0,0,1,4,2,R,"Slaris",190,90,0.451,3,57,3685.419,170,100,45,102,145,91,36.38,-40.812,-0.45,-0.057,-0.058,0.132,0,0,0,0.272,-37.361,"Dοpi",0.065,-16.876,"Chunsik03",-21.518,-45.615,"_앰프_",-14.177,-63.333,"DoYaGee",21.348,-47.461,"즉석카레",14.331,-63.567,"Penguin_iDOL",40.864,-92.875,"ByeolBam",0.284,-108.075,"-라후이-",-36.639,-85.483,3690.229,49.84,-75.16,3696.745,6,"Penguin_iDOL",67.477,-91.419,1,0,0,0,0,0,0,2
66,4,0,0,0,0,0,0,0,1,0,255,11,255,29,3729.503,"siesta_aves",R,37,134,1.8,-0.017,0.147,1.47,-36.396,1,0,65.544,94.573,6.517,0,0,0,5,4,R,"_이누_",190.4,90.187,0.5,0,57,0,0,0,0,0,0,0,0,0,0,0,0,0,0,0,0,-0.08,-38.483,"Dοpi",0.158,-16.85,"Chunsik03",-20.157,-44.291,"_앰프_",-12.23,-62.148,"DoYaGee",19.068,-44.096,"즉석카레",9.345,-62.471,"Penguin_iDOL",41.413,-87.676,"ByeolBam",4.103,-106.718,"-라후이-",-31.356,-83.809,0,0,0,0,0,"",0,0,0,0,0,0,0,0,0,0
67,4,0,0,0,1,0,0,0,1,0,255,11,255,30,3748.611,"siesta_aves",R,33,138,1.65,0.444,0.121,1.557,-36.478,1,0,104.189,90.391,7.462,0,0,0,5,4,R,"_이누_",190.4,90.187,0.5,0,57,0,0,0,0,0,0,0,0,0,0,0,0,0,0,0,0,-0.143,-38.654,"Dοpi",0.133,-16.953,"Chunsik03",-20.758,-45.492,"_앰프_",-14.366,-63.329,"DoYaGee",19.694,-44.222,"즉석카레",8.986,-62.742,"Penguin_iDOL",42.164,-87.195,"ByeolBam",1.769,-104.924,"-라후이-",-35.647,-83.018,0,0,0,0,0,"",0,0,0,0,0,0,0,0,0,0
68,4,0,0,0,2,0,0,0,1,0,255,11,255,31,3763.923,"siesta_aves",R,3,130,-3.65,0.168,-0.253,1.475,-36.484,4,0,-258.269,0,5.083,0,0,0,5,4,R,"_이누_",190.4,90.187,0.5,0,57,0,0,0,0,0,0,0,0,0,0,0,0,0,0,0,0,0.022,-38.352,"Dοpi",-0.178,-16.9,"Chunsik03",-20.422,-43.891,"_앰프_",-14.325,-63.321,"DoYaGee",19.979,-43.855,"즉석카레",8.788,-62.393,"Penguin_iDOL",39.684,-89.719,"ByeolBam",-1.852,-105.945,"-라후이-",-38.399,-83.909,0,0,0,0,0,"",0,0,0,0,0,0,0,0,0,0
69,4,0,0,0,2,1,0,0,1,0,255,11,255,32,3780.236,"siesta_aves",R,33,137,-2.736,0.13,-0.292,1.463,-36.487,1,0,119.847,-21.311,10.438,0,0,0,5,4,R,"_이누_",190.4,90.187,0.5,0,57,0,0,0,0,0,0,0,0,0,0,0,0,0,0,0,0,-0.089,-38.419,"Dοpi",-0.295,-16.957,"Chunsik03",-20.223,-45.303,"_앰프_",-14.941,-62.699,"DoYaGee",19.427,-43.398,"즉석카레",9.562,-62.954,"Penguin_iDOL",40.284,-89.263,"ByeolBam",0.361,-105.23,"-라후이-",-40.879,-81.522,0,0,0,0,0,"",0,0,0,0,0,0,0,0,0,0
70,4,0,0,0,3,1,0,0,1,0,255,11,255,33,3795.73,"siesta_aves",R,28,124,-1.289,-0.059,-0.133,1.41,-36.415,0,0,37.04,-70.177,18.094,0,0,1,5,4,R,"_이누_",190.4,90.187,0.5,0,57,0,0,0,0,0,0,0,0,0,0,0,0,0,0,0,0,0.138,-38.519,"Dοpi",-0.086,-16.967,"Chunsik03",-20.761,-44.203,"_앰프_",-14.966,-62.721,"DoYaGee",19.33,-43.234,"즉석카레",10.423,-62.324,"Penguin_iDOL",40.259,-90.375,"ByeolBam",-0.245,-105.768,"-라후이-",-38.89,-82.834,0,0,0,0,0,"",0,0,0,0,0,0,0,0,0,0
71,4,0,0,0,3,2,0,0,1,0,255,11,255,34,3813.559,"siesta_aves",R,3,94,-2.348,-0.089,0.102,1.325,-36.925,4,0,-353.507,0,-18.68,0,0,1,5,4,R,"_이누_",190.4,90.187,0.5,0,57,0,0,0,0,0,0,0,0,0,0,0,0,0,0,0,0,0.077,-38.476,"Dοpi",-0.205,-16.999,"Chunsik03",-20.793,-44.223,"_앰프_",-14.393,-63.181,"DoYaGee",19.293,-43.046,"즉석카레",9.999,-62.312,"Penguin_iDOL",40.329,-90.543,"ByeolBam",-0.176,-105.731,"-라후이-",-37.671,-80.853,0,0,0,0,0,"",0,0,0,0,0,0,0,0,0,0
72,4,0,0,0,0,0,1,0,1,0,255,11,255,35,3839.475,"siesta_aves",R,33,137,-0.12,0.278,-0.045,1.469,-36.473,2,0,110.156,-39.151,12.799,0,0,1,6,7,R,"ke ro",160,98.21,0.47,2,57,3840.471,144,96,29,142,142,113,27.717,-1.177,0.22,-0.035,-0.094,0,0,0,0,0.226,-37.656,"Dοpi",-0.176,-16.915,"Chunsik03",-19.861,-43.469,"_앰프_",-14.974,-62.407,"DoYaGee",20.402,-45.741,"즉석카레",10.494,-63.916,"Penguin_iDOL",38.769,-91,"ByeolBam",0.013,-105.881,"-라후이-",-37.434,-80.463,0,0,0,3846.178,7,"ByeolBam",6.284,-118.024,0,0,0,0,0,0,0,1
73,4,0,0,0,0,0,2,0,1,0,255,11,255,36,3872.375,"siesta_aves",R,32,140,-1.573,-0.192,-0.203,1.413,-36.467,1,0,182.698,2.652,11.402,0,0,0,7,3,R,"아침땅_",170.3,95,0.5,0,57,0,0,0,0,0,0,0,0,0,0,0,0,0,0,0,0,0.014,-38.493,"Dοpi",-0.373,-16.875,"Chunsik03",-21.654,-45.958,"_앰프_",-14.898,-62.092,"DoYaGee",19.746,-44.721,"즉석카레",10.178,-62.951,"Penguin_iDOL",38.402,-89.596,"ByeolBam",-0.226,-106.635,"-라후이-",-37.15,-83.262,0,0,0,0,0,"",0,0,0,0,0,0,0,0,0,0
74,4,0,0,0,1,0,2,0,1,0,255,11,255,37,3885.059,"siesta_aves",R,36,126,0.152,0.719,-0.003,1.593,-36.391,0,0,50.733,115.227,4.435,0,0,0,7,3,R,"아침땅_",170.3,95,0.5,0,57,0,0,0,0,0,0,0,0,0,0,0,0,0,0,0,0,-0.039,-38.284,"Dοpi",0.119,-16.838,"Chunsik03",-20.579,-45.533,"_앰프_",-14.833,-62.108,"DoYaGee",19.55,-44.024,"즉석카레",11.035,-63.124,"Penguin_iDOL",38.389,-89.986,"ByeolBam",0.385,-106.604,"-라후이-",-36.404,-82.405,0,0,0,0,0,"",0,0,0,0,0,0,0,0,0,0
75,4,0,0,0,1,1,2,0,1,0,255,11,255,38,3897.289,"siesta_aves",R,3,128,-1.16,0.154,0.029,1.465,-36.385,0,0,-403.101,0,1.778,0,0,0,7,3,R,"아침땅_",170.3,95,0.5,0,57,0,0,0,0,0,0,0,0,0,0,0,0,0,0,0,0,0.103,-38.283,"Dοpi",-0.267,-16.954,"Chunsik03",-20.968,-46.232,"_앰프_",-14.883,-62.801,"DoYaGee",19.908,-44.752,"즉석카레",8.097,-63.319,"Penguin_iDOL",38.171,-91.26,"ByeolBam",0.382,-106.595,"-라후이-",-38.8,-82.605,0,0,0,0,0,"",0,0,0,0,0,0,0,0,0,0
76,4,0,0,0,1,2,2,0,1,0,255,11,255,39,3910.213,"siesta_aves",R,34,138,-1.082,0.657,-0.117,1.542,-36.398,0,0,51.666,-7.17,10.344,0,0,0,7,3,R,"아침땅_",170.3,95,0.5,0,57,0,0,0,0,0,0,0,0,0,0,0,0,0,0,0,0,-0.02,-38.11,"Dοpi",-0.182,-16.971,"Chunsik03",-21.364,-44.834,"_앰프_",-14.858,-62.766,"DoYaGee",19.608,-45.221,"즉석카레",10.316,-62.954,"Penguin_iDOL",38.6,-91.805,"ByeolBam",0.358,-106.534,"-라후이-",-37.536,-83.857,0,0,0,0,0,"",0,0,0,0,0,0,0,0,0,0
77,5,1,0,0,0,0,0,0,0,0,255,255,255,36,4076.619,"アリアル",R,0,140,0.64,1.129,0.097,1.585,-36.9,4,0,0,0,0,0,0,1,7,6,R,"Penguin_iDOL",180.4,90.434,0.395,0,57,0,0,0,0,0,0,0,0,0,0,0,0,0,0,0,0,0.102,-37.554,"눈꽃",-0.064,-16.534,"Slaris",-21.984,-50.046,"아침땅_",-13.987,-64.042,"_이누_",18.041,-50.863,"coder_",9.156,-66.99,"소솨소솨",26.831,-82.464,"ke ro",-3.187,-104.617,"Sabo_10",-33.268,-84.052,0,0,0,0,0,"",0,0,0,0,0,0,0,0,0,0
78,5,1,0,0,0,1,0,0,0,0,255,255,255,37,4092.284,"アリアル",R,0,140,1.179,0.075,0.095,1.511,-36.862,2,0,0,0,0,0,0,1,7,6,R,"Penguin_iDOL",180.4,90.434,0.395,3,57,4093.416,195,98,20,154,143,86,57.724,27.555,-0.5,-0.049,-0.087,0.245,0,0,0,0.068,-37.138,"눈꽃",-0.256,-16.905,"Slaris",-21.177,-48.855,"아침땅_",-13.972,-64.041,"_이누_",17.933,-50.802,"coder_",9.704,-66.708,"소솨소솨",24.193,-83.614,"ke ro",-3.221,-104.65,"Sabo_10",-32.546,-82.585,0,0,0,4099.396,3,"아침땅_",-25.585,-61.746,0,0,0,0,0,0,0,1
79,5,1,0,0,0,0,1,0,0,0,255,255,255,38,4126.423,"アリアル",R,3,120,-4.1,1.273,-0.035,1.524,-36.949,4,0,-399.611,0,9.506,0,0,1,8,5,R,"즉석카레",169.9,94.808,0.397,0,57,0,0,0,0,0,0,0,0,0,0,0,0,0,0,0,0,0.2,-37.552,"눈꽃",-0.943,-16.746,"Slaris",-21.772,-50.49,"아침땅_",-14.299,-64.254,"_이누_",17.64,-51.192,"coder_",11.211,-65.926,"소솨소솨",26.623,-84.628,"ke ro",-6.698,-97.221,"Sabo_10",-32.075,-79.5,0,0,0,0,0,"",0,0,0,0,0,0,0,0,0,0
80,5,1,0,0,0,1,1,0,0,0,255,255,255,39,4142.887,"アリアル",R,0,137,1.313,1.354,0.071,1.608,-36.872,2,0,0,0,0,0,0,1,8,5,R,"즉석카레",169.9,94.808,0.397,2,57,4143.718,182,137,105,89,155,88,22.109,-33.341,-0.52,-0.152,-0.062,0.242,0,0,0,0.092,-37.26,"눈꽃",0.061,-16.906,"Slaris",-21.666,-50.563,"아침땅_",-14.827,-63.735,"_이누_",19.811,-52.774,"coder_",11.435,-65.984,"소솨소솨",26.602,-84.636,"ke ro",-6.845,-99.949,"Sabo_10",-31.739,-78.18,0,0,0,4148.195,6,"소솨소솨",36.197,-78.959,0,0,0,0,0,0,0,1
81,5,1,0,0,0,0,2,0,0,0,255,255,255,40,4175.011,"アリアル",R,0,133,1.068,1.51,0.055,1.544,-36.782,1,0,0,0,0,0,0,0,0,3,R,"_앰프_",170.6,89.947,0.4,0,57,0,0,0,0,0,0,0,0,0,0,0,0,0,0,0,0,0.197,-37.562,"눈꽃",-0.176,-17.047,"Slaris",-22.312,-50.836,"아침땅_",-13.876,-64.33,"_이누_",18.688,-50.345,"coder_",10.172,-66.408,"소솨소솨",25.331,-83.889,"ke ro",-0.708,-102.402,"Sabo_10",-29.519,-79.022,0,0,0,0,0,"",0,0,0,0,0,0,0,0,0,0
82,5,1,0,0,1,0,2,0,0,0,255,255,255,41,4190.284,"アリアル",R,0,140,0.908,0.508,0.052,1.485,-36.755,0,0,0,0,0,0,0,0,0,3,R,"_앰프_",170.6,89.947,0.4,0,57,0,0,0,0,0,0,0,0,0,0,0,0,0,0,0,0,0.058,-37.454,"눈꽃",-0.406,-16.919,"Slaris",-22.264,-50.946,"아침땅_",-13.889,-64.008,"_이누_",19.192,-53.37,"coder_",9.333,-67,"소솨소솨",25.186,-83.949,"ke ro",-0.429,-102.395,"Sabo_10",-36.147,-81.095,0,0,0,0,0,"",0,0,0,0,0,0,0,0,0,0
83,5,1,0,0,1,1,2,0,0,0,255,255,255,42,4207.057,"アリアル",R,3,121,-2.611,0.075,0.004,1.397,-36.823,1,0,-441.646,0,12.072,0,0,0,0,3,R,"_앰프_",170.6,89.947,0.4,0,57,0,0,0,0,0,0,0,0,0,0,0,0,0,0,0,0,0.076,-37.461,"눈꽃",-0.544,-17.095,"Slaris",-22.499,-49.523,"아침땅_",-14.013,-63.976,"_이누_",18.292,-51.722,"coder_",8.923,-66.825,"소솨소솨",25.267,-83.899,"ke ro",-0.481,-102.446,"Sabo_10",-36.02,-80.817,0,0,0,0,0,"",0,0,0,0,0,0,0,0,0,0
84,5,1,0,0,2,1,2,0,0,0,255,255,255,43,4221.583,"アリアル",R,0,128,1.475,1.19,0.081,1.553,-36.631,2,0,0,0,0,0,0,1,0,3,R,"_앰프_",170.6,89.947,0.4,3,57,4222.635,172,129,31,222,151,87,-21.941,35.538,-0.53,0.026,-0.067,0.464,0,0,0,0.161,-37.206,"눈꽃",0.096,-16.944,"Slaris",-21.867,-48.998,"아침땅_",-14.04,-63.984,"_이누_",18.536,-51.711,"coder_",10.458,-66.564,"소솨소솨",25.255,-83.941,"ke ro",-0.482,-102.433,"Sabo_10",-35.792,-80.461,4222.862,-1.755,-22.876,4227.495,-1,"집으로_",-20.566,-49.53,0,0,0,0,0,0,0,2
85,5,0,0,0,0,0,0,0,0,0,255,255,255,40,4376.465,"siesta_aves",R,33,134,2.018,0.9,0.113,1.587,-36.556,4,0,124.982,-41.873,7.773,-0.363,-19.683,1,8,6,R,"소솨소솨",174.8,95.565,0.5,0,45,0,0,0,0,0,0,0,0,0,0,0,0,0,0,0,0,-0.121,-38.423,"Dοpi",0.092,-16.987,"Chunsik03",-20.618,-45.478,"_앰프_",-14.963,-63.969,"DoYaGee",21.734,-48.371,"즉석카레",15.068,-63.506,"Penguin_iDOL",39.064,-90.495,"ByeolBam",-0.391,-102.256,"-라후이-",-40.319,-78.762,0,0,0,0,0,"",0,0,0,0,0,0,0,0,0,0
86,5,0,0,0,0,1,0,0,0,0,255,255,255,41,4403.093,"siesta_aves",R,33,136,-4.323,-0.925,-0.448,1.3,-36.441,1,0,146.502,30.544,9.44,0,0,0,8,6,R,"소솨소솨",174.8,95.565,0.5,0,45,0,0,0,0,0,0,0,0,0,0,0,0,0,0,0,0,-0.118,-38.174,"Dοpi",-0.613,-16.887,"Chunsik03",-20.796,-46.363,"_앰프_",-14.754,-63.599,"DoYaGee",21.302,-49.502,"즉석카레",15.064,-63.437,"Penguin_iDOL",36.49,-88.521,"ByeolBam",-0.011,-102.502,"-라후이-",-39.487,-78.109,0,0,0,0,0,"",0,0,0,0,0,0,0,0,0,0
87,5,0,0,0,1,1,0,0,0,0,255,255,255,42,4417.673,"siesta_aves",R,34,129,-0.952,0.163,-0.116,1.464,-36.439,2,0,81.098,-14.088,13.537,0,0,1,8,6,R,"소솨소솨",174.8,95.565,0.5,2,45,4418.483,156,57,11,105,120,73,105.231,-70.45,-0.1,-0.057,-0.134,0.094,0,0,0,0.309,-37.152,"Dοpi",0.124,-16.954,"Chunsik03",-21.301,-46.506,"_앰프_",-14.691,-63.501,"DoYaGee",21.256,-49.184,"즉석카레",15.093,-63.364,"Penguin_iDOL",37.046,-89.774,"ByeolBam",-0.024,-102.532,"-라후이-",-39.624,-78.916,4423.612,-42.347,-4.171,0,0,"",0,0,0,0,0,0,0,0,0,3
88,5,0,0,0,1,2,0,0,0,0,255,255,255,43,4437.155,"siesta_aves",R,36,128,0.969,1.115,0.074,1.662,-36.435,2,0,46.675,111.576,2.419,0,0,1,8,6,R,"소솨소솨",174.8,95.565,0.5,2,45,4438.03,193,69,3,123,134,115,106.709,-73.103,0.76,-0.066,-0.13,0.176,0,0,0,0.25,-37.494,"Dοpi",0.303,-16.951,"Chunsik03",-20.08,-46.507,"_앰프_",-14.907,-63.585,"DoYaGee",21.371,-49.015,"즉석카레",13.633,-63.893,"Penguin_iDOL",36.998,-90.892,"ByeolBam",0.255,-102.808,"-라후이-",-42.952,-84.693,0,0,0,0,0,"",0,0,0,0,0,0,0,0,0,3
89,5,0,0,0,1,2,0,0,0,0,255,255,255,44,4454.596,"siesta_aves",R,3,130,-4.467,-0.036,-0.309,1.436,-36.41,2,0,-322.085,0,6.711,0,0,1,8,6,R,"소솨소솨",174.8,95.565,0.5,2,45,4455.472,162,147,31,205,149,84,22.05,27.084,-0.45,-0.195,-0.16,0.46,0,0,0,0.075,-37.061,"Dοpi",-0.534,-16.97,"Chunsik03",-21.299,-47.194,"_앰프_",-15.185,-62.967,"DoYaGee",23.046,-50.342,"즉석카레",13.466,-63.64,"Penguin_iDOL",36.375,-92.61,"ByeolBam",-0.181,-103.857,"-라후이-",-40.629,-83.975,0,0,0,4458.379,3,"_앰프_",-21.772,-59.091,0,0,0,0,0,0,0,1
90,5,0,0,0,0,0,1,0,0,0,255,255,255,45,4485.016,"siesta_aves",R,32,138,2.638,0.316,0.198,1.483,-36.631,2,0,152.407,-8.633,2.37,0,0,1,0,5,R,"coder_",164.9,94.897,0.454,3,52,4486.011,146,68,33,100,139,79,-35.822,-9.928,-0.41,-0.052,-0.103,0.07,0,0,0,-0.011,-37.586,"Dοpi",-0.56,-16.951,"Chunsik03",-21.124,-47.194,"_앰프_",-15.018,-63.327,"DoYaGee",20.384,-48.002,"즉석카레",14.744,-63.093,"Penguin_iDOL",38.287,-88.499,"ByeolBam",-0.472,-98.493,"-라후이-",-39.567,-85.335,4486.246,0.711,-21.703,4489.579,-1,"집으로_",13.062,-62.813,1,0,0,0,0,0,0,2
91,5,0,0,0,0,0,1,1,0,0,14,255,255,46,4569.583,"siesta_aves",R,32,139,2.492,0.366,0.184,1.506,-36.528,2,0,153.126,-29.272,6.357,0,0,1,1,9,L,"encounter v",190,100,0.447,3,46,4570.666,162,113,15,184,143,130,29.376,-41.764,0.41,0.014,-0.124,0.497,0,0,0,0.12,-37.972,"Dοpi",0.262,-16.892,"Chunsik03",-19.519,-41.322,"_앰프_",-12.804,-62.854,"DoYaGee",23.877,-47.409,"즉석카레",13.955,-62.596,"Penguin_iDOL",40.204,-83.615,"ByeolBam",-0.206,-98.566,"-라후이-",-37.223,-78.559,4575.795,92.874,-91.044,0,0,"",0,0,0,0,0,0,0,0,0,3
92,5,0,0,0,0,1,1,1,0,0,14,255,255,47,4596.447,"siesta_aves",R,4,130,-1.664,-0.289,-0.162,1.568,-36.431,2,0,-188.306,0,6.605,0,0,1,1,9,L,"encounter v",190,100,0.447,3,46,4597.528,181,132,20,227,152,95,38.412,16.407,-0.48,0.004,-0.131,0.544,0,0,0,-0.001,-37.666,"Dοpi",-0.248,-16.958,"Chunsik03",-19.378,-40.809,"_앰프_",-10.656,-62.574,"DoYaGee",22.415,-46.69,"즉석카레",15.081,-62.512,"Penguin_iDOL",45.481,-83.955,"ByeolBam",-1.803,-105.319,"-라후이-",-38.507,-79.899,0,0,0,4603.045,8,"-라후이-",-23.581,-87.693,0,0,0,0,0,0,0,1
93,5,0,0,0,0,0,2,1,0,0,14,255,255,48,4650.826,"siesta_aves",R,15,89,2.616,0.474,0.27,1.279,-36.808,4,0,0,-312.265,1.054,0,0,1,2,1,L,"눈꽃",190,94.886,0.496,0,57,0,0,0,0,0,0,0,0,0,0,0,0,0,0,0,0,-0.035,-38.605,"Dοpi",-0.08,-17.434,"Chunsik03",-19.301,-40.875,"_앰프_",-8.38,-62.079,"DoYaGee",24.623,-48.571,"즉석카레",11.842,-62.707,"Penguin_iDOL",40.95,-87.019,"ByeolBam",0.24,-100.562,"-라후이-",-40.974,-82.48,0,0,0,0,0,"",0,0,0,0,0,0,0,0,0,0
94,5,0,0,0,0,1,2,1,0,0,14,255,255,49,4673.022,"siesta_aves",R,0,104,3.042,0.607,0.44,1.617,-36.693,2,0,-24.664,0,3.128,0,0,1,2,1,L,"눈꽃",190,94.886,0.496,3,57,4674.083,174,139,38,175,155,127,94.072,-84.234,0.39,0.159,-0.063,0.086,0,0,0,0.196,-37.94,"Dοpi",0.696,-16.872,"Chunsik03",-19.362,-41.562,"_앰프_",-13.829,-61.639,"DoYaGee",23.266,-47.773,"즉석카레",13.491,-63.659,"Penguin_iDOL",41.923,-87.502,"ByeolBam",-0.634,-104.653,"-라후이-",-40.292,-78.307,0,0,0,0,0,"",0,0,0,0,0,0,0,0,0,3
95,5,0,0,0,0,2,2,1,0,0,14,255,255,50,4694.388,"siesta_aves",R,32,140,5.843,-0.49,0.491,1.35,-36.701,4,0,164.766,1.559,3.548,0,0,1,2,1,L,"눈꽃",190,94.886,0.496,0,84,0,0,0,0,0,0,0,0,0,0,0,0,0,0,0,0,0.091,-38.776,"Dοpi",0.762,-16.867,"Chunsik03",-18.925,-41.992,"_앰프_",-12.546,-63.179,"DoYaGee",24.82,-48.467,"즉석카레",13.805,-62.339,"Penguin_iDOL",43.701,-86.955,"ByeolBam",1.671,-101.802,"-라후이-",-42.708,-84.389,0,0,0,0,0,"",0,0,0,0,0,0,0,0,0,0
96,6,1,0,0,0,0,0,0,0,0,255,255,255,44,4744.308,"アリアル",R,0,138,0.2,0.065,0.05,1.472,-36.881,0,0,0,0,0,0,0,0,1,8,R,"-라후이-",179.7,95.263,0.498,0,57,0,0,0,0,0,0,0,0,0,0,0,0,0,0,0,0,0.02,-37.538,"눈꽃",-0.464,-16.772,"Slaris",-21.567,-53.552,"아침땅_",-14.012,-64.335,"_이누_",19.051,-53.694,"coder_",10.968,-65.944,"소솨소솨",31.587,-86.728,"ke ro",-0.533,-107.33,"Sabo_10",-38.577,-89.593,0,0,0,0,0,"",0,0,0,0,0,0,0,0,0,0
97,6,1,0,0,0,1,0,0,0,0,255,255,255,45,4763.639,"アリアル",R,0,139,0.886,1.596,0.128,1.639,-36.855,4,0,0,0,0,0,0,1,1,8,R,"-라후이-",179.7,95.263,0.498,0,57,0,0,0,0,0,0,0,0,0,0,0,0,0,0,0,0,-0.01,-37.542,"눈꽃",-0.93,-16.654,"Slaris",-21.771,-50.5,"아침땅_",-13.92,-64.541,"_이누_",20.199,-54.38,"coder_",11.308,-68.057,"소솨소솨",31.526,-86.805,"ke ro",-0.519,-107.273,"Sabo_10",-38.446,-88.211,0,0,0,0,0,"",0,0,0,0,0,0,0,0,0,0
98,6,1,0,0,0,2,0,0,0,0,255,255,255,46,4782.606,"アリアル",R,3,124,-2.896,1.113,-0.019,1.542,-36.902,4,0,-492.39,0,7.477,-1.423,-17.236,1,1,8,R,"-라후이-",179.7,95.263,0.498,0,57,0,0,0,0,0,0,0,0,0,0,0,0,0,0,0,0,0.063,-37.466,"눈꽃",-0.885,-16.853,"Slaris",-22.428,-49.478,"아침땅_",-14.898,-63.622,"_이누_",19.274,-52.682,"coder_",9.475,-67.915,"소솨소솨",31.581,-86.783,"ke ro",-0.27,-107.099,"Sabo_10",-38.768,-82.055,0,0,0,0,0,"",0,0,0,0,0,0,0,0,0,0
99,6,1,0,0,0,0,1,0,0,0,255,255,255,47,4809.65,"アリアル",R,0,135,0.383,1.47,0.061,1.623,-36.804,1,0,0,0,0,0,0,0,2,1,R,"Dοpi",179.6,90,0.3,0,57,0,0,0,0,0,0,0,0,0,0,0,0,0,0,0,0,0.098,-37.458,"눈꽃",-0.537,-16.729,"Slaris",-23.06,-51.509,"아침땅_",-13.984,-64.328,"_이누_",20.181,-53.503,"coder_",10.688,-67.263,"소솨소솨",29.578,-87.168,"ke ro",-0.828,-105.78,"Sabo_10",-36.544,-82.126,0,0,0,0,0,"",0,0,0,0,0,0,0,0,0,0
100,6,1,0,0,1,0,1,0,0,0,255,255,255,48,4825.381,"アリアル",R,0,130,0.925,0.92,0.06,1.537,-36.739,0,0,0,0,0,0,0,0,2,1,R,"Dοpi",179.6,90,0.3,0,57,0,0,0,0,0,0,0,0,0,0,0,0,0,0,0,0,0.005,-37.666,"눈꽃",-0.427,-16.752,"Slaris",-22.934,-51.502,"아침땅_",-13.98,-64.318,"_이누_",20.212,-53.532,"coder_",10.612,-67.936,"소솨소솨",29.574,-87.176,"ke ro",-1.562,-106.108,"Sabo_10",-37.427,-82.434,0,0,0,0,0,"",0,0,0,0,0,0,0,0,0,0
101,6,1,0,0,1,1,1,0,0,0,255,255,255,49,4839.794,"アリアル",R,0,140,1.378,0.536,0.18,1.546,-36.849,0,0,0,0,0,0,0,1,2,1,R,"Dοpi",179.6,90,0.3,0,57,0,0,0,0,0,0,0,0,0,0,0,0,0,0,0,0,0.141,-37.44,"눈꽃",-0.961,-16.751,"Slaris",-23.098,-51.515,"아침땅_",-13.97,-64.299,"_이누_",20.519,-53.004,"coder_",11.496,-67.956,"소솨소솨",29.566,-87.193,"ke ro",-1.522,-106.016,"Sabo_10",-37.067,-82.04,0,0,0,0,0,"",0,0,0,0,0,0,0,0,0,0
102,6,1,0,0,1,2,1,0,0,0,255,255,255,50,4855.321,"アリアル",R,0,136,1.17,1.182,0.146,1.585,-36.828,1,0,0,0,0,-0.432,-20.45,0,2,1,R,"Dοpi",179.6,90,0.3,0,57,0,0,0,0,0,0,0,0,0,0,0,0,0,0,0,0,0.088,-37.423,"눈꽃",0.034,-16.83,"Slaris",-22.978,-51.537,"아침땅_",-13.77,-64.494,"_이누_",20.466,-53.002,"coder_",10.904,-66.334,"소솨소솨",29.575,-87.185,"ke ro",-1.544,-106.065,"Sabo_10",-36.134,-81.149,0,0,0,0,0,"",0,0,0,0,0,0,0,0,0,0
103,6,1,0,0,2,2,1,0,0,0,255,255,255,51,4877.066,"アリアル",R,0,126,1.78,1.077,0.176,1.578,-36.667,2,0,0,0,0,0,0,1,2,1,R,"Dοpi",179.6,90,0.3,3,57,4877.976,81,85,98,96,127,123,111.903,51.665,0.63,-0.054,-0.02,0.025,0,0,0,0.144,-37.384,"눈꽃",0.048,-16.809,"Slaris",-22.454,-50.417,"아침땅_",-13.925,-64.347,"_이누_",20.029,-54.88,"coder_",10.576,-68.741,"소솨소솨",29.587,-87.163,"ke ro",-2.3,-104.195,"Sabo_10",-37.414,-83.932,0,0,0,0,0,"",0,0,0,0,0,0,0,0,0,3
104,6,1,0,0,2,2,1,0,0,0,255,255,255,52,4898.735,"アリアル",R,3,122,-3.085,0.339,0.035,1.442,-36.981,4,0,-488.481,0,8.426,0,0,1,2,1,R,"Dοpi",179.6,90,0.3,0,47,0,0,0,0,0,0,0,0,0,0,0,0,0,0,0,0,0.253,-37.552,"눈꽃",-0.317,-17.013,"Slaris",-22.87,-50.162,"아침땅_",-14.903,-64.003,"_이누_",20.469,-49.001,"coder_",10.012,-67.367,"소솨소솨",28.728,-87.698,"ke ro",-1.956,-103.946,"Sabo_10",-35.651,-80.942,0,0,0,0,0,"",0,0,0,0,0,0,0,0,0,0
105,6,1,0,0,0,0,2,0,0,0,255,255,255,53,4919.338,"アリアル",R,0,140,4.865,0.1,0.19,1.474,-36.835,3,0,0,0,0,0.57,-20.292,0,3,7,R,"ByeolBam",174.9,88,0.496,0,57,0,0,0,0,0,0,0,0,0,0,0,0,0,0,0,0,0.184,-37.452,"눈꽃",0.603,-17.085,"Slaris",-21.603,-51.166,"아침땅_",-13.582,-64.496,"_이누_",21.124,-55.018,"coder_",10.934,-68.119,"소솨소솨",27.94,-86.06,"ke ro",-1.683,-101.212,"Sabo_10",-31.478,-83.346,0,0,0,0,0,"",0,0,0,0,0,0,0,0,0,6
106,6,1,0,0,0,0,2,1,0,0,7,255,255,54,4952.665,"アリアル",R,0,138,0.183,0.94,0.005,1.549,-36.799,0,0,0,0,0,0,0,0,4,4,R,"DoYaGee",190,107,0.601,0,57,0,0,0,0,0,0,0,0,0,0,0,0,0,0,0,0,0.034,-37.613,"눈꽃",-0.451,-16.805,"Slaris",-21.814,-47.225,"아침땅_",-13.73,-64.475,"_이누_",19.967,-53.456,"coder_",5.334,-64.416,"소솨소솨",27.879,-86.071,"ke ro",-1.629,-105.177,"Sabo_10",-34.815,-79.488,0,0,0,0,0,"",0,0,0,0,0,0,0,0,0,0
107,6,1,0,0,0,1,2,1,0,0,7,255,255,55,4969.386,"アリアル",R,0,138,0.003,1.499,0.061,1.651,-36.814,4,0,0,0,0,0,0,1,4,4,R,"DoYaGee",190,107,0.601,0,57,0,0,0,0,0,0,0,0,0,0,0,0,0,0,0,0,0.159,-37.532,"눈꽃",-0.758,-16.69,"Slaris",-21.607,-45.653,"아침땅_",-13.834,-64.497,"_이누_",20.086,-53.221,"coder_",5.266,-63.703,"소솨소솨",27.884,-86.111,"ke ro",-2.442,-103.376,"Sabo_10",-34.346,-76.971,0,0,0,0,0,"",0,0,0,0,0,0,0,0,0,0
108,6,1,0,0,0,2,2,1,0,0,7,255,255,56,4989.081,"アリアル",R,3,126,-2.987,-0.45,0.049,1.393,-36.951,1,0,-447.598,0,2.228,0,0,0,4,4,R,"DoYaGee",190,107,0.601,0,57,0,0,0,0,0,0,0,0,0,0,0,0,0,0,0,0,0.081,-37.508,"눈꽃",-0.733,-17.645,"Slaris",-21.3,-45.343,"아침땅_",-14.76,-63.934,"_이누_",20.901,-52.833,"coder_",2.722,-62.958,"소솨소솨",27.873,-86.11,"ke ro",-2.5,-98.897,"Sabo_10",-34.899,-78.413,0,0,0,0,0,"",0,0,0,0,0,0,0,0,0,0
109,6,1,0,0,1,2,2,0,1,0,255,7,255,57,5007.401,"アリアル",R,3,128,-2.859,0.802,0.221,1.535,-36.901,4,0,-406.634,0,3.333,0,0,1,4,4,R,"DoYaGee",190,107,0.601,0,57,0,0,0,0,0,0,0,0,0,0,0,0,0,0,0,0,0.059,-37.578,"눈꽃",-0.13,-17.414,"Slaris",-21.151,-49.504,"아침땅_",-14.96,-63.943,"_이누_",17.912,-51.921,"coder_",8.826,-64.292,"소솨소솨",27.882,-86.132,"ke ro",-2.287,-102.651,"Sabo_10",-34.093,-76.201,0,0,0,0,0,"",0,0,0,0,0,0,0,0,0,0
110,6,0,0,0,0,0,0,0,0,0,255,255,255,51,5076.092,"siesta_aves",R,3,130,-1.482,0.263,-0.032,1.487,-36.438,2,0,-327.222,0,4.168,0,0,1,3,8,L,"Sabo_10",184.7,94,0.597,3,57,5077.094,178,147,52,216,155,129,26.856,33.875,0.56,0.024,-0.175,0.396,0,0,0,0.026,-37.298,"Dοpi",-0.352,-17.017,"Chunsik03",-21.437,-46.933,"_앰프_",-12.567,-62.976,"DoYaGee",24.277,-49.703,"즉석카레",14.79,-63.175,"Penguin_iDOL",41.267,-85.349,"ByeolBam",-0.458,-105.438,"-라후이-",-38.635,-81.996,5083.662,-64.26,-127.453,0,0,"",0,0,0,0,0,0,0,0,0,4
111,6,0,0,1,0,0,0,0,0,0,255,255,255,52,5122.232,"siesta_aves",R,33,136,3.148,1.105,0.175,1.62,-36.579,4,0,134.027,-24.391,8.208,0.328,-21.316,1,4,2,R,"Slaris",190,90,0.451,0,57,0,0,0,0,0,0,0,0,0,0,0,0,0,0,0,0,0.146,-38.477,"Dοpi",0.048,-16.88,"Chunsik03",-21.408,-47.584,"_앰프_",-14.251,-63.241,"DoYaGee",21.728,-48.805,"즉석카레",13.766,-63.418,"Penguin_iDOL",41.228,-87.323,"ByeolBam",-0.205,-103.966,"-라후이-",-44.001,-89.008,0,0,0,0,0,"",0,0,0,0,0,0,0,0,0,0
112,6,0,0,1,0,1,0,0,0,0,255,255,255,53,5143.035,"siesta_aves",R,3,121,0.028,0.1,0.152,1.461,-36.421,2,0,-419.675,0,6.457,0,0,1,4,2,R,"Slaris",190,90,0.451,3,57,5144.052,173,155,44,208,155,118,9.404,-8.003,0.87,-0.045,-0.023,0.377,0,0,0,0.242,-37.346,"Dοpi",0.092,-16.943,"Chunsik03",-20.594,-46.118,"_앰프_",-14.209,-63.054,"DoYaGee",21.532,-47.428,"즉석카레",13.786,-63.309,"Penguin_iDOL",41.431,-87.352,"ByeolBam",-0.226,-104.055,"-라후이-",-43.999,-89.979,0,0,0,5147.479,7,"ByeolBam",2.363,-99.525,0,0,0,0,0,0,0,1
113,6,0,0,1,0,0,1,0,0,0,255,255,255,54,5175.663,"siesta_aves",R,33,140,2.613,-0.02,0.209,1.473,-36.415,2,0,113.825,110.528,4.691,0,0,1,5,4,R,"_이누_",190.4,90.187,0.5,2,57,5176.537,157,52,2,114,102,67,-2.207,29.177,0.97,-0.069,-0.083,0.117,0,0,0,0.337,-37.429,"Dοpi",0.181,-16.947,"Chunsik03",-20.737,-46.428,"_앰프_",-14.507,-63.832,"DoYaGee",22.007,-48.029,"즉석카레",13.93,-63.632,"Penguin_iDOL",39.722,-88.98,"ByeolBam",0.355,-104.143,"-라후이-",-41.149,-88.687,5177.012,-3.614,-25.552,5179.179,2,"Chunsik03",-16.045,-48.487,0,0,0,0,0,0,0,2
114,6,0,0,1,0,0,2,0,0,0,255,255,255,55,5208.488,"siesta_aves",R,34,124,0.483,0.082,0.02,1.447,-36.463,2,0,69.73,-15.432,7.414,0,0,1,6,7,R,"ke ro",160,98.21,0.47,2,57,5209.506,139,105,26,139,142,80,38.641,23.793,-0.31,-0.066,-0.084,0.329,0,0,0,0.402,-37.329,"Dοpi",0.268,-16.932,"Chunsik03",-21.739,-47.37,"_앰프_",-13.574,-63.217,"DoYaGee",21.801,-48.654,"즉석카레",14.084,-63.465,"Penguin_iDOL",38.132,-88.399,"ByeolBam",-0.125,-102.452,"-라후이-",-41.522,-89.496,5214.195,-24.206,-76.193,5214.629,8,"-라후이-",-24.381,-76.706,1,0,0,0,0,0,0,2
115,6,0,0,1,0,0,2,1,0,0,16,255,255,56,5247.238,"siesta_aves",R,3,127,-4.423,0.063,0.145,1.528,-36.87,1,0,-442.409,0,7.662,0,0,0,7,3,R,"아침땅_",170.3,95,0.5,0,57,0,0,0,0,0,0,0,0,0,0,0,0,0,0,0,0,2.369,-39.738,"Dοpi",-0.601,-17.261,"Chunsik03",-19.24,-41.128,"_앰프_",-13.546,-61.937,"DoYaGee",21.326,-48.815,"즉석카레",9.579,-62.954,"Penguin_iDOL",36.09,-89.727,"ByeolBam",-0.142,-96.963,"-라후이-",-37.508,-82.39,0,0,0,0,0,"",0,0,0,0,0,0,0,0,0,0
116,6,0,0,1,1,0,2,0,1,0,255,16,255,57,5270.12,"siesta_aves",R,36,140,2.636,-0.258,0.213,1.437,-36.546,4,0,104.071,109.218,7.984,0,0,1,7,3,R,"아침땅_",170.3,95,0.5,0,57,0,0,0,0,0,0,0,0,0,0,0,0,0,0,0,0,0.104,-38.6,"Dοpi",0.109,-16.883,"Chunsik03",-19.928,-42.335,"_앰프_",-14.794,-63.473,"DoYaGee",19.007,-43.111,"즉석카레",9.988,-63.488,"Penguin_iDOL",36.068,-89.77,"ByeolBam",-0.276,-104.153,"-라후이-",-41.12,-86.576,0,0,0,0,0,"",0,0,0,0,0,0,0,0,0,0
117,6,0,0,1,1,1,2,0,1,0,255,16,255,58,5286.238,"siesta_aves",R,34,137,0.651,1.519,0.029,1.708,-36.546,1,0,97.433,94.423,6.196,0,0,0,7,3,R,"아침땅_",170.3,95,0.5,0,36,0,0,0,0,0,0,0,0,0,0,0,0,0,0,0,0,0.13,-38.726,"Dοpi",0.203,-16.772,"Chunsik03",-19.877,-44.599,"_앰프_",-14.834,-63.601,"DoYaGee",20.229,-43.949,"즉석카레",7.279,-64.928,"Penguin_iDOL",36.094,-89.751,"ByeolBam",-0.15,-103.926,"-라후이-",-39.971,-85.694,0,0,0,0,0,"",0,0,0,0,0,0,0,0,0,0
118,6,0,0,1,2,1,2,0,1,0,255,16,255,59,5362.793,"siesta_aves",R,4,130,-4.634,-1.52,-0.191,1.485,-36.778,1,0,-153.538,0,4.725,0,0,0,7,3,R,"아침땅_",170.3,95,0.5,0,36,0,0,0,0,0,0,0,0,0,0,0,0,0,0,0,0,-0.115,-38.452,"Dοpi",-0.482,-16.863,"Chunsik03",-21.254,-47.046,"_앰프_",-14.237,-63.321,"DoYaGee",19.596,-45.555,"즉석카레",8.142,-63.098,"Penguin_iDOL",30.916,-95.834,"ByeolBam",-2.15,-105.726,"-라후이-",-37.151,-84.792,0,0,0,0,0,"",0,0,0,0,0,0,0,0,0,0
119,6,0,0,1,3,1,2,0,1,0,255,16,255,60,5378.923,"siesta_aves",R,9,80,2.581,0.683,0.081,1.461,-36.694,1,0,294.824,-217.462,-20.328,0,0,0,7,3,R,"아침땅_",170.3,95,0.5,0,36,0,0,0,0,0,0,0,0,0,0,0,0,0,0,0,0,0,-38.534,"Dοpi",0.911,-18.11,"Chunsik03",-20.625,-44.447,"_앰프_",-13.716,-63.265,"DoYaGee",19.567,-43.153,"즉석카레",10.542,-62.898,"Penguin_iDOL",30.914,-95.928,"ByeolBam",0.141,-105.123,"-라후이-",-39.481,-85.379,0,0,0,0,0,"",0,0,0,64,0,0,0,0,0,5
120,7,1,0,1,0,0,0,0,0,0,255,255,255,58,5692.716,"アリアル",R,0,137,1.145,0.966,0.086,1.54,-36.763,2,0,0,0,0,0,0,1,5,0,R,"siesta_aves",190,107,0.398,2,57,5693.877,132,91,55,111,142,109,41.019,28.275,0.19,0.244,-0.053,0.121,0,0,0,0.168,-37.383,"눈꽃",0.069,-16.944,"Slaris",-21.873,-51.393,"아침땅_",-14.338,-64.349,"_이누_",18.725,-55.407,"coder_",10.005,-66.677,"소솨소솨",26.5,-83.106,"ke ro",-6.047,-106.168,"Sabo_10",-35.559,-87.022,5699.529,-55.009,-89.017,5699.695,8,"Sabo_10",-53.918,-87.805,0,0,0,0,0,0,0,1
121,7,1,0,1,0,0,1,0,0,0,255,255,255,59,5727.255,"アリアル",R,0,140,1.016,0.798,0.155,1.531,-36.859,0,0,0,0,0,0,0,0,6,2,R,"Chunsik03",179.5,103.23,0.392,0,57,0,0,0,0,0,0,0,0,0,0,0,0,0,0,0,0,0.136,-38.013,"눈꽃",-0.391,-16.821,"Slaris",-21.437,-50.363,"아침땅_",-14.292,-64.064,"_이누_",19.666,-54.237,"coder_",9.928,-67.211,"소솨소솨",25.689,-83.566,"ke ro",-1.272,-93.743,"Sabo_10",-36.136,-84.16,0,0,0,0,0,"",0,0,0,0,0,0,0,0,0,0
122,7,1,0,1,0,1,1,0,0,0,255,255,255,60,5741.837,"アリアル",R,0,135,1.168,1.363,0.089,1.609,-36.786,1,0,0,0,0,0,0,0,6,2,R,"Chunsik03",179.5,103.23,0.392,0,57,0,0,0,0,0,0,0,0,0,0,0,0,0,0,0,0,0.073,-37.917,"눈꽃",-0.075,-16.858,"Slaris",-21.683,-50.375,"아침땅_",-13.953,-64.453,"_이누_",21.493,-56.96,"coder_",11.136,-67.108,"소솨소솨",25.666,-83.564,"ke ro",-1.241,-97.705,"Sabo_10",-35.472,-83.696,0,0,0,0,0,"",0,0,0,0,0,0,0,0,0,0
123,7,1,0,1,1,1,1,0,0,0,255,255,255,61,5755.53,"アリアル",R,0,126,0.974,1.173,0.091,1.575,-36.676,2,0,0,0,0,0,0,1,6,2,R,"Chunsik03",179.5,103.23,0.392,2,57,5756.621,28,64,39,64,52,52,108.363,-67.816,-0.1,-0.006,-0.009,0.118,0,0,0,0.056,-37.086,"눈꽃",0.034,-16.923,"Slaris",-21.347,-50.517,"아침땅_",-13.929,-64.465,"_이누_",21.152,-55.021,"coder_",11.394,-65.98,"소솨소솨",25.657,-83.607,"ke ro",-1.228,-98.132,"Sabo_10",-35.702,-84.092,5761.429,-30.386,-6.957,0,0,"",0,0,0,0,0,0,0,0,0,3
124,7,1,0,1,1,2,1,0,0,0,255,255,255,62,5779.832,"アリアル",R,0,133,0.986,1.886,0.008,1.608,-36.778,1,0,0,0,0,0,0,0,6,2,R,"Chunsik03",179.5,103.23,0.392,0,57,0,0,0,0,0,0,0,0,0,0,0,0,0,0,0,0,0.092,-37.877,"눈꽃",-0.653,-16.776,"Slaris",-22.363,-49.812,"아침땅_",-13.905,-64.598,"_이누_",22.365,-55.15,"coder_",10.012,-66.422,"소솨소솨",25.601,-83.239,"ke ro",-3.217,-94.586,"Sabo_10",-39.782,-83.798,0,0,0,0,0,"",0,0,0,0,0,0,0,0,0,0
125,7,1,0,1,2,2,1,0,0,0,255,255,255,63,5792.637,"アリアル",R,0,140,0.985,0.496,0.172,1.486,-36.853,2,0,0,0,0,0,0,1,6,2,R,"Chunsik03",179.5,103.23,0.392,2,57,5793.68,118,51,19,68,112,66,90.484,88.919,-0.49,-0.144,-0.046,0.039,0,0,0,0.115,-37.368,"눈꽃",0.086,-16.961,"Slaris",-22.859,-50.255,"아침땅_",-13.731,-64.648,"_이누_",22.292,-55.143,"coder_",11.605,-68.087,"소솨소솨",25.584,-83.267,"ke ro",-1.886,-98.773,"Sabo_10",-38.822,-83.867,5798.879,27.197,-20.568,0,0,"",0,0,0,0,0,0,0,0,0,3
126,7,1,0,1,2,2,1,0,0,0,255,255,255,64,5817.129,"アリアル",R,0,135,0.671,1.778,0.012,1.625,-36.731,1,0,0,0,0,0,0,0,6,2,R,"Chunsik03",179.5,103.23,0.392,0,57,0,0,0,0,0,0,0,0,0,0,0,0,0,0,0,0,0.088,-37.516,"눈꽃",-0.383,-16.718,"Slaris",-22.916,-48.53,"아침땅_",-13.792,-64.648,"_이누_",21.749,-55.136,"coder_",11.273,-68.296,"소솨소솨",25.078,-83.93,"ke ro",-0.532,-101.866,"Sabo_10",-34.553,-83.3,0,0,0,0,0,"",0,0,0,0,0,0,0,0,0,0
127,7,1,0,1,3,2,1,0,0,0,255,255,255,65,5832.127,"アリアル",R,0,134,0.464,0.726,0.05,1.511,-36.796,2,0,0,0,0,0,0,1,6,2,R,"Chunsik03",179.5,103.23,0.392,2,57,5833.204,99,40,8,66,70,65,-31.077,38.107,-0.17,-0.049,-0.043,0,0,0,0,0.017,-37.277,"눈꽃",0.033,-16.834,"Slaris",-22.634,-50.286,"아침땅_",-14.029,-64.496,"_이누_",20.861,-56.715,"coder_",11.585,-66.053,"소솨소솨",25.94,-84.488,"ke ro",-2.133,-102.304,"Sabo_10",-35.711,-83.366,5833.412,-1.3,-21.354,5836.279,2,"Slaris",-18.141,-42.689,0,0,0,0,0,0,0,2
128,7,1,0,1,0,0,2,0,0,0,255,255,255,66,5858.457,"アリアル",R,0,140,1.108,-0.024,0.178,1.483,-36.78,2,0,0,0,0,0,0,1,7,6,R,"Penguin_iDOL",180.4,90.434,0.395,3,57,5859.529,166,92,38,84,143,86,6.643,-36.159,-0.42,-0.055,-0.119,0.283,0,0,0,0.168,-37.299,"눈꽃",0.087,-16.899,"Slaris",-23.333,-51.043,"아침땅_",-15.305,-63.544,"_이누_",22.098,-53.785,"coder_",11.217,-65.757,"소솨소솨",25.044,-83.599,"ke ro",0.422,-103.61,"Sabo_10",-36.857,-78.228,5861.029,19.97,-44.635,5861.562,4,"_이누_",23.059,-48.586,0,0,0,0,0,0,0,2
129,7,0,0,1,0,0,0,0,0,0,255,255,255,61,5912.034,"siesta_aves",R,32,140,1.502,0.428,0.093,1.504,-36.488,2,0,154.983,-34.51,9.004,0,0,1,8,6,R,"소솨소솨",174.8,95.565,0.5,2,57,5912.814,151,50,5,96,101,64,21.196,-46.021,-0.51,-0.064,-0.096,0.062,0,0,0,0.325,-37.507,"Dοpi",0.157,-16.953,"Chunsik03",-19.985,-46.867,"_앰프_",-13.631,-63.371,"DoYaGee",23.96,-51.116,"즉석카레",13.907,-63.499,"Penguin_iDOL",39.159,-87.219,"ByeolBam",-0.157,-109.216,"-라후이-",-38.001,-85.799,5915.096,22.929,-42.808,5915.512,4,"DoYaGee",22.515,-42.376,0,0,0,0,0,0,0,2
130,7,0,0,1,0,1,0,0,0,0,255,255,255,62,5936.754,"siesta_aves",R,3,128,-4.231,0.291,-0.258,1.489,-36.493,4,0,-397.658,0,5.246,0,0,1,8,6,R,"소솨소솨",174.8,95.565,0.5,0,45,0,0,0,0,0,0,0,0,0,0,0,0,0,0,0,0,-0.056,-38.267,"Dοpi",-0.692,-16.803,"Chunsik03",-20.645,-46.698,"_앰프_",-14.589,-62.919,"DoYaGee",21.032,-45.713,"즉석카레",14.632,-62.302,"Penguin_iDOL",43.504,-87.537,"ByeolBam",-3.694,-109,"-라후이-",-38.504,-79.045,0,0,0,0,0,"",0,0,0,0,0,0,0,0,0,0
131,7,0,0,1,0,2,0,0,0,0,255,255,255,63,5953.457,"siesta_aves",R,33,129,-3.947,-0.842,-0.407,1.461,-36.603,1,0,131.77,-65.543,13.175,0,0,0,8,6,R,"소솨소솨",174.8,95.565,0.5,0,45,0,0,0,0,0,0,0,0,0,0,0,0,0,0,0,0,-0.076,-38.365,"Dοpi",-0.625,-16.71,"Chunsik03",-20.463,-46.377,"_앰프_",-14.889,-62.346,"DoYaGee",21.062,-45.911,"즉석카레",14.394,-62.413,"Penguin_iDOL",43.618,-87.668,"ByeolBam",0.245,-104.438,"-라후이-",-37.028,-78.425,0,0,0,0,0,"",0,0,0,0,0,0,0,0,0,0
132,7,0,0,1,1,2,0,0,0,0,255,255,255,64,5965.286,"siesta_aves",R,3,113,-1.073,0.311,0.112,1.511,-36.573,2,0,-440.838,0,5.282,0,0,1,8,6,R,"소솨소솨",174.8,95.565,0.5,2,45,5966.159,201,174,44,229,155,38,41.697,21.316,-0.28,-0.082,-0.209,0.552,0,0,0,0.134,-37.325,"Dοpi",-0.445,-16.836,"Chunsik03",-21.274,-45.971,"_앰프_",-15.012,-63.947,"DoYaGee",21.231,-46.104,"즉석카레",14.399,-62.384,"Penguin_iDOL",44.286,-88.305,"ByeolBam",-0.915,-105.794,"-라후이-",-36.934,-78.362,0,0,0,5969.279,0,"siesta_aves",-6.797,-37.777,0,0,0,0,0,0,0,1
133,7,0,0,1,0,0,1,0,0,0,255,255,255,65,5995.688,"siesta_aves",R,32,140,-3.568,-1.263,-0.381,1.266,-36.5,1,0,159.929,26.273,7.916,0,0,0,0,5,R,"coder_",164.9,94.897,0.454,0,57,0,0,0,0,0,0,0,0,0,0,0,0,0,0,0,0,-0.139,-38.623,"Dοpi",-0.646,-16.859,"Chunsik03",-21.734,-47.029,"_앰프_",-14.943,-63.292,"DoYaGee",20.269,-46.65,"즉석카레",11.999,-61.498,"Penguin_iDOL",44.71,-86.981,"ByeolBam",-3.076,-102.563,"-라후이-",-38.66,-87.555,0,0,0,0,0,"",0,0,0,0,0,0,0,0,0,0
134,7,0,0,1,1,0,1,0,0,0,255,255,255,66,6082.254,"siesta_aves",R,32,136,-4.047,0.117,-0.428,1.461,-36.59,1,0,160.87,6.935,13.902,0,0,0,0,5,R,"coder_",164.9,94.897,0.454,0,57,0,0,0,0,0,0,0,0,0,0,0,0,0,0,0,0,-0.104,-38.521,"Dοpi",-0.4,-16.715,"Chunsik03",-20.995,-47.397,"_앰프_",-14.947,-62.753,"DoYaGee",19.739,-46.407,"즉석카레",11.675,-62.304,"Penguin_iDOL",38.713,-87.361,"ByeolBam",-0.171,-99.457,"-라후이-",-41.136,-91.473,0,0,0,0,0,"",0,0,0,0,0,0,0,0,0,0
135,7,0,0,1,2,0,1,0,0,0,255,255,255,67,6097.398,"siesta_aves",R,33,137,-0.778,0.974,-0.113,1.578,-36.596,0,0,128.99,-21.374,12.356,0,0,0,0,5,R,"coder_",164.9,94.897,0.454,0,57,0,0,0,0,0,0,0,0,0,0,0,0,0,0,0,0,-0.077,-38.431,"Dοpi",0.155,-16.825,"Chunsik03",-20.885,-47.483,"_앰프_",-15.315,-63.42,"DoYaGee",19.775,-46.36,"즉석카레",12.025,-62.284,"Penguin_iDOL",38.631,-87.468,"ByeolBam",-0.587,-102.788,"-라후이-",-39.299,-87.551,0,0,0,0,0,"",0,0,0,0,0,0,0,0,0,0
136,7,0,0,1,2,1,1,0,0,0,255,255,255,68,6110.626,"siesta_aves",R,36,133,5.089,-2.34,0.411,1.166,-36.66,3,0,99.736,118.602,6.387,0.558,-20.273,0,0,5,R,"coder_",164.9,94.897,0.454,0,57,0,0,0,0,0,0,0,0,0,0,0,0,0,0,0,0,-0.02,-38.687,"Dοpi",0.486,-17.078,"Chunsik03",-21.147,-47.501,"_앰프_",-15.316,-63.42,"DoYaGee",19.113,-46.515,"즉석카레",11.68,-62.745,"Penguin_iDOL",38.773,-87.361,"ByeolBam",-2.304,-102.436,"-라후이-",-38.104,-86.877,0,0,0,0,0,"",0,0,0,0,0,0,0,0,0,6
137,7,0,0,1,0,0,1,1,0,0,14,255,255,69,6165.227,"siesta_aves",R,0,91,1.916,-0.39,0.21,1.215,-36.938,2,0,0,0,-3.227,0,0,1,1,9,L,"encounter v",190,100,0.447,3,57,6166.538,203,124,63,188,155,111,8.011,-19.06,0.9,0.015,-0.168,0.353,0,0,0,-0.011,-38.404,"Dοpi",0.343,-16.932,"Chunsik03",-19.079,-41.686,"_앰프_",-10.524,-63.553,"DoYaGee",21.962,-46.028,"즉석카레",13.757,-62.771,"Penguin_iDOL",43.917,-86.344,"ByeolBam",-0.108,-104.179,"-라후이-",-37.749,-86.121,6168.445,20.785,-65.674,6170.079,6,"Penguin_iDOL",33.271,-86.162,1,0,0,0,0,0,0,2
138,7,0,0,1,0,0,1,1,1,0,255,14,255,70,6235.319,"siesta_aves",R,32,140,2.833,0.072,0.208,1.457,-36.615,2,0,179.771,0.101,9.104,0,0,1,2,1,L,"눈꽃",190,94.886,0.496,3,57,6236.274,209,103,17,125,143,130,114.48,33.861,0.42,0.077,-0.016,0.235,0,0,0,0.24,-37.699,"Dοpi",0.404,-16.888,"Chunsik03",-18.352,-42.08,"_앰프_",-5.322,-61.301,"DoYaGee",21.21,-45.431,"즉석카레",15.132,-62.987,"Penguin_iDOL",43.402,-89.664,"ByeolBam",-0.116,-101.57,"-라후이-",-35.958,-80.595,0,0,0,0,0,"",0,0,0,0,0,0,0,0,0,3
139,7,0,0,1,0,1,1,1,1,0,255,14,255,71,6258.492,"siesta_aves",R,4,112,1.471,-0.548,0.36,1.284,-36.699,0,0,-243.811,0,1.389,0,0,0,2,1,L,"눈꽃",190,94.886,0.496,0,83,0,0,0,0,0,0,0,0,0,0,0,0,0,0,0,0,0.031,-38.935,"Dοpi",0.304,-16.934,"Chunsik03",-19.221,-41.198,"_앰프_",-4.038,-61.071,"DoYaGee",20.909,-44.599,"즉석카레",14.61,-62.025,"Penguin_iDOL",42.652,-88.144,"ByeolBam",-0.05,-102.1,"-라후이-",-35.255,-80.723,0,0,0,0,0,"",0,0,0,0,0,0,0,0,0,0
140,7,0,0,1,0,2,1,1,1,0,255,14,255,72,6274.366,"siesta_aves",R,15,106,4.225,0.86,0.326,1.287,-36.865,1,0,0,-386.68,2.794,0,0,0,2,1,L,"눈꽃",190,94.886,0.496,0,83,0,0,0,0,0,0,0,0,0,0,0,0,0,0,0,0,-0.071,-38.867,"Dοpi",0.618,-16.723,"Chunsik03",-19.474,-40.595,"_앰프_",-4.763,-61.852,"DoYaGee",20.087,-43.345,"즉석카레",15.547,-61.354,"Penguin_iDOL",43.281,-88.251,"ByeolBam",0.027,-103.125,"-라후이-",-36.063,-80.909,0,0,0,0,0,"",0,0,0,0,0,0,0,0,0,0
141,7,0,0,1,1,2,1,1,0,1,9,255,14,73,6302.622,"siesta_aves",R,34,129,-2.619,-0.747,-0.274,1.295,-36.453,2,0,90.719,-10.43,14.764,0,0,1,2,1,L,"눈꽃",190,94.886,0.496,3,83,6303.715,0,0,0,0,0,48,91.649,70.834,-0.47,0,0,0,0,0,0,0.07,-37.842,"Dοpi",-0.352,-16.98,"Chunsik03",-18.994,-41.258,"_앰프_",-9.669,-62.818,"DoYaGee",19.136,-43.109,"즉석카레",16.17,-61.847,"Penguin_iDOL",44.55,-86.101,"ByeolBam",0.537,-102.316,"-라후이-",-34.752,-78.139,0,0,0,6308.512,1,"Dοpi",3.04,-19.274,0,0,0,0,0,0,0,1
142,7,0,0,1,0,0,2,1,0,1,9,255,14,74,6369.897,"siesta_aves",R,11,126,2.896,-2.174,0.228,1.419,-36.646,1,0,0,208.164,-2.606,0.558,-19.234,0,3,8,L,"Sabo_10",184.7,94,0.597,0,57,0,0,0,0,0,0,0,0,0,0,0,0,0,0,0,0,-0.13,-38.453,"Dοpi",0.54,-16.903,"Chunsik03",-19.567,-40.054,"_앰프_",-12.265,-62.959,"DoYaGee",19.062,-40.934,"즉석카레",14.646,-62.975,"Penguin_iDOL",41.921,-87.495,"ByeolBam",1.879,-103.243,"-라후이-",-35.285,-79.926,0,0,0,0,0,"",0,0,0,0,0,0,0,0,0,0
143,7,0,0,1,1,0,2,1,0,1,9,255,14,75,6393.763,"siesta_aves",R,32,132,2.022,-0.449,0.136,1.36,-36.489,1,0,156.513,-2.84,7.894,0,0,0,3,8,L,"Sabo_10",184.7,94,0.597,0,57,0,0,0,0,0,0,0,0,0,0,0,0,0,0,0,0,0.125,-38.588,"Dοpi",1.017,-17.73,"Chunsik03",-19.436,-40.342,"_앰프_",-9.382,-62.272,"DoYaGee",18.823,-41.419,"즉석카레",14.771,-62.579,"Penguin_iDOL",41.727,-87.61,"ByeolBam",0.142,-102.531,"-라후이-",-37.781,-82.877,0,0,0,0,0,"",0,0,0,0,0,0,0,0,0,0
144,7,0,0,1,2,0,2,1,0,1,9,255,14,76,6451.832,"siesta_aves",R,3,128,4.297,0.274,0.542,1.492,-36.569,1,0,-407.212,0,2.552,0,0,0,3,8,L,"Sabo_10",184.7,94,0.597,0,57,0,0,0,0,0,0,0,0,0,0,0,0,0,0,0,0,0.013,-37.942,"Dοpi",0.542,-17.082,"Chunsik03",-19.166,-39.985,"_앰프_",-9.489,-62.92,"DoYaGee",19.2,-41.301,"즉석카레",14.268,-63.138,"Penguin_iDOL",44.742,-88.383,"ByeolBam",0.027,-101.852,"-라후이-",-39.804,-80.819,0,0,0,0,0,"",0,0,0,0,0,0,0,0,0,0
145,7,0,0,1,3,0,2,1,0,1,9,255,14,77,6468.524,"siesta_aves",R,0,101,1.933,1.484,0.187,1.999,-37.274,4,0,0,0,-5.414,0,0,1,3,8,L,"Sabo_10",184.7,94,0.597,0,57,0,0,0,0,0,0,0,0,0,0,0,0,0,0,0,0,-0.176,-37.544,"Dοpi",0.088,-16.883,"Chunsik03",-19.412,-40.199,"_앰프_",-10.584,-63.936,"DoYaGee",19.023,-40.532,"즉석카레",15.77,-62.527,"Penguin_iDOL",44.389,-88.054,"ByeolBam",0.508,-103.312,"-라후이-",-36.916,-79.951,0,0,0,0,0,"",0,0,0,0,0,0,0,0,0,0
146,7,0,0,1,3,1,2,1,0,1,9,255,14,78,6486.754,"siesta_aves",R,10,101,-1.869,-2.597,-0.26,0.996,-36.437,1,0,0,400,11.088,-0.342,-21.144,0,3,8,L,"Sabo_10",184.7,94,0.597,0,57,0,0,0,0,0,0,0,0,0,0,0,0,0,0,0,0,-0.179,-38.537,"Dοpi",-0.047,-16.972,"Chunsik03",-19.448,-40.897,"_앰프_",-11.881,-63.262,"DoYaGee",18.848,-40.735,"즉석카레",15.065,-63.17,"Penguin_iDOL",44.953,-88.486,"ByeolBam",-0.05,-104,"-라후이-",-40.228,-78.838,0,0,0,0,0,"",0,0,0,0,0,0,0,0,0,5
147,7,0,0,1,0,0,2,1,1,1,17,9,14,79,6518.922,"siesta_aves",R,36,134,0.384,0.858,0.003,1.651,-36.435,0,0,101.851,132.472,10.092,0,0,0,4,2,R,"Slaris",190,90,0.451,0,57,0,0,0,0,0,0,0,0,0,0,0,0,0,0,0,0,0.111,-38.265,"Dοpi",0.012,-16.945,"Chunsik03",-19.612,-40.717,"_앰프_",-14.445,-63.271,"DoYaGee",19.412,-42.775,"즉석카레",12.734,-63.571,"Penguin_iDOL",43.72,-88.694,"ByeolBam",-0.103,-105.129,"-라후이-",-38.534,-81.646,0,0,0,0,0,"",0,0,0,0,0,0,0,0,0,0
148,7,0,0,1,0,1,2,1,1,1,17,9,14,80,6532.172,"siesta_aves",R,4,132,-5.664,-0.083,-0.447,1.427,-36.445,1,0,-245.371,0,7.643,0,0,0,4,2,R,"Slaris",190,90,0.451,0,57,0,0,0,0,0,0,0,0,0,0,0,0,0,0,0,0,0.066,-38.028,"Dοpi",-0.559,-16.923,"Chunsik03",-19.348,-40.368,"_앰프_",-14.159,-62.864,"DoYaGee",18.719,-41.515,"즉석카레",11.897,-63.937,"Penguin_iDOL",44.339,-88.305,"ByeolBam",0.386,-104.863,"-라후이-",-41.077,-82.929,0,0,0,0,0,"",0,0,0,0,0,0,0,0,0,0
149,7,0,0,1,1,1,2,1,1,1,17,9,14,81,6552.818,"siesta_aves",R,34,137,0.614,1.984,0.027,1.803,-36.607,4,0,93.283,-87.008,7.544,0,0,1,4,2,R,"Slaris",190,90,0.451,0,57,0,0,0,0,0,0,0,0,0,0,0,0,0,0,0,0,-0.006,-38.28,"Dοpi",-0.074,-16.717,"Chunsik03",-19.49,-40.777,"_앰프_",-13.047,-63.554,"DoYaGee",19.069,-41.146,"즉석카레",14.616,-62.924,"Penguin_iDOL",44.237,-88.346,"ByeolBam",-0.525,-104.891,"-라후이-",-34.591,-79.76,0,0,0,0,0,"",0,0,0,0,0,0,0,0,0,0
150,7,0,0,1,1,2,2,1,1,1,17,9,14,82,6568.158,"siesta_aves",R,3,128,-1.278,-0.641,0.017,1.319,-36.496,0,0,-400,0,4.576,0,0,1,4,2,R,"Slaris",190,90,0.451,0,57,0,0,0,0,0,0,0,0,0,0,0,0,0,0,0,0,-0.029,-38.754,"Dοpi",-0.469,-17.1,"Chunsik03",-19.327,-40.653,"_앰프_",-12.367,-63.946,"DoYaGee",18.664,-42.758,"즉석카레",13.723,-62.201,"Penguin_iDOL",43.378,-88.803,"ByeolBam",0.069,-104.184,"-라후이-",-41.689,-83.908,0,0,0,0,0,"",0,0,0,0,0,0,0,0,0,0
151,8,1,0,1,0,0,0,0,0,0,255,255,255,67,6627.784,"アリアル",R,14,90,0.697,1.575,0.019,1.891,-37.003,4,0,176.795,400,-14.889,0.457,-14.9,1,8,5,R,"즉석카레",169.9,94.808,0.397,0,57,0,0,0,0,0,0,0,0,0,0,0,0,0,0,0,0,0.144,-37.66,"눈꽃",0.068,-16.858,"Slaris",-21.412,-51.805,"아침땅_",-14.34,-64.202,"_이누_",19.737,-52.195,"coder_",13.682,-65.051,"소솨소솨",29.054,-82.646,"ke ro",-4.587,-108.24,"Sabo_10",-37.156,-82.54,0,0,0,0,0,"",0,0,0,0,0,0,0,0,0,0
152,8,1,0,1,0,1,0,0,0,0,255,255,255,68,6644.505,"アリアル",R,0,135,0.391,0.631,0.097,1.529,-36.802,0,0,0,0,0,0,0,1,8,5,R,"즉석카레",169.9,94.808,0.397,0,57,0,0,0,0,0,0,0,0,0,0,0,0,0,0,0,0,0.064,-37.37,"눈꽃",-0.652,-16.747,"Slaris",-21.354,-51.813,"아침땅_",-13.951,-64.403,"_이누_",18.936,-51.942,"coder_",12.39,-65.483,"소솨소솨",27.797,-83.939,"ke ro",-4.869,-107.982,"Sabo_10",-36.887,-82.782,0,0,0,0,0,"",0,0,0,0,0,0,0,0,0,0
153,8,1,0,1,0,2,0,0,0,0,255,255,255,69,6661.142,"アリアル",R,3,127,-2.688,0.609,0.032,1.481,-37.003,4,0,-448.47,0,5.892,0,0,1,8,5,R,"즉석카레",169.9,94.808,0.397,0,57,0,0,0,0,0,0,0,0,0,0,0,0,0,0,0,0,0.141,-37.464,"눈꽃",-0.529,-16.806,"Slaris",-21.623,-51.419,"아침땅_",-14.733,-63.956,"_이누_",17.972,-51.924,"coder_",11.893,-65.812,"소솨소솨",27.824,-83.931,"ke ro",-4.857,-108.044,"Sabo_10",-36.285,-81.235,0,0,0,0,0,"",0,0,0,0,0,0,0,0,0,0
154,8,1,0,1,0,0,1,0,0,0,255,255,255,70,6687.607,"アリアル",R,0,140,1.58,0.473,0.099,1.503,-36.762,1,0,0,0,0,0,0,0,0,3,R,"_앰프_",170.6,89.947,0.4,0,57,0,0,0,0,0,0,0,0,0,0,0,0,0,0,0,0,-0.012,-37.559,"눈꽃",-0.081,-16.955,"Slaris",-21.9,-51.618,"아침땅_",-14.037,-64.487,"_이누_",16.991,-50.142,"coder_",10.883,-65.284,"소솨소솨",27.846,-83.938,"ke ro",-4.758,-100.442,"Sabo_10",-35.215,-81.128,0,0,0,0,0,"",0,0,0,0,0,0,0,0,0,0
155,8,1,0,1,1,0,1,0,0,0,255,255,255,71,6702.8,"アリアル",R,0,129,0.994,1.368,0.042,1.563,-36.712,2,0,0,0,0,0,0,1,0,3,R,"_앰프_",170.6,89.947,0.4,3,57,6703.803,129,70,12,88,132,76,33.455,-24.258,-0.53,-0.045,-0.01,0.357,0,0,0,0.145,-37.272,"눈꽃",0.079,-16.942,"Slaris",-21.853,-51.684,"아침땅_",-14.031,-64.471,"_이누_",16.528,-50.664,"coder_",11.212,-65.938,"소솨소솨",27.422,-84.174,"ke ro",-3.99,-100.413,"Sabo_10",-35.971,-81.603,6708.579,27.962,-72.592,6708.746,5,"coder_",26.802,-70.421,0,0,0,0,0,0,0,1
156,8,1,0,1,0,0,2,0,0,0,255,255,255,72,6734.157,"アリアル",R,10,85,-0.387,0.286,0.042,1.766,-36.939,0,0,0,400,11.711,0,0,1,1,8,R,"-라후이-",179.7,95.263,0.498,0,57,0,0,0,0,0,0,0,0,0,0,0,0,0,0,0,0,0.159,-37.568,"눈꽃",-0.191,-17.281,"Slaris",-22.898,-52.875,"아침땅_",-14.898,-63.832,"_이누_",21.04,-54.489,"coder_",10.662,-66.103,"소솨소솨",27.936,-84.745,"ke ro",-3.366,-104.723,"Sabo_10",-34.799,-79.133,0,0,0,0,0,"",0,0,0,0,0,0,0,0,0,0
157,8,1,0,1,0,1,2,0,0,0,255,255,255,73,6750.097,"アリアル",R,0,128,0.748,1.843,0.059,1.643,-36.791,4,0,0,0,0,0,0,1,1,8,R,"-라후이-",179.7,95.263,0.498,0,57,0,0,0,0,0,0,0,0,0,0,0,0,0,0,0,0,0.134,-37.473,"눈꽃",-0.627,-16.752,"Slaris",-22.738,-53.021,"아침땅_",-14.809,-63.929,"_이누_",21.832,-55.157,"coder_",10.366,-65.634,"소솨소솨",27.944,-84.726,"ke ro",-3.391,-104.716,"Sabo_10",-34.402,-79.544,0,0,0,0,0,"",0,0,0,0,0,0,0,0,0,0
158,8,1,0,1,0,2,2,0,0,0,255,255,255,74,6765.816,"アリアル",R,0,134,-0.328,1.698,-0.018,1.619,-36.847,1,0,0,0,0,0,0,0,1,8,R,"-라후이-",179.7,95.263,0.498,0,76,0,0,0,0,0,0,0,0,0,0,0,0,0,0,0,0,0.131,-37.457,"눈꽃",0.07,-16.843,"Slaris",-22.89,-52.946,"아침땅_",-14.396,-64.142,"_이누_",21.826,-55.121,"coder_",10.582,-67.91,"소솨소솨",27.89,-84.759,"ke ro",-3.266,-104.689,"Sabo_10",-34.651,-79.145,0,0,0,0,0,"",0,0,0,0,0,0,0,0,0,0
159,8,1,0,1,1,2,2,0,0,0,255,255,255,75,6779.76,"アリアル",R,3,117,-3.29,1.444,-0.043,1.539,-36.921,1,0,-478.141,0,8.508,0,0,0,1,8,R,"-라후이-",179.7,95.263,0.498,0,76,0,0,0,0,0,0,0,0,0,0,0,0,0,0,0,0,0.051,-37.623,"눈꽃",-0.463,-16.984,"Slaris",-22.837,-52.921,"아침땅_",-14.977,-63.759,"_이누_",21.79,-55.131,"coder_",10.107,-68.409,"소솨소솨",27.871,-84.799,"ke ro",-3.287,-103.993,"Sabo_10",-35.936,-78.478,0,0,0,0,0,"",0,0,0,0,0,0,0,0,0,0
160,8,1,0,1,2,2,2,0,0,0,255,255,255,76,6791.625,"アリアル",R,0,132,0.588,1.056,0.064,1.541,-36.854,2,0,0,0,0,0,0,1,1,8,R,"-라후이-",179.7,95.263,0.498,2,76,6792.555,167,105,39,165,145,129,50,0.835,0.43,0.027,-0.07,0.13,0,0,0,0.176,-37.389,"눈꽃",0.077,-16.85,"Slaris",-22.726,-52.931,"아침땅_",-13.951,-64.353,"_이누_",21.928,-54.972,"coder_",10.801,-66.079,"소솨소솨",27.93,-84.776,"ke ro",-3.432,-104.015,"Sabo_10",-34.612,-79.409,6800.096,-9.859,-115.38,6800.246,7,"ke ro",-9.717,-114.278,0,0,0,0,0,0,0,1
161,8,0,0,1,0,0,0,0,0,0,255,255,255,0,6961.288,"peperon8655",L,4,86,0.076,-0.717,-0.358,1.661,-36.877,2,0,193.753,0,12.484,0,0,1,5,4,R,"_이누_",190.4,90.187,0.5,2,57,6962.385,140,106,37,138,142,89,-42.754,-30.891,-0.43,-0.074,-0.127,0.395,0,0,0,0.032,-37.603,"Dοpi",-0.306,-16.986,"Chunsik03",-20.142,-44.944,"_앰프_",-14.679,-62.802,"DoYaGee",20.496,-50.633,"즉석카레",13.69,-63.641,"Penguin_iDOL",44.172,-86.377,"ByeolBam",-0.02,-109.484,"-라후이-",-41.286,-87.097,6962.479,0.447,-20.766,6964.596,4,"DoYaGee",16.044,-46.894,0,0,0,0,0,0,0,2
162,8,0,0,1,0,0,1,0,0,0,255,255,255,1,7005.115,"peperon8655",L,0,140,-7.749,0.35,-0.313,1.673,-36.817,2,0,0,0,0,0,0,1,6,7,R,"ke ro",160,98.21,0.47,2,57,7006.147,160,103,9,137,142,119,16.572,21.595,0.39,-0.066,-0.14,0.32,0,0,0,-0.064,-36.968,"Dοpi",-0.387,-16.89,"Chunsik03",-19.525,-45.005,"_앰프_",-14.652,-62.729,"DoYaGee",21.029,-51.44,"즉석카레",13.786,-63.881,"Penguin_iDOL",38.089,-88.868,"ByeolBam",-1.779,-108.098,"-라후이-",-41.613,-88.54,7011.496,-55.791,-121.541,0,0,"",0,0,0,0,0,0,0,0,0,4
163,8,0,0,2,0,0,1,0,0,0,255,255,255,2,7070.924,"peperon8655",L,10,81,0.531,-2.796,-0.075,1.609,-36.833,1,0,53.221,400,6.686,0.098,-20.409,0,7,3,R,"아침땅_",170.3,95,0.5,0,57,0,0,0,0,0,0,0,0,0,0,0,0,0,0,0,0,-0.051,-37.897,"Dοpi",0.227,-16.882,"Chunsik03",-20.757,-46.092,"_앰프_",-14.069,-63.094,"DoYaGee",22.749,-49.964,"즉석카레",14.782,-62.462,"Penguin_iDOL",39.313,-90.595,"ByeolBam",-0.374,-112.427,"-라후이-",-39.495,-82.387,0,0,0,0,0,"",0,0,0,0,0,0,0,0,0,0
164,8,0,0,2,1,0,1,0,0,0,255,255,255,3,7084.386,"peperon8655",L,0,140,0.699,-0.238,-0.138,1.718,-36.664,2,0,0,0,0,0,0,1,7,3,R,"아침땅_",170.3,95,0.5,2,57,7085.267,96,86,0,157,129,63,-30,36.073,0.99,-0.041,-0.018,0.438,0,0,0,0.223,-36.963,"Dοpi",0.216,-16.911,"Chunsik03",-20.022,-45.314,"_앰프_",-14.075,-63.107,"DoYaGee",22.56,-48.021,"즉석카레",15.103,-63.119,"Penguin_iDOL",38.791,-90.935,"ByeolBam",-0.372,-112.409,"-라후이-",-38.665,-81.573,7085.329,-0.672,-20.197,7087.746,2,"Chunsik03",-16.464,-42.894,0,0,0,0,0,0,0,2
165,8,0,0,2,0,0,2,0,0,0,255,255,255,4,7114.333,"peperon8655",L,0,140,-0.111,-0.61,-0.187,1.759,-36.739,0,0,0,0,0,0,0,0,8,6,R,"소솨소솨",174.8,95.565,0.5,0,57,0,0,0,0,0,0,0,0,0,0,0,0,0,0,0,0,0.044,-37.379,"Dοpi",0.056,-16.834,"Chunsik03",-20.107,-45.303,"_앰프_",-13.235,-63.465,"DoYaGee",22.202,-48.635,"즉석카레",12.812,-64.026,"Penguin_iDOL",41.554,-89.492,"ByeolBam",-0.412,-107.157,"-라후이-",-38.52,-82.673,0,0,0,0,0,"",0,0,0,0,0,0,0,0,0,0
166,8,0,0,2,0,1,2,0,0,0,255,255,255,5,7127.266,"peperon8655",L,13,80,2.192,-2.58,-0.08,1.544,-36.731,4,0,176.645,400,21.326,0.335,-20.7,1,8,6,R,"소솨소솨",174.8,95.565,0.5,0,57,0,0,0,0,0,0,0,0,0,0,0,0,0,0,0,0,0.024,-38.049,"Dοpi",0.236,-17.442,"Chunsik03",-20.025,-44.451,"_앰프_",-13.225,-63.473,"DoYaGee",21.21,-46.305,"즉석카레",12.541,-63.187,"Penguin_iDOL",41.68,-89.427,"ByeolBam",-0.438,-107.162,"-라후이-",-37.625,-84.245,0,0,0,0,0,"",0,0,0,0,0,0,0,0,0,0
167,8,0,0,2,0,2,2,0,0,0,255,255,255,6,7146.396,"peperon8655",L,13,81,0.587,-2.323,-0.346,1.631,-36.813,4,0,266.531,344.946,10.731,0.144,-19.918,1,8,6,R,"소솨소솨",174.8,95.565,0.5,0,57,0,0,0,0,0,0,0,0,0,0,0,0,0,0,0,0,0.211,-37.922,"Dοpi",-0.038,-17.415,"Chunsik03",-19.545,-43.635,"_앰프_",-14.039,-63.579,"DoYaGee",21.204,-47.731,"즉석카레",12.894,-64.208,"Penguin_iDOL",41.64,-89.425,"ByeolBam",-0.02,-108.338,"-라후이-",-37.505,-84.728,0,0,0,0,0,"",0,0,0,0,0,0,0,0,0,0
168,9,1,0,2,0,0,0,0,0,0,255,255,255,77,7211.138,"アリアル",R,0,132,0.532,1.096,0.135,1.536,-36.802,2,0,0,0,0,0,0,1,2,1,R,"Dοpi",179.6,90,0.3,3,57,7212.238,95,91,104,88,139,98,103.641,6.711,0.9,-0.014,-0.031,0.016,0,0,0,0.102,-37.355,"눈꽃",0.041,-16.816,"Slaris",-21.27,-51.987,"아침땅_",-13.79,-64.657,"_이누_",20.418,-55.895,"coder_",11.942,-68.193,"소솨소솨",28.683,-85.466,"ke ro",0.286,-103.261,"Sabo_10",-37.875,-86.559,0,0,0,0,0,"",0,0,0,0,0,0,0,0,0,3
169,9,1,0,2,0,1,0,0,0,0,255,255,255,78,7232.66,"アリアル",R,0,140,0.284,1.214,0.09,1.594,-36.891,4,0,0,0,0,0,0,1,2,1,R,"Dοpi",179.6,90,0.3,0,47,0,0,0,0,0,0,0,0,0,0,0,0,0,0,0,0,-0.024,-38.037,"눈꽃",-0.298,-16.762,"Slaris",-22.172,-50.35,"아침땅_",-13.735,-64.751,"_이누_",20.039,-54.451,"coder_",11.928,-67.832,"소솨소솨",27.419,-84.412,"ke ro",-1.04,-99.191,"Sabo_10",-38.332,-83.786,0,0,0,0,0,"",0,0,0,0,0,0,0,0,0,0
170,9,1,0,2,0,2,0,0,0,0,255,255,255,79,7247.829,"アリアル",R,0,140,1.057,0.241,0.204,1.502,-36.866,0,0,0,0,0,0,0,1,2,1,R,"Dοpi",179.6,90,0.3,0,47,0,0,0,0,0,0,0,0,0,0,0,0,0,0,0,0,-0.02,-37.62,"눈꽃",-0.092,-16.905,"Slaris",-22.408,-51.034,"아침땅_",-13.675,-64.763,"_이누_",19.243,-55.222,"coder_",12.105,-66.947,"소솨소솨",26.951,-86.007,"ke ro",-1.767,-103.205,"Sabo_10",-38.013,-85.451,0,0,0,0,0,"",0,0,0,0,0,0,0,0,0,0
171,9,1,0,2,0,0,1,0,0,0,255,255,255,80,7271.267,"アリアル",R,0,138,2.976,-1.055,0.056,1.521,-36.784,2,0,0,0,0,0,0,1,3,7,R,"ByeolBam",174.9,88,0.496,2,57,7272.123,186,119,32,187,150,89,28.083,19.503,-0.31,-0.009,-0.066,0.374,0,0,0,0.073,-37.363,"눈꽃",0.066,-16.941,"Slaris",-22.122,-51.068,"아침땅_",-13.634,-64.619,"_이누_",22.193,-53.82,"coder_",11.425,-67.28,"소솨소솨",30.887,-86.574,"ke ro",0.225,-100.51,"Sabo_10",-30.326,-87.922,7277.012,-31.008,-87.122,7277.162,8,"Sabo_10",-30.03,-85.146,0,0,0,0,0,0,0,1
172,9,1,0,2,0,0,2,0,0,0,255,255,255,81,7296.57,"アリアル",R,0,132,0.857,2.207,0.096,1.66,-36.782,4,0,0,0,0,0,0,1,4,4,R,"DoYaGee",190,107,0.601,0,57,0,0,0,0,0,0,0,0,0,0,0,0,0,0,0,0,0.187,-37.549,"눈꽃",-0.152,-16.792,"Slaris",-21.289,-50.959,"아침땅_",-14.23,-64.225,"_이누_",21.214,-54.844,"coder_",12.618,-65.583,"소솨소솨",26.937,-89.979,"ke ro",-3.382,-102.446,"Sabo_10",-38.539,-86.373,0,0,0,0,0,"",0,0,0,0,0,0,0,0,0,0
173,9,1,0,2,0,1,2,0,0,0,255,255,255,82,7315.26,"アリアル",R,10,92,-0.133,0.908,0.042,1.811,-36.879,0,0,6.344,400,-8.877,0,0,0,4,4,R,"DoYaGee",190,107,0.601,0,57,0,0,0,0,0,0,0,0,0,0,0,0,0,0,0,0,0.095,-37.547,"눈꽃",0.073,-17.13,"Slaris",-21.539,-50.933,"아침땅_",-14.231,-64.382,"_이누_",21.086,-55.623,"coder_",11.958,-66.203,"소솨소솨",26.789,-90.088,"ke ro",-3.999,-104.304,"Sabo_10",-37.774,-86.032,0,0,0,0,0,"",0,0,0,0,0,0,0,0,0,0
174,9,1,0,2,0,2,2,0,0,0,255,255,255,83,7330.229,"アリアル",R,3,126,-2.495,0.253,0.039,1.492,-37.038,4,0,-493.487,0,4.681,0,0,1,4,4,R,"DoYaGee",190,107,0.601,0,57,0,0,0,0,0,0,0,0,0,0,0,0,0,0,0,0,0.053,-37.456,"눈꽃",-0.409,-18.419,"Slaris",-21.592,-50.608,"아침땅_",-15.049,-63.759,"_이누_",21.046,-54.505,"coder_",10.851,-63.402,"소솨소솨",26.817,-90.022,"ke ro",-4.289,-104.416,"Sabo_10",-34.913,-85.412,0,0,0,0,0,"",0,0,0,0,0,0,0,0,0,0
