id,inn,half,scoreA,scoreB,ball,strk,out,b1,b2,b3,b1Idx,b2Idx,b3Idx,pCnt,pSec,pName,pHand,pType,pPow,spdK,zoneX,zoneY,startX,startY,zDist,call,balk,sH,sV,gyro,plx,plz,bSwing,bIdx,bPos,bZone,bName,bHCm,batLen,batCen,batType,bFps,hSec,rotS,rotL,shS,lgS,prepS,batSpd,ev,ldeg,sdeg,hPos,hMoveX,hMoveY,stayCon,buntGrip,handDist,PPosX,PPosY,PThrSpd,CName,CPosX,CPosY,CThrSpd,1BName,1BPosX,1BPosY,1BThrSpd,2BName,2BPosX,2BPosY,2BThrSpd,3BName,3BPosX,3BPosY,3BThrSpd,SSName,SSPosX,SSPosY,SSThrSpd,LFName,LFPosX,LFPosY,LFThrSpd,CFName,CFPosX,CFPosY,CFThrSpd,RFName,RFPosX,RFPosY,RFThrSpd,ltSec,lx,lz,cSec,cPos,cPlr,cx,cz,1BSafe,tag,cpSec,sb2Sec,sb3Sec,sbhSec,ass,result
1,1,1,0,0,0,0,0,0,0,0,255,255,255,0,1126.621,"-Alta-",L,26,84,137,-0.044,0.289,-0.198,1.798,-36.293,0,0,-95.845,-200,-3.394,0,0,0,0,1,R,"ゆっち一",190,87.623,0.42,0,59,0,0,0,0,0,0,0,0,0,0,0,0,0,0,0,0,0.215,-36.873,0,"あおいぬ",-0.051,-16.91,0,"P0TA0",-20.045,-44.681,0,"甲斐野柊太",-12.533,-63.957,0,"Kenomo",18.794,-43.59,0,"shimenawa",14.706,-63.294,0,"horisen",41.029,-106.329,0,"紅さかな",-2.737,-121.385,0,"Pizzallaris",-42.707,-101.014,0,0,0,0,0,0,"",0,0,0,0,0,0,0,0,0,0
2,1,1,0,0,0,1,0,0,0,0,255,255,255,1,1163.452,"-Alta-",L,26,79,130,1.601,-0.836,-0.082,1.631,-36.293,2,0,-113.926,-155.114,-5.001,0,0,0,0,1,R,"ゆっち一",190,87.623,0.42,3,59,1164.595,172,19,117,81,51,150,82,35.346,37.156,-0.84,-0.121,-0.179,0.18,0,0.374,0.456,-36.774,0,"あおいぬ",0.041,-17.03,0,"P0TA0",-20.386,-44.757,90,"甲斐野柊太",-13.404,-64.3,0,"Kenomo",20.333,-44.722,0,"shimenawa",15.276,-63.281,0,"horisen",44.043,-104.71,0,"紅さかな",-1.469,-121.357,0,"Pizzallaris",-41.379,-101.767,96,1169.525,-44.994,-70.799,1171.075,8,"Pizzallaris",-51.662,-78.1,1,0,0,0,0,0,0,2
3,1,1,0,0,0,0,0,1,0,0,1,255,255,2,1196.487,"-Alta-",L,26,80,132,1.986,0.265,-0.139,1.873,-36.421,4,0,-94.595,-160.388,2.338,0,0,1,1,3,R,"mochi_2929",169.8,95.061,0.452,0,56,0,0,0,0,0,0,0,0,0,0,0,0,0,0,0,0,0.047,-36.526,0,"あおいぬ",0.255,-17.204,120,"P0TA0",-18.324,-39.478,0,"甲斐野柊太",-8.077,-57.128,0,"Kenomo",18.35,-44.198,0,"shimenawa",8.089,-63.065,0,"horisen",41.669,-104.516,0,"紅さかな",-1.473,-118.886,0,"Pizzallaris",-44.101,-100.1,0,0,0,0,0,0,"",0,0,0,0,0,0,0,0,0,0
4,1,1,0,0,0,1,0,1,0,0,1,255,255,3,1212.775,"-Alta-",L,33,72,125,0.118,0.778,-0.371,1.875,-36.571,0,1,-130.243,-85.476,-5.545,0,0,1,1,3,R,"mochi_2929",169.8,95.061,0.452,0,55,0,0,0,0,0,0,0,0,0,0,0,0,0,0,0,0,0.131,-36.569,120,"あおいぬ",-0.072,-17.028,0,"P0TA0",-18.352,-39.445,0,"甲斐野柊太",-10.471,-58.377,0,"Kenomo",18.557,-45.606,0,"shimenawa",8.933,-62.68,70,"horisen",41.682,-104.497,0,"紅さかな",0.085,-120.514,0,"Pizzallaris",-44.169,-100.091,0,0,0,0,0,0,"",0,0,0,1,0,0,0,0,0,0
5,1,1,0,0,0,2,0,0,1,0,255,1,255,4,1320.95,"-Alta-",L,27,80,131,-0.468,-0.199,-0.249,1.682,-36.521,0,0,-53.237,-138.516,-3.152,0,0,0,1,3,R,"mochi_2929",169.8,95.061,0.452,0,55,0,0,0,0,0,0,0,0,0,0,0,0,0,0,0,0,-0.344,-37.326,0,"あおいぬ",-0.064,-16.928,0,"P0TA0",-20.25,-44.612,0,"甲斐野柊太",-10.323,-62.232,0,"Kenomo",17.218,-44.983,0,"shimenawa",7.203,-60.835,0,"horisen",42.569,-106.994,0,"紅さかな",0.091,-121.695,0,"Pizzallaris",-41.845,-99.157,0,0,0,0,0,0,"",0,0,0,0,0,0,0,0,0,0
6,1,1,0,0,0,0,1,0,1,0,255,1,255,5,1360.588,"-Alta-",L,26,83,136,1.381,-0.733,-0.027,1.52,-36.216,2,0,-85.511,-192.115,0.142,0,0,1,2,5,R,"sano jpn",169.9,94.644,0.384,3,59,1361.685,128,12,126,127,80,142,103,33.928,31.72,0.06,-0.044,-0.015,0.106,0.19,0.369,0.493,-36.593,0,"あおいぬ",0.039,-17.025,0,"P0TA0",-19.739,-45.084,0,"甲斐野柊太",-12.84,-60.769,81,"Kenomo",18.273,-44.262,0,"shimenawa",11.928,-62.284,0,"horisen",43.063,-107.095,0,"紅さかな",-0.66,-122.007,0,"Pizzallaris",-42.082,-100.326,101,1366.009,-31.409,-93.369,1366.225,8,"Pizzallaris",-31.201,-92.665,0,0,0,0,0,0,0,1
7,1,1,0,0,0,0,2,0,1,0,255,1,255,6,1392.016,"-Alta-",L,27,77,128,-0.962,0.606,-0.254,1.774,-36.366,0,0,-67.539,-147.679,2.639,0,0,0,3,4,R,"にゃんこ3K",190,89.64,0.546,0,59,0,0,0,0,0,0,0,0,0,0,0,0,0,0,0,0,-0.018,-37.325,0,"あおいぬ",-0.113,-16.907,0,"P0TA0",-20.534,-45.181,0,"甲斐野柊太",-14.419,-64.148,0,"Kenomo",18.493,-43.66,0,"shimenawa",5.367,-61.93,0,"horisen",43.187,-105.33,0,"紅さかな",-0.79,-120.814,0,"Pizzallaris",-42.328,-97.776,0,0,0,0,0,0,"",0,0,0,0,0,0,0,0,0,0
8,1,1,0,0,0,1,2,0,1,0,255,1,255,7,1411.192,"-Alta-",L,34,76,128,-0.879,-0.214,-0.42,1.653,-36.354,2,0,-96.652,-32.084,-1.686,0,0,1,3,4,R,"にゃんこ3K",190,89.64,0.546,3,59,1412.387,184,16,76,102,67,150,94,-15.668,32.502,-0.56,-0.035,-0.135,0.057,0,0.258,0.183,-36.969,0,"あおいぬ",-0.016,-17.015,0,"P0TA0",-20.364,-44.956,0,"甲斐野柊太",-14.373,-64.206,0,"Kenomo",18.022,-43.975,0,"shimenawa",8.553,-62.036,0,"horisen",42.145,-107.548,0,"紅さかな",0.732,-119.613,0,"Pizzallaris",-42.463,-99.212,0,1412.542,-1.841,-21.921,1414.392,2,"P0TA0",-18.744,-44.793,0,0,0,0,0,0,0,2
9,1,0,0,0,0,0,0,0,0,0,255,255,255,0,1598.991,"Espressο",R,13,95,118,0.459,-0.322,0.466,1.734,-36.792,0,0,-383.175,321.212,-18.065,0,0,0,0,7,R,"紅さかな",172.5,87.576,0.452,0,59,0,0,0,0,0,0,0,0,0,0,0,0,0,0,0,0,0.282,-37.556,0,"ゆっち一",-0.163,-16.596,0,"檸檬の残骸",-20.131,-44.804,0,"mochi_2929",-11.248,-61.397,0,"にゃんこ3K",21.057,-51.968,0,"sano jpn",9.423,-65.45,0,"ぐだもん",31.036,-90.287,0,"alcohol500",0.112,-109.707,0,"あくせる",-43.052,-87.628,0,0,0,0,0,0,"",0,0,0,0,0,0,0,0,0,0
10,1,0,0,0,0,1,0,0,0,0,255,255,255,1,1614.203,"Espressο",R,13,102,126,-3.428,-0.796,-0.003,1.621,-36.783,2,0,-374.689,331.072,-8.771,0,0,1,0,7,R,"紅さかな",172.5,87.576,0.452,3,59,1615.36,210,19,163,255,27,150,103,-30,42.201,0.92,-0.009,-0.017,0.167,0,0.344,-0.38,-37.404,0,"ゆっち一",-0.179,-16.687,0,"檸檬の残骸",-20.081,-44.775,86,"mochi_2929",-12.493,-62.739,0,"にゃんこ3K",21.008,-51.924,0,"sano jpn",9.552,-65.323,0,"ぐだもん",31.021,-90.338,0,"alcohol500",-0.257,-109.718,0,"あくせる",-42.959,-87.62,0,1615.509,-1.601,-21.571,1616.925,2,"檸檬の残骸",-19.005,-40.773,0,0,0,0,0,0,0,2
11,1,0,0,0,0,0,1,0,0,0,255,255,255,2,1639.334,"Espressο",R,10,84,111,-0.282,0.674,0.151,2.012,-36.841,2,0,0,400,1.308,0,0,1,1,5,L,"shimenawa",175.3,95.407,0.2,3,59,1640.589,147,17,171,122,38,150,112,0.32,-32.667,0.06,-0.037,-0.015,0,0.048,0.308,-0.223,-37.066,0,"ゆっち一",-0.136,-16.781,0,"檸檬の残骸",-20.191,-45.124,85,"mochi_2929",-12.048,-63.247,0,"にゃんこ3K",21.455,-50.069,118,"sano jpn",11.299,-64.541,0,"ぐだもん",37.816,-84.868,0,"alcohol500",2.368,-111.988,0,"あくせる",-36.608,-89.823,0,1641.509,13.336,-41.258,1642.142,4,"にゃんこ3K",16.779,-46.851,0,2,0,0,0,0,0,2
12,1,0,0,0,0,0,2,0,0,0,255,255,255,3,1665.114,"Espressο",R,13,111,126,-1.477,-0.045,0.18,1.746,-36.78,1,0,-370.921,335.287,-6.003,0,0,0,2,0,L,"-Alta-",190.4,84,0.479,0,59,0,0,0,0,0,0,0,0,0,0,0,0,0,0,0,0,-0.045,-37.48,0,"ゆっち一",-0.151,-16.655,120,"檸檬の残骸",-20.896,-45.954,0,"mochi_2929",-7.805,-62.441,0,"にゃんこ3K",23.755,-50.171,0,"sano jpn",12.467,-64.717,0,"ぐだもん",40.913,-90.265,0,"alcohol500",2.351,-111.047,0,"あくせる",-34.858,-94.478,0,0,0,0,0,0,"",0,0,0,0,0,0,0,0,0,0
13,1,0,0,0,1,0,2,0,0,0,255,255,255,4,1677.925,"Espressο",R,10,72,103,1.57,0.196,0.291,1.916,-37.038,2,0,12.338,400,-17.993,0,0,1,2,0,L,"-Alta-",190.4,84,0.479,3,59,1678.974,140,18,80,63,47,144,130,-15.319,-25.439,0.68,0.067,-0.065,0.149,0,0.509,-0.338,-37.203,0,"ゆっち一",0.224,-16.782,0,"檸檬の残骸",-20.547,-45.912,0,"mochi_2929",-9.632,-63.093,0,"にゃんこ3K",23.768,-50.172,86,"sano jpn",12.626,-64.49,0,"ぐだもん",41.026,-90.066,0,"alcohol500",1.776,-111.302,96,"あくせる",-34.936,-94.474,0,1679.209,1.927,-23.393,1685.909,7,"alcohol500",34.309,-119.411,1,0,0,0,0,0,0,2
14,1,0,0,0,0,0,2,0,1,0,255,9,255,5,1716.634,"Espressο",R,28,95,131,0.465,-0.009,0.23,1.587,-36.658,0,0,59.771,-99.238,-10.025,0,0,0,3,1,R,"あおいぬ",190,84.682,0.43,0,59,0,0,0,0,0,0,0,0,0,0,0,0,0,0,0,0,-0.069,-37.257,0,"ゆっち一",-0.083,-16.461,0,"檸檬の残骸",-22.288,-47.751,0,"mochi_2929",-12.014,-62.55,0,"にゃんこ3K",20.498,-48.009,0,"sano jpn",4.292,-60.097,0,"ぐだもん",31.244,-104.155,0,"alcohol500",-8.746,-116.093,0,"あくせる",-44.844,-92.953,0,0,0,0,0,0,"",0,0,0,0,0,0,0,0,0,0
15,1,0,0,0,0,1,2,0,1,0,255,9,255,6,1733.062,"Espressο",R,13,104,126,-2.47,-0.493,0.088,1.656,-36.721,2,0,-376.077,329.494,-17.747,0,0,1,3,1,R,"あおいぬ",190,84.682,0.43,3,59,1734.221,205,13,60,90,70,141,117,-30,37.87,0.83,-0.076,-0.038,0.058,0,0.74,-0.285,-37.167,0,"ゆっち一",-0.066,-16.502,0,"檸檬の残骸",-22.371,-48.018,0,"mochi_2929",-11.717,-62.786,0,"にゃんこ3K",20.099,-51.117,0,"sano jpn",9.024,-61.271,0,"ぐだもん",30.95,-103.755,0,"alcohol500",-9.937,-114.696,0,"あくせる",-45.298,-92.767,0,1734.309,-1.386,-20.277,1735.759,2,"檸檬の残骸",-19.698,-44.074,0,0,0,0,0,0,0,2
16,2,1,0,0,0,0,0,0,0,0,255,255,255,8,1787.905,"-Alta-",L,26,84,137,-0.264,0.011,-0.207,1.732,-36.422,0,0,-80.394,-180.654,-7.159,0,0,0,4,0,R,"559：広告",190,89.713,0.324,0,59,0,0,0,0,0,0,0,0,0,0,0,0,0,0,0,0,0.47,-37.179,0,"あおいぬ",-0.073,-16.881,0,"P0TA0",-20.806,-45.567,0,"甲斐野柊太",-15.311,-63.156,0,"Kenomo",17.863,-43.189,0,"shimenawa",13.64,-63.749,0,"horisen",41.866,-102.716,0,"紅さかな",0.004,-123.282,0,"Pizzallaris",-41.582,-102.976,0,0,0,0,0,0,"",0,0,0,0,0,0,0,0,0,0
17,2,1,0,0,0,1,0,0,0,0,255,255,255,9,1802.528,"-Alta-",L,26,85,139,3.645,2.344,-0.055,1.506,-36.233,2,0,39.968,-200,-4.236,0,0,1,4,0,R,"559：広告",190,89.713,0.324,3,59,1803.631,221,5,67,68,46,145,89,-11.148,7.605,-0.9,-0.044,-0.103,0.17,0,0.317,0.29,-36.362,0,"あおいぬ",0.015,-16.991,0,"P0TA0",-21.039,-45.678,91,"甲斐野柊太",-15.2,-63.469,99,"Kenomo",17.901,-43.122,0,"shimenawa",14.562,-63.716,0,"horisen",41.974,-102.322,0,"紅さかな",-1.015,-122.847,0,"Pizzallaris",-42.699,-99.955,0,1803.825,-0.243,-22.94,1806.392,3,"甲斐野柊太",-6.256,-64.307,0,16,0,0,0,0,0,2
18,2,1,0,0,0,0,1,0,0,0,255,255,255,10,1830.845,"-Alta-",L,3,60,107,-1.241,0.619,-0.499,1.677,-36.767,0,0,423.587,0,-8.734,0,0,0,5,7,L,"alcohol500",166.4,91.556,0.2,0,59,0,0,0,0,0,0,0,0,0,0,0,0,0,0,0,0,0.189,-36.547,0,"あおいぬ",-0.026,-16.86,0,"P0TA0",-19.903,-44.829,0,"甲斐野柊太",-12.246,-65.487,0,"Kenomo",20.36,-43.949,0,"shimenawa",14.313,-63.498,0,"horisen",43.387,-98.752,0,"紅さかな",2.391,-120.111,0,"Pizzallaris",-41.811,-99.666,0,0,0,0,0,0,"",0,0,0,0,0,0,0,0,0,0
19,2,1,0,0,0,1,1,0,0,0,255,255,255,11,1848.758,"-Alta-",L,27,76,128,0.332,-0.46,-0.061,1.725,-36.342,0,0,-64.101,-138.847,-10.073,0,0,1,5,7,L,"alcohol500",166.4,91.556,0.2,0,59,0,0,0,0,0,0,0,0,0,0,0,0,0,0,0,0,0.191,-36.564,0,"あおいぬ",0.043,-16.962,0,"P0TA0",-20.411,-45.174,0,"甲斐野柊太",-13.313,-64.364,0,"Kenomo",20.335,-43.924,0,"shimenawa",13.896,-63.387,0,"horisen",43.324,-98.695,0,"紅さかな",2.386,-120.134,0,"Pizzallaris",-42.091,-100.257,0,0,0,0,0,0,"",0,0,0,0,0,0,0,0,0,0
20,2,1,0,0,0,2,1,0,0,0,255,255,255,12,1865.865,"-Alta-",L,26,90,140,0.223,-0.578,-0.037,1.642,-36.173,0,0,-92.486,-200,-10.878,0,0,1,5,7,L,"alcohol500",166.4,91.556,0.2,0,59,0,0,0,0,0,0,0,0,0,0,0,0,0,0,0,0,0.08,-36.462,0,"あおいぬ",0.03,-16.991,0,"P0TA0",-20.453,-44.721,0,"甲斐野柊太",-11.654,-64.889,0,"Kenomo",19.89,-44.43,0,"shimenawa",11.152,-63.165,0,"horisen",43.32,-98.686,0,"紅さかな",2.394,-120.116,0,"Pizzallaris",-42.062,-100.237,0,0,0,0,0,0,"",0,0,0,0,0,0,0,0,0,0
21,2,1,0,0,0,0,2,0,0,0,255,255,255,13,1916.546,"-Alta-",L,26,78,129,-1.393,-0.35,-0.262,1.677,-36.293,2,0,-76.102,-200,-12.632,0,0,1,6,2,R,"檸檬の残骸",190,80,0.414,3,59,1917.72,191,15,94,111,39,150,87,25.745,22.181,0.95,0.021,-0.051,0.192,0.095,0.47,0.312,-36.738,0,"あおいぬ",-0.068,-17.041,0,"P0TA0",-20.355,-44.816,0,"甲斐野柊太",-15.877,-62.795,0,"Kenomo",18.894,-44.16,0,"shimenawa",15.308,-63.253,0,"horisen",41.876,-102.65,0,"紅さかな",0.556,-122.403,0,"Pizzallaris",-41.963,-95.474,87,1922.209,-36.001,-79.971,1922.426,8,"Pizzallaris",-35.001,-78.425,0,0,0,0,0,0,0,1
22,2,0,0,0,0,0,0,0,0,0,255,255,255,7,1967.255,"Espressο",R,26,99,140,1.224,0.604,0.268,1.703,-36.725,2,0,141.216,-200,-6.155,0,0,1,4,4,R,"Kenomo",190,80,0.469,3,59,1968.338,255,8,117,80,26,150,99,30.71,-25.327,-0.4,0.027,-0.016,0.138,0,0.246,-0.228,-37.228,0,"ゆっち一",-0.028,-16.735,0,"檸檬の残骸",-21.207,-46.825,0,"mochi_2929",-12.982,-62.665,0,"にゃんこ3K",21.33,-52.611,0,"sano jpn",10.52,-65.318,0,"ぐだもん",34.158,-100.232,86,"alcohol500",-4.706,-111.451,0,"あくせる",-46.192,-89.264,0,1972.659,38.7,-87.905,1972.909,6,"ぐだもん",37.473,-86.001,0,0,0,0,0,0,0,1
23,2,0,0,0,0,0,1,0,0,0,255,255,255,8,1995.028,"Espressο",R,0,0,0,0,0,0,0,0,0,0,0,0,0,0,0,0,5,3,R,"甲斐野柊太",175.2,80,0.2,0,59,0,0,0,0,0,0,0,0,0,0,0,0,0,0,0,0,0,0,0,"",0,0,0,"",0,0,0,"",0,0,0,"",0,0,0,"",0,0,0,"",0,0,0,"",0,0,0,"",0,0,0,0,0,0,0,0,"",0,0,0,0,0,0,0,0,0,0
24,2,0,0,0,1,0,1,0,0,0,255,255,255,9,2018.977,"Espressο",R,13,95,126,-0.765,-0.193,0.244,1.719,-36.774,2,0,-370.075,336.221,-6.937,0,0,1,5,3,R,"甲斐野柊太",175.2,80,0.2,3,59,2020.118,253,13,83,180,74,150,74,-24.448,4.55,0.97,0.035,0.019,0.052,0.048,0.168,-0.612,-34.735,0,"ゆっち一",-0.038,-16.671,0,"檸檬の残骸",-20.911,-46.452,0,"mochi_2929",-10.16,-60.188,103,"にゃんこ3K",20.78,-46.846,0,"sano jpn",9.326,-65.665,0,"ぐだもん",36.993,-92.038,0,"alcohol500",0.678,-116.877,0,"あくせる",-45.124,-85.952,0,2020.275,-0.318,-20.916,2022.976,3,"mochi_2929",-2.43,-57.058,0,0,0,0,0,0,0,2
25,2,0,0,0,0,0,2,0,0,0,255,255,255,11,2052.167,"Espressο",R,13,110,126,0.08,-0.568,0.276,1.6,-36.669,0,0,-371.184,334.996,-42.833,0,0,0,6,2,R,"P0TA0",190,97,0.646,0,59,0,0,0,0,0,0,0,0,0,0,0,0,0,0,0,0,0.102,-37.428,0,"ゆっち一",-0.116,-16.627,0,"檸檬の残骸",-21.708,-46.778,0,"mochi_2929",-11.235,-62.316,0,"にゃんこ3K",21.966,-50.783,0,"sano jpn",10.5,-63.166,0,"ぐだもん",38.142,-91.176,0,"alcohol500",0.728,-114.736,0,"あくせる",-44.424,-88.926,0,0,0,0,0,0,"",0,0,0,0,0,0,0,0,0,0
26,2,0,0,0,0,1,2,0,0,0,255,255,255,12,2065.975,"Espressο",R,13,108,126,-3.347,-0.548,0.005,1.65,-36.858,4,0,-366.559,340.05,-30.364,-0.787,-17.214,1,6,2,R,"P0TA0",190,97,0.646,0,59,0,0,0,0,0,0,0,0,0,0,0,0,0,0,0,0,0.084,-37.581,0,"ゆっち一",-0.671,-17.159,0,"檸檬の残骸",-21.658,-46.7,0,"mochi_2929",-11.649,-62.833,0,"にゃんこ3K",22.251,-51.349,0,"sano jpn",5.843,-66.022,0,"ぐだもん",38.147,-91.228,0,"alcohol500",0.683,-116.24,0,"あくせる",-44.41,-88.977,0,0,0,0,0,0,"",0,0,0,0,0,0,0,0,0,0
27,2,0,0,0,0,2,2,0,0,0,255,255,255,13,2084.687,"Espressο",R,13,110,126,-3.58,-0.869,-0.013,1.598,-36.767,2,0,-347.271,359.727,-5.951,0,0,1,6,2,R,"P0TA0",190,97,0.646,3,59,2085.638,194,30,122,96,53,150,114,27.566,-41.96,0.13,-0.057,-0.098,0.144,0,0.27,-0.295,-37.216,0,"ゆっち一",-0.337,-16.772,0,"檸檬の残骸",-21.6,-46.652,0,"mochi_2929",-11.511,-63.154,0,"にゃんこ3K",20.918,-52.504,0,"sano jpn",10.551,-64.726,0,"ぐだもん",37.864,-91.557,0,"alcohol500",-0.538,-116.092,0,"あくせる",-44.455,-89.128,0,0,0,0,2090.009,6,"ぐだもん",45.806,-95.155,0,0,0,0,0,0,0,1
28,3,1,0,0,0,0,0,0,0,0,255,255,255,14,2140.571,"-Alta-",L,26,88,140,1.324,-0.028,0.037,1.752,-36.231,0,0,-70.186,-200,-13.46,0,0,0,7,8,R,"あくせる",175.2,86.41,0.669,0,59,0,0,0,0,0,0,0,0,0,0,0,0,0,0,0,0,0.732,-37.489,0,"あおいぬ",0.011,-16.889,0,"P0TA0",-20.836,-44.883,0,"甲斐野柊太",-10.899,-65.457,0,"Kenomo",18.742,-45.17,0,"shimenawa",13.756,-63.918,0,"horisen",42.227,-99.944,0,"紅さかな",0.131,-122.229,0,"Pizzallaris",-40.946,-94.014,0,0,0,0,0,0,"",0,0,0,0,0,0,0,0,0,0
29,3,1,0,0,0,1,0,0,0,0,255,255,255,15,2158.859,"-Alta-",L,26,83,136,-1.076,-1.09,-0.183,1.541,-36.197,1,0,-62.935,-200,-8.064,0,0,0,7,8,R,"あくせる",175.2,86.41,0.669,0,59,0,0,0,0,0,0,0,0,0,0,0,0,0,0,0,0,0.12,-36.905,0,"あおいぬ",-0.097,-16.953,0,"P0TA0",-20.69,-45.012,0,"甲斐野柊太",-10.817,-65.039,0,"Kenomo",18.238,-45.506,0,"shimenawa",12.789,-64.403,0,"horisen",42.222,-99.913,0,"紅さかな",0.171,-122.139,0,"Pizzallaris",-42.254,-97.754,0,0,0,0,0,0,"",0,0,0,0,0,0,0,0,0,0
30,3,1,0,0,1,1,0,0,0,0,255,255,255,16,2176.281,"-Alta-",L,3,82,124,3.08,-0.492,-0.361,1.805,-36.404,4,0,361.312,0,-7.556,0.08,-20.12,1,7,8,R,"あくせる",175.2,86.41,0.669,0,59,0,0,0,0,0,0,0,0,0,0,0,0,0,0,0,0,0.122,-36.688,0,"あおいぬ",-0.024,-17.58,0,"P0TA0",-20.613,-45.064,0,"甲斐野柊太",-15.75,-63.014,0,"Kenomo",19.315,-45.666,0,"shimenawa",12.624,-64.246,0,"horisen",43.781,-99.134,0,"紅さかな",0.512,-122.306,0,"Pizzallaris",-42.255,-97.74,0,0,0,0,0,0,"",0,0,0,0,0,0,0,0,0,0
31,3,1,0,0,1,2,0,0,0,0,255,255,255,17,2195.601,"-Alta-",L,26,83,136,0.908,-0.31,0.009,1.68,-36.22,0,0,-29.513,-178.042,-11.01,0,0,1,7,8,R,"あくせる",175.2,86.41,0.669,0,59,0,0,0,0,0,0,0,0,0,0,0,0,0,0,0,0,0.188,-36.333,0,"あおいぬ",-0.027,-16.851,0,"P0TA0",-20.89,-44.434,0,"甲斐野柊太",-15.745,-63.495,0,"Kenomo",19.924,-45.714,0,"shimenawa",12.146,-64.265,0,"horisen",42.059,-99.966,0,"紅さかな",0.741,-122.803,0,"Pizzallaris",-42.236,-97.736,0,0,0,0,0,0,"",0,0,0,0,0,0,0,0,0,0
32,3,1,0,0,0,0,1,0,0,0,255,255,255,18,2215.344,"-Alta-",L,26,88,140,-0.394,1.297,-0.069,1.693,-36.151,2,0,-45.963,-200,-2.566,0,0,1,8,6,R,"ぐだもん",174.9,92.695,0.328,3,59,2216.303,177,10,69,64,23,144,129,94.777,-82.427,0.53,0.008,0.112,0.179,0,0.196,0.075,-36.376,0,"あおいぬ",0.02,-16.954,0,"P0TA0",-20.377,-44.966,0,"甲斐野柊太",-17.654,-61.675,0,"Kenomo",18.014,-44.17,0,"shimenawa",13.889,-64.005,0,"horisen",41.452,-100.608,0,"紅さかな",0.411,-122.983,0,"Pizzallaris",-42.287,-97.81,0,0,0,0,0,0,"",0,0,0,0,0,0,0,0,0,3
33,3,1,0,0,0,1,1,0,0,0,255,255,255,19,2232.572,"-Alta-",L,3,64,96,1.306,-0.443,-0.374,1.586,-36.534,0,0,385.561,0,-8.01,0,0,1,8,6,R,"ぐだもん",174.9,92.695,0.328,0,32,0,0,0,0,0,0,0,0,0,0,0,0,0,0,0,0,0.461,-37.337,0,"あおいぬ",0.025,-16.853,0,"P0TA0",-20.411,-45.007,0,"甲斐野柊太",-14.265,-64.522,0,"Kenomo",17.852,-44.745,0,"shimenawa",12.428,-63.657,0,"horisen",42.096,-100.361,0,"紅さかな",0.383,-120.814,0,"Pizzallaris",-44.141,-97.506,0,0,0,0,0,0,"",0,0,0,0,0,0,0,0,0,0
34,3,1,0,0,0,2,1,0,0,0,255,255,255,20,2249.354,"-Alta-",L,0,72,112,-0.811,-1.4,-0.288,1.339,-36.28,2,0,0,0,-1.289,0,0,1,8,6,R,"ぐだもん",174.9,92.695,0.328,3,32,2250.242,195,19,73,80,80,150,127,33.455,27.64,0.4,0.007,0.026,0.138,0,0.172,0.246,-36.663,0,"あおいぬ",-0.006,-16.983,0,"P0TA0",-20.507,-44.983,0,"甲斐野柊太",-11.129,-65.229,0,"Kenomo",17.833,-44.66,0,"shimenawa",13.397,-63.61,0,"horisen",42.1,-100.378,0,"紅さかな",0.111,-120.774,0,"Pizzallaris",-43.993,-98.388,0,2256.125,-59.44,-120.004,0,0,"",0,0,0,0,0,0,0,0,0,4
35,3,1,1,0,0,0,1,0,0,0,255,255,255,21,2291.889,"-Alta-",L,26,78,129,-1.55,-0.82,-0.234,1.635,-36.224,2,0,-83.214,-167.294,-5.997,0,0,1,0,1,R,"ゆっち一",190,87.623,0.42,3,59,2292.986,122,22,117,94,55,141,122,7.268,4.144,0.58,-0.065,-0.19,0.187,0,0.337,0.218,-36.471,0,"あおいぬ",-0.032,-16.956,0,"P0TA0",-20.24,-44.678,0,"甲斐野柊太",-14.463,-64.208,0,"Kenomo",17.84,-42.754,0,"shimenawa",14.27,-63.759,76,"horisen",42.382,-106.691,0,"紅さかな",-0.176,-121.004,98,"Pizzallaris",-40.794,-91.692,0,2295.125,-8.22,-80.404,2297.242,7,"紅さかな",-13.438,-114.079,1,0,0,0,0,0,0,2
36,3,1,1,0,0,0,1,1,0,0,1,255,255,22,2410.761,"-Alta-",L,4,58,97,0.922,0.437,-0.326,1.875,-36.653,0,0,153.49,0,-3.502,0,0,0,1,3,R,"mochi_2929",169.8,95.061,0.452,0,59,0,0,0,0,0,0,0,0,0,0,0,0,0,0,0,0,0.207,-37.06,0,"あおいぬ",-0.014,-16.901,0,"P0TA0",-18.197,-39.692,0,"甲斐野柊太",-11.075,-56.476,0,"Kenomo",17.071,-45.145,0,"shimenawa",7.479,-63.235,0,"horisen",42.239,-102.772,0,"紅さかな",-0.078,-121.547,0,"Pizzallaris",-42.664,-97.951,0,0,0,0,0,0,"",0,0,0,0,0,0,0,0,0,0
37,3,1,1,0,0,1,1,1,0,0,1,255,255,23,2427.756,"-Alta-",L,26,81,133,0.9,0.042,-0.052,1.83,-36.317,0,0,-42.826,-186.611,-6.423,0,0,0,1,3,R,"mochi_2929",169.8,95.061,0.452,0,59,0,0,0,0,0,0,0,0,0,0,0,0,0,0,0,0,0.07,-36.98,0,"あおいぬ",0.09,-17.072,0,"P0TA0",-18.488,-39.195,0,"甲斐野柊太",-11.19,-56.433,0,"Kenomo",17.14,-45.156,0,"shimenawa",7.064,-62.671,0,"horisen",42.258,-102.768,0,"紅さかな",-0.041,-120.731,0,"Pizzallaris",-43.529,-98.635,0,0,0,0,0,0,"",0,0,0,0,0,0,0,0,0,0
38,3,1,1,0,0,2,1,1,0,0,1,255,255,24,2445.979,"-Alta-",L,26,84,137,0.899,0.182,0.069,1.659,-36.132,0,0,-118.795,-200,-7.321,0,0,1,1,3,R,"mochi_2929",169.8,95.061,0.452,0,59,0,0,0,0,0,0,0,0,0,0,0,0,0,0,0,0,0.243,-36.927,95,"あおいぬ",-0.101,-17.01,0,"P0TA0",-18.203,-39.616,89,"甲斐野柊太",-11.181,-56.442,0,"Kenomo",17.241,-45.37,0,"shimenawa",8.465,-63.44,0,"horisen",42.219,-102.78,0,"紅さかな",-0.383,-120.713,0,"Pizzallaris",-42.881,-98.01,0,0,0,0,0,0,"",0,0,0,0,0,0,0,0,0,0
39,3,1,1,0,0,0,2,1,0,0,1,255,255,25,2489.053,"-Alta-",L,10,60,94,0.745,-2.046,-0.065,1.618,-36.456,4,0,0,400,-4.193,0.153,-19.231,1,2,5,R,"sano jpn",169.9,94.644,0.384,0,59,0,0,0,0,0,0,0,0,0,0,0,0,0,0,0,0,-0.116,-37.378,0,"あおいぬ",-0.101,-17.15,0,"P0TA0",-18.27,-39.277,0,"甲斐野柊太",-13.39,-64.256,0,"Kenomo",16.564,-44.3,0,"shimenawa",6.413,-61.449,0,"horisen",41.874,-102.322,0,"紅さかな",-2.154,-124.043,0,"Pizzallaris",-43.434,-101.429,0,0,0,0,0,0,"",0,0,0,0,0,0,0,0,0,0
40,3,1,1,0,0,1,2,1,0,0,1,255,255,26,2506.209,"-Alta-",L,26,86,140,1.825,0.228,0.046,1.702,-36.185,2,0,-56.605,-165.712,-7.194,0,0,1,2,5,R,"sano jpn",169.9,94.644,0.384,3,59,2507.269,64,9,92,98,63,110,92,26.155,41.07,0.09,-0.02,0.002,0.081,0.048,0.418,0.55,-36.651,0,"あおいぬ",0.036,-16.931,0,"P0TA0",-17.767,-40.31,0,"甲斐野柊太",-14.605,-64.048,0,"Kenomo",16.573,-44.276,0,"shimenawa",13.476,-64.011,0,"horisen",41.849,-102.282,0,"紅さかな",-2.123,-124.028,0,"Pizzallaris",-43.551,-101.818,0,2511.609,-57.074,-69.29,0,0,"",0,0,0,0,0,0,0,0,0,3
41,3,1,1,0,0,2,2,0,1,0,255,1,255,27,2546.816,"-Alta-",L,0,69,109,0.087,0.335,-0.356,1.871,-36.608,2,0,0,0,-2.72,0,0,1,2,5,R,"sano jpn",169.9,94.644,0.384,3,59,2548.021,109,18,133,90,82,139,82,25.17,2.384,0.94,-0.043,0.022,0.024,0.143,0.393,-0.048,-36.638,0,"あおいぬ",0.048,-16.945,0,"P0TA0",-17.561,-40.266,0,"甲斐野柊太",-13.643,-64.044,0,"Kenomo",18.318,-44.409,85,"shimenawa",13.464,-64.375,0,"horisen",41.998,-103.504,0,"紅さかな",-3.958,-121.246,92,"Pizzallaris",-41.171,-101.735,0,2552.442,-6.667,-85.699,2554.026,7,"紅さかな",-8.024,-96.843,1,0,0,0,0,0,0,2
42,3,1,1,0,0,0,2,1,1,0,5,1,255,28,2584.702,"-Alta-",L,3,62,95,0.914,-0.421,-0.444,1.625,-36.586,0,0,363.314,0,-3.422,0,0,0,3,4,R,"にゃんこ3K",190,89.64,0.546,0,59,0,0,0,0,0,0,0,0,0,0,0,0,0,0,0,0,0.199,-36.871,0,"あおいぬ",-0.012,-16.858,0,"P0TA0",-20.401,-44.254,0,"甲斐野柊太",-13.845,-64.581,0,"Kenomo",17.785,-42.435,0,"shimenawa",12.466,-64.72,0,"horisen",41.727,-104.101,0,"紅さかな",0.062,-121.421,0,"Pizzallaris",-41.977,-102.17,0,0,0,0,0,0,"",0,0,0,0,0,0,0,0,0,0
43,3,1,1,0,0,1,2,1,1,0,5,1,255,29,2602.465,"-Alta-",L,10,64,97,-0.401,-1.376,-0.163,1.707,-36.534,2,0,0,394.489,-1.246,0,0,1,3,4,R,"にゃんこ3K",190,89.64,0.546,3,59,2603.784,154,11,59,87,82,139,115,-30,8.562,0.88,-0.029,-0.07,0.038,0,0.119,0.637,-36.689,0,"あおいぬ",-0.01,-16.939,0,"P0TA0",-19.902,-44.61,0,"甲斐野柊太",-14.025,-64.137,100,"Kenomo",17.789,-42.409,0,"shimenawa",8.8,-61.699,0,"horisen",41.713,-104.098,0,"紅さかな",0.067,-121.019,0,"Pizzallaris",-42.301,-102.149,0,2603.842,-0.167,-21.03,2606.409,7,"紅さかな",-7.077,-67.541,0,8,0,0,0,0,0,2
44,3,0,1,0,0,0,0,0,0,0,255,255,255,14,2669.788,"Espressο",R,26,103,140,0.673,-0.063,0.233,1.582,-36.693,2,0,70.022,-174.432,4.949,0,0,1,7,8,R,"Pizzallaris",166.4,88.152,0.346,3,59,2670.884,170,11,102,75,0,150,112,0.533,43.191,0.12,0.023,0.005,0.124,0.19,0.391,-0.183,-37.319,0,"ゆっち一",-0.004,-16.788,0,"檸檬の残骸",-20.367,-45.891,0,"mochi_2929",-10.893,-60.172,0,"にゃんこ3K",22.58,-52.351,0,"sano jpn",10.391,-65.517,0,"ぐだもん",29.419,-85.233,0,"alcohol500",-2.301,-106.205,0,"あくせる",-43.605,-84.343,0,2671.625,-14.547,-32.9,2674.426,8,"あくせる",-54.903,-72.291,0,0,0,0,0,0,0,2
45,3,0,1,0,0,1,0,0,0,0,255,255,255,15,2692.696,"Espressο",R,26,108,140,1.234,1.114,0.332,1.797,-36.71,0,0,67.742,-200,-25.024,0,0,0,7,8,R,"Pizzallaris",166.4,88.152,0.346,0,51,0,0,0,0,0,0,0,0,0,0,0,0,0,0,0,0,0.268,-37.763,0,"ゆっち一",-0.062,-16.589,0,"檸檬の残骸",-21.114,-46.282,0,"mochi_2929",-11.323,-62.162,0,"にゃんこ3K",21.681,-52.137,0,"sano jpn",8.782,-65.946,0,"ぐだもん",31.633,-87.449,0,"alcohol500",-5.689,-106.224,0,"あくせる",-42.799,-84.791,0,0,0,0,0,0,"",0,0,0,0,0,0,0,0,0,0
46,3,0,1,0,0,2,0,0,0,0,255,255,255,16,2708.453,"Espressο",R,10,97,128,-2.628,-1.368,-0.039,1.569,-36.764,4,0,-45.37,400,-11.566,-0.584,-17.33,1,7,8,R,"Pizzallaris",166.4,88.152,0.346,0,51,0,0,0,0,0,0,0,0,0,0,0,0,0,0,0,0,0.128,-37.52,0,"ゆっち一",-0.535,-17.085,0,"檸檬の残骸",-21.25,-45.212,0,"mochi_2929",-11.346,-61.612,0,"にゃんこ3K",21.973,-53.882,0,"sano jpn",6.095,-64.706,0,"ぐだもん",31.603,-87.528,0,"alcohol500",-3.066,-106.466,0,"あくせる",-42.719,-84.853,0,0,0,0,0,0,"",0,0,0,0,0,0,0,0,0,0
47,3,0,1,0,0,0,1,0,0,0,255,255,255,17,2731.199,"Espressο",R,26,103,140,-0.846,0.463,0.055,1.663,-36.688,0,0,43.607,-200,-0.015,0,0,1,8,6,L,"horisen",174,95,0.447,0,59,0,0,0,0,0,0,0,0,0,0,0,0,0,0,0,0,0.231,-37.782,0,"ゆっち一",-0.1,-16.634,0,"檸檬の残骸",-20.597,-46.373,0,"mochi_2929",-7.538,-62.629,0,"にゃんこ3K",23.959,-49.523,0,"sano jpn",13.92,-63.226,0,"ぐだもん",32.105,-87.308,0,"alcohol500",4.889,-108.78,0,"あくせる",-35.798,-94.506,0,0,0,0,0,0,"",0,0,0,0,0,0,0,0,0,0
48,3,0,1,0,0,1,1,0,0,0,255,255,255,18,2749.428,"Espressο",R,26,110,140,-2.915,-2.197,0.109,1.888,-36.725,2,0,2.089,-173.348,-1.187,0,0,1,8,6,L,"horisen",174,95,0.447,3,59,2750.512,140,6,66,47,23,139,126,34.127,-20.743,0.42,-0.015,0.028,0.187,0,0.154,-0.171,-37.288,0,"ゆっち一",-0.195,-16.714,0,"檸檬の残骸",-20.718,-46.81,0,"mochi_2929",-9.328,-63.362,76,"にゃんこ3K",23.919,-50.07,0,"sano jpn",13.987,-63.076,0,"ぐだもん",37.577,-87.138,90,"alcohol500",4.759,-109.373,0,"あくせる",-35.802,-94.454,0,2756.742,53.057,-115.832,2758.259,6,"ぐだもん",51.424,-110.112,1,0,0,0,0,0,0,2
49,3,0,1,0,0,0,1,0,1,0,255,15,255,19,2787.249,"Espressο",R,13,105,126,-0.926,-1.002,0.227,1.589,-36.728,2,0,-368.679,337.751,-13.778,0,0,1,0,7,R,"紅さかな",172.5,87.576,0.452,3,59,2788.404,218,22,146,115,58,150,110,-13.723,19.076,0.9,0.028,-0.015,0.116,0,0.322,-0.067,-37.325,0,"ゆっち一",-0.09,-16.666,0,"檸檬の残骸",-20.774,-46.761,86,"mochi_2929",-9.659,-60.524,93,"にゃんこ3K",20.174,-49.427,85,"sano jpn",4.439,-58.993,0,"ぐだもん",29.169,-95.057,0,"alcohol500",0.47,-113.602,0,"あくせる",-42.863,-86.702,0,2788.526,-0.935,-22.268,2790.292,3,"mochi_2929",-10.018,-55.635,0,0,0,0,0,0,0,2
50,3,0,1,0,0,0,2,0,0,1,255,255,15,20,2816.917,"Espressο",R,26,102,140,0.016,1.581,0.182,1.845,-36.77,2,0,32.742,-200,-1.595,0,0,1,1,5,L,"shimenawa",175.3,95.407,0.2,3,59,2818.038,178,10,99,55,0,150,103,101.127,28.66,0.05,-0.073,-0.027,0.051,0,0.316,-0.12,-37.299,0,"ゆっち一",-0.139,-16.765,0,"檸檬の残骸",-20.474,-46.844,0,"mochi_2929",-11.306,-61.182,0,"にゃんこ3K",18.411,-43.551,0,"sano jpn",13.017,-62.174,0,"ぐだもん",40.076,-91.132,0,"alcohol500",4.536,-113.596,0,"あくせる",-39.918,-92.758,0,0,0,0,0,0,"",0,0,0,0,0,0,0,0,0,3
51,3,0,1,0,0,1,2,0,0,1,255,255,15,21,2839.901,"Espressο",R,32,100,140,-0.541,0.925,0.073,1.737,-36.754,2,0,226.949,-200,-21.582,0,0,1,1,5,L,"shimenawa",175.3,95.407,0.2,3,59,2840.985,120,13,79,60,7,139,97,112.03,48.76,-0.03,-0.035,-0.051,0.122,0,0.203,-0.122,-37.419,0,"ゆっち一",-0.212,-16.749,0,"檸檬の残骸",-20.395,-46.135,0,"mochi_2929",-10.666,-60.834,0,"にゃんこ3K",18.26,-42.631,0,"sano jpn",12.325,-63.963,0,"ぐだもん",40.478,-88.799,0,"alcohol500",1.578,-112.522,0,"あくせる",-38.97,-93.254,0,0,0,0,0,0,"",0,0,0,0,0,0,0,0,0,3
52,3,0,1,0,0,2,2,0,0,1,255,255,15,22,2861.288,"Espressο",R,13,104,126,-3.109,-1.6,0.064,1.539,-36.697,3,0,-349.457,357.603,-7.087,-0.233,-19.909,0,1,5,L,"shimenawa",175.3,95.407,0.2,0,59,0,0,0,0,0,0,0,0,0,0,0,0,0,0,0,0,0.099,-37.576,0,"ゆっち一",-0.176,-18.332,0,"檸檬の残骸",-20.219,-45.31,0,"mochi_2929",-10.309,-61.955,0,"にゃんこ3K",19.026,-44.006,0,"sano jpn",11.343,-64.002,0,"ぐだもん",40.628,-87.317,0,"alcohol500",2.541,-111.541,0,"あくせる",-39.11,-92.253,0,0,0,0,0,0,"",0,0,0,0,0,0,0,0,0,6
53,3,0,1,0,0,0,2,1,0,1,14,255,15,23,2884.666,"Espressο",R,26,106,140,-0.105,0.556,0.159,1.696,-36.736,2,0,73.275,-191.791,2.793,0,0,1,2,0,L,"-Alta-",190.4,84,0.479,3,59,2885.632,255,12,108,119,57,150,127,90.584,86.905,0.34,0.097,-0.125,0.162,0,0.451,-0.343,-37.449,0,"ゆっち一",-0.13,-16.708,0,"檸檬の残骸",-19.764,-45.078,0,"mochi_2929",-10.295,-62.029,0,"にゃんこ3K",18.661,-42.715,0,"sano jpn",12.306,-63.22,0,"ぐだもん",41.631,-94.614,0,"alcohol500",0.616,-113.769,0,"あくせる",-35.408,-94.682,0,0,0,0,0,0,"",0,0,0,0,0,0,0,0,0,3
54,3,0,1,0,0,1,2,1,0,1,14,255,15,24,2910.231,"Espressο",R,14,63,94,1.374,-1.293,0.167,1.503,-36.661,4,0,316.855,335.435,61.636,0.891,-16.789,1,2,0,L,"-Alta-",190.4,84,0.479,0,67,0,0,0,0,0,0,0,0,0,0,0,0,0,0,0,0,0.126,-37.477,0,"ゆっち一",0.761,-17.081,0,"檸檬の残骸",-19.72,-43.365,0,"mochi_2929",-8.09,-62.216,0,"にゃんこ3K",19.302,-42.687,0,"sano jpn",10.709,-64.261,0,"ぐだもん",44.333,-93.518,0,"alcohol500",-0.741,-117.358,0,"あくせる",-34.872,-95.009,0,0,0,0,0,0,"",0,0,0,0,0,0,0,0,0,0
55,3,0,1,0,0,2,2,1,0,1,14,255,15,25,2929.798,"Espressο",R,26,104,140,3.77,0.232,0.491,1.63,-36.784,1,0,167.977,-200,-5.248,0,0,0,2,0,L,"-Alta-",190.4,84,0.479,0,67,0,0,0,0,0,0,0,0,0,0,0,0,0,0,0,0,0.324,-37.567,0,"ゆっち一",0.172,-16.543,0,"檸檬の残骸",-19.565,-44.341,0,"mochi_2929",-10.265,-61.726,0,"にゃんこ3K",19.757,-43.429,0,"sano jpn",13.311,-60.552,0,"ぐだもん",43.149,-93.571,0,"alcohol500",2.492,-115.38,0,"あくせる",-33.399,-94.297,0,0,0,0,0,0,"",0,0,0,0,0,0,0,0,0,0
56,3,0,1,0,1,2,2,0,1,1,255,14,15,26,2948.235,"Espressο",R,13,94,116,-3.319,-1.307,-0.013,1.472,-36.745,4,0,-361.749,345.164,-11.343,-0.192,-20.174,1,2,0,L,"-Alta-",190.4,84,0.479,0,67,0,0,0,0,0,0,0,0,0,0,0,0,0,0,0,0,-0.209,-37.363,0,"ゆっち一",-0.19,-18.088,0,"檸檬の残骸",-19.735,-44.898,0,"mochi_2929",-10.668,-61.819,0,"にゃんこ3K",19.31,-43.801,0,"sano jpn",13.179,-61.628,0,"ぐだもん",41.801,-92.829,0,"alcohol500",1.424,-116.205,0,"あくせる",-33.475,-97.566,0,0,0,0,0,0,"",0,0,0,0,0,0,0,0,0,0
57,4,1,1,0,0,0,0,0,0,0,255,255,255,30,3005.127,"-Alta-",L,3,75,107,0.697,-0.539,-0.372,1.619,-36.446,2,0,308.654,0,-5.564,0,0,1,4,0,R,"559：広告",190,89.713,0.324,3,59,3006.344,255,23,105,86,97,150,122,4.374,-31.317,0.78,-0.096,-0.058,0.036,0,0.584,0.592,-36.483,0,"あおいぬ",0.013,-16.979,0,"P0TA0",-20.53,-45.062,0,"甲斐野柊太",-11.782,-65.07,85,"Kenomo",19.58,-44.394,0,"shimenawa",13.453,-63.679,0,"horisen",41.488,-102.457,87,"紅さかな",0.783,-121.246,0,"Pizzallaris",-42.769,-99.964,0,3007.342,15.966,-47.819,3009.642,6,"horisen",39.653,-89.179,1,0,0,0,0,0,0,2
58,4,1,1,0,0,0,0,1,0,0,0,255,255,31,3034.941,"-Alta-",L,26,80,131,0.934,0.631,-0.136,1.804,-36.359,0,0,-71.443,-163.965,-0.231,0,0,1,5,7,L,"alcohol500",166.4,91.556,0.2,0,59,0,0,0,0,0,0,0,0,0,0,0,0,0,0,0,0,0.054,-36.545,0,"あおいぬ",0.049,-16.934,0,"P0TA0",-18.341,-39.451,0,"甲斐野柊太",-9.601,-58.004,0,"Kenomo",18.029,-42.674,0,"shimenawa",11.704,-63.506,0,"horisen",42.222,-98.362,0,"紅さかな",0.166,-122.698,0,"Pizzallaris",-41.459,-96.821,0,0,0,0,0,0,"",0,0,0,0,0,0,0,0,0,0
59,4,1,1,0,0,1,0,1,0,0,0,255,255,32,3053.497,"-Alta-",L,10,68,100,-0.199,-1.28,-0.141,1.68,-36.521,4,0,0,400,-4.638,-0.021,-17.917,1,5,7,L,"alcohol500",166.4,91.556,0.2,0,59,0,0,0,0,0,0,0,0,0,0,0,0,0,0,0,0,0.248,-36.921,0,"あおいぬ",-0.051,-16.97,0,"P0TA0",-17.887,-39.791,0,"甲斐野柊太",-6.396,-58.489,0,"Kenomo",18.073,-42.687,0,"shimenawa",9.447,-62.918,0,"horisen",43.447,-101.104,0,"紅さかな",0.415,-122.133,0,"Pizzallaris",-42.037,-97.933,0,0,0,0,0,0,"",0,0,0,0,0,0,0,0,0,0
60,4,1,1,0,0,2,0,1,0,0,0,255,255,33,3069.774,"-Alta-",L,26,83,136,0.492,0.971,-0.129,1.771,-36.235,0,0,-39.958,-156.704,-2.517,0,0,1,5,7,L,"alcohol500",166.4,91.556,0.2,0,59,0,0,0,0,0,0,0,0,0,0,0,0,0,0,0,0,0.039,-36.644,0,"あおいぬ",-0.025,-16.959,0,"P0TA0",-18.103,-39.382,0,"甲斐野柊太",-6.005,-58.079,0,"Kenomo",17.86,-43.187,0,"shimenawa",10.357,-63.617,0,"horisen",43.42,-101.125,0,"紅さかな",1.841,-121.051,0,"Pizzallaris",-42.024,-97.153,0,0,0,0,0,0,"",0,0,0,0,0,0,0,0,0,0
61,4,1,1,0,0,0,1,1,0,0,0,255,255,34,3090.438,"-Alta-",L,27,84,137,2.046,0.102,0.018,1.743,-36.247,4,0,-50.478,-144.794,-5.986,0.396,-19.934,1,6,2,R,"檸檬の残骸",190,80,0.414,0,46,0,0,0,0,0,0,0,0,0,0,0,0,0,0,0,0,0.145,-36.771,0,"あおいぬ",0.083,-17.519,0,"P0TA0",-17.6,-39.992,0,"甲斐野柊太",-8.789,-58.128,0,"Kenomo",17.859,-43.846,0,"shimenawa",10.245,-63.419,0,"horisen",43.918,-100.661,0,"紅さかな",0.099,-121.563,0,"Pizzallaris",-42.179,-97.154,0,0,0,0,0,0,"",0,0,0,0,0,0,0,0,0,0
62,4,1,1,0,0,1,1,1,0,0,0,255,255,35,3109.21,"-Alta-",L,3,71,114,3.961,0.865,-0.236,1.851,-36.49,4,0,407.336,0,-5.829,0.397,-20.819,1,6,2,R,"檸檬の残骸",190,80,0.414,0,46,0,0,0,0,0,0,0,0,0,0,0,0,0,0,0,0,0.171,-36.878,0,"あおいぬ",0.049,-17.552,0,"P0TA0",-17.73,-40.179,0,"甲斐野柊太",-7.457,-58.785,0,"Kenomo",17.856,-43.874,0,"shimenawa",10.117,-64.232,0,"horisen",43.777,-100.699,0,"紅さかな",0.352,-121.801,0,"Pizzallaris",-42.746,-97.786,0,0,0,0,0,0,"",0,0,0,0,0,0,0,0,0,0
63,4,1,1,0,0,2,1,1,0,0,0,255,255,36,3136.617,"-Alta-",L,27,79,129,-0.431,-0.008,-0.283,1.944,-36.449,2,0,-40.974,-115.387,-0.217,0,0,1,6,2,R,"檸檬の残骸",190,80,0.414,3,46,3137.766,183,14,108,94,90,150,108,25.878,20.859,0.04,-0.001,-0.032,0.087,0.143,0.417,0.189,-36.433,0,"あおいぬ",-0.072,-16.876,0,"P0TA0",-18.101,-39.997,0,"甲斐野柊太",-10.506,-58.409,0,"Kenomo",17.851,-43.94,0,"shimenawa",12.111,-63.491,0,"horisen",43.775,-100.677,0,"紅さかな",-0.113,-121.854,0,"Pizzallaris",-42.787,-97.665,6,3142.859,-48.427,-101.325,3143.042,8,"Pizzallaris",-46.634,-98.894,0,0,0,0,0,0,0,1
64,4,1,1,0,0,0,2,1,0,0,0,255,255,37,3169.792,"-Alta-",L,26,81,133,1.284,1.123,-0.052,1.819,-36.304,2,0,12.967,-200,-5.973,0,0,1,7,8,R,"あくせる",175.2,86.41,0.669,3,59,3170.9,255,11,112,75,48,150,86,32.434,-10.191,-0.79,0.028,-0.039,0.313,0,0.276,-0.004,-36.467,0,"あおいぬ",0.047,-16.922,0,"P0TA0",-17.887,-40.05,0,"甲斐野柊太",-12.609,-64.991,0,"Kenomo",18.352,-44.452,0,"shimenawa",13.665,-62.545,0,"horisen",42.978,-99.575,0,"紅さかな",-0.798,-122.403,106,"Pizzallaris",-44.326,-100.726,0,3175.776,11.076,-85.834,3177.776,7,"紅さかな",12.965,-97.302,1,0,0,0,0,0,0,2
65,4,1,1,0,0,0,2,1,1,0,8,0,255,38,3220.709,"-Alta-",L,26,77,128,1.277,0.724,0.004,1.709,-36.25,0,0,-65.309,-200,-7.464,0,0,1,8,6,R,"ぐだもん",174.9,92.695,0.328,0,32,0,0,0,0,0,0,0,0,0,0,0,0,0,0,0,0,0.103,-36.51,0,"あおいぬ",-0.018,-16.837,0,"P0TA0",-21.021,-44.258,0,"甲斐野柊太",-11.818,-65.264,0,"Kenomo",18.199,-42.595,0,"shimenawa",8.351,-62.21,0,"horisen",40.631,-103.253,0,"紅さかな",0.735,-120.037,0,"Pizzallaris",-41.691,-97.271,0,0,0,0,0,0,"",0,0,0,0,0,0,0,0,0,0
66,4,1,1,0,0,1,2,1,1,0,8,0,255,39,3239.59,"-Alta-",L,10,74,104,0.67,-2.733,-0.098,1.496,-36.446,2,0,22.255,400,0.718,0.111,-21.168,1,8,6,R,"ぐだもん",174.9,92.695,0.328,3,32,3240.588,255,10,172,72,42,150,85,10.701,37.379,-0.8,0.033,0.019,0.284,0,0.182,0.303,-36.684,0,"あおいぬ",0.031,-16.96,0,"P0TA0",-19.998,-44.91,0,"甲斐野柊太",-13.658,-64.624,0,"Kenomo",18.203,-42.6,0,"shimenawa",10.851,-62.796,0,"horisen",41.319,-103.111,0,"紅さかな",0.556,-119.9,0,"Pizzallaris",-41.569,-97.95,0,0,0,0,3242.476,2,"P0TA0",-18.645,-46.052,0,0,0,0,0,0,0,1
67,4,0,1,0,0,0,0,0,0,0,255,255,255,27,3295.471,"Espressο",R,14,83,109,1.763,-0.426,0.238,1.752,-36.791,4,0,320.866,380.982,-6.611,0.696,-17.393,1,3,1,R,"あおいぬ",190,84.682,0.43,0,59,0,0,0,0,0,0,0,0,0,0,0,0,0,0,0,0,-0.04,-37.627,0,"ゆっち一",0.441,-17.135,0,"檸檬の残骸",-21.254,-46.082,0,"mochi_2929",-11.325,-62.167,0,"にゃんこ3K",22.115,-53.328,0,"sano jpn",12.467,-61.583,0,"ぐだもん",34.134,-94.923,0,"alcohol500",-8.549,-116.855,0,"あくせる",-46.468,-90.902,0,0,0,0,0,0,"",0,0,0,0,0,0,0,0,0,0
68,4,0,1,0,0,1,0,0,0,0,255,255,255,28,3314.227,"Espressο",R,13,102,127,-1.784,-0.98,0.086,1.585,-36.764,4,0,-182.406,400,-12.74,0,0,1,3,1,R,"あおいぬ",190,84.682,0.43,0,59,0,0,0,0,0,0,0,0,0,0,0,0,0,0,0,0,-0.081,-37.464,0,"ゆっち一",-0.293,-16.635,0,"檸檬の残骸",-20.13,-45.025,0,"mochi_2929",-12.229,-62.038,0,"にゃんこ3K",22.306,-53.119,0,"sano jpn",12.163,-61.829,0,"ぐだもん",36.247,-94.659,0,"alcohol500",-16.484,-116.171,0,"あくせる",-46.428,-90.743,0,0,0,0,0,0,"",0,0,0,0,0,0,0,0,0,0
69,4,0,1,0,0,2,0,0,0,0,255,255,255,29,3331.626,"Espressο",R,32,116,140,-0.685,0.13,0.077,1.658,-36.654,0,0,170.483,-25.185,-4.253,0,0,1,3,1,R,"あおいぬ",190,84.682,0.43,0,59,0,0,0,0,0,0,0,0,0,0,0,0,0,0,0,0,0.204,-37.725,0,"ゆっち一",-0.113,-16.544,0,"檸檬の残骸",-20.274,-45.792,0,"mochi_2929",-12.204,-62.232,0,"にゃんこ3K",22.829,-52.217,0,"sano jpn",12.083,-61.783,0,"ぐだもん",31.808,-102.574,0,"alcohol500",-15.817,-117.697,0,"あくせる",-46.385,-90.356,0,0,0,0,0,0,"",0,0,0,0,0,0,0,0,0,0
70,4,0,1,0,0,0,1,0,0,0,255,255,255,30,3354.326,"Espressο",R,13,111,127,0.627,-1.092,0.305,1.561,-36.739,2,0,-169.84,397.731,-10.975,0,0,1,4,4,R,"Kenomo",190,80,0.469,3,59,3355.41,176,17,127,125,87,150,91,13.223,25.26,0.94,0.01,-0.02,0.085,0.19,0.245,-0.126,-37.152,0,"ゆっち一",-0.067,-16.662,0,"檸檬の残骸",-20.779,-46.044,87,"mochi_2929",-11.835,-61.886,0,"にゃんこ3K",22.152,-51.68,0,"sano jpn",11.741,-64.688,0,"ぐだもん",42.649,-96.197,0,"alcohol500",1.297,-117.68,0,"あくせる",-46.287,-87.799,98,3358.009,-27.935,-64.796,3359.242,8,"あくせる",-37.37,-76.171,1,0,0,0,0,0,0,2
71,4,0,1,0,0,0,1,1,0,0,13,255,255,31,3381.903,"Espressο",R,36,101,140,0.919,0.08,0.253,1.687,-36.737,0,0,79.984,122.883,-25.826,0,0,1,5,3,R,"甲斐野柊太",175.2,80,0.2,0,59,0,0,0,0,0,0,0,0,0,0,0,0,0,0,0,0,-0.676,-35.559,0,"ゆっち一",-0.083,-16.582,0,"檸檬の残骸",-20.213,-44.768,0,"mochi_2929",-9.132,-59.176,0,"にゃんこ3K",19.008,-44.534,0,"sano jpn",8.44,-59.475,0,"ぐだもん",39.756,-92.498,0,"alcohol500",-0.378,-111.496,0,"あくせる",-44.435,-89.485,0,0,0,0,0,0,"",0,0,0,0,0,0,0,0,0,0
72,4,0,1,0,0,1,1,1,0,0,13,255,255,32,3396.772,"Espressο",R,13,102,127,4.221,0.138,0.053,1.543,-36.706,2,0,-176.555,400,1.866,0,0,1,5,3,R,"甲斐野柊太",175.2,80,0.2,3,35,3397.911,154,22,112,140,91,150,114,-9.443,28.84,0.86,-0.01,-0.09,0.076,0,0.088,-0.149,-37.286,0,"ゆっち一",-0.248,-16.907,0,"檸檬の残骸",-20.335,-45.389,86,"mochi_2929",-10.09,-58.795,0,"にゃんこ3K",19.128,-44.837,0,"sano jpn",8.607,-59.298,0,"ぐだもん",39.755,-92.461,0,"alcohol500",0.114,-111.984,0,"あくせる",-43.458,-88.296,0,3398.109,-1.475,-21.343,3401.009,8,"あくせる",-34.342,-76.515,1,0,0,0,0,0,0,2
73,4,0,1,0,0,0,1,1,1,0,255,13,255,33,3424.104,"Espressο",R,26,99,140,2.432,1.545,0.387,1.883,-36.841,1,0,99.741,-200,-0.775,0,0,0,6,2,R,"P0TA0",190,97,0.646,0,59,0,0,0,0,0,0,0,0,0,0,0,0,0,0,0,0,0.289,-37.585,0,"ゆっち一",-0.022,-16.386,0,"檸檬の残骸",-19.83,-42.879,0,"mochi_2929",-8.263,-60.296,0,"にゃんこ3K",20.259,-46.016,0,"sano jpn",2.761,-59.114,0,"ぐだもん",41.454,-93.622,0,"alcohol500",1.726,-117.37,0,"あくせる",-46.066,-90.342,0,0,0,0,0,0,"",0,0,0,0,0,0,0,0,0,0
74,4,0,1,0,1,0,1,1,1,0,255,13,255,34,3440.561,"Espressο",R,13,89,126,-0.166,0.167,0.297,1.788,-36.768,2,0,-361.349,345.582,-8.833,0,0,1,6,2,R,"P0TA0",190,97,0.646,3,59,3441.591,234,20,107,59,20,150,116,-15.031,5.67,0.88,-0.005,0.021,0.312,0,0.131,-0.429,-37.199,120,"ゆっち一",-0.04,-16.575,0,"檸檬の残骸",-20.604,-45.072,0,"mochi_2929",-10.564,-60.835,0,"にゃんこ3K",20.368,-46.221,120,"sano jpn",9.553,-57.052,91,"ぐだもん",41.511,-93.59,0,"alcohol500",1.91,-116.131,101,"あくせる",-46.067,-89.403,0,3441.709,-0.638,-20.455,3445.659,7,"alcohol500",-8.446,-101.998,1,16,0,0,0,0,0,2
75,4,0,1,0,0,0,2,0,1,1,255,255,12,35,3515.782,"Espressο",R,10,75,107,0.265,-1.791,0.193,1.708,-36.721,1,0,86.871,287.493,-6.03,0,0,0,7,8,R,"Pizzallaris",166.4,88.152,0.346,0,50,0,0,0,0,0,0,0,0,0,0,0,0,0,0,0,0,0.171,-37.319,0,"ゆっち一",0.015,-17.395,0,"檸檬の残骸",-19.304,-45.035,0,"mochi_2929",-9.481,-61.578,0,"にゃんこ3K",19.562,-41.327,0,"sano jpn",0.521,-57.449,0,"ぐだもん",32.031,-90.068,0,"alcohol500",-0.971,-108.915,0,"あくせる",-39.994,-84.894,0,0,0,0,0,0,"",0,0,0,0,0,0,0,0,0,0
76,4,0,1,0,1,0,2,0,1,1,255,255,12,36,3592.832,"Espressο",R,13,97,126,-2.251,-1.703,0.063,1.517,-36.693,2,0,-249.199,400,-9.355,-0.931,-19.727,1,7,8,R,"Pizzallaris",166.4,88.152,0.346,3,59,3593.989,194,15,98,97,40,150,115,-30,43.286,0.79,-0.033,-0.02,0.004,0.238,0.154,-0.493,-36.997,0,"ゆっち一",-0.233,-16.692,0,"檸檬の残骸",-20.53,-46.602,100,"mochi_2929",-11.608,-62.933,0,"にゃんこ3K",18.415,-42.059,0,"sano jpn",6.155,-58.49,0,"ぐだもん",33.117,-90.953,0,"alcohol500",1.669,-118.39,0,"あくせる",-40.35,-86.71,0,3595.326,-20.164,-43.677,3595.592,2,"檸檬の残骸",-18.532,-41.809,0,0,0,0,0,0,0,1
77,5,1,1,0,0,0,0,0,0,0,255,255,255,40,3644.989,"-Alta-",L,3,81,123,3.52,-0.342,-0.187,1.861,-36.383,1,0,398.784,0.066,-10.016,1.45,-12.87,0,0,1,R,"ゆっち一",190,87.623,0.42,0,59,0,0,0,0,0,0,0,0,0,0,0,0,0,0,0,0,0.636,-37.174,0,"あおいぬ",0.542,-16.745,0,"P0TA0",-20.768,-43.388,0,"甲斐野柊太",-9.161,-66.246,0,"Kenomo",20.185,-44.811,0,"shimenawa",13.263,-62.792,0,"horisen",41.793,-104.611,0,"紅さかな",0.645,-121.437,0,"Pizzallaris",-43.66,-99.387,0,0,0,0,0,0,"",0,0,0,0,0,0,0,0,0,0
78,5,1,1,0,1,0,0,0,0,0,255,255,255,41,3668.848,"-Alta-",L,26,82,134,-1.486,-0.029,-0.343,1.846,-36.402,2,0,-84.127,-187.244,-4.25,0,0,1,0,1,R,"ゆっち一",190,87.623,0.42,3,59,3669.973,169,12,109,95,39,150,81,21.938,42.405,0.96,-0.068,-0.132,0.292,0,0.335,0.382,-36.138,0,"あおいぬ",-0.061,-16.925,0,"P0TA0",-19.986,-44.74,0,"甲斐野柊太",-16.066,-62.742,0,"Kenomo",19.33,-45.742,0,"shimenawa",13.413,-63.628,0,"horisen",41.799,-104.613,0,"紅さかな",0.402,-121.876,0,"Pizzallaris",-43.794,-100.091,0,3673.459,-43.038,-57.859,0,0,"",0,0,0,0,0,0,0,0,0,3
79,5,1,1,0,1,1,0,0,0,0,255,255,255,42,3689.863,"-Alta-",L,13,80,106,1.55,-0.965,-0.273,1.795,-36.527,4,0,318.869,374.839,-5.983,0,0,1,0,1,R,"ゆっち一",190,87.623,0.42,0,59,0,0,0,0,0,0,0,0,0,0,0,0,0,0,0,0,0.096,-36.804,0,"あおいぬ",-0.116,-16.882,0,"P0TA0",-20.436,-44.837,0,"甲斐野柊太",-9.699,-66.22,0,"Kenomo",18.183,-44.966,0,"shimenawa",9.922,-63.92,0,"horisen",42.021,-104.23,0,"紅さかな",-0.433,-120.668,0,"Pizzallaris",-42.645,-99.291,0,0,0,0,0,0,"",0,0,0,0,0,0,0,0,0,0
80,5,1,1,0,1,2,0,0,0,0,255,255,255,43,3707.328,"-Alta-",L,11,74,109,-0.968,-0.905,-0.24,1.675,-36.655,0,0,0,181.461,-0.799,0,0,0,0,1,R,"ゆっち一",190,87.623,0.42,0,59,0,0,0,0,0,0,0,0,0,0,0,0,0,0,0,0,0.54,-36.792,0,"あおいぬ",-0.062,-16.851,0,"P0TA0",-20.534,-44.565,0,"甲斐野柊太",-10.961,-65.796,0,"Kenomo",18.286,-45.139,0,"shimenawa",8.784,-64.357,0,"horisen",42.125,-104.279,0,"紅さかな",-0.354,-120.684,0,"Pizzallaris",-42.105,-98.883,0,0,0,0,0,0,"",0,0,0,0,0,0,0,0,0,0
81,5,1,1,0,0,0,1,0,0,0,255,255,255,44,3731.351,"-Alta-",L,27,93,140,0.738,-0.987,0.033,1.43,-36.182,2,0,-8.25,-131.134,-4.131,0,0,1,1,3,R,"mochi_2929",169.8,95.061,0.452,3,50,3732.453,209,12,108,60,28,150,76,2.711,12.416,0.96,0.043,-0.062,0.283,0,0.216,0.398,-36.399,0,"あおいぬ",0.087,-17.034,0,"P0TA0",-20.378,-44.979,85,"甲斐野柊太",-12.132,-64.993,107,"Kenomo",18.297,-44.851,0,"shimenawa",13.424,-63.717,0,"horisen",42.097,-102.101,0,"紅さかな",0.001,-121.26,0,"Pizzallaris",-42.325,-98.248,0,3733.375,-3.313,-34.51,3735.392,3,"甲斐野柊太",-7.604,-59.494,0,0,0,0,0,0,0,2
82,5,1,1,0,0,0,2,0,0,0,255,255,255,45,3756.731,"-Alta-",L,27,93,140,0.696,-1.155,0.085,1.403,-36.177,1,0,-40.839,-127.626,-7.577,0,0,0,2,5,R,"sano jpn",169.9,94.644,0.384,0,59,0,0,0,0,0,0,0,0,0,0,0,0,0,0,0,0,0.399,-37.532,0,"あおいぬ",0.047,-16.913,0,"P0TA0",-20.391,-45.061,0,"甲斐野柊太",-9.219,-66.337,0,"Kenomo",18.409,-44.897,0,"shimenawa",14.183,-64.159,0,"horisen",42.348,-105.882,0,"紅さかな",-1.286,-120.723,0,"Pizzallaris",-45.284,-100.996,0,0,0,0,0,0,"",0,0,0,0,0,0,0,0,0,0
83,5,1,1,0,1,0,2,0,0,0,255,255,255,46,3773.545,"-Alta-",L,14,72,101,-2.324,-2.761,-0.221,1.514,-36.408,1,0,-244.104,400,-1.625,-0.432,-20.36,0,2,5,R,"sano jpn",169.9,94.644,0.384,0,59,0,0,0,0,0,0,0,0,0,0,0,0,0,0,0,0,0.096,-36.847,0,"あおいぬ",-0.115,-16.832,0,"P0TA0",-20.512,-44.902,0,"甲斐野柊太",-15.302,-63.238,0,"Kenomo",17.778,-45.356,0,"shimenawa",13.494,-64.353,0,"horisen",42.347,-105.877,0,"紅さかな",-2.178,-122.123,0,"Pizzallaris",-45.28,-100.981,0,0,0,0,0,0,"",0,0,0,0,0,0,0,0,0,0
84,5,1,1,0,2,0,2,0,0,0,255,255,255,47,3788.332,"-Alta-",L,33,76,127,0.462,0.224,-0.291,1.895,-36.516,2,0,-117.668,-88.23,-8.759,0,0,1,2,5,R,"sano jpn",169.9,94.644,0.384,3,59,3789.495,153,21,133,89,50,150,124,10.688,38.565,0.47,-0.035,0.011,0.142,0.19,0.576,0.275,-36.827,0,"あおいぬ",0.058,-16.949,0,"P0TA0",-20.571,-44.856,0,"甲斐野柊太",-11.316,-65.368,0,"Kenomo",17.845,-45.31,0,"shimenawa",15.023,-63.665,0,"horisen",42.424,-105.886,0,"紅さかな",-0.303,-121.424,0,"Pizzallaris",-45.295,-101.003,0,3792.125,-52.972,-70.727,0,0,"",0,0,0,0,0,0,0,0,0,3
85,5,1,1,0,2,1,2,0,0,0,255,255,255,48,3850.973,"-Alta-",L,13,74,102,1.693,-1.759,-0.183,1.643,-36.374,1,0,314.992,366.887,-3.909,0.435,-18.609,0,2,5,R,"sano jpn",169.9,94.644,0.384,0,59,0,0,0,0,0,0,0,0,0,0,0,0,0,0,0,0,-0.161,-37.599,0,"あおいぬ",-0.062,-16.801,0,"P0TA0",-20.522,-44.886,0,"甲斐野柊太",-9.714,-66.028,0,"Kenomo",19.857,-45.199,0,"shimenawa",9.785,-63.815,0,"horisen",44.188,-102.923,0,"紅さかな",-2.304,-122.971,0,"Pizzallaris",-43.893,-101.973,0,0,0,0,0,0,"",0,0,0,0,0,0,0,0,0,0
86,5,1,1,0,3,1,2,0,0,0,255,255,255,49,3868.457,"-Alta-",L,26,89,140,0.655,0.056,-0.003,1.61,-36.153,2,0,-48.089,-200,-10.61,0,0,1,2,5,R,"sano jpn",169.9,94.644,0.384,3,59,3869.578,156,7,134,76,52,150,124,28.221,38.155,0.54,-0.051,-0.006,0.154,0.143,0.644,0.18,-36.266,0,"あおいぬ",0.053,-16.976,0,"P0TA0",-20.379,-45.024,0,"甲斐野柊太",-12.541,-65.006,0,"Kenomo",18.305,-47.318,0,"shimenawa",14.175,-64.044,0,"horisen",43.691,-103.096,0,"紅さかな",-0.728,-121.148,0,"Pizzallaris",-43.536,-101.479,0,3874.692,-84.662,-91.637,0,0,"",0,0,0,0,0,0,0,0,0,3
87,5,1,1,0,3,2,2,0,0,0,255,255,255,50,3895.063,"-Alta-",L,3,74,103,2.649,-0.73,-0.093,1.675,-36.351,2,0,382.206,194.768,-7.852,0,0,1,2,5,R,"sano jpn",169.9,94.644,0.384,3,59,3896.278,84,10,21,94,114,48,53,-30.68,-25.915,0.94,-0.035,0.006,0.021,0.381,0.311,0.388,-36.341,0,"あおいぬ",0.043,-16.964,0,"P0TA0",-20.431,-44.867,0,"甲斐野柊太",-15.906,-63.121,0,"Kenomo",19.915,-45.703,120,"shimenawa",15.83,-63.17,0,"horisen",45.138,-100.451,0,"紅さかな",-5.552,-121.051,0,"Pizzallaris",-43.4,-103.258,0,3896.426,0.93,-21.784,3898.859,4,"Kenomo",12.298,-43.223,0,0,0,0,0,0,0,2
88,5,0,1,0,0,0,0,0,0,0,255,255,255,37,3944.221,"Espressο",R,26,100,140,0.002,0.543,0.185,1.684,-36.647,0,0,18.492,-157.778,1.688,0,0,1,8,6,L,"horisen",174,95,0.447,0,59,0,0,0,0,0,0,0,0,0,0,0,0,0,0,0,0,0.152,-37.702,0,"ゆっち一",-0.023,-16.411,0,"檸檬の残骸",-19.551,-44.968,0,"mochi_2929",-10.394,-61.984,0,"にゃんこ3K",23.578,-49.323,0,"sano jpn",12.659,-63.966,0,"ぐだもん",43.45,-95.518,0,"alcohol500",4.301,-113.223,0,"あくせる",-36.018,-94.848,0,0,0,0,0,0,"",0,0,0,0,0,0,0,0,0,0
89,5,0,1,0,0,1,0,0,0,0,255,255,255,38,3958.643,"Espressο",R,10,85,115,0.325,-0.423,0.233,1.696,-36.79,0,0,3.256,285.728,-15.352,0,0,0,8,6,L,"horisen",174,95,0.447,0,59,0,0,0,0,0,0,0,0,0,0,0,0,0,0,0,0,0.047,-37.659,0,"ゆっち一",-0.035,-16.513,0,"檸檬の残骸",-19.963,-45.201,0,"mochi_2929",-9.938,-62.165,0,"にゃんこ3K",23.586,-49.389,0,"sano jpn",12.507,-64.243,0,"ぐだもん",43.455,-95.713,0,"alcohol500",3.03,-112.944,0,"あくせる",-36.036,-94.717,0,0,0,0,0,0,"",0,0,0,0,0,0,0,0,0,0
90,5,0,1,0,0,2,0,0,0,0,255,255,255,39,3973.628,"Espressο",R,27,108,140,0.928,1.18,0.267,1.799,-36.701,2,0,31.322,-114.908,-2.69,0,0,1,8,6,L,"horisen",174,95,0.447,3,59,3974.7,245,14,88,96,60,150,98,41.286,14.534,-0.15,0.015,0.033,0.152,0,0.165,-0.261,-37.034,0,"ゆっち一",-0.047,-16.592,0,"檸檬の残骸",-19.906,-45.292,0,"mochi_2929",-10.952,-61.944,0,"にゃんこ3K",23.467,-49.302,0,"sano jpn",12.59,-64.101,0,"ぐだもん",43.702,-96.684,0,"alcohol500",5.52,-115.772,0,"あくせる",-36.03,-94.699,108,0,0,0,3982.192,7,"紅さかな",-26.753,-87.045,0,0,0,0,0,0,0,1
91,5,0,1,0,0,0,1,0,0,0,255,255,255,40,4324.924,"Espressο",R,13,101,124,4.507,0.271,0.554,1.736,-36.923,1,0,-308.918,393.154,-8.565,1.156,-17.343,0,0,7,R,"紅さかな",172.5,87.576,0.452,0,59,0,0,0,0,0,0,0,0,0,0,0,0,0,0,0,0,0.211,-37.188,0,"ゆっち一",0.791,-17.044,0,"檸檬の残骸",-21.181,-46.453,0,"mochi_2929",-10.445,-61.631,0,"にゃんこ3K",22.574,-52.596,0,"sano jpn",9.336,-65.843,0,"ぐだもん",39.301,-91.794,0,"alcohol500",-0.958,-109.097,0,"あくせる",-41.571,-87.185,0,0,0,0,0,0,"",0,0,0,0,0,0,0,0,0,0
92,5,0,1,0,1,0,1,0,0,0,255,255,255,41,4339.379,"Espressο",R,26,105,140,1.355,0.674,0.333,1.712,-36.693,0,0,103.907,-200,-9.774,0,0,0,0,7,R,"紅さかな",172.5,87.576,0.452,0,59,0,0,0,0,0,0,0,0,0,0,0,0,0,0,0,0,0.293,-37.42,0,"ゆっち一",-0.016,-16.431,0,"檸檬の残骸",-21.189,-46.456,0,"mochi_2929",-11.527,-61.62,0,"にゃんこ3K",22.585,-52.567,0,"sano jpn",9.683,-65.492,0,"ぐだもん",34.668,-94.706,0,"alcohol500",-0.143,-112.372,0,"あくせる",-41.634,-87.157,0,0,0,0,0,0,"",0,0,0,0,0,0,0,0,0,0
93,5,0,1,0,1,1,1,0,0,0,255,255,255,42,4352.276,"Espressο",R,8,78,113,1.865,0.497,0.313,1.852,-36.902,2,0,137.911,10.47,-8.745,0,0,1,0,7,R,"紅さかな",172.5,87.576,0.452,3,59,4353.471,229,19,147,107,88,150,118,21.364,-27.879,0.23,-0.035,-0.034,0.09,0,0.299,-0.209,-37.163,0,"ゆっち一",-0.013,-16.545,0,"檸檬の残骸",-21.109,-47.225,0,"mochi_2929",-11.186,-61.225,0,"にゃんこ3K",22.605,-52.658,0,"sano jpn",10.131,-65.535,86,"ぐだもん",35.122,-94.4,98,"alcohol500",0.366,-112.521,0,"あくせる",-41.551,-87.238,0,4357.292,44.881,-99.073,4357.509,6,"ぐだもん",42.723,-95.387,0,0,0,0,0,0,0,1
94,5,0,1,0,0,0,2,0,0,0,255,255,255,43,4388.838,"Espressο",R,10,80,109,-0.308,0.602,0.108,2.071,-36.971,0,0,0,400,-11.088,0,0,0,1,5,L,"shimenawa",175.3,95.407,0.2,0,59,0,0,0,0,0,0,0,0,0,0,0,0,0,0,0,0,0.017,-37.342,0,"ゆっち一",-0.088,-16.525,0,"檸檬の残骸",-20.578,-46.789,0,"mochi_2929",-10.036,-63.055,0,"にゃんこ3K",22.695,-51.042,0,"sano jpn",11.861,-64.854,0,"ぐだもん",40.458,-93.024,0,"alcohol500",2.295,-115.219,0,"あくせる",-36.802,-96.805,0,0,0,0,0,0,"",0,0,0,0,0,0,0,0,0,0
95,5,0,1,0,0,1,2,0,0,0,255,255,255,44,4404.798,"Espressο",R,27,110,140,-1.244,-0.846,0.051,1.46,-36.718,2,0,79.074,-147.882,-1.364,0,0,1,1,5,L,"shimenawa",175.3,95.407,0.2,3,59,4405.916,128,17,142,123,62,142,130,2.987,-35.617,0.46,-0.005,-0.051,0,0,0.249,-0.443,-37.146,0,"ゆっち一",-0.194,-16.704,0,"檸檬の残骸",-20.067,-46.256,0,"mochi_2929",-9.973,-63.055,0,"にゃんこ3K",23.116,-50.839,0,"sano jpn",12.158,-65.078,0,"ぐだもん",40.537,-92.921,0,"alcohol500",3.595,-114.502,0,"あくせる",-37.589,-95.235,0,4407.192,23.933,-51.171,4407.375,4,"にゃんこ3K",20.336,-46.682,0,0,0,0,0,0,0,1
96,6,1,1,0,0,0,0,0,0,0,255,255,255,51,4458.878,"-Alta-",L,26,78,129,0.82,0.332,-0.094,1.846,-36.309,0,0,-106.827,-200,-5.085,0,0,0,3,4,R,"にゃんこ3K",190,89.64,0.546,0,59,0,0,0,0,0,0,0,0,0,0,0,0,0,0,0,0,0.418,-37.312,0,"あおいぬ",-0.012,-16.882,0,"P0TA0",-19.658,-44.677,0,"甲斐野柊太",-12.743,-64.271,0,"Kenomo",19.219,-45.419,0,"shimenawa",14.76,-63.145,0,"horisen",41.783,-103.578,0,"紅さかな",0.591,-121.261,0,"Pizzallaris",-41.193,-99.45,0,0,0,0,0,0,"",0,0,0,0,0,0,0,0,0,0
97,6,1,1,0,0,1,0,0,0,0,255,255,255,52,4477.897,"-Alta-",L,6,64,95,-3.448,0.467,-0.351,1.769,-36.446,1,0,-408.528,0,-10.93,0,0,0,3,4,R,"にゃんこ3K",190,89.64,0.546,0,59,0,0,0,0,0,0,0,0,0,0,0,0,0,0,0,0,0.594,-37.571,0,"あおいぬ",-0.247,-16.933,0,"P0TA0",-19.834,-44.531,0,"甲斐野柊太",-11.606,-64.958,0,"Kenomo",18.361,-46.101,0,"shimenawa",13.988,-64.333,0,"horisen",41.803,-103.645,0,"紅さかな",-0.023,-121.743,0,"Pizzallaris",-42.792,-99.159,0,0,0,0,0,0,"",0,0,0,0,0,0,0,0,0,0
98,6,1,1,0,1,1,0,0,0,0,255,255,255,53,4494.057,"-Alta-",L,13,65,95,1.683,-0.983,-0.228,1.702,-36.432,1,0,316.987,339.534,-0.628,0.563,-17.203,0,3,4,R,"にゃんこ3K",190,89.64,0.546,0,59,0,0,0,0,0,0,0,0,0,0,0,0,0,0,0,0,0.428,-37.561,0,"あおいぬ",-0.077,-16.905,0,"P0TA0",-19.867,-44.479,0,"甲斐野柊太",-14.973,-63.021,0,"Kenomo",19.075,-44.888,0,"shimenawa",14.298,-63.318,0,"horisen",40.568,-104.26,0,"紅さかな",0.973,-121.46,0,"Pizzallaris",-42.78,-99.169,0,0,0,0,0,0,"",0,0,0,0,0,0,0,0,0,0
99,6,1,1,0,2,1,0,0,0,0,255,255,255,54,4510.764,"-Alta-",L,26,83,135,1.819,0.068,0.009,1.76,-36.26,2,0,-86.098,-200,-11.709,0,0,1,3,4,R,"にゃんこ3K",190,89.64,0.546,3,59,4511.877,171,13,56,92,43,139,90,43.109,18.731,-0.67,0.05,-0.077,0.098,0,0.214,0.226,-37.015,0,"あおいぬ",0.066,-17.008,0,"P0TA0",-20.117,-44.617,0,"甲斐野柊太",-14.889,-63.983,93,"Kenomo",19.138,-44.912,0,"shimenawa",13.681,-63.752,0,"horisen",42.673,-105.157,0,"紅さかな",1.072,-121.324,0,"Pizzallaris",-42.784,-99.172,0,0,0,0,4517.242,3,"甲斐野柊太",-22.989,-80.384,0,0,0,0,0,0,0,1
100,6,1,1,0,0,0,1,0,0,0,255,255,255,55,4544.024,"-Alta-",L,10,69,101,0.514,-0.876,-0.212,1.79,-36.395,0,0,127.242,358.999,-1.154,0.222,-16.912,0,4,0,R,"559：広告",190,89.713,0.324,0,36,0,0,0,0,0,0,0,0,0,0,0,0,0,0,0,0,0.151,-36.883,0,"あおいぬ",-0.051,-16.789,0,"P0TA0",-20.406,-44.39,0,"甲斐野柊太",-12.503,-64.878,0,"Kenomo",17.143,-43.486,0,"shimenawa",14.537,-64.094,0,"horisen",42.232,-108.271,0,"紅さかな",-1.74,-119.172,0,"Pizzallaris",-42.564,-98.861,0,0,0,0,0,0,"",0,0,0,0,0,0,0,0,0,0
101,6,1,1,0,0,1,1,0,0,0,255,255,255,56,4562.758,"-Alta-",L,26,85,138,1.44,0.056,-0.042,1.864,-36.269,2,0,-43.846,-163.436,-6.282,0.205,-20.738,1,4,0,R,"559：広告",190,89.713,0.324,3,36,4564.543,255,1,12,58,11,34,34,-48.609,4.939,1,-0.013,0.017,0.332,0.667,0.662,0.26,-36.293,0,"あおいぬ",0.02,-16.883,0,"P0TA0",-20.419,-44.399,0,"甲斐野柊太",-15.18,-63.423,0,"Kenomo",17.122,-43.47,0,"shimenawa",13.366,-64.213,0,"horisen",42.254,-108.233,0,"紅さかな",-2.109,-119.059,0,"Pizzallaris",-41.706,-99.904,0,4564.659,0.209,-21.01,4625.159,3,"mochi_2929",0.563,-37.81,0,0,0,0,0,0,0,0
102,6,1,1,0,0,2,1,0,0,0,255,255,255,57,4628.287,"-Alta-",L,26,79,130,1.795,0.487,-0.106,1.945,-36.589,2,0,-86.367,-177.761,-2.69,0,0,1,4,0,R,"559：広告",190,89.713,0.324,3,36,4629.442,255,6,84,89,56,150,89,108.365,59.883,-0.88,-0.008,-0.085,0.268,0,0.446,0.647,-36.722,0,"あおいぬ",0.016,-16.891,0,"P0TA0",-20.176,-44.81,0,"甲斐野柊太",-12.187,-64.992,0,"Kenomo",16.827,-44.249,0,"shimenawa",14.948,-63.307,0,"horisen",42.246,-108.238,0,"紅さかな",-0.204,-122.42,0,"Pizzallaris",-42.425,-105.571,0,0,0,0,0,0,"",0,0,0,0,0,0,0,0,0,3
103,6,1,1,0,0,2,1,0,0,0,255,255,255,58,4648.621,"-Alta-",L,0,57,99,-0.168,0.991,-0.235,1.938,-36.737,2,0,0,0,-1.248,0,0,1,4,0,R,"559：広告",190,89.713,0.324,3,36,4649.965,189,8,64,89,54,142,111,92.78,-75.724,0.88,-0.007,-0.038,0.105,0,0.172,0.363,-36.914,0,"あおいぬ",-0.004,-16.889,0,"P0TA0",-20.369,-44.823,0,"甲斐野柊太",-13.009,-64.543,0,"Kenomo",19.708,-45.011,0,"shimenawa",14.315,-63.767,0,"horisen",41.718,-108.971,0,"紅さかな",-0.335,-121.367,0,"Pizzallaris",-42.812,-106.685,0,0,0,0,0,0,"",0,0,0,0,0,0,0,0,0,3
104,6,1,1,0,0,2,1,0,0,0,255,255,255,59,4674.488,"-Alta-",L,26,86,140,0.865,0.055,-0.081,1.756,-36.29,2,0,-103.274,-186.54,-8.011,-0.675,-19.432,1,4,0,R,"559：広告",190,89.713,0.324,3,36,4675.613,234,5,77,81,39,150,91,-49.341,48.626,-0.8,-0.013,-0.093,0.253,0,0.32,0.303,-36.673,0,"あおいぬ",0.035,-16.916,0,"P0TA0",-19.964,-44.747,0,"甲斐野柊太",-11.064,-65.827,0,"Kenomo",18.742,-43.563,0,"shimenawa",14.675,-62.748,0,"horisen",41.414,-107.452,0,"紅さかな",0.517,-120.241,0,"Pizzallaris",-43.044,-103.868,0,4677.359,-19.312,-41.712,4677.609,2,"P0TA0",-17.874,-40.096,0,0,0,0,0,0,0,1
105,6,1,1,0,0,0,2,0,0,0,255,255,255,60,4702.298,"-Alta-",L,6,64,97,0.039,0.342,0.174,1.791,-36.476,0,0,-320.347,0,-4.161,0,0,0,5,7,L,"alcohol500",166.4,91.556,0.2,0,59,0,0,0,0,0,0,0,0,0,0,0,0,0,0,0,0,0.175,-37.459,0,"あおいぬ",-0.118,-16.921,0,"P0TA0",-20.089,-44.644,0,"甲斐野柊太",-11.421,-65.362,0,"Kenomo",18.549,-44.579,0,"shimenawa",14.641,-62.889,0,"horisen",42.857,-104.192,0,"紅さかな",-0.435,-121.924,0,"Pizzallaris",-44.6,-107.376,0,0,0,0,0,0,"",0,0,0,0,0,0,0,0,0,0
106,6,1,1,0,0,1,2,0,0,0,255,255,255,61,4721.122,"-Alta-",L,27,87,140,1.018,-1.47,-0.145,1.749,-36.273,4,0,-66.947,-143.882,-3.923,0,0,1,5,7,L,"alcohol500",166.4,91.556,0.2,0,59,0,0,0,0,0,0,0,0,0,0,0,0,0,0,0,0,0.263,-36.489,0,"あおいぬ",0.105,-16.945,0,"P0TA0",-20.226,-44.499,0,"甲斐野柊太",-10.012,-66.067,0,"Kenomo",19.963,-44.574,0,"shimenawa",12.554,-63.37,0,"horisen",42.797,-104.13,0,"紅さかな",0.08,-122.043,0,"Pizzallaris",-44.441,-107.852,0,0,0,0,0,0,"",0,0,0,0,0,0,0,0,0,0
107,6,1,1,0,0,2,2,0,0,0,255,255,255,62,4737.554,"-Alta-",L,27,87,140,-1.819,-0.505,-0.273,1.626,-36.183,4,0,-33.746,-148.341,-1.081,0,0,1,5,7,L,"alcohol500",166.4,91.556,0.2,0,59,0,0,0,0,0,0,0,0,0,0,0,0,0,0,0,0,0.3,-36.964,0,"あおいぬ",-0.135,-17.099,0,"P0TA0",-20.488,-43.984,0,"甲斐野柊太",-11.927,-65.078,0,"Kenomo",19.959,-44.622,0,"shimenawa",10.163,-63.21,0,"horisen",42.799,-104.212,0,"紅さかな",-0.325,-122.221,0,"Pizzallaris",-44.03,-107.792,0,0,0,0,0,0,"",0,0,0,32,0,0,0,0,0,0
108,6,0,1,0,0,0,0,0,0,0,255,255,255,45,4794.312,"Espressο",R,13,101,124,0.138,-0.613,0.41,1.622,-36.812,0,0,-384.166,320.025,-19.24,-0.106,-17.516,1,2,0,L,"-Alta-",190.4,84,0.479,0,59,0,0,0,0,0,0,0,0,0,0,0,0,0,0,0,0,-0.136,-37.388,0,"ゆっち一",-0.101,-16.799,0,"檸檬の残骸",-20.245,-46.121,0,"mochi_2929",-7.76,-62.599,0,"にゃんこ3K",23.255,-50.15,0,"sano jpn",12.426,-64.053,0,"ぐだもん",43.055,-90.043,0,"alcohol500",-0.332,-111.494,0,"あくせる",-33.531,-96.384,0,0,0,0,0,0,"",0,0,0,0,0,0,0,0,0,0
109,6,0,1,0,0,1,0,0,0,0,255,255,255,46,4810.454,"Espressο",R,26,110,140,1.788,1.999,0.314,1.971,-36.859,1,0,143.576,-200,-8.676,0,0,0,2,0,L,"-Alta-",190.4,84,0.479,0,59,0,0,0,0,0,0,0,0,0,0,0,0,0,0,0,0,0.126,-37.509,0,"ゆっち一",-0.042,-16.385,0,"檸檬の残骸",-21.421,-46.595,0,"mochi_2929",-7.428,-62.256,0,"にゃんこ3K",23.265,-50.245,0,"sano jpn",12.537,-63.878,0,"ぐだもん",44.417,-95.013,0,"alcohol500",1.474,-112.927,0,"あくせる",-33.554,-96.366,0,0,0,0,0,0,"",0,0,0,0,0,0,0,0,0,0
110,6,0,1,0,1,1,0,0,0,0,255,255,255,47,4824.48,"Espressο",R,10,81,109,0.494,1.237,0.163,2.059,-36.931,2,0,0,400,-6.712,0,0,1,2,0,L,"-Alta-",190.4,84,0.479,3,59,4825.634,255,8,82,52,16,149,95,14.619,-30.617,0.93,0.026,-0.041,0.3,0,0.476,-0.28,-37.118,0,"ゆっち一",-0.081,-16.52,0,"檸檬の残骸",-20.461,-47.006,0,"mochi_2929",-10.029,-61.51,72,"にゃんこ3K",23.203,-50.231,0,"sano jpn",12.655,-63.774,0,"ぐだもん",44.348,-95.127,90,"alcohol500",0.592,-113.766,0,"あくせる",-34.506,-96.444,0,4829.442,35.682,-82.215,4829.792,6,"ぐだもん",35.536,-81.933,1,0,0,0,0,0,0,2
111,6,0,1,0,0,0,0,1,0,0,9,255,255,48,4856.203,"Espressο",R,15,64,110,-0.869,-0.62,0.109,1.388,-36.689,0,0,0,-400,-100.796,0,0,0,3,1,R,"あおいぬ",190,84.682,0.43,0,59,0,0,0,0,0,0,0,0,0,0,0,0,0,0,0,0,-0.014,-37.706,0,"ゆっち一",-0.093,-16.569,0,"檸檬の残骸",-19.966,-44.17,0,"mochi_2929",-11.112,-61.223,0,"にゃんこ3K",19.499,-47.914,0,"sano jpn",5.252,-62.205,0,"ぐだもん",29.948,-107.11,0,"alcohol500",-12.109,-116.024,0,"あくせる",-42.731,-88.435,0,0,0,0,0,0,"",0,0,0,0,0,0,0,0,0,0
112,6,0,1,0,0,1,0,1,0,0,9,255,255,49,4871.274,"Espressο",R,10,94,128,0.909,-0.898,0.275,1.601,-36.814,0,0,0,400,-12.19,0,0,1,3,1,R,"あおいぬ",190,84.682,0.43,0,59,0,0,0,0,0,0,0,0,0,0,0,0,0,0,0,0,0.024,-37.633,0,"ゆっち一",0.05,-16.431,0,"檸檬の残骸",-19.757,-44.727,0,"mochi_2929",-11.624,-61.726,0,"にゃんこ3K",20.377,-48.38,0,"sano jpn",4.728,-62.438,0,"ぐだもん",29.086,-105.026,0,"alcohol500",-14.656,-115.623,0,"あくせる",-42.743,-88.412,0,0,0,0,0,0,"",0,0,0,0,0,0,0,0,0,0
113,6,0,1,0,0,2,0,1,0,0,9,255,255,50,4885.328,"Espressο",R,13,106,126,-4.226,-1.063,-0.111,1.57,-36.753,1,0,-269.92,400,-11.546,-1.146,-17.063,0,3,1,R,"あおいぬ",190,84.682,0.43,0,59,0,0,0,0,0,0,0,0,0,0,0,0,0,0,0,0,-0.099,-37.491,0,"ゆっち一",-0.905,-17.027,0,"檸檬の残骸",-19.967,-44.119,0,"mochi_2929",-11.403,-61.781,0,"にゃんこ3K",20.375,-48.443,0,"sano jpn",2.45,-61.906,0,"ぐだもん",28.941,-104.674,0,"alcohol500",-11.458,-114.238,0,"あくせる",-42.708,-88.225,0,0,0,0,0,0,"",0,0,0,0,0,0,0,0,0,0
114,6,0,1,0,1,2,0,1,0,0,9,255,255,51,4904.893,"Espressο",R,26,112,140,-0.016,1.286,0.176,1.924,-36.702,2,0,26.465,-200,-2.581,0,0,1,3,1,R,"あおいぬ",190,84.682,0.43,3,59,4906.039,205,8,96,74,33,150,130,30.322,-5.529,0.61,-0.035,0.027,0.225,0,0.544,-0.282,-37.022,0,"ゆっち一",-0.013,-16.506,0,"檸檬の残骸",-19.46,-44.371,0,"mochi_2929",-11.656,-61.49,0,"にゃんこ3K",20.389,-48.381,0,"sano jpn",6.564,-64.663,0,"ぐだもん",29.022,-104.696,0,"alcohol500",-12.677,-116.54,0,"あくせる",-44.958,-88.446,0,4912.208,-4.011,-139.563,0,0,"",0,0,0,0,0,0,0,0,0,4
115,6,0,1,2,0,0,0,0,0,0,255,255,255,52,4948.709,"Espressο",R,26,112,140,1.503,0.589,0.297,1.7,-36.691,2,0,112.434,-200,-15.98,0,0,1,4,4,R,"Kenomo",190,80,0.469,3,59,4949.82,254,8,120,80,26,150,91,29.161,-43.972,-0.8,0.036,-0.012,0.185,0,0.171,-0.111,-37.218,0,"ゆっち一",0.006,-16.728,0,"檸檬の残骸",-20.937,-46.619,0,"mochi_2929",-11.788,-61.026,0,"にゃんこ3K",22.313,-50.799,0,"sano jpn",10.773,-65.182,0,"ぐだもん",39.002,-94.849,0,"alcohol500",-0.957,-112.991,0,"あくせる",-41.328,-90.103,0,4954.675,61.622,-68.892,0,0,"",0,0,0,0,0,0,0,0,0,3
116,6,0,1,2,0,1,0,0,0,0,255,255,255,53,4969.226,"Espressο",R,3,114,127,-1.056,-0.884,0.232,1.516,-36.702,2,0,-422.139,144.739,-10.342,0,0,1,4,4,R,"Kenomo",190,80,0.469,3,102,4970.329,179,8,107,107,63,150,114,25.458,20.888,0.83,-0.011,-0.084,0.061,0.238,0.349,-0.226,-36.975,0,"ゆっち一",0.03,-16.693,0,"檸檬の残骸",-20.861,-45.875,0,"mochi_2929",-12.092,-61.036,0,"にゃんこ3K",23.756,-50.971,0,"sano jpn",12.287,-64.34,85,"ぐだもん",42.349,-96.998,0,"alcohol500",0.688,-112.457,0,"あくせる",-43.76,-90.034,104,4975.625,-43.217,-113.51,4977.775,8,"あくせる",-44.611,-115.698,1,0,0,0,0,0,0,2
117,6,0,1,2,0,0,0,0,1,0,255,13,255,54,5022.997,"Espressο",R,26,114,140,-0.075,-0.14,0.16,1.57,-36.551,2,0,83.088,-169.99,-4.545,0,0,1,5,3,R,"甲斐野柊太",175.2,80,0.2,3,59,5024.066,255,13,115,84,55,150,125,30.107,17.951,0.28,0.043,-0.016,0.132,0.048,0.163,-0.341,-37.001,0,"ゆっち一",-0.073,-16.682,0,"檸檬の残骸",-20.691,-47.296,0,"mochi_2929",-11.319,-60.276,0,"にゃんこ3K",19.021,-43.952,0,"sano jpn",5.695,-57.857,0,"ぐだもん",38.827,-92.694,0,"alcohol500",0.991,-113.445,0,"あくせる",-41.437,-86.262,0,5032.625,-58.058,-135.353,0,0,"",0,0,0,0,0,0,0,0,0,4
118,6,0,1,4,0,0,0,0,0,0,255,255,255,55,5066.032,"Espressο",R,13,99,123,0.779,0.133,0.404,1.881,-36.807,0,0,-200.413,400,-14.752,0,0,0,6,2,R,"P0TA0",190,97,0.646,0,59,0,0,0,0,0,0,0,0,0,0,0,0,0,0,0,0,0.122,-37.252,0,"ゆっち一",-0.093,-16.437,0,"檸檬の残骸",-20.994,-46.854,0,"mochi_2929",-9.51,-60.458,0,"にゃんこ3K",23.423,-50.465,0,"sano jpn",9.366,-65.084,0,"ぐだもん",39.569,-91.373,0,"alcohol500",1.406,-115.604,0,"あくせる",-42.666,-90.195,0,0,0,0,0,0,"",0,0,0,0,0,0,0,0,0,0
119,6,0,1,4,0,1,0,0,0,0,255,255,255,56,5081.378,"Espressο",R,6,71,101,3.133,0.195,0.228,1.863,-37.006,1,0,387.153,0,-6.053,0,0,0,6,2,R,"P0TA0",190,97,0.646,0,59,0,0,0,0,0,0,0,0,0,0,0,0,0,0,0,0,-0.165,-37.422,0,"ゆっち一",0.114,-16.515,0,"檸檬の残骸",-20.983,-46.868,0,"mochi_2929",-11.155,-61.039,0,"にゃんこ3K",23.476,-50.519,0,"sano jpn",9.338,-65.113,0,"ぐだもん",38.413,-90.997,0,"alcohol500",0.43,-114.673,0,"あくせる",-42.684,-90.267,0,0,0,0,0,0,"",0,0,0,0,0,0,0,0,0,0
120,6,0,1,4,1,1,0,0,0,0,255,255,255,57,5097.413,"Espressο",R,26,118,140,1.755,0.363,0.382,1.657,-36.719,2,0,119.432,-200,-20.925,0,0,1,6,2,R,"P0TA0",190,97,0.646,3,59,5098.358,255,14,112,92,29,150,128,107.554,-70.273,0.28,-0.005,0.009,0.2,0,0.266,-0.277,-37.034,0,"ゆっち一",-0.022,-16.583,0,"檸檬の残骸",-20.97,-46.834,0,"mochi_2929",-11.111,-60.854,0,"にゃんこ3K",22.555,-50.183,0,"sano jpn",9.331,-65.002,0,"ぐだもん",39.657,-90.714,0,"alcohol500",-0.081,-111.964,0,"あくせる",-42.699,-90.298,0,0,0,0,0,0,"",0,0,0,0,0,0,0,0,0,3
121,6,0,1,4,1,2,0,0,0,0,255,255,255,58,5115.331,"Espressο",R,10,80,108,2.093,-0.436,0.378,1.893,-37.035,2,0,0,400,-14.545,0,0,1,6,2,R,"P0TA0",190,97,0.646,3,59,5116.373,201,14,83,58,36,150,89,39.83,-37.008,-0.86,-0.003,-0.026,0.16,0,0.089,-0.606,-37.061,0,"ゆっち一",-0.011,-16.563,0,"檸檬の残骸",-21.045,-46.853,0,"mochi_2929",-11.28,-61.514,0,"にゃんこ3K",22.557,-50.138,0,"sano jpn",10.3,-65.352,0,"ぐだもん",39.999,-91.659,61,"alcohol500",-0.881,-111.908,0,"あくせる",-43.22,-89.146,0,0,0,0,5121.392,6,"ぐだもん",38.256,-76.292,0,0,0,0,0,0,0,1
122,6,0,1,4,0,0,1,0,0,0,255,255,255,59,5139.919,"Espressο",R,26,117,140,0.719,0.728,0.264,1.714,-36.721,0,0,58.568,-193.487,-9.23,0,0,0,7,8,R,"Pizzallaris",166.4,88.152,0.346,0,59,0,0,0,0,0,0,0,0,0,0,0,0,0,0,0,0,0.247,-37.637,0,"ゆっち一",-0.063,-16.46,0,"檸檬の残骸",-19.77,-45.829,0,"mochi_2929",-9.033,-60.921,0,"にゃんこ3K",22.273,-51.117,0,"sano jpn",11.368,-64.827,0,"ぐだもん",38.737,-91.69,0,"alcohol500",-1.713,-106.828,0,"あくせる",-40.867,-87.256,0,0,0,0,0,0,"",0,0,0,0,0,0,0,0,0,0
123,6,0,1,4,0,1,1,0,0,0,255,255,255,60,5222.193,"Espressο",R,10,100,125,1.498,0.542,0.433,1.953,-36.806,2,0,-69.285,400,-18.058,0,0,1,7,8,R,"Pizzallaris",166.4,88.152,0.346,3,59,5223.319,241,18,118,88,38,150,81,38.828,-39.503,-0.85,0.021,0.017,0.15,0.143,0.269,-0.377,-36.928,0,"ゆっち一",0.029,-16.59,0,"檸檬の残骸",-19.948,-46.025,0,"mochi_2929",-10.726,-60.974,0,"にゃんこ3K",22.328,-51.491,0,"sano jpn",11.489,-64.546,86,"ぐだもん",34.419,-94.417,108,"alcohol500",-1.326,-111.666,0,"あくせる",-40.517,-87.351,0,5228.125,45.492,-67.134,5231.242,6,"ぐだもん",60.096,-80.513,1,0,0,0,0,0,0,2
124,6,0,1,4,0,0,1,0,1,0,255,17,255,61,5257.158,"Espressο",R,26,106,140,0.134,1.571,0.175,1.93,-36.758,2,0,75.416,-200,-1.051,0,0,1,8,6,L,"horisen",174,95,0.447,3,59,5258.281,173,10,78,80,36,150,127,12.722,5.758,0.46,-0.014,0.046,0.248,0,0.203,-0.294,-37.335,0,"ゆっち一",-0.063,-16.407,0,"檸檬の残骸",-19.978,-44.722,0,"mochi_2929",-9.714,-61.691,0,"にゃんこ3K",19.365,-45.753,0,"sano jpn",13.978,-63.884,60,"ぐだもん",39.768,-92.121,0,"alcohol500",5.438,-109.833,95,"あくせる",-35.513,-95.379,0,5263.442,-24.519,-131.09,5265.259,7,"alcohol500",-18.734,-122.999,1,0,0,0,0,0,0,2
125,6,0,1,5,0,0,1,0,1,0,255,15,255,62,5294.906,"Espressο",R,12,104,136,1.913,-0.148,0.476,1.649,-36.812,1,0,-43.286,115.6,-3.444,0,0,0,0,7,R,"紅さかな",172.5,87.576,0.452,0,59,0,0,0,0,0,0,0,0,0,0,0,0,0,0,0,0,0.213,-37.478,0,"ゆっち一",-0.106,-16.41,0,"檸檬の残骸",-20.516,-46.962,0,"mochi_2929",-9.307,-60.994,0,"にゃんこ3K",21.244,-46.183,0,"sano jpn",4.396,-59.351,0,"ぐだもん",34.736,-97.335,0,"alcohol500",0.503,-116.48,0,"あくせる",-42.019,-89.324,0,0,0,0,0,0,"",0,0,0,0,0,0,0,0,0,0
126,6,0,1,5,1,0,1,0,1,0,255,15,255,63,5307.933,"Espressο",R,10,102,130,1.485,0.246,0.411,1.849,-36.761,2,0,-31.096,329.032,-3.804,0,0,1,0,7,R,"紅さかな",172.5,87.576,0.452,3,59,5309.056,188,18,111,69,31,150,89,-45.754,41.359,-0.55,0.026,-0.016,0,0,0.405,-0.153,-37.002,0,"ゆっち一",0.027,-16.561,0,"檸檬の残骸",-20.527,-47.043,97,"mochi_2929",-11.722,-61.83,0,"にゃんこ3K",21.002,-48.37,85,"sano jpn",4.649,-58.126,0,"ぐだもん",34.894,-96.646,0,"alcohol500",1.038,-117.474,0,"あくせる",-44.305,-88.32,0,5309.209,-0.519,-19.902,5311.142,2,"檸檬の残骸",-18.969,-40.675,0,0,0,0,0,0,0,2
127,6,0,1,5,0,0,2,0,0,1,255,255,15,64,5337.729,"Espressο",R,26,108,140,-1.425,0.789,-0.039,1.749,-36.7,2,0,69.287,-191.365,-0.824,0,0,1,1,5,L,"shimenawa",175.3,95.407,0.2,3,59,5338.876,137,11,102,75,28,145,87,23.812,15.387,-0.71,-0.051,-0.024,0.153,0.044,0.316,-0.277,-37.281,0,"ゆっち一",-0.209,-16.557,0,"檸檬の残骸",-20.513,-46.083,0,"mochi_2929",-10.742,-62.283,0,"にゃんこ3K",18.975,-42.359,0,"sano jpn",12.41,-62.802,0,"ぐだもん",45.653,-95.234,0,"alcohol500",3.788,-114.626,0,"あくせる",-39.307,-96.269,0,0,0,0,5343.992,8,"あくせる",-21.418,-90.712,0,0,0,0,0,0,0,1
128,7,1,1,5,0,0,0,0,0,0,255,255,255,63,5397.062,"-Alta-",L,26,78,129,-1.475,0.341,-0.367,1.873,-36.585,2,0,-120.872,-197.385,-0.491,0,0,1,6,2,R,"檸檬の残骸",190,80,0.414,3,59,5398.24,255,11,144,123,73,150,95,22.76,29.811,0.93,-0.018,-0.037,0.071,0.238,0.468,0.829,-37,0,"あおいぬ",-0.017,-16.896,0,"P0TA0",-20.245,-44.96,0,"甲斐野柊太",-12.569,-64.199,0,"Kenomo",17.962,-43.763,0,"shimenawa",16.095,-63.344,0,"horisen",42.36,-103.741,0,"紅さかな",0.815,-122.93,0,"Pizzallaris",-41.984,-99.211,86,5403.042,-37.454,-93.876,5403.192,8,"Pizzallaris",-36.572,-91.96,0,0,0,0,0,0,0,1
129,7,1,1,5,0,0,1,0,0,0,255,255,255,64,5427.118,"-Alta-",L,26,90,140,0.611,-0.767,-0.013,1.643,-36.278,0,0,-98.15,-181.985,-11.389,0,0,0,7,8,R,"あくせる",175.2,86.41,0.669,0,59,0,0,0,0,0,0,0,0,0,0,0,0,0,0,0,0,0.582,-37.55,0,"あおいぬ",-0.005,-16.781,0,"P0TA0",-20.845,-45.091,0,"甲斐野柊太",-12.435,-65.236,0,"Kenomo",17.454,-43.287,0,"shimenawa",14.44,-63.398,0,"horisen",42.304,-102.989,0,"紅さかな",-0.515,-121.335,0,"Pizzallaris",-41.396,-98.231,0,0,0,0,0,0,"",0,0,0,0,0,0,0,0,0,0
130,7,1,1,5,0,1,1,0,0,0,255,255,255,65,5444.212,"-Alta-",L,27,89,140,-0.692,-1.965,-0.257,1.614,-36.224,1,0,-63.611,-108.588,-2.732,0,0,0,7,8,R,"あくせる",175.2,86.41,0.669,0,59,0,0,0,0,0,0,0,0,0,0,0,0,0,0,0,0,0.231,-36.677,0,"あおいぬ",-0.112,-16.768,0,"P0TA0",-20.955,-44.905,0,"甲斐野柊太",-12.555,-64.974,0,"Kenomo",17.372,-44.095,0,"shimenawa",9.746,-63.44,0,"horisen",42.222,-102.849,0,"紅さかな",-0.304,-121.417,0,"Pizzallaris",-42.444,-99.433,0,0,0,0,0,0,"",0,0,0,0,0,0,0,0,0,0
131,7,1,1,5,1,1,1,0,0,0,255,255,255,66,5460.776,"-Alta-",L,26,90,140,0.955,0.431,-0.057,1.769,-36.335,2,0,-46.781,-200,-3.952,0,0,1,7,8,R,"あくせる",175.2,86.41,0.669,3,59,5461.926,250,12,82,68,41,150,127,25.311,38.136,0.35,0.037,-0.074,0.191,0,0.099,0.521,-36.754,0,"あおいぬ",0.041,-16.914,0,"P0TA0",-20.54,-44.7,0,"甲斐野柊太",-12.777,-65.252,0,"Kenomo",17.43,-43.905,0,"shimenawa",14.061,-63.113,0,"horisen",42.264,-102.936,0,"紅さかな",0.129,-121.635,0,"Pizzallaris",-42.464,-99.447,0,5467.092,-87.325,-95.889,0,0,"",0,0,0,0,0,0,0,0,0,3
132,7,1,1,5,1,2,1,0,0,0,255,255,255,67,5483.152,"-Alta-",L,0,70,110,0.235,-0.507,-0.16,1.668,-36.392,2,0,0.944,10.726,-5.306,0,0,1,7,8,R,"あくせる",175.2,86.41,0.669,3,72,5484.393,255,19,91,93,65,150,122,-30,24.253,0.22,-0.006,-0.096,0.161,0,0.241,0.209,-36.962,0,"あおいぬ",0.026,-16.944,0,"P0TA0",-20.432,-44.624,86,"甲斐野柊太",-12.511,-65.072,0,"Kenomo",19.95,-43.855,0,"shimenawa",14.117,-60.572,0,"horisen",42.33,-100.006,0,"紅さかな",-1.339,-122.381,0,"Pizzallaris",-42.83,-105.761,96,5484.492,-0.452,-20.86,5488.092,8,"Pizzallaris",-31.819,-91.509,1,0,0,0,0,0,0,2
133,7,1,1,5,0,0,1,1,0,0,8,255,255,68,5514.982,"-Alta-",L,0,52,96,-0.702,0.496,-0.322,1.887,-36.789,2,0,0,0,-0.708,0,0,1,8,6,R,"ぐだもん",174.9,92.695,0.328,3,59,5516.019,255,16,129,136,47,150,85,0.148,29.755,-0.8,0.007,0.095,0.151,0,0.144,0.454,-36.855,0,"あおいぬ",0.023,-16.956,0,"P0TA0",-17.927,-39.886,0,"甲斐野柊太",-11.286,-57.856,107,"Kenomo",17.145,-43.852,0,"shimenawa",14.038,-63.106,0,"horisen",41.408,-104.315,0,"紅さかな",-0.683,-120.69,0,"Pizzallaris",-42.111,-104.975,0,5516.909,-7.655,-34.019,5518.325,3,"甲斐野柊太",-15.676,-53.006,0,128,0,0,0,0,0,2
134,7,0,1,5,0,0,0,0,0,0,255,255,255,65,5567.916,"Espressο",R,12,111,136,-0.538,-0.677,0.157,1.538,-36.7,2,0,-55.399,99.353,-4.498,0,0,1,2,0,L,"-Alta-",190.4,84,0.479,3,59,5568.815,239,17,159,143,60,150,120,-30,6.113,0.41,0.123,-0.165,0.172,0,0.439,-0.33,-36.912,0,"ゆっち一",-0.116,-16.574,0,"檸檬の残骸",-20.849,-47.005,86,"mochi_2929",-11.17,-62.781,103,"にゃんこ3K",23.298,-50.43,0,"sano jpn",12.299,-64.075,0,"ぐだもん",43.827,-93.021,0,"alcohol500",0.816,-116.291,0,"あくせる",-39.903,-99.219,0,5568.959,-0.197,-20.812,5570.759,3,"mochi_2929",-8.667,-58.213,0,0,0,0,0,0,0,2
135,7,0,1,5,0,0,1,0,0,0,255,255,255,66,5592.598,"Espressο",R,3,107,129,-0.564,-0.215,0.265,1.597,-36.743,0,0,-386.696,0,-3.192,0,0,1,3,1,R,"あおいぬ",190,84.682,0.43,0,59,0,0,0,0,0,0,0,0,0,0,0,0,0,0,0,0,0.007,-37.442,0,"ゆっち一",-0.091,-16.473,0,"檸檬の残骸",-20.202,-45.765,0,"mochi_2929",-11.706,-62.241,0,"にゃんこ3K",22.922,-50.4,0,"sano jpn",4.527,-64.158,0,"ぐだもん",36.815,-94.658,0,"alcohol500",-13.69,-120.245,0,"あくせる",-45.673,-90.462,0,0,0,0,0,0,"",0,0,0,0,0,0,0,0,0,0
136,7,0,1,5,0,1,1,0,0,0,255,255,255,67,5606.31,"Espressο",R,13,108,126,-3.08,-0.411,0.029,1.673,-36.819,2,0,-368.698,337.731,-17.906,0,0,1,3,1,R,"あおいぬ",190,84.682,0.43,3,59,5607.42,171,17,63,103,72,141,101,-30,15.495,0.93,-0.066,-0.021,0.041,0,0.568,-0.427,-37.178,0,"ゆっち一",-0.102,-16.604,0,"檸檬の残骸",-20.701,-46.315,0,"mochi_2929",-11.556,-62.364,90,"にゃんこ3K",23.366,-50.843,0,"sano jpn",8.495,-65.754,0,"ぐだもん",31.074,-104.612,0,"alcohol500",-13.908,-120.794,0,"あくせる",-45.668,-90.422,0,5607.559,-0.982,-21.713,5609.509,3,"mochi_2929",-10.622,-55.786,0,0,0,0,0,0,0,2
137,7,0,1,5,0,0,2,0,0,0,255,255,255,68,5629.043,"Espressο",R,26,112,140,1.762,1.584,0.325,1.892,-36.836,1,0,97.508,-200,-12.995,0,0,0,4,4,R,"Kenomo",190,80,0.469,0,59,0,0,0,0,0,0,0,0,0,0,0,0,0,0,0,0,0.304,-37.494,0,"ゆっち一",-0.064,-16.375,0,"檸檬の残骸",-21.059,-46.207,0,"mochi_2929",-10.239,-61.844,0,"にゃんこ3K",23.134,-51.747,0,"sano jpn",8.996,-65.098,0,"ぐだもん",42.321,-90.86,0,"alcohol500",1.02,-117.335,0,"あくせる",-44.283,-89.842,0,0,0,0,0,0,"",0,0,0,0,0,0,0,0,0,0
138,7,0,1,5,1,0,2,0,0,0,255,255,255,69,5641.238,"Espressο",R,13,108,126,0.399,-0.266,0.342,1.714,-36.798,0,0,-335.527,370.704,-4.786,0,0,0,4,4,R,"Kenomo",190,80,0.469,0,59,0,0,0,0,0,0,0,0,0,0,0,0,0,0,0,0,-0.072,-37.485,0,"ゆっち一",-0.118,-16.335,0,"檸檬の残骸",-20.793,-45.952,0,"mochi_2929",-10.257,-61.649,0,"にゃんこ3K",23.106,-51.625,0,"sano jpn",7.953,-65.153,0,"ぐだもん",46.842,-96.535,0,"alcohol500",1.574,-118.515,0,"あくせる",-44.312,-89.818,0,0,0,0,0,0,"",0,0,0,0,0,0,0,0,0,0
139,7,0,1,5,1,1,2,0,0,0,255,255,255,70,5653.455,"Espressο",R,26,112,140,0.13,1.274,0.196,1.832,-36.751,2,0,20.184,-200,-8.058,0,0,0,4,4,R,"Kenomo",190,80,0.469,3,59,5654.552,199,4,107,55,18,150,124,27.585,18.244,0.24,0.048,0.012,0.162,0,0.218,-0.25,-37.317,0,"ゆっち一",-0.047,-16.404,0,"檸檬の残骸",-21.069,-46.095,0,"mochi_2929",-12.3,-62.686,0,"にゃんこ3K",23.406,-51.938,0,"sano jpn",8.11,-65.205,70,"ぐだもん",46.772,-96.498,0,"alcohol500",1.815,-118.242,98,"あくせる",-44.278,-89.771,0,5660.109,-31.233,-128.717,5661.675,7,"alcohol500",-27.471,-124.105,1,0,0,0,0,0,0,2
140,7,0,1,5,0,0,2,0,1,0,255,13,255,71,5688.673,"Espressο",R,3,104,129,-2.194,-1.879,0.087,1.393,-36.581,2,0,-318.706,205.817,-10.622,0,0,1,5,3,R,"甲斐野柊太",175.2,80,0.2,3,59,5689.81,255,17,123,172,84,150,95,2.953,9.302,0.94,0.02,-0.015,0.072,0.048,0.101,-0.506,-36.936,0,"ゆっち一",-0.191,-16.524,0,"檸檬の残骸",-20.406,-45.882,0,"mochi_2929",-11.416,-61.224,103,"にゃんこ3K",20.579,-47.186,0,"sano jpn",4.912,-59.432,0,"ぐだもん",40.794,-91.684,0,"alcohol500",1.461,-116.749,0,"あくせる",-43.55,-90.035,0,5690.459,-3.138,-34.325,5692.125,3,"mochi_2929",-6.462,-59.874,0,32,0,0,0,0,0,2
141,8,1,1,5,0,0,0,0,0,0,255,255,255,69,5741.043,"-Alta-",L,10,71,102,-1,-1.629,-0.279,1.601,-36.544,2,0,0,400,-12.974,0,0,1,0,1,R,"ゆっち一",190,87.623,0.42,3,59,5742.271,201,20,85,112,74,150,108,108.327,-68.777,0.81,-0.059,-0.226,0.019,0,0.513,0.21,-37.044,0,"あおいぬ",-0.041,-16.884,0,"P0TA0",-20.46,-44.876,0,"甲斐野柊太",-14.112,-64.283,0,"Kenomo",17.629,-43.352,0,"shimenawa",13.057,-64.038,0,"horisen",42.346,-104.012,0,"紅さかな",0.377,-121.047,0,"Pizzallaris",-42.082,-99.871,0,0,0,0,0,0,"",0,0,0,0,0,0,0,0,0,3
142,8,1,1,5,0,1,0,0,0,0,255,255,255,70,5758.943,"-Alta-",L,13,76,104,1.333,-1.01,-0.244,1.753,-36.461,2,0,291.891,330.567,-8.051,0,0,1,0,1,R,"ゆっち一",190,87.623,0.42,3,59,5760.164,207,12,71,98,81,150,106,27.448,15.362,0.89,-0.052,-0.18,0.107,0,0.448,0.222,-36.703,0,"あおいぬ",0.023,-16.909,0,"P0TA0",-20.714,-45.191,0,"甲斐野柊太",-14.841,-63.833,105,"Kenomo",19.506,-44.821,0,"shimenawa",13.526,-63.627,0,"horisen",41.642,-105.653,0,"紅さかな",-0.006,-120.378,0,"Pizzallaris",-42.544,-101.421,73,5765.192,-32.091,-105.668,5765.326,8,"Pizzallaris",-31.005,-103.06,0,0,0,0,0,0,0,1
143,8,1,1,5,0,0,1,0,0,0,255,255,255,71,5788.06,"-Alta-",L,26,83,135,-0.99,-0.418,-0.329,1.805,-36.361,0,0,-98.85,-189.249,-5.112,0,0,1,1,3,R,"mochi_2929",169.8,95.061,0.452,0,59,0,0,0,0,0,0,0,0,0,0,0,0,0,0,0,0,-0.004,-36.959,0,"あおいぬ",-0.086,-16.855,0,"P0TA0",-20.596,-45.139,0,"甲斐野柊太",-13.81,-64.439,0,"Kenomo",19.731,-44.385,0,"shimenawa",12.135,-63.87,0,"horisen",42.159,-101.256,0,"紅さかな",-1.525,-121.787,0,"Pizzallaris",-41.854,-95.76,0,0,0,0,0,0,"",0,0,0,0,0,0,0,0,0,0
144,8,1,1,5,0,1,1,0,0,0,255,255,255,72,5806.059,"-Alta-",L,10,74,104,-0.761,-2.007,-0.199,1.592,-36.444,2,0,-0.121,367.311,-11.052,-0.136,-19.001,1,1,3,R,"mochi_2929",169.8,95.061,0.452,3,59,5807.394,124,10,82,62,25,140,70,28.549,47.547,0.97,0.066,-0.08,0.242,0,0.218,0.131,-37.104,0,"あおいぬ",-0.076,-16.952,0,"P0TA0",-20.626,-45.046,90,"甲斐野柊太",-11.57,-65.434,0,"Kenomo",18.484,-45.24,0,"shimenawa",15.657,-63.278,0,"horisen",42.681,-103.277,0,"紅さかな",-1.542,-121.678,0,"Pizzallaris",-42.235,-97.418,0,0,0,0,5810.275,2,"P0TA0",-25.787,-45.729,0,0,0,0,0,0,0,1
145,8,1,1,5,0,0,2,0,0,0,255,255,255,74,5834.527,"-Alta-",L,3,74,106,1.952,-0.659,-0.281,1.738,-36.611,2,0,285.917,0,-5.457,0,0,1,2,5,R,"sano jpn",169.9,94.644,0.384,3,59,5835.733,115,14,132,98,107,140,129,6.398,-17.443,0.44,-0.074,-0.034,0.141,0.381,0.46,0.281,-37.003,0,"あおいぬ",0.028,-16.978,0,"P0TA0",-20.184,-44.807,0,"甲斐野柊太",-12.347,-64.979,0,"Kenomo",18.145,-44.006,0,"shimenawa",14.448,-63.493,96,"horisen",41.832,-104.798,0,"紅さかな",-0.815,-121.646,0,"Pizzallaris",-41.559,-96.552,0,0,0,0,5838.326,2,"P0TA0",12.71,-65.61,0,0,0,0,0,0,0,1
146,8,0,1,5,0,0,0,0,0,0,255,255,255,72,5882.603,"Espressο",R,13,107,127,-0.053,-1.061,0.25,1.566,-36.736,1,0,-194.952,400,-17.111,0,0,0,6,2,R,"P0TA0",190,97,0.646,0,59,0,0,0,0,0,0,0,0,0,0,0,0,0,0,0,0,-0.09,-37.406,0,"ゆっち一",-0.09,-16.379,0,"檸檬の残骸",-19.581,-46.178,0,"mochi_2929",-8.49,-63.476,0,"にゃんこ3K",23.557,-52.446,0,"sano jpn",9.872,-65.764,0,"ぐだもん",39.49,-92.029,0,"alcohol500",0.716,-114.187,0,"あくせる",-43.901,-93.041,0,0,0,0,0,0,"",0,0,0,0,0,0,0,0,0,0
147,8,0,1,5,1,0,0,0,0,0,255,255,255,73,5917.03,"Espressο",R,13,102,127,-0.943,-0.575,0.172,1.658,-36.709,2,0,-213.662,400,-7.183,0,0,1,6,2,R,"P0TA0",190,97,0.646,3,59,5917.979,228,14,101,98,31,150,128,-28.64,-25.204,0.7,-0.034,-0.004,0.197,0,0.214,-0.306,-37.082,0,"ゆっち一",-0.022,-16.524,0,"檸檬の残骸",-20.1,-46.469,0,"mochi_2929",-11.337,-62.908,0,"にゃんこ3K",23.474,-52.379,0,"sano jpn",10.042,-64.936,0,"ぐだもん",34.652,-94.5,102,"alcohol500",0.371,-115.185,0,"あくせる",-43.792,-92.741,0,5918.076,0.44,-21.648,5921.159,6,"ぐだもん",29.333,-83.483,1,0,0,0,0,0,0,2
148,8,0,1,5,0,0,0,1,0,0,11,255,255,74,6017.871,"Espressο",R,13,104,126,-1.912,-1.05,0.082,1.585,-36.733,2,0,-323.291,381.422,-7.548,0,0,1,7,8,R,"Pizzallaris",166.4,88.152,0.346,3,59,6019.014,243,33,99,96,0,150,101,-30,46.161,0.92,0.013,-0.009,0.051,0.143,0.25,-0.315,-37.114,0,"ゆっち一",-0.047,-16.56,0,"檸檬の残骸",-19.934,-41.697,0,"mochi_2929",-11.001,-58.923,0,"にゃんこ3K",19.699,-46.918,0,"sano jpn",8.978,-65.923,0,"ぐだもん",40.893,-93.917,0,"alcohol500",1.286,-110.342,0,"あくせる",-39.617,-88.407,0,6019.125,-0.958,-18.96,0,0,"",0,0,0,0,0,0,0,0,0,3
149,8,0,1,5,0,1,0,1,0,0,11,255,255,75,6034.587,"Espressο",R,26,105,140,1.498,1.581,0.368,1.899,-36.828,1,0,66.906,-200,-5.45,0,0,0,7,8,R,"Pizzallaris",166.4,88.152,0.346,0,59,0,0,0,0,0,0,0,0,0,0,0,0,0,0,0,0,0.052,-37.404,0,"ゆっち一",-0.008,-16.362,0,"檸檬の残骸",-19.681,-44.17,0,"mochi_2929",-9.78,-59.772,0,"にゃんこ3K",20.777,-47.763,0,"sano jpn",5.093,-63.872,0,"ぐだもん",40.896,-91.863,0,"alcohol500",-0.121,-111.811,0,"あくせる",-39.615,-86.355,0,0,0,0,0,0,"",0,0,0,0,0,0,0,0,0,0
150,8,0,1,5,1,1,0,1,0,0,11,255,255,76,6048.014,"Espressο",R,10,70,101,0.009,-1.531,0.363,1.792,-36.809,4,0,0,400,-7.381,-0.044,-18.359,1,7,8,R,"Pizzallaris",166.4,88.152,0.346,0,59,0,0,0,0,0,0,0,0,0,0,0,0,0,0,0,0,-0.029,-37.641,0,"ゆっち一",-0.074,-16.517,0,"檸檬の残骸",-19.306,-44.72,0,"mochi_2929",-8.227,-58.841,0,"にゃんこ3K",20.663,-47.839,0,"sano jpn",4.375,-62.961,0,"ぐだもん",41.015,-91.822,0,"alcohol500",-0.837,-109.815,0,"あくせる",-40.919,-87.811,0,0,0,0,0,0,"",0,0,0,0,0,0,0,0,0,0
151,8,0,1,5,1,2,0,1,0,0,11,255,255,77,6061.784,"Espressο",R,10,102,127,-2.59,-1.056,-0.108,1.595,-36.699,2,0,-125.06,400,1.344,0,0,1,7,8,R,"Pizzallaris",166.4,88.152,0.346,3,59,6062.889,187,17,101,105,0,150,101,-13.987,37.488,0.92,0.021,0.01,0.049,0.19,0.285,-0.384,-37.059,0,"ゆっち一",-0.203,-16.431,0,"檸檬の残骸",-19.793,-45.6,85,"mochi_2929",-10.987,-60.248,0,"にゃんこ3K",20.747,-47.883,0,"sano jpn",8.218,-65.586,89,"ぐだもん",40.876,-92.02,0,"alcohol500",-2.667,-109.724,0,"あくせる",-41.092,-88.197,0,6063.025,-1.798,-20.929,6064.492,2,"檸檬の残骸",-18.362,-42.009,0,0,0,0,0,0,0,2
152,8,0,1,5,0,0,2,0,0,0,255,255,255,78,6100.255,"Espressο",R,10,82,110,-0.114,-0.314,0.174,1.8,-36.789,0,0,0,393.801,0.981,0,0,1,8,6,L,"horisen",174,95,0.447,0,59,0,0,0,0,0,0,0,0,0,0,0,0,0,0,0,0,-0.091,-37.461,0,"ゆっち一",-0.049,-16.342,0,"檸檬の残骸",-20.678,-46.177,0,"mochi_2929",-7.825,-61.019,0,"にゃんこ3K",23.714,-50.231,0,"sano jpn",9.737,-62.72,0,"ぐだもん",44.833,-93.491,0,"alcohol500",3.745,-114.747,0,"あくせる",-32.764,-97.476,0,0,0,0,0,0,"",0,0,0,0,0,0,0,0,0,0
153,8,0,1,5,0,1,2,0,0,0,255,255,255,79,6115.824,"Espressο",R,0,68,108,1.195,0.448,0.279,1.75,-36.852,2,0,4.24,12.021,-7.902,0,0,1,8,6,L,"horisen",174,95,0.447,3,59,6116.963,255,17,78,106,60,150,65,111.514,65.317,0.99,0.046,-0.019,0.077,0,0.357,-0.329,-37.184,0,"ゆっち一",-0.045,-16.74,0,"檸檬の残骸",-19.836,-45.7,0,"mochi_2929",-10.004,-62.624,0,"にゃんこ3K",23.679,-50.243,0,"sano jpn",10.503,-64.895,0,"ぐだもん",44.915,-93.627,0,"alcohol500",3.426,-115.348,0,"あくせる",-32.761,-97.398,0,0,0,0,0,0,"",0,0,0,0,0,0,0,0,0,3
154,8,0,1,5,0,2,2,0,0,0,255,255,255,80,6131.063,"Espressο",R,26,103,140,-1.271,-0.051,0.02,1.601,-36.757,2,0,127.007,-186.413,7.328,0,0,1,8,6,L,"horisen",174,95,0.447,3,37,6132.084,162,12,75,58,35,143,88,105.722,69.436,-0.6,-0.009,-0.009,0.261,0,0.238,-0.379,-37.129,0,"ゆっち一",-0.204,-16.6,0,"檸檬の残骸",-20.014,-45.601,0,"mochi_2929",-10.481,-62.679,0,"にゃんこ3K",23.189,-49.712,0,"sano jpn",13.723,-63.716,0,"ぐだもん",42.627,-92.464,0,"alcohol500",3.238,-114.191,0,"あくせる",-31.819,-96.205,0,0,0,0,0,0,"",0,0,0,0,0,0,0,0,0,3
155,8,0,1,5,0,2,2,0,0,0,255,255,255,81,6146.318,"Espressο",R,14,75,102,3.906,-0.76,0.359,1.854,-37.082,1,0,364.037,309.636,-16.385,0,0,0,8,6,L,"horisen",174,95,0.447,0,37,0,0,0,0,0,0,0,0,0,0,0,0,0,0,0,0,0.074,-37.574,0,"ゆっち一",0.133,-16.609,0,"檸檬の残骸",-19.487,-44.565,0,"mochi_2929",-10.784,-62.164,0,"にゃんこ3K",23.907,-50.446,0,"sano jpn",12.659,-63.925,0,"ぐだもん",40.555,-90.905,0,"alcohol500",5.139,-114.125,0,"あくせる",-30.737,-95.545,0,0,0,0,0,0,"",0,0,0,0,0,0,0,0,0,0
156,9,1,1,5,0,0,0,0,0,0,255,255,255,74,6201.86,"-Alta-",L,4,75,109,1.984,-0.57,-0.227,1.761,-36.467,1,0,214.742,0,-4.318,0,0,0,3,4,R,"にゃんこ3K",190,89.64,0.546,0,59,0,0,0,0,0,0,0,0,0,0,0,0,0,0,0,0,0.303,-36.762,0,"あおいぬ",0.027,-16.805,0,"P0TA0",-20.174,-44.704,0,"甲斐野柊太",-12.684,-64.762,0,"Kenomo",18.201,-44.953,0,"shimenawa",13.295,-63.506,0,"horisen",40.586,-102.181,0,"紅さかな",0.563,-121.857,0,"Pizzallaris",-41.282,-98.18,0,0,0,0,0,0,"",0,0,0,0,0,0,0,0,0,0
157,9,1,1,5,1,0,0,0,0,0,255,255,255,75,6219.816,"-Alta-",L,26,89,140,1.738,-0.091,0.129,1.663,-36.207,2,0,-20.969,-195.897,-15.38,0,0,1,3,4,R,"にゃんこ3K",190,89.64,0.546,3,59,6220.925,255,10,152,91,49,150,90,5.841,3.135,-0.83,0.034,-0.084,0.143,0,0.129,0.435,-36.48,0,"あおいぬ",0.056,-16.951,0,"P0TA0",-20.198,-44.722,86,"甲斐野柊太",-13.037,-64.925,107,"Kenomo",18.153,-44.859,0,"shimenawa",15.233,-63.415,0,"horisen",40.597,-102.256,0,"紅さかな",0.59,-121.828,0,"Pizzallaris",-41.442,-99.005,0,6222.292,-3.272,-50.404,6223.425,3,"甲斐野柊太",-5.836,-63.749,0,0,0,0,0,0,0,2
158,9,1,1,5,0,0,1,0,0,0,255,255,255,76,6259.844,"-Alta-",L,10,67,99,1.221,-0.118,-0.013,1.943,-36.499,2,0,0,400,-4.609,0,0,1,4,0,R,"559：広告",190,89.713,0.324,3,59,6261.13,255,11,78,112,34,150,89,44.255,-23.569,-0.89,-0.03,-0.066,0.238,0,0.594,0.356,-36.769,0,"あおいぬ",0.026,-16.929,0,"P0TA0",-20.28,-44.634,0,"甲斐野柊太",-13.08,-64.659,0,"Kenomo",18.646,-44.428,0,"shimenawa",15.076,-63.814,92,"horisen",42.185,-103.615,0,"紅さかな",0.17,-122.346,0,"Pizzallaris",-42.039,-97.665,0,6266.459,23.271,-81.565,6266.592,5,"shimenawa",22.633,-79.796,0,0,0,0,0,0,0,1
159,9,1,1,5,0,0,2,0,0,0,255,255,255,77,6289.934,"-Alta-",L,26,71,124,-0.169,1.221,-0.241,1.933,-36.509,4,0,-120.241,-200,-0.343,0,0,1,5,7,L,"alcohol500",166.4,91.556,0.2,0,59,0,0,0,0,0,0,0,0,0,0,0,0,0,0,0,0,0.522,-37.65,0,"あおいぬ",0.003,-16.903,0,"P0TA0",-20.546,-45.205,0,"甲斐野柊太",-12.827,-64.699,0,"Kenomo",19.497,-46.093,0,"shimenawa",14.843,-63.85,0,"horisen",44.011,-100.698,0,"紅さかな",3.19,-120.703,0,"Pizzallaris",-41.175,-97.104,0,0,0,0,0,0,"",0,0,0,0,0,0,0,0,0,0
160,9,1,1,5,0,1,2,0,0,0,255,255,255,78,6306.221,"-Alta-",L,14,60,92,-1.752,-2.002,-0.183,1.6,-36.584,4,0,-250.798,400,-10.251,-0.375,-19.153,1,5,7,L,"alcohol500",166.4,91.556,0.2,0,59,0,0,0,0,0,0,0,0,0,0,0,0,0,0,0,0,0.383,-37.667,0,"あおいぬ",-0.332,-17.307,0,"P0TA0",-20.659,-45.226,0,"甲斐野柊太",-12.478,-65.071,0,"Kenomo",19.531,-46.113,0,"shimenawa",14.022,-63.915,0,"horisen",44.011,-100.702,0,"紅さかな",3.131,-120.917,0,"Pizzallaris",-41.483,-97.314,0,0,0,0,0,0,"",0,0,0,0,0,0,0,0,0,0
161,9,1,1,5,0,2,2,0,0,0,255,255,255,79,6322.702,"-Alta-",L,3,76,117,2.951,0.082,-0.323,1.788,-36.515,4,0,408.445,0,-8.207,0,0,1,5,7,L,"alcohol500",166.4,91.556,0.2,0,59,0,0,0,0,0,0,0,0,0,0,0,0,0,0,0,0,0.218,-37.084,0,"あおいぬ",-0.125,-17.443,0,"P0TA0",-21.026,-44.875,0,"甲斐野柊太",-11.283,-65.391,0,"Kenomo",19.308,-46.021,0,"shimenawa",13.537,-61.088,0,"horisen",43.956,-100.595,0,"紅さかな",2.763,-121.004,0,"Pizzallaris",-41.436,-97.351,0,0,0,0,0,0,"",0,0,0,32,0,0,0,0,0,0
