id,inn,half,scoreA,scoreB,ball,strk,out,b1,b2,b3,b1Idx,b2Idx,b3Idx,pCnt,pSec,pName,pHand,pType,pPow,spdK,zoneX,zoneY,startX,startY,zDist,call,balk,sH,sV,gyro,plx,plz,bSwing,bIdx,bPos,bZone,bName,bHCm,batLen,batCen,batType,bFps,hSec,rotS,rotL,shS,lgS,prepS,batSpd,ev,ldeg,sdeg,hPos,hMoveX,hMoveY,stayCon,buntGrip,handDist,PPosX,PPosY,PThrSpd,CName,CPosX,CPosY,CThrSpd,1BName,1BPosX,1BPosY,1BThrSpd,2BName,2BPosX,2BPosY,2BThrSpd,3BName,3BPosX,3BPosY,3BThrSpd,SSName,SSPosX,SSPosY,SSThrSpd,LFName,LFPosX,LFPosY,LFThrSpd,CFName,CFPosX,CFPosY,CFThrSpd,RFName,RFPosX,RFPosY,RFThrSpd,ltSec,lx,lz,cSec,cPos,cPlr,cx,cz,1BSafe,tag,cpSec,sb2Sec,sb3Sec,sbhSec,ass,result
1,1,1,0,0,0,0,0,0,0,0,255,255,255,0,1216.995,"Kr_Luna",L,26,94,140,1.669,0.013,0.18,1.716,-36.598,4,0,-98.911,-161.638,0,0,0,1,0,1,R,"mochi_2929",190,95.142,0.445,0,59,0,0,0,0,0,0,0,0,0,0,0,0,0,0,0,0,0.33,-37.428,0,"_Chun",0.109,-17.258,0,"_AKASATA_",-22.648,-48.675,0,"오띵__",-13.114,-65.229,0,"なおｐ--",20.2,-46.408,0,"CVPileMaki",12.251,-64.998,0,"SFIDA",39.726,-88.19,0,"Multeinn",0.572,-108.012,0,"M_lunatic",-43.996,-95.759,0,0,0,0,0,0,"",0,0,0,0,0,0,0,0,0,0
2,1,1,0,0,0,1,0,0,0,0,255,255,255,1,1236.373,"Kr_Luna",L,14,74,113,-2.362,0.351,-0.079,1.966,-36.814,1,0,-356.161,350.927,0,0,0,0,0,1,R,"mochi_2929",190,95.142,0.445,0,59,0,0,0,0,0,0,0,0,0,0,0,0,0,0,0,0,0.332,-37.986,0,"_Chun",-0.143,-17.221,0,"_AKASATA_",-22.607,-48.759,0,"오띵__",-13.111,-65.214,0,"なおｐ--",20.669,-47,0,"CVPileMaki",12.231,-65.083,0,"SFIDA",39.663,-88.187,0,"Multeinn",1.039,-108.198,0,"M_lunatic",-41.525,-92.841,0,0,0,0,0,0,"",0,0,0,0,0,0,0,0,0,0
3,1,1,0,0,1,1,0,0,0,0,255,255,255,2,1253.257,"Kr_Luna",L,26,91,140,2.925,-1.323,0.289,1.461,-36.54,2,0,-57.835,-152.435,0,0,0,0,0,1,R,"mochi_2929",190,95.142,0.445,3,59,1254.375,73,9,105,69,38,120,119,28.61,18.475,0.46,0.083,-0.073,0.218,0,0.233,0.332,-37.349,0,"_Chun",0.226,-17.337,0,"_AKASATA_",-22.58,-48.639,85,"오띵__",-13.079,-65.187,0,"なおｐ--",20.71,-47.024,0,"CVPileMaki",12.729,-64.96,0,"SFIDA",39.709,-88.171,0,"Multeinn",-2.705,-107.374,0,"M_lunatic",-41.544,-92.862,80,1257.873,-51.145,-110.357,1259.773,8,"M_lunatic",-52.983,-114.59,1,0,0,0,0,0,0,2
4,1,1,0,0,0,0,0,0,1,0,255,1,255,3,1294.427,"Kr_Luna",L,14,72,113,1.368,-0.163,0.255,1.833,-36.705,2,0,-390.434,312.348,0,0,0,1,1,3,R,"sano jpn",169.2,94.644,0.354,3,59,1295.521,169,19,130,110,105,150,80,-30,48.428,0.95,-0.053,0.028,0.11,0,0.451,0.299,-37.857,0,"_Chun",0.127,-17.316,0,"_AKASATA_",-20.786,-47.014,0,"오띵__",-13.18,-65.125,0,"なおｐ--",20.854,-46.873,0,"CVPileMaki",5.09,-64.469,0,"SFIDA",27.487,-99.424,0,"Multeinn",-0.274,-106.245,0,"M_lunatic",-45.551,-94.813,0,1293.856,-1.356,-22.323,0,0,"",0,0,0,0,0,0,0,0,0,3
5,1,1,0,0,0,1,0,0,1,0,255,1,255,4,1318.976,"Kr_Luna",L,27,94,140,2.148,-0.588,0.213,1.632,-36.566,1,0,-47.576,-123.612,0,0,0,0,1,3,R,"sano jpn",169.2,94.644,0.354,0,59,0,0,0,0,0,0,0,0,0,0,0,0,0,0,0,0,0.069,-37.675,0,"_Chun",0.163,-17.338,0,"_AKASATA_",-22.65,-48.721,0,"오띵__",-13.372,-64.975,0,"なおｐ--",20.412,-45.334,0,"CVPileMaki",1.972,-63.056,0,"SFIDA",25.991,-97.217,0,"Multeinn",-1.332,-107.878,0,"M_lunatic",-42.99,-92.333,0,0,0,0,0,0,"",0,0,0,0,0,0,0,0,0,0
6,1,1,0,0,1,1,0,0,1,0,255,1,255,5,1340.289,"Kr_Luna",L,6,79,117,1.27,-1.129,0.288,1.645,-36.581,2,0,-469.824,171.071,0,0,0,1,1,3,R,"sano jpn",169.2,94.644,0.354,3,59,1341.42,124,18,138,116,60,141,98,-13.497,-2.472,0.05,-0.052,-0.003,0.224,0,0.357,0.24,-37.891,119,"_Chun",0.129,-17.305,0,"_AKASATA_",-22.633,-48.774,0,"오띵__",-13.347,-65.017,91,"なおｐ--",19.94,-45.937,120,"CVPileMaki",4.331,-65.676,92,"SFIDA",25.096,-98.254,0,"Multeinn",-1.423,-109.694,0,"M_lunatic",-45.038,-92.315,0,1339.706,0.248,-22.776,1341.756,5,"CVPileMaki",1.909,-59.491,1,0,0,0,0,0,0,2
7,1,1,0,0,0,0,0,0,1,1,255,255,1,6,1385.198,"Kr_Luna",L,14,71,100,-2.734,-0.517,-0.054,1.83,-36.815,2,0,-351.161,317.475,0,0,0,1,2,8,R,"ゆっち一",180.2,85.623,0.42,3,59,1386.456,255,20,81,89,57,150,122,16.36,37.485,0.23,-0.048,-0.106,0.164,0,0.418,0.034,-37.851,0,"_Chun",-0.212,-17.118,120,"_AKASATA_",-21.288,-47.245,0,"오띵__",-12.794,-65.091,0,"なおｐ--",19.243,-42.98,0,"CVPileMaki",6.538,-65.538,100,"SFIDA",26.776,-106.503,0,"Multeinn",-5.984,-115.586,0,"M_lunatic",-46.912,-94.034,85,0,0,0,1388.223,8,"M_lunatic",-41.018,-91.821,0,0,0,0,0,0,0,1
8,1,1,1,0,0,0,1,0,1,0,255,3,255,7,1422.881,"Kr_Luna",L,26,89,140,2.854,-0.194,0.284,1.676,-36.519,1,0,-74.27,-162.142,0,0,0,0,3,4,R,"にゃんこ3K",190,90.056,0.546,0,59,0,0,0,0,0,0,0,0,0,0,0,0,0,0,0,0,0.213,-37.993,0,"_Chun",0.498,-17.687,0,"_AKASATA_",-23.233,-48.656,0,"오띵__",-12.368,-65.437,0,"なおｐ--",20.318,-41.653,85,"CVPileMaki",5.333,-65.457,0,"SFIDA",40.154,-90.907,0,"Multeinn",4.432,-107.191,0,"M_lunatic",-44.603,-96.522,0,0,0,0,0,0,"",0,0,0,0,0,0,0,0,0,0
9,1,1,1,0,1,0,1,0,1,0,255,3,255,8,1445.532,"Kr_Luna",L,27,88,140,1.208,0.601,0.129,1.839,-36.693,0,0,-56.735,-123.612,0,0,0,0,3,4,R,"にゃんこ3K",190,90.056,0.546,0,59,0,0,0,0,0,0,0,0,0,0,0,0,0,0,0,0,0.343,-38.023,0,"_Chun",0.12,-17.407,0,"_AKASATA_",-21.478,-47.778,0,"오띵__",-12.8,-65.354,0,"なおｐ--",20.097,-42.381,0,"CVPileMaki",6.575,-65.941,0,"SFIDA",38.391,-87.51,0,"Multeinn",3.605,-106.992,0,"M_lunatic",-44.564,-94.876,0,0,0,0,0,0,"",0,0,0,0,0,0,0,0,0,0
10,1,1,1,0,1,1,1,0,1,0,255,3,255,9,1466.473,"Kr_Luna",L,26,78,129,1.089,1.406,0.122,1.977,-36.659,1,0,-64.222,-171.931,0,0,0,0,3,4,R,"にゃんこ3K",190,90.056,0.546,0,59,0,0,0,0,0,0,0,0,0,0,0,0,0,0,0,0,0.279,-37.853,0,"_Chun",-0.117,-17.311,0,"_AKASATA_",-22.092,-48.8,0,"오띵__",-12.663,-65.394,0,"なおｐ--",20.17,-43.39,0,"CVPileMaki",4.871,-65.792,0,"SFIDA",38.443,-88.979,0,"Multeinn",7.037,-105.907,0,"M_lunatic",-46.596,-96.53,0,0,0,0,0,0,"",0,0,0,0,0,0,0,0,0,0
11,1,1,1,0,2,1,1,0,1,0,255,3,255,10,1486.565,"Kr_Luna",L,10,76,118,0.886,0.432,0.082,1.986,-36.641,2,0,0,400,0,0,0,1,3,4,R,"にゃんこ3K",190,90.056,0.546,3,59,1487.766,195,8,80,55,44,149,97,-6.267,34.371,-0.5,0.033,-0.094,0.139,0,0.266,0.293,-37.668,0,"_Chun",0.136,-17.216,0,"_AKASATA_",-22.411,-48.589,112,"오띵__",-12.717,-65.387,0,"なおｐ--",19.392,-45.495,0,"CVPileMaki",7.757,-66.184,0,"SFIDA",39.567,-89.235,0,"Multeinn",8.909,-104.154,0,"M_lunatic",-44.065,-95.905,0,1486.273,-4.942,-26.16,1487.706,2,"_AKASATA_",-18.872,-45.39,0,0,0,0,0,0,0,2
12,1,1,1,0,0,0,2,0,1,0,255,3,255,11,1514.827,"Kr_Luna",L,27,81,133,11.554,-0.959,0.138,1.802,-36.677,2,0,-73.946,-133.776,0,0,0,1,4,0,R,"あくせる",190,86.41,0.669,3,73,1515.913,255,18,176,105,48,150,104,39.959,-12.399,-0.16,-0.086,0.041,0.265,0,0.332,0.17,-37.779,0,"_Chun",0.129,-17.242,0,"_AKASATA_",-22.886,-49.982,0,"오띵__",-13.15,-65.158,0,"なおｐ--",19.234,-45.117,0,"CVPileMaki",5.311,-66.255,0,"SFIDA",28.206,-92.727,0,"Multeinn",-5.821,-107.654,95,"M_lunatic",-44.411,-90.797,0,1519.806,8.244,-101.262,1520.14,7,"Multeinn",8.14,-99.796,0,0,0,0,0,0,0,1
13,1,0,1,0,0,0,0,0,0,0,255,255,255,0,1678.948,"あくせる",R,32,91,140,1.286,0.642,0.064,1.761,-36.508,2,0,186.117,-99.007,14.148,0,0,1,0,5,R,"CVPileMaki",169.8,94,0.399,3,59,1680.019,189,8,87,85,49,150,85,109.853,-31.842,-0.73,0.008,0,0.088,0,0.165,-0.076,-37.278,0,"mochi_2929",0.063,-16.663,0,"Espressο",-21.074,-48.785,0,"sano jpn",-14.765,-62.802,0,"にゃんこ3K",22.115,-54.333,0,"檸檬の残骸",11.36,-65.85,0,"ぐだもん",35.544,-91.974,0,"alcohol500",-1.263,-110.912,0,"ゆっち一",-44.283,-88.793,0,0,0,0,0,0,"",0,0,0,0,0,0,0,0,0,3
14,1,0,1,0,0,1,0,0,0,0,255,255,255,1,1698.071,"あくせる",R,5,65,118,6.056,0.33,0.5,1.686,-36.929,3,0,-120.229,0,0.386,1.179,-20.515,0,0,5,R,"CVPileMaki",169.8,94,0.399,0,62,0,0,0,0,0,0,0,0,0,0,0,0,0,0,0,0,0.047,-37.246,0,"mochi_2929",0.18,-16.849,0,"Espressο",-21.589,-49.611,0,"sano jpn",-12.323,-64.686,0,"にゃんこ3K",22.283,-53.818,0,"檸檬の残骸",12.137,-65.66,0,"ぐだもん",34.749,-89.283,0,"alcohol500",-0.153,-112.884,0,"ゆっち一",-47.911,-91.316,0,0,0,0,0,0,"",0,0,0,0,0,0,0,0,0,6
15,1,0,1,0,0,0,0,1,0,0,14,255,255,2,1727.772,"あくせる",R,32,92,140,-1.265,0.327,-0.165,1.667,-36.377,0,0,210.981,-128.531,23.326,0,0,0,1,1,L,"_Chun",190,80,0.455,0,59,0,0,0,0,0,0,0,0,0,0,0,0,0,0,0,0,-0.089,-37.324,0,"mochi_2929",-0.182,-16.725,0,"Espressο",-19.195,-44.282,0,"sano jpn",-7.499,-64.136,0,"にゃんこ3K",21.34,-48.26,0,"檸檬の残骸",11.671,-65.346,0,"ぐだもん",42.022,-95.024,0,"alcohol500",6.855,-117.061,0,"ゆっち一",-38.963,-98.875,0,0,0,0,0,0,"",0,0,0,0,0,0,0,0,0,0
16,1,0,1,0,0,1,0,1,0,0,14,255,255,3,1744.158,"あくせる",R,34,86,140,-1.038,0.479,-0.123,1.708,-36.379,2,0,96.09,-80.208,24.061,0,0,1,1,1,L,"_Chun",190,80,0.455,3,59,1745.075,245,12,92,76,39,150,102,51.382,-27.197,-0.25,-0.06,-0.008,0.105,0,0.239,-0.351,-36.995,0,"mochi_2929",-0.027,-16.714,0,"Espressο",-19.604,-42.098,0,"sano jpn",-8.195,-65.335,0,"にゃんこ3K",21.809,-48.548,0,"檸檬の残骸",13.499,-64.739,0,"ぐだもん",47.694,-93.199,52,"alcohol500",7.058,-116.386,0,"ゆっち一",-45.296,-94.952,0,1749.456,38.021,-79.48,1749.656,6,"ぐだもん",37.141,-78.154,0,0,0,0,0,0,0,1
17,1,0,1,0,0,0,1,1,0,0,14,255,255,4,1779.408,"あくせる",R,3,83,128,-1.52,-0.655,-0.091,1.555,-36.539,2,0,-305.471,0,30.437,0,0,1,2,0,L,"Kr_Luna",190,94.2,0.505,3,59,1780.205,185,14,155,121,69,150,130,17.41,17.034,0.39,-0.002,-0.011,0.102,0,0.103,-0.367,-37.267,0,"mochi_2929",-0.117,-16.653,0,"Espressο",-19.347,-41.945,0,"sano jpn",-8.63,-64.803,102,"にゃんこ3K",23.096,-48.772,0,"檸檬の残骸",16.408,-63.091,0,"ぐだもん",45.429,-93.592,0,"alcohol500",4.458,-111.673,0,"ゆっち一",-31.834,-95.682,0,1782.423,-26.878,-120.721,1784.89,7,"alcohol500",-21.726,-124.268,1,0,0,0,0,0,0,2
18,1,0,1,1,0,0,1,0,1,0,255,9,255,5,1815.87,"あくせる",R,3,85,126,-4.484,-0.201,-0.167,1.611,-36.584,1,0,-474.531,0,4.652,-1.781,-10.969,0,3,4,R,"なおｐ--",190,90.37,0.445,0,59,0,0,0,0,0,0,0,0,0,0,0,0,0,0,0,0,0.286,-36.208,0,"mochi_2929",-0.861,-15.146,120,"Espressο",-21.025,-47.974,0,"sano jpn",-13.803,-61.615,0,"にゃんこ3K",21.277,-46.571,85,"檸檬の残骸",2.078,-60.392,0,"ぐだもん",30.361,-103.009,0,"alcohol500",-8.75,-115.707,0,"ゆっち一",-47.531,-90.467,0,0,0,0,0,0,"",0,0,0,0,0,0,0,0,0,0
19,1,0,1,1,1,0,1,0,0,1,255,255,9,6,1845.13,"あくせる",R,34,74,126,4.783,-0.231,0.383,1.598,-36.635,3,0,89.573,-51.315,2.541,0.534,-19.973,0,3,4,R,"なおｐ--",190,90.37,0.445,0,59,0,0,0,0,0,0,0,0,0,0,0,0,0,0,0,0,-0.306,-36.692,0,"mochi_2929",0.194,-16.727,0,"Espressο",-20.646,-47.871,0,"sano jpn",-13.654,-58.587,0,"にゃんこ3K",18.94,-44.216,0,"檸檬の残骸",12.992,-64.747,0,"ぐだもん",30.328,-103.025,0,"alcohol500",-8.601,-115.346,0,"ゆっち一",-45.247,-94.935,0,0,0,0,0,0,"",0,0,0,0,0,0,0,0,0,6
20,1,0,1,1,0,0,1,1,0,1,13,255,9,7,1871.587,"あくせる",R,10,68,112,0.9,-1.031,0.084,1.559,-36.534,2,0,0,400,2.391,0,0,1,4,6,L,"SFIDA",190,80,0.453,2,59,1872.583,255,27,130,94,91,150,88,-55.141,-53.337,-0.9,0.099,-0.006,0.074,0,1.221,-0.189,-37.012,0,"mochi_2929",0.072,-16.717,0,"Espressο",-20.525,-45.57,0,"sano jpn",-6.326,-60.248,0,"にゃんこ3K",19.047,-44.972,0,"檸檬の残骸",15.59,-63.595,0,"ぐだもん",30.331,-103.036,0,"alcohol500",5.744,-118.115,0,"ゆっち一",-49.132,-93.997,0,1870.89,0.73,-21.356,0,0,"",0,0,0,0,0,0,0,0,0,3
21,1,0,1,1,0,1,1,1,0,1,13,255,9,8,1891.449,"あくせる",R,26,88,140,-0.995,0.793,-0.127,1.749,-36.438,0,0,132.738,-159.13,43.66,0,0,1,4,6,L,"SFIDA",190,80,0.453,0,59,0,0,0,0,0,0,0,0,0,0,0,0,0,0,0,0,-0.187,-37.663,0,"mochi_2929",-0.357,-17.328,0,"Espressο",-19.108,-44.57,0,"sano jpn",-6.272,-61.179,0,"にゃんこ3K",19.428,-42.724,0,"檸檬の残骸",15.817,-63.198,0,"ぐだもん",43.185,-85.514,0,"alcohol500",5.39,-114.527,0,"ゆっち一",-41.505,-101.723,0,0,0,0,0,0,"",0,0,0,0,0,0,0,0,0,0
22,1,0,1,1,0,2,1,1,0,1,13,255,9,9,1912.088,"あくせる",R,34,93,140,0.653,0.682,0.042,1.753,-36.417,2,0,67.903,-44.491,5.796,0,0,1,4,6,L,"SFIDA",190,80,0.453,2,59,1912.925,216,14,53,55,38,139,94,63.176,-17.086,-0.45,0.034,0.025,0.109,0,0.598,-0.295,-36.731,0,"mochi_2929",-0.097,-16.652,0,"Espressο",-19.576,-42.82,0,"sano jpn",-7.724,-62.643,0,"にゃんこ3K",19.455,-44.864,86,"檸檬の残骸",15.999,-62.662,85,"ぐだもん",42.788,-87.536,0,"alcohol500",6.082,-115.44,0,"ゆっち一",-37.275,-97.227,0,1917.59,16.141,-63.962,1917.74,5,"檸檬の残骸",15.855,-63.204,0,0,0,0,0,0,0,1
23,1,0,1,1,0,0,2,1,0,1,13,255,9,10,1943.691,"あくせる",R,4,75,123,-2.415,0.104,0.104,1.632,-36.69,2,0,-166.418,0,-0.931,0,0,1,5,3,R,"오띵__",169.6,80,0.402,3,59,1944.709,227,17,130,157,16,150,124,10.348,23.202,0.53,0.01,-0.056,0.088,0.143,0.255,-0.296,-37.119,0,"mochi_2929",-0.312,-16.614,0,"Espressο",-21.291,-48.194,0,"sano jpn",-14.398,-63.526,0,"にゃんこ3K",18.565,-42.539,0,"檸檬の残骸",16.171,-62.875,0,"ぐだもん",31.805,-96.206,0,"alcohol500",-2.918,-110.798,0,"ゆっち一",-45.597,-90.247,98,1945.623,-39.801,-85.916,1945.84,8,"ゆっち一",-38.249,-83.92,0,0,0,0,0,0,0,1
24,2,1,1,1,0,0,0,0,0,0,255,255,255,12,2002.902,"Kr_Luna",L,13,74,114,1.654,-1.013,0.042,1.713,-36.599,1,0,344.317,362.554,0,0,0,0,5,7,L,"alcohol500",173.2,84,0.354,0,59,0,0,0,0,0,0,0,0,0,0,0,0,0,0,0,0,0.44,-37.86,0,"_Chun",0.084,-17.247,0,"_AKASATA_",-22.924,-51.32,0,"오띵__",-11.136,-65.876,0,"なおｐ--",21.001,-46.582,0,"CVPileMaki",15.673,-63.286,0,"SFIDA",40.035,-84.246,0,"Multeinn",5.182,-107.936,0,"M_lunatic",-39.882,-94.706,0,0,0,0,0,0,"",0,0,0,0,0,0,0,0,0,0
25,2,1,1,1,1,0,0,0,0,0,255,255,255,13,2020.676,"Kr_Luna",L,10,77,118,1.166,-1.393,0.108,1.677,-36.574,1,0,0,400,0,0.234,-17.675,0,5,7,L,"alcohol500",173.2,84,0.354,0,59,0,0,0,0,0,0,0,0,0,0,0,0,0,0,0,0,0.271,-37.895,0,"_Chun",0.13,-17.169,0,"_AKASATA_",-22.899,-51.175,0,"오띵__",-11.48,-65.833,0,"なおｐ--",20.987,-46.565,0,"CVPileMaki",15.743,-63.214,0,"SFIDA",40.02,-84.186,0,"Multeinn",3.96,-109.531,0,"M_lunatic",-40.407,-94.166,0,0,0,0,0,0,"",0,0,0,0,0,0,0,0,0,0
26,2,1,1,1,2,0,0,0,0,0,255,255,255,14,2039.007,"Kr_Luna",L,14,81,119,-1.493,-1.6,-0.005,1.615,-36.553,1,0,-378.572,326.624,0,-0.412,-17.943,0,5,7,L,"alcohol500",173.2,84,0.354,0,59,0,0,0,0,0,0,0,0,0,0,0,0,0,0,0,0,0.067,-37.956,0,"_Chun",-0.167,-17.225,0,"_AKASATA_",-22.897,-51.14,0,"오띵__",-12.523,-65.53,0,"なおｐ--",21.077,-46.687,0,"CVPileMaki",15.775,-63.116,0,"SFIDA",40.007,-84.209,0,"Multeinn",4.316,-109.229,0,"M_lunatic",-43.179,-96.992,0,0,0,0,0,0,"",0,0,0,0,0,0,0,0,0,0
27,2,1,1,1,3,0,0,0,0,0,255,255,255,15,2057.911,"Kr_Luna",L,10,75,117,-0.786,-0.987,-0.073,1.745,-36.602,0,0,0,400,0,0,0,0,5,7,L,"alcohol500",173.2,84,0.354,0,59,0,0,0,0,0,0,0,0,0,0,0,0,0,0,0,0,0.34,-37.758,0,"_Chun",-0.105,-17.259,0,"_AKASATA_",-22.941,-51.106,0,"오띵__",-12.7,-65.337,0,"なおｐ--",20.753,-46.174,0,"CVPileMaki",15.702,-63.316,0,"SFIDA",39.763,-83.618,0,"Multeinn",4.689,-104.911,0,"M_lunatic",-43.411,-96.633,0,0,0,0,0,0,"",0,0,0,0,0,0,0,0,0,0
28,2,1,1,1,3,1,0,0,0,0,255,255,255,16,2079.458,"Kr_Luna",L,27,78,129,-0.92,1.065,-0.052,1.889,-36.669,0,0,-104.726,-123.786,0,0,0,0,5,7,L,"alcohol500",173.2,84,0.354,0,59,0,0,0,0,0,0,0,0,0,0,0,0,0,0,0,0,0.127,-37.869,0,"_Chun",-0.09,-17.259,0,"_AKASATA_",-22.811,-51.079,0,"오띵__",-12.654,-65.317,0,"なおｐ--",20.888,-46.358,0,"CVPileMaki",15.713,-63.426,0,"SFIDA",39.844,-84.261,0,"Multeinn",4.397,-105.545,0,"M_lunatic",-43.652,-95.853,0,0,0,0,0,0,"",0,0,0,0,0,0,0,0,0,0
29,2,1,1,1,3,2,0,0,0,0,255,255,255,17,2098.075,"Kr_Luna",L,10,76,117,-0.444,-0.789,-0.041,1.774,-36.542,2,0,0,400,0,0.186,-19.119,1,5,7,L,"alcohol500",173.2,84,0.354,3,59,2099.297,255,3,105,51,17,150,91,-88.602,-87.369,-0.5,0.008,-0.077,0.277,0,0.157,0.086,-37.653,0,"_Chun",-0.125,-17.204,0,"_AKASATA_",-23.458,-51.294,0,"오띵__",-12.701,-65.262,0,"なおｐ--",20.883,-46.365,31,"CVPileMaki",15.713,-63.375,0,"SFIDA",39.303,-84.968,0,"Multeinn",4.167,-108.783,0,"M_lunatic",-43.26,-95.039,0,2100.439,13.857,-33.536,2101.24,4,"なおｐ--",15.525,-35.295,0,0,0,0,0,0,0,2
30,2,1,1,1,3,2,0,0,0,0,255,255,255,18,2127.915,"Kr_Luna",L,27,88,140,-0.64,0.453,-0.044,1.793,-36.598,2,0,-52.132,-132.942,0,0,0,1,5,7,L,"alcohol500",173.2,84,0.354,3,59,2128.978,200,6,70,58,17,144,84,-16.313,-31.623,-0.79,-0.019,-0.033,0.163,0,0.113,-0.019,-37.37,0,"_Chun",-0.13,-17.157,0,"_AKASATA_",-24.379,-51.362,85,"오띵__",-12.995,-65.229,0,"なおｐ--",20.233,-45.742,120,"CVPileMaki",15.176,-63.507,0,"SFIDA",41.622,-88.464,0,"Multeinn",7.766,-106.872,0,"M_lunatic",-45.352,-95.819,0,2127.323,1.899,-21.921,2128.856,4,"なおｐ--",15.595,-44.048,0,0,0,0,0,0,0,2
31,2,1,1,1,0,0,1,0,0,0,255,255,255,19,2157.164,"Kr_Luna",L,26,81,132,0.68,1.63,0.079,1.93,-36.668,4,0,-59.416,-167.844,0,0,0,1,6,5,R,"檸檬の残骸",160,80,0.414,0,59,0,0,0,0,0,0,0,0,0,0,0,0,0,0,0,0,0.261,-37.712,0,"_Chun",0.107,-17.196,0,"_AKASATA_",-23.265,-50.496,0,"오띵__",-12.957,-65.325,0,"なおｐ--",20.086,-48.674,0,"CVPileMaki",12.823,-64.845,0,"SFIDA",26.712,-96.587,0,"Multeinn",-11.62,-111.808,0,"M_lunatic",-45.624,-92.353,0,0,0,0,0,0,"",0,0,0,0,0,0,0,0,0,0
32,2,1,1,1,0,1,1,0,0,0,255,255,255,20,2174.171,"Kr_Luna",L,27,87,140,1.083,0.215,0.124,1.745,-36.619,2,0,-78.796,-145.573,0,0,0,1,6,5,R,"檸檬の残骸",160,80,0.414,3,59,2175.28,185,21,98,92,0,150,89,28.835,-12.332,-0.33,0,-0.034,0.171,0.095,0.404,0.052,-37.525,0,"_Chun",0.113,-17.152,0,"_AKASATA_",-23.544,-48.385,0,"오띵__",-12.843,-65.293,0,"なおｐ--",20.411,-48.592,81,"CVPileMaki",12.799,-64.855,0,"SFIDA",26.283,-96.665,0,"Multeinn",-8.629,-106.121,0,"M_lunatic",-45.661,-92.365,0,2178.323,5.819,-93.21,2185.24,7,"Multeinn",8.033,-128.923,1,0,0,0,0,0,0,2
33,2,1,1,1,0,0,1,0,0,1,255,255,5,21,2217.684,"Kr_Luna",L,10,81,109,0.178,-1.369,0.025,1.625,-36.64,2,0,0,400,0,0.994,-19.339,1,7,6,L,"ぐだもん",175.3,92.695,0.328,3,59,2218.682,255,10,112,97,44,150,130,-30,-47.716,0.57,0.006,-0.028,0.193,0,0.171,0.105,-37.934,0,"_Chun",-0.205,-17.277,0,"_AKASATA_",-24.418,-51.438,0,"오띵__",-10.686,-62.874,0,"なおｐ--",19.416,-43.44,0,"CVPileMaki",17.12,-58.875,0,"SFIDA",37.047,-89.74,0,"Multeinn",4.104,-109.343,0,"M_lunatic",-41.447,-87.998,0,2216.956,1.555,-19.215,0,0,"",0,0,0,0,0,0,0,0,0,0
34,2,1,1,1,0,1,1,0,0,1,255,255,5,22,2244.714,"Kr_Luna",L,13,71,100,-5.196,1.082,0.001,2.005,-36.847,2,0,314.703,360.782,0,0,0,1,7,6,L,"ぐだもん",175.3,92.695,0.328,3,59,2245.693,255,15,161,62,67,150,82,-30,-46.211,0.95,0.052,-0.015,0.36,0,0.251,0.054,-37.727,0,"_Chun",0.513,-17.251,0,"_AKASATA_",-24.818,-49.705,0,"오띵__",-9.664,-61.258,0,"なおｐ--",18.853,-43.394,0,"CVPileMaki",15.909,-55.651,0,"SFIDA",43.614,-87.451,0,"Multeinn",2.951,-105.869,0,"M_lunatic",-44.581,-93.004,0,2244.04,2.384,-20.957,0,0,"",0,0,0,0,0,0,0,0,0,3
35,2,1,1,1,0,2,1,0,0,1,255,255,5,23,2267.048,"Kr_Luna",L,27,84,136,0.004,1.951,0.014,2.038,-36.723,4,0,-44.495,-135.404,0,0,0,1,7,6,L,"ぐだもん",175.3,92.695,0.328,0,31,0,0,0,0,0,0,0,0,0,0,0,0,0,0,0,0,0.254,-37.962,0,"_Chun",0.174,-16.982,0,"_AKASATA_",-23.305,-48.644,0,"오띵__",-9.38,-61.403,0,"なおｐ--",18.944,-44.065,0,"CVPileMaki",16.833,-55.821,0,"SFIDA",41.997,-84.116,0,"Multeinn",6.387,-108.293,0,"M_lunatic",-42.943,-91.222,0,0,0,0,0,0,"",0,0,0,0,0,0,0,0,0,0
36,2,1,1,1,0,0,2,0,0,1,255,255,5,24,2292.508,"Kr_Luna",L,27,88,140,1.347,0.296,0.148,1.803,-36.565,4,0,-96.658,-130.784,0,0.195,-20.924,1,8,2,R,"Espressο",190,94.52,0.494,0,59,0,0,0,0,0,0,0,0,0,0,0,0,0,0,0,0,0.204,-37.747,0,"_Chun",0.077,-17.487,0,"_AKASATA_",-23.783,-49.664,0,"오띵__",-12.082,-65.474,0,"なおｐ--",17.726,-46.113,0,"CVPileMaki",14.397,-62.679,0,"SFIDA",41.577,-96.978,0,"Multeinn",3.512,-108.417,0,"M_lunatic",-44.654,-94.112,0,0,0,0,0,0,"",0,0,0,0,0,0,0,0,0,0
37,2,1,1,1,0,1,2,0,0,1,255,255,5,25,2316.158,"Kr_Luna",L,10,68,113,0.408,0.548,0.049,2.031,-36.773,2,0,0,400,0,0,0,1,8,2,R,"Espressο",190,94.52,0.494,3,46,2317.106,113,18,97,90,35,140,102,-50.811,-32.435,-0.08,0.011,0.001,0.098,0,0.373,0.143,-37.717,0,"_Chun",0.149,-17.166,0,"_AKASATA_",-23.964,-49.705,88,"오띵__",-12.096,-65.503,0,"なおｐ--",18.603,-43.493,120,"CVPileMaki",14.926,-62.941,0,"SFIDA",41.139,-96.189,0,"Multeinn",2.886,-106.733,0,"M_lunatic",-44.796,-94.259,0,2315.39,0.615,-20.276,2317.306,4,"なおｐ--",15.734,-43.826,0,0,0,0,0,0,0,2
38,2,0,1,1,0,0,0,0,0,0,255,255,255,11,2375.117,"あくせる",R,10,66,115,1.41,-0.754,0.17,1.598,-36.681,2,0,0,267.748,-19.428,0,0,1,6,2,R,"_AKASATA_",180.4,83.886,0.2,3,59,2376.052,235,14,72,72,38,150,93,-26.318,-11.252,-0.52,0.006,-0.012,0.136,0,0.215,-0.09,-37.2,0,"mochi_2929",0.171,-16.781,0,"Espressο",-20.538,-48.403,120,"sano jpn",-14.488,-64.135,0,"にゃんこ3K",22.401,-51.762,0,"檸檬の残骸",12.818,-64.626,95,"ぐだもん",31.859,-93.98,0,"alcohol500",-1.78,-114.117,0,"ゆっち一",-45.241,-86.809,0,2374.323,0.507,-21.219,2376.606,5,"檸檬の残骸",8.14,-58.905,0,0,0,0,0,0,0,2
39,2,0,1,1,0,0,1,0,0,0,255,255,255,12,2402.487,"あくせる",R,32,95,140,-0.97,1.172,-0.131,1.768,-36.428,0,0,164.465,-107.693,16.61,0,0,0,7,8,L,"M_lunatic",160,95.162,0.444,0,59,0,0,0,0,0,0,0,0,0,0,0,0,0,0,0,0,-0.328,-37.551,0,"mochi_2929",-0.102,-16.923,0,"Espressο",-17.431,-45.786,0,"sano jpn",-9.687,-60.732,0,"にゃんこ3K",21.285,-46.666,0,"檸檬の残骸",13.94,-60.964,0,"ぐだもん",38.625,-84.93,0,"alcohol500",5.356,-109.205,0,"ゆっち一",-37.431,-91.048,0,0,0,0,0,0,"",0,0,0,0,0,0,0,0,0,0
40,2,0,1,1,0,1,1,0,0,0,255,255,255,13,2419.784,"あくせる",R,0,74,113,-1.504,0.673,-0.075,1.799,-36.549,2,0,46.803,-49.531,8.722,0,0,1,7,8,L,"M_lunatic",160,95.162,0.444,2,59,2420.876,196,25,114,75,32,150,80,94.36,-78.665,-0.83,0.075,-0.041,0.247,0,0.347,-0.168,-37.5,0,"mochi_2929",-0.111,-16.827,0,"Espressο",-17.513,-45.75,0,"sano jpn",-9.537,-60.687,0,"にゃんこ3K",21.643,-48.065,0,"檸檬の残骸",13.889,-60.897,0,"ぐだもん",38.517,-85.031,0,"alcohol500",5.718,-109.281,0,"ゆっち一",-37.441,-91.049,0,2424.99,-30.426,-12.313,0,0,"",0,0,0,0,0,0,0,0,0,3
41,2,0,1,1,0,2,1,0,0,0,255,255,255,14,2439.422,"あくせる",R,33,98,140,-1.35,0.502,-0.163,1.675,-36.388,2,0,144.421,-109.582,36.035,0,0,1,7,8,L,"M_lunatic",160,95.162,0.444,2,40,2440.518,217,12,108,51,28,150,94,52.452,-47.154,-0.03,0.036,-0.061,0.259,0,0.3,-0.128,-37.52,0,"mochi_2929",-0.118,-16.672,0,"Espressο",-19.694,-48.253,0,"sano jpn",-11.199,-59.149,0,"にゃんこ3K",21.747,-47.42,0,"檸檬の残骸",15.768,-60.601,0,"ぐだもん",40.276,-88.536,0,"alcohol500",5.113,-111.426,0,"ゆっち一",-34.216,-97.436,0,2443.939,57.818,-61.027,0,0,"",0,0,0,0,0,0,0,0,0,3
42,2,0,1,1,0,2,1,0,0,0,255,255,255,15,2460.956,"あくせる",R,3,79,118,1.212,-0.092,0.321,1.642,-36.512,0,0,-460.273,0,0.277,0,0,0,7,8,L,"M_lunatic",160,95.162,0.444,0,40,0,0,0,0,0,0,0,0,0,0,0,0,0,0,0,0,0.003,-37.489,0,"mochi_2929",-0.096,-16.735,0,"Espressο",-20.585,-48.306,0,"sano jpn",-7.826,-60.519,0,"にゃんこ3K",21.879,-47.394,0,"檸檬の残骸",14.747,-61.603,0,"ぐだもん",38.587,-83.581,0,"alcohol500",2.072,-113.796,0,"ゆっち一",-40.999,-90.466,0,0,0,0,0,0,"",0,0,0,128,0,0,0,0,0,0
43,2,0,1,1,0,0,2,0,0,0,255,255,255,16,2480.83,"あくせる",R,32,88,140,3.052,1.257,0.234,1.774,-36.555,3,0,250,-98.027,15.274,1.301,-20.44,0,8,7,R,"Multeinn",160,90.349,0.501,0,59,0,0,0,0,0,0,0,0,0,0,0,0,0,0,0,0,-0.062,-37.848,0,"mochi_2929",0.087,-17.766,0,"Espressο",-20.72,-48.257,0,"sano jpn",-12.352,-59.981,0,"にゃんこ3K",22.077,-50.77,0,"檸檬の残骸",14.746,-61.704,0,"ぐだもん",32.723,-89.474,0,"alcohol500",1.608,-112.8,0,"ゆっち一",-43.147,-86.248,0,0,0,0,0,0,"",0,0,0,0,0,0,0,0,0,6
44,2,0,1,1,0,0,2,1,0,0,16,255,255,17,2514.384,"あくせる",R,32,85,139,3.313,0.477,0.246,1.725,-36.6,4,0,190.025,-83.498,10.983,0.123,-20.554,1,0,5,R,"CVPileMaki",169.8,94,0.399,0,59,0,0,0,0,0,0,0,0,0,0,0,0,0,0,0,0,-0.462,-38.351,0,"mochi_2929",-0.02,-17.47,0,"Espressο",-19.222,-45.697,0,"sano jpn",-10.846,-58.06,0,"にゃんこ3K",22.804,-50.155,0,"檸檬の残骸",2.738,-61.292,0,"ぐだもん",36.373,-88.345,0,"alcohol500",-0.778,-113.489,0,"ゆっち一",-44.51,-87.517,0,0,0,0,0,0,"",0,0,0,0,0,0,0,0,0,0
45,2,0,1,1,0,1,2,1,0,0,16,255,255,18,2534.486,"あくせる",R,0,61,118,0.412,-0.582,0.136,1.559,-36.657,2,0,0,0,2.556,0,0,1,0,5,R,"CVPileMaki",169.8,94,0.399,3,59,2535.601,148,25,107,134,67,150,124,13.607,2.655,0.51,0.018,-0.019,0.043,0,0.225,-0.146,-37.11,0,"mochi_2929",0.11,-16.637,0,"Espressο",-19.629,-47.861,0,"sano jpn",-10.883,-58.044,0,"にゃんこ3K",22.947,-49.649,0,"檸檬の残骸",3.326,-61.587,72,"ぐだもん",36.435,-88.524,0,"alcohol500",-4.51,-115.705,107,"ゆっち一",-43.942,-87.636,0,0,0,0,2537.473,7,"alcohol500",-8.259,-105.321,0,0,0,0,0,0,0,1
46,3,1,1,1,0,0,0,0,0,0,255,255,255,26,2603.922,"Kr_Luna",L,6,62,107,-2.583,1.343,0.062,1.999,-36.949,4,0,-486.041,0,0,-2.213,-7.495,1,0,1,R,"mochi_2929",190,95.142,0.445,0,59,0,0,0,0,0,0,0,0,0,0,0,0,0,0,0,0,0.146,-37.894,0,"_Chun",-0.35,-16.37,0,"_AKASATA_",-24.172,-48.548,0,"오띵__",-13.505,-65.1,0,"なおｐ--",20.401,-50.009,0,"CVPileMaki",10.662,-66.015,0,"SFIDA",39.572,-85.578,0,"Multeinn",-3.166,-109.373,0,"M_lunatic",-41.245,-87.317,0,0,0,0,0,0,"",0,0,0,0,0,0,0,0,0,0
47,3,1,1,1,0,1,0,0,0,0,255,255,255,27,2628.447,"Kr_Luna",L,26,90,140,-2.12,0.309,-0.17,1.768,-36.701,4,0,-95.157,-178.565,0,0,0,1,0,1,R,"mochi_2929",190,95.142,0.445,0,59,0,0,0,0,0,0,0,0,0,0,0,0,0,0,0,0,0.359,-37.649,0,"_Chun",-0.376,-17.025,0,"_AKASATA_",-22.776,-47.785,0,"오띵__",-13.249,-65.181,0,"なおｐ--",20.42,-50.051,0,"CVPileMaki",10.182,-65.406,0,"SFIDA",39.785,-87.315,0,"Multeinn",-4.11,-108.381,0,"M_lunatic",-41.752,-87.808,0,0,0,0,0,0,"",0,0,0,0,0,0,0,0,0,0
48,3,1,1,1,0,2,0,0,0,0,255,255,255,28,2645.936,"Kr_Luna",L,10,84,126,-1.024,-1.977,-0.095,1.507,-36.615,1,0,0,400,0,-0.198,-18.974,0,0,1,R,"mochi_2929",190,95.142,0.445,0,59,0,0,0,0,0,0,0,0,0,0,0,0,0,0,0,0,0.218,-37.774,0,"_Chun",-0.133,-17.112,0,"_AKASATA_",-22.293,-48.357,0,"오띵__",-13.521,-65.078,0,"なおｐ--",20.461,-50.129,0,"CVPileMaki",9.148,-64.953,0,"SFIDA",39.165,-87.566,0,"Multeinn",-7.364,-110.296,0,"M_lunatic",-41.899,-88.164,0,0,0,0,0,0,"",0,0,0,0,0,0,0,0,0,0
49,3,1,1,1,1,2,0,0,0,0,255,255,255,29,2665.31,"Kr_Luna",L,27,85,139,-0.298,1.478,-0.006,2.005,-36.743,1,0,-74.177,-134.659,0,0,0,0,0,1,R,"mochi_2929",190,95.142,0.445,0,59,0,0,0,0,0,0,0,0,0,0,0,0,0,0,0,0,-0.005,-37.798,0,"_Chun",-0.299,-16.938,0,"_AKASATA_",-22.26,-48.387,0,"오띵__",-13.401,-65.169,0,"なおｐ--",20.507,-50.915,0,"CVPileMaki",11.405,-65.526,0,"SFIDA",37.921,-88.123,0,"Multeinn",-8.21,-111.532,0,"M_lunatic",-44.511,-90.563,0,0,0,0,0,0,"",0,0,0,0,0,0,0,0,0,0
50,3,1,1,1,2,2,0,0,0,0,255,255,255,30,2684.096,"Kr_Luna",L,26,87,140,2.279,-0.628,0.233,1.588,-36.52,2,0,-75.202,-178.723,0,0,0,1,0,1,R,"mochi_2929",190,95.142,0.445,3,59,2685.205,66,13,39,56,39,74,66,105.116,-73.413,-0.01,0.084,-0.079,0.09,0,0.16,0.063,-37.317,0,"_Chun",0.202,-17.157,0,"_AKASATA_",-22.391,-48.509,0,"오띵__",-12.838,-65.329,0,"なおｐ--",20.572,-51.064,0,"CVPileMaki",12.297,-64.982,0,"SFIDA",37.916,-88.131,0,"Multeinn",-6.087,-110.05,0,"M_lunatic",-44.519,-90.571,0,0,0,0,0,0,"",0,0,0,0,0,0,0,0,0,3
51,3,1,1,1,2,2,0,0,0,0,255,255,255,31,2707.305,"Kr_Luna",L,10,64,110,0.685,0.668,0.064,2.052,-36.703,2,0,0,400,0,0,0,1,0,1,R,"mochi_2929",190,95.142,0.445,3,59,2708.529,97,15,81,30,16,130,96,-5.159,31.151,-0.02,0.077,-0.058,0.205,0,0.192,0.103,-37.644,0,"_Chun",0.154,-17.09,0,"_AKASATA_",-22.341,-48.376,92,"오띵__",-13.231,-65.208,0,"なおｐ--",20.576,-51.058,0,"CVPileMaki",12.916,-65.009,0,"SFIDA",38.641,-88.13,0,"Multeinn",-5.088,-108.657,0,"M_lunatic",-42.997,-89.115,0,2707.19,-5.128,-27.953,2708.656,2,"_AKASATA_",-16.975,-49.674,0,0,0,0,0,0,0,2
52,3,1,1,1,0,0,1,0,0,0,255,255,255,32,2735.371,"Kr_Luna",L,27,89,140,1.297,-0.487,0.136,1.648,-36.568,2,0,-54.24,-120.416,0,0,0,1,1,3,R,"sano jpn",169.2,94.644,0.354,3,59,2736.483,193,8,62,118,46,141,84,-19.968,8.015,-0.66,-0.046,-0.007,0.201,0,0.334,0.092,-37.468,0,"_Chun",0.104,-17.274,0,"_AKASATA_",-22.111,-49.738,87,"오띵__",-13.17,-65.296,103,"なおｐ--",20.754,-50.556,0,"CVPileMaki",6.334,-66.473,0,"SFIDA",25.563,-97.871,0,"Multeinn",-7.285,-107.95,0,"M_lunatic",-44.428,-90.35,0,2734.74,-0.032,-21.118,2737.373,3,"오띵__",-5.267,-60.59,0,0,0,0,0,0,0,2
53,3,1,1,1,0,0,2,0,0,0,255,255,255,33,2766.239,"Kr_Luna",L,27,78,116,-2.721,0.305,-0.356,1.773,-36.673,1,0,-40.362,-114.966,0,0,0,0,2,8,R,"ゆっち一",180.2,85.623,0.42,0,59,0,0,0,0,0,0,0,0,0,0,0,0,0,0,0,0,-0.096,-37.921,0,"_Chun",-0.448,-16.969,0,"_AKASATA_",-22.812,-49.751,0,"오띵__",-13.261,-65.257,0,"なおｐ--",21.525,-51.374,0,"CVPileMaki",5.019,-67.251,0,"SFIDA",25.48,-109.936,0,"Multeinn",-11.028,-114.99,0,"M_lunatic",-49.128,-96.673,0,0,0,0,0,0,"",0,0,0,0,0,0,0,0,0,0
54,3,1,1,1,1,0,2,0,0,0,255,255,255,34,2784.182,"Kr_Luna",L,10,88,128,6.812,-0.605,0.132,1.704,-36.597,2,0,0,397.671,0,0,0,1,2,8,R,"ゆっち一",180.2,85.623,0.42,3,59,2785.294,119,18,114,65,47,140,129,-6.869,32.081,0.59,-0.082,-0.117,0.333,0,0.333,0.216,-36.836,0,"_Chun",0.14,-17.198,0,"_AKASATA_",-22.866,-49.786,93,"오띵__",-13.055,-65.231,0,"なおｐ--",21.472,-51.304,0,"CVPileMaki",5.214,-67.32,0,"SFIDA",25.532,-107.381,0,"Multeinn",-11.952,-114.905,0,"M_lunatic",-49.134,-96.675,0,2783.673,-1.993,-23.417,2785.006,2,"_AKASATA_",-18.87,-51.078,0,0,0,0,0,0,0,2
55,3,0,1,1,0,0,0,0,0,0,255,255,255,19,2833.605,"あくせる",R,3,75,115,-1.511,-0.211,0.026,1.597,-36.501,1,0,-450.69,0,-5.138,0,0,0,1,1,L,"_Chun",190,80,0.455,0,59,0,0,0,0,0,0,0,0,0,0,0,0,0,0,0,0,-0.025,-37.553,0,"mochi_2929",-0.238,-16.638,0,"Espressο",-20.399,-46.865,0,"sano jpn",-10.898,-64.905,0,"にゃんこ3K",23.697,-50.43,0,"檸檬の残骸",15.586,-63.35,0,"ぐだもん",44.328,-90.991,0,"alcohol500",6.215,-113.512,0,"ゆっち一",-41.02,-99.288,0,0,0,0,0,0,"",0,0,0,0,0,0,0,0,0,0
56,3,0,1,1,1,0,0,0,0,0,255,255,255,20,2850.237,"あくせる",R,3,75,117,-2.052,0.209,-0.058,1.676,-36.304,2,0,-387.656,0,18.118,0,0,1,1,1,L,"_Chun",190,80,0.455,3,59,2851.249,255,30,157,135,65,150,123,-30,-36.043,0.22,-0.092,0.007,0.161,0,0.461,-0.194,-36.895,0,"mochi_2929",-0.177,-16.543,0,"Espressο",-20.766,-48.428,0,"sano jpn",-10.797,-64.845,0,"にゃんこ3K",23.703,-50.399,102,"檸檬の残骸",15.762,-63.081,0,"ぐだもん",44.373,-91.204,0,"alcohol500",5.725,-116.023,0,"ゆっち一",-37.904,-102.033,0,2849.523,0.946,-22.487,2850.99,4,"にゃんこ3K",19.235,-47.975,0,0,0,0,0,0,0,2
57,3,0,1,1,0,0,1,0,0,0,255,255,255,21,2873.696,"あくせる",R,4,79,126,-2.084,-0.364,0.032,1.565,-36.406,2,0,-166.236,0,23.699,0,0,1,2,0,L,"Kr_Luna",190,94.2,0.505,3,87,2874.482,134,22,152,117,64,145,94,-12.202,22.162,-0.64,-0.02,-0.02,0.094,0,0.132,-0.195,-37.063,0,"mochi_2929",-0.163,-16.588,0,"Espressο",-21.468,-49.915,0,"sano jpn",-11.437,-63.874,99,"にゃんこ3K",23.218,-49.998,0,"檸檬の残骸",16.31,-62.06,0,"ぐだもん",40.925,-93.404,0,"alcohol500",0.177,-117.041,0,"ゆっち一",-37.466,-102.597,0,2872.873,-1.829,-24.011,2874.956,3,"sano jpn",-15.89,-59.439,0,0,0,0,0,0,0,2
58,3,0,1,1,0,0,2,0,0,0,255,255,255,22,2898.419,"あくせる",R,0,63,119,1.378,-0.713,0.206,1.509,-36.706,2,0,0,0,1.186,0,0,1,3,4,R,"なおｐ--",190,90.37,0.445,3,78,2899.495,255,24,183,71,32,150,130,25.488,3.556,0.65,-0.004,-0.059,0.32,0,0.455,-0.033,-37.152,0,"mochi_2929",0.159,-16.606,0,"Espressο",-21.077,-48.052,0,"sano jpn",-15.133,-63.595,0,"にゃんこ3K",22.24,-51.401,0,"檸檬の残骸",13.955,-63.809,0,"ぐだもん",31.466,-99.745,0,"alcohol500",-11.39,-116.908,105,"ゆっち一",-46.04,-93.22,0,0,0,0,2902.79,7,"alcohol500",-24.004,-126.639,0,0,0,0,0,0,0,1
59,4,1,1,1,0,0,0,0,0,0,255,255,255,35,2961.694,"Kr_Luna",L,10,77,118,1.025,0.495,0.095,1.984,-36.649,2,0,0,400,0,0,0,1,3,4,R,"にゃんこ3K",190,90.056,0.546,3,59,2962.9,157,15,59,76,34,140,116,-18.288,3.812,0.88,0.082,-0.004,0.138,0,0.584,-0.044,-37.486,0,"_Chun",0.154,-17.13,0,"_AKASATA_",-24.895,-52.046,86,"오띵__",-13.236,-65.162,0,"なおｐ--",21.353,-48.004,0,"CVPileMaki",12.51,-65.025,0,"SFIDA",39.611,-88.048,0,"Multeinn",2.108,-109.095,92,"M_lunatic",-38.651,-91.422,0,2961.173,-0.041,-24.169,2964.723,7,"Multeinn",-3.72,-96.472,1,0,0,0,0,0,0,2
60,4,1,1,1,0,0,0,1,0,0,4,255,255,36,2992.337,"Kr_Luna",L,27,87,140,-2.141,-0.133,-0.187,1.696,-36.672,1,0,-39.487,-129.582,0,0,0,0,4,0,R,"あくせる",190,86.41,0.669,0,59,0,0,0,0,0,0,0,0,0,0,0,0,0,0,0,0,0.269,-37.965,0,"_Chun",-0.442,-17.119,0,"_AKASATA_",-20.562,-46.146,0,"오띵__",-13.005,-65.14,0,"なおｐ--",20.3,-49.398,0,"CVPileMaki",2.455,-63.73,0,"SFIDA",24.072,-98.496,0,"Multeinn",-10.727,-109.916,0,"M_lunatic",-42.058,-90.978,0,0,0,0,0,0,"",0,0,0,0,0,0,0,0,0,0
61,4,1,1,1,1,0,0,1,0,0,4,255,255,37,3012.217,"Kr_Luna",L,14,69,111,0.554,0.798,0.287,2.016,-36.838,0,0,-394.851,306.746,0,0,0,0,4,0,R,"あくせる",190,86.41,0.669,0,59,0,0,0,0,0,0,0,0,0,0,0,0,0,0,0,0,0.223,-38.117,0,"_Chun",0.127,-17.336,0,"_AKASATA_",-19.507,-45.948,0,"오띵__",-13.107,-65.171,0,"なおｐ--",20.824,-49.206,0,"CVPileMaki",2.057,-63.347,0,"SFIDA",24.043,-98.529,0,"Multeinn",-7.517,-113.795,0,"M_lunatic",-44.3,-92.69,0,0,0,0,0,0,"",0,0,0,0,0,0,0,0,0,0
62,4,1,1,1,1,1,0,1,0,0,4,255,255,38,3032.922,"Kr_Luna",L,27,94,140,1.174,0.578,0.119,1.831,-36.636,2,0,-34.959,-139.519,0,0,0,1,4,0,R,"あくせる",190,86.41,0.669,3,59,3034.053,255,14,171,98,58,150,88,23.063,8.921,-0.78,-0.036,-0.154,0.211,0,0.31,0.176,-37.686,0,"_Chun",0.065,-17.066,0,"_AKASATA_",-21.753,-47.019,90,"오띵__",-13.214,-65.192,0,"なおｐ--",20.825,-49.211,0,"CVPileMaki",3.529,-66.96,0,"SFIDA",24.041,-98.521,0,"Multeinn",-11.294,-114.098,95,"M_lunatic",-44.328,-92.726,0,3037.256,-16.225,-94.223,3037.54,7,"Multeinn",-15.863,-92.696,0,0,0,0,0,0,0,1
63,4,1,1,1,0,0,1,1,0,0,4,255,255,39,3067.402,"Kr_Luna",L,6,69,111,1.904,0.13,0.378,1.779,-36.785,1,0,-499.019,0,0,0,0,0,5,7,L,"alcohol500",173.2,84,0.354,0,59,0,0,0,0,0,0,0,0,0,0,0,0,0,0,0,0,0.463,-37.992,0,"_Chun",0.202,-17.059,0,"_AKASATA_",-21.678,-48.038,0,"오띵__",-6.009,-67.013,0,"なおｐ--",21.632,-47.569,0,"CVPileMaki",16.012,-62.995,0,"SFIDA",42.472,-83.972,0,"Multeinn",7.592,-112.167,0,"M_lunatic",-37.805,-97.211,0,0,0,0,0,0,"",0,0,0,0,0,0,0,0,0,0
64,4,1,1,1,1,0,1,1,0,0,4,255,255,40,3088.418,"Kr_Luna",L,13,75,102,2.795,-0.53,0.157,1.85,-36.735,4,0,349.104,329.028,0,0,0,1,5,7,L,"alcohol500",173.2,84,0.354,0,59,0,0,0,0,0,0,0,0,0,0,0,0,0,0,0,0,0.555,-38.036,0,"_Chun",0.303,-17.154,0,"_AKASATA_",-20.591,-45.748,0,"오띵__",-5.599,-65.026,0,"なおｐ--",21.354,-47.281,0,"CVPileMaki",16.264,-62.669,0,"SFIDA",42.361,-83.971,0,"Multeinn",7.32,-106.715,0,"M_lunatic",-36.581,-95.902,0,0,0,0,0,0,"",0,0,0,0,0,0,0,0,0,0
65,4,1,1,1,1,1,1,1,0,0,4,255,255,41,3110.093,"Kr_Luna",L,10,78,119,-1.392,-2.758,-0.055,1.858,-36.626,2,0,0,400,0,-0.256,-20.681,1,5,7,L,"alcohol500",173.2,84,0.354,3,59,3111.285,255,13,132,89,40,150,96,-55.252,15.367,-0.21,0.015,-0.038,0.206,0,0.263,0.54,-37.088,0,"_Chun",-0.159,-17.254,0,"_AKASATA_",-20.554,-48.467,112,"오띵__",-10.587,-66.068,0,"なおｐ--",21.022,-47.085,0,"CVPileMaki",16.349,-62.899,0,"SFIDA",42.417,-84,0,"Multeinn",8.023,-106.404,0,"M_lunatic",-36.617,-95.96,0,0,0,0,3112.506,2,"_AKASATA_",-17.543,-37.979,0,0,0,0,0,0,0,1
66,4,1,1,1,0,0,2,0,1,0,255,4,255,42,3528.405,"Kr_Luna",L,27,88,140,1.947,-0.194,0.202,1.723,-36.564,2,0,-76.578,-142.503,0,0,0,1,6,5,R,"檸檬の残骸",160,80,0.414,3,59,3530.036,255,2,0,2,4,10,11,-62.43,32.909,0.7,0.005,0.015,0.006,0.095,0.173,0.297,-37.667,0,"_Chun",0.06,-17.214,0,"_AKASATA_",-21.621,-49.18,0,"오띵__",-13.24,-65.031,0,"なおｐ--",20.258,-46.579,0,"CVPileMaki",7.184,-66.58,0,"SFIDA",23.764,-104.718,0,"Multeinn",-10.233,-106.313,0,"M_lunatic",-43.975,-88.684,0,3528.306,0.299,-20.167,3529.973,1,"_Chun",-0.282,-20.327,0,0,0,0,0,0,0,2
67,4,1,1,1,0,1,2,0,1,0,255,4,255,43,3621.422,"Kr_Luna",L,26,83,136,0.013,2.478,0.022,2.051,-36.756,1,0,-69.731,-153.99,0,0,0,0,6,5,R,"檸檬の残骸",160,80,0.414,0,59,0,0,0,0,0,0,0,0,0,0,0,0,0,0,0,0,0.109,-38.216,0,"_Chun",0.096,-17.092,0,"_AKASATA_",-22.495,-48.809,0,"오띵__",-13.053,-65.178,0,"なおｐ--",20.237,-46.231,0,"CVPileMaki",6.178,-66.119,0,"SFIDA",22.054,-104.867,0,"Multeinn",-10.37,-106.084,0,"M_lunatic",-46.425,-90.116,0,0,0,0,0,0,"",0,0,0,0,0,0,0,0,0,0
68,4,1,1,1,1,1,2,0,1,0,255,4,255,44,3639.694,"Kr_Luna",L,12,66,104,-1.236,0.044,-0.109,1.976,-37.02,0,0,-15.985,149.804,0,-0.279,-15.123,1,6,5,R,"檸檬の残骸",160,80,0.414,0,59,0,0,0,0,0,0,0,0,0,0,0,0,0,0,0,0,0.29,-38.064,0,"_Chun",-0.364,-16.976,0,"_AKASATA_",-22.498,-48.805,0,"오띵__",-13.206,-65.142,0,"なおｐ--",20.25,-45.364,0,"CVPileMaki",3.587,-64.552,0,"SFIDA",22.041,-104.81,0,"Multeinn",-11.507,-106.95,0,"M_lunatic",-46.421,-90.065,0,0,0,0,0,0,"",0,0,0,0,0,0,0,0,0,0
69,4,1,1,1,1,2,2,0,1,0,255,4,255,45,3658.196,"Kr_Luna",L,6,62,95,-2.484,0.956,-0.076,1.954,-36.836,4,0,-367.779,0,0,0,0,1,6,5,R,"檸檬の残骸",160,80,0.414,0,59,0,0,0,0,0,0,0,0,0,0,0,0,0,0,0,0,0.273,-38.022,0,"_Chun",-0.414,-17.082,0,"_AKASATA_",-22.676,-48.769,0,"오띵__",-13.18,-65.155,0,"なおｐ--",21.047,-44.722,0,"CVPileMaki",3.484,-64.932,0,"SFIDA",22.05,-104.834,0,"Multeinn",-11.276,-107.134,0,"M_lunatic",-47.065,-90.851,0,0,0,0,0,0,"",0,0,0,0,0,0,0,0,0,0
70,4,0,1,1,0,0,0,0,0,0,255,255,255,23,3707.056,"あくせる",R,4,79,124,-0.497,0.536,0.089,1.737,-36.538,2,0,-247.573,0,2.516,0,0,1,4,6,L,"SFIDA",190,80,0.453,2,59,3707.951,255,15,95,82,47,150,91,28.253,7.079,-0.79,0.055,0.044,0.17,0,0.846,-0.141,-37.017,0,"mochi_2929",-0.128,-16.713,0,"Espressο",-20.877,-49.824,0,"sano jpn",-11.847,-65.081,0,"にゃんこ3K",23.056,-50.05,0,"檸檬の残骸",14.349,-63.655,0,"ぐだもん",41.7,-90.176,0,"alcohol500",5.515,-115.293,107,"ゆっち一",-33.182,-102.896,0,3710.99,-4.463,-95.605,3711.44,7,"alcohol500",-4.494,-96.379,1,0,0,0,0,0,0,2
71,4,0,1,1,0,0,0,1,0,0,15,255,255,24,3738.515,"あくせる",R,3,85,126,1.315,0.011,0.251,1.674,-36.659,0,0,-483.447,0,2.807,0,0,0,5,3,R,"오띵__",169.6,80,0.402,0,83,0,0,0,0,0,0,0,0,0,0,0,0,0,0,0,0,0.006,-37.91,0,"mochi_2929",0.168,-16.664,0,"Espressο",-18.207,-45.846,0,"sano jpn",-12.426,-58.076,0,"にゃんこ3K",19.422,-45.975,0,"檸檬の残骸",3.124,-61.16,0,"ぐだもん",31.581,-90.237,0,"alcohol500",-4.04,-111.025,0,"ゆっち一",-42.287,-90.548,0,0,0,0,0,0,"",0,0,0,0,0,0,0,0,0,0
72,4,0,1,1,0,1,0,1,0,0,15,255,255,25,3753.479,"あくせる",R,32,88,140,0.718,-0.869,0.014,1.478,-36.363,2,0,189.755,-89.683,12.12,0,0,1,5,3,R,"오띵__",169.6,80,0.402,3,83,3754.42,214,10,104,0,8,136,109,-30,-10.641,0.88,0.014,-0.033,0.123,0.048,0.321,-0.218,-37.011,0,"mochi_2929",0.156,-16.695,0,"Espressο",-18.678,-43.259,0,"sano jpn",-12.316,-58.049,0,"にゃんこ3K",18.901,-47.856,0,"檸檬の残骸",7.412,-62.353,0,"ぐだもん",31.546,-90.247,0,"alcohol500",-5.594,-112.86,0,"ゆっち一",-45.506,-86.351,69,3752.723,0.318,-20.165,3754.656,5,"檸檬の残骸",4.997,-55.595,1,0,0,0,0,0,0,2
73,4,0,1,1,0,0,1,1,0,0,12,255,255,26,3790.836,"あくせる",R,3,74,116,0.22,-0.501,0.171,1.55,-36.517,0,0,-415.023,0,2.159,0,0,0,6,2,R,"_AKASATA_",180.4,83.886,0.2,0,59,0,0,0,0,0,0,0,0,0,0,0,0,0,0,0,0,-0.113,-37.721,0,"mochi_2929",-0.183,-17.316,0,"Espressο",-20.006,-48.099,0,"sano jpn",-8.07,-60.137,0,"にゃんこ3K",20.48,-47.221,0,"檸檬の残骸",4.121,-63.049,0,"ぐだもん",28.964,-97.09,0,"alcohol500",-4.957,-115.088,0,"ゆっち一",-46.835,-90.958,0,0,0,0,0,0,"",0,0,0,0,0,0,0,0,0,0
74,4,0,1,1,0,1,1,1,0,0,12,255,255,27,3808.125,"あくせる",R,0,76,127,1.656,-0.305,0.169,1.582,-36.363,4,0,-49.497,0,36.633,0,0,1,6,2,R,"_AKASATA_",180.4,83.886,0.2,0,59,0,0,0,0,0,0,0,0,0,0,0,0,0,0,0,0,-0.282,-37.813,0,"mochi_2929",-0.314,-17.345,0,"Espressο",-18.701,-46.83,0,"sano jpn",-9.806,-59.23,0,"にゃんこ3K",20.865,-48.013,0,"檸檬の残骸",1.005,-60.607,0,"ぐだもん",29.013,-97.074,0,"alcohol500",-6.142,-111.527,0,"ゆっち一",-47.082,-88.356,0,0,0,0,0,0,"",0,0,0,0,0,0,0,0,0,0
75,4,0,1,1,0,2,1,1,0,0,12,255,255,28,3826.529,"あくせる",R,32,79,130,3.181,1.645,0.267,1.894,-36.491,3,0,172.046,-55.806,10.496,0.301,-21.057,0,6,2,R,"_AKASATA_",180.4,83.886,0.2,0,59,0,0,0,0,0,0,0,0,0,0,0,0,0,0,0,0,-0.196,-37.637,0,"mochi_2929",-0.123,-17.737,0,"Espressο",-18.863,-44.276,0,"sano jpn",-13.605,-58.593,0,"にゃんこ3K",21.466,-48.876,0,"檸檬の残骸",0.572,-60.491,0,"ぐだもん",29.465,-98.52,0,"alcohol500",-6.773,-111.465,0,"ゆっち一",-47.056,-87.628,0,0,0,0,0,0,"",0,0,0,0,0,0,0,0,0,6
76,4,0,1,1,0,0,1,1,1,0,11,12,255,29,3851.058,"あくせる",R,5,69,121,0.813,-0.596,0.179,1.524,-36.565,0,0,-82.767,0,-9.703,0,0,0,7,8,L,"M_lunatic",160,95.162,0.444,0,59,0,0,0,0,0,0,0,0,0,0,0,0,0,0,0,0,-0.043,-38.172,0,"mochi_2929",0.203,-16.675,0,"Espressο",-20.051,-48.758,0,"sano jpn",-2.191,-57.796,0,"にゃんこ3K",19.827,-42.996,0,"檸檬の残骸",15.481,-62.931,0,"ぐだもん",39.851,-85.03,0,"alcohol500",3.933,-112.086,0,"ゆっち一",-33.527,-94.016,0,0,0,0,0,0,"",0,0,0,0,0,0,0,0,0,0
77,4,0,1,1,0,1,1,1,1,0,11,12,255,30,3878.949,"あくせる",R,32,91,140,0.583,1.333,0.01,1.786,-36.458,2,0,165.326,-107.918,21.455,0,0,1,7,8,L,"M_lunatic",160,95.162,0.444,2,59,3879.991,121,8,77,42,34,139,83,48.768,-34.774,-0.48,0.032,-0.043,0.097,0,0.173,-0.083,-37.692,0,"mochi_2929",-0.07,-16.606,0,"Espressο",-19.737,-50.137,0,"sano jpn",-5.652,-58.077,74,"にゃんこ3K",20.446,-45.079,0,"檸檬の残骸",16.868,-62.33,95,"ぐだもん",39.079,-85.576,96,"alcohol500",5.144,-113.837,0,"ゆっち一",-34.646,-96.482,0,0,0,0,3883.59,6,"ぐだもん",32.254,-67.518,0,0,0,0,0,0,0,1
78,4,0,1,1,0,0,2,1,1,0,11,12,255,31,3962.246,"あくせる",R,32,86,140,2.189,-0.8,0.118,1.594,-36.699,1,0,223.805,-74.861,12.569,0,0,0,8,7,R,"Multeinn",160,90.349,0.501,0,59,0,0,0,0,0,0,0,0,0,0,0,0,0,0,0,0,-0.209,-38.293,0,"mochi_2929",1.537,-17.854,0,"Espressο",-21.878,-48.508,0,"sano jpn",-9.679,-58.041,0,"にゃんこ3K",20.632,-44.914,0,"檸檬の残骸",1.585,-59.814,0,"ぐだもん",28.843,-86.234,0,"alcohol500",0.694,-111.706,0,"ゆっち一",-46.316,-87.867,0,0,0,0,0,0,"",0,0,0,0,0,0,0,0,0,0
79,4,0,1,1,1,0,2,1,1,0,11,12,255,32,3982.132,"あくせる",R,32,87,140,1.115,-0.361,0.044,1.571,-36.451,0,0,212.877,-53.51,8.605,0,0,0,8,7,R,"Multeinn",160,90.349,0.501,0,59,0,0,0,0,0,0,0,0,0,0,0,0,0,0,0,0,-0.121,-37.884,0,"mochi_2929",0.108,-16.676,0,"Espressο",-20.129,-46.33,0,"sano jpn",-11.37,-57.853,0,"にゃんこ3K",21.185,-45.873,0,"檸檬の残骸",2.17,-59.695,0,"ぐだもん",30.323,-86.064,0,"alcohol500",1.638,-109.739,0,"ゆっち一",-46.798,-90.759,0,0,0,0,0,0,"",0,0,0,0,0,0,0,0,0,0
80,4,0,1,1,1,1,2,1,1,0,11,12,255,33,3998.694,"あくせる",R,0,63,104,1.719,-0.144,0.278,1.608,-36.63,1,0,45.865,-20.619,0.831,0,0,0,8,7,R,"Multeinn",160,90.349,0.501,0,36,0,0,0,0,0,0,0,0,0,0,0,0,0,0,0,0,-0.268,-38.018,0,"mochi_2929",0.12,-16.74,0,"Espressο",-19.332,-44.367,0,"sano jpn",-11.532,-57.927,0,"にゃんこ3K",20.208,-44.733,0,"檸檬の残骸",0.79,-59.745,0,"ぐだもん",29.666,-84.478,0,"alcohol500",0.266,-110.269,0,"ゆっち一",-45.809,-89.6,0,0,0,0,0,0,"",0,0,0,0,0,0,0,0,0,0
81,4,0,1,1,2,1,2,1,1,0,11,12,255,34,4043.6,"あくせる",R,3,71,113,0.449,-0.525,0.21,1.589,-36.569,0,0,-434.789,0,0.219,0,0,0,8,7,R,"Multeinn",160,90.349,0.501,0,59,0,0,0,0,0,0,0,0,0,0,0,0,0,0,0,0,-0.485,-38.345,0,"mochi_2929",0.259,-17.04,0,"Espressο",-18.696,-46.575,0,"sano jpn",-10.656,-56.59,0,"にゃんこ3K",19.754,-44.445,0,"檸檬の残骸",0.082,-59.214,0,"ぐだもん",31.777,-84.818,0,"alcohol500",1.284,-106.384,0,"ゆっち一",-44.309,-87.176,0,0,0,0,0,0,"",0,0,0,0,0,0,0,0,0,0
82,4,0,1,1,2,2,2,1,1,0,11,12,255,35,4059.914,"あくせる",R,32,81,133,2.209,-0.036,0.149,1.638,-36.442,2,0,250,-107.826,9.795,0,0,1,8,7,R,"Multeinn",160,90.349,0.501,2,59,4060.802,255,13,91,73,28,150,80,-32.803,-49.786,-0.79,-0.068,-0.125,0.155,0,0.35,-0.208,-37.323,0,"mochi_2929",0.099,-16.634,0,"Espressο",-20.779,-49.179,0,"sano jpn",-11.878,-57.038,0,"にゃんこ3K",20.915,-47.083,0,"檸檬の残骸",5.647,-61.16,0,"ぐだもん",30.884,-89.951,0,"alcohol500",-0.213,-108.273,0,"ゆっち一",-46.133,-88.667,0,4059.106,1.714,-20.305,0,0,"",0,0,0,0,0,0,0,0,0,3
83,4,0,1,1,2,2,2,1,1,0,11,12,255,36,4081.14,"あくせる",R,26,93,140,0.34,-0.287,-0.011,1.553,-36.334,0,0,152.487,-163.455,18.526,0,0,1,8,7,R,"Multeinn",160,90.349,0.501,0,59,0,0,0,0,0,0,0,0,0,0,0,0,0,0,0,0,-1.589,-37.009,0,"mochi_2929",0.286,-16.98,0,"Espressο",-19.213,-48.279,0,"sano jpn",-11.702,-55.348,0,"にゃんこ3K",20.606,-44.647,0,"檸檬の残骸",2.195,-60.68,0,"ぐだもん",35.281,-85.997,0,"alcohol500",-0.725,-110.625,0,"ゆっち一",-45.419,-88.691,0,0,0,0,0,0,"",0,0,0,0,0,0,0,0,0,0
84,5,1,1,1,0,0,0,0,0,0,255,255,255,46,4135.561,"Kr_Luna",L,13,80,106,1.691,-0.362,0.018,1.892,-36.771,2,0,341.778,352.428,0,0,0,1,7,6,L,"ぐだもん",175.3,92.695,0.328,3,59,4136.519,255,18,117,75,94,150,64,-6.916,-21.507,1,0.069,0.048,0.181,0,0.439,-0.009,-37.537,0,"_Chun",0.41,-17.211,0,"_AKASATA_",-22.225,-50.585,88,"오띵__",-11.991,-65.343,0,"なおｐ--",21.824,-47.605,87,"CVPileMaki",17.895,-60.496,99,"SFIDA",44.718,-84.76,0,"Multeinn",6.095,-106.508,0,"M_lunatic",-40.851,-95.579,0,4135.073,1.846,-23.115,4137.673,5,"CVPileMaki",13.848,-50.686,0,0,0,0,0,0,0,2
85,5,1,1,1,0,0,1,0,0,0,255,255,255,47,4164.866,"Kr_Luna",L,27,88,140,1.29,0.264,0.143,1.773,-36.553,2,0,-82.909,-119.452,0,0,0,1,8,2,R,"Espressο",190,94.52,0.494,3,59,4165.658,101,18,55,83,47,132,82,-6.716,-25.22,-0.83,-0.014,-0.015,0.118,0,0.211,0.08,-37.375,0,"_Chun",0.081,-17.143,0,"_AKASATA_",-24.589,-50.93,90,"오띵__",-12.667,-65.364,0,"なおｐ--",20.983,-48.786,120,"CVPileMaki",14.698,-63.789,0,"SFIDA",37.514,-93.615,0,"Multeinn",5.704,-104.47,0,"M_lunatic",-42.995,-93.284,0,4164.24,3.754,-27.696,4165.94,4,"なおｐ--",15.619,-49.267,0,0,0,0,0,0,0,2
86,5,1,1,1,0,0,2,0,0,0,255,255,255,48,4255.249,"Kr_Luna",L,14,73,101,-3.247,-0.25,-0.103,1.905,-36.899,1,0,-358.49,312.348,0,0,0,0,0,1,R,"mochi_2929",190,95.142,0.445,0,59,0,0,0,0,0,0,0,0,0,0,0,0,0,0,0,0,0.35,-38.105,0,"_Chun",-0.455,-17.211,0,"_AKASATA_",-24.244,-51.021,0,"오띵__",-12.401,-65.523,0,"なおｐ--",20.752,-51.866,0,"CVPileMaki",10.345,-65.989,0,"SFIDA",34.458,-88.496,0,"Multeinn",-3.475,-109.025,0,"M_lunatic",-45.398,-90.551,0,0,0,0,0,0,"",0,0,0,0,0,0,0,0,0,0
87,5,1,1,1,1,0,2,0,0,0,255,255,255,49,4271.38,"Kr_Luna",L,10,80,121,1.306,0.049,0.121,1.904,-36.587,2,0,0,400,0,0,0,1,0,1,R,"mochi_2929",190,95.142,0.445,3,59,4272.518,138,9,110,70,20,146,119,-30,-14.285,0.14,0.065,-0.054,0.217,0,0.284,0.265,-37.604,0,"_Chun",0.123,-17.207,0,"_AKASATA_",-24.13,-50.918,0,"오띵__",-12.271,-65.482,0,"なおｐ--",21.389,-51.506,0,"CVPileMaki",10.582,-65.958,103,"SFIDA",34.462,-88.503,0,"Multeinn",-2.905,-108.481,0,"M_lunatic",-45.4,-90.589,0,4270.79,0.578,-20.375,4272.74,5,"CVPileMaki",10.239,-58.756,0,0,0,0,0,0,0,2
88,5,0,1,1,0,0,0,0,0,0,255,255,255,37,4333.552,"あくせる",R,32,85,139,0.414,0.099,-0.015,1.613,-36.454,2,0,198.751,-143.311,32.273,0,0,1,0,5,R,"CVPileMaki",169.8,94,0.399,3,59,4334.647,207,12,114,74,48,150,126,0.552,15.653,0.64,0.024,-0.017,0.061,0,0.196,-0.051,-37.847,0,"mochi_2929",0.082,-16.553,0,"Espressο",-21.933,-50.402,98,"sano jpn",-13.854,-63.016,88,"にゃんこ3K",21.468,-51.421,0,"檸檬の残骸",13.061,-64.295,0,"ぐだもん",35.348,-86.261,0,"alcohol500",-0.982,-113.269,0,"ゆっち一",-45.204,-92.586,0,4333.54,-6.553,-37.686,4334.606,3,"sano jpn",-13.406,-58.756,0,0,0,0,0,0,0,2
89,5,0,1,1,0,0,1,0,0,0,255,255,255,38,4359.425,"あくせる",R,0,81,132,0.955,-0.957,0.092,1.451,-36.325,2,0,-11.809,0,30.548,0,0,1,1,1,L,"_Chun",190,80,0.455,3,91,4360.38,255,18,134,76,38,150,128,99.03,79.989,0.7,-0.035,-0.044,0.202,0,0.343,-0.029,-37.283,0,"mochi_2929",0.018,-16.572,0,"Espressο",-22.082,-50.848,0,"sano jpn",-8.822,-65.919,0,"にゃんこ3K",24.092,-50.914,0,"檸檬の残骸",14.402,-64.327,0,"ぐだもん",46.598,-97.256,0,"alcohol500",6.745,-115.605,0,"ゆっち一",-33.102,-108.164,0,0,0,0,0,0,"",0,0,0,0,0,0,0,0,0,3
90,5,0,1,1,0,1,1,0,0,0,255,255,255,39,4377.562,"あくせる",R,4,76,124,-0.725,-0.344,-0.017,1.568,-36.43,2,0,-153.853,0,11.857,0,0,1,1,1,L,"_Chun",190,80,0.455,3,91,4378.559,230,20,136,98,51,150,126,100.943,62.225,0.4,-0.114,-0.011,0.2,0,0.467,-0.154,-36.866,0,"mochi_2929",-0.294,-16.707,0,"Espressο",-21.936,-50.701,0,"sano jpn",-9.399,-65.205,0,"にゃんこ3K",24.11,-49.795,0,"檸檬の残骸",15.311,-62.802,0,"ぐだもん",46.741,-96.962,0,"alcohol500",6.294,-119.689,0,"ゆっち一",-37.536,-105.863,0,0,0,0,0,0,"",0,0,0,0,0,0,0,0,0,3
91,5,0,1,1,0,2,1,0,0,0,255,255,255,40,4393.154,"あくせる",R,33,90,140,-0.28,-1.015,-0.065,1.421,-36.2,2,0,143.818,-79.104,8.61,0,0,1,1,1,L,"_Chun",190,80,0.455,3,91,4394.056,125,7,88,49,23,140,122,4.579,-37.406,0.75,-0.001,-0.104,0.262,0,0.231,-0.16,-36.764,0,"mochi_2929",-0.18,-16.721,0,"Espressο",-21.94,-50.685,0,"sano jpn",-7.227,-65.85,0,"にゃんこ3K",23.367,-49.637,85,"檸檬の残骸",15.538,-63.553,0,"ぐだもん",46.301,-96.198,0,"alcohol500",6.167,-121.457,0,"ゆっち一",-36.317,-108.076,0,0,0,0,4393.707,4,"にゃんこ3K",20.269,-46.281,0,0,0,0,0,0,0,1
92,5,0,1,1,0,0,2,0,0,0,255,255,255,41,4414.912,"あくせる",R,3,80,118,-1.834,-0.111,0.006,1.615,-36.447,2,0,-500,0,-4.081,0,0,1,2,0,L,"Kr_Luna",190,94.2,0.505,3,59,4415.744,169,24,181,108,58,150,96,29.252,25.218,-0.56,-0.01,-0.005,0.132,0,0.124,-0.32,-36.825,0,"mochi_2929",-0.166,-16.629,0,"Espressο",-23.011,-51.502,0,"sano jpn",-10.812,-65.469,0,"にゃんこ3K",24.078,-50.693,0,"檸檬の残骸",15.826,-63.244,0,"ぐだもん",42.425,-93.288,0,"alcohol500",2.489,-119.177,0,"ゆっち一",-38.982,-107.62,94,4418.723,-30.627,-95.854,4418.89,8,"ゆっち一",-29.735,-93.467,0,0,0,0,0,0,0,1
93,6,1,1,1,0,0,0,0,0,0,255,255,255,50,4479.387,"Kr_Luna",L,11,66,115,0.027,2.054,0.002,2.164,-37.005,1,0,0,231.726,0,0,0,0,1,3,R,"sano jpn",169.2,94.644,0.354,0,59,0,0,0,0,0,0,0,0,0,0,0,0,0,0,0,0,0.275,-37.775,0,"_Chun",0.004,-17.417,0,"_AKASATA_",-23.27,-52.436,0,"오띵__",-11.524,-65.793,0,"なおｐ--",20.669,-50.992,0,"CVPileMaki",7.327,-66.893,0,"SFIDA",27.566,-99.533,0,"Multeinn",-3.964,-107.342,0,"M_lunatic",-44.297,-92.623,0,0,0,0,0,0,"",0,0,0,0,0,0,0,0,0,0
94,6,1,1,1,1,0,0,0,0,0,255,255,255,51,4500.338,"Kr_Luna",L,10,80,121,0.734,-2.247,0.068,1.544,-36.487,2,0,0,400,0,0,0,1,1,3,R,"sano jpn",169.2,94.644,0.354,3,59,4501.41,0,0,0,0,0,0,61,34.206,49.925,0.64,0,0,0,0,0.353,0.057,-37.586,0,"_Chun",0.15,-17.237,0,"_AKASATA_",-23.206,-52.392,87,"오띵__",-11.498,-65.73,0,"なおｐ--",20.658,-50.984,0,"CVPileMaki",7.768,-66.717,0,"SFIDA",27.605,-98.674,0,"Multeinn",-3.263,-106.358,0,"M_lunatic",-44.306,-92.606,0,4502.606,-28.115,-44.366,4502.756,2,"_AKASATA_",-26.264,-42.791,0,0,0,0,0,0,0,1
95,6,1,1,1,0,0,1,0,0,0,255,255,255,52,4528.012,"Kr_Luna",L,14,77,104,-2.889,-1.248,-0.165,1.635,-36.625,4,0,-369.138,312.348,0,-0.737,-17.458,1,2,8,R,"ゆっち一",180.2,85.623,0.42,0,75,0,0,0,0,0,0,0,0,0,0,0,0,0,0,0,0,0.353,-37.975,0,"_Chun",-0.359,-17.071,0,"_AKASATA_",-24.403,-52.411,0,"오띵__",-13.111,-65.24,0,"なおｐ--",21.542,-50.825,0,"CVPileMaki",6.499,-66.936,0,"SFIDA",22.118,-113.571,0,"Multeinn",-10.63,-115.045,0,"M_lunatic",-49.297,-96.696,0,0,0,0,0,0,"",0,0,0,0,0,0,0,0,0,0
96,6,1,1,1,0,1,1,0,0,0,255,255,255,53,4545.64,"Kr_Luna",L,27,84,138,0.526,1.968,0.063,2.061,-36.678,2,0,-48.592,-134.397,0,0,0,1,2,8,R,"ゆっち一",180.2,85.623,0.42,3,75,4546.718,169,16,78,63,39,149,130,25.114,17.851,0.51,-0.012,-0.011,0.361,0,0.381,0.056,-37.201,0,"_Chun",0.07,-17.139,0,"_AKASATA_",-24.425,-51.918,0,"오띵__",-12.764,-65.245,0,"なおｐ--",21.537,-50.822,0,"CVPileMaki",6.29,-67.029,0,"SFIDA",22.12,-113.583,0,"Multeinn",-10.657,-115.124,0,"M_lunatic",-49.867,-97.716,0,4550.34,-48.697,-129.187,0,0,"",0,0,0,0,0,0,0,0,0,4
97,6,1,2,1,0,0,1,0,0,0,255,255,255,54,4624.078,"Kr_Luna",L,27,88,140,1.826,0.208,0.189,1.759,-36.627,1,0,-64.797,-140.822,0,0,0,0,3,4,R,"にゃんこ3K",190,90.056,0.546,0,59,0,0,0,0,0,0,0,0,0,0,0,0,0,0,0,0,0.391,-37.694,0,"_Chun",0.255,-17.237,0,"_AKASATA_",-21.848,-49.545,0,"오띵__",-13.125,-65.21,0,"なおｐ--",21.946,-48.501,0,"CVPileMaki",11.528,-65.336,0,"SFIDA",37.178,-87.233,0,"Multeinn",4.589,-109.694,0,"M_lunatic",-43.31,-87.725,0,0,0,0,0,0,"",0,0,0,0,0,0,0,0,0,0
98,6,1,2,1,1,0,1,0,0,0,255,255,255,55,4640.379,"Kr_Luna",L,10,76,118,0.866,0.608,0.081,2.02,-36.63,0,0,0,400,0,0,0,0,3,4,R,"にゃんこ3K",190,90.056,0.546,0,59,0,0,0,0,0,0,0,0,0,0,0,0,0,0,0,0,0.401,-37.901,0,"_Chun",0.148,-17.209,0,"_AKASATA_",-21.989,-49.377,0,"오띵__",-13.072,-65.227,0,"なおｐ--",21.262,-50.506,0,"CVPileMaki",11.804,-65.469,0,"SFIDA",40.825,-88.408,0,"Multeinn",3.816,-110.15,0,"M_lunatic",-43.052,-87.4,0,0,0,0,0,0,"",0,0,0,0,0,0,0,0,0,0
99,6,1,2,1,1,1,1,0,0,0,255,255,255,56,4659.865,"Kr_Luna",L,14,72,100,-2.496,-0.866,-0.084,1.834,-36.954,4,0,-299.058,376.541,0,0,0,1,3,4,R,"にゃんこ3K",190,90.056,0.546,0,59,0,0,0,0,0,0,0,0,0,0,0,0,0,0,0,0,0.323,-38.021,0,"_Chun",-0.238,-17.206,0,"_AKASATA_",-22.048,-49.255,0,"오띵__",-13.099,-65.216,0,"なおｐ--",21.258,-50.499,0,"CVPileMaki",11.65,-65.491,0,"SFIDA",39.25,-90.196,0,"Multeinn",3.604,-110.135,0,"M_lunatic",-45.324,-89.351,0,0,0,0,0,0,"",0,0,0,0,0,0,0,0,0,0
100,6,1,2,1,1,2,1,0,0,0,255,255,255,57,4680.554,"Kr_Luna",L,14,72,100,-3.654,-1.744,-0.269,1.47,-36.73,1,0,-354.94,312.348,0,-0.799,-18.598,0,3,4,R,"にゃんこ3K",190,90.056,0.546,0,59,0,0,0,0,0,0,0,0,0,0,0,0,0,0,0,0,0.638,-37.635,0,"_Chun",-0.447,-17.042,0,"_AKASATA_",-22.023,-49.203,0,"오띵__",-13.194,-65.289,0,"なおｐ--",21.256,-50.511,0,"CVPileMaki",11.816,-65.403,0,"SFIDA",39.329,-89.986,0,"Multeinn",4.616,-109.848,0,"M_lunatic",-45.288,-89.292,0,0,0,0,0,0,"",0,0,0,0,0,0,0,0,0,0
101,6,1,2,1,2,2,1,0,0,0,255,255,255,58,4698.265,"Kr_Luna",L,26,83,135,0.475,1.957,0.068,2.083,-36.802,4,0,-76.291,-179.091,0,0,0,1,3,4,R,"にゃんこ3K",190,90.056,0.546,0,59,0,0,0,0,0,0,0,0,0,0,0,0,0,0,0,0,0.124,-37.885,0,"_Chun",-0.222,-16.833,0,"_AKASATA_",-21.822,-49.362,0,"오띵__",-13.115,-65.263,0,"なおｐ--",21.238,-50.49,0,"CVPileMaki",11.733,-65.508,0,"SFIDA",39.315,-90.004,0,"Multeinn",3.377,-109.047,0,"M_lunatic",-45.229,-89.288,0,0,0,0,0,0,"",0,0,0,0,0,0,0,0,0,0
102,6,1,2,1,0,0,2,0,0,0,255,255,255,59,4724.04,"Kr_Luna",L,10,76,117,1.004,0.088,0.093,1.923,-36.7,0,0,0,400,0,0,0,0,4,0,R,"あくせる",190,86.41,0.669,0,59,0,0,0,0,0,0,0,0,0,0,0,0,0,0,0,0,0.246,-37.879,0,"_Chun",0.107,-17.024,0,"_AKASATA_",-21.997,-47.518,0,"오띵__",-12.591,-65.427,0,"なおｐ--",21.087,-50.314,0,"CVPileMaki",10.833,-65.691,0,"SFIDA",25.598,-99.581,0,"Multeinn",-8.792,-109.124,0,"M_lunatic",-44.683,-92.019,0,0,0,0,0,0,"",0,0,0,0,0,0,0,0,0,0
103,6,1,2,1,0,1,2,0,0,0,255,255,255,60,4766.695,"Kr_Luna",L,6,70,111,1.618,0.38,0.327,1.932,-36.828,2,0,-436.091,244.59,0,0,0,1,4,0,R,"あくせる",190,86.41,0.669,3,72,4767.915,255,14,119,100,48,150,91,19.225,-34.503,-0.78,0.024,-0.063,0.195,0,0.191,0.354,-37.732,0,"_Chun",0.152,-17.163,0,"_AKASATA_",-21.852,-48.471,0,"오띵__",-12.487,-65.419,0,"なおｐ--",20.545,-49.891,0,"CVPileMaki",11.37,-65.568,0,"SFIDA",25.571,-99.596,71,"Multeinn",-7.902,-109.565,0,"M_lunatic",-44.386,-92.219,0,4770.273,38.982,-83.343,4775.973,6,"SFIDA",55.894,-112.191,1,0,0,0,0,0,0,2
104,6,1,2,1,0,0,2,0,0,1,255,255,0,61,4838.532,"Kr_Luna",L,6,69,98,0.297,-0.984,0.352,1.523,-36.7,0,0,-445.455,0,0,0,0,0,5,7,L,"alcohol500",173.2,84,0.354,0,59,0,0,0,0,0,0,0,0,0,0,0,0,0,0,0,0,0.062,-38.154,0,"_Chun",0.18,-17.07,0,"_AKASATA_",-20.896,-47.296,0,"오띵__",-12.307,-65.559,0,"なおｐ--",19.455,-42.826,0,"CVPileMaki",17.078,-62.133,0,"SFIDA",34.668,-88.109,0,"Multeinn",5.2,-105.407,0,"M_lunatic",-36.63,-98.625,0,0,0,0,0,0,"",0,0,0,0,0,0,0,0,0,0
105,6,1,2,1,0,1,2,0,0,1,255,255,0,62,4858.554,"Kr_Luna",L,13,78,105,3.993,-1.731,0.336,1.561,-36.663,1,0,346.175,344.206,0,1.156,-16.939,0,5,7,L,"alcohol500",173.2,84,0.354,0,59,0,0,0,0,0,0,0,0,0,0,0,0,0,0,0,0,0.374,-38.194,0,"_Chun",0.829,-16.718,0,"_AKASATA_",-21.415,-47.532,0,"오띵__",-11.875,-65.783,0,"なおｐ--",19.918,-43.711,0,"CVPileMaki",17.022,-62.313,0,"SFIDA",37.533,-85.056,0,"Multeinn",5.455,-106.581,0,"M_lunatic",-36.677,-98.991,0,0,0,0,0,0,"",0,0,0,0,0,0,0,0,0,0
106,6,1,2,1,1,1,2,0,0,1,255,255,0,63,4878.641,"Kr_Luna",L,10,59,107,-1.294,1.157,-0.102,2.132,-36.838,4,0,0,400,0,0,0,1,5,7,L,"alcohol500",173.2,84,0.354,0,59,0,0,0,0,0,0,0,0,0,0,0,0,0,0,0,0,0.058,-38.011,0,"_Chun",-0.093,-17.132,0,"_AKASATA_",-21.682,-46.908,0,"오띵__",-11.925,-65.722,0,"なおｐ--",19.88,-43.497,0,"CVPileMaki",16.326,-62.546,0,"SFIDA",38.791,-85.635,0,"Multeinn",6.206,-103.21,0,"M_lunatic",-36.683,-99.028,0,0,0,0,0,0,"",0,0,0,0,0,0,0,0,0,0
107,6,1,2,1,1,2,2,0,0,1,255,255,0,64,4901.19,"Kr_Luna",L,26,87,140,-1.44,0.829,-0.108,1.841,-36.702,2,0,-88.383,-176.404,0,0,0,1,5,7,L,"alcohol500",173.2,84,0.354,3,59,4902.273,247,5,75,75,32,150,84,91.791,-83.65,-0.85,0.016,-0.039,0.204,0,0.154,-0.09,-37.62,0,"_Chun",-0.311,-17.186,0,"_AKASATA_",-21.51,-47.662,0,"오띵__",-11.954,-65.652,0,"なおｐ--",18.82,-43.139,0,"CVPileMaki",16.584,-62.577,0,"SFIDA",38.783,-85.656,0,"Multeinn",6.691,-106.108,0,"M_lunatic",-36.91,-99.46,0,4906.707,-23.908,-12.98,0,0,"",0,0,0,0,0,0,0,0,0,3
108,6,1,2,1,1,2,2,0,0,1,255,255,0,65,4932.261,"Kr_Luna",L,29,61,118,3.317,-0.34,0.218,1.663,-36.688,4,0,250,-119.161,0,0,0,1,5,7,L,"alcohol500",173.2,84,0.354,0,59,0,0,0,0,0,0,0,0,0,0,0,0,0,0,0,0,0.115,-38.155,0,"_Chun",0.509,-17.301,0,"_AKASATA_",-21.15,-46.574,0,"오띵__",-9.134,-66.085,0,"なおｐ--",19.443,-44.184,0,"CVPileMaki",16.757,-62.208,0,"SFIDA",42.607,-86.458,0,"Multeinn",8.69,-105.832,0,"M_lunatic",-34.134,-102.987,0,0,0,0,0,0,"",0,0,0,0,0,0,0,0,0,0
109,6,0,2,1,0,0,0,0,0,0,255,255,255,42,4979.904,"あくせる",R,3,71,114,-2.948,-0.729,-0.113,1.498,-36.566,1,0,-430.835,0,-2.481,0,0,0,3,4,R,"なおｐ--",190,90.37,0.445,0,59,0,0,0,0,0,0,0,0,0,0,0,0,0,0,0,0,-0.31,-38.158,0,"mochi_2929",-0.276,-16.54,0,"Espressο",-21.061,-50.357,0,"sano jpn",-14.604,-63.771,0,"にゃんこ3K",20.874,-53.257,0,"檸檬の残骸",9.733,-66.364,0,"ぐだもん",30.22,-98.731,0,"alcohol500",-10.566,-120.32,0,"ゆっち一",-51.93,-89.906,0,0,0,0,0,0,"",0,0,0,0,0,0,0,0,0,0
110,6,0,2,1,1,0,0,0,0,0,255,255,255,43,4992.48,"あくせる",R,32,91,140,0.729,0.147,0.012,1.639,-36.363,2,0,209.576,-102.698,27.813,0,0,1,3,4,R,"なおｐ--",190,90.37,0.445,3,59,4993.508,159,11,57,39,19,136,86,0.714,40.508,-0.79,-0.025,-0.063,0.176,0,0.165,-0.063,-36.76,0,"mochi_2929",0.056,-16.569,0,"Espressο",-21.012,-50.328,101,"sano jpn",-15.207,-64.512,0,"にゃんこ3K",20.374,-53.537,0,"檸檬の残骸",9.633,-66.429,0,"ぐだもん",30.328,-98.631,0,"alcohol500",-8.921,-120.017,0,"ゆっち一",-51.941,-90.095,0,4992.573,-11.147,-33.309,4993.707,2,"Espressο",-20.314,-44.901,0,0,0,0,0,0,0,2
111,6,0,2,1,0,0,1,0,0,0,255,255,255,44,5018.206,"あくせる",R,0,68,122,0.061,0.27,0.043,1.713,-36.507,0,0,-34.073,0,9.989,0,0,1,4,6,L,"SFIDA",190,80,0.453,0,59,0,0,0,0,0,0,0,0,0,0,0,0,0,0,0,0,-0.034,-37.554,0,"mochi_2929",-0.081,-16.685,0,"Espressο",-22.027,-50.863,0,"sano jpn",-9.743,-65.641,0,"にゃんこ3K",22.745,-50.133,0,"檸檬の残骸",16.023,-62.861,0,"ぐだもん",45.048,-93.083,0,"alcohol500",6.882,-116.613,0,"ゆっち一",-32.527,-105.322,0,0,0,0,0,0,"",0,0,0,0,0,0,0,0,0,0
112,6,0,2,1,0,1,1,0,0,0,255,255,255,45,5034.695,"あくせる",R,0,84,137,0.256,0.11,0.152,1.545,-36.533,2,0,-41.418,0,31.313,0,0,1,4,6,L,"SFIDA",190,80,0.453,2,59,5035.573,243,13,61,47,27,139,130,-30,-39.055,0.41,0.022,0.005,0.135,0,0.554,-0.074,-37.169,0,"mochi_2929",0.199,-16.675,0,"Espressο",-22.099,-50.876,94,"sano jpn",-9.249,-65.492,0,"にゃんこ3K",22.685,-50.055,109,"檸檬の残骸",15.94,-62.918,0,"ぐだもん",45.137,-93.122,0,"alcohol500",9.091,-114.465,0,"ゆっち一",-31.114,-107.72,0,5033.923,1.225,-20.711,5035.39,4,"にゃんこ3K",21.651,-45.763,0,0,0,0,0,0,0,2
113,6,0,2,1,0,0,2,0,0,0,255,255,255,46,5061.947,"あくせる",R,3,74,117,0.703,-0.537,0.197,1.553,-36.514,2,0,-361.036,0,-1.419,0,0,1,5,3,R,"오띵__",169.6,80,0.402,3,59,5062.976,129,21,82,157,54,141,88,-26.568,-39.788,-0.42,0.029,-0.061,0,0,0.16,-0.005,-37.389,0,"mochi_2929",0.116,-16.699,0,"Espressο",-21.747,-50.632,0,"sano jpn",-12.84,-64.15,0,"にゃんこ3K",22.292,-52.864,120,"檸檬の残骸",15.345,-62.694,0,"ぐだもん",29.384,-97.039,0,"alcohol500",-5.905,-114.651,0,"ゆっち一",-45.796,-90.999,0,5061.29,1.159,-21.125,5063.173,4,"にゃんこ3K",21.611,-45.642,0,0,0,0,0,0,0,2
114,7,1,2,1,0,0,0,0,0,0,255,255,255,66,5131.2,"Kr_Luna",L,28,85,139,0.379,1.05,0.058,1.872,-36.805,2,0,-74.93,-96.797,0,0,0,1,6,5,R,"檸檬の残骸",160,107,0.419,3,59,5132.286,113,18,104,73,0,139,87,43.6,42.674,-0.27,0.006,-0.045,0.13,0,0.288,0.067,-37.548,0,"_Chun",0.087,-17.128,0,"_AKASATA_",-21.575,-48.731,0,"오띵__",-12.736,-65.319,0,"なおｐ--",21.043,-47.758,0,"CVPileMaki",7.759,-66.889,0,"SFIDA",26.751,-99.943,0,"Multeinn",-12.608,-104.74,0,"M_lunatic",-43.445,-81.87,0,5137.106,-51.365,-59.884,0,0,"",0,0,0,0,0,0,0,0,0,3
115,7,1,2,1,0,1,0,0,0,0,255,255,255,67,5157.579,"Kr_Luna",L,27,82,135,0.332,1.335,0.051,1.907,-36.719,2,0,-65.638,-107.746,0,0,0,1,6,5,R,"檸檬の残骸",160,107,0.419,3,59,5158.719,90,14,85,86,44,132,109,34.243,-0.588,0.28,0.02,-0.044,0.103,0.048,0.352,-0.085,-37.71,0,"_Chun",0.115,-17.206,0,"_AKASATA_",-23.202,-50.736,0,"오띵__",-12.977,-65.301,0,"なおｐ--",20.832,-49.914,0,"CVPileMaki",7.191,-67.033,0,"SFIDA",22.929,-98.103,0,"Multeinn",-10.175,-106.199,86,"M_lunatic",-44.112,-84.083,0,5162.64,-8.174,-109.591,5162.923,7,"Multeinn",-7.889,-107.395,0,0,0,0,0,0,0,1
116,7,1,2,1,0,0,1,0,0,0,255,255,255,68,5190.388,"Kr_Luna",L,13,77,104,2.227,-0.98,0.109,1.76,-36.724,2,0,311.102,376.465,0,0,0,1,7,6,L,"ぐだもん",175.3,92.695,0.328,3,59,5191.368,255,25,126,109,84,150,64,1.076,-33.616,1,0.078,0.021,0.109,0,0.342,0.119,-37.683,0,"_Chun",0.413,-17.145,0,"_AKASATA_",-22.447,-49.751,85,"오띵__",-12.203,-65.549,0,"なおｐ--",21.386,-47.043,0,"CVPileMaki",17.78,-61.21,0,"SFIDA",42.524,-83.384,0,"Multeinn",5.118,-104.689,0,"M_lunatic",-34.792,-95.892,0,5190.273,5.667,-27.807,5191.807,4,"なおｐ--",15.747,-43.298,0,0,0,0,0,0,0,2
117,7,1,2,1,0,0,2,0,0,0,255,255,255,69,5259.831,"Kr_Luna",L,14,78,116,0.632,-1.266,0.196,1.62,-36.597,2,0,-390.434,312.348,0,0,0,1,8,2,R,"Espressο",190,94.52,0.494,3,41,5260.714,63,17,37,160,27,67,74,-15.548,12.137,0.47,-0.028,-0.063,0,0.048,0.516,0.486,-37.826,0,"_Chun",0.134,-17.21,0,"_AKASATA_",-20.785,-48.037,0,"오띵__",-12.232,-65.537,0,"なおｐ--",21.011,-48.174,0,"CVPileMaki",13.505,-64.626,0,"SFIDA",38.723,-88.371,0,"Multeinn",3.135,-107.983,0,"M_lunatic",-43.591,-89.474,0,5259.04,-0.25,-22.243,5261.606,3,"오띵__",-7.58,-56.677,0,0,0,0,0,0,0,2
118,7,0,2,1,0,0,0,0,0,0,255,255,255,47,5312.614,"あくせる",R,33,87,140,-0.048,-0.829,-0.043,1.469,-36.397,0,0,137.742,-87.325,6.38,0,0,0,6,2,R,"_AKASATA_",180.4,83.886,0.2,0,59,0,0,0,0,0,0,0,0,0,0,0,0,0,0,0,0,-0.146,-37.403,0,"mochi_2929",-0.23,-16.71,0,"Espressο",-21.398,-50.866,0,"sano jpn",-13.482,-63.852,0,"にゃんこ3K",21.832,-52.809,0,"檸檬の残骸",11.31,-64.128,0,"ぐだもん",29.885,-89.795,0,"alcohol500",-6.055,-116.005,0,"ゆっち一",-49.764,-89.771,0,0,0,0,0,0,"",0,0,0,0,0,0,0,0,0,0
119,7,0,2,1,0,1,0,0,0,0,255,255,255,48,5330.478,"あくせる",R,3,75,104,-1.86,-0.533,0.028,1.516,-36.575,4,0,-412.804,0,-2.46,0,0,1,6,2,R,"_AKASATA_",180.4,83.886,0.2,0,59,0,0,0,0,0,0,0,0,0,0,0,0,0,0,0,0,-0.072,-37.583,0,"mochi_2929",-0.345,-16.777,0,"Espressο",-21.422,-50.819,0,"sano jpn",-15.327,-63.041,0,"にゃんこ3K",22.235,-52.513,0,"檸檬の残骸",10.217,-65.277,0,"ぐだもん",32.719,-91.263,0,"alcohol500",-6.232,-114.736,0,"ゆっち一",-49.209,-92.438,0,0,0,0,0,0,"",0,0,0,0,0,0,0,0,0,0
120,7,0,2,1,0,2,0,0,0,0,255,255,255,49,5345.866,"あくせる",R,5,67,120,-0.629,-1.112,0.022,1.418,-36.544,2,0,-56.089,0,2.247,0,0,1,6,2,R,"_AKASATA_",180.4,83.886,0.2,3,59,5346.748,160,23,78,68,35,150,130,-20.094,-8.92,0.68,-0.014,0.007,0.194,0,0.257,-0.19,-36.759,0,"mochi_2929",0.034,-16.766,0,"Espressο",-21.293,-50.879,112,"sano jpn",-12.641,-64.731,0,"にゃんこ3K",22.141,-52.441,0,"檸檬の残骸",10.152,-65.299,87,"ぐだもん",32.837,-91.216,0,"alcohol500",-5.982,-115.545,0,"ゆっち一",-52.469,-90.901,0,5345.09,0.084,-21.442,5346.757,5,"檸檬の残骸",6.349,-61.03,0,0,0,0,0,0,0,2
121,7,0,2,1,0,0,1,0,0,0,255,255,255,50,5374.385,"あくせる",R,33,88,140,-0.764,-1.252,-0.1,1.453,-36.432,1,0,100.843,-38.905,5.915,0,0,0,7,8,L,"M_lunatic",160,95.162,0.444,0,59,0,0,0,0,0,0,0,0,0,0,0,0,0,0,0,0,-0.375,-37.793,0,"mochi_2929",-0.118,-16.828,0,"Espressο",-20.81,-49.579,0,"sano jpn",-9.216,-59.487,0,"にゃんこ3K",22.294,-48.927,0,"檸檬の残骸",14.212,-63.784,0,"ぐだもん",37.26,-83.147,0,"alcohol500",4.86,-111.478,0,"ゆっち一",-34.505,-99.953,0,0,0,0,0,0,"",0,0,0,0,0,0,0,0,0,0
122,7,0,2,1,1,0,1,0,0,0,255,255,255,51,5391.57,"あくせる",R,3,86,127,-1,-1.573,0.034,1.477,-36.441,2,0,-403.372,189.679,5.494,0,0,1,7,8,L,"M_lunatic",160,95.162,0.444,3,59,5392.607,255,25,119,127,61,150,79,-45.676,-11.415,-0.84,0.09,-0.072,0.083,0,0.575,-0.123,-36.97,0,"mochi_2929",-0.144,-16.727,0,"Espressο",-20.924,-49.53,96,"sano jpn",-8.2,-60.91,0,"にゃんこ3K",22.285,-48.805,0,"檸檬の残骸",14.472,-63.702,95,"ぐだもん",37.258,-83.237,0,"alcohol500",4.378,-111.917,0,"ゆっち一",-39.499,-96.251,0,5390.923,-0.131,-20.546,5394.124,5,"檸檬の残骸",5.959,-55.373,1,0,0,0,0,0,0,2
123,7,0,2,1,0,0,1,1,0,0,17,255,255,52,5423.888,"あくせる",R,32,89,140,1.026,-0.8,0.05,1.497,-36.381,0,0,159.595,-105.314,18.326,0,0,0,8,7,R,"Multeinn",160,90.349,0.501,0,59,0,0,0,0,0,0,0,0,0,0,0,0,0,0,0,0,0.058,-37.498,120,"mochi_2929",-0.006,-17.025,0,"Espressο",-18.712,-45.425,0,"sano jpn",-8.584,-55.123,0,"にゃんこ3K",19.24,-46.1,0,"檸檬の残骸",1.512,-60.614,85,"ぐだもん",28.543,-87.058,0,"alcohol500",-1.676,-111.426,0,"ゆっち一",-42.801,-82.295,0,0,0,0,0,0,"",0,0,0,0,0,0,0,0,0,0
124,7,0,2,1,0,1,1,0,1,0,255,17,255,53,5444.063,"あくせる",R,33,84,138,0.402,-1.372,0.005,1.424,-36.379,1,0,113.373,-86.233,11.095,0,0,0,8,7,R,"Multeinn",160,90.349,0.501,0,35,0,0,0,0,0,0,0,0,0,0,0,0,0,0,0,0,0.065,-37.566,0,"mochi_2929",0.003,-16.68,0,"Espressο",-19.698,-49.061,0,"sano jpn",-11.441,-55.765,0,"にゃんこ3K",20.049,-45.13,0,"檸檬の残骸",0.949,-60.587,0,"ぐだもん",30.807,-86.272,0,"alcohol500",0.565,-109.055,0,"ゆっち一",-44.945,-84.729,0,0,0,0,0,0,"",0,0,0,0,0,0,0,0,0,0
125,7,0,2,1,1,1,1,0,1,0,255,17,255,54,5458.497,"あくせる",R,32,84,138,0.778,1.125,0.029,1.754,-36.462,0,0,155.922,-129.083,34.314,0,0,0,8,7,R,"Multeinn",160,90.349,0.501,0,35,0,0,0,0,0,0,0,0,0,0,0,0,0,0,0,0,0.044,-37.648,0,"mochi_2929",0.053,-16.758,0,"Espressο",-19.702,-49.054,0,"sano jpn",-11.092,-55.924,0,"にゃんこ3K",20.548,-44.763,0,"檸檬の残骸",3.169,-60.889,0,"ぐだもん",30.326,-84.59,0,"alcohol500",-0.043,-111.545,0,"ゆっち一",-44.833,-88.349,0,0,0,0,0,0,"",0,0,0,0,0,0,0,0,0,0
126,7,0,2,1,1,2,1,0,1,0,255,17,255,55,5472.37,"あくせる",R,32,86,140,5.085,0.129,0.084,1.73,-36.368,2,0,177.044,-127.114,23.086,0,0,1,8,7,R,"Multeinn",160,90.349,0.501,2,35,5473.212,245,9,54,24,10,130,71,0.66,-7.201,-0.86,-0.045,-0.051,0.193,0,0.347,-0.09,-37.205,0,"mochi_2929",0.143,-16.684,0,"Espressο",-19.699,-49.079,89,"sano jpn",-12.318,-57.697,0,"にゃんこ3K",20.282,-45.655,0,"檸檬の残骸",1.256,-60.367,95,"ぐだもん",32.445,-89.393,0,"alcohol500",0.015,-111.561,0,"ゆっち一",-46.222,-87.809,0,5472.257,2.366,-34.541,5473.823,5,"檸檬の残骸",5.146,-54.776,0,0,0,0,0,0,0,2
127,7,0,2,1,0,0,2,0,0,1,255,255,17,56,5503.793,"あくせる",R,3,73,102,-3.125,-0.194,-0.181,1.593,-36.487,4,0,-393.483,0,-0.619,0,0,1,0,5,R,"CVPileMaki",169.8,94,0.399,0,59,0,0,0,0,0,0,0,0,0,0,0,0,0,0,0,0,-0.309,-37.765,0,"mochi_2929",-0.43,-16.611,0,"Espressο",-22.441,-51.171,0,"sano jpn",-13.423,-64.195,0,"にゃんこ3K",20.208,-43.621,0,"檸檬の残骸",10.129,-64.024,0,"ぐだもん",35.996,-90.231,0,"alcohol500",-2.916,-110.804,0,"ゆっち一",-49.598,-84.733,0,0,0,0,0,0,"",0,0,0,0,0,0,0,0,0,0
128,7,0,2,1,0,1,2,0,0,1,255,255,17,57,5519.998,"あくせる",R,5,74,123,1.802,-0.302,0.361,1.56,-36.772,1,0,-139.175,0,9.322,0,0,0,0,5,R,"CVPileMaki",169.8,94,0.399,0,59,0,0,0,0,0,0,0,0,0,0,0,0,0,0,0,0,0.014,-37.636,0,"mochi_2929",0.048,-16.71,0,"Espressο",-21.477,-49.525,0,"sano jpn",-13.282,-64.254,0,"にゃんこ3K",20.53,-42.16,0,"檸檬の残骸",9.08,-63.897,0,"ぐだもん",36.087,-90.43,0,"alcohol500",-4.459,-112.921,0,"ゆっち一",-45.613,-91.751,0,0,0,0,0,0,"",0,0,0,0,0,0,0,0,0,0
129,7,0,2,1,1,1,2,0,0,1,255,255,17,58,5536.751,"あくせる",R,33,87,140,-1.561,-1.247,-0.174,1.419,-36.301,1,0,104.46,-92.926,16.474,0,0,0,0,5,R,"CVPileMaki",169.8,94,0.399,0,59,0,0,0,0,0,0,0,0,0,0,0,0,0,0,0,0,-0.342,-37.97,0,"mochi_2929",-0.312,-16.706,0,"Espressο",-21.868,-49.144,0,"sano jpn",-15.051,-63.799,0,"にゃんこ3K",20.016,-42.577,0,"檸檬の残骸",8.176,-63.94,0,"ぐだもん",36.047,-90.396,0,"alcohol500",-4.773,-113.245,0,"ゆっち一",-50.46,-93.049,0,0,0,0,0,0,"",0,0,0,0,0,0,0,0,0,0
130,7,0,2,1,2,1,2,0,0,1,255,255,17,59,5554.009,"あくせる",R,0,62,103,3.28,0.378,0.365,1.665,-36.678,4,0,-13.373,0,-1.994,0.275,-20.643,1,0,5,R,"CVPileMaki",169.8,94,0.399,0,59,0,0,0,0,0,0,0,0,0,0,0,0,0,0,0,0,-0.03,-37.501,0,"mochi_2929",0.047,-17.886,0,"Espressο",-21.66,-49.164,0,"sano jpn",-13.939,-64.039,0,"にゃんこ3K",18.154,-44,0,"檸檬の残骸",10.647,-64.543,0,"ぐだもん",36.1,-90.431,0,"alcohol500",-6.752,-112.66,0,"ゆっち一",-49.54,-92.503,0,0,0,0,0,0,"",0,0,0,0,0,0,0,0,0,0
131,7,0,2,1,2,2,2,0,0,1,255,255,17,60,5574.555,"あくせる",R,3,79,107,-2.798,0.107,-0.132,1.659,-36.585,4,0,-422.161,0,1.287,0,0,1,0,5,R,"CVPileMaki",169.8,94,0.399,0,59,0,0,0,0,0,0,0,0,0,0,0,0,0,0,0,0,-4.999,-37.637,0,"mochi_2929",-0.577,-17.511,0,"Espressο",-20.781,-47.473,0,"sano jpn",-14.435,-60.58,0,"にゃんこ3K",18.749,-40.195,0,"檸檬の残骸",8.264,-63.797,0,"ぐだもん",36.361,-89.937,0,"alcohol500",-4.39,-113.321,0,"ゆっち一",-50.22,-89.825,0,0,0,0,0,0,"",0,0,0,0,0,0,0,0,0,0
132,8,1,2,1,0,0,0,0,0,0,255,255,255,70,5633.252,"Kr_Luna",L,14,76,103,-3.105,-0.609,-0.124,1.871,-36.848,4,0,-323.745,361.191,0,0,0,1,0,1,R,"mochi_2929",190,95.142,0.445,0,59,0,0,0,0,0,0,0,0,0,0,0,0,0,0,0,0,0.085,-38.176,0,"_Chun",-0.286,-17.157,0,"_AKASATA_",-24.564,-51.762,0,"오띵__",-13.184,-65.344,0,"なおｐ--",20.784,-48.989,0,"CVPileMaki",9.911,-66.053,0,"SFIDA",41.505,-89.147,0,"Multeinn",-4.045,-104.972,0,"M_lunatic",-39.581,-89.668,0,0,0,0,0,0,"",0,0,0,0,0,0,0,0,0,0
133,8,1,2,1,0,1,0,0,0,0,255,255,255,71,5653.824,"Kr_Luna",L,14,79,105,-1.778,-1.182,-0.028,1.64,-36.765,2,0,-343.259,347.397,0,0,0,1,0,1,R,"mochi_2929",190,95.142,0.445,3,59,5655.049,137,17,69,87,67,142,85,26.946,38.226,0.95,-0.002,-0.084,0.086,0,0.196,0.203,-37.848,0,"_Chun",-0.233,-17.074,0,"_AKASATA_",-23.641,-51.903,86,"오띵__",-13.356,-65.263,0,"なおｐ--",20.771,-48.965,0,"CVPileMaki",11.051,-65.573,0,"SFIDA",39.889,-90.521,0,"Multeinn",-5.581,-107.38,0,"M_lunatic",-41.216,-91.857,86,5657.307,-33.696,-75.589,5657.79,8,"M_lunatic",-34.349,-76.824,1,0,0,0,0,0,0,2
134,8,1,2,1,0,0,0,1,0,0,1,255,255,72,5687.036,"Kr_Luna",L,0,72,125,0.573,1.741,0.053,2.02,-36.726,1,0,0,0,0,0.288,-17.426,0,1,3,R,"sano jpn",169.2,94.644,0.354,0,59,0,0,0,0,0,0,0,0,0,0,0,0,0,0,0,0,0.383,-37.798,0,"_Chun",0.105,-17.067,0,"_AKASATA_",-20.675,-48.465,0,"오띵__",-12.872,-65.225,0,"なおｐ--",21.192,-49.426,0,"CVPileMaki",3.262,-63.428,0,"SFIDA",28.769,-97.486,0,"Multeinn",-5.477,-106.181,0,"M_lunatic",-47.163,-95.434,0,0,0,0,0,0,"",0,0,0,0,0,0,0,0,0,0
135,8,1,2,1,1,0,0,1,0,0,1,255,255,73,5709.303,"Kr_Luna",L,10,70,114,0.569,0.038,0.052,1.917,-36.726,2,0,0,400,0,0,0,1,1,3,R,"sano jpn",169.2,94.644,0.354,3,59,5710.457,152,8,117,112,56,150,95,-37.033,3.843,-0.19,0.011,0.047,0.255,0,0.451,0.331,-37.846,0,"_Chun",0.132,-17.093,0,"_AKASATA_",-20.881,-48.763,88,"오띵__",-12.712,-65.294,0,"なおｐ--",21.169,-49.445,0,"CVPileMaki",5.18,-66.096,0,"SFIDA",28.784,-97.484,0,"Multeinn",-5.929,-105.806,0,"M_lunatic",-46.097,-95.129,0,5708.74,0.003,-21.198,5710.057,0,"Kr_Luna",-1.703,-35.93,0,2,0,0,0,0,0,2
136,8,1,2,1,0,0,2,0,0,0,255,255,255,74,5739.002,"Kr_Luna",L,26,99,140,-1.546,-0.997,-0.137,1.54,-36.639,1,0,-24.453,-159.521,0,0,0,0,2,8,R,"ゆっち一",180.2,85.623,0.42,0,59,0,0,0,0,0,0,0,0,0,0,0,0,0,0,0,0,-0.043,-37.432,0,"_Chun",-0.427,-17.253,0,"_AKASATA_",-22.123,-50.582,0,"오띵__",-13.195,-65.228,0,"なおｐ--",22.234,-50.149,0,"CVPileMaki",7.514,-66.983,0,"SFIDA",18.481,-120.013,0,"Multeinn",-16.213,-122.036,0,"M_lunatic",-48.851,-97.853,0,0,0,0,0,0,"",0,0,0,0,0,0,0,0,0,0
137,8,1,2,1,1,0,2,0,0,0,255,255,255,75,5759.437,"Kr_Luna",L,13,81,120,7.277,2.176,0.073,1.737,-36.665,2,0,375.617,330.018,0,0,0,1,2,8,R,"ゆっち一",180.2,85.623,0.42,3,59,5760.56,107,17,82,80,49,138,95,-37.985,-0.126,-0.19,-0.077,-0.116,0.247,0,0.284,0.285,-37.368,0,"_Chun",0.11,-17.255,0,"_AKASATA_",-22.384,-50.65,0,"오띵__",-12.797,-65.372,0,"なおｐ--",22.387,-50.395,0,"CVPileMaki",7.267,-66.975,0,"SFIDA",18.367,-119.969,0,"Multeinn",-12.58,-115.318,0,"M_lunatic",-48.113,-98.938,0,5758.823,0.433,-20.784,5764.374,7,"Multeinn",1.247,-91.625,1,0,0,0,0,0,0,2
138,8,1,2,1,0,0,2,1,0,0,8,255,255,76,5806.648,"Kr_Luna",L,27,90,140,0.466,1.59,0.065,2.036,-36.744,2,0,-73.938,-100.405,0,0,0,1,3,4,R,"にゃんこ3K",190,90.056,0.546,3,59,5807.777,255,11,139,93,47,150,90,41.345,16.329,-0.85,-0.031,-0.097,0.259,0,0.392,0.119,-37.661,0,"_Chun",0.01,-17.149,0,"_AKASATA_",-20.387,-45.546,0,"오띵__",-13.063,-65.27,0,"なおｐ--",21.251,-48.379,0,"CVPileMaki",5.632,-66.859,0,"SFIDA",38.72,-90.1,0,"Multeinn",4.405,-105.386,0,"M_lunatic",-48.049,-93.092,0,5811.323,-18.143,-82.366,5814.757,8,"M_lunatic",-24.167,-98.883,1,0,0,0,0,0,0,2
139,8,1,2,1,0,0,2,0,1,1,255,4,8,77,5896.355,"Kr_Luna",L,14,69,98,-2.425,-1.11,-0.13,1.628,-36.653,4,0,-347.842,312.348,0,0,0,1,4,0,R,"559：広告",190,90.035,0.32,0,35,0,0,0,0,0,0,0,0,0,0,0,0,0,0,0,0,-0.016,-38.164,0,"_Chun",-0.481,-17.025,0,"_AKASATA_",-22.145,-47.191,0,"오띵__",-12.991,-65.31,0,"なおｐ--",19.275,-43.655,0,"CVPileMaki",6.999,-66.843,0,"SFIDA",38.161,-90.016,0,"Multeinn",-4.567,-109.463,0,"M_lunatic",-38.232,-91.703,0,0,0,0,0,0,"",0,0,0,0,0,0,0,0,0,0
140,8,1,2,1,0,1,2,0,1,1,255,4,8,78,5916.85,"Kr_Luna",L,27,83,135,-2.959,0.593,-0.269,1.838,-36.705,4,0,-21.671,-115.749,0,0,0,1,4,0,R,"559：広告",190,90.035,0.32,0,35,0,0,0,0,0,0,0,0,0,0,0,0,0,0,0,0,0.048,-38.001,0,"_Chun",-0.347,-16.843,0,"_AKASATA_",-23.226,-48.027,0,"오띵__",-13.068,-65.218,0,"なおｐ--",18.55,-43.246,0,"CVPileMaki",5.326,-65.733,0,"SFIDA",38.165,-90.059,0,"Multeinn",-4.642,-109.255,0,"M_lunatic",-43.129,-91.001,0,0,0,0,0,0,"",0,0,0,0,0,0,0,0,0,0
141,8,1,2,1,0,2,2,0,1,1,255,4,8,79,5937.11,"Kr_Luna",L,14,83,122,-2.882,-1.646,-0.132,1.548,-36.685,2,0,-390.434,312.348,0,0,0,1,4,0,R,"559：広告",190,90.035,0.32,3,35,5938.264,255,14,63,62,56,142,64,26.739,28.071,1,-0.014,-0.163,0.167,0,0.704,0.399,-38.04,0,"_Chun",-0.312,-17.074,0,"_AKASATA_",-23.082,-48.738,108,"오띵__",-12.982,-65.297,0,"なおｐ--",18.714,-43.47,0,"CVPileMaki",6.458,-66.867,0,"SFIDA",38.131,-89.96,0,"Multeinn",-6.224,-110.099,0,"M_lunatic",-42.751,-92.519,0,5939.757,-19.715,-55.942,5942.323,8,"M_lunatic",-29.374,-67,1,0,0,0,0,0,0,2
142,8,1,3,1,0,0,2,1,0,1,0,255,4,80,6136.828,"Kr_Luna",L,27,93,140,1.518,-1.043,0.159,1.551,-36.611,2,0,-61.416,-137.439,0,0,0,1,5,7,L,"alcohol500",173.2,84,0.354,3,59,6137.896,255,10,66,94,28,144,64,9.059,-12.5,1,0.053,-0.063,0.106,0,0.181,0.091,-37.784,0,"_Chun",0.114,-17.22,0,"_AKASATA_",-21.276,-50.925,0,"오띵__",-12.878,-65.32,0,"なおｐ--",19.306,-44.277,0,"CVPileMaki",15.928,-62.472,0,"SFIDA",37.465,-78.253,0,"Multeinn",7.254,-103.36,0,"M_lunatic",-34.866,-100.457,0,0,0,0,6137.673,0,"Kr_Luna",3.589,-35.944,0,8,0,0,0,0,0,1
143,8,0,3,1,0,0,0,0,0,0,255,255,255,0,6309.399,"559：広告",R,26,91,140,-0.904,-0.281,-0.133,1.708,-36.242,2,0,194.905,-200,4.64,0,0,1,1,1,L,"_Chun",190,80,0.455,3,91,6310.363,141,15,102,61,34,146,129,27.096,-22.112,0.47,-0.081,-0.037,0.22,0,0.226,-0.447,-36.799,0,"mochi_2929",-0.099,-16.689,0,"Espressο",-22.639,-51.737,0,"sano jpn",-10.662,-65.565,0,"にゃんこ3K",23.073,-50.661,0,"檸檬の残骸",15.791,-62.538,0,"ぐだもん",50.928,-99.178,0,"alcohol500",8.639,-120.68,0,"ゆっち一",-33.837,-108.127,0,6313.89,63.193,-118.327,0,0,"",0,0,0,0,0,0,0,0,0,4
144,8,0,3,2,0,0,0,0,0,0,255,255,255,1,6350.271,"559：広告",R,3,76,105,0.166,-0.352,0.285,1.709,-36.74,2,0,-398.818,0,-6.337,0,0,1,2,0,L,"Kr_Luna",190,94.2,0.505,3,59,6351.215,160,17,118,95,61,150,130,13.94,13.919,0.49,-0.019,0.021,0.063,0,0.149,-0.299,-37.218,0,"mochi_2929",-0.19,-16.465,0,"Espressο",-21.803,-50.471,0,"sano jpn",-10.269,-64.677,78,"にゃんこ3K",23.744,-49.938,0,"檸檬の残骸",16.966,-61.915,0,"ぐだもん",43.741,-92.883,0,"alcohol500",3.4,-123.49,93,"ゆっち一",-38.824,-104.436,0,0,0,0,6353.74,7,"alcohol500",-8.635,-122.321,0,0,0,0,0,0,0,1
145,8,0,3,2,0,0,1,0,0,0,255,255,255,2,6378.37,"559：広告",R,0,64,119,1.726,-1.541,0.166,1.515,-36.722,1,0,0,0,11.267,0,0,0,3,4,R,"なおｐ--",190,90.37,0.445,0,77,0,0,0,0,0,0,0,0,0,0,0,0,0,0,0,0,0.15,-37.661,0,"mochi_2929",0.043,-16.61,0,"Espressο",-22.47,-51.303,0,"sano jpn",-13.605,-63.264,0,"にゃんこ3K",21.304,-52.302,0,"檸檬の残骸",9.705,-65.645,0,"ぐだもん",40.216,-94.426,0,"alcohol500",-13.501,-119.258,0,"ゆっち一",-49.204,-93.514,0,0,0,0,0,0,"",0,0,0,0,0,0,0,0,0,0
146,8,0,3,2,1,0,1,0,0,0,255,255,255,3,6392.531,"559：広告",R,28,90,140,-0.58,0.595,-0.06,1.912,-36.474,2,0,38.491,-61.41,0.934,0,0,1,3,4,R,"なおｐ--",190,90.37,0.445,3,77,6393.561,230,16,115,54,34,150,130,10.496,5.606,0.54,-0.023,-0.046,0.284,0,0.533,-0.633,-37.428,0,"mochi_2929",0.23,-16.671,0,"Espressο",-22.431,-51.216,0,"sano jpn",-14.696,-64.368,0,"にゃんこ3K",22,-53.208,0,"檸檬の残骸",10.711,-64.75,79,"ぐだもん",24.304,-109.598,0,"alcohol500",-12.302,-117.981,107,"ゆっち一",-49.136,-93.229,0,6396.357,3.059,-134.773,6397.99,7,"alcohol500",2.682,-126.45,1,0,0,0,0,0,0,2
147,8,0,3,2,0,0,1,1,0,0,13,255,255,4,6428.304,"559：広告",R,3,61,92,-0.325,-1.117,0.291,1.497,-36.965,1,0,-418.182,0,12.907,0,0,0,4,6,L,"SFIDA",190,80,0.453,0,59,0,0,0,0,0,0,0,0,0,0,0,0,0,0,0,0,-0.183,-37.668,0,"mochi_2929",-0.234,-16.673,0,"Espressο",-19.813,-46.513,0,"sano jpn",-6.165,-58.694,0,"にゃんこ3K",20.059,-45.321,0,"檸檬の残骸",9.473,-63.642,0,"ぐだもん",38.59,-89.48,0,"alcohol500",1.05,-115.962,0,"ゆっち一",-42.648,-96.14,0,0,0,0,0,0,"",0,0,0,0,0,0,0,0,0,0
148,8,0,3,2,0,1,1,1,0,0,13,255,255,5,6445.368,"559：広告",R,27,72,125,0.222,1.436,-0.006,2.048,-36.653,1,0,97.073,-136.875,2.677,0,0,0,4,6,L,"SFIDA",190,80,0.453,0,59,0,0,0,0,0,0,0,0,0,0,0,0,0,0,0,0,-0.331,-37.691,0,"mochi_2929",0.075,-16.741,0,"Espressο",-20.228,-46.406,0,"sano jpn",-4.452,-60.014,0,"にゃんこ3K",20.472,-45.841,0,"檸檬の残骸",13.767,-63.351,0,"ぐだもん",39.179,-91.707,0,"alcohol500",1.956,-115.122,0,"ゆっち一",-39.446,-105.523,0,0,0,0,0,0,"",0,0,0,0,0,0,0,0,0,0
149,8,0,3,2,1,1,1,1,0,0,13,255,255,6,6461.318,"559：広告",R,5,63,102,1.2,-0.175,0.234,1.764,-36.958,0,0,-88.895,0,-4.496,0,0,1,4,6,L,"SFIDA",190,80,0.453,0,59,0,0,0,0,0,0,0,0,0,0,0,0,0,0,0,0,-0.053,-37.814,0,"mochi_2929",-0.129,-16.742,0,"Espressο",-20.528,-49.708,0,"sano jpn",-7.073,-61.121,0,"にゃんこ3K",21.384,-46.931,0,"檸檬の残骸",13.991,-63.674,0,"ぐだもん",47.08,-98.942,0,"alcohol500",1.778,-115.954,0,"ゆっち一",-44.542,-99.67,0,0,0,0,0,0,"",0,0,0,0,0,0,0,0,0,0
150,8,0,3,2,1,2,1,1,0,0,13,255,255,7,6480.428,"559：広告",R,13,76,115,0.632,-1.736,0.187,1.575,-36.539,2,0,-374.29,329.276,-7.6,0,0,1,4,6,L,"SFIDA",190,80,0.453,2,59,6481.349,255,14,71,99,51,150,110,26.132,-32.09,0.88,0.077,-0.13,0.079,0,0.792,-0.231,-37.327,0,"mochi_2929",0.005,-16.762,0,"Espressο",-18.094,-43.507,0,"sano jpn",-10.533,-62.181,69,"にゃんこ3K",20.66,-47.033,0,"檸檬の残骸",13.781,-59.605,0,"ぐだもん",46.064,-98.087,88,"alcohol500",1.911,-114.139,0,"ゆっち一",-43.44,-100.55,0,0,0,0,6484.607,6,"ぐだもん",53.597,-98.911,0,0,0,0,0,0,0,1
151,8,0,3,2,0,0,2,1,0,0,13,255,255,8,6515.78,"559：広告",R,3,67,115,-1.816,0.732,-0.047,1.925,-36.802,1,0,-299.899,0,1.276,0,0,0,5,3,R,"오띵__",169.6,80,0.402,0,59,0,0,0,0,0,0,0,0,0,0,0,0,0,0,0,0,-0.212,-37.658,0,"mochi_2929",-0.413,-16.673,0,"Espressο",-21.667,-48.814,0,"sano jpn",-11.335,-60.73,0,"にゃんこ3K",20.15,-48.263,0,"檸檬の残骸",4.714,-61.287,0,"ぐだもん",34.112,-89.596,0,"alcohol500",-4.607,-113.502,0,"ゆっち一",-45.37,-88.273,0,0,0,0,0,0,"",0,0,0,0,0,0,0,0,0,0
152,8,0,3,2,1,0,2,1,0,0,13,255,255,9,6533.812,"559：広告",R,3,78,107,-2.51,-1.01,-0.129,1.578,-36.493,4,0,-361.009,0,-0.631,0,0,1,5,3,R,"오띵__",169.6,80,0.402,0,59,0,0,0,0,0,0,0,0,0,0,0,0,0,0,0,0,-0.301,-37.433,0,"mochi_2929",-0.236,-16.692,0,"Espressο",-20.018,-47.131,0,"sano jpn",-11.126,-60.79,0,"にゃんこ3K",21.257,-47.334,0,"檸檬の残骸",-0.038,-61.122,0,"ぐだもん",34.174,-89.509,0,"alcohol500",-4.203,-112.557,0,"ゆっち一",-45.417,-88.712,0,0,0,0,0,0,"",0,0,0,0,0,0,0,0,0,0
153,8,0,3,2,1,1,2,1,0,0,13,255,255,10,6568.763,"559：広告",R,3,78,118,-1.574,-0.829,0.013,1.684,-36.576,4,0,-428.64,0,-4.064,0,0,1,5,3,R,"오띵__",169.6,80,0.402,0,82,0,0,0,0,0,0,0,0,0,0,0,0,0,0,0,0,-0.206,-37.387,0,"mochi_2929",-0.455,-16.457,0,"Espressο",-21.609,-50.38,0,"sano jpn",-13.16,-59.761,0,"にゃんこ3K",21.535,-49.022,0,"檸檬の残骸",3.577,-61.928,0,"ぐだもん",33.956,-89.696,0,"alcohol500",-1.694,-114.573,0,"ゆっち一",-46.325,-87.985,0,0,0,0,0,0,"",0,0,0,0,0,0,0,0,0,0
154,8,0,3,2,1,2,2,1,0,0,13,255,255,11,6585.987,"559：広告",R,3,84,110,-3.225,-1.496,-0.193,1.49,-36.401,4,0,-438.545,42.464,-7.399,-0.852,-17.059,1,5,3,R,"오띵__",169.6,80,0.402,0,82,0,0,0,0,0,0,0,0,0,0,0,0,0,0,0,0,-0.406,-37.088,0,"mochi_2929",-0.51,-17.029,0,"Espressο",-19.517,-46.432,0,"sano jpn",-12.888,-59.834,0,"にゃんこ3K",21.018,-48.641,0,"檸檬の残骸",3.412,-62.938,0,"ぐだもん",33.912,-89.661,0,"alcohol500",-1.811,-112.036,0,"ゆっち一",-44.915,-86.329,0,0,0,0,0,0,"",0,0,0,0,0,0,0,0,0,0
155,9,1,3,2,0,0,0,0,0,0,255,255,255,81,6649.151,"Kr_Luna",L,27,83,135,0.879,0.677,0.104,1.812,-36.604,2,0,-73.516,-125.049,0,0,0,1,6,5,R,"檸檬の残骸",160,80,0.409,3,59,6650.285,255,16,114,86,59,150,91,55.989,-4.733,-0.23,-0.01,-0.047,0.122,0.095,0.397,0.042,-37.503,0,"_Chun",0.105,-17.122,0,"_AKASATA_",-22.388,-50.893,0,"오띵__",-12.886,-65.247,0,"なおｐ--",19.774,-49.842,0,"CVPileMaki",8.262,-66.451,91,"SFIDA",21.917,-100.872,0,"Multeinn",-9.584,-104.291,0,"M_lunatic",-42.373,-84.328,0,6654.39,4.862,-74.268,6654.624,5,"CVPileMaki",4.744,-72.88,0,0,0,0,0,0,0,1
156,9,1,3,2,0,0,1,0,0,0,255,255,255,82,6688.008,"Kr_Luna",L,13,76,103,0.96,-0.536,-0.025,1.891,-36.761,0,0,240.545,400,0,0,0,1,7,6,L,"ぐだもん",175.3,92.695,0.328,0,29,0,0,0,0,0,0,0,0,0,0,0,0,0,0,0,0,0.156,-37.656,0,"_Chun",0.338,-17.138,0,"_AKASATA_",-22.366,-51.195,0,"오띵__",-12.897,-65.312,0,"なおｐ--",20.939,-46.795,0,"CVPileMaki",17.191,-61.747,0,"SFIDA",43.518,-85.865,0,"Multeinn",6.864,-108.136,0,"M_lunatic",-39.621,-98.785,0,0,0,0,0,0,"",0,0,0,0,0,0,0,0,0,0
157,9,1,3,2,0,1,1,0,0,0,255,255,255,83,6707.837,"Kr_Luna",L,10,75,117,-0.172,-0.32,-0.016,1.851,-36.656,0,0,0,400,0,0,0,1,7,6,L,"ぐだもん",175.3,92.695,0.328,0,29,0,0,0,0,0,0,0,0,0,0,0,0,0,0,0,0,0.071,-37.647,0,"_Chun",-0.073,-17.11,0,"_AKASATA_",-23.142,-50.946,0,"오띵__",-12.948,-65.243,0,"なおｐ--",21.254,-47.149,0,"CVPileMaki",17.827,-61.765,0,"SFIDA",42.478,-87.008,0,"Multeinn",5.72,-107.567,0,"M_lunatic",-39.906,-97.888,0,0,0,0,0,0,"",0,0,0,0,0,0,0,0,0,0
158,9,1,3,2,0,2,1,0,0,0,255,255,255,84,6726.567,"Kr_Luna",L,26,93,140,3.715,-0.477,0.367,1.624,-36.643,4,0,-72.555,-200,0,0,0,1,7,6,L,"ぐだもん",175.3,92.695,0.328,0,59,0,0,0,0,0,0,0,0,0,0,0,0,0,0,0,0,0.241,-37.701,0,"_Chun",0.712,-17.332,0,"_AKASATA_",-23.245,-50.984,0,"오띵__",-12.965,-65.284,0,"なおｐ--",21.143,-47.091,0,"CVPileMaki",17.948,-61.835,0,"SFIDA",42.441,-87.75,0,"Multeinn",6.164,-106.347,0,"M_lunatic",-39.84,-97.87,0,0,0,0,0,0,"",0,0,0,0,0,0,0,0,0,0
159,9,1,3,2,0,0,2,0,0,0,255,255,255,85,6815.257,"Kr_Luna",L,10,70,114,0.956,0.839,0.089,2.071,-36.724,2,0,0,400,0,0,0,1,8,2,R,"Espressο",190,94.52,0.494,3,59,6816.206,141,11,40,37,36,118,74,26.679,-41.998,-0.8,-0.015,0.038,0.042,0,0.249,0.229,-37.553,0,"_Chun",0.148,-17.296,0,"_AKASATA_",-23.615,-51.338,0,"오띵__",-12.928,-65.194,0,"なおｐ--",21.393,-50.752,0,"CVPileMaki",12.309,-65.065,92,"SFIDA",39.366,-87.266,85,"Multeinn",2.891,-104.819,0,"M_lunatic",-42.903,-96.349,0,6817.973,37.939,-56.353,6820.74,6,"SFIDA",52.987,-71.237,0,0,0,0,0,0,0,2
160,9,1,3,2,0,1,2,0,0,0,255,255,255,86,6907.711,"Kr_Luna",L,14,72,100,-3.039,-0.911,-0.098,1.913,-37.035,4,0,-325.902,348.545,0,-0.801,-17.13,1,8,2,R,"Espressο",190,94.52,0.494,0,59,0,0,0,0,0,0,0,0,0,0,0,0,0,0,0,0,0.391,-38.111,0,"_Chun",-0.353,-17.186,0,"_AKASATA_",-22.184,-50.835,0,"오띵__",-12.356,-65.4,0,"なおｐ--",21.536,-48.397,0,"CVPileMaki",13.146,-64.834,0,"SFIDA",42.771,-91.948,0,"Multeinn",4.041,-108.238,0,"M_lunatic",-44.864,-94.797,0,0,0,0,0,0,"",0,0,0,0,0,0,0,0,0,0
161,9,1,3,2,0,2,2,0,0,0,255,255,255,87,6925.332,"Kr_Luna",L,26,95,140,-1.95,0.029,-0.162,1.718,-36.762,4,0,-67.881,-164.756,0,0,0,1,8,2,R,"Espressο",190,94.52,0.494,0,59,0,0,0,0,0,0,0,0,0,0,0,0,0,0,0,0,0.35,-37.822,0,"_Chun",-0.418,-17.086,0,"_AKASATA_",-22.236,-50.68,0,"오띵__",-12.397,-65.378,0,"なおｐ--",21.518,-48.4,0,"CVPileMaki",13.1,-65.028,0,"SFIDA",42.07,-91.316,0,"Multeinn",3.599,-108.264,0,"M_lunatic",-44.921,-94.781,0,0,0,0,0,0,"",0,0,0,0,0,0,0,0,0,0
162,9,0,3,2,0,0,0,0,0,0,255,255,255,0,7079.453,"Espressο",R,13,114,126,-0.146,-0.383,0.55,1.734,-36.798,0,0,-383.855,320.399,-43.068,-0.753,-16.313,1,6,2,R,"_AKASATA_",180.4,84.886,0.2,0,59,0,0,0,0,0,0,0,0,0,0,0,0,0,0,0,0,0.294,-37.294,0,"mochi_2929",-0.262,-16.602,0,"CAT tourniquet",-21.504,-47.371,0,"sano jpn",-13.365,-63.939,0,"にゃんこ3K",21.382,-51.488,0,"檸檬の残骸",11.911,-64.835,0,"ぐだもん",32.551,-93.928,0,"alcohol500",-4.17,-113.712,0,"ゆっち一",-48.432,-91.635,0,0,0,0,0,0,"",0,0,0,0,0,0,0,0,0,0
163,9,0,3,2,0,1,0,0,0,0,255,255,255,1,7096.737,"Espressο",R,13,118,126,-2.683,-0.64,0.179,1.675,-36.655,4,0,-359.352,347.659,-31.172,-1.218,-15.711,1,6,2,R,"_AKASATA_",180.4,84.886,0.2,0,59,0,0,0,0,0,0,0,0,0,0,0,0,0,0,0,0,0.212,-37.393,0,"mochi_2929",-1.046,-15.971,0,"CAT tourniquet",-20.184,-46.317,0,"sano jpn",-13.486,-63.988,0,"にゃんこ3K",21.42,-51.238,0,"檸檬の残骸",10.393,-64.943,0,"ぐだもん",32.637,-94.143,0,"alcohol500",-4.631,-114.069,0,"ゆっち一",-48.421,-91.813,0,0,0,0,0,0,"",0,0,0,0,0,0,0,0,0,0
164,9,0,3,2,0,2,0,0,0,0,255,255,255,2,7111.839,"Espressο",R,26,122,140,0.246,1.041,0.365,1.819,-36.631,1,0,120.876,-160.061,1.397,0,0,0,6,2,R,"_AKASATA_",180.4,84.886,0.2,0,59,0,0,0,0,0,0,0,0,0,0,0,0,0,0,0,0,0.615,-37.275,0,"mochi_2929",-0.041,-16.783,0,"CAT tourniquet",-20.266,-45.38,0,"sano jpn",-13.453,-64.007,0,"にゃんこ3K",22.185,-51.279,0,"檸檬の残骸",11.034,-64.905,0,"ぐだもん",32.624,-94.115,0,"alcohol500",-5.057,-112.956,0,"ゆっち一",-48.27,-91.631,0,0,0,0,0,0,"",0,0,0,0,0,0,0,0,0,0
165,9,0,3,2,1,2,0,0,0,0,255,255,255,3,7127.376,"Espressο",R,5,111,136,-0.365,-0.831,0.386,1.457,-36.777,0,0,-130.432,0.421,-12.53,0,0,1,6,2,R,"_AKASATA_",180.4,84.886,0.2,0,59,0,0,0,0,0,0,0,0,0,0,0,0,0,0,0,0,0.463,-37.377,0,"mochi_2929",-0.001,-17.584,0,"CAT tourniquet",-20.276,-44.859,0,"sano jpn",-13.444,-63.989,0,"にゃんこ3K",22.223,-51.175,0,"檸檬の残骸",11.066,-65.059,0,"ぐだもん",32.549,-93.913,0,"alcohol500",-5.007,-113.053,0,"ゆっち一",-48.346,-91.733,0,0,0,0,0,0,"",0,0,0,64,0,0,0,0,0,0
166,9,0,3,2,0,0,1,0,0,0,255,255,255,4,7150.518,"Espressο",R,26,124,140,-0.685,1.041,0.233,1.805,-36.685,0,0,108.631,-195.423,5.466,0,0,1,7,8,L,"M_lunatic",160,95.162,0.444,0,59,0,0,0,0,0,0,0,0,0,0,0,0,0,0,0,0,0.48,-37.321,0,"mochi_2929",0,-18.064,0,"CAT tourniquet",-15.109,-39.511,0,"sano jpn",-10.769,-59.213,0,"にゃんこ3K",17.017,-41.455,0,"檸檬の残骸",12.183,-58.988,0,"ぐだもん",36.566,-88.667,0,"alcohol500",4.374,-110.392,0,"ゆっち一",-32.297,-95.187,0,0,0,0,0,0,"",0,0,0,0,0,0,0,0,0,0
167,9,0,3,2,0,1,1,0,0,0,255,255,255,5,7168.42,"Espressο",R,10,114,128,-0.255,2.194,0.246,2.039,-36.892,2,0,0,400,-16.975,0,0,1,7,8,L,"M_lunatic",160,95.162,0.444,3,39,7169.52,255,14,109,66,21,150,86,28.574,10.257,-0.47,-0.014,0.018,0.257,0,0.44,-0.063,-37.247,0,"mochi_2929",-0.054,-16.73,0,"CAT tourniquet",-19.403,-45.946,0,"sano jpn",-10.66,-59.108,0,"にゃんこ3K",20.31,-45.674,0,"檸檬の残骸",13.961,-58.288,0,"ぐだもん",37.512,-86.9,0,"alcohol500",4.821,-110.897,0,"ゆっち一",-36.27,-94.019,97,7172.607,-20.351,-86.568,7172.74,8,"ゆっち一",-19.676,-84.561,0,0,0,0,0,0,0,1
168,9,0,3,2,0,0,2,1,0,0,16,255,255,6,7278.815,"Espressο",R,14,86,111,1.283,-0.687,0.392,1.757,-36.694,2,0,274.235,400,-8.561,0,0,1,0,5,R,"CVPileMaki",169.8,94,0.399,3,59,7279.987,136,24,73,93,60,142,114,-30,6.679,0.82,-0.053,-0.059,0.083,0,0.293,0.195,-37.328,0,"mochi_2929",-0.114,-16.54,0,"CAT tourniquet",-20.012,-45.5,0,"sano jpn",-13.001,-61.791,0,"にゃんこ3K",21.793,-49.891,0,"檸檬の残骸",9.09,-63.201,0,"ぐだもん",39.306,-95.452,0,"alcohol500",-1.03,-112.565,0,"ゆっち一",-46.213,-92.655,0,7278.323,0.145,-20.575,7279.457,0,"Espressο",-0.046,-36.689,0,0,0,0,0,0,0,2
