id,inn,half,scoreA,scoreB,ball,strk,out,b1,b2,b3,b1Idx,b2Idx,b3Idx,pCnt,pSec,pName,pHand,pType,spdK,zoneX,zoneY,startX,startY,zDist,call,balk,sH,sV,gyro,plx,plz,bSwing,bIdx,bPos,bZone,bName,bHCm,batLen,batCen,batType,bFps,hSec,rotS,rotL,shS,lgS,prepS,impMv,batSpd,ev,ldeg,sdeg,hPos,hMoveX,hMoveY,stayCon,buntGrip,PPosX,PPosY,PThrSpd,CName,CPosX,CPosY,CThrSpd,1BName,1BPosX,1BPosY,1BThrSpd,2BName,2BPosX,2BPosY,2BThrSpd,3BName,3BPosX,3BPosY,3BThrSpd,SSName,SSPosX,SSPosY,SSThrSpd,LFName,LFPosX,LFPosY,LFThrSpd,CFName,CFPosX,CFPosY,CFThrSpd,RFName,RFPosX,RFPosY,RFThrSpd,ltSec,lx,lz,cSec,cPos,cPlr,cx,cz,1BSafe,tag,cpSec,sb2Sec,sb3Sec,sbhSec,ass,result
1,1,1,0,0,0,0,0,0,0,0,255,255,255,0,1075.604,"WhiteMountain",R,0,0,0,0,0,0,0,0,0,0,0,0,0,0,0,0,5,R,"muyang_",172.1,80,0.5,0,46,0,0,0,0,0,0,0,0,0,0,0,0,0,0,0,0,0,0,0,"",0,0,0,"",0,0,0,"",0,0,0,"",0,0,0,"",0,0,0,"",0,0,0,"",0,0,0,"",0,0,0,0,0,0,0,0,"",0,0,0,0,0,0,0,0,0,0
2,1,1,0,0,0,0,0,0,0,0,255,255,255,0,1107.647,"WhiteMountain",R,2,112,-1.206,0.298,0.097,1.615,-36.324,0,0,-336.993,-369.372,-30.434,0,0,0,0,5,R,"muyang_",172.1,80,0.5,0,46,0,0,0,0,0,0,0,0,0,0,0,0,0,0,0,0,-0.232,-36.992,0,"HalF_HearteD",-0.047,-16.515,0,"하루（Haru）",-19.469,-43.497,0,"장덕춘_",-13.601,-64.092,0,"TaeGeuk_",20.215,-48.826,0,"Pugeuk",8.528,-66.322,0,"Apple_Sherbet",38.542,-86.167,0,"Oort__Cloud",-4.438,-104.21,0,"卯月満開",-39.547,-86.903,0,0,0,0,0,0,"",0,0,0,0,0,0,0,0,0,0
3,1,1,0,0,0,1,0,0,0,0,255,255,255,1,1123.617,"WhiteMountain",R,32,137,1.298,0.598,0.172,1.761,-36.261,0,0,159.33,-65.962,4.776,0,0,0,0,5,R,"muyang_",172.1,80,0.5,0,46,0,0,0,0,0,0,0,0,0,0,0,0,0,0,0,0,-0.204,-36.732,0,"HalF_HearteD",-0.003,-16.525,0,"하루（Haru）",-18.981,-43.299,0,"장덕춘_",-13.544,-64.055,0,"TaeGeuk_",19.62,-50.035,0,"Pugeuk",8.593,-66.278,0,"Apple_Sherbet",38.471,-85.863,0,"Oort__Cloud",-4.465,-104.324,0,"卯月満開",-40.269,-86.48,0,0,0,0,0,0,"",0,0,0,0,0,0,0,0,0,0
4,1,1,0,0,0,2,0,0,0,0,255,255,255,2,1218.63,"WhiteMountain",R,5,129,0.013,-0.201,0.131,1.65,-36.34,0,0,-108.314,0,13.56,0.167,-16.967,0,0,5,R,"muyang_",172.1,80,0.5,0,46,0,0,0,0,0,0,0,0,0,0,0,0,0,0,0,0,0.197,-37.373,0,"HalF_HearteD",-0.1,-16.67,0,"하루（Haru）",-20.402,-45.538,0,"장덕춘_",-13.536,-64.525,0,"TaeGeuk_",20.633,-49.794,0,"Pugeuk",8.673,-65.994,0,"Apple_Sherbet",38.919,-83.42,0,"Oort__Cloud",-2.522,-102.884,0,"卯月満開",-40.853,-86.232,0,0,0,0,0,0,"",0,0,0,0,0,0,0,0,0,0
5,1,1,0,0,0,0,1,0,0,0,255,255,255,3,1250.71,"WhiteMountain",R,2,120,0.2,0.187,0.179,1.602,-36.314,0,0,-220.685,-400,-7.393,0,0,0,1,1,R,"-라후이-",190,84,0.35,0,44,0,0,0,0,0,0,0,0,0,0,0,0,0,0,0,0,-0.253,-37.066,0,"HalF_HearteD",0.008,-16.042,0,"하루（Haru）",-19.88,-46.642,0,"장덕춘_",-11.669,-64.486,0,"TaeGeuk_",20.614,-50.428,0,"Pugeuk",8.3,-66.373,0,"Apple_Sherbet",40.953,-88.879,0,"Oort__Cloud",-4.57,-113.467,0,"卯月満開",-41.841,-89.443,0,0,0,0,0,0,"",0,0,0,0,0,0,0,0,0,0
6,1,1,0,0,0,1,1,0,0,0,255,255,255,4,1267.493,"WhiteMountain",R,34,126,4.524,0.2,0.498,1.726,-36.667,3,0,85.596,-21.167,3.629,1.183,-20.729,0,1,1,R,"-라후이-",190,84,0.35,0,44,0,0,0,0,0,0,0,0,0,0,0,0,0,0,0,0,-0.145,-36.861,0,"HalF_HearteD",0.312,-16.25,0,"하루（Haru）",-19.822,-46.686,0,"장덕춘_",-11.529,-64.508,0,"TaeGeuk_",20.335,-50.744,0,"Pugeuk",8.198,-66.494,0,"Apple_Sherbet",40.847,-89.48,0,"Oort__Cloud",-4.589,-113.405,0,"卯月満開",-42.141,-90.281,0,0,0,0,0,0,"",0,0,0,0,0,0,0,0,0,6
7,1,1,0,0,0,0,1,1,0,0,1,255,255,5,1292.761,"WhiteMountain",R,11,112,-0.661,-0.198,0.035,1.724,-36.537,0,0,0,227.385,-2.91,0,0,0,2,0,R,"Dοpi",190,80,0.3,0,44,0,0,0,0,0,0,0,0,0,0,0,0,0,0,0,0,0.038,-37.422,0,"HalF_HearteD",0.083,-16.275,0,"하루（Haru）",-18.426,-40.82,0,"장덕춘_",-12.047,-62.344,0,"TaeGeuk_",22.313,-48.305,0,"Pugeuk",7.096,-65.53,0,"Apple_Sherbet",41.546,-88.024,0,"Oort__Cloud",-5.071,-110.777,0,"卯月満開",-40.405,-90.115,0,0,0,0,0,0,"",0,0,0,0,0,0,0,0,0,0
8,1,1,0,0,0,1,1,1,0,0,1,255,255,6,1307.338,"WhiteMountain",R,10,115,-0.085,-1.064,0.089,1.624,-36.315,4,0,0,400,2.383,0,0,1,2,0,R,"Dοpi",190,80,0.3,0,44,0,0,0,0,0,0,0,0,0,0,0,0,0,0,0,0,-0.096,-37.32,0,"HalF_HearteD",-0.484,-17.357,0,"하루（Haru）",-18.626,-41.928,0,"장덕춘_",-13.41,-63.134,0,"TaeGeuk_",21.358,-50.086,0,"Pugeuk",5.176,-65.288,0,"Apple_Sherbet",41.471,-88.276,0,"Oort__Cloud",-4.791,-111.407,0,"卯月満開",-41.381,-91.212,0,0,0,0,0,0,"",0,0,0,0,0,0,0,0,0,0
9,1,1,0,0,0,2,1,1,0,0,1,255,255,7,1434.492,"WhiteMountain",R,32,138,-0.636,-0.727,-0.029,1.522,-36.3,0,0,233.469,-83.356,4.435,0,0,0,2,0,R,"Dοpi",190,80,0.3,0,44,0,0,0,0,0,0,0,0,0,0,0,0,0,0,0,0,-0.217,-37.755,0,"HalF_HearteD",-0.531,-17.298,0,"하루（Haru）",-18.046,-42.184,0,"장덕춘_",-12.968,-64.182,0,"TaeGeuk_",20.876,-49.802,0,"Pugeuk",6.301,-65.304,0,"Apple_Sherbet",41.384,-87.515,0,"Oort__Cloud",-6.244,-115.146,0,"卯月満開",-40.541,-93.212,0,0,0,0,0,0,"",0,0,0,0,0,0,0,0,0,0
10,1,1,0,0,0,0,2,1,0,0,1,255,255,8,1457.055,"WhiteMountain",R,5,129,-1.889,-0.527,-0.067,1.596,-36.339,2,0,-54.745,0,31.223,0,0,1,3,7,R,"ByeolBam",174.5,89.728,0.499,3,42,1457.92,129,15,77,67,45,68,139,111,-15.761,5.663,0.92,-0.055,-0.1,0.07,0,-0.681,-36.678,0,"HalF_HearteD",-0.111,-16.355,0,"하루（Haru）",-17.724,-42.622,0,"장덕춘_",-14.106,-63.818,0,"TaeGeuk_",20.469,-48.004,0,"Pugeuk",8.184,-65.862,0,"Apple_Sherbet",39.612,-89.327,0,"Oort__Cloud",-5.783,-112.204,0,"卯月満開",-40.592,-89.404,0,1456.614,-0.576,-22.67,1460.214,7,"Oort__Cloud",-8.592,-94.685,1,0,0,0,0,0,0,2
11,1,1,0,0,0,0,2,1,1,0,7,1,255,9,1492.961,"WhiteMountain",R,15,112,-0.421,-1.079,0.057,1.355,-36.351,2,0,0,-384.69,-10.051,0,0,1,4,2,R,"siesta_aves",190,95,0.345,3,42,1494.133,167,14,101,58,37,112,145,129,110.881,-69.987,0.31,0.014,-0.101,0,0,-0.191,-36.912,0,"HalF_HearteD",-0.14,-16.569,0,"하루（Haru）",-19.288,-47.049,0,"장덕춘_",-13.269,-64.039,0,"TaeGeuk_",18.94,-46.541,0,"Pugeuk",4.037,-64.459,0,"Apple_Sherbet",37.895,-86.973,0,"Oort__Cloud",-4.935,-114.958,0,"卯月満開",-41.704,-87.05,0,0,0,0,0,0,"",0,0,0,0,0,0,0,0,0,3
12,1,1,0,0,0,1,2,1,1,0,7,1,255,10,1512.294,"WhiteMountain",R,18,119,-3.831,-0.194,-0.182,1.58,-36.203,1,0,-231.154,-226.793,-3.339,0,0,0,4,2,R,"siesta_aves",190,95,0.345,0,42,0,0,0,0,0,0,0,0,0,0,0,0,0,0,0,0,-0.417,-37.29,0,"HalF_HearteD",-0.144,-16.311,0,"하루（Haru）",-19.319,-43.627,0,"장덕춘_",-13.576,-64.084,0,"TaeGeuk_",19.709,-47.557,0,"Pugeuk",3.762,-64.946,0,"Apple_Sherbet",39.712,-86.246,0,"Oort__Cloud",-3.881,-100.779,0,"卯月満開",-41.96,-88.07,0,0,0,0,0,0,"",0,0,0,0,0,0,0,0,0,0
13,1,1,0,0,1,1,2,1,1,0,7,1,255,11,1576.765,"WhiteMountain",R,33,129,-0.569,-0.338,-0.003,1.601,-36.341,2,0,148.804,-59.278,7.349,0,0,1,4,2,R,"siesta_aves",190,95,0.345,3,42,1577.909,162,20,106,68,35,117,150,67,26.137,7.554,1,-0.026,-0.023,0.058,0,-0.79,-36.927,0,"HalF_HearteD",-0.161,-16.392,0,"하루（Haru）",-18.501,-46.587,0,"장덕춘_",-13.487,-64.124,0,"TaeGeuk_",19.617,-48.682,0,"Pugeuk",5.119,-66.098,0,"Apple_Sherbet",40.248,-87.159,0,"Oort__Cloud",-4.306,-102.516,0,"卯月満開",-42.073,-87.888,0,0,0,0,1580.181,5,"Pugeuk",-3.792,-61.118,0,0,0,0,0,0,0,1
14,1,0,0,0,0,0,0,0,0,0,255,255,255,0,1752.21,"Dοpi",R,13,98,0.579,-1.477,0.23,1.827,-37.01,1,0,-349.518,309.981,-27.535,-0.219,-17.142,0,0,6,R,"Apple_Sherbet",176.9,86.926,0.299,0,90,0,0,0,0,0,0,0,0,0,0,0,0,0,0,0,0,-0.139,-37.743,0,"-라후이-",-0.236,-16.967,0,"siesta_aves",-20.303,-42.809,0,"즉석카레",-14.346,-64.043,0,"Chunsik03",22.367,-45.168,0,"muyang_",10.068,-64.547,0,"Roscosmos",42.276,-92.391,0,"ByeolBam",-2.477,-111.503,0,"_앰프_",-43.628,-91.272,0,0,0,0,0,0,"",0,0,0,0,0,0,0,0,0,0
15,1,0,0,0,1,0,0,0,0,0,255,255,255,1,1771.26,"Dοpi",R,27,128,-2.005,-1.17,-0.053,1.826,-36.814,1,0,45.549,-104.189,0.381,0,0,0,0,6,R,"Apple_Sherbet",176.9,86.926,0.299,0,90,0,0,0,0,0,0,0,0,0,0,0,0,0,0,0,0,-0.639,-37.169,0,"-라후이-",-0.142,-16.813,0,"siesta_aves",-21.932,-46.34,0,"즉석카레",-14.972,-63.565,0,"Chunsik03",22.573,-44.869,0,"muyang_",10.75,-64.784,0,"Roscosmos",42.758,-92.16,0,"ByeolBam",-1.389,-112.251,0,"_앰프_",-45.768,-91.87,0,0,0,0,0,0,"",0,0,0,0,0,0,0,0,0,0
16,1,0,0,0,2,0,0,0,0,0,255,255,255,2,1785.31,"Dοpi",R,34,123,0.038,-1.617,0.222,1.765,-36.874,1,0,75.786,-75.559,-4.209,0,0,0,0,6,R,"Apple_Sherbet",176.9,86.926,0.299,0,90,0,0,0,0,0,0,0,0,0,0,0,0,0,0,0,0,-0.257,-37.251,0,"-라후이-",0.15,-16.943,0,"siesta_aves",-21.044,-44.38,0,"즉석카레",-14.962,-63.666,0,"Chunsik03",22.41,-45.086,0,"muyang_",10.97,-63.162,0,"Roscosmos",42.787,-92.18,0,"ByeolBam",4.786,-113.084,0,"_앰프_",-45.416,-92.035,0,0,0,0,0,0,"",0,0,0,0,0,0,0,0,0,0
17,1,0,0,0,3,0,0,0,0,0,255,255,255,3,1803.029,"Dοpi",R,28,119,-1.193,-0.124,0.041,1.91,-36.899,0,0,66.372,-79.161,-1.419,0,0,0,0,6,R,"Apple_Sherbet",176.9,86.926,0.299,0,90,0,0,0,0,0,0,0,0,0,0,0,0,0,0,0,0,-0.251,-37.007,0,"-라후이-",-0.071,-16.975,0,"siesta_aves",-21.82,-45.802,0,"즉석카레",-15.278,-63.523,0,"Chunsik03",22.351,-44.573,0,"muyang_",11.213,-64.107,0,"Roscosmos",42.717,-93.031,0,"ByeolBam",-0.733,-111.035,0,"_앰프_",-45.865,-92.527,0,0,0,0,0,0,"",0,0,0,0,0,0,0,0,0,0
18,1,0,0,0,3,1,0,0,0,0,255,255,255,4,1817.274,"Dοpi",R,3,94,2.112,-0.534,0.438,1.711,-37.269,1,0,-339.431,0,-13.766,0,0,0,0,6,R,"Apple_Sherbet",176.9,86.926,0.299,0,90,0,0,0,0,0,0,0,0,0,0,0,0,0,0,0,0,-0.146,-37.358,0,"-라후이-",0.152,-17.104,0,"siesta_aves",-21.877,-45.826,0,"즉석카레",-15.036,-63.621,0,"Chunsik03",22.321,-44.918,0,"muyang_",11.858,-63.879,0,"Roscosmos",42.711,-93.008,0,"ByeolBam",2.803,-113.478,0,"_앰프_",-45.701,-92.25,0,0,0,0,0,0,"",0,0,0,0,0,0,0,0,0,5
19,1,0,0,0,0,0,0,1,0,0,15,255,255,5,1846.689,"Dοpi",R,34,123,1.869,-0.308,0.252,1.813,-36.897,1,0,92.122,-85.089,0,0,0,0,1,2,R,"하루（Haru）",190,85,0.55,0,40,0,0,0,0,0,0,0,0,0,0,0,0,0,0,0,0,-0.121,-36.925,0,"-라후이-",0.456,-16.818,0,"siesta_aves",-19.654,-41.219,0,"즉석카레",-13.97,-61.725,0,"Chunsik03",22.104,-45.161,0,"muyang_",6.238,-61.688,0,"Roscosmos",41.845,-92.449,0,"ByeolBam",0.334,-113.608,0,"_앰프_",-42.04,-93.401,0,0,0,0,0,0,"",0,0,0,1,0,0,0,0,0,0
20,1,0,0,0,1,0,1,0,0,0,255,255,255,6,1870.198,"Dοpi",R,27,129,0.153,0.012,-0.008,1.657,-36.57,2,0,72.834,-102.639,0,0,0,1,1,2,R,"하루（Haru）",190,85,0.55,2,40,1871.253,251,17,175,69,31,255,150,101,2.083,-1.04,-0.29,0.014,0.041,0.153,0,-0.323,-36.574,0,"-라후이-",0.035,-16.601,0,"siesta_aves",-20.381,-48.371,0,"즉석카레",-14.632,-62.306,0,"Chunsik03",22.285,-44.982,0,"muyang_",12.745,-63.951,0,"Roscosmos",43.529,-91.95,0,"ByeolBam",-2.691,-114.943,0,"_앰프_",-43.01,-91.992,0,1870.631,0.099,-44.312,1874.731,8,"_앰프_",-31.464,-77.525,1,0,0,0,0,0,0,2
21,1,0,0,0,0,0,1,1,0,0,11,255,255,7,1944.394,"Dοpi",R,34,115,1.377,1.75,0.275,2.054,-37.078,2,0,69.33,-64.155,0,0,0,1,2,5,R,"Pugeuk",160,85.884,0.349,3,40,1945.4,114,7,55,21,7,70,81,82,-30,41.144,0.66,0.028,0.032,0.143,0,-0.661,-37.052,0,"-라후이-",-0.066,-17.099,0,"siesta_aves",-20.12,-42.824,0,"즉석카레",-14.449,-63.865,0,"Chunsik03",21.134,-45.164,0,"muyang_",11.114,-63.567,0,"Roscosmos",44.415,-90.286,0,"ByeolBam",-0.166,-110.882,0,"_앰프_",-42.031,-88.737,0,1943.997,-1.477,-21.152,1945.814,2,"siesta_aves",-18.422,-40.083,0,0,0,0,0,0,0,2
22,1,0,0,0,0,0,2,0,1,0,255,11,255,8,1979.668,"Dοpi",R,27,128,-3.22,-1.542,-0.085,1.702,-36.697,1,0,90.191,-133.382,0,0,0,0,3,4,R,"TaeGeuk_",177.3,85.57,0.405,0,40,0,0,0,0,0,0,0,0,0,0,0,0,0,0,0,0,-0.687,-37.317,0,"-라후이-",-0.08,-17.018,0,"siesta_aves",-20.262,-45.279,0,"즉석카레",-14.296,-63.208,0,"Chunsik03",21.885,-45.407,0,"muyang_",9.129,-63.994,0,"Roscosmos",39.3,-89.796,0,"ByeolBam",-0.121,-114.119,0,"_앰프_",-43.138,-87.518,0,0,0,0,0,0,"",0,0,0,0,0,0,0,0,0,0
23,1,0,0,0,1,0,2,0,1,0,255,11,255,9,2001.465,"Dοpi",R,3,98,-3.119,-0.49,-0.035,1.903,-36.933,4,0,-394.772,218.346,0,0,0,1,3,4,R,"TaeGeuk_",177.3,85.57,0.405,0,40,0,0,0,0,0,0,0,0,0,0,0,0,0,0,0,0,-0.677,-37.096,0,"-라후이-",-0.508,-16.945,0,"siesta_aves",-21.175,-45.588,0,"즉석카레",-14.707,-62.617,0,"Chunsik03",20.537,-43.632,0,"muyang_",7.472,-62.695,0,"Roscosmos",39.301,-89.832,0,"ByeolBam",0.045,-112.408,0,"_앰프_",-43.927,-88.64,0,0,0,0,0,0,"",0,0,0,0,0,0,0,0,0,0
24,1,0,0,0,1,1,2,0,1,0,255,11,255,10,2021.614,"Dοpi",R,28,140,0.03,-1.755,-0.008,1.365,-36.377,1,0,39.024,-95.971,0,0.035,-16.699,0,3,4,R,"TaeGeuk_",177.3,85.57,0.405,0,40,0,0,0,0,0,0,0,0,0,0,0,0,0,0,0,0,-0.035,-36.948,0,"-라후이-",0.137,-17.058,0,"siesta_aves",-21.148,-45.102,0,"즉석카레",-15.01,-63.462,0,"Chunsik03",19.931,-44.701,0,"muyang_",10.325,-63.174,0,"Roscosmos",39.313,-89.844,0,"ByeolBam",0.055,-112.9,0,"_앰프_",-44.589,-88.351,0,0,0,0,0,0,"",0,0,0,0,0,0,0,0,0,0
25,1,0,0,0,2,1,2,0,1,0,255,11,255,11,2039.766,"Dοpi",R,13,99,-3.23,-1.232,0,1.777,-36.637,4,0,-344.149,322.148,0,0,0,1,3,4,R,"TaeGeuk_",177.3,85.57,0.405,0,40,0,0,0,0,0,0,0,0,0,0,0,0,0,0,0,0,-0.208,-37.136,0,"-라후이-",-0.351,-16.747,0,"siesta_aves",-21.142,-45.715,0,"즉석카레",-14.476,-63.602,0,"Chunsik03",19.875,-44.096,0,"muyang_",8.281,-63.499,0,"Roscosmos",40.284,-90.539,0,"ByeolBam",0.416,-112.943,0,"_앰프_",-44.845,-88.209,0,0,0,0,0,0,"",0,0,0,0,0,0,0,0,0,0
26,1,0,0,0,2,2,2,0,1,0,255,11,255,12,2067.756,"Dοpi",R,27,140,0.808,0.166,0.052,1.682,-36.485,2,0,81.352,-121.236,0,0,0,1,3,4,R,"TaeGeuk_",177.3,85.57,0.405,3,40,2068.533,124,12,55,39,0,34,115,74,-4.046,3.041,-0.49,-0.014,-0.056,0.075,0,-0.266,-36.654,0,"-라후이-",0.179,-16.724,0,"siesta_aves",-22.171,-47.557,0,"즉석카레",-15.518,-63.342,0,"Chunsik03",21.091,-45.677,0,"muyang_",12.177,-63.522,0,"Roscosmos",40.261,-90.527,0,"ByeolBam",2.818,-113.752,0,"_앰프_",-45.276,-88.836,0,2067.43,-0.222,-26.932,2068.281,0,"Dοpi",-0.668,-35.118,0,0,0,0,0,0,0,2
27,2,1,0,0,0,0,0,0,0,0,255,255,255,12,2133.389,"WhiteMountain",R,33,127,0.414,0.198,0.103,1.702,-36.479,0,0,116.15,-67.616,3.775,0,0,0,5,4,R,"Chunsik03",190,90.113,0.297,0,39,0,0,0,0,0,0,0,0,0,0,0,0,0,0,0,0,-0.005,-37.234,0,"HalF_HearteD",-0.061,-16.624,0,"하루（Haru）",-18.835,-45.526,0,"장덕춘_",-14.086,-63.84,0,"TaeGeuk_",18.184,-48.349,0,"Pugeuk",8.111,-65.784,0,"Apple_Sherbet",37.949,-84.28,0,"Oort__Cloud",-4.368,-105.182,0,"卯月満開",-40.477,-91.007,0,0,0,0,0,0,"",0,0,0,0,0,0,0,0,0,0
28,2,1,0,0,0,1,0,0,0,0,255,255,255,13,2152.738,"WhiteMountain",R,33,126,-0.115,0.36,0.045,1.725,-36.469,2,0,127.022,-91.692,8.054,0,0,1,5,4,R,"Chunsik03",190,90.113,0.297,2,39,2153.797,161,15,80,44,15,120,139,93,28.526,-18.024,-0.5,-0.018,-0.007,0.179,0,-0.29,-36.724,0,"HalF_HearteD",-0.063,-16.845,0,"하루（Haru）",-19.035,-46.12,0,"장덕춘_",-14.108,-63.943,0,"TaeGeuk_",18.613,-47.915,0,"Pugeuk",8.18,-65.893,0,"Apple_Sherbet",38.059,-84.334,0,"Oort__Cloud",-4.32,-105.306,0,"卯月満開",-40.741,-91.171,0,2155.531,26.663,-92.413,2155.697,6,"Apple_Sherbet",25.978,-90.637,0,0,0,0,0,0,0,1
29,2,1,0,0,0,0,1,0,0,0,255,255,255,14,2255.412,"WhiteMountain",R,27,140,-1.676,0.265,-0.101,1.579,-36.135,2,0,105.846,-113.334,9.723,0,0,1,6,3,R,"즉석카레",169.8,96.566,0.397,2,40,2256.233,125,19,79,34,27,82,134,90,-15.226,2.465,-0.11,-0.022,-0.012,0.113,0,-0.277,-36.536,0,"HalF_HearteD",-0.064,-16.677,0,"하루（Haru）",-19.896,-47.199,0,"장덕춘_",-14.403,-63.98,0,"TaeGeuk_",21.213,-49.651,0,"Pugeuk",7.366,-65.959,0,"Apple_Sherbet",38.919,-87.722,0,"Oort__Cloud",-4.369,-111.349,0,"卯月満開",-40.178,-89.828,0,2253.281,-0.45,-22.812,2257.68,7,"Oort__Cloud",-3.371,-90.707,1,0,0,0,0,0,0,2
30,2,1,0,0,0,0,1,1,0,0,3,255,255,15,2289.538,"WhiteMountain",R,26,139,-2.246,-0.148,-0.139,1.617,-36.095,1,0,115.083,-165.914,18.311,0,0,0,7,6,R,"Roscosmos",175.1,95.635,0.36,0,38,0,0,0,0,0,0,0,0,0,0,0,0,0,0,0,0,-0.15,-36.769,0,"HalF_HearteD",-0.538,-17.47,0,"하루（Haru）",-18.768,-41.633,0,"장덕춘_",-13.502,-63.892,0,"TaeGeuk_",20.667,-50.148,0,"Pugeuk",6.893,-66.03,0,"Apple_Sherbet",36.306,-84.196,0,"Oort__Cloud",-3.754,-100.449,0,"卯月満開",-39.944,-89.71,0,0,0,0,0,0,"",0,0,0,0,0,0,0,0,0,0
31,2,1,0,0,1,0,1,1,0,0,3,255,255,16,2308.247,"WhiteMountain",R,34,130,0.169,0.633,0.085,1.772,-36.323,0,0,87.668,-53.783,3.476,0,0,0,7,6,R,"Roscosmos",175.1,95.635,0.36,0,38,0,0,0,0,0,0,0,0,0,0,0,0,0,0,0,0,-0.557,-36.923,0,"HalF_HearteD",0.173,-18.947,0,"하루（Haru）",-17.321,-44.405,0,"장덕춘_",-13.408,-63.927,0,"TaeGeuk_",21.691,-44.478,0,"Pugeuk",4.047,-65.529,0,"Apple_Sherbet",36.381,-84.371,0,"Oort__Cloud",-3.759,-100.564,0,"卯月満開",-39.608,-89.925,0,0,0,0,0,0,"",0,0,0,0,0,0,0,0,0,0
32,2,1,0,0,1,1,1,0,1,0,255,3,255,17,2332.432,"WhiteMountain",R,33,127,4.435,0.617,0.319,1.765,-36.579,4,0,126.114,-89.627,2.862,0.549,-20.244,1,7,6,R,"Roscosmos",175.1,95.635,0.36,0,38,0,0,0,0,0,0,0,0,0,0,0,0,0,0,0,0,-0.237,-37.02,0,"HalF_HearteD",1.277,-17.335,0,"하루（Haru）",-18.679,-46.185,0,"장덕춘_",-13.907,-64.118,0,"TaeGeuk_",19.507,-43.166,0,"Pugeuk",5.257,-64.527,0,"Apple_Sherbet",36.376,-84.29,0,"Oort__Cloud",-3.574,-104.434,0,"卯月満開",-41.136,-89.424,0,0,0,0,0,0,"",0,0,0,0,0,0,0,0,0,0
33,2,1,0,0,1,2,1,0,1,0,255,3,255,18,2369.879,"WhiteMountain",R,27,137,-1.272,0.17,-0.051,1.682,-36.352,0,0,102.431,-110.023,9.153,0,0,0,7,6,R,"Roscosmos",175.1,95.635,0.36,0,38,0,0,0,0,0,0,0,0,0,0,0,0,0,0,0,0,-0.041,-37.449,0,"HalF_HearteD",-0.049,-17.443,0,"하루（Haru）",-20.195,-46.636,0,"장덕춘_",-13.968,-63.682,0,"TaeGeuk_",19.281,-47.956,0,"Pugeuk",4.322,-65.644,0,"Apple_Sherbet",37.218,-85.005,0,"Oort__Cloud",-4.182,-100.603,0,"卯月満開",-38.655,-86.794,0,0,0,0,0,0,"",0,0,0,0,0,0,0,0,0,0
34,2,1,0,0,0,0,2,0,1,0,255,3,255,19,2406.578,"WhiteMountain",R,27,130,-3.38,-0.62,-0.25,1.551,-36.233,1,0,127.324,-127.409,20.787,0,0,0,8,8,R,"_앰프_",170.6,89.947,0.4,0,38,0,0,0,0,0,0,0,0,0,0,0,0,0,0,0,0,-0.201,-37.502,0,"HalF_HearteD",-0.035,-16.259,0,"하루（Haru）",-20.21,-44.332,0,"장덕춘_",-13.658,-64.72,0,"TaeGeuk_",19.87,-48.926,0,"Pugeuk",5.572,-64.901,0,"Apple_Sherbet",35.761,-82.395,0,"Oort__Cloud",-2.894,-100.472,0,"卯月満開",-37.724,-84.747,0,0,0,0,0,0,"",0,0,0,0,0,0,0,0,0,0
35,2,1,0,0,1,0,2,0,1,0,255,3,255,20,2425.076,"WhiteMountain",R,27,136,-1.571,0.794,-0.066,1.771,-36.347,2,0,54.284,-132.333,10.491,0,0,1,8,8,R,"_앰프_",170.6,89.947,0.4,3,38,2426.003,199,20,105,72,24,113,150,89,32.562,11.58,-0.51,-0.035,-0.02,0.077,0,-0.532,-36.837,0,"HalF_HearteD",-0.095,-16.402,0,"하루（Haru）",-19.537,-46.226,0,"장덕춘_",-13.701,-64.72,0,"TaeGeuk_",21.03,-46.635,0,"Pugeuk",6.993,-63.902,0,"Apple_Sherbet",35.962,-82.427,0,"Oort__Cloud",-2.922,-100.577,0,"卯月満開",-37.732,-84.741,0,2427.581,-5.325,-90.271,2427.697,7,"Oort__Cloud",-5.234,-87.611,0,0,0,0,0,0,0,1
36,2,0,0,0,0,0,0,0,0,0,255,255,255,13,2486.469,"Dοpi",R,3,99,0.991,-0.107,0.35,1.861,-37.052,0,0,-450,0,0,0,0,0,4,0,R,"WhiteMountain",190,107,0.404,0,38,0,0,0,0,0,0,0,0,0,0,0,0,0,0,0,0,-0.086,-37.43,0,"-라후이-",0.153,-16.601,0,"siesta_aves",-20.998,-44.067,0,"즉석카레",-15.799,-63.221,0,"Chunsik03",20.339,-45.358,0,"muyang_",13.189,-63.881,0,"Roscosmos",41.669,-90.858,0,"ByeolBam",-1.279,-112.636,0,"_앰프_",-46.547,-90.091,0,0,0,0,0,0,"",0,0,0,0,0,0,0,0,0,0
37,2,0,0,0,0,1,0,0,0,0,255,255,255,14,2502.652,"Dοpi",R,3,96,0.571,-0.029,0.23,1.903,-37.093,0,0,-364.699,0,0,0,0,1,4,0,R,"WhiteMountain",190,107,0.404,0,38,0,0,0,0,0,0,0,0,0,0,0,0,0,0,0,0,-0.168,-37.243,0,"-라후이-",0.125,-16.516,0,"siesta_aves",-21.571,-43.816,0,"즉석카레",-15.858,-63.181,0,"Chunsik03",19.796,-43.998,0,"muyang_",13.383,-63.789,0,"Roscosmos",42.015,-90.957,0,"ByeolBam",-0.822,-110.32,0,"_앰프_",-46.569,-90.085,0,0,0,0,0,0,"",0,0,0,0,0,0,0,0,0,0
38,2,0,0,0,0,2,0,0,0,0,255,255,255,15,2521.484,"Dοpi",R,28,128,1.415,0.706,0.247,1.742,-36.769,2,0,80.642,-84.806,0,0,0,1,4,0,R,"WhiteMountain",190,107,0.404,2,37,2522.488,132,12,124,68,20,182,150,97,-51.265,13.716,-0.47,-0.052,-0.051,0.161,0,-0.354,-36.832,0,"-라후이-",0.258,-16.275,0,"siesta_aves",-22.165,-46.348,0,"즉석카레",-15.615,-63.176,0,"Chunsik03",20.591,-44.835,0,"muyang_",12.757,-64.095,0,"Roscosmos",42.829,-91.054,0,"ByeolBam",-0.818,-110.346,0,"_앰프_",-45.665,-90.832,0,2519.38,0.076,-19.889,2522.48,3,"즉석카레",-8.955,-57.107,0,0,0,0,0,0,0,2
39,2,0,0,0,0,0,1,0,0,0,255,255,255,16,2561.12,"Dοpi",R,27,129,1.36,0.453,0.097,1.709,-36.489,2,0,111.224,-122.708,0,0,0,1,5,7,R,"Oort__Cloud",160,80,0.2,2,37,2562.228,255,20,127,52,24,255,150,87,-16.766,19.087,-0.43,-0.078,-0.028,0.19,0,-0.109,-36.604,0,"-라후이-",0.082,-16.76,0,"siesta_aves",-22.027,-47.248,0,"즉석카레",-15.869,-62.866,0,"Chunsik03",20.824,-44.54,0,"muyang_",12.144,-64.571,0,"Roscosmos",43.936,-91.999,0,"ByeolBam",-0.644,-110.82,0,"_앰프_",-46.629,-90.414,0,2559.18,-0.777,-23.504,2561.314,3,"즉석카레",-11.881,-56.375,1,0,0,0,0,0,0,2
40,2,0,0,0,0,0,1,0,1,0,255,16,255,17,2617.588,"Dοpi",R,27,126,0.481,-0.981,0.222,1.732,-36.688,2,0,98.1,-140.936,0,0,0,1,6,3,R,"장덕춘_",165.1,94.644,0.248,3,37,2618.397,119,26,80,94,37,101,140,127,-29.316,-26.955,0.52,-0.024,0.001,0.043,0,-0.346,-37.026,0,"-라후이-",0.229,-17.052,0,"siesta_aves",-21.772,-47.369,0,"즉석카레",-15.305,-62.656,0,"Chunsik03",20.032,-43.746,0,"muyang_",10.267,-62.716,0,"Roscosmos",42.541,-93.231,0,"ByeolBam",0.252,-112.99,0,"_앰프_",-44.178,-88.228,0,2615.297,0.435,-19.459,2618.581,6,"Roscosmos",32.782,-84.25,1,0,0,0,0,0,0,2
41,2,0,0,1,0,0,1,1,0,0,12,255,255,18,2656.688,"Dοpi",R,10,106,-0.284,-0.551,0.102,1.973,-37.14,2,0,0,261.365,0,0,0,1,7,8,R,"卯月満開",171,84.63,0.2,2,37,2657.62,241,24,160,87,37,255,150,88,-53.341,30.517,-0.44,-0.118,-0.107,0.203,0,-0.532,-37.116,0,"-라후이-",-0.137,-16.941,0,"siesta_aves",-19.964,-41.239,0,"즉석카레",-14.989,-62.279,0,"Chunsik03",20.858,-45.556,0,"muyang_",9.449,-61.936,0,"Roscosmos",43.022,-90.177,0,"ByeolBam",-0.963,-111.203,0,"_앰프_",-43.795,-88.888,0,2654.464,-0.365,-21.264,2656.73,2,"siesta_aves",-13.494,-43.685,0,0,0,0,0,0,0,2
42,2,0,0,1,0,0,2,0,1,0,255,12,255,19,2690.622,"Dοpi",R,10,100,-1.546,-0.709,0.035,2.063,-37.233,1,0,-6.37,400,0,0,0,0,8,1,R,"HalF_HearteD",190,80,0.503,0,37,0,0,0,0,0,0,0,0,0,0,0,0,0,0,0,0,-0.23,-37.384,0,"-라후이-",-0.108,-17.216,0,"siesta_aves",-20.467,-45.183,0,"즉석카레",-15.461,-62.831,0,"Chunsik03",19.71,-44.263,0,"muyang_",7.92,-62.226,0,"Roscosmos",44.252,-92.006,0,"ByeolBam",-0.014,-113.049,0,"_앰프_",-45.399,-91.98,0,0,0,0,0,0,"",0,0,0,0,0,0,0,0,0,0
43,2,0,0,1,1,0,2,0,1,0,255,12,255,20,2707.741,"Dοpi",R,10,110,-1.533,-2.04,0.068,1.768,-36.882,1,0,-68.277,400,0,-0.313,-19.376,0,8,1,R,"HalF_HearteD",190,80,0.503,0,37,0,0,0,0,0,0,0,0,0,0,0,0,0,0,0,0,-0.093,-37.481,0,"-라후이-",0.156,-17.321,0,"siesta_aves",-21.398,-46.134,0,"즉석카레",-15.307,-62.528,0,"Chunsik03",18.673,-44.964,0,"muyang_",5.355,-60.195,0,"Roscosmos",42.963,-90.308,0,"ByeolBam",-0.014,-113.044,0,"_앰프_",-43.492,-91.195,0,0,0,0,0,0,"",0,0,0,0,0,0,0,0,0,0
44,2,0,0,1,2,0,2,0,1,0,255,12,255,21,2725.114,"Dοpi",R,10,99,-0.227,-0.751,0.146,2.035,-37.177,0,0,0,338.086,0,0,0,1,8,1,R,"HalF_HearteD",190,80,0.503,0,37,0,0,0,0,0,0,0,0,0,0,0,0,0,0,0,0,-0.052,-37.603,0,"-라후이-",0.149,-17.198,0,"siesta_aves",-20.749,-45.866,0,"즉석카레",-14.858,-62.768,0,"Chunsik03",18.791,-43.782,0,"muyang_",4.77,-61.285,0,"Roscosmos",42.005,-89.887,0,"ByeolBam",0.699,-112.418,0,"_앰프_",-44.452,-91.034,0,0,0,0,0,0,"",0,0,0,0,0,0,0,0,0,0
45,2,0,0,1,2,1,2,0,0,1,255,255,12,22,2752.756,"Dοpi",R,11,113,-1.505,0.65,-0.006,2.05,-36.846,4,0,0,165.425,0,0,0,1,8,1,R,"HalF_HearteD",190,80,0.503,0,37,0,0,0,0,0,0,0,0,0,0,0,0,0,0,0,0,-0.344,-37.063,0,"-라후이-",0.006,-17.32,0,"siesta_aves",-22.613,-47.772,0,"즉석카레",-15.646,-62.964,0,"Chunsik03",19.483,-41.886,0,"muyang_",8.431,-62.257,0,"Roscosmos",43.254,-93.851,0,"ByeolBam",0.134,-114.006,0,"_앰프_",-42.01,-90.25,0,0,0,0,0,0,"",0,0,0,0,0,0,0,0,0,0
46,2,0,0,1,2,2,2,0,0,1,255,255,12,23,2774.196,"Dοpi",R,34,119,1.309,-0.401,0.269,1.902,-36.919,2,0,87.063,-74.751,0,0,0,0,8,1,R,"HalF_HearteD",190,80,0.503,3,37,2775.269,174,23,122,77,26,139,150,97,6.308,-4.305,-0.49,-0.029,-0.113,0.05,0,-0.492,-36.945,0,"-라후이-",0.2,-16.962,0,"siesta_aves",-22.65,-49.49,0,"즉석카레",-15.06,-63.086,0,"Chunsik03",18.941,-40.09,0,"muyang_",11.402,-63.057,0,"Roscosmos",43.043,-92.913,0,"ByeolBam",0.081,-110.285,0,"_앰프_",-44.918,-89.602,0,2773.397,4.221,-49.99,2774.23,5,"muyang_",5.589,-57.356,0,0,0,0,0,0,0,2
47,3,1,0,1,0,0,0,0,0,0,255,255,255,21,2836.668,"WhiteMountain",R,33,136,-0.347,0.281,0.026,1.703,-36.279,0,0,133.37,-91.501,6.406,0,0,0,0,5,R,"muyang_",172.1,80,0.5,0,37,0,0,0,0,0,0,0,0,0,0,0,0,0,0,0,0,-0.216,-37.461,0,"HalF_HearteD",0.072,-16.573,0,"하루（Haru）",-19.707,-44.622,0,"장덕춘_",-14.136,-63.472,0,"TaeGeuk_",18.579,-50.317,0,"Pugeuk",8.239,-65.005,0,"Apple_Sherbet",35.292,-86.663,0,"Oort__Cloud",-4.641,-105.248,0,"卯月満開",-40.217,-88.997,0,0,0,0,0,0,"",0,0,0,0,0,0,0,0,0,0
48,3,1,0,1,0,1,0,0,0,0,255,255,255,22,2855.888,"WhiteMountain",R,0,122,2.152,1.051,0.316,1.846,-36.708,3,0,-26.941,0,13.727,-0.173,-20.195,0,0,5,R,"muyang_",172.1,80,0.5,0,37,0,0,0,0,0,0,0,0,0,0,0,0,0,0,0,0,-0.077,-36.702,0,"HalF_HearteD",0.044,-16.76,0,"하루（Haru）",-19.275,-44.937,0,"장덕춘_",-12.543,-63.632,0,"TaeGeuk_",19.137,-47.693,0,"Pugeuk",7.11,-65.104,0,"Apple_Sherbet",35.938,-86.357,0,"Oort__Cloud",-4.681,-105.271,0,"卯月満開",-40.237,-88.888,0,0,0,0,0,0,"",0,0,0,0,0,0,0,0,0,6
49,3,1,0,1,0,0,0,1,0,0,5,255,255,23,2881.544,"WhiteMountain",R,26,140,-1.455,0.134,-0.051,1.662,-36.232,2,0,47.7,-191.625,24.049,0,0,1,1,1,R,"-라후이-",190,84,0.35,3,36,2882.33,213,20,101,90,34,101,150,112,25.133,26.639,0.91,-0.031,-0.098,0.044,0,-0.215,-36.322,0,"HalF_HearteD",0.019,-16.69,0,"하루（Haru）",-17.931,-41.676,0,"장덕춘_",-12.896,-64.054,0,"TaeGeuk_",18.985,-48.018,0,"Pugeuk",5.713,-66.011,0,"Apple_Sherbet",36.193,-86.226,0,"Oort__Cloud",-4.776,-103.727,0,"卯月満開",-42.034,-91.67,0,2884.264,-59.162,-100.147,2885.447,8,"卯月満開",-56.727,-97.057,1,0,0,0,0,0,0,2
50,3,1,0,1,0,0,0,1,1,0,1,5,255,24,2922.136,"WhiteMountain",R,5,125,0.294,0.401,0.085,1.784,-36.489,2,0,-75.9,4.905,9.789,0,0,1,2,0,R,"Dοpi",190,80,0.3,3,36,2922.975,80,13,62,71,63,47,127,111,106.418,-36.229,0.2,-0.013,-0.019,0,0,-0.811,-36.577,0,"HalF_HearteD",-0.077,-16.6,0,"하루（Haru）",-18.808,-45.792,0,"장덕춘_",-13.347,-64.501,0,"TaeGeuk_",19.949,-47.242,0,"Pugeuk",3.188,-62.872,0,"Apple_Sherbet",37.897,-93.797,0,"Oort__Cloud",-3.599,-106.787,0,"卯月満開",-41.944,-92.267,0,0,0,0,0,0,"",0,0,0,0,0,0,0,0,0,3
51,3,1,0,1,0,1,0,1,1,0,1,5,255,25,2948.508,"WhiteMountain",R,0,124,-0.86,-0.874,0.037,1.627,-36.494,2,0,0,0,13.631,0,0,1,2,0,R,"Dοpi",190,80,0.3,3,51,2949.412,142,11,80,78,56,95,141,117,-30,-32.111,0.88,-0.044,-0.027,0.07,0,-0.323,-36.771,0,"HalF_HearteD",0.018,-16.535,0,"하루（Haru）",-18.965,-46.085,0,"장덕춘_",-13.296,-64.144,0,"TaeGeuk_",20.58,-45.891,0,"Pugeuk",2.519,-62.885,0,"Apple_Sherbet",39.189,-92.346,0,"Oort__Cloud",-4.375,-115.714,0,"卯月満開",-40.858,-92.269,0,2946.314,0.527,-21.302,2949.664,6,"Apple_Sherbet",38.321,-78.94,1,0,0,0,0,0,0,2
52,3,1,0,1,0,0,0,1,1,1,0,1,5,26,2985.876,"WhiteMountain",R,15,108,-0.43,1.059,0.108,1.736,-36.386,0,0,-128.358,-400,-28.238,0,0,0,3,7,R,"ByeolBam",174.5,89.728,0.499,0,36,0,0,0,0,0,0,0,0,0,0,0,0,0,0,0,0,0.093,-37.164,0,"HalF_HearteD",0.06,-15.83,0,"하루（Haru）",-20.387,-46.582,0,"장덕춘_",-13.795,-64.216,0,"TaeGeuk_",19.825,-48.372,0,"Pugeuk",8.164,-64.022,0,"Apple_Sherbet",39.172,-92.509,0,"Oort__Cloud",-5.268,-116.054,0,"卯月満開",-44.59,-91.348,0,0,0,0,0,0,"",0,0,0,0,0,0,0,0,0,0
53,3,1,0,1,0,1,0,1,1,1,0,1,5,27,3005.323,"WhiteMountain",R,34,120,0.359,1.116,0.099,1.852,-36.483,2,0,87.918,-40.514,2.51,0,0,1,3,7,R,"ByeolBam",174.5,89.728,0.499,3,36,3006.211,129,13,85,69,35,124,140,118,25.568,25.979,0.24,-0.064,-0.063,0.082,0,-0.224,-36.47,0,"HalF_HearteD",-0.008,-16.167,0,"하루（Haru）",-20.041,-46.918,0,"장덕춘_",-13.782,-64.181,0,"TaeGeuk_",20.442,-49.723,0,"Pugeuk",8.129,-64.286,0,"Apple_Sherbet",38.203,-94.786,0,"Oort__Cloud",-5.492,-116.898,0,"卯月満開",-44.562,-91.35,0,3007.881,-57.529,-101.041,3008.697,8,"卯月満開",-55.348,-98.372,1,2,0,0,0,0,0,2
54,3,1,1,1,0,0,1,0,1,1,255,7,0,28,3097.403,"WhiteMountain",R,34,123,0.91,1.424,0.156,1.938,-36.79,1,0,69.933,-65.417,3.71,0,0,0,4,2,R,"siesta_aves",190,95,0.345,0,36,0,0,0,0,0,0,0,0,0,0,0,0,0,0,0,0,-0.025,-37.252,0,"HalF_HearteD",-0.145,-16.358,0,"하루（Haru）",-19.699,-46.984,0,"장덕춘_",-13.653,-64.082,0,"TaeGeuk_",19.665,-43.983,0,"Pugeuk",6.976,-63.56,0,"Apple_Sherbet",41.55,-87.563,0,"Oort__Cloud",-3.74,-109.661,0,"卯月満開",-42.565,-90.068,0,0,0,0,0,0,"",0,0,0,0,0,0,0,0,0,0
55,3,1,1,1,1,0,1,0,1,1,255,7,0,29,3116.49,"WhiteMountain",R,27,125,-3.918,-0.615,-0.279,1.532,-36.271,1,0,36.031,-112.729,11.302,0,0,0,4,2,R,"siesta_aves",190,95,0.345,0,36,0,0,0,0,0,0,0,0,0,0,0,0,0,0,0,0,-0.409,-37.201,0,"HalF_HearteD",-0.255,-16.412,0,"하루（Haru）",-19.882,-44.594,0,"장덕춘_",-13.653,-64.073,0,"TaeGeuk_",19.243,-40.875,0,"Pugeuk",6.457,-63.426,0,"Apple_Sherbet",41.359,-87.614,0,"Oort__Cloud",-3.616,-109.366,0,"卯月満開",-42.331,-90.197,0,0,0,0,0,0,"",0,0,0,0,0,0,0,0,0,0
56,3,1,1,1,2,0,1,0,1,1,255,7,0,30,3136.35,"WhiteMountain",R,34,127,0.245,0.478,0.092,1.758,-36.528,0,0,82.128,-60.57,3.711,0,0,1,4,2,R,"siesta_aves",190,95,0.345,0,36,0,0,0,0,0,0,0,0,0,0,0,0,0,0,0,0,0.018,-37.171,0,"HalF_HearteD",-0.18,-16.436,0,"하루（Haru）",-20.159,-44.684,0,"장덕춘_",-13.626,-64.057,0,"TaeGeuk_",19.911,-45.808,0,"Pugeuk",7.308,-62.967,0,"Apple_Sherbet",40.838,-88.337,0,"Oort__Cloud",-3.588,-109.382,0,"卯月満開",-42.107,-90.062,0,0,0,0,0,0,"",0,0,0,0,0,0,0,0,0,0
57,3,1,1,1,2,1,1,0,1,1,255,7,0,31,3159.123,"WhiteMountain",R,33,140,-1.372,0.26,-0.061,1.718,-36.399,0,0,108.186,-62.965,7.091,0,0,1,4,2,R,"siesta_aves",190,95,0.345,0,36,0,0,0,0,0,0,0,0,0,0,0,0,0,0,0,0,-0.074,-37.572,0,"HalF_HearteD",0.712,-16.964,0,"하루（Haru）",-19.782,-45.486,0,"장덕춘_",-13.586,-64.155,0,"TaeGeuk_",19.315,-40.011,0,"Pugeuk",8.292,-63.044,0,"Apple_Sherbet",40.818,-88.358,0,"Oort__Cloud",-3.632,-109.332,0,"卯月満開",-42.011,-90.31,0,0,0,0,0,0,"",0,0,0,0,0,0,0,0,0,0
58,3,1,1,1,2,2,1,0,1,1,255,7,0,32,3184.496,"WhiteMountain",R,0,129,-2.143,-0.312,-0.102,1.623,-36.279,1,0,-2.167,0,-4.876,0,0,0,4,2,R,"siesta_aves",190,95,0.345,0,36,0,0,0,0,0,0,0,0,0,0,0,0,0,0,0,0,-0.262,-37.044,0,"HalF_HearteD",-0.345,-16.048,0,"하루（Haru）",-19.967,-45.175,0,"장덕춘_",-13.644,-64.07,0,"TaeGeuk_",20.062,-41.391,0,"Pugeuk",12.51,-62.803,0,"Apple_Sherbet",41.037,-87.586,0,"Oort__Cloud",-3.945,-112.361,0,"卯月満開",-42.276,-90.518,0,0,0,0,0,0,"",0,0,0,0,0,0,0,0,0,0
59,3,1,1,1,3,2,1,0,1,1,255,7,0,33,3204.298,"WhiteMountain",R,27,137,-0.789,0.597,-0.01,1.768,-36.341,0,0,113.4,-117.959,6.432,0,0,0,4,2,R,"siesta_aves",190,95,0.345,0,36,0,0,0,0,0,0,0,0,0,0,0,0,0,0,0,0,-0.281,-37.015,0,"HalF_HearteD",-0.106,-16.157,0,"하루（Haru）",-19.372,-44.839,0,"장덕춘_",-13.636,-64.095,0,"TaeGeuk_",20.649,-45.381,0,"Pugeuk",10.373,-64.003,0,"Apple_Sherbet",40.865,-87.548,0,"Oort__Cloud",-4.614,-113.798,0,"卯月満開",-42.072,-90.563,0,0,0,0,0,0,"",0,0,0,0,0,0,0,0,0,0
60,3,1,1,1,0,0,2,0,1,1,255,7,0,34,3230.603,"WhiteMountain",R,34,126,-0.517,0.307,0.027,1.731,-36.436,2,0,69.975,-22.984,2.029,0,0,1,5,4,R,"Chunsik03",190,90.113,0.297,2,36,3231.67,114,17,103,59,29,81,142,103,-5.69,-28.468,-0.09,-0.064,-0.036,0.144,0,-0.468,-36.6,0,"HalF_HearteD",-0.113,-16.386,0,"하루（Haru）",-19.357,-46.058,0,"장덕춘_",-13.811,-63.946,0,"TaeGeuk_",21.188,-50.193,0,"Pugeuk",8.68,-64.885,0,"Apple_Sherbet",41.109,-88.023,0,"Oort__Cloud",-4.249,-106.386,0,"卯月満開",-41.611,-91.019,0,3228.797,4.359,-28.687,3230.197,4,"TaeGeuk_",17.431,-49.498,0,0,0,0,0,0,0,2
61,3,0,1,1,0,0,0,0,0,0,255,255,255,24,3329.72,"Dοpi",R,28,127,-1.974,-0.852,0.042,1.753,-36.698,1,0,62.799,-86.024,0,0,0,0,0,6,R,"Apple_Sherbet",176.9,86.926,0.299,0,87,0,0,0,0,0,0,0,0,0,0,0,0,0,0,0,0,-0.201,-37.056,0,"-라후이-",-0.244,-16.955,0,"siesta_aves",-20.568,-48.175,0,"즉석카레",-15.331,-62.854,0,"Chunsik03",22.746,-48.748,0,"muyang_",10.502,-63.98,0,"Roscosmos",41.195,-89.805,0,"ByeolBam",-1.419,-112.933,0,"_앰프_",-46.597,-92.157,0,0,0,0,0,0,"",0,0,0,0,0,0,0,0,0,0
62,3,0,1,1,1,0,0,0,0,0,255,255,255,25,3345.21,"Dοpi",R,13,98,-2.206,-0.797,0.078,1.953,-37.055,4,0,-332.134,333.193,0,0,0,1,0,6,R,"Apple_Sherbet",176.9,86.926,0.299,0,87,0,0,0,0,0,0,0,0,0,0,0,0,0,0,0,0,0.099,-37.347,0,"-라후이-",-0.347,-16.714,0,"siesta_aves",-20.355,-48.271,0,"즉석카레",-15.8,-62.758,0,"Chunsik03",22.759,-48.692,0,"muyang_",10.449,-62.246,0,"Roscosmos",42.308,-91.968,0,"ByeolBam",0.794,-114.22,0,"_앰프_",-46.568,-91.843,0,0,0,0,0,0,"",0,0,0,0,0,0,0,0,0,0
63,3,0,1,1,1,1,0,0,0,0,255,255,255,26,3362.91,"Dοpi",R,34,128,1.031,-0.612,0.317,1.776,-36.831,2,0,83.866,-77.687,0,0,0,1,0,6,R,"Apple_Sherbet",176.9,86.926,0.299,3,87,3363.884,255,18,138,62,27,215,150,92,36.528,-26.78,-0.49,-0.04,-0.047,0.254,0,-0.335,-36.81,0,"-라후이-",0.143,-17.046,0,"siesta_aves",-20.363,-48.296,0,"즉석카레",-15.737,-62.913,0,"Chunsik03",21.904,-48.895,0,"muyang_",13.015,-62.687,0,"Roscosmos",42.422,-91.93,0,"ByeolBam",0.302,-114.994,0,"_앰프_",-46.083,-91.871,0,3365.547,28.121,-88.18,3365.68,6,"Roscosmos",27.172,-85.719,0,0,0,0,0,0,0,1
64,3,0,1,1,0,0,1,0,0,0,255,255,255,27,3401.87,"Dοpi",R,27,138,-0.003,-0.183,-0.019,1.614,-36.494,2,0,63.657,-141.164,0,0,0,1,1,2,R,"하루（Haru）",190,85,0.55,2,35,3402.88,231,10,154,49,18,255,150,125,-9.493,43.724,0.23,0.028,-0.006,0.195,0,-0.245,-36.759,0,"-라후이-",0.075,-17.139,0,"siesta_aves",-20.461,-49.188,0,"즉석카레",-15.236,-63.048,0,"Chunsik03",22.91,-48.34,0,"muyang_",13.35,-64.074,0,"Roscosmos",42.619,-93.017,0,"ByeolBam",-0.127,-110.145,0,"_앰프_",-43.325,-88.249,0,3399.881,-4.552,-24.145,0,0,"",0,0,0,0,0,0,0,0,0,3
65,3,0,1,1,0,1,1,0,0,0,255,255,255,28,3422.372,"Dοpi",R,0,119,-1.202,1.465,-0.106,2.136,-37.09,2,0,0,3.293,0,0,0,1,1,2,R,"하루（Haru）",190,85,0.55,2,35,3423.476,222,16,183,35,44,255,150,120,27.064,-8.311,0.81,-0.022,0.04,0.206,0,-0.331,-36.788,0,"-라후이-",-0.118,-17.225,0,"siesta_aves",-19.138,-46.514,0,"즉석카레",-15.808,-62.146,0,"Chunsik03",23.975,-50.824,0,"muyang_",11.413,-63.566,0,"Roscosmos",42.798,-90.141,0,"ByeolBam",-0.577,-108.578,0,"_앰프_",-47.18,-87.893,0,0,0,0,3425.397,7,"ByeolBam",5.296,-119.956,0,0,0,0,0,0,0,1
66,3,0,1,1,0,0,2,0,0,0,255,255,255,29,3453.308,"Dοpi",R,28,126,3.401,1.381,0.294,1.842,-36.772,1,0,65.96,-99.621,0,0,0,0,2,5,R,"Pugeuk",160,85.884,0.349,0,35,0,0,0,0,0,0,0,0,0,0,0,0,0,0,0,0,-0.242,-36.848,0,"-라후이-",0.131,-17.101,0,"siesta_aves",-20.708,-46.803,0,"즉석카레",-15.438,-63.029,0,"Chunsik03",19.827,-46.85,0,"muyang_",9.569,-64.253,0,"Roscosmos",42.982,-88.543,0,"ByeolBam",0.393,-106.949,0,"_앰프_",-43.569,-90.689,0,0,0,0,0,0,"",0,0,0,0,0,0,0,0,0,0
67,3,0,1,1,1,0,2,0,0,0,255,255,255,30,3473.112,"Dοpi",R,34,119,0.541,-0.842,0.207,1.861,-36.951,0,0,68.531,-53.257,0,0,0,0,2,5,R,"Pugeuk",160,85.884,0.349,0,35,0,0,0,0,0,0,0,0,0,0,0,0,0,0,0,0,-0.028,-37.056,0,"-라후이-",0.083,-17.113,0,"siesta_aves",-20.217,-47.735,0,"즉석카레",-15.679,-62.826,0,"Chunsik03",20.001,-46.663,0,"muyang_",11.437,-63.612,0,"Roscosmos",42.955,-88.557,0,"ByeolBam",0.329,-108.016,0,"_앰프_",-43.567,-90.731,0,0,0,0,0,0,"",0,0,0,0,0,0,0,0,0,0
68,3,0,1,1,1,1,2,0,0,0,255,255,255,31,3489.208,"Dοpi",R,10,110,-1.886,-2.97,0.007,1.847,-36.837,4,0,-56.039,394.674,0,-0.363,-19.894,1,2,5,R,"Pugeuk",160,85.884,0.349,0,35,0,0,0,0,0,0,0,0,0,0,0,0,0,0,0,0,-0.293,-37.346,0,"-라후이-",-0.106,-17.183,0,"siesta_aves",-20.3,-45.838,0,"즉석카레",-15.574,-62.906,0,"Chunsik03",19.877,-46.631,0,"muyang_",9.212,-65.644,0,"Roscosmos",41.66,-94.516,0,"ByeolBam",0.343,-107.882,0,"_앰프_",-43.569,-90.686,0,0,0,0,0,0,"",0,0,0,0,0,0,0,0,0,0
69,3,0,1,1,1,2,2,0,0,0,255,255,255,32,3503.79,"Dοpi",R,34,118,2.854,1.461,0.238,1.952,-37.088,3,0,81.946,-44.722,0,-0.136,-20.365,0,2,5,R,"Pugeuk",160,85.884,0.349,0,70,0,0,0,0,0,0,0,0,0,0,0,0,0,0,0,0,-0.359,-36.981,0,"-라후이-",0.047,-17.265,0,"siesta_aves",-20.403,-46.339,0,"즉석카레",-15.83,-62.887,0,"Chunsik03",20.36,-47.06,0,"muyang_",13.337,-64.33,0,"Roscosmos",45.258,-91.301,0,"ByeolBam",0.234,-107.663,0,"_앰프_",-44.695,-90.567,0,0,0,0,0,0,"",0,0,0,0,0,0,0,0,0,6
70,3,0,1,1,0,0,2,1,0,0,14,255,255,33,3532.357,"Dοpi",R,13,96,-3.621,-0.629,-0.029,1.909,-37.088,2,0,-340.743,312.348,0,0,0,1,3,4,R,"TaeGeuk_",177.3,84.57,0.544,3,35,3533.386,255,25,76,71,67,95,142,110,-30,-3.579,0.93,-0.079,-0.143,0.012,0,-0.206,-37.096,0,"-라후이-",-0.402,-17.197,0,"siesta_aves",-20.285,-41.916,0,"즉석카레",-15.675,-62.691,0,"Chunsik03",21.137,-48.1,0,"muyang_",10.965,-63.43,0,"Roscosmos",44.748,-93.805,0,"ByeolBam",0.063,-108.406,0,"_앰프_",-47.44,-92.454,0,3530.247,-1.031,-21.802,3533.897,7,"ByeolBam",3.366,-90.862,1,4,0,0,0,0,0,2
71,4,1,1,1,0,0,0,0,0,0,255,255,255,36,3603.917,"WhiteMountain",R,10,112,-1.352,-0.779,-0.029,1.718,-36.35,0,0,0,400,16.917,-0.329,-16.042,0,6,3,R,"즉석카레",169.8,96.566,0.397,0,35,0,0,0,0,0,0,0,0,0,0,0,0,0,0,0,0,-0.513,-36.963,0,"HalF_HearteD",0.001,-16.253,0,"하루（Haru）",-19.21,-44.478,0,"장덕춘_",-13.585,-64.388,0,"TaeGeuk_",19.384,-50.539,0,"Pugeuk",10.411,-64.203,0,"Apple_Sherbet",37.737,-88.06,0,"Oort__Cloud",-4.666,-105.178,0,"卯月満開",-40.64,-88.831,0,0,0,0,0,0,"",0,0,0,0,0,0,0,0,0,0
72,4,1,1,1,0,1,0,0,0,0,255,255,255,36,3626.457,"WhiteMountain",R,34,130,-0.292,0.668,0.078,1.791,-36.466,2,0,88.47,-64.746,3.319,0,0,1,6,3,R,"즉석카레",169.8,96.566,0.397,2,35,3627.264,135,21,104,87,40,139,150,122,110.91,-62.916,0.64,-0.091,-0.064,0.042,0.048,-0.494,-36.549,0,"HalF_HearteD",-0.067,-16.245,0,"하루（Haru）",-18.783,-46.126,0,"장덕춘_",-13.581,-64.342,0,"TaeGeuk_",19.532,-50.652,0,"Pugeuk",10.415,-64.078,0,"Apple_Sherbet",37.732,-88.056,0,"Oort__Cloud",-4.616,-105.302,0,"卯月満開",-40.518,-88.909,0,0,0,0,0,0,"",0,0,0,0,0,0,0,0,0,3
73,4,1,1,1,0,2,0,0,0,0,255,255,255,37,3647.527,"WhiteMountain",R,0,128,-1.224,-0.909,-0.017,1.541,-36.392,0,0,0,0,13.103,0,0,1,6,3,R,"즉석카레",169.8,96.566,0.397,0,38,0,0,0,0,0,0,0,0,0,0,0,0,0,0,0,0,-0.394,-37.15,0,"HalF_HearteD",-0.036,-15.998,0,"하루（Haru）",-19.128,-43.483,0,"장덕춘_",-13.557,-64.688,0,"TaeGeuk_",17.485,-48.891,0,"Pugeuk",11.32,-64.355,0,"Apple_Sherbet",38.201,-87.879,0,"Oort__Cloud",-4.136,-104.308,0,"卯月満開",-40.661,-89.031,0,0,0,0,0,0,"",0,0,0,0,0,0,0,0,0,0
74,4,1,1,1,0,0,1,0,0,0,255,255,255,38,3670.127,"WhiteMountain",R,5,135,-4.211,-2.162,-0.265,1.338,-36.344,1,0,-103.106,32.547,17.386,-1.149,-16.064,0,7,6,R,"Roscosmos",175.1,95.635,0.36,0,35,0,0,0,0,0,0,0,0,0,0,0,0,0,0,0,0,-0.367,-36.712,0,"HalF_HearteD",-0.364,-16.048,0,"하루（Haru）",-18.712,-45.602,0,"장덕춘_",-13.8,-64.489,0,"TaeGeuk_",19.255,-48.593,0,"Pugeuk",11.031,-64.649,0,"Apple_Sherbet",39.932,-88.178,0,"Oort__Cloud",-4.117,-104.232,0,"卯月満開",-38.942,-89.647,0,0,0,0,0,0,"",0,0,0,0,0,0,0,0,0,0
75,4,1,1,1,1,0,1,0,0,0,255,255,255,39,3692.392,"WhiteMountain",R,28,127,-0.887,0.113,0.006,1.678,-36.266,2,0,25.538,-82.488,11.472,0,0,1,7,6,R,"Roscosmos",175.1,95.635,0.36,3,35,3693.184,122,19,106,58,15,142,143,91,44.233,43.389,-0.47,-0.06,-0.097,0,0,-0.578,-36.64,0,"HalF_HearteD",0.118,-16.44,0,"하루（Haru）",-18.909,-45.864,0,"장덕춘_",-13.72,-64.514,0,"TaeGeuk_",19.477,-48.497,0,"Pugeuk",11.102,-64.755,0,"Apple_Sherbet",41.356,-87.913,0,"Oort__Cloud",-4.041,-104.304,0,"卯月満開",-38.937,-89.655,0,3695.997,-54.018,-64.161,0,0,"",0,0,0,0,0,0,0,0,0,3
76,4,1,1,1,1,1,1,0,0,0,255,255,255,40,3716.718,"WhiteMountain",R,0,123,0.224,2.067,0.047,1.983,-36.568,2,0,0,0,10.768,0,0,1,7,6,R,"Roscosmos",175.1,95.635,0.36,3,35,3717.543,245,21,0,45,81,255,29,39,51.777,52.305,-0.55,-0.011,0.017,0,0,-0.481,-36.959,0,"HalF_HearteD",-0.007,-16.3,0,"하루（Haru）",-20.087,-47.117,0,"장덕춘_",-13.243,-64.708,0,"TaeGeuk_",21.055,-48.217,0,"Pugeuk",10.927,-64.889,0,"Apple_Sherbet",38.754,-89.184,0,"Oort__Cloud",-4.839,-110.184,0,"卯月満開",-40.752,-87.518,0,3717.347,-17.431,-32.753,3718.047,2,"하루（Haru）",-18.517,-33.593,0,0,0,0,0,0,0,2
77,4,1,1,1,1,2,1,0,0,0,255,255,255,41,3744.844,"WhiteMountain",R,5,104,0.321,0.581,0.245,1.823,-36.711,2,0,-78.509,0,-7.488,0,0,1,7,6,R,"Roscosmos",175.1,95.635,0.36,3,35,3745.764,141,19,77,85,58,68,140,127,28.053,43.791,0.43,0.013,-0.047,0,0,-0.29,-36.552,0,"HalF_HearteD",0.038,-16.158,0,"하루（Haru）",-19.553,-46.876,0,"장덕춘_",-13.209,-64.568,0,"TaeGeuk_",20.224,-49.112,0,"Pugeuk",10.964,-63.475,0,"Apple_Sherbet",35.263,-86.086,0,"Oort__Cloud",-5.52,-103.781,0,"卯月満開",-39.533,-84.489,0,3746.947,-63.084,-109.536,0,0,"",0,0,0,0,0,0,0,0,0,4
78,4,1,2,1,0,0,1,0,0,0,255,255,255,42,3794.881,"WhiteMountain",R,0,122,0.369,0.545,0.131,1.766,-36.544,0,0,0,0,14.416,0,0,0,8,8,R,"_앰프_",170.6,89.947,0.4,0,34,0,0,0,0,0,0,0,0,0,0,0,0,0,0,0,0,-0.372,-37.052,0,"HalF_HearteD",0.07,-16.162,0,"하루（Haru）",-19.37,-43.026,0,"장덕춘_",-13.35,-64.628,0,"TaeGeuk_",19.436,-49.935,0,"Pugeuk",10.857,-63.8,0,"Apple_Sherbet",36.716,-83.63,0,"Oort__Cloud",-3.848,-99.47,0,"卯月満開",-38.784,-84.666,0,0,0,0,0,0,"",0,0,0,0,0,0,0,0,0,0
79,4,1,2,1,0,1,1,0,0,0,255,255,255,43,3815.537,"WhiteMountain",R,32,129,-1.459,-0.372,-0.022,1.647,-36.434,0,0,176.877,-69.609,5.565,0,0,0,8,8,R,"_앰프_",170.6,89.947,0.4,0,34,0,0,0,0,0,0,0,0,0,0,0,0,0,0,0,0,-0.316,-36.618,0,"HalF_HearteD",-0.031,-16.425,0,"하루（Haru）",-19.187,-43.893,0,"장덕춘_",-13.383,-64.577,0,"TaeGeuk_",18.045,-49.174,0,"Pugeuk",10.967,-63.823,0,"Apple_Sherbet",37.005,-83.772,0,"Oort__Cloud",-3.852,-99.397,0,"卯月満開",-38.807,-84.872,0,0,0,0,0,0,"",0,0,0,0,0,0,0,0,0,0
80,4,1,2,1,0,2,1,0,0,0,255,255,255,44,3831.545,"WhiteMountain",R,2,102,-2.193,1.769,0.036,1.842,-36.366,1,0,-331.735,-349.303,-44.184,0,0,0,8,8,R,"_앰프_",170.6,89.947,0.4,0,34,0,0,0,0,0,0,0,0,0,0,0,0,0,0,0,0,-0.431,-37.436,0,"HalF_HearteD",0.051,-16.507,0,"하루（Haru）",-19.48,-43.681,0,"장덕춘_",-13.32,-64.559,0,"TaeGeuk_",20.157,-51.524,0,"Pugeuk",10.974,-63.739,0,"Apple_Sherbet",37.522,-84.372,0,"Oort__Cloud",-3.838,-99.366,0,"卯月満開",-38.817,-84.879,0,0,0,0,0,0,"",0,0,0,0,0,0,0,0,0,0
81,4,1,2,1,1,2,1,0,0,0,255,255,255,45,3850.05,"WhiteMountain",R,34,125,0.905,0.322,0.2,1.786,-36.622,4,0,70.942,-25.83,2.633,-0.416,-19.734,1,8,8,R,"_앰프_",170.6,89.947,0.4,0,34,0,0,0,0,0,0,0,0,0,0,0,0,0,0,0,0,-0.489,-36.609,0,"HalF_HearteD",-0.06,-16.885,0,"하루（Haru）",-19.839,-45.568,0,"장덕춘_",-13.357,-64.494,0,"TaeGeuk_",19.322,-49.108,0,"Pugeuk",10.466,-63.894,0,"Apple_Sherbet",37.605,-84.745,0,"Oort__Cloud",-3.641,-97.897,0,"卯月満開",-38.8,-84.867,0,0,0,0,0,0,"",0,0,0,0,0,0,0,0,0,0
82,4,1,2,1,0,0,2,0,0,0,255,255,255,46,3884.39,"WhiteMountain",R,33,118,1.904,0.801,0.228,1.828,-36.574,3,0,132.464,-54.132,-6.839,0.613,-20.308,0,0,5,R,"muyang_",172.1,80,0.5,0,34,0,0,0,0,0,0,0,0,0,0,0,0,0,0,0,0,0.166,-37.008,0,"HalF_HearteD",0.07,-16.172,0,"하루（Haru）",-19.321,-45.457,0,"장덕춘_",-13.285,-64.495,0,"TaeGeuk_",19.1,-48.315,0,"Pugeuk",10.789,-60.484,0,"Apple_Sherbet",38.594,-85.502,0,"Oort__Cloud",-3.829,-102.82,0,"卯月満開",-41.332,-89.311,0,0,0,0,0,0,"",0,0,0,0,0,0,0,0,0,6
83,4,1,2,1,0,0,2,1,0,0,5,255,255,47,3908.869,"WhiteMountain",R,34,140,-3.909,-0.842,-0.292,1.504,-36.155,1,0,89.194,-71.336,8.052,0,0,0,1,1,R,"-라후이-",190,84,0.35,0,34,0,0,0,0,0,0,0,0,0,0,0,0,0,0,0,0,-0.548,-36.548,0,"HalF_HearteD",0.029,-16.171,0,"하루（Haru）",-18.766,-44.199,0,"장덕춘_",-13.263,-64.567,0,"TaeGeuk_",19.207,-48.253,0,"Pugeuk",11.126,-62.758,0,"Apple_Sherbet",39.193,-86.34,0,"Oort__Cloud",-5.438,-116.181,0,"卯月満開",-44.408,-93.65,0,0,0,0,0,0,"",0,0,0,0,0,0,0,0,0,0
84,4,1,2,1,1,0,2,1,0,0,5,255,255,48,3921.425,"WhiteMountain",R,32,140,1.749,-0.462,0.03,1.71,-36.323,2,0,154.922,-94.661,5.14,0,0,1,1,1,R,"-라후이-",190,84,0.35,3,34,3922.176,215,16,113,71,25,183,150,130,95.024,-79.684,0.42,-0.064,-0.092,0.198,0,-0.583,-36.705,0,"HalF_HearteD",-0.056,-16.285,0,"하루（Haru）",-18.219,-45.285,0,"장덕춘_",-13.302,-64.483,0,"TaeGeuk_",19.15,-48.214,0,"Pugeuk",11.134,-62.722,0,"Apple_Sherbet",39.363,-86.269,0,"Oort__Cloud",-6.561,-114.494,0,"卯月満開",-43.901,-94.314,0,0,0,0,0,0,"",0,0,0,0,0,0,0,0,0,3
85,4,1,2,1,1,1,2,1,0,0,5,255,255,49,3938.786,"WhiteMountain",R,27,130,-0.55,0.024,-0.12,1.698,-36.207,2,0,100.132,-124.592,9.885,0,0,1,1,1,R,"-라후이-",190,84,0.35,3,34,3939.557,152,23,74,97,46,72,140,130,26.504,25.221,0.62,-0.039,-0.081,0.099,0,-0.753,-36.669,0,"HalF_HearteD",-0.202,-16.111,0,"하루（Haru）",-17.467,-42.453,0,"장덕춘_",-13.11,-64.482,0,"TaeGeuk_",20.066,-48.725,0,"Pugeuk",11.844,-62.617,0,"Apple_Sherbet",40.194,-86.339,0,"Oort__Cloud",-5.855,-112.476,0,"卯月満開",-43.615,-95.631,0,3941.147,-69.531,-111.594,0,0,"",0,0,0,0,0,0,0,0,0,4
86,4,1,4,1,0,0,2,0,0,0,255,255,255,0,4174.551,"하루（Haru）",R,28,134,-1.044,-0.536,-0.119,1.734,-36.141,2,0,29.844,-71.595,8.027,0,0,1,2,0,R,"Dοpi",190,80,0.3,3,49,4175.472,172,16,110,33,33,73,142,116,94.677,-80.999,0.17,-0.023,-0.027,0.039,0,-0.2,-36.908,0,"HalF_HearteD",0.13,-16.501,0,"WhiteMountain",-22.261,-49.526,0,"장덕춘_",-14.113,-63.824,0,"TaeGeuk_",20.852,-51.093,0,"Pugeuk",14.414,-64.079,0,"Apple_Sherbet",41.534,-90.825,0,"Oort__Cloud",-4.524,-110.352,0,"卯月満開",-41.821,-91.546,0,0,0,0,0,0,"",0,0,0,0,0,0,0,0,0,3
87,4,1,4,1,0,1,2,0,0,0,255,255,255,1,4193.356,"하루（Haru）",R,28,126,0.243,0.003,0.018,1.812,-36.156,2,0,15.203,-76.647,13.365,0,0,1,2,0,R,"Dοpi",190,80,0.3,3,49,4194.303,102,14,81,80,60,79,139,94,28.628,-17.53,-0.45,-0.082,-0.038,0.067,0,0.004,-36.867,0,"HalF_HearteD",0.087,-16.645,0,"WhiteMountain",-22.229,-49.447,0,"장덕춘_",-14.516,-63.829,0,"TaeGeuk_",20.743,-51.626,0,"Pugeuk",14.554,-63.913,0,"Apple_Sherbet",41.882,-93.286,0,"Oort__Cloud",-3.682,-109.203,0,"卯月満開",-43.289,-91.876,0,4195.714,20.701,-94.948,4196.047,6,"Apple_Sherbet",20.481,-94.101,0,0,0,0,0,0,0,1
88,4,0,4,1,0,0,0,0,0,0,255,255,255,34,4258.244,"Dοpi",R,28,120,8.472,-2.529,0.211,1.634,-36.737,2,0,68.189,-69.53,-0.648,0,0,1,4,2,R,"WhiteMountain",190,107,0.404,2,34,4259.302,105,19,111,72,16,147,140,97,-37.18,24.456,-0.33,-0.083,-0.042,0.112,0,-0.021,-36.81,0,"-라후이-",0.2,-16.924,0,"siesta_aves",-21.556,-50.464,0,"즉석카레",-15.6,-63.184,0,"Chunsik03",22.263,-48.968,0,"muyang_",12.386,-63.522,0,"Roscosmos",43.221,-92.702,0,"ByeolBam",-0.018,-110.948,0,"_앰프_",-44.533,-88.608,0,4255.764,-0.158,-20.251,4258.647,3,"즉석카레",-8.914,-56.371,0,0,0,0,0,0,0,2
89,4,0,4,1,0,0,1,0,0,0,255,255,255,35,4290.796,"Dοpi",R,33,113,3.408,1.509,0.304,1.957,-37.202,3,0,106.387,-57.641,-0.652,0.105,-20.33,0,5,7,R,"Oort__Cloud",160,80,0.2,0,34,0,0,0,0,0,0,0,0,0,0,0,0,0,0,0,0,-0.261,-37.018,0,"-라후이-",0.078,-18.172,0,"siesta_aves",-20.113,-49.29,0,"즉석카레",-13.862,-60.901,0,"Chunsik03",15.951,-43.965,0,"muyang_",9.575,-64.255,0,"Roscosmos",40.791,-89.965,0,"ByeolBam",-2.009,-111.094,0,"_앰프_",-43.422,-89.084,0,0,0,0,0,0,"",0,0,0,0,0,0,0,0,0,6
90,4,0,4,1,0,0,1,1,0,0,16,255,255,36,4342.384,"Dοpi",R,0,115,-0.617,0.618,0.046,2.015,-37.225,0,0,0,0,-1.865,0,0,1,6,3,R,"장덕춘_",165.1,94.644,0.248,0,34,0,0,0,0,0,0,0,0,0,0,0,0,0,0,0,0,-0.46,-37.096,0,"-라후이-",0.271,-17.273,0,"siesta_aves",-20.354,-44.655,0,"즉석카레",-13.434,-62.25,0,"Chunsik03",20.77,-47.272,0,"muyang_",5.154,-61.62,0,"Roscosmos",40.131,-98.88,0,"ByeolBam",-0.746,-111.163,0,"_앰프_",-42.251,-88.635,0,0,0,0,0,0,"",0,0,0,32,0,0,0,0,0,0
91,4,0,4,1,0,1,2,0,0,0,255,255,255,37,4368.113,"Dοpi",R,10,116,0.435,-1.503,0.111,1.73,-36.746,2,0,-49.213,384.511,-2.485,0,0,1,6,3,R,"장덕춘_",165.1,94.644,0.248,3,34,4368.977,82,14,127,86,68,116,135,107,-30,-19.86,0.92,-0.056,0.007,0.069,0,-0.572,-37.057,0,"-라후이-",-0.116,-16.852,0,"siesta_aves",-20.695,-49.755,0,"즉석카레",-14.891,-63.408,0,"Chunsik03",22.638,-50.752,0,"muyang_",12.343,-64.726,0,"Roscosmos",42.008,-92.099,0,"ByeolBam",-0.658,-110.51,0,"_앰프_",-43.715,-91.386,0,4365.564,0.339,-21.314,4367.63,5,"muyang_",13.637,-57.766,1,0,0,0,0,0,0,2
92,4,0,4,1,0,0,2,1,0,0,12,255,255,38,4401.5,"Dοpi",R,10,100,-0.721,-2.791,0.149,1.852,-37.127,1,0,-0.75,400,1.111,-0.135,-20.271,0,7,8,R,"卯月満開",171,84.63,0.2,0,34,0,0,0,0,0,0,0,0,0,0,0,0,0,0,0,0,-0.029,-37.302,0,"-라후이-",-0.164,-17.446,0,"siesta_aves",-19.807,-41.395,0,"즉석카레",-13.65,-61.478,0,"Chunsik03",20.747,-49.301,0,"muyang_",9.007,-60.001,0,"Roscosmos",42.413,-93.163,0,"ByeolBam",-0.464,-110.602,0,"_앰프_",-41.823,-87.21,0,0,0,0,0,0,"",0,0,0,0,0,0,0,0,0,0
93,4,0,4,1,1,0,2,1,0,0,12,255,255,39,4415.461,"Dοpi",R,10,92,-1.672,-1.28,0.061,1.977,-37.26,4,0,0,366.202,-0.04,0,0,1,7,8,R,"卯月満開",171,84.63,0.2,0,34,0,0,0,0,0,0,0,0,0,0,0,0,0,0,0,0,-0.154,-37.423,0,"-라후이-",-0.139,-17.434,0,"siesta_aves",-19.909,-40.235,0,"즉석카레",-13.546,-61.664,0,"Chunsik03",20.843,-48.724,0,"muyang_",10.868,-62.598,0,"Roscosmos",42.479,-93.147,0,"ByeolBam",-0.496,-110.367,0,"_앰프_",-41.831,-87.149,0,0,0,0,0,0,"",0,0,0,0,0,0,0,0,0,0
94,4,0,4,1,1,1,2,1,0,0,12,255,255,40,4429.886,"Dοpi",R,10,90,-0.509,-0.54,0.118,2.17,-37.222,2,0,-0.588,400,0.36,0,0,1,7,8,R,"卯月満開",171,84.63,0.2,2,34,4430.977,255,10,155,61,31,255,150,82,-38.844,30.877,-0.47,-0.159,-0.119,0.206,0,-0.131,-37.383,0,"-라후이-",-0.173,-17.014,0,"siesta_aves",-19.888,-40.37,0,"즉석카레",-13.562,-61.57,0,"Chunsik03",20.543,-49.024,0,"muyang_",12.46,-62.921,0,"Roscosmos",42.495,-93.163,0,"ByeolBam",-0.347,-110.653,0,"_앰프_",-41.815,-87.162,0,4427.497,-0.604,-21.332,4432.064,8,"_앰프_",-29.949,-69.814,1,0,0,0,0,0,0,2
95,4,0,4,1,0,0,2,1,1,0,17,12,255,41,4461.689,"Dοpi",R,3,90,-4.364,-0.602,-0.015,1.911,-37.143,4,0,-374.42,194.379,-22.361,-1.43,-17.138,1,8,1,R,"HalF_HearteD",190,80,0.503,0,34,0,0,0,0,0,0,0,0,0,0,0,0,0,0,0,0,-0.105,-37.526,0,"-라후이-",-0.748,-17.41,0,"siesta_aves",-19.169,-43.217,0,"즉석카레",-15.281,-62.884,0,"Chunsik03",19.773,-47.296,0,"muyang_",9.148,-60.903,0,"Roscosmos",38.754,-97.423,0,"ByeolBam",-1.691,-111.237,0,"_앰프_",-46.003,-88.772,0,0,0,0,0,0,"",0,0,0,0,0,0,0,0,0,0
96,4,0,4,1,0,1,2,1,1,0,17,12,255,42,4483.046,"Dοpi",R,10,97,0.251,-1.67,0.128,1.916,-37.121,2,0,0,400,-3.359,0,0,1,8,1,R,"HalF_HearteD",190,80,0.503,3,34,4484.154,151,18,56,90,87,65,133,31,-50.536,56.603,0.92,-0.039,-0.133,0.024,0,-0.308,-37.258,0,"-라후이-",-0.115,-17.249,0,"siesta_aves",-17.765,-45.089,0,"즉석카레",-14.567,-62.687,0,"Chunsik03",20.177,-46.705,0,"muyang_",8.349,-60.782,0,"Roscosmos",43.153,-93.561,0,"ByeolBam",-0.126,-110.695,0,"_앰프_",-46.081,-88.942,0,4480.714,-0.194,-19.905,4485.331,2,"siesta_aves",-16.922,-29.451,0,0,0,0,0,0,0,2
97,4,0,4,1,0,2,2,1,1,0,17,12,255,43,4531.911,"Dοpi",R,3,95,0.997,-0.508,0.361,1.762,-37.144,2,0,-425.099,0,-26.059,0,0,0,8,1,R,"HalF_HearteD",190,80,0.503,3,34,4533.127,215,15,98,86,84,144,150,30,26.476,22.483,1,-0.018,-0.103,0.06,0,0.139,-37.128,0,"-라후이-",0.127,-16.947,0,"siesta_aves",-18.094,-45.941,0,"즉석카레",-15.425,-63.021,0,"Chunsik03",21.202,-47.615,0,"muyang_",11.815,-61.707,0,"Roscosmos",44.715,-93.555,0,"ByeolBam",1.657,-110.803,0,"_앰프_",-45.691,-87.662,0,4531.38,-4.551,-30.3,4532.097,0,"Dοpi",-5.442,-31.614,0,0,0,0,0,0,0,2
98,5,1,4,1,0,0,0,0,0,0,255,255,255,2,4590.951,"하루（Haru）",R,26,140,1.053,0.221,0.075,1.825,-36.345,0,0,81.839,-171.121,11.424,0,0,0,3,7,R,"ByeolBam",174.5,89.728,0.499,0,34,0,0,0,0,0,0,0,0,0,0,0,0,0,0,0,0,-0.403,-37.427,0,"HalF_HearteD",0.099,-16.813,0,"WhiteMountain",-22.808,-49.343,0,"장덕춘_",-13.521,-64.42,0,"TaeGeuk_",20.511,-51.801,0,"Pugeuk",13.753,-63.203,0,"Apple_Sherbet",38.497,-91.574,0,"Oort__Cloud",-4.666,-108.405,0,"卯月満開",-41.614,-89.562,0,0,0,0,0,0,"",0,0,0,0,0,0,0,0,0,0
99,5,1,4,1,0,1,0,0,0,0,255,255,255,3,4609.369,"하루（Haru）",R,3,111,-1.285,-0.513,0.065,1.752,-36.549,2,0,-470.078,0,14.774,0,0,1,3,7,R,"ByeolBam",174.5,89.728,0.499,3,34,4610.356,136,17,78,75,46,90,140,112,19.052,32.161,0.77,-0.096,-0.164,0.049,0,-0.223,-36.97,0,"HalF_HearteD",-0.073,-16.881,0,"WhiteMountain",-22.843,-49.329,0,"장덕춘_",-13.435,-64.164,0,"TaeGeuk_",18.544,-51.634,0,"Pugeuk",10.155,-65.508,0,"Apple_Sherbet",38.483,-91.834,0,"Oort__Cloud",-4.66,-108.409,0,"卯月満開",-41.566,-89.522,0,4611.897,-54.107,-102.826,4614.847,8,"卯月満開",-45.179,-90.736,1,0,0,0,0,0,0,2
100,5,1,4,1,0,0,0,0,1,0,255,7,255,4,4648.26,"하루（Haru）",R,27,133,2.456,1.197,0.197,2.029,-36.567,2,0,100.153,-125.652,7.263,0,0,1,4,2,R,"siesta_aves",190,95,0.345,3,33,4649.38,108,10,65,43,30,63,127,100,108.646,-65.848,0.06,0.136,0.019,0,0,-0.258,-37.022,0,"HalF_HearteD",-0.083,-16.88,0,"WhiteMountain",-21.889,-48.916,0,"장덕춘_",-13.313,-64.789,0,"TaeGeuk_",18.339,-50.418,0,"Pugeuk",12.6,-63.244,0,"Apple_Sherbet",37.144,-87.16,0,"Oort__Cloud",-4.237,-112.968,0,"卯月満開",-42.994,-88.5,0,0,0,0,0,0,"",0,0,0,0,0,0,0,0,0,3
101,5,1,4,1,0,1,0,0,1,0,255,7,255,5,4668.565,"하루（Haru）",R,27,140,0.272,0.223,-0.004,1.847,-36.299,0,0,106.291,-115.243,11.295,0,0,1,4,2,R,"siesta_aves",190,95,0.345,0,33,0,0,0,0,0,0,0,0,0,0,0,0,0,0,0,0,-0.346,-37.473,0,"HalF_HearteD",-0.166,-16.442,0,"WhiteMountain",-21.819,-48.245,0,"장덕춘_",-13.407,-64.711,0,"TaeGeuk_",16.608,-49.04,0,"Pugeuk",10.962,-63.989,0,"Apple_Sherbet",36.995,-89.057,0,"Oort__Cloud",-4.615,-109.916,0,"卯月満開",-44.044,-92.138,0,0,0,0,0,0,"",0,0,0,0,0,0,0,0,0,0
102,5,1,4,1,0,2,0,0,1,0,255,7,255,6,4686.357,"하루（Haru）",R,10,90,-2.489,-1.967,-0.093,1.73,-36.783,4,0,0,324.566,-5.85,-0.483,-19.419,1,4,2,R,"siesta_aves",190,95,0.345,0,33,0,0,0,0,0,0,0,0,0,0,0,0,0,0,0,0,-0.084,-37.383,0,"HalF_HearteD",-0.421,-16.379,0,"WhiteMountain",-21.817,-48.24,0,"장덕춘_",-13.476,-64.715,0,"TaeGeuk_",20.627,-46.643,0,"Pugeuk",9.492,-63.034,0,"Apple_Sherbet",37.495,-88.803,0,"Oort__Cloud",-4.596,-109.905,0,"卯月満開",-44.242,-91.397,0,0,0,0,0,0,"",0,0,0,0,0,0,0,0,0,0
103,5,1,4,1,0,0,1,0,0,1,255,255,7,7,4745.946,"하루（Haru）",R,26,140,-0.957,-0.414,-0.125,1.713,-36.277,0,0,129.868,-159.846,13.323,0,0,0,5,4,R,"Chunsik03",190,90.113,0.297,0,56,0,0,0,0,0,0,0,0,0,0,0,0,0,0,0,0,0.144,-37.08,0,"HalF_HearteD",-0.041,-16.203,0,"WhiteMountain",-22.267,-48.804,0,"장덕춘_",-13.389,-64.693,0,"TaeGeuk_",19.415,-40.354,0,"Pugeuk",12.323,-64.221,0,"Apple_Sherbet",37.237,-88.919,0,"Oort__Cloud",-4.368,-111.375,0,"卯月満開",-46.211,-91.551,0,0,0,0,0,0,"",0,0,0,0,0,0,0,0,0,0
104,5,1,4,1,0,1,1,0,0,1,255,255,7,8,4765.646,"하루（Haru）",R,0,99,0.018,-0.962,0.002,1.655,-36.627,1,0,-0.039,0,4.01,0,0,0,5,4,R,"Chunsik03",190,90.113,0.297,0,56,0,0,0,0,0,0,0,0,0,0,0,0,0,0,0,0,-0.379,-36.959,0,"HalF_HearteD",-0.308,-16.309,0,"WhiteMountain",-22.305,-48.787,0,"장덕춘_",-13.418,-64.675,0,"TaeGeuk_",19.185,-39.842,0,"Pugeuk",12.349,-64.171,0,"Apple_Sherbet",37.124,-88.694,0,"Oort__Cloud",-4.359,-111.319,0,"卯月満開",-45.651,-91.616,0,0,0,0,0,0,"",0,0,0,0,0,0,0,0,0,0
105,5,1,4,1,1,1,1,0,0,1,255,255,7,9,4783.375,"하루（Haru）",R,27,140,-1.943,-0.258,-0.202,1.748,-36.248,2,0,79.505,-141.728,11.246,0,0,1,5,4,R,"Chunsik03",190,90.113,0.297,2,56,4784.465,158,15,79,48,17,93,139,102,27.665,24.276,-0.06,-0.034,-0.081,0.117,0,-0.254,-37.013,0,"HalF_HearteD",-0.064,-16.121,0,"WhiteMountain",-22.291,-48.779,0,"장덕춘_",-13.347,-64.698,0,"TaeGeuk_",19.152,-47.465,0,"Pugeuk",12.424,-63.598,0,"Apple_Sherbet",37.115,-88.831,0,"Oort__Cloud",-4.114,-111.131,0,"卯月満開",-45.582,-91.516,0,4785.947,-43.22,-95.594,4786.031,8,"卯月満開",-41.857,-93.341,0,8,0,0,0,0,0,1
106,5,0,4,1,0,0,0,0,0,0,255,255,255,44,4899.178,"Dοpi",R,13,98,-3.043,-1.039,-0.041,1.857,-36.955,1,0,-347.842,312.348,-25.729,-0.823,-17.619,0,0,6,R,"Apple_Sherbet",176.9,86.926,0.299,0,33,0,0,0,0,0,0,0,0,0,0,0,0,0,0,0,0,-0.084,-37.256,0,"-라후이-",-0.401,-17.241,0,"siesta_aves",-20.036,-46.302,0,"즉석카레",-15.891,-62.882,0,"Chunsik03",24.436,-51.406,0,"muyang_",11.367,-63.202,0,"Roscosmos",43.841,-92.605,0,"ByeolBam",-0.062,-110.712,0,"_앰프_",-45.19,-92.6,0,0,0,0,0,0,"",0,0,0,0,0,0,0,0,0,0
107,5,0,4,1,1,0,0,0,0,0,255,255,255,45,4914.762,"Dοpi",R,10,112,-0.294,-2.703,0.145,1.798,-36.839,1,0,-0.858,400,-4.368,-0.038,-21.747,0,0,6,R,"Apple_Sherbet",176.9,86.926,0.299,0,33,0,0,0,0,0,0,0,0,0,0,0,0,0,0,0,0,-0.132,-37.398,0,"-라후이-",0.087,-17.212,0,"siesta_aves",-19.687,-47.678,0,"즉석카레",-15.497,-63.456,0,"Chunsik03",24.611,-51.106,0,"muyang_",12.605,-62.583,0,"Roscosmos",45.298,-94,0,"ByeolBam",-0.255,-110.424,0,"_앰프_",-43.706,-92.762,0,0,0,0,0,0,"",0,0,0,0,0,0,0,0,0,0
108,5,0,4,1,2,0,0,0,0,0,255,255,255,46,4929.209,"Dοpi",R,4,120,1.548,-0.443,0.334,1.871,-36.889,1,0,-152.991,3.727,-3.398,0,0,0,0,6,R,"Apple_Sherbet",176.9,86.926,0.299,0,33,0,0,0,0,0,0,0,0,0,0,0,0,0,0,0,0,0.068,-37.214,0,"-라후이-",0.009,-17.022,0,"siesta_aves",-19.708,-47.683,0,"즉석카레",-15.355,-63.373,0,"Chunsik03",24.658,-51.117,0,"muyang_",14.437,-63.673,0,"Roscosmos",45.283,-94.008,0,"ByeolBam",-0.257,-110.456,0,"_앰프_",-43.683,-92.748,0,0,0,0,0,0,"",0,0,0,0,0,0,0,0,0,0
109,5,0,4,1,3,0,0,0,0,0,255,255,255,47,4946.224,"Dοpi",R,13,95,-1.492,-0.705,0.071,1.898,-37.005,2,0,-335.446,314.86,-22.835,0,0,1,0,6,R,"Apple_Sherbet",176.9,86.926,0.299,3,33,4947.316,255,16,169,84,44,206,150,107,24.835,-21.435,0.92,-0.03,-0.041,0.111,0,-0.155,-37.336,0,"-라후이-",-0.336,-17.131,0,"siesta_aves",-19.716,-47.67,0,"즉석카레",-15.548,-63.48,0,"Chunsik03",24.054,-50.508,0,"muyang_",13.333,-64.56,0,"Roscosmos",45.347,-93.987,0,"ByeolBam",-0.719,-110.348,0,"_앰프_",-43.648,-92.783,0,4947.914,25.688,-105.337,4951.397,7,"ByeolBam",25.014,-123.765,1,0,0,0,0,0,0,2
110,5,0,4,1,0,0,0,0,1,0,255,15,255,48,4984.954,"Dοpi",R,0,119,1.711,-0.485,0.288,1.897,-36.974,1,0,-0.227,5.397,0,0,0,0,1,0,R,"하루（Haru）",190,85,0.55,0,33,0,0,0,0,0,0,0,0,0,0,0,0,0,0,0,0,-0.084,-37.161,0,"-라후이-",0.166,-17.07,0,"siesta_aves",-20.519,-45.957,0,"즉석카레",-15.814,-63.012,0,"Chunsik03",19.895,-43.49,0,"muyang_",7.174,-62.01,0,"Roscosmos",40.836,-95.589,0,"ByeolBam",0.874,-113.39,0,"_앰프_",-42.727,-90.174,0,0,0,0,0,0,"",0,0,0,0,0,0,0,0,0,0
111,5,0,4,1,1,0,0,0,1,0,255,15,255,49,5001.735,"Dοpi",R,3,98,-2.987,-0.577,0,1.821,-36.861,4,0,-342.918,167.903,0,0,0,1,1,0,R,"하루（Haru）",190,85,0.55,0,33,0,0,0,0,0,0,0,0,0,0,0,0,0,0,0,0,-0.125,-37.333,0,"-라후이-",-0.627,-17.228,0,"siesta_aves",-21.114,-48.086,0,"즉석카레",-15.225,-63.389,0,"Chunsik03",19.24,-41.729,0,"muyang_",8.061,-62.492,0,"Roscosmos",40.836,-99.235,0,"ByeolBam",0.402,-112.691,0,"_앰프_",-43.602,-91.099,0,0,0,0,0,0,"",0,0,0,0,0,0,0,0,0,0
112,5,0,4,1,1,1,0,0,1,0,255,15,255,50,5023.407,"Dοpi",R,10,119,-1.857,-1.218,-0.008,1.93,-36.809,2,0,0,260.658,0,0,0,1,1,0,R,"하루（Haru）",190,85,0.55,2,33,5024.452,255,21,186,82,33,255,150,126,-0.834,36.987,0.77,-0.032,-0.005,0.155,0,-0.527,-37.111,0,"-라후이-",-0.121,-17.216,0,"siesta_aves",-21.075,-48.422,0,"즉석카레",-15.18,-63.295,0,"Chunsik03",21.372,-47.311,0,"muyang_",10.105,-62.493,0,"Roscosmos",41.808,-100.318,0,"ByeolBam",0.553,-111.936,0,"_앰프_",-43.618,-91.111,0,5021.097,-8.365,-30.63,5022.114,2,"siesta_aves",-20.66,-45.019,0,0,0,0,0,0,0,2
113,5,0,4,1,0,0,1,0,0,1,255,255,15,51,5092.46,"Dοpi",R,3,90,-1.204,-0.32,0.105,1.89,-37.233,0,0,-314.784,0,-18.478,0,0,0,2,5,R,"Pugeuk",160,85.884,0.349,0,70,0,0,0,0,0,0,0,0,0,0,0,0,0,0,0,0,0.062,-37.692,0,"-라후이-",0.208,-17.591,0,"siesta_aves",-20.56,-47.929,0,"즉석카레",-15.724,-62.749,0,"Chunsik03",19.871,-40.482,0,"muyang_",10.487,-64.812,0,"Roscosmos",36.823,-95.948,0,"ByeolBam",-0.174,-109.163,0,"_앰프_",-47.956,-92.459,0,0,0,0,0,0,"",0,0,0,0,0,0,0,0,0,0
114,5,0,4,1,0,1,1,0,0,1,255,255,15,52,5112.657,"Dοpi",R,10,98,-0.008,-2.97,0.186,1.86,-36.994,4,0,0,400,0.112,0.001,-20.661,1,2,5,R,"Pugeuk",160,85.884,0.349,0,70,0,0,0,0,0,0,0,0,0,0,0,0,0,0,0,0,0.056,-37.462,0,"-라후이-",0.202,-17.657,0,"siesta_aves",-20.499,-47.469,0,"즉석카레",-15.524,-62.824,0,"Chunsik03",19.268,-39.933,0,"muyang_",11.521,-62.136,0,"Roscosmos",41.528,-94.027,0,"ByeolBam",0.233,-107.573,0,"_앰프_",-44.032,-91.936,0,0,0,0,0,0,"",0,0,0,0,0,0,0,0,0,0
115,5,0,4,1,0,2,1,0,0,1,255,255,15,53,5130.58,"Dοpi",R,27,131,0.13,0.533,0.107,2.018,-36.796,2,0,96.59,-134.46,4.667,0,0,1,2,5,R,"Pugeuk",160,85.884,0.349,3,70,5131.635,197,9,73,38,20,72,138,119,25.947,18.649,0.51,-0.036,-0.062,0.259,0,-0.192,-36.938,0,"-라후이-",-0.006,-16.831,0,"siesta_aves",-20.419,-49.389,0,"즉석카레",-15.441,-63.058,0,"Chunsik03",18.263,-43.765,0,"muyang_",12.804,-64.691,0,"Roscosmos",42.057,-91.024,0,"ByeolBam",-0.499,-107.42,0,"_앰프_",-44.982,-91.776,0,5133.13,-53.352,-113.707,0,0,"",0,0,0,0,0,0,0,0,0,4
116,5,0,4,3,0,0,1,0,0,0,255,255,255,0,5267.503,"Roscosmos",L,36,136,1.029,0.577,-0.35,1.372,-36.4,2,0,-108.391,121.313,-4.79,0,0,1,3,4,R,"TaeGeuk_",177.3,84.57,0.375,3,57,5268.33,123,14,69,46,11,114,133,87,19.047,6.08,-0.39,0.033,0.012,0.076,0,-0.325,-37.315,0,"-라후이-",0.233,-16.752,0,"siesta_aves",-19.654,-49.445,0,"즉석카레",-14.604,-63.634,0,"Chunsik03",22.277,-49.176,0,"muyang_",13.473,-64.243,0,"Penguin_iDOL",42.489,-98.948,0,"ByeolBam",-0.057,-114.61,0,"_앰프_",-46.086,-93.093,0,5268.164,-7.425,-82.228,5269.847,7,"ByeolBam",-9.478,-98.233,1,0,0,0,0,0,0,2
117,5,0,4,3,0,0,1,1,0,0,13,255,255,1,5310.811,"Roscosmos",L,32,127,0.398,0.819,-0.489,1.411,-36.747,0,0,-153.369,37.651,-24.485,0,0,0,4,2,R,"WhiteMountain",190,107,0.404,0,33,0,0,0,0,0,0,0,0,0,0,0,0,0,0,0,0,-0.587,-37.697,0,"-라후이-",0.196,-16.756,0,"siesta_aves",-19.664,-43.774,0,"즉석카레",-14.124,-64.275,0,"Chunsik03",21.995,-47.579,0,"muyang_",8.476,-62.89,0,"Penguin_iDOL",41.419,-99.408,0,"ByeolBam",0.149,-110.464,0,"_앰프_",-44.646,-86.613,0,0,0,0,0,0,"",0,0,0,0,0,0,0,0,0,0
118,5,0,4,3,0,1,1,1,0,0,13,255,255,2,5332.595,"Roscosmos",L,32,140,-1.883,1.126,-0.686,1.461,-36.769,2,0,-250,9.468,-50.528,0,0,1,4,2,R,"WhiteMountain",190,107,0.404,2,33,5333.544,58,12,96,43,0,98,90,67,34.166,32.035,0.96,-0.023,0.01,0.129,0,-0.463,-37.48,0,"-라후이-",-0.198,-16.819,0,"siesta_aves",-19.523,-43.361,0,"즉석카레",-14.181,-64.265,0,"Chunsik03",20.862,-46.276,0,"muyang_",11.149,-62.413,0,"Penguin_iDOL",41.374,-99.449,0,"ByeolBam",0.18,-110.717,0,"_앰프_",-46.299,-89.294,0,0,0,0,5334.031,3,"즉석카레",-26.231,-57.973,0,0,0,0,0,0,0,1
119,6,1,4,3,0,0,0,0,0,0,255,255,255,10,5402.374,"하루（Haru）",R,32,140,-1.811,-1.626,-0.21,1.542,-36.243,2,0,151.93,-148.026,15.822,0,0,1,6,3,R,"즉석카레",169.8,96.566,0.397,2,33,5403.217,173,17,116,66,35,249,150,114,-30,-23.382,0.16,-0.095,-0.063,0.042,0,-0.485,-36.959,0,"HalF_HearteD",-0.064,-16.68,0,"WhiteMountain",-21.474,-47.77,0,"장덕춘_",-13.833,-64.105,0,"TaeGeuk_",20.211,-49.508,0,"Pugeuk",13.242,-63.848,0,"Apple_Sherbet",38.8,-86.049,0,"Oort__Cloud",-3.078,-102.733,0,"卯月満開",-37.609,-84.552,0,5399.547,-0.09,-20.624,5402.897,6,"Apple_Sherbet",26.758,-81.838,1,0,0,0,0,0,0,2
120,6,1,4,3,0,0,0,1,0,0,3,255,255,11,5440.037,"하루（Haru）",R,10,94,0.559,-0.947,0.02,1.875,-36.877,2,0,0,400,-10.87,0,0,1,7,6,R,"Penguin_iDOL",180.3,80,0.395,3,67,5441.352,197,22,159,68,74,185,150,115,-19.722,13.282,0.9,-0.029,-0.032,0.069,0,-0.221,-36.884,0,"HalF_HearteD",-0.103,-16.686,0,"WhiteMountain",-21.214,-47.181,0,"장덕춘_",-13.22,-64.128,0,"TaeGeuk_",19.39,-50.196,0,"Pugeuk",14.394,-63.667,0,"Apple_Sherbet",37.82,-88.07,0,"Oort__Cloud",-4.897,-105.722,0,"卯月満開",-40.609,-88.8,0,5437.647,-0.332,-22.838,5439.464,3,"장덕춘_",-9.224,-60.424,0,0,0,0,0,0,0,2
121,6,1,4,3,0,0,2,0,0,0,255,255,255,12,5479.088,"하루（Haru）",R,26,140,-1.233,-0.776,-0.14,1.669,-36.241,2,0,93.001,-162.782,15.476,0,0,1,8,8,R,"_앰프_",170.6,89.947,0.4,3,33,5480.017,149,16,97,68,33,100,145,98,-1.924,24.801,-0.04,-0.058,-0.045,0.027,0,-0.138,-36.766,0,"HalF_HearteD",-0.024,-16.322,0,"WhiteMountain",-21.678,-48.049,0,"장덕춘_",-13.705,-64.433,0,"TaeGeuk_",20.488,-50.987,0,"Pugeuk",13.635,-63.061,0,"Apple_Sherbet",36.607,-85.565,0,"Oort__Cloud",-4.344,-102.065,0,"卯月満開",-36.396,-82.89,0,5476.714,-4.345,-28.008,5478.73,3,"장덕춘_",-20.938,-60.905,0,0,0,0,0,0,0,2
122,6,0,4,3,0,0,0,0,0,0,255,255,255,3,5544.569,"Roscosmos",L,33,130,-0.524,1.143,-0.58,1.435,-36.614,0,0,-144.873,127.263,-10.338,0,0,0,5,7,R,"Oort__Cloud",160,80,0.2,0,33,0,0,0,0,0,0,0,0,0,0,0,0,0,0,0,0,-0.387,-38.072,0,"-라후이-",-0.089,-16.701,0,"siesta_aves",-18.199,-49.332,0,"즉석카레",-13.258,-64.275,0,"Chunsik03",21.038,-47.705,0,"muyang_",10.358,-65.493,0,"Penguin_iDOL",41.512,-97.299,0,"ByeolBam",0.322,-112.663,0,"_앰프_",-46.227,-89.83,0,0,0,0,0,0,"",0,0,0,0,0,0,0,0,0,0
123,6,0,4,3,0,1,0,0,0,0,255,255,255,4,5562.883,"Roscosmos",L,2,115,0.888,1.514,-0.643,1.353,-36.622,2,0,405.228,-292.9,-15.063,0,0,1,5,7,R,"Oort__Cloud",160,80,0.2,2,33,5564.044,222,19,72,51,36,139,139,61,26.114,9.279,1,-0.088,-0.029,0.032,0,-0.751,-37.594,0,"-라후이-",0.28,-17.001,0,"siesta_aves",-18.162,-49.357,0,"즉석카레",-13.417,-64.085,0,"Chunsik03",21.604,-47.85,0,"muyang_",12.899,-64.265,0,"Penguin_iDOL",42.545,-97.515,0,"ByeolBam",0.238,-112.543,0,"_앰프_",-46.166,-89.553,0,0,0,0,5563.831,3,"즉석카레",-6.327,-59.073,0,0,0,0,0,0,0,1
124,6,0,4,3,0,0,1,0,0,0,255,255,255,5,5597.133,"Roscosmos",L,3,114,2.878,0.089,-0.492,1.251,-36.641,2,0,500,0,-11.338,0,0,1,6,3,R,"장덕춘_",165.1,94.644,0.248,3,33,5598.033,111,11,82,88,66,83,140,126,-30,16.409,0.52,-0.072,-0.029,0.048,0,-0.618,-37.39,0,"-라후이-",0.399,-17.237,0,"siesta_aves",-18.686,-48.602,0,"즉석카레",-13.487,-63.939,0,"Chunsik03",21.222,-47.384,0,"muyang_",14.092,-63.466,0,"Penguin_iDOL",38.497,-90.011,0,"ByeolBam",2.355,-111.326,0,"_앰프_",-44.651,-87.869,0,5594.381,0.067,-22.282,5601.081,7,"ByeolBam",-23.754,-125.287,1,0,0,0,0,0,0,2
125,6,0,4,3,0,0,1,0,1,0,255,12,255,6,5640.676,"Roscosmos",L,3,114,-1.386,0.518,-0.893,1.323,-36.734,0,0,500,0,-1.387,0,0,0,7,8,R,"卯月満開",171,84.63,0.2,0,33,0,0,0,0,0,0,0,0,0,0,0,0,0,0,0,0,-0.247,-37.907,0,"-라후이-",-0.075,-17.047,0,"siesta_aves",-20.494,-46.643,0,"즉석카레",-14.748,-63.836,0,"Chunsik03",21.459,-46.624,0,"muyang_",6.459,-62.652,0,"Penguin_iDOL",42.414,-93.092,0,"ByeolBam",-1.272,-111.595,0,"_앰프_",-43.071,-89.138,0,0,0,0,0,0,"",0,0,0,0,0,0,0,0,0,0
126,6,0,4,3,0,1,1,0,1,0,255,12,255,7,5661.072,"Roscosmos",L,33,125,-0.796,3.039,-0.606,1.692,-36.738,1,0,-130.469,-71.901,-3.225,0,0,0,7,8,R,"卯月満開",171,84.63,0.2,0,33,0,0,0,0,0,0,0,0,0,0,0,0,0,0,0,0,-0.294,-37.754,0,"-라후이-",-0.182,-16.878,0,"siesta_aves",-21.198,-47.77,0,"즉석카레",-14.366,-64.035,0,"Chunsik03",20.328,-43.83,0,"muyang_",6.258,-60.618,0,"Penguin_iDOL",42.176,-93.266,0,"ByeolBam",-0.076,-111.902,0,"_앰프_",-42.734,-88.672,0,0,0,0,0,0,"",0,0,0,0,0,0,0,0,0,0
127,6,0,4,3,1,1,1,0,1,0,255,12,255,8,5681.463,"Roscosmos",L,33,129,-2.567,0.994,-0.767,1.396,-36.705,4,0,-146.83,1.703,-0.954,0,0,1,7,8,R,"卯月満開",171,84.63,0.2,0,33,0,0,0,0,0,0,0,0,0,0,0,0,0,0,0,0,-0.237,-37.8,0,"-라후이-",-0.263,-17.002,0,"siesta_aves",-21.521,-47.653,0,"즉석카레",-14.582,-63.48,0,"Chunsik03",21.238,-44.1,0,"muyang_",7.488,-62.378,0,"Penguin_iDOL",42.217,-93.182,0,"ByeolBam",0.008,-113.252,0,"_앰프_",-42.744,-88.644,0,0,0,0,0,0,"",0,0,0,0,0,0,0,0,0,0
128,6,0,4,3,1,2,1,0,1,0,255,12,255,9,5703.7,"Roscosmos",L,32,131,5.969,-0.702,-0.627,1.419,-36.597,2,0,-250,-41.11,0.966,0,0,1,7,8,R,"卯月満開",171,84.63,0.2,2,33,5704.692,161,5,60,18,11,172,105,89,26.694,43.159,0.94,-0.069,-0.047,0.016,0,-0.17,-37.508,0,"-라후이-",0.229,-16.784,0,"siesta_aves",-20.944,-49.932,0,"즉석카레",-14.54,-63.629,0,"Chunsik03",20.685,-45.508,0,"muyang_",10.779,-61.442,0,"Penguin_iDOL",42.27,-93.022,0,"ByeolBam",1.064,-114.356,0,"_앰프_",-44.911,-89.659,0,5704.847,-48.414,-69.195,5709.747,8,"_앰프_",-68.853,-88.826,1,0,0,0,0,0,0,2
129,6,0,4,4,0,0,1,0,1,0,255,17,255,10,5749.536,"Roscosmos",L,2,116,-0.627,-2.495,-0.63,1.01,-36.97,1,0,367.938,-338.559,4.179,-0.102,-20.232,0,8,1,R,"HalF_HearteD",190,80,0.503,0,33,0,0,0,0,0,0,0,0,0,0,0,0,0,0,0,0,-0.341,-37.685,0,"-라후이-",0.274,-16.931,0,"siesta_aves",-20.197,-45.499,0,"즉석카레",-13.706,-63.988,0,"Chunsik03",20.278,-44.077,0,"muyang_",7.27,-61.636,0,"Penguin_iDOL",40.069,-98.396,0,"ByeolBam",-0.192,-109.075,0,"_앰프_",-46.399,-89.588,0,0,0,0,0,0,"",0,0,0,0,0,0,0,0,0,0
130,6,0,4,4,1,0,1,0,1,0,255,17,255,11,5771.537,"Roscosmos",L,2,119,1.848,2.257,-0.459,1.559,-36.707,2,0,151.184,-376.917,-15.34,0,0,1,8,1,R,"HalF_HearteD",190,80,0.503,3,33,5772.618,149,12,74,35,3,80,135,123,-7.861,-35.018,0.25,0.074,0.036,0.144,0,-0.036,-37.25,0,"-라후이-",0.116,-16.971,0,"siesta_aves",-20.556,-50.018,0,"즉석카레",-13.725,-63.953,0,"Chunsik03",20.467,-45.192,0,"muyang_",9.908,-61.191,0,"Penguin_iDOL",40.226,-98.264,0,"ByeolBam",-0.829,-110.255,0,"_앰프_",-44.519,-90.606,0,5769.297,7.459,-28.399,5770.414,4,"Chunsik03",18.888,-45.127,0,0,0,0,0,0,0,2
131,6,0,4,4,0,0,2,0,0,1,255,255,17,12,5809.52,"Roscosmos",L,32,140,-1.489,-1.065,-0.64,1.086,-36.881,1,0,-250,77.469,-14.638,0,0,0,0,6,R,"Apple_Sherbet",176.9,86.926,0.299,0,32,0,0,0,0,0,0,0,0,0,0,0,0,0,0,0,0,-0.369,-37.474,0,"-라후이-",0.08,-17.024,0,"siesta_aves",-19.669,-46.165,0,"즉석카레",-15.038,-63.649,0,"Chunsik03",19.641,-41.239,0,"muyang_",12.397,-61.81,0,"Penguin_iDOL",45.504,-98.179,0,"ByeolBam",0.38,-109.282,0,"_앰프_",-45.805,-91.087,0,0,0,0,0,0,"",0,0,0,0,0,0,0,0,0,0
132,6,0,4,4,1,0,2,0,0,1,255,255,17,13,5828.032,"Roscosmos",L,3,115,-6.17,-1.548,-0.84,1.197,-36.971,1,0,500,0,-4.161,0,0,0,0,6,R,"Apple_Sherbet",176.9,86.926,0.299,0,32,0,0,0,0,0,0,0,0,0,0,0,0,0,0,0,0,-0.312,-37.725,0,"-라후이-",-0.349,-18.19,0,"siesta_aves",-20.774,-46.91,0,"즉석카레",-14.95,-63.577,0,"Chunsik03",19.737,-44.514,0,"muyang_",13.602,-63.187,0,"Penguin_iDOL",43.466,-95.8,0,"ByeolBam",0.133,-109.083,0,"_앰프_",-45.468,-91.716,0,0,0,0,0,0,"",0,0,0,0,0,0,0,0,0,0
133,6,0,4,4,2,0,2,0,0,1,255,255,17,14,5847.277,"Roscosmos",L,2,116,1.546,1.136,-0.576,1.329,-36.774,2,0,382.533,-321.977,-15.565,0,0,1,0,6,R,"Apple_Sherbet",176.9,86.926,0.299,3,32,5848.276,255,12,147,63,32,236,150,92,26.058,15.679,-0.48,-0.048,-0.023,0.28,0,0.192,-36.78,0,"-라후이-",0.14,-16.471,0,"siesta_aves",-21.28,-49.818,0,"즉석카레",-13.98,-64.135,0,"Chunsik03",20.528,-45.494,0,"muyang_",14.331,-63.971,0,"Penguin_iDOL",43.506,-96.021,0,"ByeolBam",-0.174,-109.589,0,"_앰프_",-45.329,-89.907,0,5849.331,-12.393,-96.612,5849.514,7,"ByeolBam",-12.079,-94.118,0,0,0,0,0,0,0,1
134,7,1,4,4,0,0,0,0,0,0,255,255,255,13,5908.399,"하루（Haru）",R,28,139,0.16,-0.015,-0.003,1.808,-36.301,0,0,62.543,-85.06,8.831,0,0,0,0,5,R,"muyang_",172.1,80,0.5,0,34,0,0,0,0,0,0,0,0,0,0,0,0,0,0,0,0,0.065,-36.794,0,"HalF_HearteD",0.017,-16.231,0,"WhiteMountain",-23.241,-50.75,0,"장덕춘_",-13.666,-64.419,0,"TaeGeuk_",18.404,-49.134,0,"Pugeuk",14.23,-63.933,0,"Apple_Sherbet",37.664,-86.858,0,"Oort__Cloud",-3.851,-104.245,0,"卯月満開",-40.217,-89.304,0,0,0,0,0,0,"",0,0,0,0,0,0,0,0,0,0
135,7,1,4,4,0,1,0,0,0,0,255,255,255,14,5926.094,"하루（Haru）",R,26,140,-1.868,-1.61,-0.201,1.537,-36.225,1,0,98.543,-155.217,11.396,-0.347,-16.603,0,0,5,R,"muyang_",172.1,80,0.5,0,34,0,0,0,0,0,0,0,0,0,0,0,0,0,0,0,0,-0.184,-37.257,0,"HalF_HearteD",0.003,-16.363,0,"WhiteMountain",-22.478,-49.506,0,"장덕춘_",-13.744,-64.371,0,"TaeGeuk_",20.801,-48.589,0,"Pugeuk",14.229,-63.884,0,"Apple_Sherbet",37.468,-87.49,0,"Oort__Cloud",-3.899,-104.235,0,"卯月満開",-40.131,-88.219,0,0,0,0,0,0,"",0,0,0,0,0,0,0,0,0,0
136,7,1,4,4,1,1,0,0,0,0,255,255,255,15,5942.802,"하루（Haru）",R,3,105,-2.923,-1.045,-0.088,1.672,-36.38,1,0,-446.573,0,14.011,-0.917,-16.133,0,0,5,R,"muyang_",172.1,80,0.5,0,34,0,0,0,0,0,0,0,0,0,0,0,0,0,0,0,0,-0.582,-36.909,0,"HalF_HearteD",0.042,-15.714,0,"WhiteMountain",-22.386,-49.359,0,"장덕춘_",-13.76,-64.36,0,"TaeGeuk_",19.851,-49.231,0,"Pugeuk",14.502,-63.81,0,"Apple_Sherbet",37.703,-87.522,0,"Oort__Cloud",-3.876,-104.251,0,"卯月満開",-40.13,-88.236,0,0,0,0,0,0,"",0,0,0,0,0,0,0,0,0,0
137,7,1,4,4,2,1,0,0,0,0,255,255,255,16,5962.789,"하루（Haru）",R,28,140,-2.923,-1.746,-0.285,1.539,-36.257,1,0,49.082,-61.973,8.816,0,0,0,0,5,R,"muyang_",172.1,80,0.5,0,34,0,0,0,0,0,0,0,0,0,0,0,0,0,0,0,0,-0.036,-37.147,0,"HalF_HearteD",-0.189,-16.652,0,"WhiteMountain",-22.23,-48.936,0,"장덕춘_",-13.472,-63.559,0,"TaeGeuk_",19.757,-48.735,0,"Pugeuk",14.238,-63.937,0,"Apple_Sherbet",37.751,-87.487,0,"Oort__Cloud",-3.851,-104.326,0,"卯月満開",-40.123,-88.222,0,0,0,0,0,0,"",0,0,0,0,0,0,0,0,0,0
138,7,1,4,4,3,1,0,0,0,0,255,255,255,17,5980.101,"하루（Haru）",R,27,140,-1.294,-0.862,-0.138,1.666,-36.255,0,0,63.809,-117.878,10.168,0,0,0,0,5,R,"muyang_",172.1,80,0.5,0,34,0,0,0,0,0,0,0,0,0,0,0,0,0,0,0,0,-0.289,-36.939,0,"HalF_HearteD",0.008,-16.651,0,"WhiteMountain",-22.134,-48.998,0,"장덕춘_",-13.806,-64.278,0,"TaeGeuk_",19.1,-47.591,0,"Pugeuk",14.347,-63.847,0,"Apple_Sherbet",37.701,-87.275,0,"Oort__Cloud",-3.856,-104.265,0,"卯月満開",-40.125,-88.233,0,0,0,0,0,0,"",0,0,0,0,0,0,0,0,0,0
139,7,1,4,4,3,2,0,0,0,0,255,255,255,18,5997.109,"하루（Haru）",R,28,135,-0.517,-0.379,-0.074,1.746,-36.283,2,0,88.183,-96.828,11.039,0,0,1,0,5,R,"muyang_",172.1,80,0.5,2,34,5998.025,86,10,67,35,35,76,120,77,30.863,19.555,-0.34,-0.026,-0.093,0.047,0,-0.229,-36.885,0,"HalF_HearteD",0.049,-16.774,0,"WhiteMountain",-22.18,-49.045,0,"장덕춘_",-13.819,-64.275,0,"TaeGeuk_",18.792,-47.519,0,"Pugeuk",14.29,-63.845,0,"Apple_Sherbet",37.79,-87.292,0,"Oort__Cloud",-3.923,-104.324,0,"卯月満開",-40.119,-88.221,0,0,0,0,5999.081,3,"장덕춘_",-22.331,-75.52,0,0,0,0,0,0,0,1
140,7,1,4,4,0,0,1,0,0,0,255,255,255,19,6035.222,"하루（Haru）",R,10,95,-0.391,-1.551,-0.036,1.726,-36.512,1,0,0,375.536,0.646,-0.077,-18.507,0,1,1,R,"-라후이-",190,84,0.35,0,32,0,0,0,0,0,0,0,0,0,0,0,0,0,0,0,0,-0.093,-37.388,0,"HalF_HearteD",0.008,-16.237,0,"WhiteMountain",-21.519,-48.108,0,"장덕춘_",-14.073,-64.134,0,"TaeGeuk_",21.511,-55.226,0,"Pugeuk",12.247,-63.668,0,"Apple_Sherbet",38.573,-90.922,0,"Oort__Cloud",-2.925,-100.281,0,"卯月満開",-41.332,-87.224,0,0,0,0,0,0,"",0,0,0,0,0,0,0,0,0,0
141,7,1,4,4,1,0,1,0,0,0,255,255,255,20,6053.207,"하루（Haru）",R,26,140,-0.78,-0.489,-0.112,1.698,-36.264,0,0,144.95,-165.119,12.076,0,0,1,1,1,R,"-라후이-",190,84,0.35,0,32,0,0,0,0,0,0,0,0,0,0,0,0,0,0,0,0,-0.19,-37.475,0,"HalF_HearteD",0.01,-16.377,0,"WhiteMountain",-21.419,-47.592,0,"장덕춘_",-13.836,-63.923,0,"TaeGeuk_",21.6,-52.869,0,"Pugeuk",12.577,-63.991,0,"Apple_Sherbet",38.619,-90.864,0,"Oort__Cloud",-3.011,-107.795,0,"卯月満開",-44.777,-95.141,0,0,0,0,0,0,"",0,0,0,0,0,0,0,0,0,0
142,7,1,4,4,1,1,1,0,0,0,255,255,255,21,6070.04,"하루（Haru）",R,27,140,-2.394,-0.516,-0.244,1.707,-36.243,2,0,77.668,-105.246,10.71,0,0,1,1,1,R,"-라후이-",190,84,0.35,3,32,6070.798,255,19,119,98,42,98,150,112,13.804,38.915,0.9,-0.032,-0.093,0.115,0,-0.389,-36.883,0,"HalF_HearteD",-0.407,-16.176,0,"WhiteMountain",-21.464,-47.597,0,"장덕춘_",-13.948,-64.255,0,"TaeGeuk_",20.162,-52.277,0,"Pugeuk",12.48,-64.001,0,"Apple_Sherbet",38.669,-91.14,0,"Oort__Cloud",-2.925,-107.866,0,"卯月満開",-45.942,-95.164,0,0,0,0,6070.397,8,"卯月満開",-43.939,-85.918,0,0,0,0,0,0,0,1
143,7,1,4,4,0,0,2,0,0,0,255,255,255,22,6184.982,"하루（Haru）",R,27,140,-1.186,-0.427,-0.143,1.713,-36.266,2,0,126.832,-146.944,19.015,0,0,1,2,9,R,"Dοpi",190,80,0.3,3,32,6186.008,151,8,84,68,54,88,141,130,27.647,20.162,0.38,-0.062,-0.057,0,0,-0.112,-36.908,0,"HalF_HearteD",-0.15,-16.502,0,"WhiteMountain",-21.756,-49.747,0,"장덕춘_",-13.556,-64.339,0,"TaeGeuk_",19.743,-49.878,0,"Pugeuk",13.135,-63.637,0,"Apple_Sherbet",40.172,-91.324,0,"Oort__Cloud",-3.343,-106.225,0,"卯月満開",-44.895,-95.54,0,6187.48,-53.885,-128.33,0,0,"",0,0,0,0,0,0,0,0,0,4
144,7,1,5,4,0,0,2,0,0,0,255,255,255,23,6334.624,"TaeGeuk_",R,0,135,0.857,-0.78,0.652,0.866,-36.722,0,0,0,0,1.506,0,0,0,3,7,R,"ByeolBam",174.5,89.728,0.499,0,80,0,0,0,0,0,0,0,0,0,0,0,0,0,0,0,0,0.377,-37.172,0,"HalF_HearteD",-0.168,-16.33,0,"WhiteMountain",-22.03,-48.947,0,"장덕춘_",-13.754,-64.257,0,"하루（Haru）",14.251,-48.922,0,"Pugeuk",11.997,-63.537,0,"Apple_Sherbet",38.164,-91.508,0,"Oort__Cloud",-4.414,-103.341,0,"卯月満開",-42.344,-90.471,0,0,0,0,0,0,"",0,0,0,0,0,0,0,0,0,0
145,7,1,5,4,0,1,2,0,0,0,255,255,255,24,6348.873,"TaeGeuk_",R,3,120,-3.057,-0.036,0.438,0.988,-36.57,4,0,-425.852,0,-2.799,0,0,1,3,7,R,"ByeolBam",174.5,89.728,0.499,0,80,0,0,0,0,0,0,0,0,0,0,0,0,0,0,0,0,-0.162,-37.459,0,"HalF_HearteD",-0.176,-16.317,0,"WhiteMountain",-22.015,-48.901,0,"장덕춘_",-13.723,-64.176,0,"하루（Haru）",18.125,-46.73,0,"Pugeuk",12.386,-64.648,0,"Apple_Sherbet",37.315,-92.722,0,"Oort__Cloud",-4.163,-109.153,0,"卯月満開",-41.983,-90.284,0,0,0,0,0,0,"",0,0,0,0,0,0,0,0,0,0
146,7,1,5,4,0,2,2,0,0,0,255,255,255,25,6366.388,"TaeGeuk_",R,3,127,-4.766,0.461,0.27,1.068,-36.51,4,0,-431.742,0,12.04,-3.288,-5.558,1,3,7,R,"ByeolBam",174.5,89.728,0.499,0,80,0,0,0,0,0,0,0,0,0,0,0,0,0,0,0,0,0.016,-37.228,0,"HalF_HearteD",-0.924,-15.433,0,"WhiteMountain",-21.993,-48.824,0,"장덕춘_",-13.734,-64.187,0,"하루（Haru）",16.668,-49.52,0,"Pugeuk",12.362,-64.765,0,"Apple_Sherbet",37.361,-92.57,0,"Oort__Cloud",-4.113,-109.071,0,"卯月満開",-41.875,-90.476,0,0,0,0,0,0,"",0,0,0,8,0,0,0,0,0,0
147,7,0,5,4,0,0,0,0,0,0,255,255,255,15,6491.434,"Roscosmos",L,32,129,1.273,0.251,0.185,1.581,-36.55,2,0,-227.902,-200,-43.539,0,0,1,1,4,R,"하루（Haru）",190,85,0.55,2,32,6492.493,190,15,122,33,0,161,150,96,-0.685,28.981,-0.52,0.018,-0.009,0.165,0,0.514,-37.083,0,"-라후이-",0.046,-16.749,0,"siesta_aves",-19.866,-49.694,0,"즉석카레",-14.27,-63.801,0,"Chunsik03",23.493,-50.356,0,"muyang_",13.95,-63.704,0,"Penguin_iDOL",43.417,-96.492,0,"ByeolBam",0.537,-113.334,0,"_앰프_",-43.91,-92.044,0,6488.931,-8.003,-33.71,6489.947,2,"siesta_aves",-15.879,-47.604,0,0,0,0,0,0,0,2
148,7,0,5,4,0,0,1,0,0,0,255,255,255,16,6523.182,"Roscosmos",L,13,119,0.827,-0.158,-0.014,1.697,-36.484,0,0,262.696,373.833,-2.308,0,0,0,2,5,R,"Pugeuk",160,85.884,0.349,0,32,0,0,0,0,0,0,0,0,0,0,0,0,0,0,0,0,-0.078,-37.678,0,"-라후이-",-0.064,-16.668,0,"siesta_aves",-19.937,-48.093,0,"즉석카레",-14.42,-62.633,0,"Chunsik03",23.023,-50.044,0,"muyang_",12.079,-63.779,0,"Penguin_iDOL",42.159,-98.904,0,"ByeolBam",-3.504,-111.369,0,"_앰프_",-45.234,-90.588,0,0,0,0,0,0,"",0,0,0,0,0,0,0,0,0,0
149,7,0,5,4,0,1,1,0,0,0,255,255,255,17,6542.772,"Roscosmos",L,0,126,0.658,1.065,0.061,1.733,-36.616,0,0,0.249,0,-0.201,0,0,0,2,5,R,"Pugeuk",160,85.884,0.349,0,32,0,0,0,0,0,0,0,0,0,0,0,0,0,0,0,0,0.223,-37.965,0,"-라후이-",-0.096,-16.98,0,"siesta_aves",-19.96,-48.065,0,"즉석카레",-14.168,-63.494,0,"Chunsik03",22.643,-49.811,0,"muyang_",15.071,-62.814,0,"Penguin_iDOL",42.44,-98.992,0,"ByeolBam",0.074,-111.92,0,"_앰프_",-45.258,-90.609,0,0,0,0,0,0,"",0,0,0,0,0,0,0,0,0,0
150,7,0,5,4,0,2,1,0,0,0,255,255,255,18,6562.284,"Roscosmos",L,0,128,0.799,-0.381,0.074,1.535,-36.432,2,0,0,0,-3.928,0,0,1,2,5,R,"Pugeuk",160,85.884,0.349,3,32,6563.313,203,17,111,64,29,147,150,89,-34.522,25.056,-0.34,-0.057,-0.101,0.347,0,0.38,-36.58,0,"-라후이-",-0.122,-17.011,0,"siesta_aves",-19.789,-48.199,0,"즉석카레",-15.332,-63.144,0,"Chunsik03",23.028,-49.502,0,"muyang_",14.767,-63.465,0,"Penguin_iDOL",42.163,-99.074,0,"ByeolBam",0.084,-112.042,0,"_앰프_",-45.46,-90.801,0,6559.097,-0.285,-20.721,6561.748,3,"즉석카레",-16.265,-55.355,0,0,0,0,0,0,0,2
151,7,0,5,4,0,0,2,0,0,0,255,255,255,19,6591.231,"Roscosmos",L,32,140,1.293,0.058,0.178,1.548,-36.338,2,0,-204.283,-200,-17.608,0,0,1,3,0,R,"TaeGeuk_",177.3,84.57,0.375,3,32,6592.058,255,22,76,70,32,55,142,110,90.969,-87.844,0.14,-0.049,-0.033,0.011,0,0.264,-36.504,0,"-라후이-",0.031,-16.712,0,"siesta_aves",-20.238,-49.455,0,"즉석카레",-14.629,-63.98,0,"Chunsik03",23.291,-49.676,0,"muyang_",12.897,-63.928,0,"Penguin_iDOL",41.647,-98.431,0,"ByeolBam",-1.813,-112.169,0,"_앰프_",-45.612,-92.758,0,0,0,0,0,0,"",0,0,0,0,0,0,0,0,0,3
152,7,0,5,4,0,1,2,0,0,0,255,255,255,20,6613.932,"Roscosmos",L,0,106,-1.763,1.502,-0.164,1.846,-36.576,2,0,0,0,0,0,0,1,3,0,R,"TaeGeuk_",177.3,84.57,0.375,3,32,6614.841,223,16,61,69,59,82,139,117,-30,-13.01,0.83,-0.072,-0.018,0,0,0.534,-35.93,0,"-라후이-",-0.306,-16.974,0,"siesta_aves",-20.315,-48.767,0,"즉석카레",-15.572,-63.408,0,"Chunsik03",22.866,-49.726,0,"muyang_",13.741,-64.195,0,"Penguin_iDOL",39.473,-96.582,0,"ByeolBam",-0.153,-111.178,0,"_앰프_",-48.968,-95.439,0,6610.697,0.255,-22.932,6612.581,5,"muyang_",8.224,-58.521,0,0,0,0,0,0,0,2
153,8,1,5,4,0,0,0,0,0,0,255,255,255,26,6662.069,"TaeGeuk_",R,3,119,-1.867,-0.644,0.515,0.87,-36.677,4,0,-323.218,0,6.246,0,0,1,4,2,R,"siesta_aves",190,95,0.345,0,32,0,0,0,0,0,0,0,0,0,0,0,0,0,0,0,0,-0.189,-37.444,0,"HalF_HearteD",-0.163,-15.795,0,"WhiteMountain",-23.004,-50.32,0,"장덕춘_",-13.552,-64.581,0,"하루（Haru）",18.046,-48.592,0,"Pugeuk",13.129,-63.33,0,"Apple_Sherbet",37.125,-77.759,0,"Oort__Cloud",-4.981,-107.434,0,"卯月満開",-42.143,-87.653,0,0,0,0,0,0,"",0,0,0,0,0,0,0,0,0,0
154,8,1,5,4,0,1,0,0,0,0,255,255,255,27,6722.816,"TaeGeuk_",R,3,119,-2.814,0.162,0.436,1.026,-36.543,4,0,-354.831,0,8.293,0,0,1,4,2,R,"siesta_aves",190,95,0.345,0,32,0,0,0,0,0,0,0,0,0,0,0,0,0,0,0,0,-0.12,-37.45,0,"HalF_HearteD",-0.258,-16.782,0,"WhiteMountain",-21.722,-48.964,0,"장덕춘_",-13.457,-64.566,0,"하루（Haru）",17.783,-44.576,0,"Pugeuk",14.425,-59.822,0,"Apple_Sherbet",39.42,-85.517,0,"Oort__Cloud",-4.673,-106.477,0,"卯月満開",-42.86,-84.126,0,0,0,0,0,0,"",0,0,0,0,0,0,0,0,0,0
155,8,1,5,4,0,2,0,0,0,0,255,255,255,28,6742.192,"TaeGeuk_",R,0,124,0.236,-2.466,0.594,0.508,-37.018,2,0,0,0,2.859,0.03,-20.011,1,4,2,R,"siesta_aves",190,95,0.345,3,32,6743.339,74,24,95,85,36,95,128,113,-30,16.579,0.9,-0.008,-0.078,0.016,0,0.447,-37.191,0,"HalF_HearteD",-0.253,-17.097,0,"WhiteMountain",-21.656,-48.891,0,"장덕춘_",-13.463,-64.559,0,"하루（Haru）",19.043,-46.6,0,"Pugeuk",15.862,-62.064,0,"Apple_Sherbet",39.049,-87.397,0,"Oort__Cloud",-4.304,-106.355,0,"卯月満開",-42.564,-84.34,0,6740.914,-13.225,-55.931,6741.581,3,"장덕춘_",-14.573,-58.851,0,0,0,0,0,0,0,2
156,8,1,5,4,0,0,1,0,0,0,255,255,255,29,6785.457,"TaeGeuk_",R,3,119,0.639,-0.791,0.754,0.841,-36.775,2,0,-329.754,0,2.366,0,0,1,5,4,R,"Chunsik03",190,90.113,0.297,2,32,6786.527,116,19,86,35,19,169,137,109,26.748,-5.015,0.94,-0.018,-0.021,0.066,0,0.582,-37.08,0,"HalF_HearteD",-0.026,-16.685,0,"WhiteMountain",-21.6,-48.43,0,"장덕춘_",-13.56,-64.119,0,"하루（Haru）",17.967,-46.11,0,"Pugeuk",16.627,-62.221,0,"Apple_Sherbet",41.021,-89.756,0,"Oort__Cloud",-4.874,-105.055,0,"卯月満開",-42.18,-83.931,0,6787.748,8.289,-116.322,6787.914,7,"Oort__Cloud",8.078,-113.788,0,0,0,0,0,0,0,1
157,8,1,5,4,0,0,2,0,0,0,255,255,255,30,6820.395,"TaeGeuk_",R,4,119,0.126,-1.241,0.647,0.802,-36.643,4,0,-171.809,0,2.54,0,0,1,6,3,R,"즉석카레",169.8,96.566,0.397,0,32,0,0,0,0,0,0,0,0,0,0,0,0,0,0,0,0,0.196,-37.219,0,"HalF_HearteD",-0.137,-16.422,0,"WhiteMountain",-21.283,-48.094,0,"장덕춘_",-13.696,-62.93,0,"하루（Haru）",16.983,-45.06,0,"Pugeuk",14.622,-63.336,0,"Apple_Sherbet",39.654,-90.128,0,"Oort__Cloud",-5.394,-109.868,0,"卯月満開",-40.564,-87.078,0,0,0,0,0,0,"",0,0,0,0,0,0,0,0,0,0
158,8,1,5,4,0,1,2,0,0,0,255,255,255,31,6834.874,"TaeGeuk_",R,3,123,-2.269,1.054,0.496,1.155,-36.529,4,0,-400.608,0,22.591,0,0,1,6,3,R,"즉석카레",169.8,96.566,0.397,0,32,0,0,0,0,0,0,0,0,0,0,0,0,0,0,0,0,-0.054,-37.595,0,"HalF_HearteD",-0.139,-16.376,0,"WhiteMountain",-21.295,-48.104,0,"장덕춘_",-13.922,-63.595,0,"하루（Haru）",17.558,-47.391,0,"Pugeuk",14.671,-63.459,0,"Apple_Sherbet",40.087,-90.481,0,"Oort__Cloud",-5.068,-106.119,0,"卯月満開",-40.586,-87.097,0,0,0,0,0,0,"",0,0,0,0,0,0,0,0,0,0
159,8,1,5,4,0,2,2,0,0,0,255,255,255,32,6850.726,"TaeGeuk_",R,0,129,0.7,0.468,0.637,1.057,-36.612,2,0,0,0,0,0,0,1,6,3,R,"즉석카레",169.8,96.566,0.397,2,32,6851.574,82,11,70,69,61,119,131,83,26.475,-26.732,0.96,-0.077,-0.114,0.025,0,0.433,-37.093,0,"HalF_HearteD",-0.196,-16.738,0,"WhiteMountain",-21.252,-48.053,0,"장덕춘_",-13.784,-63.787,0,"하루（Haru）",17.969,-47.209,0,"Pugeuk",14.642,-63.489,0,"Apple_Sherbet",38.622,-88.588,0,"Oort__Cloud",-5.041,-106.126,0,"卯月満開",-40.537,-87.064,0,6851.498,28.935,-80.36,6851.748,6,"Apple_Sherbet",27.801,-78.031,0,0,0,0,0,0,0,1
160,8,0,5,4,0,0,0,0,0,0,255,255,255,21,6921.02,"Roscosmos",L,3,130,2.159,0.154,0.097,1.618,-36.532,2,0,337.234,0,-3.07,0,0,1,4,2,R,"WhiteMountain",190,107,0.404,2,32,6922.006,130,30,187,79,28,255,150,97,89.614,86.872,-0.51,-0.057,-0.028,0.133,0,0.419,-37.14,0,"-라후이-",0.381,-17.166,0,"siesta_aves",-19.378,-47.872,0,"즉석카레",-14.468,-63.859,0,"Chunsik03",22.184,-48.445,0,"muyang_",12.862,-63.745,0,"Penguin_iDOL",41.864,-95.807,0,"ByeolBam",-0.427,-110.366,0,"_앰프_",-44.369,-89.599,0,6924.697,-20.922,-18.397,6924.881,1,"-라후이-",-20.634,-18.425,0,0,0,0,0,0,0,1
161,8,0,5,4,0,0,1,0,0,0,255,255,255,22,6975.185,"Roscosmos",L,13,122,2.765,1.093,0.097,1.9,-36.713,3,0,359.809,347.185,-6.532,-0.226,-19.67,0,5,7,R,"Oort__Cloud",160,80,0.2,0,32,0,0,0,0,0,0,0,0,0,0,0,0,0,0,0,0,0.435,-37.825,0,"-라후이-",0.038,-17.532,0,"siesta_aves",-20.958,-47.953,0,"즉석카레",-13.899,-64.276,0,"Chunsik03",21.119,-46.772,0,"muyang_",11.781,-64.78,0,"Penguin_iDOL",39.442,-89.391,0,"ByeolBam",0.275,-110.655,0,"_앰프_",-45.342,-90.76,0,0,0,0,0,0,"",0,0,0,0,0,0,0,0,0,6
162,8,0,5,4,0,0,1,1,0,0,16,255,255,23,7009.961,"Roscosmos",L,34,131,0.165,1.384,0.04,1.771,-36.579,1,0,-78.37,-67.428,-2.145,0,0,0,6,3,R,"장덕춘_",165.1,94.644,0.248,0,32,0,0,0,0,0,0,0,0,0,0,0,0,0,0,0,0,0.185,-37.486,0,"-라후이-",0.188,-17.099,0,"siesta_aves",-20.403,-41.815,0,"즉석카레",-13.736,-62.444,0,"Chunsik03",20.012,-44.921,0,"muyang_",11.44,-61.436,0,"Penguin_iDOL",40.924,-93.382,0,"ByeolBam",-0.208,-110.56,0,"_앰프_",-43.391,-92.402,0,0,0,0,0,0,"",0,0,0,0,0,0,0,0,0,0
163,8,0,5,4,1,0,1,1,0,0,16,255,255,24,7053.41,"Roscosmos",L,3,119,-1.587,1.52,-0.263,1.81,-36.909,4,0,305.231,0,1.431,0.425,-7.213,1,6,3,R,"장덕춘_",165.1,94.644,0.248,0,32,0,0,0,0,0,0,0,0,0,0,0,0,0,0,0,0,0.204,-38.261,0,"-라후이-",-0.163,-17.028,0,"siesta_aves",-20.237,-41.29,0,"즉석카레",-13.015,-63.079,0,"Chunsik03",19.78,-44.511,0,"muyang_",9.997,-64.273,0,"Penguin_iDOL",41.284,-92.638,0,"ByeolBam",0.044,-111.483,0,"_앰프_",-43.379,-92.377,0,0,0,0,0,0,"",0,0,0,0,0,0,0,0,0,0
164,8,0,5,4,1,1,1,1,0,0,16,255,255,25,7075.955,"Roscosmos",L,3,129,4.11,-1.719,0.266,1.348,-36.596,2,0,373.324,41.608,-17.826,0,0,1,6,3,R,"장덕춘_",165.1,94.644,0.248,3,32,7076.782,103,20,68,65,58,70,136,83,-32.506,-36.564,-0.48,-0.059,-0.1,0.044,0,0.341,-37.21,0,"-라후이-",-0.027,-16.901,0,"siesta_aves",-19.919,-41.114,0,"즉석카레",-12.924,-63.598,0,"Chunsik03",21.972,-47.342,0,"muyang_",12.161,-61.391,0,"Penguin_iDOL",41.662,-92.52,0,"ByeolBam",0.193,-112.069,0,"_앰프_",-43.367,-92.394,0,7072.764,1.132,-20.577,7074.564,4,"Chunsik03",17.767,-42.769,1,0,0,0,0,0,0,2
165,8,0,5,4,0,0,2,1,0,0,12,255,255,26,7117.78,"Roscosmos",L,32,133,1.356,-0.166,0.181,1.513,-36.602,0,0,-177.54,-177.295,-6.082,0.221,-17.251,0,7,8,R,"卯月満開",171,84.63,0.2,0,32,0,0,0,0,0,0,0,0,0,0,0,0,0,0,0,0,0.052,-37.581,0,"-라후이-",0.051,-17.065,0,"siesta_aves",-20.399,-42.163,0,"즉석카레",-14.78,-63.31,0,"Chunsik03",22.088,-48.025,0,"muyang_",9.262,-64.764,0,"Penguin_iDOL",42.95,-94.389,0,"ByeolBam",0.143,-111.878,0,"_앰프_",-45.253,-89.932,0,0,0,0,0,0,"",0,0,0,0,0,0,0,0,0,0
166,8,0,5,4,0,1,2,1,0,0,12,255,255,27,7138.256,"Roscosmos",L,13,123,1.926,0.835,0.107,1.804,-36.638,2,0,214.843,265.845,-5.568,0,0,1,7,8,R,"卯月満開",171,84.63,0.2,2,32,7139.197,229,9,113,31,20,255,146,98,-0.458,-15.67,-0.07,-0.087,-0.062,0.189,0,0.213,-37.437,0,"-라후이-",-0.104,-16.962,0,"siesta_aves",-19.319,-43.996,0,"즉석카레",-14.7,-63.392,0,"Chunsik03",20.744,-48.348,0,"muyang_",12.629,-63.239,0,"Penguin_iDOL",43.579,-94.482,0,"ByeolBam",0.226,-112.921,0,"_앰프_",-45.258,-89.94,0,7135.697,5.116,-37.733,7136.981,-1,"집으로_",10.764,-57.823,0,0,0,0,0,0,0,2
167,9,1,5,4,0,0,0,0,0,0,255,255,255,33,7203.768,"TaeGeuk_",R,3,114,-1.178,-0.398,0.616,0.926,-36.633,2,0,-409.297,0,4.57,0,0,1,7,6,R,"Penguin_iDOL",180.3,80,0.395,3,32,7204.951,135,31,122,103,42,127,150,114,-30,44.312,0.92,0.024,0.001,0.07,0,0.148,-36.885,0,"HalF_HearteD",-0.205,-16.699,0,"WhiteMountain",-22.411,-49.963,0,"장덕춘_",-13.177,-64.438,0,"하루（Haru）",18.091,-46.376,0,"Pugeuk",14.725,-63.284,0,"Apple_Sherbet",40.117,-89.185,0,"Oort__Cloud",-4.946,-108.439,0,"卯月満開",-45.087,-92.89,0,7200.748,-1.512,-21.512,7202.414,2,"WhiteMountain",-24.048,-44.564,0,0,0,0,0,0,0,2
168,9,1,5,4,0,0,1,0,0,0,255,255,255,34,7233.982,"TaeGeuk_",R,15,110,-0.323,0.27,0.571,0.915,-36.593,0,0,-74.543,-286.778,6.004,0,0,0,8,8,R,"_앰프_",170.6,89.947,0.4,0,32,0,0,0,0,0,0,0,0,0,0,0,0,0,0,0,0,0.033,-37.85,0,"HalF_HearteD",0.01,-16.411,0,"WhiteMountain",-21.62,-48.1,0,"장덕춘_",-13.292,-64.531,0,"하루（Haru）",15.722,-44.753,0,"Pugeuk",12.02,-62.173,0,"Apple_Sherbet",36.432,-86.051,0,"Oort__Cloud",-4.226,-101.737,0,"卯月満開",-40.495,-83.474,0,0,0,0,0,0,"",0,0,0,0,0,0,0,0,0,0
169,9,1,5,4,0,1,1,0,0,0,255,255,255,35,7248.921,"TaeGeuk_",R,0,125,0.406,-0.251,0.61,0.953,-36.69,0,0,0,0,0,0,0,0,8,8,R,"_앰프_",170.6,89.947,0.4,0,32,0,0,0,0,0,0,0,0,0,0,0,0,0,0,0,0,0.109,-37.382,0,"HalF_HearteD",-0.001,-16.441,0,"WhiteMountain",-21.585,-48.06,0,"장덕춘_",-13.217,-64.464,0,"하루（Haru）",17.781,-47.408,0,"Pugeuk",9.824,-64.228,0,"Apple_Sherbet",36.389,-86.19,0,"Oort__Cloud",-4.26,-101.798,0,"卯月満開",-40.47,-83.481,0,0,0,0,0,0,"",0,0,0,0,0,0,0,0,0,0
170,9,1,5,4,0,2,1,0,0,0,255,255,255,36,7264.123,"TaeGeuk_",R,4,115,-0.027,-0.995,0.652,0.761,-36.736,0,0,-150.687,0,2.438,0,0,0,8,8,R,"_앰프_",170.6,89.947,0.4,0,32,0,0,0,0,0,0,0,0,0,0,0,0,0,0,0,0,0.188,-37.238,0,"HalF_HearteD",-0.51,-16.128,0,"WhiteMountain",-21.599,-48.075,0,"장덕춘_",-13.355,-64.443,0,"하루（Haru）",18.015,-47.592,0,"Pugeuk",12.819,-63.88,0,"Apple_Sherbet",36.317,-86.241,0,"Oort__Cloud",-4.238,-101.83,0,"卯月満開",-40.473,-83.453,0,0,0,0,0,0,"",0,0,0,0,0,0,0,0,0,0
171,9,1,5,4,0,0,2,0,0,0,255,255,255,37,7292.331,"TaeGeuk_",R,0,126,3.032,-0.438,0.803,0.906,-36.801,3,0,-5.34,0,0.746,-0.108,-19.737,0,0,5,R,"muyang_",172.1,80,0.5,0,32,0,0,0,0,0,0,0,0,0,0,0,0,0,0,0,0,0.369,-37.437,0,"HalF_HearteD",0.068,-16.691,0,"WhiteMountain",-21.966,-49.232,0,"장덕춘_",-13.265,-64.467,0,"하루（Haru）",15.829,-48.259,0,"Pugeuk",13.044,-63.392,0,"Apple_Sherbet",38.507,-88.584,0,"Oort__Cloud",-4.259,-101.898,0,"卯月満開",-40.508,-86.663,0,0,0,0,0,0,"",0,0,0,0,0,0,0,0,0,6
172,9,1,5,4,0,0,2,1,0,0,5,255,255,38,7326.212,"TaeGeuk_",R,34,112,0.523,0.613,0.611,1.154,-36.623,2,0,56.118,-30.463,9.002,0,0,1,1,1,R,"-라후이-",190,84,0.35,3,32,7327.09,175,29,116,127,39,202,150,130,24.013,10.042,0.39,-0.02,-0.034,0.085,0,0.475,-37.07,0,"HalF_HearteD",0.049,-16.68,0,"WhiteMountain",-21.357,-47.02,0,"장덕춘_",-14.476,-63.384,0,"하루（Haru）",17.805,-47.345,0,"Pugeuk",12.606,-61.769,0,"Apple_Sherbet",39.798,-90.861,0,"Oort__Cloud",-4.391,-101.519,0,"卯月満開",-47.524,-97.151,0,7327.981,-33.756,-132.677,0,0,"",0,0,0,0,0,0,0,0,0,4
173,9,1,7,4,0,0,2,0,0,0,255,255,255,39,7371.845,"TaeGeuk_",R,0,0,0,0,0,0,0,0,0,0,0,0,0,0,0,2,9,R,"Dοpi",190,80,0.3,0,32,0,0,0,0,0,0,0,0,0,0,0,0,0,0,0,0,0,0,0,"",0,0,0,"",0,0,0,"",0,0,0,"",0,0,0,"",0,0,0,"",0,0,0,"",0,0,0,"",0,0,0,0,0,0,0,0,"",0,0,0,0,0,0,0,0,0,0
174,9,1,7,4,0,0,2,0,0,0,255,255,255,39,7433.646,"TaeGeuk_",R,3,116,-1.497,0.246,0.577,1.044,-36.456,4,0,-418.275,0,17.231,0,0,1,2,9,R,"Dοpi",190,80,0.3,0,32,0,0,0,0,0,0,0,0,0,0,0,0,0,0,0,0,0.226,-37.804,0,"HalF_HearteD",-0.046,-16.467,0,"WhiteMountain",-21.834,-48.856,0,"장덕춘_",-13.594,-64.511,0,"하루（Haru）",17.269,-47.405,0,"Pugeuk",13.458,-63.267,0,"Apple_Sherbet",39.354,-92.956,0,"Oort__Cloud",-5.312,-114.407,0,"卯月満開",-44.701,-96.721,0,0,0,0,0,0,"",0,0,0,0,0,0,0,0,0,0
175,9,1,7,4,0,1,2,0,0,0,255,255,255,40,7448.978,"TaeGeuk_",R,34,137,-0.49,-0.298,0.592,0.984,-36.564,2,0,52.543,32.478,1.757,0,0,1,2,9,R,"Dοpi",190,80,0.3,3,32,7449.924,200,13,81,66,45,83,142,94,22.158,-33.8,-0.54,-0.054,-0.05,0.025,0,0.489,-36.681,0,"HalF_HearteD",-0.099,-16.654,0,"WhiteMountain",-21.801,-48.876,0,"장덕춘_",-13.565,-64.506,0,"하루（Haru）",16.938,-47.627,0,"Pugeuk",13.555,-63.27,0,"Apple_Sherbet",39.115,-92.081,0,"Oort__Cloud",-5.325,-114.456,0,"卯月満開",-44.706,-96.719,0,7449.781,51.309,-76.336,7453.614,6,"Apple_Sherbet",67.662,-88.875,1,0,0,0,0,0,0,2
176,9,1,7,4,0,0,2,0,1,0,255,0,255,41,7501.251,"TaeGeuk_",R,5,130,-0.807,-0.029,0.514,0.988,-36.531,2,0,-54.853,0,6.605,0,0,1,3,7,R,"ByeolBam",174.5,89.728,0.499,3,80,7502.163,144,18,94,75,29,129,145,112,-8.758,2.433,0.07,-0.054,-0.108,0.146,0,0.226,-36.901,0,"HalF_HearteD",-0.298,-16.681,0,"WhiteMountain",-21.718,-48.752,0,"장덕춘_",-13.44,-64.55,0,"하루（Haru）",16.439,-44.489,0,"Pugeuk",14.027,-63.424,0,"Apple_Sherbet",36.678,-90.27,0,"Oort__Cloud",-6.48,-116.337,0,"卯月満開",-45.4,-96.793,0,7498.031,-0.326,-25.021,7501.597,7,"Oort__Cloud",-4.786,-97.478,1,0,0,0,0,0,0,2
177,9,1,7,4,0,0,2,1,0,1,7,255,0,42,7538.063,"TaeGeuk_",R,4,125,-0.189,-0.413,0.611,0.914,-36.772,0,0,-166.787,0,4.448,-0.557,-16.882,1,4,2,R,"siesta_aves",190,95,0.345,0,31,0,0,0,0,0,0,0,0,0,0,0,0,0,0,0,0,0.004,-37.311,0,"HalF_HearteD",-0.242,-16.336,0,"WhiteMountain",-20.824,-44.783,0,"장덕춘_",-12.315,-62.839,0,"하루（Haru）",16.923,-42.811,0,"Pugeuk",1.187,-61.334,0,"Apple_Sherbet",38.464,-91.815,0,"Oort__Cloud",-4.762,-108.859,0,"卯月満開",-41.559,-84.863,0,0,0,0,0,0,"",0,0,0,0,0,0,0,0,0,0
178,9,1,7,4,0,1,2,0,1,1,255,7,0,43,7557.95,"TaeGeuk_",R,5,110,-0.553,-0.696,0.524,0.849,-36.628,2,0,-116.107,0,1.495,0,0,1,4,2,R,"siesta_aves",190,95,0.345,3,31,7559.103,62,24,74,85,53,73,108,77,15.586,10.951,-0.15,0.015,-0.043,0,0,0.573,-36.855,0,"HalF_HearteD",-0.267,-16.022,0,"WhiteMountain",-21.306,-47.473,0,"장덕춘_",-14.14,-63.802,0,"하루（Haru）",16.432,-47.867,0,"Pugeuk",13.729,-63.11,0,"Apple_Sherbet",40.185,-91.493,0,"Oort__Cloud",-5.291,-108.075,0,"卯月満開",-41.855,-84.977,0,7557.364,-9.068,-62.824,7557.464,3,"장덕춘_",-8.228,-58.818,0,0,0,0,0,0,0,1
179,9,0,7,4,0,0,0,0,0,0,255,255,255,28,7634.135,"Roscosmos",L,26,132,3.12,-0.957,0.339,1.353,-36.32,1,0,-164.333,-189.412,-11.372,0,0,0,8,1,R,"HalF_HearteD",190,80,0.503,0,31,0,0,0,0,0,0,0,0,0,0,0,0,0,0,0,0,0.351,-37.469,0,"-라후이-",-0.14,-16.683,0,"siesta_aves",-20.011,-44.332,0,"즉석카레",-13.53,-64.156,0,"Chunsik03",23.447,-50.694,0,"muyang_",13.609,-61.981,0,"Penguin_iDOL",42.271,-99.502,0,"ByeolBam",0.08,-112.071,0,"_앰프_",-42.189,-95.587,0,0,0,0,0,0,"",0,0,0,0,0,0,0,0,0,0
180,9,0,7,4,1,0,0,0,0,0,255,255,255,29,7652.694,"Roscosmos",L,5,136,-1.312,1.616,-0.005,1.766,-36.558,2,0,126.593,0,0.359,0,0,1,8,1,R,"HalF_HearteD",190,80,0.503,3,31,7653.715,187,8,97,46,5,110,142,96,6.99,5.375,-0.45,0.045,0.005,0.087,0,0.226,-37.133,0,"-라후이-",0.179,-16.691,0,"siesta_aves",-19.356,-47.254,0,"즉석카레",-13.955,-64.307,0,"Chunsik03",23.589,-50.525,0,"muyang_",14.354,-63.902,0,"Penguin_iDOL",44.934,-97.262,0,"ByeolBam",0.039,-112.476,0,"_앰프_",-42.184,-95.58,0,7652.081,-9.185,-76.721,7654.197,7,"ByeolBam",-16.556,-100.012,1,0,0,0,0,0,0,2
181,9,0,7,4,0,0,0,1,0,0,10,255,255,30,7689.622,"Roscosmos",L,5,126,3.21,-1.223,0.253,1.383,-36.493,2,0,140.577,0,-3.323,0,0,0,0,6,R,"Apple_Sherbet",176.9,86.926,0.299,3,31,7690.599,182,18,122,80,44,104,150,113,-30,-44.619,0.07,-0.024,-0.074,0.181,0,0.089,-37.414,0,"-라후이-",0.222,-17.127,0,"siesta_aves",-19.087,-44.139,0,"즉석카레",-13.288,-63.922,0,"Chunsik03",21.289,-48.147,0,"muyang_",10.048,-62.797,0,"Penguin_iDOL",40.733,-96.311,0,"ByeolBam",-0.47,-110.64,0,"_앰프_",-43.823,-91.871,0,7686.348,1.405,-21.04,7692.781,6,"Penguin_iDOL",64.741,-89.246,1,0,0,0,0,0,0,2
182,9,0,7,4,0,0,0,0,1,1,255,15,10,31,7734.235,"Roscosmos",L,32,133,2.101,-0.265,0.253,1.496,-36.48,2,0,-188.933,-157.834,-18.819,0,0,1,1,4,R,"하루（Haru）",190,85,0.55,2,41,7735.277,177,14,107,28,11,255,141,94,-26.709,26.856,-0.53,0.014,-0.008,0.094,0,0.415,-36.99,0,"-라후이-",-0.025,-16.901,0,"siesta_aves",-20.272,-47.43,0,"즉석카레",-13.819,-63.83,0,"Chunsik03",20.846,-46.915,0,"muyang_",13.633,-63.013,0,"Penguin_iDOL",49.085,-94.611,0,"ByeolBam",-0.253,-112.839,0,"_앰프_",-45.69,-92.245,0,7731.064,-0.424,-21.021,7733.481,3,"즉석카레",-19.683,-58.474,1,256,0,0,0,0,0,2
183,9,0,7,4,0,0,1,1,0,1,13,255,15,32,7774.064,"Roscosmos",L,33,135,2.044,-0.618,0.24,1.406,-36.438,2,0,-131.053,-108.563,-14.756,0,0,1,2,5,R,"Pugeuk",160,85.884,0.349,3,31,7775.115,231,10,100,53,23,119,147,93,-33.478,-30.412,-0.1,-0.022,-0.065,0.322,0,0.409,-36.984,0,"-라후이-",0.219,-16.86,0,"siesta_aves",-19.557,-44.081,0,"즉석카레",-13.935,-64.083,0,"Chunsik03",18.678,-43.462,0,"muyang_",10.931,-62.376,0,"Penguin_iDOL",50.4,-93.256,0,"ByeolBam",0.034,-107.532,0,"_앰프_",-46.355,-91.106,0,7770.814,0.599,-20.409,7775.397,6,"Penguin_iDOL",34.148,-82.522,1,0,0,0,0,0,0,2
184,9,0,7,5,0,0,1,1,1,0,14,13,255,33,7849.443,"Roscosmos",L,13,122,0.048,0.324,-0.129,1.758,-36.667,0,0,379.587,325.444,-5.484,0.443,-13.092,0,3,0,R,"TaeGeuk_",177.3,84.57,0.375,0,31,0,0,0,0,0,0,0,0,0,0,0,0,0,0,0,0,0.344,-37.592,0,"-라후이-",0.09,-17.465,0,"siesta_aves",-20.107,-45.577,0,"즉석카레",-11.396,-62.106,0,"Chunsik03",21.143,-46.182,0,"muyang_",12.322,-60.573,0,"Penguin_iDOL",43.587,-90.372,0,"ByeolBam",-0.063,-104.661,0,"_앰프_",-45.794,-91.211,0,0,0,0,0,0,"",0,0,0,0,0,0,0,0,0,0
185,9,0,7,5,0,1,1,1,1,0,14,13,255,34,7871.648,"Roscosmos",L,13,109,0.525,-0.297,-0.104,1.648,-36.594,2,0,386.236,264.825,-0.469,0,0,1,3,0,R,"TaeGeuk_",177.3,84.57,0.375,3,31,7872.563,171,21,81,76,35,62,142,95,-0.779,-14.005,-0.28,-0.075,-0.054,0,0,0.461,-36.534,0,"-라후이-",-0.198,-17.145,0,"siesta_aves",-19.608,-47.414,0,"즉석카레",-11.055,-62.011,0,"Chunsik03",20.942,-46.801,0,"muyang_",11.588,-60.76,0,"Penguin_iDOL",43.817,-91.929,0,"ByeolBam",0.265,-112.281,0,"_앰프_",-45.794,-91.216,0,7868.664,2.815,-30.598,7870.098,5,"muyang_",8.946,-51.815,1,0,0,0,0,0,0,2
186,9,0,7,5,0,0,2,1,1,0,9,14,255,35,7919.939,"Roscosmos",L,13,122,2.353,-0.502,0.085,1.6,-36.573,1,0,390.434,312.348,-37.4,0,0,0,4,2,R,"WhiteMountain",190,107,0.404,0,31,0,0,0,0,0,0,0,0,0,0,0,0,0,0,0,0,0.013,-37.717,0,"-라후이-",-0.01,-16.945,0,"siesta_aves",-19.566,-44.935,0,"즉석카레",-11.635,-61.571,0,"Chunsik03",19.544,-44.776,0,"muyang_",9.473,-60.723,0,"Penguin_iDOL",48.619,-94.349,0,"ByeolBam",-0.235,-113.307,0,"_앰프_",-44.443,-89.939,0,0,0,0,0,0,"",0,0,0,0,0,0,0,0,0,0
187,9,0,7,5,1,0,2,1,1,0,9,14,255,36,7938.007,"Roscosmos",L,13,122,4.05,-0.766,0.208,1.573,-36.507,3,0,381.625,323.052,-11.821,0.203,-20.228,0,4,2,R,"WhiteMountain",190,107,0.404,0,31,0,0,0,0,0,0,0,0,0,0,0,0,0,0,0,0,-0.126,-37.601,0,"-라후이-",0.049,-17.934,0,"siesta_aves",-20.212,-46.923,0,"즉석카레",-11.819,-62.465,0,"Chunsik03",19.74,-44.205,0,"muyang_",11.436,-60.425,0,"Penguin_iDOL",48.809,-94.238,0,"ByeolBam",-0.291,-113.088,0,"_앰프_",-44.446,-89.945,0,0,0,0,0,0,"",0,0,0,0,0,0,0,0,0,6
188,9,0,7,5,0,0,2,1,1,1,11,9,14,37,7976.53,"Roscosmos",L,32,135,1.744,-1.696,0.226,1.302,-36.312,1,0,-229.71,-200,-25.555,0,0,0,5,7,R,"Oort__Cloud",160,80,0.2,0,31,0,0,0,0,0,0,0,0,0,0,0,0,0,0,0,0,0.089,-37.36,0,"-라후이-",-0.137,-17.428,0,"siesta_aves",-20.744,-44.336,0,"즉석카레",-13.369,-63.843,0,"Chunsik03",20.243,-43.76,0,"muyang_",8.742,-63.28,0,"Penguin_iDOL",48.826,-94.197,0,"ByeolBam",0.083,-108.939,0,"_앰프_",-44.44,-89.931,0,0,0,0,0,0,"",0,0,0,0,0,0,0,0,0,0
189,9,0,7,5,1,0,2,1,1,1,11,9,14,38,8034.538,"Roscosmos",L,10,131,-1.698,0.18,-0.172,1.704,-36.541,1,0,43.329,287.393,-6.3,0,0,0,5,7,R,"Oort__Cloud",160,80,0.2,0,31,0,0,0,0,0,0,0,0,0,0,0,0,0,0,0,0,0.208,-37.742,0,"-라후이-",-0.122,-17.201,0,"siesta_aves",-20.846,-47.058,0,"즉석카레",-12.061,-62.891,0,"Chunsik03",19.744,-47.059,0,"muyang_",8.186,-61.691,0,"Penguin_iDOL",44.651,-89.247,0,"ByeolBam",0.033,-110.856,0,"_앰프_",-45.769,-91.129,0,0,0,0,0,0,"",0,0,0,0,0,0,0,0,0,0
190,9,0,7,5,2,0,2,1,1,1,11,9,14,39,8053.681,"Roscosmos",L,0,117,1.62,0.003,0.154,1.583,-36.525,1,0,-9.839,-18.919,-1.25,0,0,0,5,7,R,"Oort__Cloud",160,80,0.2,0,31,0,0,0,0,0,0,0,0,0,0,0,0,0,0,0,0,0.166,-37.576,0,"-라후이-",0.03,-16.968,0,"siesta_aves",-21.136,-46.568,0,"즉석카레",-12.578,-63.557,0,"Chunsik03",19.17,-44.676,0,"muyang_",9.267,-63.296,0,"Penguin_iDOL",44.672,-89.178,0,"ByeolBam",0.102,-111.675,0,"_앰프_",-45.746,-91.136,0,0,0,0,0,0,"",0,0,0,0,0,0,0,0,0,0
191,9,0,7,5,3,0,2,1,1,1,11,9,14,40,8069.923,"Roscosmos",L,26,128,0.434,-0.557,0.074,1.468,-36.322,0,0,-113.105,-154.375,-31.515,0.229,-16.855,0,5,7,R,"Oort__Cloud",160,80,0.2,0,31,0,0,0,0,0,0,0,0,0,0,0,0,0,0,0,0,0.106,-37.543,0,"-라후이-",-0.051,-16.673,0,"siesta_aves",-21.11,-46.258,0,"즉석카레",-12.789,-63.637,0,"Chunsik03",19.35,-43.297,0,"muyang_",7.88,-61.927,0,"Penguin_iDOL",44.675,-89.152,0,"ByeolBam",-0.255,-110.947,0,"_앰프_",-45.76,-91.107,0,0,0,0,0,0,"",0,0,0,0,0,0,0,0,0,0
192,9,0,7,5,3,1,2,1,1,1,11,9,14,41,8093.589,"Roscosmos",L,27,128,1.194,-1.509,0.114,1.352,-36.483,1,0,-8.112,-100.411,-32.78,0,0,0,5,7,R,"Oort__Cloud",160,80,0.2,0,31,0,0,0,0,0,0,0,0,0,0,0,0,0,0,0,0,0.173,-37.669,0,"-라후이-",-0.132,-17,0,"siesta_aves",-20.923,-46.009,0,"즉석카레",-12.696,-63.207,0,"Chunsik03",19.442,-43.873,0,"muyang_",8.196,-62.939,0,"Penguin_iDOL",44.793,-89.099,0,"ByeolBam",-0.332,-110.431,0,"_앰프_",-45.139,-90.671,0,0,0,0,0,0,"",0,0,0,0,0,0,0,0,0,5
193,9,0,7,6,0,0,2,1,1,1,16,11,9,42,8175.156,"Roscosmos",L,27,138,-0.753,1.129,-0.044,1.718,-36.573,0,0,-88.563,-147.511,-10.938,0,0,0,6,3,R,"장덕춘_",165.1,94.644,0.248,0,31,0,0,0,0,0,0,0,0,0,0,0,0,0,0,0,0,0.178,-37.556,0,"-라후이-",-0.151,-17.373,0,"siesta_aves",-20.648,-45.827,0,"즉석카레",-13.109,-62.849,0,"Chunsik03",20.243,-45.681,0,"muyang_",13.807,-61.783,0,"Penguin_iDOL",40.892,-95.558,0,"ByeolBam",-1.29,-108.48,0,"_앰프_",-42.325,-88.254,0,0,0,0,0,0,"",0,0,0,0,0,0,0,0,0,0
194,9,0,7,6,0,1,2,1,1,1,16,11,9,43,8194.97,"Roscosmos",L,13,113,1.566,0.635,0.026,1.818,-36.65,2,0,325.501,379.538,-7.501,0,0,1,6,3,R,"장덕춘_",165.1,94.644,0.248,3,31,8195.869,60,20,91,107,76,46,115,96,26.761,-7.993,0.83,-0.078,0.009,0.038,0,0.265,-36.924,0,"-라후이-",0.164,-17.206,0,"siesta_aves",-20.73,-47.655,0,"즉석카레",-12.994,-62.768,0,"Chunsik03",20.315,-46.71,0,"muyang_",12.503,-62.997,0,"Penguin_iDOL",41.035,-95.863,0,"ByeolBam",-0.079,-109.426,0,"_앰프_",-42.263,-87.767,0,8196.48,8.449,-101.158,8196.531,7,"ByeolBam",8.245,-98.897,0,0,0,0,0,0,0,1
