id,inn,half,scoreA,scoreB,ball,strk,out,b1,b2,b3,b1Idx,b2Idx,b3Idx,pCnt,pSec,pName,pHand,pType,pPow,spdK,zoneX,zoneY,startX,startY,targetX,targetY,zDist,pitchAngle,call,balk,sH,sV,gyro,plx,plz,bSwing,bIdx,bPos,bZone,bName,bHCm,batLen,batCen,batType,bFps,hSec,rotS,rotL,shS,lgS,prepS,batSpd,ev,ldeg,sdeg,hPos,hMoveX,hMoveY,buntGrip,handDist,PPosX,PPosY,PThrSpd,CName,CPosX,CPosY,CThrSpd,1BName,1BPosX,1BPosY,1BThrSpd,2BName,2BPosX,2BPosY,2BThrSpd,3BName,3BPosX,3BPosY,3BThrSpd,SSName,SSPosX,SSPosY,SSThrSpd,LFName,LFPosX,LFPosY,LFThrSpd,CFName,CFPosX,CFPosY,CFThrSpd,RFName,RFPosX,RFPosY,RFThrSpd,ltSec,lx,lz,cSec,cPos,cPlr,cx,cz,1BSafe,tag,cpSec,sb2Sec,sb3Sec,sbhSec,ass,result
1,1,1,0,0,0,0,0,0,0,0,255,255,255,0,1541.685,"Pring__",R,3,80,108,1.606,0.311,0.523,1.527,1.28,1.788,-36.342,57.075,2,0,-383.98,0,5.085,0,0,1,0,5,R,"coder_",163.9,100.193,0.425,3,57,1542.933,4,7,36,0,0,1,32,8.999,40.768,0.65,-0.004,0.018,1,0.784,0.047,-36.616,0,"ʚEveɞ",0.116,-17.46,0,"Megu3568",-17.514,-44.104,0,"Fresh825",-10.887,-59.624,0,"인생최패망자",14.996,-44.345,0,"Yaksok~",10.59,-62.421,0,"IbikiKai_JP",46.671,-91.244,0,"Gonyong",-11.624,-114.059,0,"SOM_candy",-43.658,-84.735,0,1543.821,-4.942,-25.5,1548.738,0,"Pring__",-15.849,-41.218,1,0,,,,,8,2
2,1,1,0,0,0,0,0,1,0,0,5,255,255,1,1714.52,"Pring__",R,32,77,128,1.036,0.407,0.268,1.544,0.125,1.724,-36.403,54.466,0,0,250,-158.098,-5.344,0,0,0,1,0,R,"Slaris",190,86.36,0.452,0,73,0,0,0,0,0,0,0,0,0,0,0,0,0,0,0,-0.221,-36.802,0,"ʚEveɞ",0.093,-16.942,99,"Megu3568",-18.949,-42.162,0,"Fresh825",-15.527,-62.043,0,"인생최패망자",20.88,-55.003,0,"Yaksok~",5.32,-62.474,0,"IbikiKai_JP",53.313,-101.361,0,"Gonyong",1.537,-123.902,0,"SOM_candy",-56.203,-100.091,0,0,0,0,0,0,"",0,0,0,0,1715.821,,,,0,0
3,1,1,0,0,0,1,0,1,0,0,5,255,255,2,1732.251,"Pring__",R,3,65,95,-0.97,-0.32,0.367,1.401,0.506,1.447,-36.356,56.034,0,0,-431.818,0,-0.497,0,0,1,1,0,R,"Slaris",190,86.36,0.452,0,73,0,0,0,0,0,0,0,0,0,0,0,0,0,0,0,-0.25,-36.865,0,"ʚEveɞ",-0.064,-17.237,0,"Megu3568",-18.062,-43.424,0,"Fresh825",-15.505,-62.019,0,"인생최패망자",18.733,-53.295,0,"Yaksok~",2.138,-61.978,85,"IbikiKai_JP",59.258,-100.851,0,"Gonyong",1.536,-123.889,0,"SOM_candy",-57.107,-99.986,0,0,0,0,0,0,"",0,0,0,0,1733.738,1735.405,,,0,0
4,1,1,0,0,0,2,0,0,1,0,255,5,255,3,1756.472,"Pring__",R,32,89,140,-2.137,-0.89,-0.058,1.314,-1.202,0.898,-36.031,13.65,2,0,250,-200,45.246,0,0,1,1,0,R,"Slaris",190,86.36,0.452,3,73,1757.471,141,55,129,68,27,145,130,-30,16.685,0.45,-0.029,-0.095,0,0.179,-0.367,-36.769,0,"ʚEveɞ",-0.037,-17.154,0,"Megu3568",-18.42,-44.401,107,"Fresh825",-15.359,-63.672,99,"인생최패망자",20.021,-50.946,85,"Yaksok~",7.44,-59.225,0,"IbikiKai_JP",58.636,-101.489,0,"Gonyong",1.533,-123.908,0,"SOM_candy",-56.534,-99.794,0,1757.404,-0.74,-20.018,1759.104,3,"Fresh825",-12.284,-58.43,0,0,,,1762.079,,282,2
5,1,1,0,0,0,0,1,0,0,1,255,255,5,4,1787.748,"Pring__",R,14,72,112,-0.105,-1.187,0.082,1.422,-0.549,1.237,-35.907,19.131,1,0,364.629,342.12,-0.801,0,0,0,2,8,L,"Sabo_10",184.8,90,0.552,0,57,0,0,0,0,0,0,0,0,0,0,0,0,0,0,0,-0.242,-37.494,0,"ʚEveɞ",0.401,-17.037,0,"Megu3568",-19.511,-46,0,"Fresh825",-10.197,-66.403,0,"인생최패망자",18.164,-42.526,0,"Yaksok~",14.777,-62.62,0,"IbikiKai_JP",58.182,-103.077,0,"Gonyong",15.192,-124.313,0,"SOM_candy",-35.764,-109.941,0,0,0,0,0,0,"",0,0,0,0,1789.071,,1790.452,,0,0
6,1,1,0,0,1,0,1,0,0,1,255,255,5,5,1809.555,"Pring__",R,32,84,137,-1.069,-0.66,-0.066,1.364,-0.77,1.044,-36.005,17.302,0,0,239.613,-200,24.859,0,0,1,2,8,L,"Sabo_10",184.8,90,0.552,0,57,0,0,0,0,0,0,0,0,0,0,0,0,0,0,0,-0.198,-37.441,0,"ʚEveɞ",-0.001,-17.162,0,"Megu3568",-19.468,-45.851,0,"Fresh825",-10.162,-66.369,0,"인생최패망자",19.191,-43.023,0,"Yaksok~",14.386,-62.908,0,"IbikiKai_JP",57.432,-102.605,0,"Gonyong",15.219,-124.261,0,"SOM_candy",-34.032,-111.426,0,0,0,0,0,0,"",0,0,0,0,1810.838,,1812.16,,0,0
7,1,1,0,0,1,1,1,0,0,1,255,255,5,6,1828.156,"Pring__",R,14,76,103,1.471,-0.147,0.108,1.705,0.025,2.004,-35.996,30.807,2,0,331.025,353.585,-15.586,0,0,1,2,8,L,"Sabo_10",184.8,90,0.552,3,57,1829.266,242,72,78,136,78,145,122,33.806,-43.663,0.24,0.07,-0.129,0,0.589,-0.16,-36.409,0,"ʚEveɞ",0.35,-17.447,0,"Megu3568",-19.413,-45.816,0,"Fresh825",-10.025,-66.221,0,"인생최패망자",19.526,-44.716,0,"Yaksok~",12.774,-60.3,0,"IbikiKai_JP",56.808,-101.658,0,"Gonyong",15.191,-124.459,0,"SOM_candy",-35.992,-109.512,0,1834.521,68.591,-109.104,0,0,"",0,0,0,0,,1839.249,1831.388,1839.846,8,4
8,1,1,2,0,0,0,1,0,0,0,255,255,255,7,1869.215,"Pring__",R,33,81,133,1.836,0.939,0.136,1.681,0.635,2.086,-36.216,47.525,1,0,136.504,-133.901,1.339,0,0,0,3,4,L,"눈꽃",190,90,0.5,0,57,0,0,0,0,0,0,0,0,0,0,0,0,0,0,0,-0.241,-37.737,0,"ʚEveɞ",0.137,-17.182,0,"Megu3568",-19.524,-45.87,0,"Fresh825",-9.019,-66.788,0,"인생최패망자",22.099,-48.817,0,"Yaksok~",12.607,-64.494,0,"IbikiKai_JP",57.57,-101.599,0,"Gonyong",2.569,-121.309,0,"SOM_candy",-42.947,-87.74,0,0,0,0,0,0,"",0,0,0,0,1870.804,,,,0,0
9,1,1,2,0,1,0,1,0,0,0,255,255,255,8,1887.423,"Pring__",R,26,92,140,-2.232,-0.751,-0.214,1.374,-0.997,1.091,-36.03,12.449,2,0,169.557,-200,38.968,0,0,1,3,4,L,"눈꽃",190,90,0.5,3,57,1888.611,137,173,24,122,99,81,66,105.9,50.407,-0.31,0.02,-0.113,0,0.404,-0.159,-37.116,0,"ʚEveɞ",-0.125,-17.212,0,"Megu3568",-19.404,-45.876,0,"Fresh825",-9.888,-66.561,0,"인생최패망자",23.246,-50.007,0,"Yaksok~",12.608,-64.5,0,"IbikiKai_JP",57.516,-101.635,0,"Gonyong",1.77,-121.197,0,"SOM_candy",-45.051,-89.859,0,1893.704,21.391,-1.195,0,0,"",0,0,0,0,,,,,8,3
10,1,1,2,0,1,1,1,0,0,0,255,255,255,9,1909.407,"Pring__",R,32,72,125,3.891,1.363,0.334,1.697,1.434,2.394,-36.484,63.168,2,0,158.394,-75.686,2.522,0,0,1,3,4,L,"눈꽃",190,90,0.5,3,86,1910.66,211,103,116,105,77,145,111,22.214,-46.894,0.89,-0.004,0.009,0,0.294,-0.048,-36.867,0,"ʚEveɞ",0.13,-17.228,0,"Megu3568",-19.462,-46.078,0,"Fresh825",-9.08,-66.852,86,"인생최패망자",23.391,-50.297,0,"Yaksok~",13.686,-64.367,0,"IbikiKai_JP",61.472,-98.25,92,"Gonyong",1.143,-120.399,0,"SOM_candy",-44.909,-90.498,0,1915.121,61.543,-94.555,1917.438,6,"IbikiKai_JP",61.955,-99.857,1,0,,1920.612,,,392,2
11,1,1,2,0,0,0,1,0,1,0,255,4,255,10,1946.816,"Pring__",R,3,83,122,18.001,-2.529,0.287,1.476,1.335,1.424,-36.203,40.915,2,0,-500,0,4.564,0,0,1,4,1,L,"encounter v",190,90.209,0.497,3,57,1948.04,255,53,129,89,27,145,125,-30,-41.206,0.23,-0.007,-0.076,0,0.441,-0.451,-36.614,0,"ʚEveɞ",0.089,-17.296,0,"Megu3568",-19.471,-46.076,0,"Fresh825",-7.793,-66.734,0,"인생최패망자",21.393,-47.713,120,"Yaksok~",14.389,-63.988,0,"IbikiKai_JP",53.725,-93.018,103,"Gonyong",2.476,-127.767,0,"SOM_candy",-40.994,-85.457,0,1947.971,1.732,-20.911,1951.554,6,"IbikiKai_JP",53.365,-81.793,1,32,1956.637,,1952.318,,153,2
12,1,1,2,0,0,0,1,1,0,1,1,255,4,11,1996.39,"Pring__",R,3,81,107,-1.085,-0.467,0.083,1.402,0.257,1.339,-36.106,30.55,2,0,-486.312,0,13.252,0,0,1,5,2,R,"アリアル",190,95.446,0.5,3,57,1997.473,213,232,167,191,71,145,118,-10.345,36.884,0.84,-0.009,0.034,0.048,0.403,-0.492,-36.574,0,"ʚEveɞ",-0.17,-17.081,0,"Megu3568",-18.461,-43.735,90,"Fresh825",-13.338,-64.78,0,"인생최패망자",20.777,-54.041,89,"Yaksok~",10.039,-62.061,0,"IbikiKai_JP",39.086,-89.693,0,"Gonyong",-7.01,-111.247,0,"SOM_candy",-41.634,-79.168,0,1997.521,-2.888,-22.687,1998.671,2,"Megu3568",-16.971,-41.989,1,0,2001.071,2000.264,2002.691,,27,2
13,1,1,2,0,0,0,1,1,1,1,2,1,4,12,2028.683,"Pring__",R,13,82,108,-1.1,-0.856,-0.022,1.454,-0.07,1.423,-35.954,20.894,0,0,-382.346,313.604,41.098,0,0,1,6,7,R,"ke ro",165.4,80,0.372,0,78,0,0,0,0,0,0,0,0,0,0,0,0,0,0,0,-0.328,-37.482,0,"ʚEveɞ",-0.249,-17.124,0,"Megu3568",-19.115,-43.525,0,"Fresh825",-12.97,-56.431,0,"인생최패망자",18.403,-50.256,0,"Yaksok~",4.505,-61.441,0,"IbikiKai_JP",36.597,-92.256,0,"Gonyong",0.069,-110.683,0,"SOM_candy",-38.37,-85.099,0,0,0,0,0,0,"",0,0,0,0,2030.171,2031.276,2031.689,,0,0
14,1,1,2,0,0,1,1,1,1,1,2,1,4,13,2046.357,"Pring__",R,32,86,140,-1.271,-0.088,-0.171,1.471,-0.797,1.371,-36.054,13.129,0,0,207.294,-200,38.498,0,0,0,6,7,R,"ke ro",165.4,80,0.372,0,78,0,0,0,0,0,0,0,0,0,0,0,0,0,0,0,-0.412,-37.165,0,"ʚEveɞ",-0.127,-17.115,0,"Megu3568",-19.436,-42.261,0,"Fresh825",-13.102,-56.971,0,"인생최패망자",19.846,-49.815,0,"Yaksok~",4.42,-61.035,0,"IbikiKai_JP",36.559,-92.222,0,"Gonyong",0.02,-106.404,0,"SOM_candy",-41.684,-85.024,0,0,0,0,0,0,"",0,0,0,0,2047.654,2048.751,2049.08,,0,0
15,1,1,2,0,0,2,1,1,1,1,2,1,4,14,2066.045,"Pring__",R,13,81,107,-1.674,-0.843,-0.027,1.544,-0.083,1.645,-36.006,24.21,2,0,-358.945,337.39,39.622,0,0,1,6,7,R,"ke ro",165.4,80,0.372,3,78,2067.205,89,62,36,40,43,94,97,-30,-18.423,0.46,-0.086,-0.114,0,0.496,-0.422,-36.548,0,"ʚEveɞ",-0.36,-17.399,0,"Megu3568",-18.196,-43.442,0,"Fresh825",-13.028,-57.56,78,"인생최패망자",19.148,-50.443,0,"Yaksok~",7.973,-60.895,0,"IbikiKai_JP",36.501,-92.263,106,"Gonyong",0.01,-106.503,0,"SOM_candy",-43.31,-86.227,0,2067.154,-0.007,-21.204,2071.254,6,"IbikiKai_JP",19.426,-84.467,1,0,,2072.002,2072.07,2071.937,392,2
16,1,1,3,0,0,0,1,1,1,1,7,2,1,15,2139.898,"Pring__",R,32,85,139,-1.147,-0.454,-0.153,1.421,-0.713,1.169,-36.004,15.357,2,0,202.275,-200,18.57,0,0,1,7,3,R,"아침땅_",160,94.757,0.5,2,57,2140.891,87,37,76,77,52,127,104,105.367,-64.685,0.74,-0.014,-0.035,0,0.282,-0.349,-36.484,0,"ʚEveɞ",-0.047,-17.061,0,"Megu3568",-17.735,-42.817,0,"Fresh825",-12.598,-57.229,0,"인생최패망자",16.124,-48.148,0,"Yaksok~",7.96,-62.072,0,"IbikiKai_JP",32.832,-94.445,0,"Gonyong",-10.506,-107.974,0,"SOM_candy",-44.167,-79.146,0,0,0,0,0,0,"",0,0,0,0,,2144.402,2143.155,,8,3
17,1,1,3,0,0,1,1,1,1,1,7,2,1,16,2171.155,"Pring__",R,13,83,108,0.016,-0.987,0.212,1.499,0.657,1.53,-36.097,27.569,2,0,-383.336,312.348,47.85,0,0,1,7,3,R,"아침땅_",160,94.757,0.5,2,57,2172.231,179,102,138,136,83,145,77,-30,32.35,0.95,-0.063,-0.047,0.048,0.339,-0.255,-36.527,0,"ʚEveɞ",0.058,-17.219,0,"Megu3568",-17.87,-44.667,107,"Fresh825",-13.977,-58.343,0,"인생최패망자",17.534,-49.881,0,"Yaksok~",9.967,-62.31,0,"IbikiKai_JP",34.346,-95.733,0,"Gonyong",-15.176,-107.603,0,"SOM_candy",-46.172,-77.397,0,2172.154,-0.572,-21.435,2174.171,2,"Megu3568",-12.853,-42.059,1,0,2175.821,2176.819,2176.582,2177.757,11,2
18,1,1,3,0,0,0,2,1,1,1,3,7,2,17,2202.74,"Pring__",R,26,72,125,3.028,2.005,0.268,1.754,1.092,2.582,-36.532,60.533,1,0,163.578,-174.263,-2.598,0,0,0,8,6,R,"소솨소솨",174.9,80,0.404,0,57,0,0,0,0,0,0,0,0,0,0,0,0,0,0,0,-0.116,-36.887,0,"ʚEveɞ",0.426,-17.287,0,"Megu3568",-18.628,-43.078,0,"Fresh825",-17.006,-62.332,0,"인생최패망자",17.778,-47.797,0,"Yaksok~",5.934,-62.56,0,"IbikiKai_JP",38.351,-102.279,0,"Gonyong",1.498,-115.983,0,"SOM_candy",-51.912,-94.102,0,0,0,0,0,0,"",0,0,0,0,2204.104,,2205.828,,0,0
19,1,1,3,0,1,0,2,1,1,1,3,7,2,18,2219.608,"Pring__",R,32,79,131,1.885,1.132,0.181,1.646,0.59,2.117,-36.359,46.702,1,0,158.664,-148.353,-0.229,0,0,0,8,6,R,"소솨소솨",174.9,80,0.404,0,57,0,0,0,0,0,0,0,0,0,0,0,0,0,0,0,-0.357,-36.743,0,"ʚEveɞ",0.226,-17.297,0,"Megu3568",-18.548,-43.66,92,"Fresh825",-16.979,-62.336,0,"인생최패망자",17.362,-47.779,0,"Yaksok~",7.821,-63.664,0,"IbikiKai_JP",38.412,-102.315,0,"Gonyong",0.651,-117.036,0,"SOM_candy",-52.868,-95.918,0,0,0,0,0,0,"",0,0,0,0,2220.988,2222.204,2222.716,,0,0
20,1,1,3,0,2,0,2,1,1,1,3,7,2,19,2238.202,"Pring__",R,3,72,102,0.469,0.026,0.309,1.54,0.959,1.638,-36.218,44.646,2,0,-400.652,0,9.701,0,0,1,8,6,R,"소솨소솨",174.9,80,0.404,3,57,2239.406,252,181,104,113,77,145,128,-30,39.234,0.49,0.013,-0.085,0,0.66,-0.244,-36.494,0,"ʚEveɞ",-0.014,-17.185,0,"Megu3568",-17.674,-44.036,85,"Fresh825",-16.841,-62.882,0,"인생최패망자",17.41,-49.797,0,"Yaksok~",11.766,-65.052,0,"IbikiKai_JP",38.437,-102.341,0,"Gonyong",0.582,-117.16,0,"SOM_candy",-52.264,-95.066,97,2239.354,-1.15,-21.768,2242.621,8,"SOM_candy",-48.616,-80.452,1,0,,2243.661,2243.843,2243.507,74,2
21,1,1,4,0,0,0,2,1,1,1,6,3,7,20,2272.565,"Pring__",R,3,79,105,-1.248,-0.351,0.104,1.456,0.323,1.425,-36.188,35.204,2,0,-477.273,0,7.95,0,0,1,0,5,R,"coder_",163.9,80,0.28,3,56,2273.771,255,97,171,81,45,145,120,13.08,25.413,0.66,-0.103,-0.06,0,0.352,-0.347,-36.557,0,"ʚEveɞ",-0.124,-17.033,0,"Megu3568",-18.057,-42.489,0,"Fresh825",-16.472,-62.912,0,"인생최패망자",19.691,-51.08,0,"Yaksok~",9.43,-62.034,0,"IbikiKai_JP",38.092,-94.148,0,"Gonyong",-10.275,-114.017,0,"SOM_candy",-45.698,-86.755,92,2276.354,-35.451,-83.236,2276.671,8,"SOM_candy",-35.719,-83.662,1,0,2353.238,2279.363,2277.924,2278.591,91,2
22,1,1,5,0,0,0,2,1,1,1,5,6,255,0,2450.784,"인생최패망자",R,3,71,100,-4.352,0.314,-0.293,1.784,-0.91,1.827,-36.473,0.496,1,0,-454.546,0,37.901,0,0,0,1,0,R,"Slaris",190,86.36,0.452,0,57,0,0,0,0,0,0,0,0,0,0,0,0,0,0,0,0.06,-37.687,0,"Pring__",-0.456,-17.096,120,"Fresh825",-22.602,-46.153,0,"ʚEveɞ",-13.282,-65.121,0,"Megu3568",19.725,-42.448,0,"Yaksok~",9.5,-64.297,0,"IbikiKai_JP",55.468,-104.949,0,"Gonyong",-0.389,-119.723,0,"SOM_candy",-56.353,-96.868,0,0,0,0,0,0,"",0,0,0,0,2452.204,2453.338,2452.993,,0,0
23,1,1,5,0,1,0,2,1,1,1,5,6,255,1,2467.721,"인생최패망자",R,27,87,140,0.375,-1.206,0.03,1.425,0.14,0.749,-36.418,16.795,1,0,16.749,-125.9,7.038,0,0,0,1,0,R,"Slaris",190,86.36,0.452,0,57,0,0,0,0,0,0,0,0,0,0,0,0,0,0,0,0.1,-37.686,0,"Pring__",0.013,-17.232,0,"Fresh825",-21.937,-45.62,0,"ʚEveɞ",-13.427,-65.365,0,"Megu3568",18.78,-42.1,0,"Yaksok~",10.522,-64.788,0,"IbikiKai_JP",55.678,-104.707,0,"Gonyong",1.476,-120.36,0,"SOM_candy",-54.173,-95.068,0,0,0,0,0,0,"",0,0,0,0,2468.954,2470.199,2470.076,,0,0
24,1,1,5,0,2,0,2,1,1,1,5,6,255,2,2482.097,"인생최패망자",R,34,81,133,2.616,0.022,0.356,1.748,1.02,1.565,-36.735,46.053,2,0,73.266,-54.903,1.468,0,0,1,1,0,R,"Slaris",190,86.36,0.452,3,57,2483.043,199,103,177,117,48,145,97,46.651,-17.682,-0.48,-0.034,-0.052,0,0.282,0.338,-37.094,0,"Pring__",0.03,-17.31,0,"Fresh825",-22.55,-46.449,0,"ʚEveɞ",-13.343,-65.413,0,"Megu3568",18.01,-43,85,"Yaksok~",13.285,-63.676,0,"IbikiKai_JP",55.778,-104.711,0,"Gonyong",-0.439,-119.903,108,"SOM_candy",-53.617,-94.29,0,2488.771,16.723,-88.595,2489.904,7,"Gonyong",17.862,-93.701,1,0,,2487.237,2487.531,2487.663,22,2
25,1,1,7,0,0,0,2,1,0,1,0,255,5,3,2521.006,"인생최패망자",R,1,74,126,5.633,-0.949,0.524,1.567,2.355,1.381,-37.06,72.091,1,0,0,0,1.426,0,0,0,2,8,L,"Sabo_10",184.8,90,0.552,0,57,0,0,0,0,0,0,0,0,0,0,0,0,0,0,0,0.232,-37.619,0,"Pring__",0.384,-17.242,0,"Fresh825",-22.509,-43.726,0,"ʚEveɞ",-11.758,-66.065,0,"Megu3568",18.889,-41.566,0,"Yaksok~",14.649,-62.841,0,"IbikiKai_JP",57.138,-102.344,0,"Gonyong",16.167,-123.751,0,"SOM_candy",-30.472,-110.32,0,0,0,0,0,0,"",0,0,0,0,2522.321,,2523.169,,0,0
26,1,1,7,0,1,0,2,1,0,1,0,255,5,4,2538.1,"인생최패망자",R,3,67,111,-2.569,-1.337,-0.071,1.449,-0.329,0.803,-36.506,20.543,4,0,-447.477,0,-0.56,0,0,1,2,8,L,"Sabo_10",184.8,90,0.552,0,57,0,0,0,0,0,0,0,0,0,0,0,0,0,0,0,0.075,-37.402,0,"Pring__",-0.09,-17.177,0,"Fresh825",-21.498,-45.409,0,"ʚEveɞ",-11.524,-65.625,0,"Megu3568",19.437,-40.644,0,"Yaksok~",15.645,-62.14,0,"IbikiKai_JP",57.135,-102.366,0,"Gonyong",16.157,-123.481,0,"SOM_candy",-30.879,-110.231,0,0,0,0,0,0,"",0,0,0,0,2539.438,,2540.583,,0,0
27,1,1,7,0,1,1,2,1,0,1,0,255,5,5,2556.376,"인생최패망자",R,14,58,90,2.451,-1.846,0.123,1.46,0.381,1.112,-36.492,20.438,4,0,291.2,351.18,6.715,0.536,-18.997,1,2,8,L,"Sabo_10",184.8,90,0.552,0,57,0,0,0,0,0,0,0,0,0,0,0,0,0,0,0,0.114,-37.773,0,"Pring__",0.265,-17.032,0,"Fresh825",-21.302,-45.013,0,"ʚEveɞ",-11.098,-65.683,0,"Megu3568",19.181,-41.714,0,"Yaksok~",16.164,-62.592,0,"IbikiKai_JP",57.127,-102.31,0,"Gonyong",16.175,-123.562,0,"SOM_candy",-31.107,-109.522,0,0,0,0,0,0,"",0,0,0,0,2557.904,,2558.817,,0,0
28,1,1,7,0,1,2,2,1,0,1,0,255,5,6,2573.581,"인생최패망자",R,34,86,140,3.797,-0.622,0.326,1.561,1.517,1.179,-36.696,46.338,1,0,90.885,-56.079,-0.867,0,0,0,2,8,L,"Sabo_10",184.8,90,0.552,0,57,0,0,0,0,0,0,0,0,0,0,0,0,0,0,0,-0.022,-37.365,0,"Pring__",0.081,-17.363,0,"Fresh825",-24.015,-47.35,0,"ʚEveɞ",-10.845,-65.896,0,"Megu3568",19.132,-40.2,0,"Yaksok~",14.898,-63.196,0,"IbikiKai_JP",57.174,-102.347,0,"Gonyong",16.153,-123.764,0,"SOM_candy",-31.343,-108.061,0,0,0,0,0,0,"",0,0,0,0,2574.821,,2576.083,,0,0
29,1,1,7,0,2,2,2,1,0,1,0,255,5,7,2590.995,"인생최패망자",R,13,63,94,-2.89,-2.457,-0.175,1.259,-0.542,0.666,-36.495,27.042,2,0,-321.815,328.905,6.724,0,0,1,2,8,L,"Sabo_10",184.8,90,0.552,3,57,2592.156,0,0,0,0,0,0,35,10.06,13.127,0.45,0,0,0,0.565,-0.314,-36.957,107,"Pring__",-0.156,-17.428,0,"Fresh825",-22.931,-48.669,0,"ʚEveɞ",-10.759,-65.902,0,"Megu3568",18.327,-42.88,0,"Yaksok~",14.485,-63.539,0,"IbikiKai_JP",57.147,-102.842,0,"Gonyong",16.163,-123.77,0,"SOM_candy",-31.622,-110.808,0,2592.754,-2.16,-28.146,2593.821,0,"인생최패망자",-3.127,-33.706,0,0,2653.454,2597.935,,2596.426,274,2
30,1,0,7,0,0,0,0,0,0,0,255,255,255,0,2781.253,"Slaris",R,29,93,140,-1.548,0.873,-0.367,1.642,-0.349,1.887,-36.279,7.837,2,0,-250,-200,27.739,0,0,1,0,3,L,"ʚEveɞ",165,80,0.297,3,57,2782.174,224,115,55,33,8,134,77,19.237,-0.665,-0.77,0.005,-0.016,0,0.301,-0.496,-37.043,0,"encounter v",-0.146,-17.382,0,"アリアル",-22.531,-48.028,0,"아침땅_",-11.856,-65.132,89,"눈꽃",18.635,-43.773,0,"coder_",11.287,-63.714,0,"소솨소솨",35.732,-83.227,0,"ke ro",0.708,-96.133,0,"Sabo_10",-41.74,-86.528,0,2785.521,-3.633,-72.241,2785.688,3,"아침땅_",-3.385,-69.318,0,0,,,,,130,1
31,1,0,7,0,0,0,1,0,0,0,255,255,255,1,2807.669,"Slaris",R,6,77,116,-1.163,-0.358,-0.276,1.921,-1.176,1.384,-36.407,33.175,0,0,477.674,0,20.639,0,0,0,1,4,R,"Megu3568",175,86,0.404,0,57,0,0,0,0,0,0,0,0,0,0,0,0,0,0,0,-0.068,-37.159,0,"encounter v",-0.25,-17.336,120,"アリアル",-22.271,-47.541,0,"아침땅_",-14.533,-63.637,0,"눈꽃",18.995,-44.526,0,"coder_",8.643,-66.424,0,"소솨소솨",31.884,-86.092,0,"ke ro",-6.7,-106.626,0,"Sabo_10",-45.011,-88.746,0,0,0,0,0,0,"",0,0,0,0,2809.088,,,,0,0
32,1,0,7,0,0,1,1,0,0,0,255,255,255,2,2822.232,"Slaris",R,3,68,110,-3.802,-0.282,-0.149,1.752,-0.725,1.447,-36.546,29.721,4,0,-500,0,-1.057,0,0,1,1,4,R,"Megu3568",175,86,0.404,0,57,0,0,0,0,0,0,0,0,0,0,0,0,0,0,0,-0.345,-37.918,0,"encounter v",-0.132,-17.407,0,"アリアル",-22.277,-47.515,0,"아침땅_",-15.026,-63.102,0,"눈꽃",17.906,-44.287,0,"coder_",9.476,-66.453,0,"소솨소솨",31.762,-85.581,0,"ke ro",-6.687,-106.609,0,"Sabo_10",-41.254,-83.561,0,0,0,0,0,0,"",0,0,0,0,2823.704,,,,0,0
33,1,0,7,0,0,2,1,0,0,0,255,255,255,3,2855.228,"Slaris",R,0,81,133,-0.421,-1.156,-0.2,1.695,-0.178,0.924,-36.297,19.221,2,0,0,0,25.371,0,0,1,1,4,R,"Megu3568",175,86,0.404,3,79,2856.386,255,188,211,106,66,145,82,0.515,28.531,0.95,-0.054,-0.049,0,0.469,-0.289,-36.442,0,"encounter v",-0.221,-17.601,0,"アリアル",-22.243,-47.533,66,"아침땅_",-14.843,-63.475,0,"눈꽃",18.035,-44.153,0,"coder_",9.264,-66.408,0,"소솨소솨",33.13,-85.512,0,"ke ro",-7.127,-105.286,0,"Sabo_10",-43.115,-87.268,0,2856.654,-4.49,-26.655,2858.388,2,"アリアル",-16.855,-48.434,0,0,,,,,34,2
34,1,0,7,0,0,0,2,0,0,0,255,255,255,4,2911.365,"Slaris",R,29,86,140,-0.248,-0.339,-0.159,1.69,0.104,1.388,-36.246,19.313,0,0,-187.262,-15.559,19.855,0,0,1,2,7,R,"Gonyong",175.2,80,0.2,0,57,0,0,0,0,0,0,0,0,0,0,0,0,0,0,0,0.166,-37.038,0,"encounter v",-0.293,-17.261,0,"アリアル",-22.292,-47.853,0,"아침땅_",-15.122,-63.348,0,"눈꽃",17.803,-44.025,0,"coder_",5.979,-66.701,0,"소솨소솨",28.509,-85.104,0,"ke ro",-7.267,-104.309,0,"Sabo_10",-46.346,-90.946,0,0,0,0,0,0,"",0,0,0,0,2912.788,,,,0,0
35,1,0,7,0,0,1,2,0,0,0,255,255,255,5,2930.216,"Slaris",R,6,84,124,1.585,1.663,-0.168,1.964,-0.078,2.556,-36.465,33.594,1,0,490.724,0,17.55,0,0,0,2,7,R,"Gonyong",175.2,80,0.2,0,53,0,0,0,0,0,0,0,0,0,0,0,0,0,0,0,-0.025,-37.143,0,"encounter v",-0.101,-17.307,0,"アリアル",-22.28,-47.803,0,"아침땅_",-14.918,-63.625,0,"눈꽃",17.796,-43.967,0,"coder_",6.294,-66.168,0,"소솨소솨",30.337,-85.98,0,"ke ro",-5.754,-105.144,0,"Sabo_10",-44.11,-89.466,0,0,0,0,0,0,"",0,0,0,0,2931.588,,,,0,0
36,1,0,7,0,1,1,2,0,0,0,255,255,255,6,2946.231,"Slaris",R,33,67,122,1.475,0.682,0.201,1.931,0.437,1.961,-36.668,57.518,4,0,120.821,-21.007,10.364,0,0,1,2,7,R,"Gonyong",175.2,80,0.2,0,53,0,0,0,0,0,0,0,0,0,0,0,0,0,0,0,-0.133,-36.952,0,"encounter v",-0.048,-17.317,0,"アリアル",-22.315,-47.879,0,"아침땅_",-14.909,-63.622,0,"눈꽃",17.809,-43.876,0,"coder_",8.923,-66.915,0,"소솨소솨",31.157,-85.075,0,"ke ro",-5.834,-105.982,0,"Sabo_10",-44.202,-89.196,0,0,0,0,0,0,"",0,0,0,0,2947.671,,,,0,0
37,1,0,7,0,1,2,2,0,0,0,255,255,255,7,2964.242,"Slaris",R,0,83,136,0.671,-0.014,-0.134,1.722,0.296,1.589,-36.308,21.796,2,0,0,0,21.964,0,0,1,2,7,R,"Gonyong",175.2,80,0.2,3,53,2965.355,255,137,157,78,28,145,127,110.416,-60.516,0.59,-0.013,-0.002,0.048,0.332,-0.084,-36.586,0,"encounter v",-0.272,-17.513,0,"アリアル",-22.233,-47.802,0,"아침땅_",-15.347,-63.1,0,"눈꽃",17.783,-43.899,0,"coder_",7.976,-66.932,0,"소솨소솨",32.169,-86.159,0,"ke ro",-5.833,-105.99,0,"Sabo_10",-44.295,-88.249,0,0,0,0,0,0,"",0,0,0,0,,,,,2,3
38,1,0,7,0,1,2,2,0,0,0,255,255,255,8,2985.502,"Slaris",R,10,77,118,-0.856,-1.57,-0.265,1.553,-0.364,1.177,-36.151,17.491,1,0,-0.506,400,4.582,0,0,0,2,7,R,"Gonyong",175.2,80,0.2,0,53,0,0,0,0,0,0,0,0,0,0,0,0,0,0,0,-0.099,-37.719,0,"encounter v",-0.287,-17.917,0,"アリアル",-22.381,-47.811,0,"아침땅_",-15.744,-62.784,0,"눈꽃",18.095,-43.835,0,"coder_",8.36,-67.057,0,"소솨소솨",31.498,-86.177,0,"ke ro",-9.606,-105.832,0,"Sabo_10",-42.354,-82.73,0,0,0,0,0,0,"",0,0,0,0,2986.921,,,,0,0
39,1,0,7,0,2,2,2,0,0,0,255,255,255,9,3001.581,"Slaris",R,34,85,138,-0.085,0.69,0.096,1.98,-0.148,1.946,-36.705,61.472,0,0,75.419,-45.532,22.678,0,0,1,2,7,R,"Gonyong",175.2,80,0.2,0,53,0,0,0,0,0,0,0,0,0,0,0,0,0,0,0,-0.057,-37.972,0,"encounter v",-0.169,-17.349,0,"アリアル",-22.399,-47.773,0,"아침땅_",-14.689,-63.749,0,"눈꽃",18.093,-43.782,0,"coder_",6.666,-66.006,0,"소솨소솨",33.94,-86.583,0,"ke ro",-9.587,-105.829,0,"Sabo_10",-43.07,-92.156,0,0,0,0,0,0,"",0,0,0,0,3002.988,,,,0,0
40,2,1,7,0,0,0,0,0,0,0,255,255,255,8,3064.258,"인생최패망자",R,10,76,106,0.829,-1.311,0.115,1.56,0.357,1.342,-36.488,28.441,1,0,0,400,0,0.16,-17.621,0,3,4,L,"눈꽃",190,90,0.5,0,57,0,0,0,0,0,0,0,0,0,0,0,0,0,0,0,0.073,-38.121,0,"Pring__",0.064,-17.251,0,"Fresh825",-19.262,-49.111,0,"ʚEveɞ",-10.421,-66.297,0,"Megu3568",18.943,-45.486,0,"Yaksok~",14.865,-63.581,0,"IbikiKai_JP",59.155,-100.78,0,"Gonyong",-2.638,-110.583,0,"SOM_candy",-37.407,-80.251,0,0,0,0,0,0,"",0,0,0,0,3065.904,,,,0,0
41,2,1,7,0,1,0,0,0,0,0,255,255,255,9,3082.049,"인생최패망자",R,3,67,97,-2.816,0.448,-0.093,1.819,-0.287,1.902,-36.492,18.325,2,0,-440.909,0,0,0,0,1,3,4,L,"눈꽃",190,90,0.5,3,57,3083.299,211,121,77,118,83,145,130,95.922,-82.424,0.57,-0.037,-0.018,0,0.539,-0.298,-37.07,0,"Pring__",-0.108,-17.22,0,"Fresh825",-19.104,-48.942,0,"ʚEveɞ",-10.402,-66.19,0,"Megu3568",18.899,-45.229,0,"Yaksok~",13.866,-64.065,0,"IbikiKai_JP",59.225,-100.787,0,"Gonyong",-0.891,-110.072,0,"SOM_candy",-45.882,-87.845,0,0,0,0,0,0,"",0,0,0,0,,,,,16,3
42,2,1,7,0,1,1,0,0,0,0,255,255,255,10,3100.295,"인생최패망자",R,26,88,140,-1.484,-0.474,-0.153,1.554,-0.711,1.166,-36.378,8.366,1,0,52.741,-174.294,0,0,0,0,3,4,L,"눈꽃",190,90,0.5,0,86,0,0,0,0,0,0,0,0,0,0,0,0,0,0,0,0.105,-37.59,0,"Pring__",-0.059,-17.19,0,"Fresh825",-19.057,-49.24,0,"ʚEveɞ",-10.437,-66.156,0,"Megu3568",19.021,-45.373,0,"Yaksok~",13.785,-64.15,0,"IbikiKai_JP",60.495,-100.413,0,"Gonyong",-0.529,-109.811,0,"SOM_candy",-46.147,-88.215,0,0,0,0,0,0,"",0,0,0,0,3101.688,,,,0,0
43,2,1,7,0,2,1,0,0,0,0,255,255,255,11,3115.54,"인생최패망자",R,34,83,136,-2.237,-0.161,-0.236,1.641,-1.098,1.448,-36.417,1.089,1,0,94.598,-67.12,0,0,0,0,3,4,L,"눈꽃",190,90,0.5,0,86,0,0,0,0,0,0,0,0,0,0,0,0,0,0,0,0.191,-37.573,0,"Pring__",-0.038,-17.174,0,"Fresh825",-19.266,-49.341,0,"ʚEveɞ",-10.463,-66.187,0,"Megu3568",19.037,-45.427,0,"Yaksok~",14.335,-63.91,0,"IbikiKai_JP",59.116,-101.346,0,"Gonyong",-0.503,-109.734,0,"SOM_candy",-45.897,-87.987,0,0,0,0,0,0,"",0,0,0,0,3117.004,,,,0,0
44,2,1,7,0,3,1,0,0,0,0,255,255,255,12,3129.878,"인생최패망자",R,27,85,139,-0.776,-0.619,-0.083,1.534,-0.385,1.103,-36.397,13.867,0,0,36.789,-140.418,0,0,0,0,3,4,L,"눈꽃",190,90,0.5,0,86,0,0,0,0,0,0,0,0,0,0,0,0,0,0,0,0.05,-37.564,0,"Pring__",-0.046,-17.147,0,"Fresh825",-19.223,-49.409,0,"ʚEveɞ",-10.432,-66.142,0,"Megu3568",18.837,-45.284,0,"Yaksok~",14.61,-63.986,0,"IbikiKai_JP",59.139,-101.34,0,"Gonyong",-0.504,-109.687,0,"SOM_candy",-46.837,-87.923,0,0,0,0,0,0,"",0,0,0,0,3131.338,,,,0,0
45,2,1,7,0,3,2,0,0,0,0,255,255,255,13,3145.468,"인생최패망자",R,10,59,93,0.858,-1.124,0.119,1.667,0.37,1.574,-36.504,23.746,1,0,0,400,0,0.166,-17.655,0,3,4,L,"눈꽃",190,90,0.5,0,86,0,0,0,0,0,0,0,0,0,0,0,0,0,0,0,0.057,-37.822,0,"Pring__",0.072,-17.146,0,"Fresh825",-19.511,-48.999,0,"ʚEveɞ",-10.435,-66.173,0,"Megu3568",18.881,-45.343,0,"Yaksok~",14.608,-63.986,0,"IbikiKai_JP",58.98,-101.381,0,"Gonyong",-0.49,-109.833,0,"SOM_candy",-45.585,-87.849,0,0,0,0,0,0,"",0,0,0,0,3147.188,,,,0,5
46,2,1,7,0,0,0,0,1,0,0,4,255,255,14,3168.594,"인생최패망자",R,10,75,105,-0.834,-1.362,-0.116,1.551,-0.36,1.323,-36.449,16.48,1,0,0,400,0,0,0,0,4,1,L,"encounter v",190,90.209,0.497,0,57,0,0,0,0,0,0,0,0,0,0,0,0,0,0,0,0.039,-37.628,0,"Pring__",-0.011,-17.177,0,"Fresh825",-18.39,-39.755,0,"ʚEveɞ",-10.481,-66.182,0,"Megu3568",18.952,-45.397,0,"Yaksok~",12.722,-61.95,0,"IbikiKai_JP",52.755,-92.451,0,"Gonyong",1.18,-111.789,0,"SOM_candy",-41.141,-86.383,0,0,0,0,0,0,"",0,0,0,0,3170.121,,,,0,0
47,2,1,7,0,1,0,0,1,0,0,4,255,255,15,3181.098,"인생최패망자",R,10,77,118,-1.135,-1.503,-0.097,1.544,-0.451,1.136,-36.48,14.806,1,0,-23.888,400,0,-0.234,-17.831,0,4,1,L,"encounter v",190,90.209,0.497,0,57,0,0,0,0,0,0,0,0,0,0,0,0,0,0,0,0.111,-37.64,0,"Pring__",-0.038,-17.213,0,"Fresh825",-18.692,-39.729,0,"ʚEveɞ",-13.072,-65.013,0,"Megu3568",18.874,-45.369,0,"Yaksok~",9.587,-62.909,0,"IbikiKai_JP",52.748,-92.385,0,"Gonyong",1.178,-111.873,0,"SOM_candy",-40.471,-86.973,0,0,0,0,0,0,"",0,0,0,0,3182.604,,,,0,0
48,2,1,7,0,2,0,0,1,0,0,4,255,255,16,3194.719,"인생최패망자",R,10,61,94,-1.19,-0.733,-0.165,1.766,-0.513,1.787,-36.511,18.947,2,0,0,400,0,0,0,1,4,1,L,"encounter v",190,90.209,0.497,3,57,3195.971,232,69,132,96,65,145,126,-15.471,30.123,0.7,0.022,-0.133,0,0.564,-0.285,-37.114,0,"Pring__",-0.061,-17.208,0,"Fresh825",-18.69,-39.721,79,"ʚEveɞ",-13.064,-64.986,0,"Megu3568",18.899,-45.215,0,"Yaksok~",13.197,-62.246,0,"IbikiKai_JP",52.248,-92.794,0,"Gonyong",1.201,-111.836,0,"SOM_candy",-40.311,-87.929,97,3195.988,-1.621,-22.821,3198.554,8,"SOM_candy",-33.037,-78.499,0,0,,3200.285,,,336,2
49,2,1,7,0,0,0,1,0,1,0,255,4,255,17,3224.264,"인생최패망자",R,26,73,126,0.991,0.689,0.073,1.777,0.34,1.889,-36.438,16.5,0,0,57.698,-155.772,0,0,0,1,5,2,R,"アリアル",190,95.446,0.5,0,57,0,0,0,0,0,0,0,0,0,0,0,0,0,0,0,0.055,-37.543,0,"Pring__",0.034,-17.126,0,"Fresh825",-25.673,-49.059,0,"ʚEveɞ",-13.913,-66.098,0,"Megu3568",18.776,-43.265,0,"Yaksok~",6.731,-61.263,0,"IbikiKai_JP",36.004,-86.831,0,"Gonyong",-7.79,-107.493,0,"SOM_candy",-42.05,-85.283,0,0,0,0,0,0,"",0,0,0,0,3225.554,3226.488,,,0,0
50,2,1,7,0,0,1,1,0,1,0,255,4,255,18,3237.487,"인생최패망자",R,33,82,135,1.507,0.773,0.109,1.815,0.506,2.011,-36.477,22.608,2,0,104.795,-90.449,0,0,0,1,5,2,R,"アリアル",190,95.446,0.5,3,57,3238.394,226,34,86,58,0,145,124,-30,32.628,0.2,0.003,-0.061,0,0.326,0.281,-37.03,0,"Pring__",0.039,-17.164,0,"Fresh825",-26.061,-48.888,0,"ʚEveɞ",-13.41,-64.74,0,"Megu3568",18.185,-44.247,0,"Yaksok~",10.17,-60.996,0,"IbikiKai_JP",36.02,-86.576,0,"Gonyong",-7.789,-107.542,0,"SOM_candy",-49.159,-86.115,0,3238.387,-0.825,-19.277,3246.004,7,"Gonyong",-46.124,-108.988,1,0,,3248.861,3242.786,3247.862,52,2
51,2,1,8,0,0,0,1,0,1,0,255,2,255,19,3273.256,"인생최패망자",R,3,73,103,-3.131,-0.092,-0.188,1.67,-0.584,1.568,-36.473,11.117,1,0,-380.52,0,0,0,0,0,6,7,R,"ke ro",165.4,80,0.372,0,57,0,0,0,0,0,0,0,0,0,0,0,0,0,0,0,-0.067,-37.638,0,"Pring__",-0.073,-17.093,0,"Fresh825",-23.457,-46.787,0,"ʚEveɞ",-13.42,-65.015,0,"Megu3568",18.939,-42.494,0,"Yaksok~",7.331,-60.751,0,"IbikiKai_JP",29.46,-91.104,0,"Gonyong",0.496,-106.828,0,"SOM_candy",-44.629,-85.384,0,0,0,0,0,0,"",0,0,0,0,3274.704,3276.188,,,0,0
52,2,1,8,0,1,0,1,0,1,0,255,2,255,20,3288.822,"인생최패망자",R,6,54,89,1.893,0.722,-0.052,1.86,0.013,2.023,-36.518,13.615,2,0,341.394,0,0,0,0,1,6,7,R,"ke ro",165.4,80,0.372,3,57,3290.066,212,104,30,40,35,113,64,98.22,80.325,-0.79,-0.035,-0.045,0,0.446,0.082,-37.075,0,"Pring__",0.096,-17.163,0,"Fresh825",-23.05,-46.482,0,"ʚEveɞ",-13.373,-65.082,0,"Megu3568",18.199,-43.378,0,"Yaksok~",9.977,-61.367,0,"IbikiKai_JP",29.711,-91.191,0,"Gonyong",0.522,-107.119,0,"SOM_candy",-43.847,-81.766,0,3294.688,39.409,-11.72,0,0,"",0,0,0,0,,3293.238,,,16,3
53,2,1,8,0,1,1,1,0,1,0,255,2,255,21,3309.503,"인생최패망자",R,6,61,106,3.007,0.312,0.083,1.739,0.388,1.783,-36.473,18.628,4,0,481.818,0,0,0,0,1,6,7,R,"ke ro",165.4,80,0.372,0,57,0,0,0,0,0,0,0,0,0,0,0,0,0,0,0,0.036,-37.571,0,"Pring__",0.094,-17.123,0,"Fresh825",-21.078,-44.479,0,"ʚEveɞ",-13.118,-65.045,0,"Megu3568",18.99,-43.519,0,"Yaksok~",9.095,-61.256,0,"IbikiKai_JP",37.705,-93.121,0,"Gonyong",0.651,-111.54,0,"SOM_candy",-39.589,-83.363,0,0,0,0,0,0,"",0,0,0,0,3310.887,3312.906,,,0,0
54,2,1,8,0,1,2,1,0,1,0,255,2,255,22,3326.566,"인생최패망자",R,13,70,112,-0.746,-1.238,0.075,1.638,0.35,1.409,-36.572,30.474,2,0,-375.155,330.543,0,0,0,1,6,7,R,"ke ro",165.4,80,0.372,3,57,3327.627,123,127,57,48,49,135,99,26.831,3.381,0.88,-0.061,-0.13,0,0.468,-0.345,-37.503,0,"Pring__",-0.104,-17.109,0,"Fresh825",-21.263,-45.565,0,"ʚEveɞ",-13.151,-65.069,89,"Megu3568",19.328,-44.827,0,"Yaksok~",11.149,-61.158,0,"IbikiKai_JP",34.193,-89.831,0,"Gonyong",0.618,-111.574,0,"SOM_candy",-42.623,-84.804,0,0,0,0,3332.387,7,"Gonyong",-8.485,-100.209,0,0,,3332.197,,,21,1
55,2,1,8,0,0,0,2,0,1,0,255,2,255,23,3389.019,"인생최패망자",R,0,73,126,1.8,1.188,0.317,1.884,0.706,2.17,-36.812,47.872,1,0,41.104,-34.842,0,0,0,0,7,3,R,"아침땅_",160,94.757,0.5,0,57,0,0,0,0,0,0,0,0,0,0,0,0,0,0,0,0.251,-37.69,0,"Pring__",0.028,-17.079,0,"Fresh825",-23.601,-51.207,0,"ʚEveɞ",-12.785,-65.163,0,"Megu3568",18.068,-43.592,0,"Yaksok~",7.92,-62.258,0,"IbikiKai_JP",34.841,-92.848,0,"Gonyong",-7.294,-112.557,0,"SOM_candy",-41.993,-89.231,0,0,0,0,0,0,"",0,0,0,0,3390.304,3392.22,,,0,0
56,2,1,8,0,1,0,2,0,1,0,255,2,255,24,3400.42,"인생최패망자",R,26,83,136,1.243,1.079,0.086,1.782,0.399,1.953,-36.448,15.902,2,0,102.713,-200,0,0,0,1,7,3,R,"아침땅_",160,94.757,0.5,2,57,3401.4,78,67,84,84,0,120,94,32.682,13.336,0.14,-0.023,-0.025,0,0.328,0.17,-37.141,0,"Pring__",0.035,-17.145,0,"Fresh825",-23.651,-51.235,0,"ʚEveɞ",-12.781,-65.213,0,"Megu3568",18.012,-43.602,0,"Yaksok~",9.264,-62.325,0,"IbikiKai_JP",34.865,-92.88,0,"Gonyong",-7.85,-112.564,0,"SOM_candy",-42.263,-89.483,86,3405.771,-26.589,-88.864,3405.938,8,"SOM_candy",-25.384,-86.166,0,0,,,3406.119,,66,1
57,2,0,8,0,0,0,0,0,0,0,255,255,255,10,3455.339,"Slaris",R,29,74,127,-1.018,0.836,-0.072,1.935,-0.068,2.011,-36.505,39.783,0,0,-241.78,-120.45,28.542,0,0,0,3,1,L,"Pring__",190,94.516,0.475,0,57,0,0,0,0,0,0,0,0,0,0,0,0,0,0,0,-0.185,-37.573,0,"encounter v",-0.116,-17.46,0,"アリアル",-22.309,-49.015,0,"아침땅_",-11.957,-65.198,0,"눈꽃",20.303,-46.135,0,"coder_",10.315,-66.195,0,"소솨소솨",41.679,-93.142,0,"ke ro",0.908,-119.371,0,"Sabo_10",-49.234,-101.961,0,0,0,0,0,0,"",0,0,0,0,3456.754,,,,0,0
58,2,0,8,0,0,1,0,0,0,0,255,255,255,11,3470.578,"Slaris",R,27,94,140,-1.833,0.661,-0.317,1.876,-0.894,1.93,-36.364,26.867,2,0,85.241,-106.469,34.992,0,0,1,3,1,L,"Pring__",190,94.516,0.475,3,57,3471.336,150,63,77,60,9,140,90,-55.53,-24.744,-0.7,-0.02,-0.039,0,0.279,-0.271,-36.341,0,"encounter v",-0.149,-17.467,0,"アリアル",-22.292,-48.964,89,"아침땅_",-12.137,-65.087,0,"눈꽃",20.251,-46.086,102,"coder_",10.907,-66.813,0,"소솨소솨",43.988,-96.098,0,"ke ro",0.885,-119.41,0,"Sabo_10",-47.996,-102.584,0,3471.354,0.044,-20.446,3474.704,-1,"집으로_",13.65,-49.73,0,0,,,,,42,2
59,2,0,8,0,0,0,1,0,0,0,255,255,255,12,3497.777,"Slaris",R,28,87,140,0.696,0.9,0.014,1.941,0.21,2.091,-36.49,40.9,0,0,82.085,-89.891,21.586,0,0,1,4,0,R,"인생최패망자",190,80,0.401,0,57,0,0,0,0,0,0,0,0,0,0,0,0,0,0,0,0.023,-36.556,0,"encounter v",-0.055,-17.413,0,"アリアル",-21.411,-46.768,0,"아침땅_",-14.405,-63.917,0,"눈꽃",19.186,-45.118,0,"coder_",12.624,-65.165,0,"소솨소솨",42.774,-87.196,0,"ke ro",0.253,-104.735,0,"Sabo_10",-44.549,-87.94,0,0,0,0,0,0,"",0,0,0,0,3499.171,,,,0,0
60,2,0,8,0,0,1,1,0,0,0,255,255,255,13,3514.307,"Slaris",R,33,91,140,0.801,-0.188,-0.089,1.746,0.224,1.44,-36.239,19.828,2,0,103.433,-50.884,22.662,0,0,1,4,0,R,"인생최패망자",190,80,0.401,3,57,3515.318,255,191,158,129,99,145,90,-27.355,-38.589,-0.82,-0.052,-0.029,0,0.269,-0.168,-36.212,0,"encounter v",0.035,-17.511,0,"アリアル",-21.383,-46.68,69,"아침땅_",-14.525,-63.747,0,"눈꽃",18.996,-44.8,81,"coder_",12.666,-65.264,0,"소솨소솨",42.042,-87.604,0,"ke ro",0.279,-104.726,0,"Sabo_10",-47.105,-88.924,0,3515.304,1.525,-22.48,3517.454,-1,"집으로_",19.777,-45.02,0,0,,,,,42,2
61,2,0,8,0,0,0,2,0,0,0,255,255,255,14,3541.328,"Slaris",R,6,86,128,0.996,0.853,-0.226,1.868,-0.093,2.118,-36.39,24.791,2,0,422.544,0,21.573,0,0,1,5,5,R,"Yaksok~",172.7,95.241,0.25,3,57,3542.15,115,182,92,67,19,137,80,43.084,15.398,-0.79,-0.057,0.009,0,0.523,-0.296,-36.641,0,"encounter v",0.007,-17.448,0,"アリアル",-22.136,-47.359,0,"아침땅_",-14.666,-63.95,0,"눈꽃",16.706,-49.133,0,"coder_",3.903,-67.835,94,"소솨소솨",29.48,-85.117,0,"ke ro",-0.922,-99.092,0,"Sabo_10",-42.306,-82.864,0,3547.104,-18.259,-72.895,3547.488,5,"coder_",-18.128,-72.531,0,0,,,3550.592,,145,1
62,3,1,8,0,0,0,0,0,0,0,255,255,255,25,3592.275,"인생최패망자",R,33,88,140,-1.744,0.44,-0.191,1.74,-0.89,1.78,-36.434,3.498,1,0,101.164,-80.756,0,0,0,0,8,6,R,"소솨소솨",174.9,80,0.2,0,57,0,0,0,0,0,0,0,0,0,0,0,0,0,0,0,-0.019,-37.458,0,"Pring__",-0.061,-17.035,0,"Fresh825",-24.44,-48.025,0,"ʚEveɞ",-13.571,-64.904,0,"Megu3568",18.695,-45.252,0,"Yaksok~",10.936,-63.581,0,"IbikiKai_JP",41.239,-102.635,0,"Gonyong",-0.129,-111.572,0,"SOM_candy",-41.944,-85.687,0,0,0,0,0,0,"",0,0,0,0,3593.471,,,,0,0
63,3,1,8,0,1,0,0,0,0,0,255,255,255,26,3602.824,"인생최패망자",R,34,79,130,2.281,-0.379,0.021,1.827,0.095,2.088,-36.499,18.057,2,0,89.349,-26.095,0,0,0,1,8,6,R,"소솨소솨",174.9,80,0.2,3,57,3603.764,255,86,97,109,61,145,128,24.259,16.812,0.57,0.056,-0.112,0,0.596,-0.012,-37.067,0,"Pring__",-0.032,-17.096,0,"Fresh825",-25.797,-50.035,0,"ʚEveɞ",-13.423,-64.909,0,"Megu3568",18.542,-45.359,0,"Yaksok~",10.968,-63.646,0,"IbikiKai_JP",40.878,-102.673,0,"Gonyong",-0.112,-111.647,0,"SOM_candy",-42.607,-86.251,0,3609.338,-52.278,-129.714,0,0,"",0,0,0,0,,3613.649,3618.513,,16,4
64,3,1,9,0,0,0,0,0,0,0,255,255,255,27,3644.656,"인생최패망자",R,3,76,104,-1.657,0.469,0.046,1.789,0.143,1.867,-36.577,21.677,1,0,-427.757,0,0,0,0,0,0,5,R,"coder_",163.9,80,0.28,0,57,0,0,0,0,0,0,0,0,0,0,0,0,0,0,0,-0.133,-37.904,0,"Pring__",-0.077,-17.253,0,"Fresh825",-19.283,-40.593,0,"ʚEveɞ",-13.202,-65.109,0,"Megu3568",12.289,-36.037,0,"Yaksok~",9.442,-61.189,0,"IbikiKai_JP",39.146,-91.37,0,"Gonyong",-11.255,-108.545,0,"SOM_candy",-42.759,-85.781,0,0,0,0,0,0,"",0,0,0,0,3646.171,,,,0,0
65,3,1,9,0,1,0,0,0,0,0,255,255,255,28,3658.936,"인생최패망자",R,3,68,98,-2.283,0.497,-0.036,1.798,-0.111,1.89,-36.492,16.636,1,0,-416.394,0,0,0,0,0,0,5,R,"coder_",163.9,80,0.28,0,57,0,0,0,0,0,0,0,0,0,0,0,0,0,0,0,-0.156,-37.764,0,"Pring__",-0.003,-17.044,0,"Fresh825",-21.908,-45.666,0,"ʚEveɞ",-13.175,-65.127,0,"Megu3568",14.363,-39.4,0,"Yaksok~",8.826,-62.243,0,"IbikiKai_JP",35.733,-86.406,0,"Gonyong",-10.193,-109.657,0,"SOM_candy",-44.48,-87.185,0,0,0,0,0,0,"",0,0,0,0,3660.471,,,,0,0
66,3,1,9,0,2,0,0,0,0,0,255,255,255,29,3673.188,"인생최패망자",R,33,80,132,1.085,-0.42,0.068,1.609,0.316,1.299,-36.467,13.994,2,0,107.555,-64.555,0,0,0,1,0,5,R,"coder_",163.9,80,0.28,3,57,3674.244,165,111,152,85,41,145,107,30.518,43.411,0.56,-0.201,-0.067,0,0.235,-0.074,-37.03,0,"Pring__",0.046,-17.145,0,"Fresh825",-22.154,-45.891,0,"ʚEveɞ",-13.12,-65.054,85,"Megu3568",17.27,-43.542,0,"Yaksok~",9.996,-62.083,0,"IbikiKai_JP",35.788,-86.455,0,"Gonyong",-10.181,-109.532,0,"SOM_candy",-43.073,-85.756,103,3679.021,-58.743,-93.309,3681.571,8,"SOM_candy",-62.023,-100.671,1,0,,3683.243,,,81,2
67,3,1,9,0,0,0,0,0,1,0,255,5,255,30,3728.122,"인생최패망자",R,33,74,126,2.187,0.71,0.156,1.801,0.725,1.968,-36.523,25.589,2,0,148.755,-81.736,0,0,0,1,1,0,R,"Slaris",190,86.36,0.452,3,65,3729.016,255,118,167,140,59,145,111,107.379,-59.01,0.88,0.05,-0.019,0,0.336,0.242,-37.087,0,"Pring__",0.036,-17.261,0,"Fresh825",-25.611,-49.071,0,"ʚEveɞ",-13.193,-65.06,0,"Megu3568",18.098,-44.06,0,"Yaksok~",9.646,-60.095,0,"IbikiKai_JP",52.071,-108.898,0,"Gonyong",0.072,-125.071,0,"SOM_candy",-58.478,-100.727,0,0,0,0,0,0,"",0,0,0,0,,3732.253,,,16,3
68,3,1,9,0,0,1,0,0,1,0,255,5,255,31,3747.62,"인생최패망자",R,3,57,90,-3.038,-0.032,-0.111,1.689,-0.343,1.62,-36.612,17.822,1,0,-409.091,0,0,-1.287,-13.47,0,1,0,R,"Slaris",190,86.36,0.452,0,65,0,0,0,0,0,0,0,0,0,0,0,0,0,0,0,-0.429,-37.921,0,"Pring__",-0.783,-16.997,0,"Fresh825",-25.583,-49.021,0,"ʚEveɞ",-13.152,-65.062,0,"Megu3568",18.394,-43.592,0,"Yaksok~",5.937,-62.015,0,"IbikiKai_JP",52.852,-108.429,0,"Gonyong",0.218,-124.023,0,"SOM_candy",-60.083,-99.94,0,0,0,0,0,0,"",0,0,0,0,3752.271,,3753.973,,0,0
69,3,1,9,0,1,1,0,0,0,1,255,255,5,32,3780.205,"인생최패망자",R,32,83,136,1.439,0.176,0.051,1.669,0.236,1.539,-36.473,12.646,4,0,221.887,-114.034,0,-0.159,-20.82,1,1,0,R,"Slaris",190,86.36,0.452,0,65,0,0,0,0,0,0,0,0,0,0,0,0,0,0,0,0.007,-37.442,0,"Pring__",-0.137,-17.902,0,"Fresh825",-25.457,-49.231,0,"ʚEveɞ",-12.915,-65.178,0,"Megu3568",18.835,-44.267,0,"Yaksok~",8.408,-61.322,0,"IbikiKai_JP",52.769,-108.419,0,"Gonyong",0.227,-123.996,0,"SOM_candy",-51.692,-93.936,0,0,0,0,0,0,"",0,0,0,0,3784.304,,3783.48,,0,0
70,3,1,9,0,1,2,0,0,0,1,255,255,5,33,3801.625,"인생최패망자",R,10,62,95,1.409,-0.072,0.166,1.994,0.608,2.223,-36.703,39.385,2,0,0,400,0,0,0,1,1,0,R,"Slaris",190,86.36,0.452,3,65,3802.759,177,125,109,112,60,145,130,102.34,-71.449,0.5,0.011,-0.017,0,0.314,0.36,-37.106,0,"Pring__",0.047,-17.135,0,"Fresh825",-25.14,-49.171,0,"ʚEveɞ",-12.904,-65.119,0,"Megu3568",18.385,-44.638,0,"Yaksok~",10.318,-61.914,0,"IbikiKai_JP",51.389,-106.629,0,"Gonyong",0.191,-123.931,0,"SOM_candy",-56.371,-97.323,0,0,0,0,0,0,"",0,0,0,0,,,3804.662,,16,3
71,3,1,9,0,1,2,0,0,0,1,255,255,5,34,3822.316,"인생최패망자",R,10,73,116,0.546,-1.532,0.051,1.543,0.236,1.131,-36.549,19.742,1,0,0,400,0,0,0,0,1,0,R,"Slaris",190,86.36,0.452,0,65,0,0,0,0,0,0,0,0,0,0,0,0,0,0,0,0.087,-37.577,0,"Pring__",0.065,-17.15,0,"Fresh825",-24.619,-48.677,0,"ʚEveɞ",-13.019,-65.334,0,"Megu3568",18.277,-42.162,0,"Yaksok~",6.675,-62.205,0,"IbikiKai_JP",52.004,-106.002,0,"Gonyong",-0.264,-123.592,0,"SOM_candy",-58.126,-97.189,0,0,0,0,0,0,"",0,0,0,0,3823.604,,3831.038,,0,0
72,3,1,9,0,2,2,0,0,0,1,255,255,5,35,3839.309,"인생최패망자",R,34,78,129,-0.009,0.412,-0.032,1.745,-0.149,1.787,-36.447,8.028,2,0,99.971,-81.934,0,0,0,1,1,0,R,"Slaris",190,86.36,0.452,3,65,3840.244,175,73,142,82,42,145,90,105.969,67.908,-0.81,-0.015,-0.024,0,0.182,-0.016,-36.976,0,"Pring__",0.037,-17.301,0,"Fresh825",-24.59,-48.568,0,"ʚEveɞ",-12.991,-65.066,0,"Megu3568",18.093,-44.928,0,"Yaksok~",10.389,-61.545,0,"IbikiKai_JP",51.833,-106.022,0,"Gonyong",-0.263,-123.59,0,"SOM_candy",-56.7,-98.884,0,0,0,0,0,0,"",0,0,0,0,,,3844.302,,16,3
73,3,1,9,0,2,2,0,0,0,1,255,255,5,36,3856.574,"인생최패망자",R,13,66,96,-2.486,-1.106,-0.106,1.596,-0.33,1.419,-36.551,15.405,2,0,-340.743,312.348,0,0,0,1,1,0,R,"Slaris",190,86.36,0.452,3,65,3857.671,122,111,102,117,66,138,83,25.948,31.133,0.95,-0.021,-0.015,0,0.134,-0.253,-37.086,0,"Pring__",-0.055,-17.12,0,"Fresh825",-24.048,-48.116,0,"ʚEveɞ",-12.979,-65.028,0,"Megu3568",19.11,-44.077,0,"Yaksok~",9.773,-62.466,0,"IbikiKai_JP",52.009,-110.331,0,"Gonyong",-0.721,-121.674,0,"SOM_candy",-56.865,-99.582,104,3861.504,-39.828,-70.393,3862.871,8,"SOM_candy",-47.005,-78.76,1,0,,,3859.657,3866.666,112,2
74,3,1,10,0,0,0,0,1,0,0,0,255,255,37,3940.994,"인생최패망자",R,26,83,135,-0.353,0.528,-0.051,1.733,-0.236,1.749,-36.443,15.947,2,0,60.094,-200,0,0,0,1,2,8,L,"Sabo_10",184.8,90,0.552,3,57,3942.071,181,49,118,87,47,145,102,56.243,-40.658,-0.13,0.011,-0.04,0,0.454,0.158,-37.061,0,"Pring__",-0.013,-17.327,0,"Fresh825",-18.611,-40.174,0,"ʚEveɞ",-13.037,-65.091,0,"Megu3568",18.298,-44.913,0,"Yaksok~",13.691,-63.001,0,"IbikiKai_JP",52.732,-103.459,90,"Gonyong",12.853,-120.183,0,"SOM_candy",-40.603,-108.417,0,3948.004,54.2,-68.531,3949.754,6,"IbikiKai_JP",61.419,-74.718,0,0,,,,,144,2
75,3,1,10,0,0,1,0,1,0,0,0,255,255,38,3967.859,"인생최패망자",R,26,78,129,-1.417,0.375,-0.134,1.703,-0.622,1.649,-36.423,11.028,2,0,6.489,-191.688,0,0,0,1,2,8,L,"Sabo_10",184.8,90,0.552,3,85,3968.869,197,86,129,106,66,145,77,25.735,16.456,0.97,0.026,-0.08,0,0.707,-0.005,-37.051,0,"Pring__",-0.076,-17.293,0,"Fresh825",-18.72,-39.802,85,"ʚEveɞ",-13.096,-65.085,99,"Megu3568",18.579,-44.188,0,"Yaksok~",15.206,-63.423,0,"IbikiKai_JP",61.117,-94.437,0,"Gonyong",19.678,-123.15,0,"SOM_candy",-35.291,-115.801,0,0,0,0,3972.721,3,"ʚEveɞ",-10.242,-74.843,0,0,,,,,273,1
76,3,1,10,0,0,0,1,1,0,0,0,255,255,39,3999.402,"인생최패망자",R,28,94,140,-1.07,0.122,-0.124,1.69,-0.577,1.607,-36.488,11.252,2,0,86.025,-90.168,0,0,0,1,3,4,L,"눈꽃",190,90,0.5,3,57,4000.484,255,43,102,112,23,145,130,27.232,9.44,0.37,0.025,-0.064,0,0.478,-0.084,-37.1,0,"Pring__",-0.095,-17.294,0,"Fresh825",-18.776,-39.824,0,"ʚEveɞ",-12.51,-65.209,0,"Megu3568",18.943,-44.464,0,"Yaksok~",10.943,-61.407,0,"IbikiKai_JP",57.079,-102.123,0,"Gonyong",-3.963,-118.521,0,"SOM_candy",-50.85,-94.692,0,4006.421,-6.661,-143.455,0,0,"",0,0,0,0,,4006.967,4012.326,4017.429,16,4
77,3,1,12,0,0,0,1,0,0,0,255,255,255,40,4045.727,"인생최패망자",R,6,59,92,1.934,-0.118,0.171,1.708,0.53,1.663,-36.551,23.403,2,0,382.074,0,0,0,0,1,4,1,L,"encounter v",190,90.209,0.497,3,57,4046.985,152,99,153,108,39,145,127,17.966,-33.157,0.36,0.031,-0.136,0,0.428,0.083,-37.192,0,"Pring__",0.097,-17.201,0,"Fresh825",-19.265,-48.848,0,"ʚEveɞ",-12.754,-65.211,0,"Megu3568",19.001,-44.575,86,"Yaksok~",14.183,-63.573,0,"IbikiKai_JP",55.18,-105.787,97,"Gonyong",6.964,-121.219,0,"SOM_candy",-39.602,-101.764,0,4051.638,67.935,-93.568,4055.688,6,"IbikiKai_JP",49.704,-83.702,1,0,,4057,,,146,2
78,3,1,12,0,0,0,1,0,1,0,255,1,255,41,4082.753,"인생최패망자",R,6,54,101,2.229,0.464,0.009,1.783,0.041,1.91,-36.535,16.697,2,0,459.091,0,0,0,0,1,5,2,R,"アリアル",190,95.446,0.5,3,57,4083.768,255,86,160,90,45,145,92,20.772,-20.011,-0.75,0.006,0.057,0,0.259,0.198,-37.032,0,"Pring__",0.052,-17.162,0,"Fresh825",-24.946,-49.224,0,"ʚEveɞ",-13.097,-65.049,67,"Megu3568",18.896,-44.543,0,"Yaksok~",10.836,-62.166,0,"IbikiKai_JP",38.602,-97.89,0,"Gonyong",-14.672,-113.094,0,"SOM_candy",-42.432,-84.185,0,4087.688,16.14,-91.369,4090.588,7,"Gonyong",18.895,-116.571,1,0,4305.604,4094.657,4090.451,4095.526,29,2
79,3,1,13,0,0,0,1,0,1,0,255,255,255,0,4525.309,"ʚEveɞ",R,6,40,91,2.955,0.579,0.077,1.495,-0.122,1.809,-36.529,22.351,4,0,413.636,0,-46.034,-0.129,-20.574,1,6,7,R,"ke ro",165.4,80,0.372,0,57,0,0,0,0,0,0,0,0,0,0,0,0,0,0,0,-0.116,-37.269,0,"Pring__",-0.034,-17.785,0,"Megu3568",-19.023,-45.44,0,"Fresh825",-16.009,-62.013,0,"인생최패망자",15.134,-47.878,0,"Yaksok~",7.307,-61.581,0,"Gonyong",35.435,-92.651,0,"IbikiKai_JP",-2.009,-108.373,0,"SOM_candy",-41.631,-88.409,0,0,0,0,0,0,"",0,0,0,0,4528.938,,,,0,0
80,3,1,13,0,0,1,1,0,1,0,255,255,255,1,4548.062,"ʚEveɞ",R,32,82,134,2.955,0.059,0.305,1.429,0.937,1.564,-36.662,35.456,1,0,234.066,-71.595,15.166,1.227,-17.208,0,6,7,R,"ke ro",165.4,80,0.372,0,57,0,0,0,0,0,0,0,0,0,0,0,0,0,0,0,-0.17,-37.179,0,"Pring__",0.138,-17.306,0,"Megu3568",-19.124,-45.529,0,"Fresh825",-16.008,-62.021,0,"인생최패망자",17.098,-46.564,0,"Yaksok~",6.31,-62.143,0,"Gonyong",35.259,-92.566,0,"IbikiKai_JP",-1.985,-108.396,0,"SOM_candy",-39.696,-89.038,0,0,0,0,0,0,"",0,0,0,0,4553.038,4552.081,,,0,0
81,3,1,13,0,1,1,1,0,1,0,255,255,255,2,4569.64,"ʚEveɞ",R,32,84,137,0.442,-1.127,0.102,1.404,-0.006,1.47,-36.59,22.383,2,0,230.188,-198.829,20.296,0,0,1,6,7,R,"ke ro",165.4,80,0.372,3,57,4570.726,206,95,68,53,33,138,79,45.162,-19.767,-0.78,-0.03,-0.066,0,0.548,0.013,-36.977,0,"Pring__",0.021,-17.192,0,"Megu3568",-19.039,-45.441,0,"Fresh825",-16.06,-62.178,0,"인생최패망자",17.297,-48.346,0,"Yaksok~",9.283,-61.195,88,"Gonyong",31.979,-89.35,0,"IbikiKai_JP",-2.029,-108.323,0,"SOM_candy",-41.646,-89.327,0,4575.671,17.795,-70.665,4575.788,5,"Yaksok~",17.204,-68.962,0,0,,4573.899,,,33,1
82,3,1,13,0,0,0,2,0,1,0,255,255,255,3,4602.527,"ʚEveɞ",R,1,70,124,1.032,-0.513,0.175,1.408,0.333,1.478,-36.599,17.198,0,0,0,0,12.155,0,0,1,7,3,R,"아침땅_",160,94.757,0.5,0,57,0,0,0,0,0,0,0,0,0,0,0,0,0,0,0,-0.118,-37.234,0,"Pring__",0.028,-17.214,0,"Megu3568",-19.099,-45.478,0,"Fresh825",-15.598,-64.131,0,"인생최패망자",17.738,-45.485,0,"Yaksok~",7.446,-62.568,0,"Gonyong",35.877,-86.856,0,"IbikiKai_JP",-8.242,-106.903,0,"SOM_candy",-41.111,-82.048,0,0,0,0,0,0,"",0,0,0,0,4603.955,4605.78,,,0,0
83,3,1,13,0,0,1,2,0,1,0,255,255,255,4,4626.481,"ʚEveɞ",R,32,86,140,0.239,-0.281,0.063,1.398,-0.187,1.441,-36.607,10.604,0,0,212.254,-15.426,16.457,0,0,0,7,3,R,"아침땅_",160,94.757,0.5,0,57,0,0,0,0,0,0,0,0,0,0,0,0,0,0,0,-0.174,-37.353,0,"Pring__",0.031,-17.183,0,"Megu3568",-19.148,-45.412,0,"Fresh825",-15.547,-64.126,0,"인생최패망자",17.844,-47.759,0,"Yaksok~",6.623,-63.979,0,"Gonyong",35.894,-87.048,0,"IbikiKai_JP",-8.166,-105.906,0,"SOM_candy",-41.685,-82.79,0,0,0,0,0,0,"",0,0,0,0,4627.638,4630.074,,,0,0
84,3,1,13,0,0,2,2,0,1,0,255,255,255,5,4644.558,"ʚEveɞ",R,6,51,99,1.663,-0.219,0.055,1.416,-0.225,1.51,-36.607,8.64,2,0,450,0,5.031,0,0,1,7,3,R,"아침땅_",160,94.757,0.5,2,57,4645.628,84,101,90,112,79,129,117,-2.314,1.6,0.34,-0.048,-0.036,0.048,0.414,0.054,-36.939,0,"Pring__",0.072,-17.174,0,"Megu3568",-19.127,-45.389,99,"Fresh825",-15.479,-64.203,0,"인생최패망자",15.255,-50.798,0,"Yaksok~",5.848,-64.594,0,"Gonyong",38.92,-86.83,0,"IbikiKai_JP",-8.169,-105.886,106,"SOM_candy",-44.666,-84.213,0,4645.838,0.051,-31.217,4648.804,7,"IbikiKai_JP",-2.782,-92.451,1,0,,,4649.566,,131,2
85,3,1,13,0,0,0,2,1,0,1,3,255,2,6,4682.794,"ʚEveɞ",R,3,72,114,-1.082,0.327,0.168,1.497,0.298,1.807,-36.668,29.415,0,0,-430.725,0,7.168,0,0,0,8,6,R,"소솨소솨",174.9,80,0.2,0,57,0,0,0,0,0,0,0,0,0,0,0,0,0,0,0,-0.114,-37.212,0,"Pring__",0.191,-18.752,0,"Megu3568",-19.026,-43.594,0,"Fresh825",-16.365,-63.341,0,"인생최패망자",15.677,-47.137,0,"Yaksok~",6.088,-64.422,0,"Gonyong",39.769,-87.683,0,"IbikiKai_JP",-12.874,-120.563,0,"SOM_candy",-41.811,-82.394,0,0,0,0,0,0,"",0,0,0,0,4684.171,4686.233,4685.751,,0,0
86,3,1,13,0,0,1,2,0,1,1,255,3,2,7,4700.378,"ʚEveɞ",R,3,75,118,73.401,13.123,-0.004,1.473,-0.5,1.721,-36.6,13.718,2,0,-365.163,0,12.53,0,0,1,8,6,R,"소솨소솨",174.9,80,0.2,3,57,4701.372,235,146,99,0,6,133,96,-8.246,28.685,0.92,0.057,-0.12,0,0.602,-0.166,-37.126,0,"Pring__",-0.414,-17.081,0,"Megu3568",-18.349,-44.09,0,"Fresh825",-16.298,-63.364,105,"인생최패망자",17.504,-48.924,0,"Yaksok~",8.142,-62.448,0,"Gonyong",39.953,-87.493,0,"IbikiKai_JP",-13.09,-120.513,0,"SOM_candy",-43.162,-83.509,0,4701.538,-3.608,-24.857,4703.504,3,"Fresh825",-21.826,-57.073,0,0,,,4705.809,4705.774,258,2
87,3,0,13,0,0,0,0,0,0,0,255,255,255,15,4757.622,"Slaris",R,30,83,136,-1.175,-1.801,-0.175,1.794,-0.334,0.482,-36.304,20.944,1,0,-147.893,-89.829,10.251,0,0,0,6,8,L,"SOM_candy",170.3,87.719,0.25,0,57,0,0,0,0,0,0,0,0,0,0,0,0,0,0,0,-0.105,-37.929,0,"encounter v",-0.078,-17.366,0,"アリアル",-22.316,-47.955,0,"아침땅_",-11.562,-65.249,0,"눈꽃",19.367,-45.043,0,"coder_",12.453,-65.24,0,"소솨소솨",38.806,-80.429,0,"ke ro",8.623,-100.51,0,"Sabo_10",-43.033,-87.642,0,0,0,0,0,0,"",0,0,0,0,4758.971,,,,0,0
88,3,0,13,0,1,0,0,0,0,0,255,255,255,16,4772.063,"Slaris",R,29,80,132,-0.703,1.258,-0.146,1.897,0.027,2.103,-36.435,28.167,4,0,-227.921,-200,20.227,0,0,1,6,8,L,"SOM_candy",170.3,87.719,0.25,0,57,0,0,0,0,0,0,0,0,0,0,0,0,0,0,0,-0.148,-37.125,0,"encounter v",-0.117,-17.429,0,"アリアル",-21.996,-48.248,0,"아침땅_",-11.521,-65.405,0,"눈꽃",19.349,-45.043,0,"coder_",12.484,-65.301,0,"소솨소솨",38.619,-81.404,0,"ke ro",8.57,-100.562,0,"Sabo_10",-41.605,-86.427,0,0,0,0,0,0,"",0,0,0,0,4773.404,,,,0,0
89,3,0,13,0,1,1,0,0,0,0,255,255,255,17,4789.16,"Slaris",R,29,86,140,-1.107,-2.534,-0.352,1.767,-0.199,-0.035,-36.253,21.595,1,0,-218.51,-165.654,26.463,-0.21,-19.844,0,6,8,L,"SOM_candy",170.3,87.719,0.25,0,57,0,0,0,0,0,0,0,0,0,0,0,0,0,0,0,-0.171,-38.265,0,"encounter v",-0.127,-17.37,0,"アリアル",-21.98,-48.264,0,"아침땅_",-11.246,-65.55,0,"눈꽃",19.354,-45.055,0,"coder_",12.467,-65.303,0,"소솨소솨",38.821,-82.019,0,"ke ro",8.576,-100.554,0,"Sabo_10",-40.85,-84.441,0,0,0,0,0,0,"",0,0,0,0,4790.455,,,,0,0
90,3,0,13,0,2,1,0,0,0,0,255,255,255,18,4805.76,"Slaris",R,26,77,128,-0.557,0.791,-0.078,1.88,0.382,2.078,-36.48,30.008,2,0,-136.483,-171.681,24.458,0,0,1,6,8,L,"SOM_candy",170.3,87.719,0.25,3,57,4806.788,207,74,92,88,41,145,100,28.758,-40.49,0.03,-0.021,0.087,0,0.199,-0.233,-36.863,0,"encounter v",-0.146,-17.499,0,"アリアル",-21.972,-48.243,0,"아침땅_",-11.217,-65.481,0,"눈꽃",19.446,-45.124,0,"coder_",12.278,-65.376,0,"소솨소솨",38.809,-82.034,0,"ke ro",8.51,-100.565,0,"Sabo_10",-43.369,-87.495,0,4811.571,67.859,-76.72,0,0,"",0,0,0,0,,,,,2,3
91,3,0,13,0,2,2,0,0,0,0,255,255,255,19,4866.116,"Slaris",R,29,89,140,-0.451,0.771,-0.06,1.904,0.121,1.838,-36.468,30.646,2,0,-250,-200,36.034,0,0,1,6,8,L,"SOM_candy",170.3,87.719,0.25,3,57,4867.196,139,77,97,61,42,141,125,94.286,83.028,0.55,-0.04,0.057,0,0.155,-0.034,-36.444,0,"encounter v",-0.196,-17.4,0,"アリアル",-22.283,-47.754,0,"아침땅_",-10.932,-65.463,0,"눈꽃",18.783,-44.809,0,"coder_",11.755,-65.628,0,"소솨소솨",41.915,-82.32,0,"ke ro",11.497,-102.317,0,"Sabo_10",-42.57,-81.964,0,0,0,0,0,0,"",0,0,0,0,,,,,2,3
92,3,0,13,0,2,2,0,0,0,0,255,255,255,20,4886.875,"Slaris",R,28,89,140,-0.307,0.921,-0.148,1.888,-0.137,2.047,-36.334,26.228,0,0,6.331,-70.559,25.519,0.034,-7.322,1,6,8,L,"SOM_candy",170.3,87.719,0.25,0,57,0,0,0,0,0,0,0,0,0,0,0,0,0,0,0,0.124,-37.109,0,"encounter v",-0.152,-17.722,0,"アリアル",-22.112,-47.603,0,"아침땅_",-11.705,-65.219,0,"눈꽃",18.699,-44.656,0,"coder_",10.715,-66.118,0,"소솨소솨",41.091,-81.114,0,"ke ro",10.319,-105.279,0,"Sabo_10",-44.367,-87.114,0,0,0,0,0,0,"",0,0,0,0,4888.504,,,,0,0
93,3,0,13,0,0,0,1,0,0,0,255,255,255,21,4913.197,"Slaris",R,29,83,136,-0.739,-2.125,-0.256,1.728,-0.101,0.222,-36.23,14.494,1,0,-228.048,-160.875,30.954,-0.155,-18.683,0,7,7,L,"IbikiKai_JP",172.6,90.478,0.5,0,57,0,0,0,0,0,0,0,0,0,0,0,0,0,0,0,-0.071,-36.842,0,"encounter v",-0.141,-17.33,0,"アリアル",-21.879,-47.508,0,"아침땅_",-10.573,-65.75,0,"눈꽃",19.882,-45.725,0,"coder_",13.156,-68.766,0,"소솨소솨",42.535,-87.233,0,"ke ro",6.395,-110.635,0,"Sabo_10",-42.159,-88.199,0,0,0,0,0,0,"",0,0,0,0,4914.604,,,,0,0
94,3,0,13,0,1,0,1,0,0,0,255,255,255,22,4926.378,"Slaris",R,28,82,134,-1.257,-1.307,-0.251,1.768,-0.529,0.785,-36.256,17.8,4,0,-7.981,-57.666,10.76,0,0,0,7,7,L,"IbikiKai_JP",172.6,90.478,0.5,0,57,0,0,0,0,0,0,0,0,0,0,0,0,0,0,0,-0.038,-36.966,0,"encounter v",-0.11,-17.252,0,"アリアル",-21.896,-47.558,0,"아침땅_",-10.756,-65.694,0,"눈꽃",20.02,-45.582,0,"coder_",11.21,-67.752,0,"소솨소솨",41.516,-87.666,0,"ke ro",6.437,-110.633,0,"Sabo_10",-42.817,-88.936,0,0,0,0,0,0,"",0,0,0,0,4927.754,,,,0,0
95,3,0,13,0,2,0,1,0,0,0,255,255,255,23,4946.034,"Slaris",R,26,83,136,-0.853,-1.689,-0.264,1.581,-0.368,0.477,-36.236,11.314,1,0,3.226,-162.621,8.922,0,0,0,7,7,L,"IbikiKai_JP",172.6,90.478,0.5,0,40,0,0,0,0,0,0,0,0,0,0,0,0,0,0,0,0.047,-37.081,0,"encounter v",-0.143,-17.26,0,"アリアル",-21.876,-47.513,0,"아침땅_",-10.956,-65.611,0,"눈꽃",19.683,-45.303,0,"coder_",12.293,-66.633,0,"소솨소솨",41.544,-87.681,0,"ke ro",6.427,-110.638,0,"Sabo_10",-42.778,-88.251,0,0,0,0,0,0,"",0,0,0,0,4947.438,,,,0,0
96,3,0,13,0,3,0,1,0,0,0,255,255,255,24,4962.091,"Slaris",R,34,84,137,0.863,0.365,0.097,1.862,0.254,1.759,-36.462,27.592,0,0,86.081,-42.928,16.17,0,0,0,7,7,L,"IbikiKai_JP",172.6,90.478,0.5,0,40,0,0,0,0,0,0,0,0,0,0,0,0,0,0,0,0.125,-37.316,0,"encounter v",-0.076,-17.312,0,"アリアル",-21.865,-47.536,0,"아침땅_",-9.84,-65.914,0,"눈꽃",19.991,-45.431,0,"coder_",10.901,-66.117,0,"소솨소솨",41.569,-87.664,0,"ke ro",6.969,-110.061,0,"Sabo_10",-40.61,-86.512,0,0,0,0,0,0,"",0,0,0,0,4963.438,,,,0,0
97,3,0,13,0,3,1,1,0,0,0,255,255,255,25,4976.799,"Slaris",R,34,79,130,0.803,0.848,0.048,1.868,0.222,2.018,-36.466,29.995,0,0,86.144,-57.958,10.344,0,0,0,7,7,L,"IbikiKai_JP",172.6,90.478,0.5,0,40,0,0,0,0,0,0,0,0,0,0,0,0,0,0,0,0.11,-37.284,0,"encounter v",-0.017,-17.336,0,"アリアル",-21.817,-47.537,0,"아침땅_",-9.939,-65.875,0,"눈꽃",19.794,-45.542,0,"coder_",12.124,-68.726,0,"소솨소솨",41.609,-87.638,0,"ke ro",6.759,-110.448,0,"Sabo_10",-40.022,-86.972,0,0,0,0,0,0,"",0,0,0,0,4978.154,,,,0,0
98,3,0,13,0,3,2,1,0,0,0,255,255,255,26,4991.759,"Slaris",R,34,81,133,1.189,0.779,0.1,1.871,0.42,2.015,-36.512,35.369,2,0,66.058,-22.448,7.83,0,0,1,7,7,L,"IbikiKai_JP",172.6,90.478,0.5,3,40,4992.865,255,94,38,42,38,124,83,20.45,-22.379,-0.18,-0.014,-0.036,0,0.542,-0.169,-36.587,0,"encounter v",-0.012,-17.497,0,"アリアル",-21.797,-47.517,0,"아침땅_",-9.934,-65.842,0,"눈꽃",19.754,-45.472,0,"coder_",12.08,-66.447,98,"소솨소솨",41.631,-87.656,0,"ke ro",6.733,-110.451,0,"Sabo_10",-42.538,-89.116,0,0,0,0,4996.604,5,"coder_",16.552,-73.826,0,0,,,,,3,1
99,3,0,13,0,0,0,2,0,0,0,255,255,255,27,5018.727,"Slaris",R,27,85,138,-0.593,0.443,-0.129,1.847,-0.296,1.733,-36.4,22.488,0,0,37.456,-121.177,21.659,0,0,0,8,3,L,"Fresh825",172.5,80,0.2,0,79,0,0,0,0,0,0,0,0,0,0,0,0,0,0,0,-0.021,-36.854,0,"encounter v",-0.167,-17.298,0,"アリアル",-22.293,-47.927,0,"아침땅_",-11.03,-65.453,0,"눈꽃",19.893,-45.669,0,"coder_",11.998,-65.491,0,"소솨소솨",42.14,-86.993,0,"ke ro",2.925,-102.309,0,"Sabo_10",-40.274,-86.072,0,0,0,0,0,0,"",0,0,0,0,5020.055,,,,0,0
100,3,0,13,0,0,1,2,0,0,0,255,255,255,28,5125.374,"Slaris",R,34,82,135,-2.221,0.068,-0.094,1.934,-0.977,1.761,-36.488,31.201,2,0,53.977,-44.513,13.854,0,0,1,8,3,L,"Fresh825",172.5,80,0.2,3,80,5126.379,135,90,83,82,13,139,82,109.689,-9.299,-0.79,0.024,-0.041,0,0.095,-0.166,-36.405,0,"encounter v",-0.204,-17.446,0,"アリアル",-22.402,-47.606,0,"아침땅_",-11.385,-65.459,0,"눈꽃",21.572,-47.526,0,"coder_",11.536,-65.49,0,"소솨소솨",41.248,-84.708,0,"ke ro",5.071,-101.129,0,"Sabo_10",-38.776,-84.064,0,0,0,0,0,0,"",0,0,0,0,,,,,2,3
101,3,0,13,0,0,2,2,0,0,0,255,255,255,29,5145.422,"Slaris",R,34,81,133,-0.17,1.299,-0.014,1.97,-0.181,2.265,-36.537,38.699,2,0,75.813,-67.915,24.473,0,0,1,8,3,L,"Fresh825",172.5,80,0.2,3,80,5146.451,255,77,108,73,46,145,126,93.575,67.583,0.48,0.025,-0.034,0,0.109,-0.096,-36.258,0,"encounter v",-0.138,-17.413,0,"アリアル",-22.255,-48.134,0,"아침땅_",-11.507,-65.36,0,"눈꽃",21.409,-47.661,0,"coder_",11.761,-65.559,0,"소솨소솨",44.597,-85.755,0,"ke ro",3.214,-100.65,0,"Sabo_10",-38.703,-83.128,0,0,0,0,0,0,"",0,0,0,0,,,,,2,3
102,3,0,13,0,0,2,2,0,0,0,255,255,255,30,5168.211,"Slaris",R,6,82,122,2.583,-0.299,-0.055,1.767,0.423,1.571,-36.321,25.409,4,0,453.719,125.713,13.786,0,0,1,8,3,L,"Fresh825",172.5,80,0.2,0,80,0,0,0,0,0,0,0,0,0,0,0,0,0,0,0,0.097,-37.219,0,"encounter v",-1.052,-20.09,0,"アリアル",-22.042,-47.156,0,"아침땅_",-9.712,-65.847,0,"눈꽃",20.811,-46.66,0,"coder_",12.439,-63.516,0,"소솨소솨",44.298,-85.285,0,"ke ro",4.504,-101.188,0,"Sabo_10",-41.179,-86.922,0,0,0,0,0,0,"",0,0,0,0,5169.621,,,,0,0
103,4,1,13,0,0,0,0,0,0,0,255,255,255,8,5253.173,"ʚEveɞ",R,33,79,130,-1.692,0.215,-0.094,1.445,-0.92,1.624,-36.576,12.328,1,0,124.246,-90.065,9.8,0,0,0,0,5,R,"coder_",163.9,80,0.28,0,53,0,0,0,0,0,0,0,0,0,0,0,0,0,0,0,-0.307,-33.625,0,"Pring__",0.001,-17.188,0,"Megu3568",-12.208,-35.823,0,"Fresh825",-15.842,-61.575,0,"인생최패망자",15.764,-50.922,0,"Yaksok~",4.708,-61.601,0,"Gonyong",44.044,-77.809,0,"IbikiKai_JP",-13.632,-113.98,0,"SOM_candy",-44.478,-84.221,0,0,0,0,0,0,"",0,0,0,0,5254.588,,,,0,0
104,4,1,13,0,1,0,0,0,0,0,255,255,255,9,5272.188,"ʚEveɞ",R,32,82,134,-1.02,-0.203,-0.051,1.395,-0.719,1.434,-36.511,7.207,0,0,195.318,-58.821,19.192,0,0,0,0,5,R,"coder_",163.9,80,0.28,0,53,0,0,0,0,0,0,0,0,0,0,0,0,0,0,0,-0.028,-33.199,0,"Pring__",0.057,-17.139,0,"Megu3568",-11.826,-35.446,0,"Fresh825",-15.84,-61.657,0,"인생최패망자",14.831,-48.818,0,"Yaksok~",6.435,-61.419,0,"Gonyong",44.166,-77.221,0,"IbikiKai_JP",-13.904,-113.518,0,"SOM_candy",-41.848,-80.102,0,0,0,0,0,0,"",0,0,0,0,5273.655,,,,0,0
105,4,1,13,0,1,1,0,0,0,0,255,255,255,10,5309.369,"ʚEveɞ",R,3,68,116,-1.548,-0.346,0.056,1.392,-0.223,1.424,-36.618,18.705,4,0,-259.754,0,13.089,0,0,1,0,5,R,"coder_",163.9,80,0.28,0,53,0,0,0,0,0,0,0,0,0,0,0,0,0,0,0,-1.741,-35.521,0,"Pring__",-0.539,-17.157,0,"Megu3568",-17.702,-43.306,0,"Fresh825",-15.258,-61.654,0,"인생최패망자",19.073,-52.532,0,"Yaksok~",4.423,-62.224,0,"Gonyong",43.702,-79.888,0,"IbikiKai_JP",-16.086,-111.315,0,"SOM_candy",-42.761,-82.368,0,0,0,0,0,0,"",0,0,0,0,5310.905,,,,0,0
106,4,1,13,0,1,2,0,0,0,0,255,255,255,11,5327.169,"ʚEveɞ",R,34,78,129,-1.005,1.101,-0.022,1.585,-0.583,2.147,-36.585,17.137,2,0,97.322,-46.795,17,0,0,1,0,5,R,"coder_",163.9,80,0.28,3,53,5328.308,78,70,119,26,18,120,64,12.829,36.166,-0.87,-0.117,-0.026,0,0.34,-0.232,-37.104,0,"Pring__",-0.014,-17.198,0,"Megu3568",-17.694,-43.338,88,"Fresh825",-15.188,-61.655,0,"인생최패망자",18.846,-52.299,0,"Yaksok~",9.536,-63.483,0,"Gonyong",43.79,-80.089,0,"IbikiKai_JP",-16.633,-111.627,0,"SOM_candy",-42.369,-80.289,0,0,0,0,5330.121,2,"Megu3568",-14.066,-39.237,0,0,,,,,3,1
107,4,1,13,0,0,0,1,0,0,0,255,255,255,12,5352.673,"ʚEveɞ",R,6,44,94,3.311,-0.373,0.13,1.402,0.121,1.488,-36.608,13.519,3,0,427.273,0,32.988,0.238,-20.048,0,1,0,R,"Slaris",190,86.36,0.452,0,57,0,0,0,0,0,0,0,0,0,0,0,0,0,0,0,0.111,-37.154,0,"Pring__",0.103,-17.137,0,"Megu3568",-18.412,-43.97,0,"Fresh825",-16.838,-63.011,0,"인생최패망자",21.169,-55.709,0,"Yaksok~",10.867,-65.26,0,"Gonyong",58.146,-99.295,0,"IbikiKai_JP",1.214,-126.14,0,"SOM_candy",-55.939,-101.841,0,0,0,0,0,0,"",0,0,0,0,5357.405,,,,0,6
108,4,1,13,0,0,0,1,1,0,0,0,255,255,13,5377.228,"ʚEveɞ",R,10,59,109,-0.979,-1.962,0.012,1.213,-0.426,0.854,-36.625,22.091,1,0,0,306.348,4.243,0,0,0,2,8,L,"Sabo_10",184.8,90,0.552,0,57,0,0,0,0,0,0,0,0,0,0,0,0,0,0,0,-0.047,-37.173,0,"Pring__",-0.05,-17.257,0,"Megu3568",-19.417,-43.317,0,"Fresh825",-6.105,-64.885,0,"인생최패망자",21.401,-47.458,0,"Yaksok~",12.573,-61.22,0,"Gonyong",59.347,-96.101,0,"IbikiKai_JP",24.727,-124.984,0,"SOM_candy",-33.63,-115.186,0,0,0,0,0,0,"",0,0,0,0,5378.655,,,,0,0
109,4,1,13,0,1,0,1,1,0,0,0,255,255,14,5391.252,"ʚEveɞ",R,14,62,106,0.254,-1.239,0,1.379,-0.482,1.407,-36.576,11.247,2,0,308.285,384.255,12.978,0,0,1,2,8,L,"Sabo_10",184.8,90,0.552,3,57,5392.545,198,85,127,113,55,145,108,31.805,-49,0.9,0.045,-0.1,0,0.652,-0.053,-36.924,0,"Pring__",-0.047,-17.267,0,"Megu3568",-18.698,-43.576,0,"Fresh825",-7.368,-66.431,0,"인생최패망자",22.554,-48.831,0,"Yaksok~",12.759,-61.157,0,"Gonyong",59.515,-95.73,0,"IbikiKai_JP",24.774,-125.047,0,"SOM_candy",-30.288,-116.541,0,5397.171,80.343,-69.79,0,0,"",0,0,0,0,,,,,1,3
110,4,1,13,0,1,1,1,1,0,0,0,255,255,15,5426.86,"ʚEveɞ",R,6,55,102,2.275,0.588,0.102,1.556,-0.006,1.995,-36.575,10.347,4,0,463.636,0,35.761,2.144,-9.838,1,2,8,L,"Sabo_10",184.8,90,0.552,0,84,0,0,0,0,0,0,0,0,0,0,0,0,0,0,0,0.257,-37.365,0,"Pring__",0.859,-17.253,0,"Megu3568",-17.798,-41.381,0,"Fresh825",-6.022,-67.719,0,"인생최패망자",23.372,-51.185,0,"Yaksok~",12.377,-60.019,0,"Gonyong",60.177,-97.654,0,"IbikiKai_JP",23.867,-124.347,0,"SOM_candy",-25.593,-115.983,0,0,0,0,0,0,"",0,0,0,0,5428.571,,,,0,0
111,4,1,13,0,1,2,1,1,0,0,0,255,255,16,5444.742,"ʚEveɞ",R,26,74,127,-0.237,0.132,0.045,1.409,-0.272,1.505,-36.571,27.112,2,0,109.168,-197.032,13.298,0,0,1,2,8,L,"Sabo_10",184.8,90,0.552,3,84,5445.835,108,82,120,97,34,137,95,-18.866,-44.028,-0.19,0.085,-0.111,0,0.388,0.035,-36.85,0,"Pring__",-0.101,-17.077,0,"Megu3568",-16.121,-42.038,0,"Fresh825",-5.986,-67.583,0,"인생최패망자",23.025,-49.437,0,"Yaksok~",13.383,-60.567,0,"Gonyong",60.288,-97.765,0,"IbikiKai_JP",23.84,-124.341,0,"SOM_candy",-26.731,-113.137,0,5445.888,2.465,-22.472,0,0,"",0,0,0,0,,5449.954,,,1,3
112,4,1,13,0,1,2,1,0,1,0,255,0,255,17,5462.579,"ʚEveɞ",R,10,60,108,-1.172,-0.996,-0.006,1.419,-0.509,1.54,-36.442,6.578,2,0,0,400,-2.382,0,0,1,2,8,L,"Sabo_10",184.8,90,0.552,3,84,5463.689,132,134,132,97,55,140,128,9.329,-20.667,0.46,0.083,-0.122,0,0.62,0.075,-36.735,0,"Pring__",-0.059,-17.163,0,"Megu3568",-19.698,-41.922,0,"Fresh825",-5.37,-65.479,85,"인생최패망자",23.272,-49.548,0,"Yaksok~",13.717,-61.041,0,"Gonyong",62.16,-95.251,96,"IbikiKai_JP",32.949,-120.675,0,"SOM_candy",-26.708,-116.764,0,5466.321,32.767,-93.595,5469.405,6,"Gonyong",44.384,-113.55,1,0,,5467.75,5472.795,,389,2
113,4,1,13,0,0,0,1,0,1,1,255,8,0,18,5506.201,"ʚEveɞ",R,33,72,125,-0.642,-0.807,0.006,1.269,-0.456,1.058,-36.552,17.041,0,0,112.864,-54.234,-2.583,0,0,0,3,4,L,"눈꽃",190,90,0.5,0,57,0,0,0,0,0,0,0,0,0,0,0,0,0,0,0,-0.128,-37.544,0,"Pring__",0.049,-17.178,0,"Megu3568",-18.933,-45,0,"Fresh825",-8.156,-66.589,0,"인생최패망자",19.063,-42.735,0,"Yaksok~",12.934,-59.747,0,"Gonyong",54.897,-92.879,0,"IbikiKai_JP",3.598,-127.333,0,"SOM_candy",-52.297,-104.904,0,0,0,0,0,0,"",0,0,0,0,5507.871,5509.105,5509.171,,0,0
114,4,1,13,0,0,1,1,0,1,1,255,8,0,19,5520.679,"ʚEveɞ",R,32,67,122,2.088,0.744,0.239,1.566,0.632,2.02,-36.835,55.161,1,0,159.783,-58.362,4.787,0,0,0,3,4,L,"눈꽃",190,90,0.5,0,57,0,0,0,0,0,0,0,0,0,0,0,0,0,0,0,-0.201,-37.479,0,"Pring__",-0.03,-17.022,0,"Megu3568",-19.019,-45.038,0,"Fresh825",-8.097,-66.466,0,"인생최패망자",19.587,-42.619,0,"Yaksok~",12.944,-61.396,0,"Gonyong",50.271,-98.627,0,"IbikiKai_JP",3.029,-127.429,0,"SOM_candy",-49.666,-102.985,0,0,0,0,0,0,"",0,0,0,0,5522.288,5523.362,5523.715,,0,0
115,4,1,13,0,1,1,1,0,1,1,255,8,0,20,5536.361,"ʚEveɞ",R,32,74,127,0.049,0.188,0.037,1.457,-0.309,1.665,-36.678,36.815,0,0,214.037,-71.575,5.293,0,0,0,3,4,L,"눈꽃",190,90,0.5,0,57,0,0,0,0,0,0,0,0,0,0,0,0,0,0,0,-0.329,-37.849,0,"Pring__",0.022,-17.063,0,"Megu3568",-19.085,-44.94,0,"Fresh825",-8.375,-66.54,0,"인생최패망자",19.396,-42.555,0,"Yaksok~",13.793,-60.902,0,"Gonyong",53.247,-99.519,0,"IbikiKai_JP",2.567,-127.487,0,"SOM_candy",-51.966,-103.464,0,0,0,0,0,0,"",0,0,0,0,5537.938,5539.001,5538.837,,0,0
116,4,1,13,0,1,2,1,0,1,1,255,8,0,21,5554.525,"ʚEveɞ",R,5,76,124,-1.916,-0.126,-0.027,1.417,-0.605,1.535,-36.638,19.589,1,0,-143.528,0,12.535,0,0,0,3,4,L,"눈꽃",190,90,0.5,0,57,0,0,0,0,0,0,0,0,0,0,0,0,0,0,0,-0.183,-37.347,0,"Pring__",-0.079,-17.048,0,"Megu3568",-19.137,-44.952,0,"Fresh825",-8.182,-66.601,0,"인생최패망자",18.53,-42.767,0,"Yaksok~",14.065,-62.374,0,"Gonyong",53.267,-99.554,0,"IbikiKai_JP",1.393,-126.586,0,"SOM_candy",-49.798,-102.05,0,0,0,0,0,0,"",0,0,0,0,5556.171,5557.896,5557.198,,0,0
117,4,1,13,0,2,2,1,0,1,1,255,8,0,22,5567.075,"ʚEveɞ",R,6,56,102,-1.278,-0.459,-0.183,1.359,-1.335,1.35,-36.522,0.313,2,0,463.636,0,96.366,0,0,1,3,4,L,"눈꽃",190,90,0.5,3,57,5568.379,221,143,88,129,53,145,130,95.242,79.827,0.36,0.006,-0.066,0,0.526,-0.099,-37.229,0,"Pring__",0.042,-17.052,0,"Megu3568",-18.954,-44.915,0,"Fresh825",-8.137,-66.418,0,"인생최패망자",18.937,-42.968,0,"Yaksok~",13.785,-62.288,0,"Gonyong",53.312,-99.598,0,"IbikiKai_JP",2.973,-126.509,0,"SOM_candy",-51.836,-102.575,0,0,0,0,0,0,"",0,0,0,0,,5571.044,5572.51,,1,3
118,4,1,13,0,2,2,1,0,1,1,255,8,0,23,5582.824,"ʚEveɞ",R,32,77,128,2.58,-0.062,0.29,1.405,0.867,1.498,-36.692,33.846,4,0,159.675,-83.659,10.601,0,0,1,3,4,L,"눈꽃",190,90,0.5,0,86,0,0,0,0,0,0,0,0,0,0,0,0,0,0,0,-0.074,-37.343,0,"Pring__",0.198,-16.953,0,"Megu3568",-18.59,-44.71,0,"Fresh825",-8.727,-67.07,0,"인생최패망자",19.052,-42.319,0,"Yaksok~",13.739,-62.155,0,"Gonyong",53.778,-99.08,0,"IbikiKai_JP",7.362,-127.438,0,"SOM_candy",-54.776,-104.297,0,0,0,0,0,0,"",0,0,0,0,5584.438,5586.228,5586.549,,0,0
119,4,1,13,0,0,0,2,0,1,1,255,8,0,24,5599.706,"ʚEveɞ",R,32,77,128,-0.805,0.152,-0.053,1.432,-0.73,1.586,-36.597,23.694,0,0,250,-133.63,14.187,0,0,0,4,1,L,"encounter v",190,90.209,0.497,0,45,0,0,0,0,0,0,0,0,0,0,0,0,0,0,0,-0.053,-37.466,0,"Pring__",-0.053,-16.978,0,"Megu3568",-18.795,-44.742,0,"Fresh825",-8.607,-66.872,0,"인생최패망자",19.011,-42.318,0,"Yaksok~",13.356,-63.999,0,"Gonyong",53.781,-99.012,0,"IbikiKai_JP",7.307,-127.236,0,"SOM_candy",-54.25,-101.034,0,0,0,0,0,0,"",0,0,0,0,5601.188,5602.385,5602.785,,0,0
120,4,1,13,0,0,1,2,0,1,1,255,8,0,25,5615.055,"ʚEveɞ",R,0,81,133,-0.855,0.201,0.023,1.481,-0.373,1.743,-36.674,26.869,0,0,0,0,0,0,0,1,4,1,L,"encounter v",190,90.209,0.497,0,45,0,0,0,0,0,0,0,0,0,0,0,0,0,0,0,-0.287,-37.358,0,"Pring__",-0.093,-16.924,0,"Megu3568",-18.777,-44.737,0,"Fresh825",-8.775,-66.888,0,"인생최패망자",18.903,-44.051,0,"Yaksok~",14.435,-63.194,0,"Gonyong",53.837,-99.075,0,"IbikiKai_JP",7.331,-127.196,0,"SOM_candy",-48.624,-102.36,0,0,0,0,0,0,"",0,0,0,0,5616.538,5617.9,5618.233,,0,0
121,4,1,13,0,0,2,2,0,1,1,255,8,0,26,5630.407,"ʚEveɞ",R,0,77,129,0.026,0.938,0.105,1.623,0.008,2.202,-36.681,33.102,0,0,0,0,0,0,0,1,4,1,L,"encounter v",190,90.209,0.497,0,45,0,0,0,0,0,0,0,0,0,0,0,0,0,0,0,-0.11,-37.29,0,"Pring__",-0.089,-16.902,0,"Megu3568",-18.755,-44.711,0,"Fresh825",-8.78,-66.817,0,"인생최패망자",18.783,-43.234,0,"Yaksok~",13.971,-63.99,0,"Gonyong",53.692,-99.263,0,"IbikiKai_JP",7.35,-127.219,0,"SOM_candy",-47.123,-103.182,0,0,0,0,0,0,"",0,0,0,0,5631.838,5633.592,5635.792,,0,0
122,4,0,13,0,0,0,0,0,0,0,255,255,255,31,5704.432,"Slaris",R,6,91,131,1.418,-0.668,-0.22,1.591,0.2,1.229,-36.195,8.489,0,0,303.766,0,20.283,0,0,1,0,0,L,"ʚEveɞ",165,80,0.297,0,57,0,0,0,0,0,0,0,0,0,0,0,0,0,0,0,-0.015,-37.072,0,"encounter v",0.044,-17.79,0,"_이누_",-20.997,-47.341,0,"˗ˋˏ 카피 ˎˊ˗",-10.637,-61.546,0,"눈꽃",18.081,-43.487,0,"coder_",11.458,-64.165,0,"소솨소솨",41.211,-85.481,0,"ke ro",3.994,-105.003,0,"Sabo_10",-38.187,-84.167,0,0,0,0,0,0,"",0,0,0,0,5705.888,,,,0,0
123,4,0,13,0,0,1,0,0,0,0,255,255,255,32,5719.525,"Slaris",R,1,78,129,-0.705,-0.114,0.209,1.831,0.584,1.704,-36.717,54.667,2,0,0,0,9.454,0,0,1,0,0,L,"ʚEveɞ",165,80,0.297,3,57,5720.522,255,129,143,28,0,145,112,-14.573,9.72,0.14,0.058,-0.031,0,0.431,-0.348,-36.323,0,"encounter v",0.077,-17.495,0,"_이누_",-20.146,-47.105,86,"˗ˋˏ 카피 ˎˊ˗",-13.132,-62.344,87,"눈꽃",18.032,-43.408,0,"coder_",11.76,-63.834,0,"소솨소솨",41.2,-85.569,0,"ke ro",3.992,-105.002,0,"Sabo_10",-37.037,-83.294,0,5720.638,-0.634,-23.283,5722.455,3,"˗ˋˏ 카피 ˎˊ˗",-7.07,-60.909,0,1,,,,,162,2
124,4,0,13,0,0,0,1,0,0,0,255,255,255,33,5747.25,"Slaris",R,0,71,124,-0.096,0.751,0.069,1.94,-0.044,2.023,-36.652,54.776,2,0,0,0,19.301,0,0,1,1,2,R,"Megu3568",175,86,0.404,3,57,5748.405,255,126,150,116,52,145,91,42.597,23.892,-0.5,0.006,0.041,0,0.546,-0.272,-36.507,0,"encounter v",0.017,-17.364,0,"_이누_",-21.564,-47.908,0,"˗ˋˏ 카피 ˎˊ˗",-14.43,-63.234,0,"눈꽃",18.215,-49.926,0,"coder_",11.197,-65.41,0,"소솨소솨",35.508,-87.855,0,"ke ro",-6.688,-99.458,0,"Sabo_10",-40.196,-82.907,116,5753.571,-35.048,-78.472,5753.738,8,"Sabo_10",-34.161,-77.057,0,0,,,,,6,1
125,4,0,13,0,0,0,2,0,0,0,255,255,255,34,5775.975,"Slaris",R,34,71,125,-0.086,0.749,0.087,1.933,-0.286,2.044,-36.575,47.666,2,0,97.331,-58.301,15.78,0,0,1,2,6,R,"Gonyong",175.2,80,0.2,3,57,5777.072,243,135,123,129,60,145,98,98.515,-77.193,-0.16,-0.015,-0.013,0.095,0.252,-0.275,-36.469,0,"encounter v",-0.013,-17.42,0,"_이누_",-22.284,-48.515,0,"˗ˋˏ 카피 ˎˊ˗",-13.728,-62.808,0,"눈꽃",20.785,-45.269,0,"coder_",11.148,-65.208,0,"소솨소솨",35.79,-88.026,0,"ke ro",-5.757,-101.362,0,"Sabo_10",-41.671,-85.272,0,0,0,0,0,0,"",0,0,0,0,,,,,2,3
126,4,0,13,0,0,1,2,0,0,0,255,255,255,35,5795.539,"Slaris",R,0,74,126,-1.328,-1.136,-0.265,1.7,-0.57,0.954,-36.266,13.666,1,0,0,20.06,1.147,0,0,0,2,6,R,"Gonyong",175.2,80,0.2,0,57,0,0,0,0,0,0,0,0,0,0,0,0,0,0,0,0.009,-38.05,0,"encounter v",-0.508,-17.63,0,"_이누_",-21.015,-46.592,0,"˗ˋˏ 카피 ˎˊ˗",-13.008,-63.537,0,"눈꽃",20.82,-45.444,0,"coder_",5.325,-67.081,0,"소솨소솨",34.548,-87.377,0,"ke ro",-8.329,-102.477,0,"Sabo_10",-41.149,-80.726,0,0,0,0,0,0,"",0,0,0,0,5797.004,,,,0,0
127,4,0,13,0,1,1,2,0,0,0,255,255,255,36,5812.967,"Slaris",R,0,77,128,-2.135,1.048,-0.291,1.914,-0.931,2.199,-36.453,28.898,1,0,6.978,0,21.854,0,0,0,2,6,R,"Gonyong",175.2,80,0.2,0,57,0,0,0,0,0,0,0,0,0,0,0,0,0,0,0,-0.147,-36.876,0,"encounter v",-0.268,-17.24,0,"_이누_",-22.144,-47.962,0,"˗ˋˏ 카피 ˎˊ˗",-13.649,-63.59,0,"눈꽃",19.19,-49.159,0,"coder_",7.198,-66.862,0,"소솨소솨",35.664,-86.623,0,"ke ro",-8.822,-105.382,0,"Sabo_10",-42.92,-85.122,0,0,0,0,0,0,"",0,0,0,0,5814.438,,,,0,0
128,4,0,13,0,2,1,2,0,0,0,255,255,255,37,5831.976,"Slaris",R,34,91,140,-0.75,-1.472,-0.149,1.693,-0.448,0.674,-36.304,14.709,2,0,97.356,-71.553,19.366,0,0,1,2,6,R,"Gonyong",175.2,80,0.2,3,57,5833.014,185,136,140,120,58,145,78,-0.927,23.491,0.96,-0.038,-0.041,0.048,0.209,-0.388,-36.426,0,"encounter v",-0.211,-17.429,0,"_이누_",-21.275,-48.225,92,"˗ˋˏ 카피 ˎˊ˗",-14.122,-63.258,85,"눈꽃",19.109,-48.241,0,"coder_",9.406,-66.366,0,"소솨소솨",36.342,-88.429,0,"ke ro",-8.839,-105.386,0,"Sabo_10",-44.213,-87.265,0,5833.188,-2.07,-22.966,5835.604,3,"˗ˋˏ 카피 ˎˊ˗",-16.162,-55.476,0,0,,,,,163,2
129,5,1,13,0,0,0,0,0,0,0,255,255,255,27,5907.688,"ʚEveɞ",R,32,78,129,0.347,0.889,0.083,1.59,-0.098,2.097,-36.684,29.111,0,0,186.628,-79.132,12.494,0,0,1,5,2,R,"_이누_",190,90.187,0.45,0,57,0,0,0,0,0,0,0,0,0,0,0,0,0,0,0,-0.154,-37.456,0,"Pring__",0.074,-17.12,0,"Megu3568",-18.378,-44.471,0,"Fresh825",-16.267,-63.139,0,"인생최패망자",19.96,-51.73,0,"Yaksok~",8.94,-65.158,0,"Gonyong",45.289,-91.426,0,"IbikiKai_JP",1.589,-115.984,0,"SOM_candy",-43.894,-83.346,0,0,0,0,0,0,"",0,0,0,0,5909.205,,,,0,0
130,5,1,13,0,0,1,0,0,0,0,255,255,255,28,5920.083,"ʚEveɞ",R,32,85,139,-0.648,0.486,-0.018,1.51,-0.565,1.839,-36.628,15.509,2,0,206.062,-97.19,19.225,0,0,1,5,2,R,"_이누_",190,90.187,0.45,3,57,5921.255,148,121,140,80,28,145,100,26.254,41.795,0.92,0.005,-0.076,0,0.18,-0.147,-37.143,0,"Pring__",0.067,-17.065,0,"Megu3568",-18.424,-44.4,0,"Fresh825",-16.215,-63.037,0,"인생최패망자",20.99,-53.337,0,"Yaksok~",10.49,-64.513,0,"Gonyong",45.346,-91.487,0,"IbikiKai_JP",1.605,-115.987,0,"SOM_candy",-45.289,-84.702,0,5925.738,-66.702,-72.257,0,0,"",0,0,0,0,,,,,1,3
131,5,1,13,0,0,2,0,0,0,0,255,255,255,29,5937.419,"ʚEveɞ",R,6,58,104,1.205,-0.508,0.009,1.351,-0.44,1.321,-36.594,7.024,2,0,472.712,4.008,32.337,0,0,1,5,2,R,"_이누_",190,90.187,0.45,3,57,5938.705,236,175,71,76,44,145,107,25.459,-2.159,0,0.004,-0.077,0,0.275,0.199,-37.016,0,"Pring__",0.057,-17.089,0,"Megu3568",-18.204,-44.458,0,"Fresh825",-16.828,-62.967,0,"인생최패망자",20.904,-52.144,0,"Yaksok~",10.986,-64.221,0,"Gonyong",43.067,-92.273,0,"IbikiKai_JP",1.614,-113.987,85,"SOM_candy",-46.58,-82.765,0,0,0,0,5943.538,7,"IbikiKai_JP",-12.623,-107.215,0,0,,,,,145,1
132,5,1,13,0,0,0,1,0,0,0,255,255,255,30,5965.203,"ʚEveɞ",R,32,76,128,-0.078,1.017,0.045,1.555,-0.271,2.032,-36.544,19.839,2,0,157.786,-114.415,18.55,0,0,1,6,7,R,"ke ro",165.4,80,0.372,3,57,5966.294,199,118,63,75,44,139,91,96.934,-58.903,-0.14,-0.031,-0.053,0,0.527,-0.06,-36.783,0,"Pring__",0.068,-17.101,0,"Megu3568",-18.465,-45.13,0,"Fresh825",-14.788,-61.238,0,"인생최패망자",21.101,-53.308,0,"Yaksok~",11.644,-64.724,0,"Gonyong",41.911,-88.42,0,"IbikiKai_JP",-7.492,-119.754,0,"SOM_candy",-43.12,-82.469,0,5972.655,-24.901,-3.798,0,0,"",0,0,0,0,,,,,1,3
133,5,1,13,0,0,1,1,0,0,0,255,255,255,31,5980.473,"ʚEveɞ",R,32,89,140,0.601,-2.879,0.008,1.311,-0.445,1.123,-36.569,14.392,2,0,225.7,-53.796,8.343,0,0,1,6,7,R,"ke ro",165.4,80,0.372,3,57,5981.501,138,139,49,55,42,132,77,-13.129,-17.723,-0.68,-0.086,-0.117,0,0.447,-0.183,-36.97,0,"Pring__",0.104,-17.146,0,"Megu3568",-19.97,-45.698,82,"Fresh825",-15.902,-63.002,0,"인생최패망자",22.517,-54.471,0,"Yaksok~",10.565,-65.299,105,"Gonyong",29.006,-88.366,0,"IbikiKai_JP",-7.097,-105.036,0,"SOM_candy",-45.261,-83.979,0,5981.488,0.697,-22.458,5984.088,5,"Yaksok~",12.442,-57.73,0,0,,,,,35,2
134,5,1,13,0,0,0,2,0,0,0,255,255,255,32,6004.643,"ʚEveɞ",R,32,81,133,-1.591,0.889,-0.086,1.548,-0.881,2.005,-36.604,14.355,1,0,154.192,-85.578,20.828,0,0,0,7,3,L,"˗ˋˏ 카피 ˎˊ˗",166.4,87.669,0.543,0,57,0,0,0,0,0,0,0,0,0,0,0,0,0,0,0,-0.306,-37.187,0,"Pring__",0.002,-17.147,0,"Megu3568",-18.775,-44.296,0,"Fresh825",-8.757,-65.557,0,"인생최패망자",22.387,-48.995,0,"Yaksok~",14.278,-61.873,0,"Gonyong",47.898,-85.106,0,"IbikiKai_JP",5.834,-102.973,0,"SOM_candy",-40.255,-86.276,0,0,0,0,0,0,"",0,0,0,0,6006.121,,,,0,0
135,5,1,13,0,1,0,2,0,0,0,255,255,255,33,6016.077,"ʚEveɞ",R,32,86,140,-1.297,-0.925,-0.07,1.289,-0.809,1.044,-36.51,10.956,2,0,184.146,-57.977,10.471,0,0,1,7,3,L,"˗ˋˏ 카피 ˎˊ˗",166.4,87.669,0.543,2,57,6017.208,131,87,78,61,38,138,117,30.068,-34.168,0.57,0.128,-0.091,0,0.338,-0.224,-37.075,0,"Pring__",-0.039,-17.132,0,"Megu3568",-18.745,-44.339,0,"Fresh825",-8.758,-65.35,0,"인생최패망자",23.016,-49.577,0,"Yaksok~",13.924,-62.505,0,"Gonyong",49.823,-89.256,108,"IbikiKai_JP",6.214,-102.704,0,"SOM_candy",-40.769,-86.264,0,6021.421,61.986,-91.932,6021.655,6,"Gonyong",59.962,-90.169,0,0,,,,,6,1
136,5,0,13,0,0,0,0,0,0,0,255,255,255,38,6108.954,"Slaris",R,29,80,131,-0.937,-0.111,-0.176,1.893,-0.095,1.438,-36.343,30.834,2,0,-232.092,-91.551,31.432,0,0,1,3,1,L,"Pring__",190,94.516,0.475,3,57,6109.73,225,155,123,152,89,145,116,13.267,10.126,0.8,-0.014,-0.043,0,0.587,-0.346,-36.396,0,"encounter v",-0.165,-17.375,0,"_이누_",-21.721,-48.074,0,"˗ˋˏ 카피 ˎˊ˗",-13.583,-63.528,0,"눈꽃",20.786,-48.468,0,"coder_",10.985,-66.557,86,"소솨소솨",45.308,-94.581,0,"ke ro",4.554,-117.861,100,"Sabo_10",-48.381,-99.067,0,6113.221,-1.761,-108.218,6113.604,7,"ke ro",-1.576,-108.934,1,0,,,,,67,2
137,5,0,13,0,0,0,0,1,0,0,10,255,255,39,6139.564,"Slaris",R,34,74,126,2.251,1.282,0.315,1.916,0.84,2.379,-36.859,61.376,4,0,79.322,-27.623,8.695,0,0,1,4,4,R,"인생최패망자",190,80,0.401,0,57,0,0,0,0,0,0,0,0,0,0,0,0,0,0,0,-0.004,-37.227,0,"encounter v",-1.084,-19.098,0,"_이누_",-20.455,-46.15,0,"˗ˋˏ 카피 ˎˊ˗",-10.234,-63.97,0,"눈꽃",21.6,-46.81,0,"coder_",7.269,-64.896,0,"소솨소솨",45.714,-89.855,0,"ke ro",-0.262,-111.197,0,"Sabo_10",-41.041,-83.135,0,0,0,0,0,0,"",0,0,0,0,6141.004,,,,0,0
138,5,0,13,0,0,1,0,1,0,0,10,255,255,40,6157.267,"Slaris",R,6,73,115,-1.008,0.793,-0.357,1.88,-1.167,2.098,-36.467,22.65,2,0,448.521,0,4.616,0,0,1,4,4,R,"인생최패망자",190,80,0.401,3,57,6158.344,254,190,129,138,97,145,129,-30,46.996,0.65,-0.085,-0.006,0,0.338,-0.179,-36.562,0,"encounter v",-0.21,-17.44,0,"_이누_",-20.527,-46.013,0,"˗ˋˏ 카피 ˎˊ˗",-13.135,-63.995,0,"눈꽃",21.188,-47.069,0,"coder_",10.292,-62.998,0,"소솨소솨",44.311,-89.888,0,"ke ro",0.325,-111.181,0,"Sabo_10",-40.921,-83.38,0,6158.371,-2.598,-23.332,0,0,"",0,0,0,0,,,,,2,3
139,5,0,13,0,0,2,0,1,0,0,10,255,255,41,6178.283,"Slaris",R,34,70,124,0.116,2.005,0.122,2.043,-0.079,2.831,-36.835,62.56,2,0,75.797,-27.561,9.167,0,0,1,4,4,R,"인생최패망자",190,80,0.401,3,87,6179.389,255,86,125,89,43,145,90,93.429,74.202,-0.82,0.038,0.032,0,0.3,-0.035,-36.047,0,"encounter v",-0.068,-17.592,0,"_이누_",-21.259,-45.687,0,"˗ˋˏ 카피 ˎˊ˗",-13.744,-63.145,0,"눈꽃",21.043,-47.673,0,"coder_",10.724,-64.768,0,"소솨소솨",45.942,-91.412,0,"ke ro",-0.389,-111.275,0,"Sabo_10",-42.295,-83.899,0,6185.821,19.824,-7.603,0,0,"",0,0,0,0,,,,,2,3
140,5,0,13,0,0,2,0,1,0,0,10,255,255,42,6203.299,"Slaris",R,27,83,136,0.524,1.424,-0.036,1.975,0.167,2.402,-36.533,35.787,2,0,45.607,-106.354,18.167,0,0,1,4,4,R,"인생최패망자",190,80,0.401,3,87,6204.343,224,144,136,113,57,145,91,58.257,-48.572,-0.77,-0.002,0.017,0,0.32,-0.432,-36.733,0,"encounter v",-0.121,-17.747,0,"_이누_",-22.529,-47.866,0,"˗ˋˏ 카피 ˎˊ˗",-13.853,-63.417,0,"눈꽃",21.219,-47.855,0,"coder_",11.154,-65.445,0,"소솨소솨",44.271,-89.218,0,"ke ro",0.029,-109.524,0,"Sabo_10",-42.009,-85.258,0,6209.838,52.432,-56.564,0,0,"",0,0,0,0,,,,,2,3
141,5,0,13,0,0,2,0,1,0,0,10,255,255,43,6227.113,"Slaris",R,6,77,119,1.528,-0.807,-0.088,1.699,0.13,1.087,-36.36,17.377,2,0,342.932,0,10.247,0,0,1,4,4,R,"인생최패망자",190,80,0.401,3,87,6228.18,204,195,108,153,83,145,105,25.987,-23.733,0.88,-0.107,-0.162,0,0.388,-0.403,-36.606,0,"encounter v",-0.048,-17.649,0,"_이누_",-21.69,-48.048,0,"˗ˋˏ 카피 ˎˊ˗",-13.813,-63.727,0,"눈꽃",21.38,-47.834,120,"coder_",11.349,-65.413,0,"소솨소솨",44.111,-85.87,0,"ke ro",0.202,-102.024,85,"Sabo_10",-40.762,-82.678,0,6232.921,34.395,-105.497,6236.655,7,"ke ro",38.146,-120.144,1,0,,6233.548,6238.64,,74,2
142,5,0,13,0,0,0,0,0,1,1,255,13,10,44,6270.216,"Slaris",R,14,74,114,1.97,-2.099,-0.16,1.649,0.218,0.803,-36.141,13.612,2,0,390.434,312.348,-1.569,0,0,1,5,5,R,"Yaksok~",172.7,95.241,0.25,3,57,6271.133,189,102,146,95,44,145,126,-30,1.792,0.55,-0.101,-0.055,0,0.375,-0.273,-36.511,0,"encounter v",-0.006,-17.291,0,"_이누_",-22.463,-47.952,0,"˗ˋˏ 카피 ˎˊ˗",-13.052,-63.517,0,"눈꽃",19.465,-45.229,0,"coder_",6.757,-64.801,98,"소솨소솨",31.356,-81.195,0,"ke ro",1.218,-106.21,100,"Sabo_10",-38.518,-82.238,0,6271.055,0.387,-20.208,6274.221,7,"ke ro",-1.754,-91.736,1,0,6278.821,,6275.837,6276.743,347,2
143,5,0,13,1,0,0,0,1,0,1,14,255,13,0,6456.479,"눈꽃",R,33,91,140,-2.397,1.127,-0.065,1.319,-1.219,2.321,-36.461,16.214,2,0,132.271,62.083,4.362,0,0,1,6,8,L,"SOM_candy",170.3,87.719,0.452,3,57,6457.586,75,60,114,82,42,123,102,36.279,24.781,0.18,-0.073,0.07,0,0.25,-0.139,-37.054,0,"encounter v",-0.131,-17.581,0,"_이누_",-18.666,-48.419,0,"˗ˋˏ 카피 ˎˊ˗",-13.024,-63.498,0,"Slaris",21.697,-49.531,0,"coder_",11.789,-64.567,0,"소솨소솨",42.208,-82.948,0,"ke ro",9.408,-103.095,0,"Sabo_10",-39.612,-83.738,0,6462.788,-30.524,-97.037,6463.038,8,"Sabo_10",-29.724,-94.799,0,0,6468.188,,6463.992,,29,1
144,5,0,13,1,0,0,1,1,0,1,14,255,13,1,6490.534,"눈꽃",R,32,91,140,-2.431,1.039,-0.01,1.278,-1.261,2.314,-36.435,13.927,1,0,152.904,95.71,6.829,0,0,0,7,7,L,"IbikiKai_JP",172.6,90.478,0.5,0,57,0,0,0,0,0,0,0,0,0,0,0,0,0,0,0,0.245,-37.34,0,"encounter v",-0.168,-17.734,0,"_이누_",-20.58,-46.851,0,"˗ˋˏ 카피 ˎˊ˗",-8.637,-62.416,0,"Slaris",21.409,-47.893,0,"coder_",9.418,-63.714,0,"소솨소솨",41.448,-87.799,0,"ke ro",7.926,-109.759,0,"Sabo_10",-38.857,-83.831,0,0,0,0,0,0,"",0,0,0,0,6491.955,,6493.018,,0,0
145,5,0,13,1,1,0,1,1,0,1,14,255,13,2,6505.865,"눈꽃",R,32,91,140,-1.436,0.658,0.03,1.23,-0.875,2.085,-36.447,18.669,2,0,186.582,83.167,14.358,0,0,1,7,7,L,"IbikiKai_JP",172.6,90.478,0.5,3,57,6506.957,85,45,26,41,40,57,57,104.377,35.24,0.51,-0.043,-0.043,0,0.389,0.043,-37.267,0,"encounter v",-0.132,-17.537,0,"_이누_",-21.126,-48.813,0,"˗ˋˏ 카피 ˎˊ˗",-10.018,-64.114,0,"Slaris",20.843,-48.164,0,"coder_",12.898,-64.939,0,"소솨소솨",41.536,-87.72,0,"ke ro",7.201,-110.493,0,"Sabo_10",-37.695,-82.322,0,0,0,0,6511.938,1,"encounter v",8.871,-5.999,0,0,6511.938,,6510.338,,24,1
146,5,0,13,1,0,0,2,1,0,1,14,255,13,3,6537.9,"눈꽃",R,33,91,140,-2.294,0.477,-0.032,1.213,-1.147,1.93,-36.527,22.067,2,0,140.401,37.383,4.285,0,0,1,8,3,L,"Fresh825",172.5,80,0.2,3,57,6538.968,77,98,79,53,0,118,70,-40.676,-52.156,-0.71,0.044,-0.039,0,0.103,0.019,-37.174,0,"encounter v",-0.098,-17.442,0,"_이누_",-20.109,-47.696,0,"˗ˋˏ 카피 ˎˊ˗",-12.856,-64.21,0,"Slaris",21.956,-49.804,85,"coder_",12.553,-64.211,0,"소솨소솨",40.036,-82.035,0,"ke ro",2.689,-103.877,0,"Sabo_10",-38.957,-82.943,0,6539.021,1.075,-21.051,6541.888,4,"Slaris",27.902,-42.671,0,0,,,6545.764,,10,2
147,5,0,13,1,0,1,2,1,0,1,14,255,13,4,6563.475,"눈꽃",R,32,72,125,-1.188,0.709,0.151,1.191,-0.861,2.106,-36.655,27.309,0,0,213.169,65.572,15.128,0,0,0,8,3,L,"Fresh825",172.5,80,0.2,0,78,0,0,0,0,0,0,0,0,0,0,0,0,0,0,0,-0.098,-37.537,0,"encounter v",0.48,-20.146,0,"_이누_",-20.279,-43.953,0,"˗ˋˏ 카피 ˎˊ˗",-6.547,-60.868,0,"Slaris",22.025,-48.434,0,"coder_",11.978,-65.167,0,"소솨소솨",42.827,-86.562,0,"ke ro",6.073,-106.546,0,"Sabo_10",-38.565,-81.252,0,0,0,0,0,0,"",0,0,0,0,6564.971,,6566.664,,0,0
148,5,0,13,1,0,2,2,1,0,1,14,255,13,5,6580.745,"눈꽃",R,32,79,130,-1.228,0.939,0.044,1.28,-0.838,2.26,-36.509,19.736,0,0,208.517,93.636,23.253,0,0,1,8,3,L,"Fresh825",172.5,80,0.2,0,78,0,0,0,0,0,0,0,0,0,0,0,0,0,0,0,0.211,-37.523,0,"encounter v",-0.909,-19.918,0,"_이누_",-20.451,-46.059,0,"˗ˋˏ 카피 ˎˊ˗",-9.518,-62.271,0,"Slaris",21.842,-49.122,0,"coder_",11.699,-64.097,0,"소솨소솨",42.835,-86.544,0,"ke ro",4.617,-106.847,0,"Sabo_10",-38.777,-82.738,0,0,0,0,0,0,"",0,0,0,288,6582.188,6586.032,,6584.755,0,0
