id,inn,half,scoreA,scoreB,ball,strk,out,b1,b2,b3,b1Idx,b2Idx,b3Idx,pCnt,pSec,pName,pHand,pType,pPow,spdK,zoneX,zoneY,startX,startY,targetX,targetY,zDist,pitchAngle,call,balk,sH,sV,gyro,plx,plz,bSwing,bIdx,bPos,bZone,bName,bHCm,batLen,batCen,batType,bFps,hSec,rotS,rotL,shS,lgS,prepS,batSpd,ev,ldeg,sdeg,hPos,hMoveX,hMoveY,buntGrip,handDist,PPosX,PPosY,PThrSpd,CName,CPosX,CPosY,CThrSpd,1BName,1BPosX,1BPosY,1BThrSpd,2BName,2BPosX,2BPosY,2BThrSpd,3BName,3BPosX,3BPosY,3BThrSpd,SSName,SSPosX,SSPosY,SSThrSpd,LFName,LFPosX,LFPosY,LFThrSpd,CFName,CFPosX,CFPosY,CFThrSpd,RFName,RFPosX,RFPosY,RFThrSpd,ltSec,lx,lz,cSec,cPos,cPlr,cx,cz,1BSafe,tag,cpSec,sb2Sec,sb3Sec,sbhSec,ass,result
1,1,1,0,0,0,0,0,0,0,0,255,255,255,0,2053.372,"なおｐ--",R,0,88,140,1.35,0.543,0.126,1.744,0.584,1.95,-36.424,12.509,0,0,0,0,0,0,0,0,0,2,R,"559：広告",190,90.035,0.23,0,54,0,0,0,0,0,0,0,0,0,0,0,0,0,0,0,-0.31,-37.749,0,"Kr_Luna",0.017,-17.674,0,"_Chun",-22.429,-50.338,0,"오띵__",-12.654,-65.48,0,"_AKASATA_",23.948,-51.525,0,"CVPileMaki",14.382,-63.975,0,"M_lunatic",38.59,-96.408,0,"Multeinn",-4.612,-111.441,0,"NABIMan",-46.922,-90.436,0,0,0,0,0,0,"",0,0,0,0,2054.291,,,,0,0
2,1,1,0,0,0,1,0,0,0,0,255,255,255,1,2072.302,"なおｐ--",R,0,95,140,1.595,0.06,0.148,1.651,0.69,1.648,-36.486,8.967,2,0,0,0,0,0,0,1,0,2,R,"559：広告",190,90.035,0.23,3,54,2073.376,255,114,89,108,61,145,89,104.062,76.049,-0.89,-0.042,-0.096,0,0.359,-0.122,-37.395,0,"Kr_Luna",0.136,-17.683,0,"_Chun",-22.368,-50.317,0,"오띵__",-12.588,-65.487,0,"_AKASATA_",22.033,-51.24,0,"CVPileMaki",14.394,-64.077,0,"M_lunatic",38.349,-96.026,0,"Multeinn",-7.286,-108.555,0,"NABIMan",-48.229,-90.892,0,0,0,0,0,0,"",0,0,0,0,,,,,32,3
3,1,1,0,0,0,2,0,0,0,0,255,255,255,2,2096.258,"なおｐ--",R,0,90,140,1.484,-0.166,0.114,1.646,0.53,1.633,-36.463,8.4,4,0,0,0,0,-0.341,-19.883,1,0,2,R,"559：広告",190,90.035,0.23,0,53,0,0,0,0,0,0,0,0,0,0,0,0,0,0,0,-0.056,-37.387,0,"Kr_Luna",0.007,-18.198,0,"_Chun",-22.419,-51.015,0,"오띵__",-12.489,-65.369,0,"_AKASATA_",22.521,-49.849,0,"CVPileMaki",14.386,-64.044,0,"M_lunatic",35.021,-93.29,0,"Multeinn",-6.213,-106.434,0,"NABIMan",-49.889,-91.182,0,0,0,0,0,0,"",0,0,0,0,2098.557,,,,0,0
4,1,1,0,0,0,0,1,0,0,0,255,255,255,3,2127.314,"なおｐ--",R,0,83,136,-1.745,-0.102,-0.162,1.622,-0.755,1.541,-36.478,10.01,1,0,0,0,0,0,0,0,1,3,R,"sano jpn",169.7,89.796,0.314,0,53,0,0,0,0,0,0,0,0,0,0,0,0,0,0,0,-0.266,-37.276,0,"Kr_Luna",0.02,-17.806,0,"_Chun",-21.652,-50.215,0,"오띵__",-12.616,-65.459,0,"_AKASATA_",23.155,-50.728,0,"CVPileMaki",11.196,-65.397,0,"M_lunatic",35.513,-94.58,0,"Multeinn",-2.648,-109.322,0,"NABIMan",-49.338,-93.816,0,0,0,0,0,0,"",0,0,0,0,2128.307,,,,0,0
5,1,1,0,0,1,0,1,0,0,0,255,255,255,4,2146.105,"なおｐ--",R,0,84,138,-1.031,-1.159,-0.096,1.459,-0.446,0.952,-36.486,7.675,1,0,0,0,0,0,0,0,1,3,R,"sano jpn",169.7,89.796,0.314,0,53,0,0,0,0,0,0,0,0,0,0,0,0,0,0,0,-0.213,-37.218,0,"Kr_Luna",0.012,-17.841,0,"_Chun",-22.175,-49.382,0,"오띵__",-13.34,-65.124,0,"_AKASATA_",23.603,-50.76,0,"CVPileMaki",10.388,-65.583,0,"M_lunatic",35.465,-94.602,0,"Multeinn",-2.421,-109.786,0,"NABIMan",-50.878,-95.944,0,0,0,0,0,0,"",0,0,0,0,2147.074,,,,0,0
6,1,1,0,0,2,0,1,0,0,0,255,255,255,5,2166.978,"なおｐ--",R,0,85,139,1.233,0.194,0.115,1.668,0.533,1.708,-36.562,12.789,0,0,0,0,0,0,0,1,1,3,R,"sano jpn",169.7,89.796,0.314,0,53,0,0,0,0,0,0,0,0,0,0,0,0,0,0,0,-0.168,-37.684,0,"Kr_Luna",0.038,-17.74,0,"_Chun",-22.032,-49.096,0,"오띵__",-12.759,-65.365,0,"_AKASATA_",21.129,-50.55,0,"CVPileMaki",10.397,-65.463,0,"M_lunatic",35.113,-94.759,0,"Multeinn",-2.149,-109.621,0,"NABIMan",-51.591,-96.207,0,0,0,0,0,0,"",0,0,0,0,2167.99,,,,0,0
7,1,1,0,0,2,1,1,0,0,0,255,255,255,6,2187.675,"なおｐ--",R,13,48,83,-1.996,-0.742,-0.014,1.751,-0.077,1.88,-36.835,12.525,2,0,-294.601,312.348,0,0,0,0,1,3,R,"sano jpn",169.7,89.796,0.314,3,53,2189.033,136,40,88,86,60,140,128,-1.248,1.358,0.57,-0.069,-0.026,0.476,0.309,-0.216,-37.5,0,"Kr_Luna",-0.079,-17.818,0,"_Chun",-21.669,-48.798,0,"오띵__",-12.877,-65.305,0,"_AKASATA_",20.62,-55.923,0,"CVPileMaki",8.275,-66.347,78,"M_lunatic",35.18,-94.924,0,"Multeinn",-2.261,-110.613,90,"NABIMan",-52.511,-96.051,0,2188.907,-0.903,-32.253,2191.791,7,"Multeinn",-5.386,-97.093,1,0,,,,,289,2
8,1,1,0,0,0,0,1,1,0,0,3,255,255,7,2217.687,"なおｐ--",R,10,48,99,-2.707,-1.352,-0.114,1.537,-1.174,1.305,-36.693,17.029,1,0,0,400,0,0,0,0,2,1,R,"ゆっち一",190,83.623,0.399,0,52,0,0,0,0,0,0,0,0,0,0,0,0,0,0,0,-0.248,-37.497,0,"Kr_Luna",-0.108,-18.138,119,"_Chun",-20.762,-45.186,0,"오띵__",-12.415,-65.799,0,"_AKASATA_",18.786,-52.536,0,"CVPileMaki",0.495,-58.99,0,"M_lunatic",32.476,-104.192,0,"Multeinn",-9.034,-116.053,0,"NABIMan",-45.169,-101.632,0,0,0,0,0,0,"",0,0,0,0,2218.824,2220.489,,,0,0
9,1,1,0,0,1,0,1,0,1,0,255,3,255,8,2248.865,"なおｐ--",R,0,69,123,1.285,0.204,0.12,1.677,0.556,1.733,-36.525,15.217,0,0,0,0,0,0,0,1,2,1,R,"ゆっち一",190,83.623,0.399,0,52,0,0,0,0,0,0,0,0,0,0,0,0,0,0,0,-0.122,-37.254,0,"Kr_Luna",0.038,-17.66,0,"_Chun",-22.081,-48.99,0,"오띵__",-12.581,-64.107,0,"_AKASATA_",19.211,-44.932,0,"CVPileMaki",6.911,-65.35,0,"M_lunatic",32.298,-103.598,0,"Multeinn",-7.189,-111.668,0,"NABIMan",-45.01,-102.174,0,0,0,0,0,0,"",0,0,0,0,2249.824,2251.294,,,0,0
10,1,1,0,0,1,1,1,0,1,0,255,3,255,9,2271.074,"なおｐ--",R,10,45,97,-0.436,-2.509,-0.026,1.339,-0.188,0.759,-36.623,11.448,1,0,0,400,0,-0.081,-20.224,0,2,1,R,"ゆっち一",190,83.623,0.399,0,52,0,0,0,0,0,0,0,0,0,0,0,0,0,0,0,-0.291,-37.688,0,"Kr_Luna",0.114,-17.765,0,"_Chun",-22.362,-49.662,0,"오띵__",-10.879,-63.533,0,"_AKASATA_",18.592,-40.488,85,"CVPileMaki",7.697,-65.774,0,"M_lunatic",32.543,-101.967,0,"Multeinn",-8.046,-112.85,0,"NABIMan",-46.768,-101.45,0,0,0,0,0,0,"",0,0,0,0,2272.307,,2273.656,,0,0
11,1,1,0,0,2,1,1,0,0,1,255,255,3,10,2294.765,"なおｐ--",R,0,76,128,1.084,-0.105,0.128,1.61,0.594,1.515,-36.486,10.575,2,0,0,0,0,0,0,1,2,1,R,"ゆっち一",190,83.623,0.399,3,52,2295.876,255,49,95,94,67,145,90,23.653,39.632,-0.82,-0.046,-0.114,0,0.298,-0.006,-37.331,0,"Kr_Luna",0.097,-17.607,0,"_Chun",-21.645,-49.707,0,"오띵__",-10.617,-61.126,0,"_AKASATA_",18.771,-43.871,0,"CVPileMaki",9.665,-57.886,0,"M_lunatic",35.062,-104.345,0,"Multeinn",-5.692,-115.165,0,"NABIMan",-46.64,-102.343,0,2299.007,-47.093,-66.615,0,0,"",0,0,0,0,,,2307.38,2301.055,32,3
12,1,1,0,0,2,2,1,0,0,1,255,255,3,11,2327.151,"なおｐ--",R,13,48,97,-2.315,-0.574,-0.053,1.721,-0.26,1.792,-36.762,13.077,2,0,-331.495,329.671,0,0,0,1,2,1,R,"ゆっち一",190,83.623,0.399,3,74,2328.397,220,130,43,112,64,132,81,98.054,-81.3,0.94,-0.059,-0.149,0,0.578,-0.157,-37.425,0,"Kr_Luna",-0.431,-17.481,0,"_Chun",-22.374,-49.886,0,"오띵__",-10.671,-61.957,0,"_AKASATA_",18.964,-43.134,0,"CVPileMaki",10.033,-57.566,0,"M_lunatic",36.676,-100.351,0,"Multeinn",-7.6,-112.714,0,"NABIMan",-52.393,-94.388,0,0,0,0,0,0,"",0,0,0,0,,,2331.399,,32,3
13,1,1,0,0,2,2,1,0,0,1,255,255,3,12,2348.61,"なおｐ--",R,0,95,140,1.01,-0.842,0.069,1.464,0.322,1.042,-36.434,1.511,2,0,0,0,0,0,0,1,2,1,R,"ゆっち一",190,83.623,0.399,3,74,2349.676,223,83,82,97,57,145,88,-9.679,-1.758,-0.77,-0.075,-0.157,0,0.354,-0.206,-37.166,0,"Kr_Luna",0.082,-17.706,0,"_Chun",-22.045,-49.206,0,"오띵__",-12.039,-62.298,0,"_AKASATA_",19.725,-44.559,0,"CVPileMaki",11.024,-58.706,77,"M_lunatic",36.417,-100.502,0,"Multeinn",-8.735,-113.664,70,"NABIMan",-53.391,-93.685,0,2349.307,0.034,-23.11,2354.074,7,"Multeinn",3.889,-94.448,1,0,,,,2353.762,289,2
14,1,1,1,0,0,0,1,1,0,0,1,255,255,13,2386.485,"なおｐ--",R,0,91,140,-2.014,-0.061,-0.187,1.628,-0.871,1.572,-36.532,15.242,1,0,0,0,0,0,0,0,3,4,R,"にゃんこ3K",190,90.223,0.522,0,51,0,0,0,0,0,0,0,0,0,0,0,0,0,0,0,-0.168,-37.871,0,"Kr_Luna",-0.358,-17.591,0,"_Chun",-20.448,-44.027,82,"오띵__",-14.86,-63.639,0,"_AKASATA_",23.578,-53.79,0,"CVPileMaki",3.135,-61.893,0,"M_lunatic",38.486,-92.043,0,"Multeinn",-2.363,-110.728,0,"NABIMan",-53.655,-96.082,0,0,0,0,0,0,"",0,0,0,0,2387.524,,,,0,0
15,1,1,1,0,1,0,1,1,0,0,1,255,255,14,2409.47,"なおｐ--",R,0,94,140,1.826,0.381,0.17,1.711,0.79,1.842,-36.49,11.143,2,0,0,0,0,0,0,1,3,4,R,"にゃんこ3K",190,90.223,0.522,3,51,2410.571,213,69,91,72,35,145,96,13.289,4.951,-0.55,0.032,-0.068,0,0.314,-0.008,-37.438,0,"Kr_Luna",0.129,-17.566,0,"_Chun",-20.888,-45.281,0,"오띵__",-13.674,-62.455,0,"_AKASATA_",23.717,-53.483,0,"CVPileMaki",6.788,-65.545,75,"M_lunatic",38.411,-91.937,0,"Multeinn",-3.213,-110.842,8,"NABIMan",-52.553,-95.373,0,2412.574,-10.126,-74.269,2414.524,7,"Multeinn",-17.468,-97.616,1,0,,2418.341,,,289,2
16,1,1,1,0,0,0,1,1,1,0,4,1,255,15,2445.83,"なおｐ--",R,13,50,98,0.824,0.031,0.18,1.741,1,2.089,-36.654,17.828,0,0,-347.842,312.348,0,0,0,0,4,5,R,"쟈가리코",174.9,83,0.504,0,50,0,0,0,0,0,0,0,0,0,0,0,0,0,0,0,-0.11,-37.488,0,"Kr_Luna",-0.056,-17.611,0,"_Chun",-20.545,-44.293,0,"오띵__",-13.217,-61.686,0,"_AKASATA_",18.808,-47.826,0,"CVPileMaki",6.03,-63.728,0,"M_lunatic",33.256,-88.139,0,"Multeinn",-3.875,-105.139,0,"NABIMan",-45.878,-90.746,0,0,0,0,0,0,"",0,0,0,0,2447.057,2448.578,,,0,0
17,1,1,1,0,0,1,1,1,1,0,4,1,255,16,2467.705,"なおｐ--",R,0,91,140,1.643,0.198,0.153,1.671,0.711,1.717,-36.453,11.599,2,0,0,0,0,0,0,1,4,5,R,"쟈가리코",174.9,83,0.504,3,50,2468.78,162,78,44,51,18,129,90,107.15,-73.464,-0.01,-0.044,-0.062,0,0.291,-0.182,-37.011,0,"Kr_Luna",0.158,-17.548,0,"_Chun",-21.133,-45.997,0,"오띵__",-13.07,-60.725,0,"_AKASATA_",20.433,-47.827,0,"CVPileMaki",9.401,-63.12,0,"M_lunatic",34.94,-91.119,0,"Multeinn",-6.441,-110.632,0,"NABIMan",-52.839,-91.704,0,0,0,0,0,0,"",0,0,0,0,,2472.487,,,32,3
18,1,1,1,0,0,2,1,1,1,0,4,1,255,17,2490.344,"なおｐ--",R,13,59,91,0.382,-1.01,0.296,1.636,0.918,1.614,-36.574,13.165,2,0,-322.996,312.348,0,0,0,0,4,5,R,"쟈가리코",174.9,83,0.504,3,50,2491.685,128,105,65,51,38,137,128,-30,-25.443,0.56,-0.041,-0.085,0,0.409,0.019,-37.235,0,"Kr_Luna",0.032,-17.552,0,"_Chun",-21.434,-46.055,0,"오띵__",-13.45,-60.94,0,"_AKASATA_",20.043,-42.42,87,"CVPileMaki",6.078,-63.514,0,"M_lunatic",35.753,-92.709,95,"Multeinn",-3.198,-108.139,0,"NABIMan",-51.721,-92.8,0,2491.207,0.254,-19.833,2494.274,6,"M_lunatic",29.236,-81.845,1,0,,2496.982,2496.714,,224,2
19,1,1,1,0,0,0,1,1,1,1,5,4,1,18,2520.34,"なおｐ--",R,0,85,139,1.996,0.249,0.186,1.679,0.864,1.746,-36.455,9.412,2,0,0,0,0,0,0,1,5,8,R,"あくせる",175.2,86.41,0.669,3,73,2521.424,255,54,155,72,41,145,85,11.173,-28.791,-0.81,0.005,-0.066,0,0.212,-0.026,-37.464,0,"Kr_Luna",0.132,-17.659,0,"_Chun",-20.405,-46.108,85,"오띵__",-12.46,-59.563,0,"_AKASATA_",20.808,-47.186,106,"CVPileMaki",10.193,-56.833,0,"M_lunatic",40.648,-94.806,0,"Multeinn",-0.322,-108.035,0,"NABIMan",-50.155,-91.413,0,0,0,0,2522.757,4,"_AKASATA_",14.824,-47.498,0,0,,2524.748,2523.447,,98,1
20,1,1,1,0,0,0,2,1,1,1,5,4,1,19,2551.84,"なおｐ--",R,0,82,134,-1.676,0.529,-0.156,1.724,-0.725,1.905,-36.517,15.22,4,0,0,0,0,0,0,1,6,6,L,"ぐだもん",174.9,94.695,0.318,0,49,0,0,0,0,0,0,0,0,0,0,0,0,0,0,0,-0.282,-37.461,0,"Kr_Luna",0.071,-17.615,0,"_Chun",-22.104,-50.351,0,"오띵__",-13.148,-65.102,0,"_AKASATA_",21.335,-49.477,0,"CVPileMaki",13.773,-62.151,0,"M_lunatic",43.328,-93.407,0,"Multeinn",-1.644,-107.7,0,"NABIMan",-46.951,-94.45,0,0,0,0,0,0,"",0,0,0,0,2552.49,2554.187,2553.858,,0,0
21,1,1,1,0,0,1,2,1,1,1,5,4,1,20,2574.575,"なおｐ--",R,0,81,133,-1.407,0.47,-0.131,1.714,-0.609,1.871,-36.459,11.215,0,0,0,0,0,0,0,1,6,6,L,"ぐだもん",174.9,94.695,0.318,0,49,0,0,0,0,0,0,0,0,0,0,0,0,0,0,0,-0.186,-37.752,0,"Kr_Luna",0.063,-17.603,0,"_Chun",-22.647,-48.4,0,"오띵__",-13.211,-65.036,0,"_AKASATA_",21.237,-48.049,0,"CVPileMaki",14.275,-63.249,0,"M_lunatic",40.832,-89.748,0,"Multeinn",-1.544,-110.283,0,"NABIMan",-46.203,-94.512,0,0,0,0,0,0,"",0,0,0,0,2575.274,2576.851,2576.767,,0,0
22,1,1,1,0,0,2,2,1,1,1,5,4,1,21,2597.867,"なおｐ--",R,0,82,134,-1.781,1.138,-0.166,1.824,-0.771,2.256,-36.474,15.202,4,0,0,0,0,0,0,1,6,6,L,"ぐだもん",174.9,94.695,0.318,0,49,0,0,0,0,0,0,0,0,0,0,0,0,0,0,0,-0.038,-37.556,0,"Kr_Luna",0.117,-17.817,0,"_Chun",-22.517,-47.308,0,"오띵__",-13.504,-64.863,0,"_AKASATA_",21.094,-47.724,0,"CVPileMaki",14.102,-62.561,0,"M_lunatic",38.452,-86.328,0,"Multeinn",-1.022,-105.865,0,"NABIMan",-42.226,-90.242,0,0,0,0,0,0,"",0,0,0,0,2598.557,,,,0,0
23,1,0,1,0,0,0,0,0,0,0,255,255,255,0,2807.615,"Espressο",R,27,105,140,1.141,0.71,0.717,1.756,0.425,1.851,-36.67,33.193,0,0,42.653,-147.956,-0.865,0,0,0,0,5,R,"CVPileMaki",169.5,94,0.399,0,48,0,0,0,0,0,0,0,0,0,0,0,0,0,0,0,0.495,-37.875,0,"ゆっち一",-0.088,-16.497,0,"559：広告",-21.626,-49.451,0,"sano jpn",-14.681,-63.617,0,"にゃんこ3K",21.874,-52.124,0,"쟈가리코",10.186,-65.322,0,"ぐだもん",31.354,-86.217,0,"alcohol500",-0.522,-113.892,0,"あくせる",-45.49,-92.738,0,0,0,0,0,0,"",0,0,0,0,2808.274,,,,0,0
24,1,0,1,0,0,1,0,0,0,0,255,255,255,1,2823.117,"Espressο",R,10,102,128,-0.854,-0.005,0.473,1.742,-0.239,2.094,-36.883,29.116,0,0,-90.883,400,-15.679,0,0,1,0,5,R,"CVPileMaki",169.5,94,0.399,0,48,0,0,0,0,0,0,0,0,0,0,0,0,0,0,0,0.373,-37.592,0,"ゆっち一",-0.175,-16.564,0,"559：広告",-21.703,-47.946,0,"sano jpn",-14.718,-63.603,0,"にゃんこ3K",21.884,-52.146,0,"쟈가리코",10.219,-65.755,0,"ぐだもん",30.825,-86.39,0,"alcohol500",-0.736,-113.88,0,"あくせる",-45.505,-92.63,0,0,0,0,0,0,"",0,0,0,0,2823.84,,,,0,0
25,1,0,1,0,0,2,0,0,0,0,255,255,255,2,2839.539,"Espressο",R,26,107,140,0.791,1.851,0.709,2.007,0.272,2.451,-36.748,39.881,4,0,37.75,-181.388,7.534,0,0,1,0,5,R,"CVPileMaki",169.5,94,0.399,0,48,0,0,0,0,0,0,0,0,0,0,0,0,0,0,0,0.46,-37.477,0,"ゆっち一",-0.1,-16.52,0,"559：広告",-21.697,-47.403,0,"sano jpn",-14.712,-63.631,0,"にゃんこ3K",21.935,-52.265,0,"쟈가리코",10.269,-65.895,0,"ぐだもん",30.981,-86.511,0,"alcohol500",-0.702,-114.05,0,"あくせる",-45.533,-92.744,0,0,0,0,0,0,"",0,0,0,0,2840.224,,,,0,0
26,1,0,1,0,0,0,1,0,0,0,255,255,255,3,2863.667,"Espressο",R,15,96,123,2.027,1.868,0.674,1.93,0.863,2.455,-37.017,45.766,1,0,0,-311.774,10.493,0,0,0,1,2,L,"_Chun",190,80,0.455,0,48,0,0,0,0,0,0,0,0,0,0,0,0,0,0,0,0.387,-37.575,0,"ゆっち一",-0.091,-16.54,0,"559：広告",-19.947,-49.193,0,"sano jpn",-9.147,-66.303,0,"にゃんこ3K",24.134,-50.752,0,"쟈가리코",13.144,-64.675,0,"ぐだもん",49.068,-101.114,0,"alcohol500",14.826,-124.345,0,"あくせる",-38.587,-100.185,0,0,0,0,0,0,"",0,0,0,0,2864.307,,,,0,0
27,1,0,1,0,1,0,1,0,0,0,255,255,255,4,2878.321,"Espressο",R,13,104,126,-1.3,0.545,0.558,1.894,0.046,2.293,-36.936,35.162,2,0,-390.434,312.348,2.724,0,0,1,1,2,L,"_Chun",190,80,0.455,3,48,2879.249,255,108,72,71,26,145,94,-30.454,34.027,-0.64,0.007,0.007,0,0.179,-0.219,-37.334,0,"ゆっち一",-0.111,-16.581,0,"559：広告",-20.205,-48.597,0,"sano jpn",-9.236,-66.298,0,"にゃんこ3K",24.113,-50.803,0,"쟈가리코",13.222,-64.653,68,"ぐだもん",47.772,-98.718,0,"alcohol500",17.763,-123.146,0,"あくせる",-38.579,-100.024,0,2878.59,-1.57,-22.33,2880.257,2,"559：広告",-16.453,-44.583,0,0,,,,,273,2
28,1,0,1,0,0,0,2,0,0,0,255,255,255,5,2903.043,"Espressο",R,13,113,126,-2.661,-0.269,0.391,1.641,-0.746,1.735,-36.744,18.908,2,0,-352.628,354.476,-28.584,0,0,1,2,1,L,"Kr_Luna",190,95.2,0.505,3,47,2903.802,160,130,153,133,73,145,123,-30,24.297,0.21,0.005,-0.016,0,0.141,-0.078,-37.14,0,"ゆっち一",-0.147,-16.597,0,"559：広告",-19.751,-48.88,86,"sano jpn",-11.265,-66.265,0,"にゃんこ3K",23.403,-49.168,0,"쟈가리코",14.728,-63.89,0,"ぐだもん",43.373,-101.858,0,"alcohol500",7.641,-119.542,0,"あくせる",-35.795,-105.76,98,2903.157,-1.156,-21.737,2906.624,8,"あくせる",-31.466,-91.158,1,0,,,,,289,2
29,1,0,1,0,0,0,2,1,0,0,10,255,255,6,2932.815,"Espressο",R,27,110,140,0.552,0.213,0.644,1.652,0.199,1.596,-36.587,29.133,0,0,19.629,-108.546,1.115,0,0,1,3,3,R,"오띵__",160,80,0.402,0,47,0,0,0,0,0,0,0,0,0,0,0,0,0,0,0,0.227,-37.306,0,"ゆっち一",-0.137,-16.521,120,"559：広告",-20.337,-42.002,0,"sano jpn",-14.405,-61.714,0,"にゃんこ3K",20.732,-48.165,0,"쟈가리코",6.717,-64.782,0,"ぐだもん",23.278,-90.942,0,"alcohol500",-6.837,-110.352,0,"あくせる",-41.612,-90.076,0,0,0,0,0,0,"",0,0,0,0,2933.257,,,,0,0
30,1,0,1,0,0,1,2,0,1,0,255,10,255,7,2973.044,"Espressο",R,14,71,99,1.997,-1.688,0.612,1.683,0.137,1.378,-36.864,34.77,2,0,321.128,350.267,7.294,0,0,1,3,3,R,"오띵__",160,80,0.402,3,85,2974.053,250,255,134,178,76,145,123,-30,-14.904,0.32,-0.028,-0.054,0,0.224,0.017,-37.294,0,"ゆっち一",-0.092,-16.538,0,"559：広告",-20.347,-46.904,100,"sano jpn",-14.938,-63.125,0,"にゃんこ3K",20.311,-47.118,0,"쟈가리코",5.244,-63.481,106,"ぐだもん",23.192,-91.035,0,"alcohol500",-2.943,-110.925,0,"あくせる",-43.63,-91.227,0,2973.291,0.505,-20.495,2975.24,5,"쟈가리코",11.549,-62.042,0,0,,,2979.554,,49,2
31,2,1,1,0,0,0,0,0,0,0,255,255,255,22,3034.632,"なおｐ--",R,0,90,140,-1.17,-0.165,-0.109,1.613,-0.506,1.508,-36.455,4.197,0,0,0,0,0,0,0,0,7,7,L,"alcohol500",167.6,87.24,0.284,0,47,0,0,0,0,0,0,0,0,0,0,0,0,0,0,0,-0.067,-37.732,0,"Kr_Luna",0.043,-17.447,0,"_Chun",-23.159,-50.177,0,"오띵__",-13.293,-65.019,0,"_AKASATA_",25.139,-52.002,0,"CVPileMaki",15.113,-63.689,0,"M_lunatic",43.752,-89.626,0,"Multeinn",0.453,-105.291,0,"NABIMan",-44.216,-93.726,0,0,0,0,0,0,"",0,0,0,0,3035.357,,,,0,0
32,2,1,1,0,0,1,0,0,0,0,255,255,255,23,3055.988,"なおｐ--",R,13,54,101,1.533,-1.769,0.246,1.551,1.418,1.169,-36.676,15.236,2,0,-358.49,312.348,0,0,0,1,7,7,L,"alcohol500",167.6,87.24,0.284,3,47,3057.316,255,141,69,65,64,142,121,-15,-32.849,0.63,0.116,-0.114,0,0.415,-0.082,-37.444,0,"Kr_Luna",0.107,-17.435,0,"_Chun",-23.021,-50.33,87,"오띵__",-13.166,-65.057,0,"_AKASATA_",25.074,-51.854,120,"CVPileMaki",15.112,-63.744,0,"M_lunatic",42.106,-87.473,0,"Multeinn",4.808,-106.466,0,"NABIMan",-43,-88.478,0,3056.574,0.712,-20.338,3058.174,4,"_AKASATA_",20.747,-51.245,0,128,,,,,98,2
33,2,1,1,0,0,0,1,0,0,0,255,255,255,24,3086.037,"なおｐ--",R,0,86,140,1.568,0.256,0.146,1.689,0.678,1.77,-36.455,8.456,1,0,0,0,0,0,0,0,8,0,R,"Espressο",190,94.953,0.395,0,46,0,0,0,0,0,0,0,0,0,0,0,0,0,0,0,-0.035,-37.819,0,"Kr_Luna",0.027,-17.675,0,"_Chun",-22.751,-50.066,0,"오띵__",-12.797,-65.358,0,"_AKASATA_",24.27,-52.974,0,"CVPileMaki",14.556,-64.141,0,"M_lunatic",47.188,-89.957,0,"Multeinn",3.544,-110.343,0,"NABIMan",-48.368,-96.455,0,0,0,0,0,0,"",0,0,0,0,3086.407,,,,0,0
34,2,1,1,0,1,0,1,0,0,0,255,255,255,25,3107.241,"なおｐ--",R,13,43,93,-2.195,0.146,-0.024,1.769,-0.159,2.259,-36.833,18.259,4,0,-330.095,312.348,0,0,0,1,8,0,R,"Espressο",190,94.953,0.395,0,46,0,0,0,0,0,0,0,0,0,0,0,0,0,0,0,-0.207,-37.621,0,"Kr_Luna",-0.034,-17.565,0,"_Chun",-22.703,-50.275,0,"오띵__",-12.813,-65.368,0,"_AKASATA_",24.266,-52.732,0,"CVPileMaki",14.608,-64.059,0,"M_lunatic",46.981,-90.804,0,"Multeinn",4.397,-109.158,0,"NABIMan",-52.552,-93.418,0,0,0,0,0,0,"",0,0,0,0,3107.957,,,,0,0
35,2,1,1,0,1,1,1,0,0,0,255,255,255,26,3125.78,"なおｐ--",R,0,73,126,0.327,0.424,0.03,1.718,0.141,1.866,-36.493,11.927,2,0,0,0,0,0,0,1,8,0,R,"Espressο",190,94.953,0.395,3,46,3126.593,107,150,108,109,64,137,94,36.575,-5.685,-0.39,-0.034,-0.054,0,0.278,-0.223,-37.272,0,"Kr_Luna",0.091,-17.593,0,"_Chun",-22.609,-50.144,0,"오띵__",-12.755,-65.437,0,"_AKASATA_",24.29,-52.69,0,"CVPileMaki",14.551,-64.102,0,"M_lunatic",47.055,-90.912,0,"Multeinn",8.018,-108.177,85,"NABIMan",-53.303,-97.744,0,3130.424,4.99,-93.357,3130.624,7,"Multeinn",4.865,-91.249,0,0,,,,,288,1
36,2,1,1,0,0,0,2,0,0,0,255,255,255,27,3157.336,"なおｐ--",R,0,73,126,-4.829,-1.994,-0.156,1.623,-2.097,0.335,-36.701,8.634,1,0,0,0,0,-0.97,-18.703,0,0,2,R,"559：広告",190,90.035,0.23,0,46,0,0,0,0,0,0,0,0,0,0,0,0,0,0,0,-0.315,-37.351,0,"Kr_Luna",-0.192,-17.367,0,"_Chun",-21.36,-49.564,0,"오띵__",-12.877,-65.321,0,"_AKASATA_",24.338,-51.702,0,"CVPileMaki",13.216,-64.677,0,"M_lunatic",43.586,-90.109,0,"Multeinn",-2.804,-110.423,0,"NABIMan",-51.652,-94.116,0,0,0,0,0,0,"",0,0,0,0,3158.14,,,,0,0
37,2,1,1,0,1,0,2,0,0,0,255,255,255,28,3176.45,"なおｐ--",R,0,86,140,-1.227,-0.694,-0.114,1.505,-0.531,1.177,-36.565,8.509,0,0,0,0,0,0,0,0,0,2,R,"559：広告",190,90.035,0.23,0,46,0,0,0,0,0,0,0,0,0,0,0,0,0,0,0,-0.236,-37.608,0,"Kr_Luna",0.009,-17.441,0,"_Chun",-21.679,-49.421,0,"오띵__",-12.903,-65.274,0,"_AKASATA_",24.123,-51.658,0,"CVPileMaki",13.241,-64.656,0,"M_lunatic",38.091,-94.859,0,"Multeinn",-5.502,-111.415,0,"NABIMan",-53.278,-94.489,0,0,0,0,0,0,"",0,0,0,0,3177.157,,,,0,0
38,2,1,1,0,1,1,2,0,0,0,255,255,255,29,3195.654,"なおｐ--",R,13,43,80,-1.245,-0.987,0.058,1.668,0.246,1.636,-36.807,5.725,4,0,-283.952,312.348,0,0,0,1,0,2,R,"559：広告",190,90.035,0.23,0,46,0,0,0,0,0,0,0,0,0,0,0,0,0,0,0,-0.126,-37.494,0,"Kr_Luna",0.032,-17.45,0,"_Chun",-21.607,-49.45,0,"오띵__",-12.952,-65.271,0,"_AKASATA_",24.021,-51.814,0,"CVPileMaki",13.289,-64.644,0,"M_lunatic",37.985,-94.74,0,"Multeinn",-5.898,-109.334,0,"NABIMan",-52.205,-94.195,0,0,0,0,0,0,"",0,0,0,0,3196.707,,,,0,0
39,2,1,1,0,1,2,2,0,0,0,255,255,255,30,3214.154,"なおｐ--",R,0,86,140,1.292,0.297,0.12,1.697,0.559,1.796,-36.508,12.033,0,0,0,0,0,0,0,1,0,2,R,"559：広告",190,90.035,0.23,0,46,0,0,0,0,0,0,0,0,0,0,0,0,0,0,0,-0.106,-37.133,0,"Kr_Luna",-0.023,-17.529,0,"_Chun",-21.186,-49.316,0,"오띵__",-12.9,-65.311,0,"_AKASATA_",23.854,-51.765,0,"CVPileMaki",13.344,-64.627,0,"M_lunatic",37.792,-94.068,0,"Multeinn",-7.457,-110.131,0,"NABIMan",-50.741,-93.662,0,0,0,0,0,0,"",0,0,0,0,3214.791,,,,0,0
40,2,0,1,0,0,0,0,0,0,0,255,255,255,8,3268.809,"Espressο",R,13,98,126,-1.119,0.293,0.524,1.712,0.03,2.094,-36.842,30.88,0,0,-388.755,314.436,-21.432,0,0,0,4,8,L,"NABIMan",190,82,0.5,0,45,0,0,0,0,0,0,0,0,0,0,0,0,0,0,0,0.323,-37.387,0,"ゆっち一",-0.259,-16.452,0,"559：広告",-21.021,-47.769,0,"sano jpn",-12.414,-64.507,0,"にゃんこ3K",24.05,-50.696,0,"쟈가리코",14.621,-63.765,0,"ぐだもん",37.824,-89.426,0,"alcohol500",0.587,-117.616,0,"あくせる",-40.259,-97.739,0,0,0,0,0,0,"",0,0,0,0,3269.39,,,,0,0
41,2,0,1,0,0,1,0,0,0,0,255,255,255,9,3284.574,"Espressο",R,10,110,128,-0.754,-1.513,0.564,1.51,-0.343,1.054,-36.816,33.102,2,0,0,400,-7.387,0,0,1,4,8,L,"NABIMan",190,82,0.5,3,45,3285.534,238,129,96,75,78,145,115,-5.87,26.968,0.17,0.081,-0.164,0,0.48,-0.081,-37.212,0,"ゆっち一",-0.133,-16.579,0,"559：広告",-21.036,-47.801,85,"sano jpn",-12.331,-64.519,0,"にゃんこ3K",23.93,-50.553,0,"쟈가리코",14.284,-64.031,0,"ぐだもん",36.13,-89.271,0,"alcohol500",0.684,-117.575,0,"あくせる",-40.207,-97.804,0,3284.89,-1.92,-23.946,3288.007,8,"あくせる",-32.226,-84.352,1,0,,,,,289,2
42,2,0,1,0,0,0,0,1,0,0,18,255,255,10,3316.076,"Espressο",R,27,107,140,0.573,0.57,0.685,1.756,0.16,1.847,-36.684,32.248,0,0,50.312,-137.258,0.671,0,0,0,5,0,R,"なおｐ--",190,90.37,0.445,0,45,0,0,0,0,0,0,0,0,0,0,0,0,0,0,0,0.504,-37.457,0,"ゆっち一",-0.143,-16.464,0,"559：広告",-20.095,-42.866,0,"sano jpn",-13.629,-60.48,0,"にゃんこ3K",21.415,-49.261,0,"쟈가리코",5.726,-63.947,0,"ぐだもん",28.65,-98.124,0,"alcohol500",-12.787,-119.114,0,"あくせる",-49.117,-94.883,0,0,0,0,0,0,"",0,0,0,0,3316.724,,,,0,0
43,2,0,1,0,0,1,0,1,0,0,18,255,255,11,3329.52,"Espressο",R,10,94,128,-0.606,-0.019,0.544,1.736,-0.136,2.038,-36.828,31.195,0,0,-90.275,400,-0.941,0,0,1,5,0,R,"なおｐ--",190,90.37,0.445,0,45,0,0,0,0,0,0,0,0,0,0,0,0,0,0,0,0.121,-38.088,0,"ゆっち一",-0.188,-17.316,0,"559：広告",-19.381,-42.05,0,"sano jpn",-12.748,-59.879,0,"にゃんこ3K",21.48,-49.325,0,"쟈가리코",6.11,-64.531,0,"ぐだもん",25.998,-99.552,0,"alcohol500",-13.85,-119.054,0,"あくせる",-49.007,-94.844,0,0,0,0,0,0,"",0,0,0,0,3330.174,,,,0,0
44,2,0,1,0,0,2,0,1,0,0,18,255,255,12,3344.305,"Espressο",R,11,76,123,0.197,-0.68,0.624,1.64,0.069,1.401,-36.711,33.598,2,0,0,198.301,-0.359,0,0,1,5,0,R,"なおｐ--",190,90.37,0.445,3,45,3345.414,224,104,96,70,39,145,82,-30,-3.705,0.96,-0.029,-0.089,0,0.408,0.019,-37.253,120,"ゆっち一",-0.108,-16.607,0,"559：広告",-19.749,-41.779,0,"sano jpn",-12.665,-59.845,77,"にゃんこ3K",21.437,-49.274,0,"쟈가리코",7.196,-65.595,0,"ぐだもん",25.975,-99.6,0,"alcohol500",-15.922,-120.143,102,"あくせる",-49.317,-94.915,0,3344.674,0.047,-19.92,3345.957,0,"Espressο",0.111,-34.44,1,0,,3350.088,,,386,2
45,2,0,1,0,0,0,0,1,1,0,9,17,255,13,3399.407,"Espressο",R,13,94,126,0.193,0.424,0.612,1.737,0.5,2.083,-36.854,34.562,2,0,-310.625,391.806,-13.97,0,0,1,6,4,R,"_AKASATA_",190,82.886,0.2,3,52,3400.283,168,34,87,71,34,145,127,-30,-0.213,0.26,0.015,-0.002,0,0.239,0.173,-37.348,0,"ゆっち一",-0.211,-16.223,0,"559：広告",-20.346,-43.501,0,"sano jpn",-13.485,-59.918,96,"にゃんこ3K",20.698,-47,0,"쟈가리코",5.366,-63.695,0,"ぐだもん",36.198,-91.766,0,"alcohol500",-4.597,-117.243,0,"あくせる",-49.559,-95.894,0,3399.574,0.026,-21.839,3404.057,7,"alcohol500",-3.193,-100.43,1,0,,3405.065,3405.039,,386,2
46,2,0,1,0,0,0,0,1,1,1,13,9,17,14,3433.47,"Espressο",R,26,106,140,-1.329,0.281,0.37,1.646,-0.65,1.58,-36.617,11.105,0,0,51.357,-159.129,11.957,0,0,0,7,6,L,"M_lunatic",160,94.627,0.444,0,45,0,0,0,0,0,0,0,0,0,0,0,0,0,0,0,0.584,-37.507,0,"ゆっち一",-0.201,-16.733,0,"559：広告",-19.763,-42.651,0,"sano jpn",-5.715,-57.65,0,"にゃんこ3K",19.692,-40.864,0,"쟈가리코",11.159,-56.636,0,"ぐだもん",34.737,-82.061,0,"alcohol500",6.917,-105.849,0,"あくせる",-37.154,-97.05,0,0,0,0,0,0,"",0,0,0,0,3434.074,3436.271,3435.792,,0,0
47,2,0,1,0,0,1,0,1,1,1,13,9,17,15,3448.405,"Espressο",R,26,95,131,-2.088,0.941,0.325,1.73,-1.003,1.857,-36.664,21.419,2,0,58.632,-200,3.312,0,0,1,7,6,L,"M_lunatic",160,94.627,0.444,3,45,3449.457,255,158,135,100,33,145,78,22.869,28.063,-0.92,0.043,-0.023,0,0.374,0.037,-37.354,0,"ゆっち一",-0.235,-16.887,109,"559：広告",-18.853,-43.967,0,"sano jpn",-7.231,-57.916,0,"にゃんこ3K",18.967,-42.428,0,"쟈가리코",11.009,-55.869,0,"ぐだもん",34.257,-82.659,0,"alcohol500",2.852,-107.362,0,"あくせる",-37.003,-96.546,99,3452.574,-33.032,-69.756,3453.957,8,"あくせる",-39.287,-77.128,1,0,3457.791,3455.75,3448.531,3458.765,292,2
48,2,0,1,1,0,0,0,1,1,1,15,13,9,16,3481.925,"Espressο",R,26,106,140,2.633,3.681,0.76,2.081,0.924,3.318,-36.94,55.528,4,0,161.314,-200,-9.415,0,0,0,8,7,R,"Multeinn",160,90.267,0.5,0,45,0,0,0,0,0,0,0,0,0,0,0,0,0,0,0,0.456,-37.611,0,"ゆっち一",-0.131,-16.577,120,"559：広告",-20.058,-42.951,0,"sano jpn",-12.625,-59.162,0,"にゃんこ3K",20.514,-42.985,0,"쟈가리코",9.288,-60.158,0,"ぐだもん",26.936,-87.838,0,"alcohol500",-4.468,-107.674,0,"あくせる",-45.077,-90.608,0,0,0,0,0,0,"",0,0,0,0,3482.374,,3484.227,,0,0
49,2,0,1,1,1,0,0,1,1,1,15,13,9,17,3503.546,"Espressο",R,0,0,0,0,0,0,0,0,0,0,0,0,0,0,0,0,0,0,0,8,7,R,"Multeinn",160,90.267,0.5,0,45,0,0,0,0,0,0,0,0,0,0,0,0,0,0,0,0,0,0,"",0,0,0,"",0,0,0,"",0,0,0,"",0,0,0,"",0,0,0,"",0,0,0,"",0,0,0,"",0,0,0,0,0,0,0,0,"",0,0,0,0,3503.974,,3505.463,,0,0
50,2,0,1,1,2,0,0,1,1,1,15,13,9,18,3540.801,"Espressο",R,26,108,140,0.645,1.065,0.685,1.783,0.159,1.967,-36.679,33.434,0,0,74.449,-179.561,-1.691,0,0,0,8,7,R,"Multeinn",160,90.267,0.5,0,45,0,0,0,0,0,0,0,0,0,0,0,0,0,0,0,0.796,-37.394,0,"ゆっち一",-0.144,-16.477,0,"559：広告",-19.352,-43.555,0,"sano jpn",-12.623,-59.114,0,"にゃんこ3K",20.005,-43.149,0,"쟈가리코",11.32,-58.027,0,"ぐだもん",28.714,-84.311,0,"alcohol500",-2.87,-107,0,"あくせる",-42.828,-87.116,0,0,0,0,0,0,"",0,0,0,0,3541.24,3542.592,3542.627,,0,0
51,2,0,1,1,2,1,0,1,1,1,15,13,9,19,3555.482,"Espressο",R,14,73,101,2.191,-0.741,0.651,1.804,0.244,1.868,-36.87,36.876,2,0,319.895,358.632,-7.323,0,0,1,8,7,R,"Multeinn",160,90.267,0.5,3,45,3556.473,255,96,93,78,82,145,79,-85.385,-82.028,-0.83,-0.067,-0.112,0,0.464,0.21,-37.297,0,"ゆっち一",-0.099,-16.719,0,"559：広告",-19.402,-43.591,0,"sano jpn",-12.359,-57.661,0,"にゃんこ3K",19.278,-44.527,0,"쟈가리코",11.005,-57.303,0,"ぐだもん",29.815,-84.993,0,"alcohol500",-2.324,-106.649,0,"あくせる",-42.797,-87.19,0,3555.74,0.718,-20.011,0,0,"",0,0,0,0,,3560.316,3559.211,,256,3
52,2,0,1,1,2,2,0,1,1,1,15,13,9,20,3576.863,"Espressο",R,27,110,140,0.213,1.685,0.632,1.924,0.065,2.34,-36.754,35.99,2,0,6.531,-131.953,1.989,0,0,1,8,7,R,"Multeinn",160,90.267,0.5,3,44,3577.741,166,47,65,19,21,129,62,93.172,-83.353,0.97,-0.015,-0.051,0,0.275,0.101,-37.114,0,"ゆっち一",-0.098,-16.742,0,"559：広告",-19.745,-45.05,0,"sano jpn",-12.719,-56.547,0,"にゃんこ3K",19.309,-43.716,0,"쟈가리코",12.771,-57.387,0,"ぐだもん",31.746,-82.735,0,"alcohol500",-1.126,-103.803,0,"あくせる",-42.018,-85.458,0,3581.974,-25.882,-14.422,0,0,"",0,0,0,0,,3580.54,3580.239,,256,3
53,2,0,1,1,2,2,0,1,1,1,15,13,9,21,3600.404,"Espressο",R,10,90,128,-3.506,-1.875,0.32,1.52,-1.335,1.119,-36.753,20.836,4,0,-127.088,400,-2.194,-0.985,-17.067,1,8,7,R,"Multeinn",160,90.267,0.5,0,44,0,0,0,0,0,0,0,0,0,0,0,0,0,0,0,0.286,-37.421,0,"ゆっち一",-0.763,-17.089,0,"559：広告",-19.709,-43.462,0,"sano jpn",-12.817,-56.578,0,"にゃんこ3K",19.789,-43.255,0,"쟈가리코",13.835,-57.306,0,"ぐだもん",30.862,-81.717,0,"alcohol500",-2.928,-104.005,0,"あくせる",-41.531,-85.851,0,0,0,0,0,0,"",0,0,0,0,3601.674,3604.99,3602.471,,0,0
54,2,0,1,1,0,0,1,1,1,1,15,13,9,22,3625.191,"Espressο",R,14,82,108,1.717,-1.282,0.591,1.694,0.187,1.483,-36.803,27.966,2,0,285.053,400,0.258,0,0,1,0,5,R,"CVPileMaki",169.5,94,0.399,3,44,3626.329,151,160,78,96,53,145,68,-12.284,-36.722,0.98,-0.015,-0.032,0,0.298,0.037,-37.273,0,"ゆっち一",-0.108,-16.67,0,"559：広告",-19.103,-45.538,91,"sano jpn",-11.533,-58.757,0,"にゃんこ3K",19.409,-45.052,92,"쟈가리코",13.123,-60.514,0,"ぐだもん",30.157,-88.845,0,"alcohol500",-2.034,-105.562,0,"あくせる",-41.624,-88.485,0,3625.674,1.699,-23.003,3627.407,4,"にゃんこ3K",15.698,-40.12,1,0,3629.324,3630.735,3632.193,3631.154,269,2
55,2,0,1,1,0,0,2,1,1,1,15,13,9,23,3658.068,"Espressο",R,13,86,111,-1.167,0.651,0.5,1.939,0.153,2.492,-36.896,39.701,0,0,-355.358,351.739,15.736,0,0,0,1,2,L,"_Chun",190,80,0.455,0,44,0,0,0,0,0,0,0,0,0,0,0,0,0,0,0,0.307,-37.507,0,"ゆっち一",-0.168,-16.631,0,"559：広告",-19.578,-44.716,0,"sano jpn",-12.536,-64.452,0,"にゃんこ3K",20.856,-45.455,0,"쟈가리코",16.518,-62.334,0,"ぐだもん",45.302,-98.149,0,"alcohol500",8.343,-114.736,0,"あくせる",-40.212,-96.995,0,0,0,0,0,0,"",0,0,0,0,3658.674,3662.009,3659.94,,0,0
56,2,0,1,1,0,1,2,1,1,1,15,13,9,24,3675.48,"Espressο",R,26,112,140,3.98,0.829,0.985,1.787,1.524,1.967,-36.901,56.325,1,0,127.468,-181.376,-9.222,0,0,0,1,2,L,"_Chun",190,80,0.455,0,44,0,0,0,0,0,0,0,0,0,0,0,0,0,0,0,0.345,-37.323,0,"ゆっち一",-0.048,-16.492,0,"559：広告",-19.827,-44.902,0,"sano jpn",-11.779,-64.642,0,"にゃんこ3K",20.944,-45.958,0,"쟈가리코",16.458,-62.346,0,"ぐだもん",46.687,-99.929,0,"alcohol500",9.048,-116.347,0,"あくせる",-40.127,-96.969,0,0,0,0,0,0,"",0,0,0,0,3676.007,3680.956,,,0,0
57,2,0,1,1,1,1,2,1,1,1,15,13,9,25,3688.528,"Espressο",R,26,106,140,3.599,-0.579,0.922,1.5,1.352,1.102,-36.96,55.555,1,0,132.416,-163.839,-10.094,0,0,0,1,2,L,"_Chun",190,80,0.455,0,44,0,0,0,0,0,0,0,0,0,0,0,0,0,0,0,0.576,-37.428,0,"ゆっち一",-0.069,-16.4,0,"559：広告",-20.133,-43.836,0,"sano jpn",-12.842,-64.534,0,"にゃんこ3K",20.88,-45.756,0,"쟈가리코",16.382,-62.292,0,"ぐだもん",45.087,-97.936,0,"alcohol500",6.867,-114.391,0,"あくせる",-40.126,-97.025,0,0,0,0,0,0,"",0,0,0,0,3688.974,3692.817,,,0,0
58,2,0,1,1,2,1,2,1,1,1,15,13,9,26,3701.697,"Espressο",R,10,81,109,-1.751,-0.785,0.345,1.679,-0.77,1.659,-36.878,27.132,2,0,0,400,-1.684,0,0,1,1,2,L,"_Chun",190,80,0.455,3,44,3702.728,255,164,108,81,70,145,116,2.942,-19.089,0.89,-0.048,0.056,0,0.515,-0.009,-37.326,0,"ゆっち一",-0.188,-16.521,0,"559：広告",-19.743,-45.499,88,"sano jpn",-13.324,-64.429,0,"にゃんこ3K",21.03,-46.22,0,"쟈가리코",16.483,-62.354,0,"ぐだもん",45.224,-98.087,0,"alcohol500",6.127,-113.335,0,"あくせる",-40.098,-97.219,0,3702.74,8.202,-43.232,3703.674,5,"쟈가리코",15.127,-58.205,0,0,,3707.644,3707.075,3708.973,49,2
59,3,1,1,1,0,0,0,0,0,0,255,255,255,31,3764.426,"なおｐ--",R,0,87,140,2.829,0.271,0.138,1.618,0.642,1.528,-36.469,10.982,2,0,0,0,0,0,0,1,1,3,R,"sano jpn",169.7,89.796,0.314,3,44,3765.463,118,82,105,60,47,137,89,-11.176,24.859,-0.25,-0.015,0.001,0.095,0.451,-0.074,-37.455,0,"Kr_Luna",0.094,-17.417,0,"_Chun",-20.643,-49.615,90,"오띵__",-13.041,-65.322,95,"_AKASATA_",21.377,-56.528,0,"CVPileMaki",7.29,-66.634,0,"M_lunatic",31.215,-105.536,0,"Multeinn",-7.132,-108.794,0,"NABIMan",-50.406,-89.636,0,3764.791,-1.357,-22.699,3767.174,3,"오띵__",-15.134,-57.406,0,0,,,,,42,2
60,3,1,1,1,0,0,1,0,0,0,255,255,255,32,3791.731,"なおｐ--",R,0,85,138,1.792,0.32,0.167,1.701,0.775,1.809,-36.529,10.194,2,0,0,0,0,0,0,1,2,1,R,"ゆっち一",190,83.623,0.399,3,44,3792.854,207,56,90,84,50,145,129,-15.056,42.548,0.68,-0.061,-0.102,0,0.248,0.013,-37.566,0,"Kr_Luna",0.193,-17.479,0,"_Chun",-21.809,-51.054,85,"오띵__",-12.604,-65.401,0,"_AKASATA_",20.984,-56.905,0,"CVPileMaki",5.339,-67.225,0,"M_lunatic",36.418,-108.877,0,"Multeinn",-10.071,-114.016,0,"NABIMan",-54.354,-101.415,0,3792.224,-2.831,-22.215,3793.657,2,"_Chun",-23.975,-47.565,0,0,,,,,34,2
61,3,1,1,1,0,0,2,0,0,0,255,255,255,33,3820.37,"なおｐ--",R,13,46,95,-2.875,-0.179,-0.079,1.753,-0.45,2.042,-36.868,14.228,1,0,-337.193,312.348,0,0,0,0,3,4,R,"にゃんこ3K",190,90.223,0.522,0,44,0,0,0,0,0,0,0,0,0,0,0,0,0,0,0,-0.197,-37.72,0,"Kr_Luna",-0.249,-17.268,0,"_Chun",-23.057,-50.803,0,"오띵__",-12.901,-65.275,0,"_AKASATA_",23.721,-51.446,0,"CVPileMaki",14.283,-64.159,0,"M_lunatic",39.689,-95.697,0,"Multeinn",-5.875,-105.592,0,"NABIMan",-51.846,-95.014,0,0,0,0,0,0,"",0,0,0,0,3821.374,,,,0,0
62,3,1,1,1,1,0,2,0,0,0,255,255,255,34,3841.26,"なおｐ--",R,10,37,90,-1.473,-1.919,-0.062,1.472,-0.638,1.13,-36.861,13.326,1,0,0,400,0,-0.288,-19.228,0,3,4,R,"にゃんこ3K",190,90.223,0.522,0,44,0,0,0,0,0,0,0,0,0,0,0,0,0,0,0,-0.183,-37.52,0,"Kr_Luna",0.006,-17.294,0,"_Chun",-23.164,-50.774,0,"오띵__",-12.921,-65.221,0,"_AKASATA_",23.603,-51.662,0,"CVPileMaki",14.405,-64.147,0,"M_lunatic",41.198,-98.203,0,"Multeinn",-5.231,-109.545,0,"NABIMan",-49.943,-95.089,0,0,0,0,0,0,"",0,0,0,0,3842.257,,,,0,0
63,3,1,1,1,2,0,2,0,0,0,255,255,255,35,3861.214,"なおｐ--",R,0,87,140,1.198,0.299,0.111,1.697,0.518,1.797,-36.462,10.431,0,0,0,0,0,0,0,0,3,4,R,"にゃんこ3K",190,90.223,0.522,0,44,0,0,0,0,0,0,0,0,0,0,0,0,0,0,0,-0.215,-37.488,0,"Kr_Luna",0.008,-17.377,0,"_Chun",-23.176,-50.794,0,"오띵__",-12.933,-65.244,0,"_AKASATA_",23.591,-51.667,0,"CVPileMaki",15.296,-63.526,0,"M_lunatic",41.217,-98.228,0,"Multeinn",-7.043,-109.097,0,"NABIMan",-48.941,-94.628,0,0,0,0,0,0,"",0,0,0,0,3861.907,,,,0,0
64,3,1,1,1,2,1,2,0,0,0,255,255,255,36,3882.481,"なおｐ--",R,0,96,140,-0.548,-1.165,-0.035,1.502,-0.238,0.865,-36.562,0.69,2,0,0,0,0,0,0,1,3,4,R,"にゃんこ3K",190,90.223,0.522,3,44,3883.51,187,66,86,85,56,145,110,-7.8,14.022,0.91,-0.016,-0.113,0,0.184,-0.156,-37.279,0,"Kr_Luna",0.001,-17.42,0,"_Chun",-23.084,-50.888,0,"오띵__",-12.929,-65.223,0,"_AKASATA_",24.018,-51.506,0,"CVPileMaki",15.188,-63.556,0,"M_lunatic",42.813,-102.191,0,"Multeinn",-4.589,-108.918,0,"NABIMan",-50.597,-96.182,0,3882.907,-1.016,-24.363,3884.607,3,"오띵__",-9.96,-59.914,0,0,,,,,298,2
65,3,0,1,1,0,0,0,0,0,0,255,255,255,27,3935.057,"Espressο",R,32,110,140,-0.301,1.819,0.411,1.966,-0.493,2.571,-36.817,41.201,1,0,250,-200,-11.542,0,0,0,2,1,L,"Kr_Luna",190,95.2,0.505,0,43,0,0,0,0,0,0,0,0,0,0,0,0,0,0,0,0.223,-37.478,0,"ゆっち一",-0.165,-16.444,0,"559：広告",-19.743,-48.136,0,"sano jpn",-13.167,-64.214,0,"にゃんこ3K",23.657,-50.77,0,"쟈가리코",14.56,-63.551,0,"ぐだもん",45.515,-98.644,0,"alcohol500",0.846,-121.72,0,"あくせる",-40.395,-95.673,0,0,0,0,0,0,"",0,0,0,0,3935.474,,,,0,0
66,3,0,1,1,1,0,0,0,0,0,255,255,255,28,3948.728,"Espressο",R,26,111,140,-1.405,0.514,0.414,1.69,-0.63,1.759,-36.728,29.947,2,0,4.131,-200,-13.738,0,0,1,2,1,L,"Kr_Luna",190,95.2,0.505,3,43,3949.545,189,77,162,75,32,145,130,-7.025,-33.577,0.43,0.032,-0.017,0,0.04,-0.071,-37.157,0,"ゆっち一",-0.162,-16.508,0,"559：広告",-19.712,-48.106,87,"sano jpn",-13.15,-64.18,0,"にゃんこ3K",23.675,-50.816,115,"쟈가리코",14.524,-63.518,0,"ぐだもん",45.373,-98.637,0,"alcohol500",0.783,-121.829,0,"あくせる",-41.377,-94.98,0,3949.074,5.492,-27.283,3950.224,4,"にゃんこ3K",19.125,-48.124,0,0,,,,,265,2
67,3,0,1,1,0,0,1,0,0,0,255,255,255,29,3972.24,"Espressο",R,26,107,140,2.969,2.41,0.772,1.879,0.97,2.671,-36.891,50.601,3,0,129.482,-200,-33.481,-0.223,-20.14,0,3,3,R,"오띵__",160,80,0.402,0,43,0,0,0,0,0,0,0,0,0,0,0,0,0,0,0,0.438,-37.484,0,"ゆっち一",-0.431,-17.759,0,"559：広告",-20.358,-46.286,0,"sano jpn",-13.804,-64.159,0,"にゃんこ3K",22.589,-51.683,0,"쟈가리코",11.828,-64.769,0,"ぐだもん",36.565,-87.252,0,"alcohol500",-3.132,-108.664,0,"あくせる",-41.121,-91.025,0,0,0,0,0,0,"",0,0,0,0,3975.24,,,,0,6
68,3,0,1,1,0,0,1,1,0,0,13,255,255,30,3998.268,"Espressο",R,10,85,112,-1.757,-1.303,0.397,1.617,-0.774,1.319,-36.783,22.232,1,0,0,400,-0.619,0,0,0,4,8,L,"NABIMan",190,82,0.5,0,43,0,0,0,0,0,0,0,0,0,0,0,0,0,0,0,1.328,-37.344,0,"ゆっち一",0.291,-19.485,0,"559：広告",-19.554,-41.054,0,"sano jpn",-2.978,-57.525,80,"にゃんこ3K",20.886,-46.34,0,"쟈가리코",13.555,-64.064,0,"ぐだもん",44.522,-95.603,0,"alcohol500",0.73,-117.099,0,"あくせる",-41.415,-94.849,0,0,0,0,0,0,"",0,0,0,0,3998.94,4002.022,,,0,0
69,3,0,1,1,1,0,1,0,1,0,255,12,255,31,4022.336,"Espressο",R,26,106,140,-2.29,0.58,0.312,1.717,-1.04,1.836,-36.678,23.183,2,0,24.98,-159.174,-0.321,0,0,1,4,8,L,"NABIMan",190,82,0.5,3,43,4023.288,239,79,105,93,70,145,106,110.245,29.926,0.04,0.056,-0.139,0,0.59,-0.095,-37.379,0,"ゆっち一",-0.171,-16.357,0,"559：広告",-19.648,-44.249,0,"sano jpn",-11.548,-61.235,0,"にゃんこ3K",21.04,-46.422,0,"쟈가리코",14.567,-63.776,0,"ぐだもん",45.375,-96.087,0,"alcohol500",1.012,-115.96,0,"あくせる",-42.078,-93.555,0,0,0,0,0,0,"",0,0,0,0,,4026.089,,,256,3
70,3,0,1,1,1,1,1,0,1,0,255,12,255,32,4045.238,"Espressο",R,14,65,95,3.673,-1.615,0.614,1.688,0.833,1.181,-36.901,44.968,4,0,317.3,339.142,15.949,0.76,-18.633,1,4,8,L,"NABIMan",190,82,0.5,0,43,0,0,0,0,0,0,0,0,0,0,0,0,0,0,0,0.166,-37.575,0,"ゆっち一",0.724,-17.384,0,"559：広告",-20.052,-44.07,0,"sano jpn",-7.313,-63.124,0,"にゃんこ3K",21.082,-45.578,0,"쟈가리코",15.625,-63.017,0,"ぐだもん",43.053,-98.013,0,"alcohol500",2.91,-116.589,0,"あくせる",-45.136,-93.722,0,0,0,0,0,0,"",0,0,0,0,4046.107,4048.599,,,0,0
71,3,0,1,1,1,2,1,0,1,0,255,12,255,33,4069.115,"Espressο",R,26,101,138,0.303,2.16,0.537,2.061,-0.101,2.78,-36.841,45.14,4,0,152.837,-200,-17.539,0,0,1,4,8,L,"NABIMan",190,82,0.5,0,43,0,0,0,0,0,0,0,0,0,0,0,0,0,0,0,0.001,-37.404,0,"ゆっち一",0.118,-17.286,0,"559：広告",-20.447,-42.759,0,"sano jpn",-5.897,-62.607,0,"にゃんこ3K",21.396,-45.895,0,"쟈가리코",15.684,-62.842,0,"ぐだもん",41.933,-96.282,0,"alcohol500",2.344,-114.003,0,"あくせる",-45.192,-93.745,0,0,0,0,0,0,"",0,0,0,0,4069.674,4072.082,,,0,0
72,3,0,1,1,0,0,2,0,1,0,255,12,255,34,4107.407,"Espressο",R,26,102,138,1.463,1.112,0.762,1.848,0.448,2.128,-36.676,37.186,4,0,119.831,-200,-1.829,0,0,1,5,0,R,"なおｐ--",190,90.37,0.445,0,43,0,0,0,0,0,0,0,0,0,0,0,0,0,0,0,0.485,-37.411,0,"ゆっち一",-0.07,-16.359,0,"559：広告",-20.633,-45.629,0,"sano jpn",-9.488,-59.117,0,"にゃんこ3K",21.716,-44.786,0,"쟈가리코",12.139,-64.763,0,"ぐだもん",26.855,-104.203,0,"alcohol500",-13.633,-118.596,0,"あくせる",-51.101,-94.174,0,0,0,0,0,0,"",0,0,0,0,4108.024,4110.428,,,0,0
73,3,0,1,1,0,1,2,0,1,0,255,12,255,35,4123.738,"Espressο",R,26,99,135,1.366,0.892,0.736,1.832,0.484,1.994,-36.645,33.609,0,0,62.111,-190.641,-0.635,0,0,1,5,0,R,"なおｐ--",190,90.37,0.445,0,43,0,0,0,0,0,0,0,0,0,0,0,0,0,0,0,0.437,-37.454,0,"ゆっち一",-0.145,-16.274,0,"559：広告",-20.42,-43.931,0,"sano jpn",-14.403,-62.342,0,"にゃんこ3K",22.034,-46.176,0,"쟈가리코",8.051,-65.366,0,"ぐだもん",26.974,-103.579,0,"alcohol500",-12.997,-117.161,0,"あくせる",-50.692,-95.129,0,0,0,0,0,0,"",0,0,0,0,4124.357,4126.965,,,0,0
74,3,0,1,1,0,2,2,0,1,0,255,12,255,36,4138.87,"Espressο",R,13,93,126,-4.258,-0.773,0.331,1.587,-1.292,1.511,-36.72,11.94,1,0,-358.008,349.042,-11.051,0,0,0,5,0,R,"なおｐ--",190,90.37,0.445,0,43,0,0,0,0,0,0,0,0,0,0,0,0,0,0,0,0.437,-37.655,0,"ゆっち一",-0.747,-16.58,0,"559：広告",-20.426,-44.653,0,"sano jpn",-14.293,-62.248,0,"にゃんこ3K",21.384,-45.411,0,"쟈가리코",6.057,-63.536,0,"ぐだもん",28.072,-102.803,0,"alcohol500",-13.983,-117.004,0,"あくせる",-50.423,-93.627,0,0,0,0,0,0,"",0,0,0,0,4139.541,4142.006,,,0,0
75,3,0,1,1,1,2,2,0,1,0,255,12,255,37,4154.864,"Espressο",R,27,103,140,0.81,1.083,0.668,1.908,0.272,2.158,-36.625,33.779,2,0,45.3,-146.907,3.537,0,0,1,5,0,R,"なおｐ--",190,90.37,0.445,3,43,4155.871,141,98,58,37,24,134,130,27.663,5.236,0.55,-0.065,-0.024,0,0.404,0.183,-37.007,0,"ゆっち一",-0.072,-16.512,0,"559：広告",-21.925,-48.041,0,"sano jpn",-12.603,-63.698,0,"にゃんこ3K",20.991,-48.271,0,"쟈가리코",7.043,-63.919,0,"ぐだもん",26.118,-103.646,0,"alcohol500",-12.177,-118.412,0,"あくせる",-51.649,-94.495,0,4161.207,-25.445,-140.13,0,0,"",0,0,0,0,,4166.357,4159.527,4164.116,256,4
76,3,0,1,3,0,0,2,0,0,0,255,255,255,38,4198.535,"Espressο",R,26,108,140,-2.165,0.959,0.659,1.455,0.03,1.091,-36.718,30.94,2,0,71.657,-200,4.646,0,0,1,6,4,R,"_AKASATA_",190,82.886,0.2,3,43,4199.316,235,87,83,73,36,145,120,-30,-44.605,0.16,0.011,-0.014,0,0.237,-0.009,-37.149,0,"ゆっち一",-0.126,-16.443,0,"559：広告",-20.369,-44.701,0,"sano jpn",-14.511,-63.672,0,"にゃんこ3K",22.204,-50.547,0,"쟈가리코",11.378,-65.641,85,"ぐだもん",37.029,-97.255,108,"alcohol500",-6.993,-117.752,0,"あくせる",-46.739,-93.82,0,4198.624,1.285,-21.366,4205.074,6,"ぐだもん",66.195,-93.877,1,0,,4209.433,,,336,2
77,3,0,1,3,0,0,2,0,1,0,255,14,255,39,4228.689,"Espressο",R,7,73,108,2.137,4.557,0.585,2.341,0.519,4.187,-37.275,75.048,1,0,186.001,102.849,-5.188,0,0,0,7,6,L,"M_lunatic",160,94.627,0.444,0,42,0,0,0,0,0,0,0,0,0,0,0,0,0,0,0,0.233,-37.453,0,"ゆっち一",-0.106,-16.525,0,"559：広告",-19.536,-47.267,0,"sano jpn",-10.114,-63.235,0,"にゃんこ3K",21.048,-44.252,0,"쟈가리코",13.393,-63.71,0,"ぐだもん",39.865,-88.265,0,"alcohol500",3.84,-114.207,0,"あくせる",-40.451,-91.2,0,0,0,0,0,0,"",0,0,0,0,4229.524,4231.196,,,0,0
78,3,0,1,3,1,0,2,0,1,0,255,14,255,40,4241.38,"Espressο",R,26,108,140,-0.827,0.54,0.453,1.691,-0.393,1.696,-36.628,24.359,2,0,14.565,-178.321,3.674,0,0,1,7,6,L,"M_lunatic",160,94.627,0.444,3,42,4242.335,255,79,113,123,60,145,80,-1.192,13.445,-0.81,0.055,-0.09,0,0.407,0.093,-37.246,0,"ゆっち一",-0.154,-16.736,0,"559：広告",-19.389,-46.674,8,"sano jpn",-8.129,-63.25,85,"にゃんこ3K",19.725,-44.874,0,"쟈가리코",15.038,-63.41,0,"ぐだもん",35.93,-87.248,0,"alcohol500",5.985,-111.308,0,"あくせる",-40.42,-91.322,0,4242.19,-3.362,-31.632,4244.357,3,"sano jpn",-13.294,-59.716,0,0,,,4248.206,,35,2
79,4,1,1,3,0,0,0,0,0,0,255,255,255,37,4296.726,"なおｐ--",R,13,52,86,1.471,0.548,0.357,1.926,1.438,2.565,-36.824,25.158,0,0,-305.249,312.348,0,0,0,0,4,5,R,"쟈가리코",174.9,83,0.504,0,42,0,0,0,0,0,0,0,0,0,0,0,0,0,0,0,-0.068,-37.596,0,"Kr_Luna",0.066,-17.456,0,"_Chun",-22.168,-50.603,0,"오띵__",-12.978,-65.287,0,"_AKASATA_",21.291,-50.81,0,"CVPileMaki",13.433,-64.646,0,"M_lunatic",40.071,-97.788,0,"Multeinn",-4.321,-112.723,0,"NABIMan",-46.776,-90.709,0,0,0,0,0,0,"",0,0,0,0,4297.757,,,,0,0
80,4,1,1,3,0,1,0,0,0,0,255,255,255,38,4319.087,"なおｐ--",R,0,86,139,1.367,-0.11,0.127,1.62,0.592,1.54,-36.482,5.821,2,0,0,0,0,0,0,1,4,5,R,"쟈가리코",174.9,83,0.504,3,42,4320.241,177,48,47,40,24,131,84,8.295,44.558,-0.43,-0.049,-0.053,0,0.319,-0.056,-37.339,0,"Kr_Luna",0.063,-17.38,0,"_Chun",-21.683,-50.446,0,"오띵__",-13.002,-65.32,0,"_AKASATA_",21.444,-50.621,0,"CVPileMaki",13.41,-64.665,0,"M_lunatic",40.49,-99.072,0,"Multeinn",-3.752,-112.159,0,"NABIMan",-47.285,-91.332,0,4320.874,-22.261,-39.239,0,0,"",0,0,0,0,,,,,32,3
81,4,1,1,3,0,2,0,0,0,0,255,255,255,39,4343.588,"なおｐ--",R,10,41,81,-1.625,-2.724,-0.103,1.368,-0.703,0.918,-36.803,15.883,1,0,0,400,0,-0.301,-20.403,0,4,5,R,"쟈가리코",174.9,83,0.504,0,42,0,0,0,0,0,0,0,0,0,0,0,0,0,0,0,-0.203,-37.595,0,"Kr_Luna",0.005,-17.361,0,"_Chun",-22.983,-51.325,0,"오띵__",-13.028,-65.239,0,"_AKASATA_",22.452,-51.801,0,"CVPileMaki",11.959,-63.6,0,"M_lunatic",39.608,-98.288,0,"Multeinn",-4.93,-113.83,0,"NABIMan",-52.488,-88.047,0,0,0,0,0,0,"",0,0,0,0,4344.69,,,,0,0
82,4,1,1,3,1,2,0,0,0,0,255,255,255,40,4364.086,"なおｐ--",R,0,93,140,2.084,0.606,0.194,1.737,0.902,1.952,-36.497,11.633,2,0,0,0,0,0,0,0,4,5,R,"쟈가리코",174.9,83,0.504,3,42,4365.212,78,92,41,41,32,105,100,29.456,40.091,0.34,-0.04,-0.054,0,0.438,0.04,-37.323,0,"Kr_Luna",0.104,-17.38,0,"_Chun",-23.061,-51.404,0,"오띵__",-13.123,-65.279,0,"_AKASATA_",22.274,-51.656,0,"CVPileMaki",14.921,-63.491,0,"M_lunatic",39.343,-98.221,0,"Multeinn",-4.873,-108.291,0,"NABIMan",-52.215,-88.579,95,0,0,0,4369.374,8,"NABIMan",-62.313,-74.414,0,0,,,,,48,1
83,4,1,1,3,0,0,1,0,0,0,255,255,255,41,4403.946,"なおｐ--",R,0,78,129,1.181,-0.395,0.11,1.572,0.511,1.371,-36.436,3.273,0,0,0,0,0,0,0,0,5,8,R,"あくせる",175.2,86.41,0.669,0,72,0,0,0,0,0,0,0,0,0,0,0,0,0,0,0,-0.181,-37.512,0,"Kr_Luna",-0.022,-17.345,0,"_Chun",-21.789,-49.722,0,"오띵__",-12.764,-65.324,0,"_AKASATA_",22.083,-51.45,0,"CVPileMaki",13.544,-64.036,0,"M_lunatic",43.271,-92.507,0,"Multeinn",-2.276,-107.254,0,"NABIMan",-50.324,-89.494,0,0,0,0,0,0,"",0,0,0,0,4404.674,,,,0,0
84,4,1,1,3,0,1,1,0,0,0,255,255,255,42,4422.68,"なおｐ--",R,0,88,140,2.046,0.818,0.19,1.773,0.885,2.075,-36.504,13.328,2,0,0,0,0,0,0,1,5,8,R,"あくせる",175.2,86.41,0.669,3,72,4423.757,185,38,52,64,21,136,93,2.864,43.165,-0.08,0.087,-0.029,0,0.191,-0.178,-37.28,0,"Kr_Luna",0.089,-17.369,0,"_Chun",-21.891,-49.896,0,"오띵__",-12.891,-65.349,0,"_AKASATA_",21.944,-51.474,0,"CVPileMaki",13.947,-64.23,0,"M_lunatic",43.295,-92.526,0,"Multeinn",-5.06,-106.726,0,"NABIMan",-52.392,-88.924,0,4424.007,-17.128,-35.927,4427.407,8,"NABIMan",-53.454,-71.896,0,0,,,,,56,2
85,4,1,1,3,0,2,1,0,0,0,255,255,255,43,4452.637,"なおｐ--",R,0,80,131,0.149,1.037,0.014,1.808,0.064,2.199,-36.526,16.46,2,0,0,0,0,0,0,1,5,8,R,"あくせる",175.2,86.41,0.669,3,72,4453.725,255,36,96,52,27,145,123,25.75,-3.129,0.26,0.006,-0.069,0,0.29,-0.165,-37.332,0,"Kr_Luna",0.042,-17.373,0,"_Chun",-22.767,-50.687,0,"오띵__",-12.903,-65.295,92,"_AKASATA_",22.605,-51.419,0,"CVPileMaki",13.638,-64.569,0,"M_lunatic",42.222,-95.085,0,"Multeinn",-4.479,-107.058,7,"NABIMan",-51.81,-90.126,0,4458.074,-6.299,-129.003,4460.074,7,"Multeinn",-8.751,-128.915,1,0,,4463.867,,,361,2
86,4,1,1,3,0,0,1,0,1,0,255,8,255,44,4516.733,"なおｐ--",R,0,75,127,-1.093,0.711,-0.102,1.753,-0.473,2.007,-36.542,16.395,0,0,0,0,0,0,0,1,6,6,L,"ぐだもん",174.9,94.695,0.318,0,42,0,0,0,0,0,0,0,0,0,0,0,0,0,0,0,-0.144,-37.373,0,"Kr_Luna",0.031,-17.473,0,"_Chun",-21.338,-49.461,0,"오띵__",-5.949,-63.826,0,"_AKASATA_",21.381,-47.098,0,"CVPileMaki",10.116,-56.042,0,"M_lunatic",39.258,-85.934,0,"Multeinn",1.339,-99.819,0,"NABIMan",-51.767,-90.362,0,0,0,0,0,0,"",0,0,0,0,4517.074,4519.582,,,0,0
87,4,1,1,3,0,1,1,0,1,0,255,8,255,45,4534.357,"なおｐ--",R,0,73,126,-1.418,-0.076,-0.057,1.648,-0.266,1.637,-36.541,8.683,2,0,0,0,0,0,0,1,6,6,L,"ぐだもん",174.9,94.695,0.318,3,42,4535.081,255,43,118,74,23,145,120,107.005,72.854,0.21,-0.018,-0.023,0,0.311,-0.22,-37.168,0,"Kr_Luna",0.003,-17.443,0,"_Chun",-21.285,-49.523,0,"오띵__",-6.541,-64.188,0,"_AKASATA_",21.729,-47.378,0,"CVPileMaki",11.08,-55.749,0,"M_lunatic",39.262,-85.946,0,"Multeinn",0.124,-106.421,0,"NABIMan",-50.237,-93.916,0,0,0,0,0,0,"",0,0,0,0,,4538.825,,,32,3
88,4,1,1,3,0,2,1,0,1,0,255,8,255,46,4555.891,"なおｐ--",R,0,86,140,-0.838,1.638,-0.051,1.953,-0.363,2.544,-36.608,25.675,2,0,0,0,0,0,0,1,6,6,L,"ぐだもん",174.9,94.695,0.318,3,42,4556.537,102,12,28,27,17,59,59,-45.778,-54.551,-0.86,-0.085,-0.041,0,0.168,-0.296,-37.245,0,"Kr_Luna",-0.004,-17.496,0,"_Chun",-22.153,-49.849,0,"오띵__",-8.065,-64.324,0,"_AKASATA_",21.984,-46.664,90,"CVPileMaki",12.581,-58.291,0,"M_lunatic",41.842,-88.264,0,"Multeinn",3.788,-103.966,0,"NABIMan",-45.82,-86.867,0,4555.924,1.531,-19.606,4558.924,4,"_AKASATA_",23.947,-36.914,0,0,,4560.002,,,96,2
89,4,1,1,3,0,2,1,0,1,0,255,8,255,47,4582.017,"なおｐ--",R,13,57,103,-1.011,-1.97,0.119,1.453,0.264,1.009,-36.642,5.755,4,0,-347.705,334.829,0,-0.275,-18.904,1,6,6,L,"ぐだもん",174.9,94.695,0.318,0,32,0,0,0,0,0,0,0,0,0,0,0,0,0,0,0,-0.118,-37.242,0,"Kr_Luna",-0.763,-17.998,0,"_Chun",-21.911,-48.289,0,"오띵__",-6.337,-60.678,0,"_AKASATA_",21.308,-43.399,0,"CVPileMaki",11.268,-56.108,0,"M_lunatic",43.232,-90.362,0,"Multeinn",2.798,-99.212,0,"NABIMan",-44.18,-85.996,0,0,0,0,0,0,"",0,0,0,0,4582.474,4584.442,,,0,0
90,4,1,1,3,0,0,2,0,1,0,255,8,255,48,4612.485,"なおｐ--",R,0,91,140,-2.718,0.227,-0.253,1.672,-1.176,1.724,-36.523,16.553,2,0,0,0,0,0,0,1,7,7,L,"alcohol500",167.6,87.24,0.284,3,41,4613.574,254,73,59,60,35,138,88,27.633,10.667,-0.29,-0.003,-0.045,0,0.218,-0.295,-37.16,0,"Kr_Luna",-0.098,-17.448,0,"_Chun",-22.308,-49.819,0,"오띵__",-10.697,-63.904,87,"_AKASATA_",22.671,-48.217,0,"CVPileMaki",11.613,-63.171,0,"M_lunatic",43.448,-89.143,0,"Multeinn",5.697,-106.159,8,"NABIMan",-46.696,-86.765,0,4617.607,-22.289,-88.73,4620.574,7,"Multeinn",-28.858,-107.607,1,0,,4623.252,4618.371,4623.204,296,2
91,4,1,2,3,0,0,2,0,1,0,255,7,255,49,4654.054,"なおｐ--",R,0,84,137,2.087,0.666,0.169,1.773,0.785,2.043,-36.533,16.259,4,0,0,0,0,-0.386,-20.009,1,8,0,R,"Espressο",190,94.953,0.395,0,41,0,0,0,0,0,0,0,0,0,0,0,0,0,0,0,-0.076,-37.551,0,"Kr_Luna",-0.268,-17.947,0,"_Chun",-22.463,-50.602,0,"오띵__",-7.204,-63.761,0,"_AKASATA_",21.366,-44.044,0,"CVPileMaki",13.696,-64.124,0,"M_lunatic",37.061,-90.444,0,"Multeinn",2.536,-105.493,0,"NABIMan",-46.151,-87.383,0,0,0,0,0,0,"",0,0,0,0,4655.874,,,,0,0
92,4,1,2,3,0,1,2,0,1,0,255,7,255,50,4677.456,"なおｐ--",R,13,42,80,-2.34,-1.327,-0.102,1.58,-0.26,1.448,-36.736,12.109,1,0,-274.613,327.755,0,-0.566,-18.32,0,8,0,R,"Espressο",190,94.953,0.395,0,41,0,0,0,0,0,0,0,0,0,0,0,0,0,0,0,-0.203,-37.393,0,"Kr_Luna",0.065,-17.367,0,"_Chun",-22.316,-50.185,0,"오띵__",-7.634,-63.83,0,"_AKASATA_",19.476,-39.933,87,"CVPileMaki",11.875,-62.906,0,"M_lunatic",38.111,-92.124,0,"Multeinn",2.124,-106.141,0,"NABIMan",-45.165,-88.373,0,0,0,0,0,0,"",0,0,0,0,4678.257,,4680.728,,0,0
93,4,1,2,3,1,1,2,0,0,1,255,255,7,51,4702.774,"なおｐ--",R,0,86,140,1.835,0.517,0.171,1.739,0.794,1.934,-36.509,15.209,2,0,0,0,0,0,0,1,8,0,R,"Espressο",190,94.953,0.395,3,41,4703.567,132,135,104,70,38,139,86,30.567,-30.476,-0.87,-0.049,-0.066,0,0.281,0.036,-37.193,0,"Kr_Luna",0.075,-17.456,0,"_Chun",-22.811,-51.396,0,"오띵__",-12.053,-65.702,0,"_AKASATA_",20.562,-47.651,0,"CVPileMaki",13.187,-64.098,0,"M_lunatic",39.853,-91.5,85,"Multeinn",6.409,-105.675,0,"NABIMan",-49.816,-90.752,0,4706.641,34.578,-73.844,4707.107,6,"M_lunatic",35.251,-74.878,1,0,,,,4708.657,162,2
94,4,1,3,3,0,0,2,1,0,0,0,255,255,52,4737.733,"なおｐ--",R,0,65,121,1.474,0.737,0.137,1.78,0.638,2.068,-36.492,13.258,2,0,0,0,0,0,0,1,0,2,R,"559：広告",190,90.035,0.23,3,41,4738.839,255,127,98,122,80,145,90,31.945,27.526,-0.82,0.038,-0.047,0,0.421,-0.281,-36.809,0,"Kr_Luna",0.153,-17.491,0,"_Chun",-20.779,-45.722,0,"오띵__",-13.126,-65.26,0,"_AKASATA_",24.045,-50.563,0,"CVPileMaki",12.084,-64.34,0,"M_lunatic",36.079,-96.944,0,"Multeinn",-8.729,-109.166,0,"NABIMan",-48.26,-84.399,0,4742.757,-23.634,-89.2,4744.291,7,"Multeinn",-26.568,-99.277,1,0,4844.807,4742.746,4747.719,,270,2
95,4,1,3,3,0,0,2,1,0,1,2,255,0,53,4931.199,"_Chun",L,26,84,138,1.382,0.611,0.116,1.809,0.643,1.741,-36.58,24.293,2,0,-32.462,-200,-7.398,0,0,1,1,3,R,"sano jpn",169.7,89.796,0.314,3,67,4932.23,155,83,145,81,64,145,124,98.603,-69.51,0.65,-0.046,0.027,0.19,0.653,0.304,-36.688,0,"Kr_Luna",0.107,-17.618,0,"_AKASATA_",-22.999,-50.816,0,"오띵__",-13.107,-65.304,0,"なおｐ--",18.318,-44.204,0,"CVPileMaki",10.7,-64.059,0,"M_lunatic",41.599,-92.924,0,"Multeinn",-3.755,-101.521,0,"NABIMan",-45.49,-90.992,0,0,0,0,0,0,"",0,0,0,0,,,4936.645,,2,3
96,4,1,3,3,0,1,2,1,0,1,2,255,0,54,4952.92,"_Chun",L,27,89,140,1.187,0.283,0.116,1.695,0.541,1.618,-36.442,17.136,0,0,-20.582,-146.643,-6.496,0,0,0,1,3,R,"sano jpn",169.7,89.796,0.314,0,67,0,0,0,0,0,0,0,0,0,0,0,0,0,0,0,0.059,-37.595,0,"Kr_Luna",0.056,-17.676,0,"_AKASATA_",-24.47,-50.878,0,"오띵__",-12.949,-65.325,0,"なおｐ--",19.149,-43.267,0,"CVPileMaki",10.159,-63.131,0,"M_lunatic",46.338,-96.77,0,"Multeinn",-3.022,-103.632,0,"NABIMan",-47.102,-93.443,0,0,0,0,0,0,"",0,0,0,0,4953.574,,4955.968,,0,0
97,4,1,3,3,0,2,2,1,0,1,2,255,0,55,4973.931,"_Chun",L,14,84,124,-2.647,-0.604,-0.116,1.701,-0.538,1.638,-36.475,20.252,2,0,-390.434,312.348,0,0,0,1,1,3,R,"sano jpn",169.7,89.796,0.314,3,67,4975.058,147,68,124,82,68,145,102,-30,37.92,0.92,-0.049,0.017,0,0.216,0.156,-36.681,0,"Kr_Luna",-0.249,-17.537,0,"_AKASATA_",-24.309,-50.225,86,"오띵__",-13.344,-65.07,0,"なおｐ--",18.421,-44.613,0,"CVPileMaki",11.26,-64.593,0,"M_lunatic",52.031,-104.192,0,"Multeinn",-4.491,-108.257,0,"NABIMan",-46.066,-88.991,0,4974.307,-1.249,-20.005,4976.074,2,"_AKASATA_",-21.197,-45.389,0,0,,4979.814,,4979.615,320,2
98,4,0,3,3,0,0,0,0,0,0,255,255,255,41,5022.012,"Espressο",R,27,90,126,0.274,-0.093,0.597,1.585,0.051,1.426,-36.556,25.189,0,0,33.175,-100.523,2.101,0,0,0,8,7,R,"Multeinn",160,90.267,0.5,0,41,0,0,0,0,0,0,0,0,0,0,0,0,0,0,0,0.439,-37.376,0,"ゆっち一",-0.135,-16.596,0,"559：広告",-20.631,-47.619,0,"sano jpn",-13.402,-63.733,0,"にゃんこ3K",20.974,-50.724,0,"쟈가리코",11.438,-62.539,0,"ぐだもん",35.133,-87.169,0,"alcohol500",-5.425,-108.841,0,"あくせる",-42.045,-90.735,0,0,0,0,0,0,"",0,0,0,0,5022.541,,,,0,0
99,4,0,3,3,0,1,0,0,0,0,255,255,255,42,5034.482,"Espressο",R,10,97,128,-2.553,-1.878,0.446,1.571,-1.106,1.124,-36.79,22.908,2,0,-9.571,400,-3.3,0,0,1,8,7,R,"Multeinn",160,90.267,0.5,3,41,5035.419,255,138,83,103,45,145,65,12.111,37.574,0.98,-0.087,-0.103,0,0.406,-0.017,-37.168,0,"ゆっち一",-0.295,-16.853,0,"559：広告",-20.619,-47.561,91,"sano jpn",-13.532,-63.7,0,"にゃんこ3K",21.266,-50.382,0,"쟈가리코",11.494,-62.248,0,"ぐだもん",34.952,-87.138,0,"alcohol500",-6.489,-110.996,0,"あくせる",-40.101,-87.231,0,5036.124,-15.495,-38.027,5036.94,2,"559：広告",-18.173,-41.096,0,0,,,,,257,2
100,4,0,3,3,0,0,1,0,0,0,255,255,255,43,5061.108,"Espressο",R,14,79,105,4.753,-0.38,0.757,1.933,1.258,1.915,-37.06,48.045,2,0,372.687,312.348,-7.472,0,0,1,0,5,R,"CVPileMaki",169.5,94,0.399,3,41,5062.24,180,102,129,114,64,145,83,-2.208,-42.749,-0.82,0.033,-0.023,0,0.202,0.202,-37.525,0,"ゆっち一",0.003,-16.667,0,"559：広告",-20.833,-47.612,92,"sano jpn",-14.44,-63.596,0,"にゃんこ3K",22.016,-51.788,120,"쟈가리코",10.591,-65.597,0,"ぐだもん",34.858,-91.652,0,"alcohol500",-2.599,-110.665,0,"あくせる",-43.343,-89.452,0,5061.991,7.426,-27.281,5063.59,4,"にゃんこ3K",22.443,-45.803,0,0,,,,,265,2
101,4,0,3,3,0,0,2,0,0,0,255,255,255,44,5086.39,"Espressο",R,10,115,128,-1.77,-0.447,0.458,1.674,-0.732,1.765,-36.812,26.333,2,0,-32.058,400,-13.092,0,0,1,1,0,L,"_Chun",190,80,0.455,3,41,5087.388,154,88,75,39,37,137,121,-24.049,-26.166,0.22,0.003,-0.018,0,0.151,-0.081,-37.125,0,"ゆっち一",-0.258,-16.679,0,"559：広告",-20.005,-48.243,120,"sano jpn",-12.647,-64.566,0,"にゃんこ3K",23.614,-50.992,0,"쟈가리코",15.026,-63.457,107,"ぐだもん",48.832,-107.029,0,"alcohol500",13.621,-123.558,0,"あくせる",-47.693,-96.49,0,5086.707,0.356,-20.818,5088.574,5,"쟈가리코",13.815,-58.663,0,0,,,,,27,2
102,5,1,3,3,0,0,0,0,0,0,255,255,255,3,5147.236,"_Chun",L,10,75,117,0.812,-0.333,0.076,1.772,0.351,1.869,-36.463,24.182,0,0,0,400,0,0,0,0,2,1,R,"ゆっち一",190,85.623,0.399,0,41,0,0,0,0,0,0,0,0,0,0,0,0,0,0,0,0.027,-37.5,0,"Kr_Luna",-0.024,-17.489,0,"_AKASATA_",-22.909,-50.791,0,"오띵__",-13.016,-65.341,0,"なおｐ--",19.628,-49.895,0,"CVPileMaki",13.587,-63.746,0,"M_lunatic",33.826,-104.786,0,"Multeinn",-11.669,-114.311,0,"NABIMan",-48.006,-90.304,0,0,0,0,0,0,"",0,0,0,0,5147.957,,,,0,0
103,5,1,3,3,0,1,0,0,0,0,255,255,255,4,5164.479,"_Chun",L,29,85,138,2.423,0.341,0.153,1.722,0.712,1.707,-36.478,18.901,2,0,248.67,-132.949,0,0,0,1,2,1,R,"ゆっち一",190,85.623,0.399,3,41,5165.553,161,50,94,56,34,145,92,11.965,27.964,-0.63,-0.056,-0.144,0,0.281,0.229,-36.846,0,"Kr_Luna",0.09,-17.539,0,"_AKASATA_",-23.127,-50.733,90,"오띵__",-12.974,-65.238,0,"なおｐ--",19.666,-49.936,0,"CVPileMaki",14.065,-63.933,0,"M_lunatic",33.536,-104.645,0,"Multeinn",-9.043,-109.541,0,"NABIMan",-48.856,-93.164,0,0,0,0,5166.741,2,"_AKASATA_",-18.149,-50.923,0,0,,,,,66,1
104,5,1,3,3,0,0,1,0,0,0,255,255,255,5,5192.307,"_Chun",L,26,83,135,1.35,0.64,0.16,1.716,0.746,1.687,-36.498,18.304,2,0,-21.04,-197.882,0,0,0,1,3,4,R,"にゃんこ3K",190,90.223,0.522,3,40,5193.42,234,77,133,93,61,145,85,37.024,22.966,-0.84,-0.053,-0.181,0,0.317,0.162,-36.948,0,"Kr_Luna",0.14,-17.529,0,"_AKASATA_",-23.611,-52.351,0,"오띵__",-12.92,-65.233,0,"なおｐ--",19.878,-49.779,0,"CVPileMaki",15.535,-63.325,0,"M_lunatic",41.499,-98.757,0,"Multeinn",-4.967,-109.765,0,"NABIMan",-46.461,-88.91,85,5197.424,-32.131,-77.7,5197.607,8,"NABIMan",-31.067,-75.893,0,0,,,,,18,1
105,5,1,3,3,0,0,2,0,0,0,255,255,255,6,5226.099,"_Chun",L,26,77,128,0.81,0.446,0.084,1.779,0.395,1.647,-36.586,28.03,2,0,-29.374,-200,0,0,0,1,4,5,R,"쟈가리코",174.9,83,0.504,3,40,5227.206,163,114,76,43,25,138,93,93.834,-85.369,-0.18,-0.042,-0.046,0,0.363,-0.07,-36.697,0,"Kr_Luna",0.084,-17.451,0,"_AKASATA_",-22.94,-50.78,0,"오띵__",-12.916,-65.306,0,"なおｐ--",20.233,-47.029,0,"CVPileMaki",14.744,-63.754,0,"M_lunatic",35.789,-86.587,0,"Multeinn",-2.598,-101.51,0,"NABIMan",-44.439,-88.381,0,0,0,0,0,0,"",0,0,0,0,,,,,2,3
106,5,1,3,3,0,1,2,0,0,0,255,255,255,7,5246.309,"_Chun",L,10,77,118,1.118,-0.534,0.104,1.744,0.484,1.789,-36.404,22.334,2,0,0,400,0,0,0,1,4,5,R,"쟈가리코",174.9,83,0.504,3,40,5247.426,151,124,48,47,21,132,112,-30,41.3,0.14,-0.044,-0.053,0,0.364,0.144,-36.823,0,"Kr_Luna",0.117,-17.46,0,"_AKASATA_",-24.185,-51.05,85,"오띵__",-13.121,-65.36,0,"なおｐ--",20.997,-48.646,0,"CVPileMaki",14.559,-63.616,0,"M_lunatic",34.016,-84.448,0,"Multeinn",-2.404,-105.926,0,"NABIMan",-44.998,-88.961,0,5246.674,-0.588,-19.817,5248.407,2,"_AKASATA_",-23.771,-46.015,0,0,,,,,320,2
107,5,0,3,3,0,0,0,0,0,0,255,255,255,45,5315.476,"Espressο",R,10,91,128,-2.822,-1.989,0.44,1.48,-1.035,0.791,-36.75,19.583,2,0,-131.492,400,-7.439,0,0,1,2,1,L,"Kr_Luna",190,95.2,0.505,3,40,5316.28,202,135,171,156,90,145,130,-30,24.907,0.42,0.016,-0.038,0,0.079,-0.071,-37.17,0,"ゆっち一",-0.356,-16.607,0,"559：広告",-20.44,-48.185,98,"sano jpn",-11.473,-65.434,0,"にゃんこ3K",23.551,-50.242,0,"쟈가리코",15.773,-63.258,0,"ぐだもん",48.66,-100.714,0,"alcohol500",2.834,-119.829,0,"あくせる",-45.316,-93.468,0,5315.574,-0.672,-20.746,5317.024,2,"559：広告",-16.843,-45.309,0,0,,,,,257,2
108,5,0,3,3,0,0,1,0,0,0,255,255,255,46,5337.937,"Espressο",R,27,106,140,0.236,-0.365,0.649,1.55,0.021,1.249,-36.712,28.906,0,0,45.55,-149.525,-8.078,0,0,1,3,3,R,"오띵__",160,80,0.402,0,40,0,0,0,0,0,0,0,0,0,0,0,0,0,0,0,0.607,-37.507,0,"ゆっち一",-0.112,-16.475,0,"559：広告",-20.236,-47.054,0,"sano jpn",-13.914,-63.517,0,"にゃんこ3K",20.952,-49.667,0,"쟈가리코",11.236,-64.553,0,"ぐだもん",42.296,-89.366,0,"alcohol500",-2.534,-108.474,0,"あくせる",-41.879,-86.816,0,0,0,0,0,0,"",0,0,0,0,5338.34,,,,0,0
109,5,0,3,3,0,1,1,0,0,0,255,255,255,47,5351.857,"Espressο",R,13,100,126,-2.673,-0.56,0.456,1.679,-0.603,1.771,-36.863,24.812,4,0,-353.603,353.504,-31.373,0,0,1,3,3,R,"오띵__",160,80,0.402,0,40,0,0,0,0,0,0,0,0,0,0,0,0,0,0,0,0.482,-37.503,0,"ゆっち一",-0.447,-16.467,0,"559：広告",-20.093,-47.109,0,"sano jpn",-13.779,-63.524,0,"にゃんこ3K",20.948,-49.742,0,"쟈가리코",11.161,-64.668,0,"ぐだもん",42.401,-89.488,0,"alcohol500",-1.602,-108.354,0,"あくせる",-41.945,-86.799,0,0,0,0,0,0,"",0,0,0,0,5352.34,,,,0,0
110,5,0,3,3,0,2,1,0,0,0,255,255,255,48,5364.721,"Espressο",R,10,99,128,-0.126,-0.425,0.558,1.69,-0.07,1.896,-36.925,35.416,0,0,0,400,-10.306,0,0,1,3,3,R,"오띵__",160,80,0.402,0,40,0,0,0,0,0,0,0,0,0,0,0,0,0,0,0,0.48,-37.42,0,"ゆっち一",-0.08,-16.54,0,"559：広告",-20.275,-45.854,94,"sano jpn",-13.874,-63.501,0,"にゃんこ3K",20.763,-49.752,0,"쟈가리코",11.147,-64.676,0,"ぐだもん",42.158,-89.484,0,"alcohol500",-1.909,-108.295,0,"あくせる",-41.925,-86.465,0,0,0,0,0,0,"",0,0,0,0,5365.174,,,,0,0
111,5,0,3,3,0,0,2,0,0,0,255,255,255,49,5389.539,"Espressο",R,10,72,102,0.019,0.499,0.53,2.057,-0.005,2.492,-37.058,51.229,2,0,0,400,-2.759,0,0,1,4,8,L,"NABIMan",190,82,0.5,3,34,5390.577,255,125,80,126,94,145,124,-30,-33.425,0.65,0.129,-0.081,0,0.274,-0.368,-37.37,0,"ゆっち一",-0.189,-16.449,0,"559：広告",-20.747,-48.617,8,"sano jpn",-12.748,-64.513,0,"にゃんこ3K",23.447,-49.729,0,"쟈가리코",12.675,-65.015,0,"ぐだもん",47.522,-99.958,0,"alcohol500",1.718,-118.028,0,"あくせる",-46.607,-90.522,0,5389.857,1.339,-22.847,5391.474,4,"にゃんこ3K",19.645,-45.959,0,0,,,,,11,2
112,6,1,3,3,0,0,0,0,0,0,255,255,255,8,5486.357,"_Chun",L,26,82,134,0.895,0.696,0.092,1.759,0.428,1.842,-36.475,21.744,0,0,-29.003,-164.794,0,0,0,0,5,8,R,"あくせる",175.2,86.41,0.669,0,40,0,0,0,0,0,0,0,0,0,0,0,0,0,0,0,0.132,-37.387,0,"Kr_Luna",0.007,-17.534,0,"_AKASATA_",-23.09,-51.268,0,"오띵__",-12.935,-65.359,0,"なおｐ--",20.596,-48.439,0,"CVPileMaki",13.982,-64.077,0,"M_lunatic",38.953,-88.538,0,"Multeinn",-2.341,-105.163,0,"NABIMan",-42.591,-90.99,0,0,0,0,0,0,"",0,0,0,0,5486.991,,,,0,0
113,6,1,3,3,0,1,0,0,0,0,255,255,255,9,5504.847,"_Chun",L,6,84,124,0.362,-0.247,0.184,1.721,0.855,1.708,-36.507,21.303,0,0,-451.142,215.571,-29.004,0,0,0,5,8,R,"あくせる",175.2,86.41,0.669,0,40,0,0,0,0,0,0,0,0,0,0,0,0,0,0,0,0.06,-37.615,0,"Kr_Luna",0.019,-17.521,0,"_AKASATA_",-23.101,-51.203,0,"오띵__",-12.948,-65.345,0,"なおｐ--",20.599,-48.441,0,"CVPileMaki",14.267,-63.996,0,"M_lunatic",38.316,-89.124,0,"Multeinn",-6.116,-106.688,0,"NABIMan",-44.26,-92.615,0,0,0,0,0,0,"",0,0,0,0,5505.574,,,,0,0
114,6,1,3,3,0,2,0,0,0,0,255,255,255,10,5522.756,"_Chun",L,10,87,128,1.343,-0.484,0.125,1.738,0.581,1.768,-36.442,21.623,0,0,0,400,-0.243,0,0,0,5,8,R,"あくせる",175.2,86.41,0.669,0,40,0,0,0,0,0,0,0,0,0,0,0,0,0,0,0,-0.028,-37.532,0,"Kr_Luna",0.049,-17.521,0,"_AKASATA_",-23.254,-51.09,0,"오띵__",-12.887,-65.378,0,"なおｐ--",20.786,-48.182,0,"CVPileMaki",14.288,-63.912,0,"M_lunatic",38.321,-89.123,0,"Multeinn",-3.155,-104.406,0,"NABIMan",-44.688,-93.272,0,0,0,0,0,0,"",0,0,0,0,5523.391,,,,0,0
115,6,1,3,3,0,0,1,0,0,0,255,255,255,11,5547.591,"_Chun",L,26,86,140,-1.547,1.52,-0.133,1.886,-0.617,2.29,-36.561,34.061,2,0,-39.293,-200,-2.571,0,0,1,6,6,L,"ぐだもん",174.9,89.695,0.318,3,40,5548.228,99,7,32,10,8,35,45,-51.066,-51.233,-0.81,-0.021,-0.048,0,0.154,-0.073,-36.83,0,"Kr_Luna",-0.025,-17.45,0,"_AKASATA_",-23.125,-51.45,0,"오띵__",-12.751,-65.438,0,"なおｐ--",21.599,-47.083,86,"CVPileMaki",14.133,-64.023,0,"M_lunatic",40.057,-87.888,0,"Multeinn",0.696,-104.774,0,"NABIMan",-47.215,-95.405,0,5547.574,0.94,-19.85,5551.391,4,"なおｐ--",19.506,-34.905,0,0,,,,,34,2
116,6,1,3,3,0,1,1,0,0,0,255,255,255,12,5569.149,"_Chun",L,13,78,116,1.498,0.172,0.025,1.863,0.117,2.209,-36.537,29.585,4,0,312.521,390.296,0,0,0,1,6,6,L,"ぐだもん",174.9,89.695,0.318,0,40,0,0,0,0,0,0,0,0,0,0,0,0,0,0,0,0.048,-37.326,0,"Kr_Luna",0.339,-17.481,0,"_AKASATA_",-21.982,-50.46,0,"오띵__",-8.274,-66.975,0,"なおｐ--",20.791,-45.799,0,"CVPileMaki",13.359,-64.684,0,"M_lunatic",40.958,-89.613,0,"Multeinn",-0.895,-104.407,0,"NABIMan",-46.4,-90.782,0,0,0,0,0,0,"",0,0,0,0,5569.507,,,,0,0
117,6,1,3,3,0,2,1,0,0,0,255,255,255,13,5586.592,"_Chun",L,26,90,140,-0.773,0.457,-0.061,1.713,-0.286,1.681,-36.413,15.203,2,0,-37.541,-200,0,0,0,1,6,6,L,"ぐだもん",174.9,89.695,0.318,3,40,5587.196,108,21,47,27,19,104,64,-62.752,-61.192,-0.81,-0.054,-0.084,0,0.154,0.01,-36.644,0,"Kr_Luna",0.036,-17.491,0,"_AKASATA_",-21.88,-50.453,0,"오띵__",-12.785,-65.5,0,"なおｐ--",20.84,-45.862,0,"CVPileMaki",13.58,-64.868,0,"M_lunatic",41.645,-88.482,0,"Multeinn",6.432,-100.59,0,"NABIMan",-45.096,-92.14,0,5586.507,0.668,-18.652,0,0,"",0,0,0,0,,,,,2,3
118,6,1,3,3,0,2,1,0,0,0,255,255,255,14,5610.788,"_Chun",L,26,84,138,-2.839,0.832,-0.193,1.764,-0.899,1.859,-36.558,23.242,2,0,1.274,-200,0,0,0,1,6,6,L,"ぐだもん",174.9,89.695,0.318,3,40,5611.442,117,17,53,30,20,121,71,-2.385,-31.73,-0.8,-0.029,-0.015,0,0.185,-0.211,-36.876,0,"Kr_Luna",0.014,-17.497,0,"_AKASATA_",-20.745,-49.038,91,"오띵__",-12.787,-65.448,0,"なおｐ--",19.874,-45.973,109,"CVPileMaki",14.259,-64.017,0,"M_lunatic",39.518,-88.391,0,"Multeinn",5.611,-101.461,0,"NABIMan",-42.617,-90.356,0,5611.207,5.399,-28.214,5612.741,4,"なおｐ--",14.535,-44.511,0,64,,,,,98,2
119,6,1,3,3,0,0,2,0,0,0,255,255,255,15,5638.866,"_Chun",L,13,85,125,1.922,-1.459,0.097,1.603,0.45,1.278,-36.498,14.93,1,0,247.58,400,0,0,0,0,7,7,L,"alcohol500",167.6,87.24,0.284,0,35,0,0,0,0,0,0,0,0,0,0,0,0,0,0,0,0.217,-37.5,0,"Kr_Luna",0.08,-17.356,0,"_AKASATA_",-22.376,-49.551,0,"오띵__",-10.38,-65.74,0,"なおｐ--",19.893,-46.028,0,"CVPileMaki",14.8,-63.676,0,"M_lunatic",40.651,-85.764,0,"Multeinn",-0.943,-102.425,0,"NABIMan",-42.022,-88.112,0,0,0,0,0,0,"",0,0,0,0,5639.574,,,,0,0
120,6,1,3,3,1,0,2,0,0,0,255,255,255,16,5658.192,"_Chun",L,26,86,140,-2.586,0.891,-0.113,1.735,-0.525,1.763,-36.463,20.155,2,0,-26.154,-200,0,0,0,1,7,7,L,"alcohol500",167.6,87.24,0.284,3,35,5659.231,194,29,87,42,22,143,87,-5.989,-25.983,-0.54,-0.02,-0.03,0,0.179,-0.027,-36.872,0,"Kr_Luna",-0.08,-17.383,0,"_AKASATA_",-22.011,-50.617,85,"오띵__",-12.693,-65.27,0,"なおｐ--",19.935,-46.109,0,"CVPileMaki",14.827,-63.797,102,"M_lunatic",41.611,-86.917,0,"Multeinn",1.514,-101.058,0,"NABIMan",-41.875,-87.908,0,5658.757,3.54,-26.646,5660.974,5,"CVPileMaki",19.826,-58.311,0,128,,,,,321,2
121,6,0,3,3,0,0,0,0,0,0,255,255,255,50,5712.422,"Espressο",R,10,99,128,-2.48,-0.83,0.431,1.619,-0.907,1.529,-36.792,23.784,1,0,-116.046,400,-16.894,-0.769,-15.785,0,5,4,R,"なおｐ--",190,90.37,0.445,0,39,0,0,0,0,0,0,0,0,0,0,0,0,0,0,0,0.297,-37.492,0,"ゆっち一",-0.143,-16.472,0,"559：広告",-21.489,-48.776,0,"sano jpn",-13.426,-64.077,0,"にゃんこ3K",22.195,-52.338,0,"쟈가리코",12.212,-64.924,0,"ぐだもん",34.116,-100.68,0,"alcohol500",-8.927,-121.192,0,"あくせる",-51.501,-95.324,0,0,0,0,0,0,"",0,0,0,0,5713.107,,,,0,0
122,6,0,3,3,1,0,0,0,0,0,255,255,255,51,5727.392,"Espressο",R,10,109,128,-1.502,0.086,0.432,1.717,-0.665,2.104,-36.895,28.241,2,0,0,400,-24.751,0,0,1,5,4,R,"なおｐ--",190,90.37,0.445,3,39,5728.502,210,103,105,58,25,145,119,17.208,9.852,0.77,-0.006,-0.008,0,0.528,-0.048,-37.406,0,"ゆっち一",-0.378,-16.591,0,"559：広告",-21.442,-48.715,0,"sano jpn",-13.402,-64.054,0,"にゃんこ3K",22.129,-52.041,0,"쟈가리코",12.497,-65.219,82,"ぐだもん",33.929,-100.674,0,"alcohol500",-5.775,-120.546,0,"あくせる",-51.418,-95.164,102,5732.324,-38.258,-117.727,5734.241,8,"あくせる",-41.042,-117.938,1,0,,5738.808,,,304,2
123,6,0,3,3,0,0,0,0,1,0,255,14,255,52,5763.47,"Espressο",R,26,104,140,0.465,0.804,0.635,1.763,0.074,1.939,-36.729,31.767,2,0,79.423,-200,-11.938,0,0,1,6,2,R,"_AKASATA_",190,82.886,0.2,3,39,5764.285,202,74,75,53,21,141,102,46.972,-22.892,-0.14,0.011,-0.006,0,0.147,-0.073,-37.133,0,"ゆっち一",-0.131,-16.602,0,"559：広告",-20.799,-46.861,0,"sano jpn",-12.775,-60.684,0,"にゃんこ3K",20.887,-46.445,0,"쟈가리코",8.558,-64.126,69,"ぐだもん",36.142,-92.704,79,"alcohol500",-8.61,-117.173,0,"あくせる",-45.918,-90.859,0,0,0,0,5769.307,6,"ぐだもん",29.857,-87.902,0,0,,5768.585,,,336,1
124,6,0,3,3,0,0,1,0,1,0,255,14,255,53,5820.159,"Espressο",R,26,104,140,0.283,1.436,0.568,1.914,0.013,2.331,-36.805,42.096,1,0,76.681,-200,-2.857,0,0,0,7,6,L,"SFIDA",190,80,0.453,0,22,0,0,0,0,0,0,0,0,0,0,0,0,0,0,0,-0.068,-37.391,0,"ゆっち一",-0.161,-16.416,0,"559：広告",-20.405,-47.572,0,"sano jpn",-8.426,-63.643,0,"にゃんこ3K",21.29,-46.739,0,"쟈가리코",15.188,-63.161,0,"ぐだもん",39.585,-94.504,0,"alcohol500",0.27,-113.975,0,"あくせる",-43.751,-92.214,0,0,0,0,0,0,"",0,0,0,0,5820.657,5823.068,,,0,0
125,6,0,3,3,1,0,1,0,1,0,255,14,255,54,5834.669,"Espressο",R,10,90,116,0.289,-0.484,0.597,1.714,0.11,1.807,-36.819,42.93,0,0,0,400,-11.084,0,0,0,7,6,L,"SFIDA",190,80,0.453,0,22,0,0,0,0,0,0,0,0,0,0,0,0,0,0,0,0.157,-37.453,0,"ゆっち一",-0.093,-16.452,0,"559：広告",-20.697,-48.963,0,"sano jpn",-8.216,-61.193,0,"にゃんこ3K",21.316,-45.483,0,"쟈가리코",15.4,-63.327,0,"ぐだもん",39.498,-94.632,0,"alcohol500",0.95,-116.063,0,"あくせる",-43.85,-92.37,0,0,0,0,0,0,"",0,0,0,0,5835.291,5837.207,,,0,0
126,6,0,3,3,1,1,1,0,1,0,255,14,255,55,5847.666,"Espressο",R,14,82,107,2.26,-0.33,0.66,1.829,0.289,1.904,-36.824,39.322,2,0,342.68,354.814,-13.971,0,0,1,7,6,L,"SFIDA",190,80,0.453,2,22,5848.689,154,68,29,40,29,87,67,-30,8.163,0.95,0.049,-0.039,0,0.554,0.062,-37.217,0,"ゆっち一",0.19,-16.559,0,"559：広告",-20.742,-48.497,85,"sano jpn",-8.782,-61.688,0,"にゃんこ3K",20.909,-46.421,94,"쟈가리코",15.497,-63.294,0,"ぐだもん",39.465,-94.65,0,"alcohol500",2.433,-116.674,0,"あくせる",-43.783,-92.245,0,5848.09,0.234,-21.446,5849.324,0,"Espressο",-1.717,-35.437,1,32,,,5853.44,,265,2
127,6,0,3,3,0,0,2,1,0,0,15,255,255,56,5880.12,"Espressο",R,10,75,105,1.275,-0.726,0.687,1.88,0.537,1.905,-36.892,44.881,0,0,0,400,-4.077,0,0,0,8,7,R,"Multeinn",160,90.267,0.5,0,39,0,0,0,0,0,0,0,0,0,0,0,0,0,0,0,0.278,-37.623,0,"ゆっち一",0.037,-17.067,0,"559：広告",-19.976,-41.467,0,"sano jpn",-10.131,-58.079,0,"にゃんこ3K",21.163,-47.335,0,"쟈가리코",11.74,-63.691,0,"ぐだもん",34.114,-87.391,0,"alcohol500",-1.977,-108.729,0,"あくせる",-40.83,-88.492,0,0,0,0,0,0,"",0,0,0,0,5880.707,,,,0,0
128,6,0,3,3,0,1,2,1,0,0,15,255,255,57,5895.067,"Espressο",R,13,91,114,-1.773,0.138,0.52,1.812,-0.121,2.185,-36.824,34.759,1,0,-366.396,340.226,-1.704,-0.869,-16.734,0,8,7,R,"Multeinn",160,90.267,0.5,0,39,0,0,0,0,0,0,0,0,0,0,0,0,0,0,0,0.212,-37.511,0,"ゆっち一",-0.372,-16.654,0,"559：広告",-20.272,-42.508,0,"sano jpn",-10.04,-58.088,0,"にゃんこ3K",20.936,-47.259,0,"쟈가리코",8.538,-63.784,0,"ぐだもん",34.213,-87.306,0,"alcohol500",-1.448,-108.69,0,"あくせる",-40.869,-88.435,0,0,0,0,0,0,"",0,0,0,0,5896.824,,,,0,0
129,6,0,3,3,1,1,2,1,0,0,15,255,255,58,5908.78,"Espressο",R,10,95,120,-2.589,0.994,0.458,1.664,-0.262,1.949,-36.924,32.958,2,0,0,400,-9.684,0,0,1,8,7,R,"Multeinn",160,90.267,0.5,3,39,5909.65,255,115,90,102,39,145,99,27.94,30.047,0.06,-0.062,-0.041,0,0.363,-0.024,-37.409,0,"ゆっち一",-0.169,-16.527,0,"559：広告",-19.958,-41.505,0,"sano jpn",-12.286,-61.276,0,"にゃんこ3K",21.213,-47.687,0,"쟈가리코",9.134,-64.712,0,"ぐだもん",33.964,-87.227,0,"alcohol500",-2.042,-108.286,0,"あくせる",-40.95,-88.628,0,5913.574,-49.383,-89.634,5913.674,8,"あくせる",-47.515,-87.122,0,0,,5915.157,,,34,1
130,7,1,3,3,0,0,0,0,0,0,255,255,255,17,5966.449,"_Chun",L,10,88,128,1.352,-0.179,0.126,1.778,0.585,1.89,-36.472,22.56,2,0,0,400,-2.256,0,0,1,8,0,R,"Espressο",190,94.953,0.395,3,39,5967.315,70,163,79,117,61,120,80,-54.218,-40.706,-0.5,0.002,-0.014,0,0.338,0.219,-36.692,0,"Kr_Luna",0.131,-17.506,0,"_AKASATA_",-23.152,-51.233,0,"오띵__",-13.06,-65.354,0,"なおｐ--",20.273,-48.638,120,"CVPileMaki",13.969,-63.912,0,"SFIDA",41.504,-99.762,0,"Multeinn",2.076,-107.296,0,"NABIMan",-43.524,-91.479,0,5966.574,0.803,-21.407,5968.924,4,"なおｐ--",16.053,-44.639,0,0,,,,,98,2
131,7,1,3,3,0,0,1,0,0,0,255,255,255,18,5995.659,"_Chun",L,14,81,120,-2.834,-0.92,-0.127,1.623,-0.593,1.387,-36.506,17.407,1,0,-390.434,312.348,-19.385,0,0,0,0,2,R,"559：広告",190,90.035,0.23,0,39,0,0,0,0,0,0,0,0,0,0,0,0,0,0,0,-0.072,-37.373,0,"Kr_Luna",-0.486,-17.278,0,"_AKASATA_",-24.442,-53.334,0,"오띵__",-12.821,-65.449,0,"なおｐ--",20.903,-49.316,0,"CVPileMaki",14.225,-63.425,0,"SFIDA",32.883,-94.153,0,"Multeinn",-5.811,-110.911,0,"NABIMan",-44.411,-87.515,0,0,0,0,0,0,"",0,0,0,0,5996.341,,,,0,0
132,7,1,3,3,1,0,1,0,0,0,255,255,255,19,6014.703,"_Chun",L,26,80,131,0.232,0.59,0.012,1.835,0.155,1.787,-36.635,32.925,0,0,-36.373,-200,-0.883,0,0,0,0,2,R,"559：広告",190,90.035,0.23,0,39,0,0,0,0,0,0,0,0,0,0,0,0,0,0,0,-0.107,-37.369,0,"Kr_Luna",0.011,-17.376,0,"_AKASATA_",-24.216,-53.588,0,"오띵__",-12.732,-65.462,0,"なおｐ--",21.039,-49.265,0,"CVPileMaki",13.549,-63.646,0,"SFIDA",33.836,-94.588,0,"Multeinn",-5.492,-109.615,0,"NABIMan",-44.04,-87.275,0,0,0,0,0,0,"",0,0,0,0,6015.357,,,,0,0
133,7,1,3,3,1,1,1,0,0,0,255,255,255,20,6033.503,"_Chun",L,10,84,126,1.405,-0.111,0.131,1.797,0.608,1.952,-36.422,21.303,2,0,0,400,-4.38,-0.128,-19.751,1,0,2,R,"559：広告",190,90.035,0.23,3,39,6034.572,255,76,85,110,39,145,89,-47.338,27.996,-0.86,0.097,-0.059,0,0.405,0.162,-37.011,0,"Kr_Luna",0.121,-17.406,0,"_AKASATA_",-24.147,-53.529,83,"오띵__",-12.8,-65.409,95,"なおｐ--",21.082,-49.314,0,"CVPileMaki",14.018,-64.021,0,"SFIDA",35.814,-95.016,0,"Multeinn",-6.049,-108.594,0,"NABIMan",-46.862,-88.102,0,6035.674,-8.546,-50.197,6036.507,3,"오띵__",-10.128,-55.765,0,0,,,,,74,2
134,7,1,3,3,0,0,2,0,0,0,255,255,255,21,6061.993,"_Chun",L,26,86,140,-2.698,0.401,-0.244,1.699,-1.136,1.632,-36.488,22.832,1,0,-23.637,-200,1.911,0,0,0,1,3,R,"sano jpn",169.7,89.796,0.314,0,39,0,0,0,0,0,0,0,0,0,0,0,0,0,0,0,-0.023,-37.554,0,"Kr_Luna",-0.147,-17.275,0,"_AKASATA_",-22.566,-50.833,0,"오띵__",-12.841,-65.382,0,"なおｐ--",20.792,-48.736,0,"CVPileMaki",13.306,-63.803,0,"SFIDA",34.383,-97.865,0,"Multeinn",-3.701,-103.891,0,"NABIMan",-46.466,-88.285,0,0,0,0,0,0,"",0,0,0,0,6062.574,,,,0,0
135,7,1,3,3,1,0,2,0,0,0,255,255,255,22,6081.672,"_Chun",L,14,87,126,1.315,0.229,0.254,1.9,1.174,2.099,-36.64,31.455,0,0,-390.293,312.524,-28.405,0,0,1,1,3,R,"sano jpn",169.7,89.796,0.314,0,39,0,0,0,0,0,0,0,0,0,0,0,0,0,0,0,0.352,-37.559,0,"Kr_Luna",0.08,-17.347,0,"_AKASATA_",-22.519,-50.724,0,"오띵__",-12.791,-65.381,0,"なおｐ--",20.731,-48.68,0,"CVPileMaki",13.566,-64.275,0,"SFIDA",34.837,-98.924,0,"Multeinn",-5.3,-105.576,0,"NABIMan",-44.316,-91.829,0,0,0,0,0,0,"",0,0,0,0,6082.374,,,,0,0
136,7,1,3,3,1,1,2,0,0,0,255,255,255,23,6098.616,"_Chun",L,10,88,128,-1.622,-0.625,-0.151,1.722,-0.701,1.714,-36.521,26.83,2,0,0,400,8.575,0,0,1,1,3,R,"sano jpn",169.7,89.796,0.314,3,39,6099.685,147,99,113,115,51,145,93,-30,41.143,0.94,-0.027,0.018,0.095,0.353,0.051,-36.725,0,"Kr_Luna",0.017,-17.353,0,"_AKASATA_",-22.524,-50.726,85,"오띵__",-12.89,-65.459,0,"なおｐ--",20.812,-48.771,0,"CVPileMaki",13.811,-64.349,0,"SFIDA",35.569,-99.544,0,"Multeinn",-5.51,-104.119,0,"NABIMan",-46.23,-92.315,0,6098.924,-0.977,-19.394,6100.957,2,"_AKASATA_",-23.299,-45.172,0,0,,,,,320,2
137,7,0,3,3,0,0,0,0,0,0,255,255,255,59,6163.908,"Espressο",R,10,108,132,-1.351,-0.951,0.507,1.601,-0.602,1.38,-36.776,21.266,2,0,0,270.722,-8.249,0,0,1,0,5,R,"CVPileMaki",169.5,94,0.399,3,39,6164.962,192,107,78,62,31,145,105,25.101,12.775,0.86,0.015,-0.017,0,0.261,0.242,-37.306,0,"ゆっち一",-0.122,-16.379,0,"559：広告",-20.524,-47.574,0,"sano jpn",-14.486,-63.082,0,"にゃんこ3K",23.425,-51.909,0,"쟈가리코",13.179,-64.635,0,"ぐだもん",31.779,-96.393,0,"alcohol500",-2.289,-113.12,0,"あくせる",-44.391,-90.211,82,0,0,0,6169.157,8,"あくせる",-34.483,-101.439,0,0,,,,,290,1
138,7,0,3,3,0,0,1,0,0,0,255,255,255,60,6198.298,"Espressο",R,17,85,121,1.009,0.306,0.631,1.764,0.421,1.734,-36.923,39.539,0,0,0,-59.108,30.804,0,0,0,1,0,L,"_Chun",190,80,0.455,0,39,0,0,0,0,0,0,0,0,0,0,0,0,0,0,0,0.358,-37.52,0,"ゆっち一",-0.033,-16.384,0,"559：広告",-20.817,-47.6,0,"sano jpn",-12.689,-65.044,0,"にゃんこ3K",23.45,-50.132,0,"쟈가리코",14.813,-63.456,0,"ぐだもん",40.013,-92.145,0,"alcohol500",16.511,-117.651,0,"あくせる",-44.94,-93.527,0,0,0,0,0,0,"",0,0,0,0,6198.824,,,,0,0
139,7,0,3,3,0,1,1,0,0,0,255,255,255,61,6214.079,"Espressο",R,10,91,116,1.385,-1.175,0.691,1.67,0.584,1.38,-36.925,38.174,1,0,0,400,-8.798,0.171,-17.195,0,1,0,L,"_Chun",190,80,0.455,0,39,0,0,0,0,0,0,0,0,0,0,0,0,0,0,0,0.332,-37.529,0,"ゆっち一",-0.02,-16.679,0,"559：広告",-20.31,-48.161,0,"sano jpn",-12.794,-65.021,0,"にゃんこ3K",23.423,-50.091,0,"쟈가리코",15.023,-63.556,0,"ぐだもん",48.386,-101.901,0,"alcohol500",13.855,-115.449,0,"あくせる",-44.907,-93.42,0,0,0,0,0,0,"",0,0,0,0,6214.674,,,,0,0
140,7,0,3,3,1,1,1,0,0,0,255,255,255,62,6227.731,"Espressο",R,27,108,140,1.441,-0.108,0.715,1.602,0.492,1.42,-36.76,36.108,2,0,83.058,-140.47,-3.883,0,0,1,1,0,L,"_Chun",190,80,0.455,3,39,6228.642,174,68,53,56,25,136,82,-30,19.026,0.95,-0.01,-0.063,0,0.159,0.25,-37.336,0,"ゆっち一",-0.058,-16.634,0,"559：広告",-20.411,-48.219,90,"sano jpn",-12.795,-65.013,103,"にゃんこ3K",23.324,-50.164,0,"쟈가리코",15.012,-63.45,0,"ぐだもん",48.387,-101.899,0,"alcohol500",13.052,-115.952,0,"あくせる",-44.904,-93.344,0,6227.891,0.069,-20.105,6230.457,3,"sano jpn",-13.386,-56.766,0,0,,,,,259,2
141,7,0,3,3,1,0,2,0,0,0,255,255,255,63,6274.577,"Espressο",R,13,104,127,-1.695,-0.951,0.522,1.611,-0.461,1.452,-36.778,35.865,1,0,-183.778,400,-7.495,0,0,0,2,1,L,"Kr_Luna",190,95.2,0.505,0,39,0,0,0,0,0,0,0,0,0,0,0,0,0,0,0,0.337,-37.485,0,"ゆっち一",-0.194,-16.6,0,"559：広告",-19.906,-48.377,0,"sano jpn",-12.75,-64.462,0,"にゃんこ3K",23.212,-50.337,0,"쟈가리코",16.547,-62.628,0,"ぐだもん",39.44,-93.99,0,"alcohol500",-0.11,-113.606,0,"あくせる",-49.446,-96.136,0,0,0,0,0,0,"",0,0,0,0,6274.991,,,,0,0
142,7,0,3,3,2,0,2,0,0,0,255,255,255,64,6286.721,"Espressο",R,14,80,108,1.639,-1.094,0.629,1.711,0.368,1.486,-36.888,37.634,1,0,166.115,398.598,-1.445,0.304,-17.202,0,2,1,L,"Kr_Luna",190,95.2,0.505,0,39,0,0,0,0,0,0,0,0,0,0,0,0,0,0,0,0.253,-37.453,0,"ゆっち一",-0.135,-16.424,0,"559：広告",-19.925,-48.407,0,"sano jpn",-13.865,-63.977,0,"にゃんこ3K",23.236,-50.222,0,"쟈가리코",16.242,-62.501,0,"ぐだもん",39.672,-93.746,0,"alcohol500",0.083,-114.76,0,"あくせる",-49.438,-96.099,0,0,0,0,0,0,"",0,0,0,0,6287.224,,,,0,0
143,7,0,3,3,3,0,2,0,0,0,255,255,255,65,6299.905,"Espressο",R,10,98,123,0.147,-0.041,0.482,1.684,0.051,2.047,-36.878,36.216,2,0,0,400,-17.1,0,0,1,2,1,L,"Kr_Luna",190,95.2,0.505,3,39,6300.743,138,119,191,69,41,143,111,95.607,82.677,0.87,-0.018,0.016,0,0.152,-0.017,-37.213,0,"ゆっち一",-0.03,-16.559,0,"559：広告",-19.882,-48.314,0,"sano jpn",-13.952,-63.976,0,"にゃんこ3K",23.217,-50.11,0,"쟈가리코",16.205,-62.854,0,"ぐだもん",39.338,-94.004,0,"alcohol500",0.284,-115.416,0,"あくせる",-49.34,-96.02,0,0,0,0,0,0,"",0,0,0,0,,,,,256,3
144,7,0,3,3,3,1,2,0,0,0,255,255,255,66,6316.573,"Espressο",R,27,116,140,-5.908,-0.959,0.373,1.608,-0.641,1.512,-36.594,21.24,2,0,53.85,-107.62,1.028,0,0,1,2,1,L,"Kr_Luna",190,95.2,0.505,3,39,6317.28,175,91,125,97,57,145,96,49.46,-38.842,-0.56,0.017,-0.044,0,0.208,-0.101,-37.187,0,"ゆっち一",-0.15,-16.511,0,"559：広告",-21.139,-48.563,0,"sano jpn",-14.17,-64.196,0,"にゃんこ3K",23.366,-49.105,0,"쟈가리코",16.028,-62.867,0,"ぐだもん",40.584,-92.897,86,"alcohol500",1.198,-117.609,0,"あくせる",-48.964,-95.284,0,6322.057,46.792,-74.125,6322.207,6,"ぐだもん",45.753,-72.95,0,0,,,,,66,1
145,8,1,3,3,0,0,0,0,0,0,255,255,255,24,6393.057,"_Chun",L,14,88,126,-2.958,-1.627,-0.137,1.462,-0.638,0.865,-36.428,13.106,1,0,-426.008,261.757,0,0,0,0,2,1,R,"ゆっち一",190,83.623,0.399,0,74,0,0,0,0,0,0,0,0,0,0,0,0,0,0,0,-0.095,-37.388,0,"Kr_Luna",-0.026,-17.451,0,"_AKASATA_",-23.951,-52.38,0,"오띵__",-12.849,-65.301,0,"なおｐ--",20.306,-49.7,0,"CVPileMaki",13.925,-63.582,0,"SFIDA",26.077,-113.562,0,"Multeinn",-13.709,-113.205,0,"NABIMan",-49.629,-91.248,0,0,0,0,0,0,"",0,0,0,0,6393.69,,,,0,0
146,8,1,3,3,1,0,0,0,0,0,255,255,255,25,6414.082,"_Chun",L,26,85,139,1.14,1.31,0.096,1.963,0.527,2.252,-36.589,32.071,4,0,-24.281,-199.907,-12.536,0,0,1,2,1,R,"ゆっち一",190,83.623,0.399,0,74,0,0,0,0,0,0,0,0,0,0,0,0,0,0,0,0.049,-37.533,0,"Kr_Luna",-0.105,-17.466,0,"_AKASATA_",-23.977,-52.372,0,"오띵__",-12.957,-65.094,0,"なおｐ--",20.305,-49.694,0,"CVPileMaki",14.336,-63.487,0,"SFIDA",21.226,-116.924,0,"Multeinn",-14.034,-111.824,0,"NABIMan",-48.446,-91.929,0,0,0,0,0,0,"",0,0,0,0,6414.741,,,,0,0
147,8,1,3,3,1,1,0,0,0,0,255,255,255,26,6435.075,"_Chun",L,26,86,140,1.661,-0.335,0.161,1.574,0.75,1.23,-36.481,15.047,1,0,-23.622,-200,-7.498,0,0,0,2,1,R,"ゆっち一",190,83.623,0.399,0,74,0,0,0,0,0,0,0,0,0,0,0,0,0,0,0,-0.177,-37.464,0,"Kr_Luna",0.029,-17.48,0,"_AKASATA_",-24.02,-52.259,0,"오띵__",-12.753,-65.314,0,"なおｐ--",20.247,-49.721,0,"CVPileMaki",14.515,-63.743,0,"SFIDA",21.262,-116.188,0,"Multeinn",-13.121,-109.016,0,"NABIMan",-48.843,-92.394,0,0,0,0,0,0,"",0,0,0,0,6435.724,,,,0,0
148,8,1,3,3,1,2,0,0,0,0,255,255,255,27,6454.111,"_Chun",L,26,84,137,-4.074,0.296,-0.371,1.784,-1.661,1.627,-36.638,39.743,4,0,-72.161,-184.661,3.454,-1.225,-6.859,0,2,1,R,"ゆっち一",190,83.623,0.399,0,74,0,0,0,0,0,0,0,0,0,0,0,0,0,0,0,-0.015,-37.236,0,"Kr_Luna",-0.377,-17.222,0,"_AKASATA_",-24.087,-52.329,0,"오띵__",-13.806,-64.777,0,"なおｐ--",20.284,-49.769,0,"CVPileMaki",14.599,-63.569,0,"SFIDA",19.989,-114.092,0,"Multeinn",-12.515,-107.873,0,"NABIMan",-46.824,-92.06,0,0,0,0,0,0,"",0,0,0,0,6458.224,,,,0,0
149,8,1,3,3,2,2,0,0,0,0,255,255,255,28,6484.43,"_Chun",L,26,89,140,2.491,0.374,0.243,1.712,1.131,1.674,-36.443,17.823,2,0,-40.488,-200,-12.171,0,0,1,2,1,R,"ゆっち一",190,83.623,0.399,3,74,6485.439,198,51,97,64,40,145,90,3.353,16.501,-0.82,-0.059,-0.112,0,0.216,0.277,-36.939,0,"Kr_Luna",0.045,-17.308,0,"_AKASATA_",-24.175,-53.087,0,"오띵__",-13.134,-65.281,0,"なおｐ--",20.284,-49.765,0,"CVPileMaki",13.479,-64.019,0,"SFIDA",24.509,-120.848,0,"Multeinn",-12.136,-110.245,0,"NABIMan",-50.298,-93.742,0,6485.724,-7.714,-42.896,6486.891,3,"오띵__",-12.869,-57.968,0,4,,,,,74,2
150,8,1,3,3,0,0,1,0,0,0,255,255,255,29,6515.424,"_Chun",L,26,85,138,1.855,-0.012,0.176,1.706,0.86,1.431,-36.517,17.97,1,0,-42.423,-192.123,-3.977,0,0,0,3,4,R,"にゃんこ3K",190,90.223,0.502,0,37,0,0,0,0,0,0,0,0,0,0,0,0,0,0,0,0.056,-37.501,0,"Kr_Luna",0.034,-17.539,0,"_AKASATA_",-23.654,-53.405,0,"오띵__",-12.313,-65.517,0,"なおｐ--",20.278,-49.76,0,"CVPileMaki",14.357,-64.002,0,"SFIDA",42.331,-93.886,0,"Multeinn",-1.67,-108.682,0,"NABIMan",-44.799,-89.759,0,0,0,0,0,0,"",0,0,0,0,6516.091,,,,0,0
151,8,1,3,3,1,0,1,0,0,0,255,255,255,30,6534.56,"_Chun",L,26,81,133,-0.037,0.874,-0.001,1.88,0.069,1.968,-36.644,37.075,0,0,-58.16,-200,-2.814,0,0,0,3,4,R,"にゃんこ3K",190,90.223,0.502,0,37,0,0,0,0,0,0,0,0,0,0,0,0,0,0,0,-0.103,-37.422,0,"Kr_Luna",0.134,-17.591,0,"_AKASATA_",-23.893,-52.785,0,"오띵__",-12.512,-65.461,0,"なおｐ--",20.305,-49.791,0,"CVPileMaki",14.394,-63.933,0,"SFIDA",43.037,-96.3,0,"Multeinn",-2.646,-105.804,0,"NABIMan",-46.453,-89.72,0,0,0,0,0,0,"",0,0,0,0,6535.224,,,,0,0
152,8,1,3,3,1,1,1,0,0,0,255,255,255,31,6555.539,"_Chun",L,29,84,137,2.069,-0.35,0.13,1.594,0.604,1.293,-36.449,12.266,1,0,216.353,-110.163,-14.962,0,0,0,3,4,R,"にゃんこ3K",190,90.223,0.502,0,37,0,0,0,0,0,0,0,0,0,0,0,0,0,0,0,-0.031,-37.482,0,"Kr_Luna",0.066,-17.568,0,"_AKASATA_",-24.011,-52.71,0,"오띵__",-12.507,-65.444,0,"なおｐ--",20.299,-49.793,0,"CVPileMaki",14.526,-63.826,0,"SFIDA",42.834,-96.346,0,"Multeinn",-2.669,-104.976,0,"NABIMan",-45.838,-89.94,0,0,0,0,0,0,"",0,0,0,0,6556.19,,,,0,0
153,8,1,3,3,2,1,1,0,0,0,255,255,255,32,6571.115,"_Chun",L,6,86,126,1.54,-0.921,0.284,1.59,1.322,1.281,-36.469,9.415,1,0,-438.13,240.919,-27.314,0,0,0,3,4,R,"にゃんこ3K",190,90.223,0.502,0,37,0,0,0,0,0,0,0,0,0,0,0,0,0,0,0,0.203,-37.25,0,"Kr_Luna",0.035,-17.505,0,"_AKASATA_",-23.937,-52.794,0,"오띵__",-12.811,-65.371,0,"なおｐ--",20.293,-49.777,0,"CVPileMaki",14.469,-63.979,0,"SFIDA",42.402,-99.429,0,"Multeinn",-4.695,-104.886,0,"NABIMan",-46.386,-90.854,0,0,0,0,0,0,"",0,0,0,0,6571.891,,,,0,0
154,8,1,3,3,3,1,1,0,0,0,255,255,255,33,6589.978,"_Chun",L,10,78,119,1.193,-0.591,0.111,1.717,0.516,1.692,-36.42,20.377,0,0,0,400,3.216,0,0,0,3,4,R,"にゃんこ3K",190,90.223,0.502,0,37,0,0,0,0,0,0,0,0,0,0,0,0,0,0,0,0.155,-37.862,0,"Kr_Luna",0.076,-17.395,0,"_AKASATA_",-23.987,-52.783,0,"오띵__",-12.795,-65.274,0,"なおｐ--",20.281,-49.761,0,"CVPileMaki",14.076,-64.349,0,"SFIDA",43.871,-99.095,0,"Multeinn",-4.363,-107.216,0,"NABIMan",-45.313,-92.132,0,0,0,0,0,0,"",0,0,0,0,6590.774,,,,0,0
155,8,1,3,3,3,2,1,0,0,0,255,255,255,34,6610.342,"_Chun",L,10,72,115,0.543,-0.019,0.021,1.891,0.236,2.088,-36.683,37.651,2,0,0,400,3.592,0,0,1,3,4,R,"にゃんこ3K",190,90.223,0.502,3,37,6611.537,203,69,79,78,44,145,117,25.978,16.987,0.16,-0.017,-0.106,0,0.21,-0.141,-36.833,0,"Kr_Luna",0.131,-17.56,0,"_AKASATA_",-23.995,-52.698,0,"오띵__",-12.825,-65.266,0,"なおｐ--",20.497,-49.806,0,"CVPileMaki",14.091,-64.29,69,"SFIDA",42.943,-99.391,0,"Multeinn",-5.083,-108.164,0,"NABIMan",-45.45,-90.881,104,6615.541,-41.638,-112.608,6617.991,8,"NABIMan",-43.904,-115.879,1,0,,6622.249,,,19,2
156,8,1,3,3,0,0,1,0,1,0,255,4,255,35,6646.225,"_Chun",L,26,84,137,0.895,-0.037,0.083,1.706,0.487,1.389,-36.564,19.348,0,0,-71.602,-195.199,-2.84,0,0,0,4,5,R,"쟈가리코",174.9,83,0.504,0,38,0,0,0,0,0,0,0,0,0,0,0,0,0,0,0,0.22,-37.657,0,"Kr_Luna",0.056,-17.567,0,"_AKASATA_",-21.106,-49.894,0,"오띵__",-12.577,-64.416,0,"なおｐ--",19.839,-44.976,0,"CVPileMaki",9.191,-62.527,0,"SFIDA",36.675,-90.898,0,"Multeinn",-1.704,-107.28,0,"NABIMan",-45.326,-90.003,0,0,0,0,0,0,"",0,0,0,0,6646.991,6649.038,,,0,0
157,8,1,3,3,0,1,1,0,1,0,255,4,255,36,6682.349,"_Chun",L,10,62,109,-0.004,1.159,0.007,2.078,-0.002,2.864,-36.758,43.538,4,0,0,400,11.826,0,0,1,4,5,R,"쟈가리코",174.9,83,0.504,0,38,0,0,0,0,0,0,0,0,0,0,0,0,0,0,0,0.337,-37.49,0,"Kr_Luna",-0.096,-17.369,0,"_AKASATA_",-21.293,-49.912,0,"오띵__",-13.129,-65.363,0,"なおｐ--",21.497,-45.67,0,"CVPileMaki",8.284,-60.048,0,"SFIDA",36.938,-91.945,0,"Multeinn",-1.344,-109.937,0,"NABIMan",-44.984,-88.689,0,0,0,0,0,0,"",0,0,0,0,6683.19,6685.135,,,0,0
158,8,1,3,3,0,2,1,0,1,0,255,4,255,37,6702.917,"_Chun",L,10,74,116,0.232,0.027,-0.017,1.889,0.101,2.143,-36.652,37.848,0,0,0,400,3.286,0,0,1,4,5,R,"쟈가리코",174.9,83,0.504,0,38,0,0,0,0,0,0,0,0,0,0,0,0,0,0,0,0.069,-37.461,0,"Kr_Luna",0.088,-17.313,0,"_AKASATA_",-21.312,-49.87,0,"오띵__",-13.059,-65.336,0,"なおｐ--",20.602,-44.56,0,"CVPileMaki",7.728,-59.498,0,"SFIDA",39.227,-93.344,0,"Multeinn",-0.472,-107.294,0,"NABIMan",-43.701,-89.099,0,0,0,0,0,0,"",0,0,0,0,6703.674,6705.674,,,0,0
159,8,1,3,3,0,0,2,0,1,0,255,4,255,38,6726.707,"_Chun",L,10,72,115,-0.098,0.483,0.015,1.855,0.071,2.178,-36.531,28.076,2,0,0,400,7.293,0,0,1,5,8,R,"あくせる",175.2,86.41,0.669,3,72,6727.81,255,115,131,94,51,145,117,29.059,-10.044,0.21,0.045,-0.011,0,0.246,0.022,-36.774,0,"Kr_Luna",0.103,-17.334,0,"_AKASATA_",-21.335,-50.144,87,"오띵__",-13.007,-65.331,0,"なおｐ--",19.976,-46.948,0,"CVPileMaki",12.85,-63.499,0,"SFIDA",36.665,-95.776,0,"Multeinn",-1.994,-106.737,94,"NABIMan",-47.523,-90.672,0,6732.624,6.335,-125.805,6734.907,7,"Multeinn",3.631,-132.9,1,0,,6737.877,6733.327,6738.396,322,2
160,8,1,4,3,0,0,2,0,1,0,255,8,255,39,6810.974,"_Chun",L,26,90,140,2.175,-0.181,0.213,1.61,0.99,1.32,-36.409,8.002,2,0,-42.579,-193.453,-8.739,0,0,1,6,6,R,"mochi_2929",174.6,94.142,0.425,3,38,6812.015,123,71,51,39,18,128,74,-7.36,35.322,-0.88,0.039,-0.078,0,0.157,0.235,-36.806,0,"Kr_Luna",0.136,-17.402,0,"_AKASATA_",-22.165,-52.215,0,"오띵__",-12.986,-65.237,0,"なおｐ--",20.325,-47.312,0,"CVPileMaki",11.976,-63.745,0,"SFIDA",40.638,-100.955,0,"Multeinn",1.022,-116.576,0,"NABIMan",-45.144,-88.896,0,6811.507,-2.728,-23.111,6813.624,2,"_AKASATA_",-17.045,-46.773,0,0,,,6816.588,,320,2
161,8,0,4,3,0,0,0,0,0,0,255,255,255,67,6866.445,"Espressο",R,26,106,140,1.857,1.818,0.71,1.797,0.608,2.345,-36.808,41.157,4,0,131.279,-200,-22.285,0,0,0,3,3,R,"오띵__",160,80,0.402,0,38,0,0,0,0,0,0,0,0,0,0,0,0,0,0,0,0.478,-37.547,0,"ゆっち一",-0.075,-16.426,0,"559：広告",-20.654,-47.433,0,"sano jpn",-14.352,-63.616,0,"にゃんこ3K",21.963,-51.133,0,"쟈가리코",11.996,-63.521,0,"mochi_2929",36.407,-99.621,0,"alcohol500",-2.259,-110.576,0,"あくせる",-42.745,-90.218,0,0,0,0,0,0,"",0,0,0,0,6866.907,,,,0,0
162,8,0,4,3,1,0,0,0,0,0,255,255,255,68,6889.419,"Espressο",R,10,89,115,0.65,1.172,0.579,2.047,0.268,2.85,-36.954,50.819,0,0,0,400,33.52,0,0,0,3,3,R,"오띵__",160,80,0.402,0,38,0,0,0,0,0,0,0,0,0,0,0,0,0,0,0,0.39,-37.477,0,"ゆっち一",-0.233,-16.437,0,"559：広告",-20.489,-47.917,0,"sano jpn",-14.395,-62.673,0,"にゃんこ3K",22.048,-51.613,0,"쟈가리코",12.07,-65.4,0,"mochi_2929",37.808,-94.965,0,"alcohol500",-4.495,-111.869,0,"あくせる",-42.807,-90.166,0,0,0,0,0,0,"",0,0,0,0,6890.024,,,,0,0
163,8,0,4,3,1,1,0,0,0,0,255,255,255,69,6902.898,"Espressο",R,10,110,128,-1.96,-0.211,0.394,1.657,-0.652,1.99,-36.837,35.479,1,0,-137.772,400,-28.399,0,0,0,3,3,R,"오띵__",160,80,0.402,0,38,0,0,0,0,0,0,0,0,0,0,0,0,0,0,0,0.191,-37.389,0,"ゆっち一",-0.487,-16.856,0,"559：広告",-20.527,-47.89,0,"sano jpn",-14.492,-62.786,0,"にゃんこ3K",21.993,-51.543,0,"쟈가리코",12.05,-65.383,0,"mochi_2929",39.333,-94.16,0,"alcohol500",-4.441,-112.409,0,"あくせる",-42.794,-90.322,0,0,0,0,0,0,"",0,0,0,0,6904.474,,,,0,0
164,8,0,4,3,2,1,0,0,0,0,255,255,255,70,6918.015,"Espressο",R,28,114,140,-0.305,-0.271,0.514,1.559,-0.204,1.358,-36.504,24.392,0,0,42.46,-93.62,4.091,0,0,1,3,3,R,"오띵__",160,80,0.402,0,38,0,0,0,0,0,0,0,0,0,0,0,0,0,0,0,0.625,-37.393,0,"ゆっち一",-0.164,-16.483,0,"559：広告",-20.516,-47.902,0,"sano jpn",-14.435,-62.796,0,"にゃんこ3K",22.035,-51.616,0,"쟈가리코",12.108,-65.381,0,"mochi_2929",39.305,-94.119,0,"alcohol500",-2.53,-111.907,0,"あくせる",-42.964,-89.899,0,0,0,0,0,0,"",0,0,0,0,6918.541,,,,0,0
165,8,0,4,3,2,2,0,0,0,0,255,255,255,71,6931.649,"Espressο",R,26,114,140,1.6,3.114,0.695,2.026,0.555,3.023,-36.914,54.972,1,0,84.584,-200,-16.186,0,0,0,3,3,R,"오띵__",160,80,0.402,0,38,0,0,0,0,0,0,0,0,0,0,0,0,0,0,0,0.398,-37.336,0,"ゆっち一",-0.155,-16.319,0,"559：広告",-20.787,-48.005,0,"sano jpn",-14.396,-62.72,0,"にゃんこ3K",22.013,-51.564,0,"쟈가리코",12.037,-65.365,0,"mochi_2929",39.312,-94.084,0,"alcohol500",-2.772,-112.065,0,"あくせる",-42.936,-89.932,0,0,0,0,0,0,"",0,0,0,0,6932.141,,,,0,0
166,8,0,4,3,3,2,0,0,0,0,255,255,255,72,6945.357,"Espressο",R,13,12,66,-8.295,-2.97,0.5,1.3,-3.338,-5.312,-36.798,29.441,1,0,-215.552,347.761,9.463,-0.311,-30.088,0,3,3,R,"오띵__",160,80,0.402,0,38,0,0,0,0,0,0,0,0,0,0,0,0,0,0,0,0.253,-37.445,0,"ゆっち一",-1.809,-18.018,0,"559：広告",-20.485,-47.209,0,"sano jpn",-9.897,-63.019,0,"にゃんこ3K",22.043,-51.602,0,"쟈가리코",12.099,-65.418,0,"mochi_2929",39.332,-94.159,0,"alcohol500",-2.669,-112.131,0,"あくせる",-42.995,-89.899,0,0,0,0,0,0,"",0,0,0,16,6946.458,,,,0,5
167,8,0,4,3,0,0,0,1,0,0,12,255,255,73,6969.265,"Espressο",R,14,76,115,2.375,-0.105,0.643,1.845,0.318,1.934,-36.871,35.076,2,0,390.434,312.348,-1.425,0,0,1,4,8,L,"NABIMan",190,82,0.5,3,38,6970.294,255,130,131,88,108,145,69,29.286,-38.112,0.99,0.088,-0.106,0,0.502,0.055,-37.398,0,"ゆっち一",0.022,-16.316,0,"559：広告",-19.853,-41.163,0,"sano jpn",-10.526,-61.754,0,"にゃんこ3K",21.117,-46.282,85,"쟈가리코",12.716,-64.826,0,"mochi_2929",51.029,-94.765,96,"alcohol500",2.681,-118.555,0,"あくせる",-44.837,-93.253,0,6973.107,29.029,-58.209,6975.974,6,"mochi_2929",41.562,-68.115,1,0,,6975.466,,,328,2
168,8,0,4,3,0,0,0,1,1,0,17,12,255,74,7004.852,"Espressο",R,26,107,140,-0.813,-0.079,0.471,1.549,-0.479,1.406,-36.765,29.06,0,0,80.432,-179.661,3.32,0,0,0,5,4,R,"なおｐ--",190,90.37,0.445,0,71,0,0,0,0,0,0,0,0,0,0,0,0,0,0,0,0.538,-37.45,0,"ゆっち一",-0.175,-16.503,0,"559：広告",-20.227,-43.688,0,"sano jpn",-11.131,-59.199,0,"にゃんこ3K",20.444,-44.056,0,"쟈가리코",8.865,-64.184,0,"mochi_2929",32.609,-106.607,0,"alcohol500",-12.322,-121.725,0,"あくせる",-50.698,-97.422,0,0,0,0,0,0,"",0,0,0,0,7005.474,7008.207,,,0,0
169,8,0,4,3,0,1,0,1,1,0,17,12,255,75,7021.152,"Espressο",R,0,101,137,-0.516,-0.053,0.496,1.584,-0.22,1.578,-36.707,34.727,2,0,-12.963,0.162,-0.588,0,0,1,5,4,R,"なおｐ--",190,90.37,0.445,3,71,7022.234,179,108,112,55,31,145,129,26.779,42.647,0.29,-0.027,-0.047,0,0.468,-0.115,-36.923,0,"ゆっち一",-0.233,-16.745,0,"559：広告",-19.945,-45.761,0,"sano jpn",-12.017,-59.407,0,"にゃんこ3K",19.932,-45.822,0,"쟈가리코",7.367,-64.392,0,"mochi_2929",34.753,-103.271,0,"alcohol500",-13.159,-118.755,0,"あくせる",-50.632,-97.497,0,7026.324,-94.133,-86.498,0,0,"",0,0,0,0,,7032.261,7025.931,,256,3
170,8,0,4,3,0,2,0,1,1,0,17,12,255,76,7043.43,"Espressο",R,13,101,126,-3.152,-0.227,0.408,1.679,-0.824,1.872,-36.824,34.473,4,0,-346.1,360.853,-9.236,-1.347,-16.961,1,5,4,R,"なおｐ--",190,90.37,0.445,0,38,0,0,0,0,0,0,0,0,0,0,0,0,0,0,0,0.138,-37.495,0,"ゆっち一",-0.815,-16.924,0,"559：広告",-20.853,-44.882,0,"sano jpn",-13.874,-59.71,0,"にゃんこ3K",20.025,-44.434,0,"쟈가리코",8.566,-65.329,0,"mochi_2929",30.083,-106.322,0,"alcohol500",-19.516,-120.74,0,"あくせる",-53.326,-94.743,0,0,0,0,0,0,"",0,0,0,0,7045.041,7047.11,,,0,0
171,8,0,4,3,0,0,1,1,1,0,17,12,255,77,7069.666,"Espressο",R,28,109,140,0.722,-0.033,0.655,1.605,0.234,1.505,-36.624,31.32,2,0,45.047,-98.966,-4.049,0,0,1,6,2,R,"_AKASATA_",190,82.886,0.2,3,38,7070.567,147,90,80,48,43,139,130,-29.418,36.679,0.62,0.006,-0.032,0,0.22,0.065,-37.244,0,"ゆっち一",-0.04,-16.548,0,"559：広告",-19.782,-45.843,87,"sano jpn",-13.045,-58.48,0,"にゃんこ3K",20.4,-44.98,0,"쟈가리코",1.256,-61.904,107,"mochi_2929",37.59,-104.256,0,"alcohol500",-8.103,-119.138,0,"あくせる",-49.468,-96.837,0,7069.874,-1.18,-20.651,7071.208,2,"559：広告",-18.096,-43.138,0,0,,7075.41,7074.302,,19,2
172,9,1,4,3,0,0,0,0,0,0,255,255,255,40,7129.895,"_Chun",L,26,81,133,-1.728,0.759,-0.139,1.821,-0.618,1.812,-36.581,27.403,1,0,-89.968,-193.261,-4.295,0,0,0,7,7,L,"alcohol500",167.6,87.24,0.284,0,38,0,0,0,0,0,0,0,0,0,0,0,0,0,0,0,0,-37.471,0,"Kr_Luna",0.014,-17.324,0,"_AKASATA_",-22.84,-50.106,0,"오띵__",-13.158,-65.24,0,"なおｐ--",20.842,-47.177,0,"CVPileMaki",14.811,-63.593,0,"SFIDA",42.942,-91.032,0,"Multeinn",3.114,-108.872,0,"NABIMan",-43.221,-87.703,0,0,0,0,0,0,"",0,0,0,0,7130.557,,,,0,0
173,9,1,4,3,1,0,0,0,0,0,255,255,255,41,7147.728,"_Chun",L,6,81,120,0.756,-0.457,0.256,1.767,1.047,1.642,-36.578,19.69,0,0,-442.383,233.017,-28.08,0,0,0,7,7,L,"alcohol500",167.6,87.24,0.284,0,38,0,0,0,0,0,0,0,0,0,0,0,0,0,0,0,-0.022,-37.495,0,"Kr_Luna",0.017,-17.349,0,"_AKASATA_",-22.75,-50.159,0,"오띵__",-12.195,-65.442,0,"なおｐ--",20.884,-47.241,0,"CVPileMaki",14.794,-63.509,0,"SFIDA",42.71,-91.317,0,"Multeinn",5.215,-107.155,0,"NABIMan",-44.103,-88.368,0,0,0,0,0,0,"",0,0,0,0,7148.44,,,,0,0
174,9,1,4,3,1,1,0,0,0,0,255,255,255,42,7161.249,"_Chun",L,26,88,140,-1.392,0.576,-0.12,1.812,-0.56,2.045,-36.505,26.494,2,0,-56.162,-200,-9.253,0,0,1,7,7,L,"alcohol500",167.6,87.24,0.284,3,38,7162.304,110,36,46,45,23,124,80,109.655,-11.51,-0.26,-0.048,-0.023,0,0.136,-0.042,-36.731,0,"Kr_Luna",-0.042,-17.419,0,"_AKASATA_",-22.895,-50.126,0,"오띵__",-12.816,-65.32,0,"なおｐ--",20.861,-47.213,0,"CVPileMaki",14.765,-63.631,0,"SFIDA",42.028,-90.859,0,"Multeinn",6.061,-109.297,0,"NABIMan",-40.743,-89.726,0,0,0,0,0,0,"",0,0,0,0,,,,,2,3
175,9,1,4,3,1,2,0,0,0,0,255,255,255,43,7184.898,"_Chun",L,13,80,118,3.756,-1.259,0.225,1.628,1.046,1.371,-36.456,5.461,4,0,351.593,355.503,-8.347,0.896,-17.385,1,7,7,L,"alcohol500",167.6,87.24,0.284,0,35,0,0,0,0,0,0,0,0,0,0,0,0,0,0,0,0.113,-37.688,0,"Kr_Luna",0.437,-17.345,0,"_AKASATA_",-22.514,-50.246,0,"오띵__",-11.237,-65.635,0,"なおｐ--",20.894,-47.247,0,"CVPileMaki",14.358,-63.8,0,"SFIDA",42.358,-91.204,0,"Multeinn",6.269,-103.671,0,"NABIMan",-39.226,-90.251,0,0,0,0,0,0,"",0,0,0,0,7185.641,,,,0,0
176,9,1,4,3,0,0,1,0,0,0,255,255,255,44,7215.276,"_Chun",L,28,77,129,1.39,1.117,0.126,1.879,0.586,2.217,-36.517,21.96,2,0,10.372,-95.51,-6.226,0,0,1,8,0,R,"Espressο",190,94.953,0.395,3,38,7216.125,156,109,152,104,69,145,89,110.681,34.467,-0.87,-0.023,-0.015,0,0.34,0.103,-36.785,0,"Kr_Luna",0.068,-17.446,0,"_AKASATA_",-22.39,-50.654,0,"오띵__",-13.235,-65.354,0,"なおｐ--",20.925,-47.499,0,"CVPileMaki",13.088,-64.259,0,"SFIDA",43.894,-95.679,0,"Multeinn",7.211,-107.265,0,"NABIMan",-43.807,-88.864,0,0,0,0,0,0,"",0,0,0,0,,,,,2,3
177,9,1,4,3,0,1,1,0,0,0,255,255,255,45,7250.763,"_Chun",L,26,86,140,1.213,0.492,0.12,1.81,0.617,1.743,-36.58,23.779,2,0,-68.015,-200,-10.514,0,0,1,8,0,R,"Espressο",190,94.953,0.395,3,55,7251.595,176,74,100,88,40,145,93,-3.028,35.732,-0.69,-0.034,-0.064,0,0.361,0.243,-36.905,0,"Kr_Luna",0.068,-17.407,0,"_AKASATA_",-21.665,-49.579,86,"오띵__",-13.136,-64.961,0,"なおｐ--",21.82,-49.399,0,"CVPileMaki",14.488,-64.019,0,"SFIDA",42.778,-96.584,0,"Multeinn",6.098,-109.442,0,"NABIMan",-43.31,-89.488,0,7251.307,-7.834,-29.253,7252.607,2,"_AKASATA_",-19.85,-46.202,0,0,,,,,66,2
178,9,1,4,3,0,0,2,0,0,0,255,255,255,46,7279.299,"_Chun",L,14,73,113,-2.404,-1.424,-0.085,1.524,-0.395,1.066,-36.445,10.416,2,0,-390.434,312.348,-6.803,0,0,1,0,2,R,"559：広告",190,90.035,0.23,3,38,7280.38,146,159,88,83,55,145,82,-5.896,19.185,0.96,0.044,-0.093,0,0.672,-0.035,-36.888,0,"Kr_Luna",-0.072,-17.401,0,"_AKASATA_",-23.305,-50.77,89,"오띵__",-12.995,-65.276,88,"なおｐ--",21.885,-49.412,0,"CVPileMaki",12.686,-64.51,0,"SFIDA",42.48,-103.436,0,"Multeinn",-5.695,-107.432,0,"NABIMan",-40.386,-89.366,0,7279.724,-1.796,-24.102,7281.94,3,"오띵__",-12.45,-57.008,0,0,7315.974,,,,495,2
179,9,0,4,3,0,0,0,0,0,0,255,255,255,78,7458.954,"Espressο",R,14,86,110,2.417,-1.232,0.621,1.647,0.464,1.282,-36.808,30.184,2,0,323.673,381.098,3.399,0,0,1,7,6,L,"SFIDA",190,80,0.453,2,38,7459.868,255,106,122,62,50,145,87,-52.189,-54.851,-0.78,0.131,-0.071,0,0.9,-0.036,-37.341,0,"ゆっち一",0.023,-16.651,0,"559：広告",-19.382,-48.027,0,"sano jpn",-11.851,-64.98,0,"にゃんこ3K",23.489,-49.4,0,"쟈가리코",14.923,-63.364,0,"mochi_2929",49.073,-97.198,0,"alcohol500",4.119,-116.368,0,"あくせる",-45.27,-94.683,0,7459.224,1.105,-21.957,0,0,"",0,0,0,0,,,,,256,3
180,9,0,4,3,0,1,0,0,0,0,255,255,255,79,7479.489,"Espressο",R,26,114,140,-1.219,0.709,0.427,1.751,-0.622,1.953,-36.707,24.73,4,0,103.444,-200,-3.85,0.264,-20.754,1,7,6,L,"SFIDA",190,80,0.453,0,38,0,0,0,0,0,0,0,0,0,0,0,0,0,0,0,0.31,-37.355,0,"ゆっち一",-0.243,-16.59,0,"559：広告",-20.885,-47.703,0,"sano jpn",-12.906,-64.45,0,"にゃんこ3K",22.221,-48.236,0,"쟈가리코",14.952,-63.824,0,"mochi_2929",50.902,-98.038,0,"alcohol500",4.194,-116.889,0,"あくせる",-46.285,-92.754,0,0,0,0,0,0,"",0,0,0,0,7482.891,,,,0,0
181,9,0,4,3,0,2,0,0,0,0,255,255,255,80,7498.819,"Espressο",R,26,114,140,-1.063,0.562,0.399,1.738,-0.56,1.801,-36.609,21.238,0,0,63.463,-186.403,-2.233,0,0,0,7,6,L,"SFIDA",190,80,0.453,0,38,0,0,0,0,0,0,0,0,0,0,0,0,0,0,0,0.414,-37.467,0,"ゆっち一",-0.109,-16.51,0,"559：広告",-20.985,-46.166,0,"sano jpn",-12.876,-64.415,0,"にゃんこ3K",22.196,-48.282,0,"쟈가리코",15.035,-63.704,0,"mochi_2929",51.081,-97.847,0,"alcohol500",5.417,-116.188,0,"あくせる",-46.263,-92.726,0,0,0,0,0,0,"",0,0,0,0,7499.307,,,,0,0
182,9,0,4,3,0,0,1,0,0,0,255,255,255,81,7561.386,"Espressο",R,26,115,140,-3.281,1.629,0.166,1.894,-1.457,2.453,-36.859,24.113,1,0,19.726,-200,-19.942,0,0,0,8,7,R,"mungjungh",190,90.231,0.502,0,84,0,0,0,0,0,0,0,0,0,0,0,0,0,0,0,0.624,-37.508,0,"ゆっち一",-0.304,-16.333,0,"559：広告",-19.988,-47.539,0,"sano jpn",-14.419,-63.486,0,"にゃんこ3K",21.906,-50.924,0,"쟈가리코",11.078,-65.405,0,"mochi_2929",46.123,-105.421,0,"alcohol500",-3.227,-120.412,0,"あくせる",-49.004,-93.651,0,0,0,0,0,0,"",0,0,0,0,7561.94,,,,0,0
183,9,0,4,3,1,0,1,0,0,0,255,255,255,82,7577.29,"Espressο",R,11,86,116,1.156,-0.114,0.634,1.761,0.233,1.801,-36.824,36.534,2,0,143.888,217.401,-7.875,0,0,1,8,7,R,"mungjungh",190,90.231,0.502,3,84,7578.343,236,35,168,52,89,145,102,-15.342,7.801,0.92,-0.089,-0.161,0,0.399,-0.027,-37.126,0,"ゆっち一",0.025,-16.493,0,"559：広告",-20.423,-47.756,86,"sano jpn",-14.416,-63.456,0,"にゃんこ3K",21.958,-51.069,0,"쟈가리코",12.105,-65.135,0,"mochi_2929",45.871,-105.372,0,"alcohol500",-2.068,-119.037,0,"あくせる",-49.001,-93.584,0,7577.607,-0.205,-22.945,7579.807,3,"sano jpn",-5.846,-65.839,1,0,,,,,275,2
184,9,0,4,3,0,0,1,1,0,0,17,255,255,83,7616.468,"Espressο",R,10,99,128,2.008,0.19,0.708,1.716,0.854,2.131,-36.794,37.531,2,0,0,400,-14.218,0,0,1,0,5,R,"CVPileMaki",169.5,94,0.399,3,54,7617.575,155,86,104,98,46,145,84,47.564,5.536,-0.79,0.046,-0.006,0,0.182,0.017,-37.317,0,"ゆっち一",0.078,-16.51,0,"559：広告",-19.999,-43.385,0,"sano jpn",-13.943,-62.436,63,"にゃんこ3K",20.13,-47.929,0,"쟈가리코",7.988,-64.45,0,"mochi_2929",42.345,-96.489,0,"alcohol500",-3.233,-113.92,0,"あくせる",-49.318,-94.49,0,7622.174,-6.748,-73.687,7622.291,5,"쟈가리코",-6.601,-72.605,0,0,,,,,258,1
185,9,0,4,3,0,0,2,1,0,0,16,255,255,84,7651.003,"Espressο",R,10,84,127,-1.293,0.879,0.422,1.951,-0.574,2.604,-36.888,43.946,2,0,0,400,-10.069,0,0,1,1,0,L,"_Chun",190,80,0.455,3,37,7651.971,151,77,69,54,29,137,94,64.172,16.87,-0.38,-0.04,0.043,0,0.22,-0.441,-37.133,0,"ゆっち一",-0.17,-16.567,0,"559：広告",-20.404,-45.038,0,"sano jpn",-12.126,-64.531,0,"にゃんこ3K",23.44,-49.103,0,"쟈가리코",13.537,-64.376,87,"mochi_2929",50.355,-103.925,0,"alcohol500",14.024,-122.511,0,"あくせる",-49.712,-94.634,0,7657.507,-12.548,-65.175,7657.674,3,"sano jpn",-12.381,-64.546,0,0,,7657.643,,,2,1
