id,inn,half,scoreA,scoreB,ball,strk,out,b1,b2,b3,b1Idx,b2Idx,b3Idx,pCnt,pSec,pName,pHand,pType,pPow,spdK,zoneX,zoneY,startX,startY,targetX,targetY,zDist,pitchAngle,call,balk,sH,sV,gyro,plx,plz,bSwing,bIdx,bPos,bZone,bName,bHCm,batLen,batCen,batType,bFps,hSec,rotS,rotL,shS,lgS,prepS,batSpd,ev,ldeg,sdeg,hPos,hMoveX,hMoveY,buntGrip,handDist,PPosX,PPosY,PThrSpd,CName,CPosX,CPosY,CThrSpd,1BName,1BPosX,1BPosY,1BThrSpd,2BName,2BPosX,2BPosY,2BThrSpd,3BName,3BPosX,3BPosY,3BThrSpd,SSName,SSPosX,SSPosY,SSThrSpd,LFName,LFPosX,LFPosY,LFThrSpd,CFName,CFPosX,CFPosY,CFThrSpd,RFName,RFPosX,RFPosY,RFThrSpd,ltSec,lx,lz,cSec,cPos,cPlr,cx,cz,1BSafe,tag,cpSec,sb2Sec,sb3Sec,sbhSec,ass,result
1,1,1,0,0,0,0,0,0,0,0,255,255,255,0,1656.216,"アリアル",R,14,51,98,3.473,-2.294,0.684,1.277,0.725,0.691,-36.772,36.672,1,0,346.221,314.607,-4.801,0.662,-19.862,0,0,0,L,"ʚEveɞ",190,80,0.347,0,136,0,0,0,0,0,0,0,0,0,0,0,0,0,0,0,0.467,-37.992,0,"encounter v",0.047,-17.398,0,"_이누_",-21.219,-47.204,0,"˗ˋˏ 카피 ˎˊ˗",-9.33,-63.139,0,"Slaris",22.539,-52.606,0,"coder_",11.74,-65.544,0,"소솨소솨",42.648,-92.786,0,"ke ro",1.175,-113.523,0,"Sabo_10",-39.762,-87.908,0,0,0,0,0,0,"",0,0,0,0,1657.978,,,,0,0
2,1,1,0,0,1,0,0,0,0,0,255,255,255,1,1672.497,"アリアル",R,0,74,126,-1.468,-1.461,0.708,1.179,-0.66,0.7,-36.623,32.064,1,0,0,0,0,0,0,0,0,0,L,"ʚEveɞ",190,80,0.347,0,136,0,0,0,0,0,0,0,0,0,0,0,0,0,0,0,0.503,-37.976,0,"encounter v",-0.037,-17.619,0,"_이누_",-22.206,-47.997,0,"˗ˋˏ 카피 ˎˊ˗",-9.702,-62.411,0,"Slaris",22.593,-52.584,0,"coder_",11.894,-65.353,0,"소솨소솨",41.364,-93.138,0,"ke ro",1.16,-113.571,0,"Sabo_10",-39.761,-87.553,0,0,0,0,0,0,"",0,0,0,0,1674.019,,,,0,0
3,1,1,0,0,2,0,0,0,0,0,255,255,255,2,1688.351,"アリアル",R,3,86,126,-0.025,1.268,0.792,1.502,0.752,2.416,-36.66,23.007,2,0,-500,0.278,10.771,0,0,1,0,0,L,"ʚEveɞ",190,80,0.347,3,136,1689.474,246,97,92,28,6,140,130,-30,-46.657,0.62,0.045,-0.013,0,0.336,0.525,-36.961,0,"encounter v",-0.15,-17.403,0,"_이누_",-22.441,-48.477,0,"˗ˋˏ 카피 ˎˊ˗",-14.032,-64.345,0,"Slaris",22.503,-52.519,0,"coder_",11.554,-65.689,0,"소솨소솨",41.363,-93.194,0,"ke ro",1.159,-113.587,0,"Sabo_10",-44.245,-90.698,0,1689.644,2.481,-20.9,0,0,"",0,0,0,0,,,,,0,3
4,1,1,0,0,2,1,0,0,0,0,255,255,255,3,1705.544,"アリアル",R,0,84,137,-0.997,0.302,0.593,1.397,-0.451,1.811,-36.645,17.308,0,0,0,0,0,0,0,0,0,0,L,"ʚEveɞ",190,80,0.347,0,77,0,0,0,0,0,0,0,0,0,0,0,0,0,0,0,0.539,-37.703,0,"encounter v",-0.015,-17.356,0,"_이누_",-23.967,-47.663,0,"˗ˋˏ 카피 ˎˊ˗",-9.687,-64.89,0,"Slaris",23.262,-52.586,0,"coder_",12.31,-65.454,0,"소솨소솨",41.281,-92.669,0,"ke ro",0.757,-111.158,0,"Sabo_10",-42.883,-88.643,0,0,0,0,0,0,"",0,0,0,0,1707.068,,,,0,0
5,1,1,0,0,2,2,0,0,0,0,255,255,255,4,1719.903,"アリアル",R,14,52,100,2.577,-1.048,0.737,1.314,0.406,1.487,-36.59,28.539,4,0,332.182,341.296,4.246,0,0,1,0,0,L,"ʚEveɞ",190,80,0.347,0,77,0,0,0,0,0,0,0,0,0,0,0,0,0,0,0,0.668,-37.791,0,"encounter v",-1.437,-20.92,0,"_이누_",-21.341,-46.473,0,"˗ˋˏ 카피 ˎˊ˗",-10.079,-64.326,0,"Slaris",23.215,-52.679,0,"coder_",11.994,-64.591,0,"소솨소솨",41.288,-92.63,0,"ke ro",0.777,-111.171,0,"Sabo_10",-44.73,-92.751,0,0,0,0,0,0,"",0,0,0,1,1721.665,,,,0,0
6,1,1,0,0,0,0,1,0,0,0,255,255,255,5,1741.257,"アリアル",R,0,88,140,0.501,-0.402,0.688,1.254,0.198,1.369,-36.697,28.482,2,0,0,0,0,0,0,1,1,2,L,"Pring__",190,94.516,0.485,3,134,1741.961,222,105,111,102,42,145,117,7.39,0.857,0.17,-0.011,-0.059,0,0.581,0.65,-37.021,0,"encounter v",-0.029,-17.484,96,"_이누_",-21.217,-49.821,0,"˗ˋˏ 카피 ˎˊ˗",-13.731,-63.833,0,"Slaris",23.274,-52.541,0,"coder_",11.106,-65.897,0,"소솨소솨",46.46,-100.308,0,"ke ro",1.357,-115.549,90,"Sabo_10",-49.257,-102.736,0,1744.241,5.867,-80.277,1745.971,7,"ke ro",11.25,-107.8,1,0,1756.255,1755.719,,,144,2
7,1,1,0,0,0,0,1,0,1,0,255,2,255,6,1785.785,"アリアル",R,0,86,139,1.174,1.79,0.751,1.553,0.489,2.651,-36.626,18.885,1,0,0,0,0,0,0,0,2,4,R,"Megu3568",175,86,0.404,0,133,0,0,0,0,0,0,0,0,0,0,0,0,0,0,0,0.634,-37.79,0,"encounter v",-0.081,-17.224,120,"_이누_",-23.041,-46.74,0,"˗ˋˏ 카피 ˎˊ˗",-12.026,-63.972,0,"Slaris",21.896,-50.221,0,"coder_",7.804,-65.139,0,"소솨소솨",35.271,-91.357,0,"ke ro",-5.551,-111.514,0,"Sabo_10",-45.76,-94.268,0,0,0,0,0,0,"",0,0,0,0,1787.297,1788.203,,,0,0
8,1,1,0,0,1,0,1,0,1,0,255,2,255,7,1805.026,"アリアル",R,0,84,138,1.168,0.374,0.813,1.443,0.485,1.829,-36.69,22.738,2,0,0,0,0,0,0,1,2,4,R,"Megu3568",175,86,0.404,3,133,1806.101,255,47,108,68,20,145,128,-30,14.024,0.49,0.003,-0.011,0,0.559,0.675,-37.124,0,"encounter v",-0.05,-17.427,0,"_이누_",-21.751,-47.367,86,"˗ˋˏ 카피 ˎˊ˗",-14.016,-63.593,88,"Slaris",21.685,-50.041,86,"coder_",9.837,-63.579,0,"소솨소솨",35.364,-91.356,0,"ke ro",-5.555,-111.545,0,"Sabo_10",-47.627,-95.32,0,1806.221,-0.238,-20.641,1808.103,3,"˗ˋˏ 카피 ˎˊ˗",-10.21,-59.556,1,2,,,1811.28,,98,2
9,1,1,0,0,0,0,2,1,0,0,4,255,255,8,1836.234,"アリアル",R,0,84,137,1.927,0.439,0.803,1.368,0.816,1.85,-36.591,25.506,2,0,0,0,0,0,0,1,3,7,R,"Yaksok~",164.7,95.241,0.261,3,132,1837.061,212,119,70,11,0,129,122,-30,10.508,0.56,-0.06,0.011,0,0.535,0.45,-36.971,0,"encounter v",0.122,-17.446,0,"_이누_",-22.816,-49.245,96,"˗ˋˏ 카피 ˎˊ˗",-12.769,-62.549,0,"Slaris",21.343,-50.246,0,"coder_",8.84,-66.21,0,"소솨소솨",33.593,-86.782,0,"ke ro",-1.44,-106.119,0,"Sabo_10",-46.739,-91.584,0,1837.144,0.037,-20.58,1838.866,3,"˗ˋˏ 카피 ˎˊ˗",-6.721,-56.46,1,0,,1842.27,1847.02,,98,2
10,1,1,0,0,0,0,2,0,1,1,255,7,4,9,1972.87,"アリアル",R,3,81,121,-0.558,0.493,0.778,1.411,0.358,1.89,-36.659,23.814,0,0,-464.196,1.821,23.917,0,0,0,4,8,L,"SOM_candy",170.3,98.339,0.503,0,54,0,0,0,0,0,0,0,0,0,0,0,0,0,0,0,0.454,-37.465,0,"encounter v",-0.12,-17.55,0,"_이누_",-20.571,-46.618,0,"˗ˋˏ 카피 ˎˊ˗",-9.37,-63.297,0,"Slaris",20.595,-49.677,0,"coder_",12.672,-63.675,0,"소솨소솨",41.999,-86.19,0,"ke ro",8.432,-110.425,0,"Sabo_10",-38.098,-85.45,0,0,0,0,0,0,"",0,0,0,0,1974.582,1975.685,1975.424,,0,0
11,1,1,0,0,0,1,2,0,1,1,255,7,4,10,2007.207,"アリアル",R,0,83,136,-1.544,0.517,0.611,1.423,-0.69,1.903,-36.671,17.765,2,0,0,0,0,0,0,1,4,8,L,"SOM_candy",170.3,98.339,0.503,3,54,2008.298,96,55,78,67,39,132,76,45.292,13.761,-0.84,-0.027,0.044,0,0.194,0.595,-37.133,0,"encounter v",-0.211,-17.526,0,"_이누_",-20.845,-47.823,0,"˗ˋˏ 카피 ˎˊ˗",-13.027,-63.589,0,"Slaris",20.365,-49.395,0,"coder_",12.067,-64.726,0,"소솨소솨",41.876,-85.929,0,"ke ro",10.565,-111.459,0,"Sabo_10",-40.474,-87.35,0,2013.276,-15.609,-68.83,2013.408,3,"˗ˋˏ 카피 ˎˊ˗",-15.088,-67.2,0,0,2054.026,,2012.239,2012.927,97,1
12,1,0,0,0,0,0,0,0,0,0,255,255,255,0,2257.634,"ʚEveɞ",R,3,87,127,0.854,0.565,0.352,1.863,0.935,1.89,-36.474,26.76,2,0,-440.938,0,15.48,0,0,1,1,5,R,"coder_",163.9,80,0.3,3,126,2258.76,255,112,195,90,33,145,58,26.498,16.6,1,-0.141,-0.009,0,0.242,0.213,-36.846,0,"편하비_",0.059,-17.328,0,"Pring__",-20.788,-46.463,0,"Fresh825",-13.807,-58.115,79,"Megu3568",17.409,-44.152,0,"とりらむ",9.706,-64.256,0,"IbikiKai_JP",42.777,-90.616,0,"Yaksok~",-4.039,-107.498,0,"SOM_candy",-42.801,-77.768,0,0,0,0,2261.735,3,"Fresh825",-8.951,-49.515,0,0,,,,,257,1
13,1,0,0,0,0,0,1,0,0,0,255,255,255,1,2280.136,"ʚEveɞ",R,14,78,116,2.457,-2.23,0.192,1.545,0.19,0.828,-36.411,27.048,4,0,390.434,312.348,55.205,0.167,-19.628,0,1,4,R,"Slaris",190,86.36,0.452,0,125,0,0,0,0,0,0,0,0,0,0,0,0,0,0,0,0.086,-36.952,0,"편하비_",0.098,-17.242,0,"Pring__",-21.713,-46.824,0,"Fresh825",-14.038,-64.34,0,"Megu3568",18.542,-45.326,0,"とりらむ",10.764,-64.367,0,"IbikiKai_JP",59.712,-101.056,0,"Yaksok~",-7.793,-113.839,0,"SOM_candy",-60.349,-98.914,0,0,0,0,0,0,"",0,0,0,0,2285.471,,,,0,0
14,1,0,0,0,0,0,1,1,0,0,14,255,255,2,2390.694,"ʚEveɞ",R,6,56,102,0.255,0.593,0.009,1.898,-0.662,1.978,-36.377,21.421,2,0,463.636,0,10.956,0,0,1,2,8,L,"Sabo_10",184.8,90,0.552,3,125,2391.824,175,131,120,99,56,145,117,26.84,-13.869,0.17,0.035,-0.069,0,0.574,-0.146,-36.492,0,"편하비_",0.242,-17.233,0,"Pring__",-20.074,-44.958,0,"Fresh825",-7.069,-64.778,0,"Megu3568",18.825,-46.114,85,"とりらむ",14.337,-62.852,88,"IbikiKai_JP",59.927,-100.69,103,"Yaksok~",6.696,-112.753,0,"SOM_candy",-33.267,-97.768,0,2396.846,43.576,-112.759,2397.207,6,"IbikiKai_JP",43.35,-112.395,1,0,,2397.71,2402.547,,165,2
15,1,0,0,0,0,0,1,0,1,1,255,17,13,3,2434.021,"ʚEveɞ",R,10,67,112,1.1,-0.867,0.252,1.751,0.472,1.495,-36.471,14.7,0,0,0,400,-12.894,0.191,-16.476,1,3,9,L,"눈꽃",190,90,0.5,0,124,0,0,0,0,0,0,0,0,0,0,0,0,0,0,0,0.199,-37.123,0,"편하비_",0.177,-16.93,120,"Pring__",-20.84,-44.777,0,"Fresh825",-6.604,-65.284,0,"Megu3568",17.831,-40.457,0,"とりらむ",13.868,-60.587,0,"IbikiKai_JP",59.781,-100.065,0,"Yaksok~",10.181,-107.034,0,"SOM_candy",-39.035,-99.865,0,0,0,0,0,0,"",0,0,0,0,2435.832,2436.869,2436.855,,0,0
16,1,0,0,0,0,1,1,0,1,1,255,17,13,4,2451.392,"ʚEveɞ",R,14,77,116,1.874,-1.652,0.188,1.578,0.171,0.934,-36.261,17.238,1,0,390.434,312.348,12.503,0.461,-17.77,0,3,9,L,"눈꽃",190,90,0.5,0,124,0,0,0,0,0,0,0,0,0,0,0,0,0,0,0,0.107,-37.111,0,"편하비_",0.285,-17.044,0,"Pring__",-21.236,-47.097,0,"Fresh825",-6.642,-65.328,0,"Megu3568",18.521,-41.397,0,"とりらむ",13.922,-60.591,0,"IbikiKai_JP",51.614,-92.678,0,"Yaksok~",9.13,-107.311,0,"SOM_candy",-37.606,-98.201,0,0,0,0,0,0,"",0,0,0,0,2454.624,2454.291,2454.311,,0,0
17,1,0,0,0,1,1,1,0,1,1,255,17,13,5,2468.856,"ʚEveɞ",R,26,90,140,0.414,0.319,0.142,1.804,-0.041,1.665,-36.368,25.925,2,0,163.472,-167.538,13.893,0,0,1,3,9,L,"눈꽃",190,90,0.5,3,124,2470.037,251,85,145,106,70,145,91,23.099,-39.143,-0.76,0.019,-0.051,0,0.258,-0.163,-36.627,0,"편하비_",-0.002,-17.156,0,"Pring__",-21.249,-47.102,0,"Fresh825",-6.609,-65.238,0,"Megu3568",17.793,-44.205,90,"とりらむ",14.631,-60.788,0,"IbikiKai_JP",51.728,-93.19,0,"Yaksok~",9.655,-107.847,0,"SOM_candy",-37.175,-91.988,0,2473.95,38.238,-79.006,2474.526,6,"IbikiKai_JP",39.509,-81.331,1,0,2727.603,,2476.296,2477.114,487,2
18,1,0,0,1,0,0,1,1,0,1,18,255,17,6,2763.223,"ʚEveɞ",R,6,54,101,0.554,0.219,0.037,1.834,-0.532,1.762,-36.317,18.541,2,0,459.091,0,19.168,0,0,1,4,1,L,"encounter v",190,90.209,0.497,3,46,2764.561,255,85,167,51,84,145,129,114.953,36.362,0.69,0.019,-0.09,0,0.735,-0.019,-36.571,0,"편하비_",0.269,-17.191,0,"Pring__",-20.027,-45.03,0,"Fresh825",-7.11,-66.262,0,"Megu3568",17.548,-42.936,0,"とりらむ",15.587,-60.003,0,"IbikiKai_JP",51.512,-93.302,0,"Yaksok~",12.971,-107.31,0,"SOM_candy",-33.106,-88.038,0,0,0,0,0,0,"",0,0,0,0,,,2766.48,,1,3
19,1,0,0,1,0,1,1,1,0,1,18,255,17,7,2780.262,"ʚEveɞ",R,10,70,114,-2.098,-2.112,-0.045,1.527,-0.911,0.769,-36.344,13.015,1,0,0,400,2.671,-0.407,-19.52,0,4,1,L,"encounter v",190,90.209,0.497,0,45,0,0,0,0,0,0,0,0,0,0,0,0,0,0,0,0.016,-37.09,0,"편하비_",-0.067,-16.865,0,"Pring__",-19.364,-39.871,0,"Fresh825",-7.674,-66.536,0,"Megu3568",18.848,-40.836,0,"とりらむ",15.704,-60.528,0,"IbikiKai_JP",51.072,-91.646,0,"Yaksok~",11.671,-107.626,0,"SOM_candy",-33.396,-85.196,0,0,0,0,0,0,"",0,0,0,0,2782.061,,2783.455,,0,0
20,1,0,0,1,1,1,1,1,0,1,18,255,17,8,2793.923,"ʚEveɞ",R,14,71,112,0.556,-0.471,0.059,1.812,-0.43,1.692,-36.227,13.417,2,0,390.434,312.348,27.18,0,0,1,4,1,L,"encounter v",190,90.209,0.497,3,45,2795.162,171,135,117,125,49,145,129,20.281,-16.538,0.64,0.008,-0.107,0,0.623,0.08,-36.499,0,"편하비_",0.294,-17.173,0,"Pring__",-19.861,-44.244,0,"Fresh825",-7.771,-66.846,0,"Megu3568",16.506,-43.597,0,"とりらむ",15.283,-61.772,107,"IbikiKai_JP",50.928,-91.652,5,"Yaksok~",12.534,-109.833,0,"SOM_candy",-34.126,-96.444,0,2800.075,52.438,-116.062,2801.374,6,"IbikiKai_JP",51.834,-110.592,1,0,,2799.156,2804.429,2802.202,161,2
21,1,0,0,2,0,0,1,0,1,1,255,11,18,9,2838.471,"ʚEveɞ",R,26,89,140,0.02,0.657,0.133,1.87,-0.085,1.88,-36.413,25.099,0,0,78.319,-161.445,15.547,0,0,0,5,2,R,"_이누_",190,90.187,0.45,0,119,0,0,0,0,0,0,0,0,0,0,0,0,0,0,0,0,-37.14,0,"편하비_",0.055,-16.953,0,"Pring__",-20.734,-46.821,0,"Fresh825",-12.591,-63.007,0,"Megu3568",19.172,-41.159,0,"とりらむ",11.646,-64.081,0,"IbikiKai_JP",37.665,-90.194,0,"Yaksok~",-5.722,-108.038,0,"SOM_candy",-43.45,-75.271,0,0,0,0,0,0,"",0,0,0,0,2840.165,2840.869,2840.629,,0,0
22,1,0,0,2,0,1,1,0,1,1,255,11,18,10,2856.456,"ʚEveɞ",R,3,86,126,-4.974,-0.843,-0.166,1.686,-1.476,1.283,-36.309,4.447,1,0,-458.209,200.111,0.452,-1.539,-17.336,0,5,2,R,"_이누_",190,90.187,0.45,0,119,0,0,0,0,0,0,0,0,0,0,0,0,0,0,0,-0.088,-37.362,0,"편하비_",-1.159,-17.086,0,"Pring__",-22.149,-44.5,0,"Fresh825",-12.607,-62.97,0,"Megu3568",18.278,-42.486,0,"とりらむ",12.071,-63.034,0,"IbikiKai_JP",37.838,-90.442,0,"Yaksok~",-9.072,-110.969,0,"SOM_candy",-44.791,-76.487,0,0,0,0,0,0,"",0,0,0,0,2859.922,2859.227,2859.565,,0,0
23,1,0,0,2,1,1,1,0,1,1,255,11,18,11,2873.1,"ʚEveɞ",R,3,85,127,-1.132,0.294,0.177,1.843,0.121,1.793,-36.354,23.948,0,0,-420.807,8.304,28.472,0,0,1,5,2,R,"_이누_",190,90.187,0.45,0,119,0,0,0,0,0,0,0,0,0,0,0,0,0,0,0,0.142,-37.081,0,"편하비_",-0.185,-16.905,0,"Pring__",-21.381,-45.062,0,"Fresh825",-12.652,-63.032,0,"Megu3568",18.198,-42.182,0,"とりらむ",11.25,-62.705,0,"IbikiKai_JP",37.852,-90.441,0,"Yaksok~",-7.806,-108.26,0,"SOM_candy",-45.495,-76.227,0,0,0,0,0,0,"",0,0,0,0,2874.86,2875.892,2875.572,,0,0
24,1,0,0,2,1,2,1,0,1,1,255,11,18,12,2892.021,"ʚEveɞ",R,10,74,117,-0.79,-1.752,0.077,1.571,-0.346,0.909,-36.309,13.253,4,0,0,345.902,2.521,-0.23,-17.719,1,5,2,R,"_이누_",190,90.187,0.45,0,119,0,0,0,0,0,0,0,0,0,0,0,0,0,0,0,-0.006,-37.174,0,"편하비_",-0.342,-17.051,0,"Pring__",-21.576,-44.319,93,"Fresh825",-12.464,-63.064,0,"Megu3568",19.016,-41.381,0,"とりらむ",11.355,-62.507,0,"IbikiKai_JP",37.72,-90.355,0,"Yaksok~",-9.332,-108.789,0,"SOM_candy",-43.148,-76.415,0,0,0,0,0,0,"",0,0,0,0,2896.012,2894.9,2898.888,,0,0
25,1,0,0,2,0,0,2,0,1,1,255,10,18,13,3014.491,"ʚEveɞ",R,26,85,139,1.391,-0.031,0.237,1.731,0.401,1.386,-36.435,33.879,2,0,170.919,-182.792,13.005,0,0,1,6,3,R,"아침땅_",160,94.757,0.5,2,117,3015.457,120,74,135,84,52,138,84,107.422,57.115,-0.35,-0.02,-0.014,0,0.278,0.025,-36.652,0,"편하비_",0.118,-17.11,0,"Pring__",-22.217,-48.605,0,"Fresh825",-13.209,-61.021,0,"Megu3568",17.427,-41.895,0,"とりらむ",10.751,-64.986,0,"IbikiKai_JP",38.072,-91.36,0,"Yaksok~",-12.154,-107.01,0,"SOM_candy",-41.603,-75.836,0,0,0,0,0,0,"",0,0,0,0,,3021.034,3018.087,,1,3
26,1,0,0,2,0,1,2,0,1,1,255,10,18,14,3038.656,"ʚEveɞ",R,3,81,123,-2.199,-0.209,0.076,1.753,-0.348,1.471,-36.272,13.305,1,0,-402.009,0,2.513,-1.005,-17.502,0,6,3,R,"아침땅_",160,94.757,0.5,0,117,0,0,0,0,0,0,0,0,0,0,0,0,0,0,0,-0.146,-37.142,0,"편하비_",-0.426,-17.12,0,"Pring__",-21.254,-45.268,0,"Fresh825",-12.911,-61.064,0,"Megu3568",18.546,-42.881,0,"とりらむ",11.471,-66.532,0,"IbikiKai_JP",38.165,-88.576,0,"Yaksok~",-10.033,-106.743,0,"SOM_candy",-43.757,-77.001,0,0,0,0,0,0,"",0,0,0,0,3042.082,3041.436,3041.145,,0,0
27,1,0,0,2,1,1,2,0,1,1,255,10,18,15,3059.021,"ʚEveɞ",R,3,78,118,-0.659,0.243,0.23,1.816,0.366,1.715,-36.328,25.083,0,0,-403.942,0,17.997,0,0,0,6,3,R,"아침땅_",160,94.757,0.5,0,117,0,0,0,0,0,0,0,0,0,0,0,0,0,0,0,-0.002,-37.19,0,"편하비_",-0.292,-17.143,0,"Pring__",-21.337,-45.659,0,"Fresh825",-12.352,-61.335,0,"Megu3568",18.206,-41.899,0,"とりらむ",8.892,-64.63,0,"IbikiKai_JP",38.225,-88.614,0,"Yaksok~",-10.596,-107.169,0,"SOM_candy",-45.95,-77.683,0,0,0,0,0,0,"",0,0,0,0,3060.568,3061.689,3061.627,,0,0
28,1,0,0,2,1,2,2,0,1,1,255,10,18,16,3095.692,"ʚEveɞ",R,14,73,101,1.425,-1.088,0.116,1.764,-0.108,1.56,-36.315,9.512,2,0,358.49,312.348,42.64,0,0,1,6,3,R,"아침땅_",160,94.757,0.5,2,117,3096.812,143,60,118,111,73,145,122,-20.307,-10.753,0.55,-0.057,-0.052,0.048,0.417,-0.172,-36.554,0,"편하비_",0.092,-17.313,0,"Pring__",-21.801,-46.882,72,"Fresh825",-12.654,-61.326,0,"Megu3568",17.24,-43.34,0,"とりらむ",11.274,-63.887,0,"IbikiKai_JP",38.184,-88.583,0,"Yaksok~",-12.46,-107.115,0,"SOM_candy",-42.76,-79.254,0,3096.832,0.51,-21.551,3098.616,5,"とりらむ",7.778,-59.636,0,0,,,3101.483,3101.275,34,2
29,2,1,0,2,0,0,0,0,0,0,255,255,255,11,3152.271,"アリアル",R,14,46,95,1.644,0.455,0.609,1.564,0.104,2.418,-36.64,14.562,1,0,308.203,350.209,-12.94,0,0,0,5,5,R,"とりらむ",175.1,80,0.652,0,116,0,0,0,0,0,0,0,0,0,0,0,0,0,0,0,0.578,-37.451,0,"encounter v",-0.143,-17.426,0,"_이누_",-22.789,-46.246,0,"아침땅_",-15.114,-63.299,0,"Slaris",22.075,-50.707,0,"coder_",9.47,-66.748,0,"소솨소솨",35.078,-91.078,0,"ke ro",3.958,-104.652,0,"Sabo_10",-44.643,-99.971,0,0,0,0,0,0,"",0,0,0,0,3154.061,,,,0,0
30,2,1,0,2,1,0,0,0,0,0,255,255,255,12,3168.548,"アリアル",R,3,79,117,2.323,0.276,0.992,1.448,1.815,1.994,-36.776,39.058,1,0,-472.947,162.238,12.367,0,0,0,5,5,R,"とりらむ",175.1,80,0.652,0,116,0,0,0,0,0,0,0,0,0,0,0,0,0,0,0,0.55,-37.413,0,"encounter v",-0.041,-17.368,0,"_이누_",-22.101,-45.685,0,"아침땅_",-14.999,-63.381,0,"Slaris",21.27,-52.254,0,"coder_",9.789,-66.372,0,"소솨소솨",34.812,-88.617,0,"ke ro",3.875,-104.662,0,"Sabo_10",-42.529,-99.338,0,0,0,0,0,0,"",0,0,0,0,3170.193,,,,0,0
31,2,1,0,2,2,0,0,0,0,0,255,255,255,13,3182.501,"アリアル",R,0,82,134,2.169,1.484,0.824,1.523,0.921,2.474,-36.713,25.224,1,0,0,0,0,0,0,0,5,5,R,"とりらむ",175.1,80,0.652,0,116,0,0,0,0,0,0,0,0,0,0,0,0,0,0,0,0.54,-37.607,0,"encounter v",-0.084,-17.378,0,"_이누_",-21.833,-47.051,0,"아침땅_",-15.07,-63.312,0,"Slaris",21.795,-51.48,0,"coder_",9.623,-66.601,0,"소솨소솨",35.878,-89.247,0,"ke ro",3.918,-104.654,0,"Sabo_10",-44.998,-97.607,0,0,0,0,0,0,"",0,0,0,0,3184.116,,,,0,0
32,2,1,0,2,3,0,0,0,0,0,255,255,255,14,3195.678,"アリアル",R,0,89,140,1.352,1.021,0.76,1.46,0.567,2.207,-36.659,20.546,0,0,0,0,0,0,0,1,5,5,R,"とりらむ",175.1,80,0.652,0,116,0,0,0,0,0,0,0,0,0,0,0,0,0,0,0,0.603,-37.587,0,"encounter v",-0.085,-17.376,0,"_이누_",-22.448,-47.121,0,"아침땅_",-15.058,-63.313,0,"Slaris",21.79,-51.48,0,"coder_",9.52,-66.557,0,"소솨소솨",35.428,-89.247,0,"ke ro",3.771,-104.836,0,"Sabo_10",-43.065,-96.558,0,0,0,0,0,0,"",0,0,0,0,3197.269,,,,0,0
33,2,1,0,2,3,1,0,0,0,0,255,255,255,15,3209.546,"アリアル",R,0,82,134,0.897,0.128,0.764,1.375,0.368,1.688,-36.654,26.166,0,0,0,0,0,0,0,0,5,5,R,"とりらむ",175.1,80,0.652,0,116,0,0,0,0,0,0,0,0,0,0,0,0,0,0,0,0.563,-37.508,0,"encounter v",-0.104,-17.379,0,"_이누_",-22.058,-46.497,0,"아침땅_",-14.84,-63.407,0,"Slaris",21.852,-51.439,0,"coder_",8.723,-66.713,0,"소솨소솨",35.87,-88.734,0,"ke ro",3.664,-104.824,0,"Sabo_10",-42.831,-98.115,0,0,0,0,0,0,"",0,0,0,0,3211.116,,,,0,0
34,2,1,0,2,3,2,0,0,0,0,255,255,255,16,3243.949,"アリアル",R,10,50,100,-0.554,1.346,0.534,1.661,-0.256,3.063,-36.593,5.753,4,0,0,400,-23.303,0,0,0,5,5,R,"とりらむ",175.1,80,0.652,0,41,0,0,0,0,0,0,0,0,0,0,0,0,0,0,0,0.537,-37.534,0,"encounter v",-0.088,-18.582,0,"_이누_",-21.829,-45.273,0,"아침땅_",-15.133,-63.232,0,"Slaris",21.718,-51.459,0,"coder_",8.641,-66.6,0,"소솨소솨",35.917,-88.842,0,"ke ro",4.044,-104.911,0,"Sabo_10",-42.546,-96.986,0,0,0,0,0,0,"",0,0,0,0,3245.679,,,,0,0
35,2,1,0,2,0,0,0,1,0,0,5,255,255,17,3286.491,"アリアル",R,0,86,140,1.522,1.099,0.776,1.508,0.64,2.313,-36.639,20.934,2,0,0,0,0,0,0,1,6,1,R,"편하비_",190,86,0.455,2,41,3287.298,255,39,14,31,16,44,62,99.442,-76.289,-0.79,-0.007,-0.017,0,0.249,0.536,-37.054,0,"encounter v",-0.099,-17.457,0,"_이누_",-23.046,-48.382,0,"아침땅_",-13.451,-62.255,0,"Slaris",21.588,-51.341,0,"coder_",8.949,-65.333,0,"소솨소솨",29.866,-84.37,0,"ke ro",2.389,-103.268,0,"Sabo_10",-43.169,-88.743,0,3292.158,-32.65,-11.147,0,0,"",0,0,0,0,,,,,0,3
36,2,1,0,2,0,1,0,1,0,0,5,255,255,18,3304.361,"アリアル",R,0,87,140,2.394,1.326,0.835,1.54,1.018,2.455,-36.627,24.689,2,0,0,0,0,0,0,0,6,1,R,"편하비_",190,86,0.455,2,41,3305.253,154,72,62,39,22,136,67,25.896,-30.27,0.99,0.021,0.001,0,0.204,0.761,-37.002,0,"encounter v",-0.071,-17.455,0,"_이누_",-22.214,-47.106,0,"아침땅_",-13.303,-62.416,0,"Slaris",21.338,-51.699,0,"coder_",8.679,-65.746,0,"소솨소솨",29.609,-83.218,0,"ke ro",-1.854,-97.505,0,"Sabo_10",-43.83,-85.879,0,0,0,0,3308.832,4,"Slaris",22.985,-54.262,0,0,,,,,2,1
37,2,1,0,2,0,0,1,1,0,0,5,255,255,19,3462.713,"アリアル",R,0,88,140,-0.259,0.707,0.628,1.451,-0.013,2.113,-36.652,15.086,2,0,0,0,0,0,0,1,7,6,L,"IbikiKai_JP",172.6,90.478,0.5,3,113,3463.767,141,65,37,47,37,118,102,26.255,-28.462,0.2,-0.013,-0.045,0,0.483,0.665,-37.149,0,"encounter v",-0.144,-17.406,0,"_이누_",-20.21,-48.805,0,"아침땅_",-11.147,-63.135,85,"Slaris",21.619,-50.77,0,"coder_",9.967,-64.601,0,"소솨소솨",39.345,-89.268,92,"ke ro",5.545,-108.484,0,"Sabo_10",-37.233,-81.573,0,3468.755,53.217,-90.641,3468.957,6,"소솨소솨",51.439,-88.594,0,0,,,,,320,1
38,2,1,0,2,0,0,2,1,0,0,5,255,255,20,3493.366,"アリアル",R,14,51,99,1.55,-1.523,0.653,1.243,0.015,1.212,-36.614,32.17,1,0,351.391,312.348,-10.455,0,0,0,8,3,L,"Fresh825",172.5,80,0.2,0,113,0,0,0,0,0,0,0,0,0,0,0,0,0,0,0,0.558,-37.745,0,"encounter v",0.492,-20.258,0,"_이누_",-20.282,-44.967,0,"아침땅_",-7.852,-64.486,0,"Slaris",22.689,-48.916,0,"coder_",8.628,-65.671,0,"소솨소솨",38.536,-86.473,0,"ke ro",3.375,-106.684,0,"Sabo_10",-38.506,-84,0,0,0,0,0,0,"",0,0,0,0,3495.11,3496.432,,,0,0
39,2,1,0,2,1,0,2,0,1,0,255,5,255,21,3518.416,"アリアル",R,6,48,97,4.895,0.039,0.716,1.374,1.167,1.664,-36.699,28.114,1,0,424.495,0,-9.501,0,0,0,8,3,L,"Fresh825",172.5,80,0.2,0,113,0,0,0,0,0,0,0,0,0,0,0,0,0,0,0,0.522,-37.924,0,"encounter v",0.128,-17.918,0,"_이누_",-21.113,-45.919,0,"아침땅_",-8.632,-64.677,0,"Slaris",21.849,-46.948,0,"coder_",12.101,-66.139,0,"소솨소솨",37.881,-87.24,0,"ke ro",5.694,-104.053,0,"Sabo_10",-38.952,-86.001,0,0,0,0,0,0,"",0,0,0,0,3520.124,3521.077,,,0,0
40,2,1,0,2,2,0,2,0,1,0,255,5,255,22,3535.944,"アリアル",R,6,34,89,1.385,1.323,0.317,1.509,-0.134,2.402,-36.704,18.875,1,0,299.155,0,-5.841,0,0,0,8,3,L,"Fresh825",172.5,80,0.2,0,113,0,0,0,0,0,0,0,0,0,0,0,0,0,0,0,0.61,-37.799,0,"encounter v",-0.234,-17.832,0,"_이누_",-21.462,-45.835,0,"아침땅_",-10.386,-64.526,0,"Slaris",21.441,-49.039,0,"coder_",10.723,-65.124,0,"소솨소솨",38.767,-86.628,0,"ke ro",4.437,-103.604,0,"Sabo_10",-39.1,-87.394,0,0,0,0,0,0,"",0,0,0,0,3537.714,3539.24,,,0,0
41,2,1,0,2,3,0,2,0,1,0,255,5,255,23,3549.495,"アリアル",R,0,82,134,-1.171,0.259,0.594,1.373,-0.527,1.761,-36.607,18.979,0,0,0,0,0,0,0,0,8,3,L,"Fresh825",172.5,80,0.2,0,113,0,0,0,0,0,0,0,0,0,0,0,0,0,0,0,0.599,-37.716,0,"encounter v",-0.082,-17.389,0,"_이누_",-19.914,-46.175,0,"아침땅_",-10.743,-64.431,0,"Slaris",21.632,-49.471,0,"coder_",11.34,-65.229,0,"소솨소솨",38.664,-86.813,0,"ke ro",4.487,-103.597,0,"Sabo_10",-39.21,-88.362,0,0,0,0,0,0,"",0,0,0,0,3551.068,3552.374,,,0,0
42,2,1,0,2,3,1,2,0,1,0,255,5,255,24,3568.451,"アリアル",R,0,87,140,1.823,0.162,0.809,1.334,0.77,1.709,-36.649,25.263,1,0,0,0,0,0,0,0,8,3,L,"Fresh825",172.5,80,0.2,0,113,0,0,0,0,0,0,0,0,0,0,0,0,0,0,0,0.574,-37.426,0,"encounter v",0.032,-17.53,0,"_이누_",-20.573,-46.284,0,"아침땅_",-10.663,-64.972,0,"Slaris",21.384,-48.718,0,"coder_",10.411,-65.551,0,"소솨소솨",38.674,-86.826,0,"ke ro",5.513,-104.689,0,"Sabo_10",-41.083,-91.172,0,0,0,0,0,0,"",0,0,0,0,3569.971,3571.11,,,0,5
43,2,1,0,2,0,0,2,1,1,0,3,5,255,25,3595.269,"アリアル",R,6,52,99,1.353,-0.393,0.651,1.273,-0.405,1.398,-36.653,31.072,0,0,450,0,-19.655,0,0,0,0,0,L,"ʚEveɞ",190,80,0.347,0,112,0,0,0,0,0,0,0,0,0,0,0,0,0,0,0,0.713,-37.463,0,"encounter v",-0.223,-18.879,0,"_이누_",-20.806,-45.256,0,"아침땅_",-10.119,-64.7,0,"Slaris",22.717,-50.598,0,"coder_",11.243,-65.216,0,"소솨소솨",43.11,-92.32,0,"ke ro",5.242,-112.368,0,"Sabo_10",-38.59,-87.565,0,0,0,0,0,0,"",0,0,0,0,3597.116,3598.381,,,0,0
44,2,1,0,2,0,1,2,1,1,0,3,5,255,26,3615.88,"アリアル",R,0,82,134,-2.118,0.713,0.546,1.468,-0.938,2.068,-36.672,13.004,2,0,0,0,0,0,0,1,0,0,L,"ʚEveɞ",190,80,0.347,3,112,3616.9,202,97,71,49,8,138,98,-72.979,51.677,-0.18,0.097,-0.039,0,0.338,0.486,-37.362,0,"encounter v",-0.321,-17.25,0,"_이누_",-21.516,-47.516,86,"아침땅_",-12.462,-65.019,0,"Slaris",22.649,-50.727,0,"coder_",12.656,-65.456,0,"소솨소솨",37.44,-89.097,0,"ke ro",7.713,-111.537,0,"Sabo_10",-40.932,-92.475,0,3617.11,-0.936,-19.144,3620.491,2,"_이누_",-22.442,-35.938,0,0,,3627.88,3621.63,,32,2
45,2,1,0,2,0,2,2,1,1,0,3,5,255,27,3636.449,"アリアル",R,14,39,89,4.731,-2.029,0.712,1.327,1.265,0.915,-36.743,34.924,1,0,315.641,312.743,8.294,0.928,-19.376,0,0,0,L,"ʚEveɞ",190,80,0.347,0,112,0,0,0,0,0,0,0,0,0,0,0,0,0,0,0,0.345,-38.123,0,"encounter v",0.369,-18.725,0,"_이누_",-20.356,-45.241,0,"아침땅_",-9.356,-64.55,0,"Slaris",21.982,-48.253,0,"coder_",8.846,-65.481,0,"소솨소솨",40.834,-89.945,0,"ke ro",7.69,-111.828,0,"Sabo_10",-37.356,-88.047,0,0,0,0,0,0,"",0,0,0,0,3638.325,3640.343,,,0,0
46,2,1,0,2,1,2,2,1,1,0,3,5,255,28,3656.008,"アリアル",R,14,47,96,3.053,-1.538,0.683,1.291,0.529,1.198,-36.699,33.6,1,0,336.871,317.813,-26.321,0.674,-18.24,0,0,0,L,"ʚEveɞ",190,80,0.347,0,112,0,0,0,0,0,0,0,0,0,0,0,0,0,0,0,0.614,-37.923,0,"encounter v",-0.274,-19.216,0,"_이누_",-20.392,-43.849,0,"아침땅_",-7.952,-64.621,0,"Slaris",21.938,-46.9,0,"coder_",9.311,-65.792,0,"소솨소솨",40.8,-90.942,0,"ke ro",6.962,-111.437,0,"Sabo_10",-38.188,-88.413,0,0,0,0,0,0,"",0,0,0,1,3657.839,3659.363,,,0,0
47,2,1,0,2,2,2,2,1,1,0,3,5,255,29,3672.602,"アリアル",R,0,86,139,0.716,-0.233,0.726,1.259,0.291,1.478,-36.654,26.907,0,0,0,0,0,0,0,0,0,0,L,"ʚEveɞ",190,80,0.347,0,112,0,0,0,0,0,0,0,0,0,0,0,0,0,0,0,0.441,-37.539,0,"encounter v",-0.595,-19.147,0,"_이누_",-21.178,-45.713,0,"아침땅_",-9.42,-65.025,0,"Slaris",21.754,-48.73,0,"coder_",9.976,-65.307,0,"소솨소솨",41.289,-89.664,0,"ke ro",8.839,-112.97,0,"Sabo_10",-38.777,-90.226,0,0,0,0,0,0,"",0,0,0,1,3674.193,3676.08,,,0,0
48,2,0,0,2,0,0,0,0,0,0,255,255,255,17,3847.725,"ʚEveɞ",R,26,89,140,1.44,0.956,0.252,1.871,0.469,1.916,-36.511,31.261,2,0,143.854,-200,25.081,0,0,1,7,7,R,"ke ro",165.4,83,0.402,3,111,3848.693,188,156,76,62,40,144,85,64.817,-26.913,-0.63,-0.017,-0.042,0,0.605,-0.171,-36.817,0,"Pring__",0.095,-17.111,0,"Megu3568",-18.52,-44.253,0,"Fresh825",-13.476,-62.143,0,"인생최패망자",18.39,-50.489,0,"とりらむ",10.271,-64.857,85,"IbikiKai_JP",49.45,-97.11,0,"Yaksok~",-5.916,-105.271,0,"SOM_candy",-42.388,-76.874,0,3854.721,17.445,-54.885,3854.86,5,"とりらむ",17.047,-54.081,0,0,,,,,33,1
49,2,0,0,2,0,0,1,0,0,0,255,255,255,18,3874.952,"ʚEveɞ",R,14,67,109,1.638,0.969,0.174,2.051,0.108,2.535,-36.401,29.062,2,0,386.885,312.348,6.777,0,0,1,8,6,R,"소솨소솨",174.9,80,0.2,3,111,3876.041,171,122,91,60,0,145,90,62.718,-50.362,-0.55,0.08,-0.031,0,0.622,0.201,-36.679,0,"Pring__",0.106,-17.123,0,"Megu3568",-18.756,-45.081,0,"Fresh825",-14.804,-63.47,0,"인생최패망자",21.584,-53.481,0,"とりらむ",10.459,-64.086,0,"IbikiKai_JP",50.656,-97.603,0,"Yaksok~",-3.076,-108.487,0,"SOM_candy",-35.907,-75.594,0,3881.943,46.662,-57.691,0,0,"",0,0,0,0,,,,,1,3
50,2,0,0,2,0,1,1,0,0,0,255,255,255,19,3898.786,"ʚEveɞ",R,27,91,140,1.281,1.011,0.233,1.913,0.383,2.049,-36.419,29.171,0,0,126.007,-142.905,8.179,0,0,0,8,6,R,"소솨소솨",174.9,80,0.2,0,110,0,0,0,0,0,0,0,0,0,0,0,0,0,0,0,0.001,-37.087,0,"Pring__",0.092,-17.033,0,"Megu3568",-18.726,-45.425,0,"Fresh825",-14.598,-63.907,0,"인생최패망자",21.87,-53.243,0,"とりらむ",12.603,-64.393,0,"IbikiKai_JP",51.716,-96.974,0,"Yaksok~",-4.759,-105.204,0,"SOM_candy",-39.274,-82.283,0,0,0,0,0,0,"",0,0,0,0,3900.193,,,,0,0
51,2,0,0,2,0,2,1,0,0,0,255,255,255,20,3910.831,"ʚEveɞ",R,10,70,114,0.171,-0.78,0.166,1.804,0.07,1.666,-36.35,9.796,2,0,0,400,-6.506,0,0,1,8,6,R,"소솨소솨",174.9,80,0.2,3,110,3911.846,255,132,138,43,18,145,127,19.296,-14.369,0.56,-0.058,-0.134,0,0.525,0.007,-36.418,0,"Pring__",0.069,-17.171,0,"Megu3568",-18.649,-45.33,0,"Fresh825",-14.886,-63.805,0,"인생최패망자",21.775,-53.34,0,"とりらむ",11.508,-64.922,0,"IbikiKai_JP",38.847,-95.565,0,"Yaksok~",-4.732,-105.193,0,"SOM_candy",-41.975,-84.556,0,3917.554,31.533,-140.631,0,0,"",0,0,0,0,,3921.974,3926.797,,1,4
52,2,0,0,3,0,0,1,0,0,0,255,255,255,21,3950.228,"ʚEveɞ",R,3,89,128,-3.241,0.081,-0.019,1.802,-0.79,1.66,-36.338,9.452,1,0,-423.646,25.072,13.057,0,0,0,0,5,R,"coder_",163.9,80,0.3,0,110,0,0,0,0,0,0,0,0,0,0,0,0,0,0,0,-0.077,-37.102,0,"Pring__",-0.2,-17.064,0,"Megu3568",-18.2,-43.886,0,"Fresh825",-13.664,-64.077,0,"인생최패망자",17.593,-49.479,0,"とりらむ",11.674,-64.727,0,"IbikiKai_JP",44.816,-95.864,0,"Yaksok~",-6.918,-107.844,0,"SOM_candy",-41.907,-85.192,0,0,0,0,0,0,"",0,0,0,0,3951.797,,,,0,0
53,2,0,0,3,1,0,1,0,0,0,255,255,255,22,3961.567,"ʚEveɞ",R,32,94,140,0.797,-0.034,0.18,1.745,0.135,1.446,-36.361,22.891,2,0,158.612,-130.865,23.272,0,0,1,0,5,R,"coder_",163.9,80,0.3,3,110,3962.626,150,114,162,78,38,145,109,26.272,14.946,0.61,-0.17,-0.03,0,0.136,-0.108,-36.851,0,"Pring__",0.1,-17.159,0,"Megu3568",-17.896,-43.895,0,"Fresh825",-11.752,-60.109,88,"인생최패망자",17.512,-49.581,0,"とりらむ",11.695,-64.751,0,"IbikiKai_JP",43.889,-97.452,0,"Yaksok~",-6.5,-108.038,91,"SOM_candy",-42.181,-82.897,0,3967.214,-21.761,-107.762,3967.707,7,"Yaksok~",-22.216,-109.71,1,0,,,,,265,2
54,2,0,0,3,0,0,1,1,0,0,15,255,255,23,3997.562,"ʚEveɞ",R,26,91,140,-0.488,-0.264,0.06,1.683,-0.422,1.272,-36.387,22.494,0,0,157.373,-200,19.142,0,0,0,1,4,R,"Slaris",190,86.36,0.452,0,110,0,0,0,0,0,0,0,0,0,0,0,0,0,0,0,-0.146,-37.15,0,"Pring__",-0.125,-18,0,"Megu3568",-19.551,-42.478,0,"Fresh825",-13.871,-63.715,0,"인생최패망자",22.093,-54.302,0,"とりらむ",4.882,-64.065,0,"IbikiKai_JP",43.435,-93.239,0,"Yaksok~",-9.527,-108.693,0,"SOM_candy",-59.683,-99.802,0,0,0,0,0,0,"",0,0,0,0,3998.929,,,,0,0
55,2,0,0,3,0,1,1,1,0,0,15,255,255,24,4018.734,"ʚEveɞ",R,3,85,127,-2.842,-0.031,0.012,1.778,-0.645,1.582,-36.321,15.902,1,0,-399.997,0,8.04,0,0,0,1,4,R,"Slaris",190,86.36,0.452,0,110,0,0,0,0,0,0,0,0,0,0,0,0,0,0,0,-0.037,-37.137,0,"Pring__",-0.512,-18.079,0,"Megu3568",-19.872,-42.976,0,"Fresh825",-12.926,-62.734,0,"인생최패망자",21.559,-52.681,0,"とりらむ",5.312,-64.339,0,"IbikiKai_JP",44.63,-94.965,0,"Yaksok~",-9.447,-109.565,0,"SOM_candy",-61.912,-97.358,0,0,0,0,0,0,"",0,0,0,0,4020.228,,,,0,0
56,2,0,0,3,1,1,1,1,0,0,15,255,255,25,4033.347,"ʚEveɞ",R,26,90,140,1.472,-0.121,0.25,1.709,0.459,1.359,-36.331,29.867,2,0,141.47,-200,27.63,0,0,1,1,4,R,"Slaris",190,86.36,0.452,3,110,4034.263,209,102,153,120,55,145,101,0.544,-17.587,-0.29,0.003,-0.027,0,0.253,0.119,-36.63,0,"Pring__",0.11,-17.284,0,"Megu3568",-18.636,-43.175,90,"Fresh825",-11.882,-62.741,105,"인생최패망자",21.098,-54.288,0,"とりらむ",8.122,-65.249,103,"IbikiKai_JP",44.812,-98.185,0,"Yaksok~",-8.313,-109.233,0,"SOM_candy",-62.959,-96.741,0,4035.04,6.112,-39.292,4036.408,5,"とりらむ",12.442,-61.007,0,0,,4037.918,4044.343,,292,2
57,3,1,0,3,1,0,0,0,0,0,255,255,255,30,4103.867,"アリアル",R,14,52,99,2.431,-0.89,0.677,1.296,0.294,1.614,-36.601,30.353,4,0,333.726,335.414,-32.77,0,0,1,1,1,L,"Pring__",190,94.516,0.485,0,109,0,0,0,0,0,0,0,0,0,0,0,0,0,0,0,0.47,-37.689,0,"encounter v",-0.17,-17.769,0,"_이누_",-21.438,-46.652,0,"아침땅_",-10.865,-65.395,0,"Slaris",23.034,-52.026,0,"coder_",13.837,-67.607,0,"소솨소솨",41.186,-94.172,0,"ke ro",2.433,-114.337,0,"Sabo_10",-42.355,-97.416,0,0,0,0,0,0,"",0,0,0,0,4105.38,,,,0,0
58,3,1,0,3,1,1,0,0,0,0,255,255,255,32,4123.451,"アリアル",R,6,55,102,4.647,0.835,0.875,1.475,1.007,2.16,-36.636,28.599,2,0,463.636,0,34.592,0,0,1,1,1,L,"Pring__",190,94.516,0.485,3,109,4124.374,249,96,83,96,73,145,130,27.242,-6.958,0.59,-0.026,-0.032,0,0.599,0.581,-37.237,0,"encounter v",0.221,-17.313,0,"_이누_",-21.636,-48.947,0,"아침땅_",-11.428,-65.337,0,"Slaris",23.031,-51.945,0,"coder_",11.311,-67.146,0,"소솨소솨",41.371,-92.821,0,"ke ro",1.14,-114.474,0,"Sabo_10",-45,-98.077,0,4130.422,15.412,-142.42,0,0,"",0,0,0,0,,4134.892,4141.009,,0,4
59,3,1,1,3,0,0,0,0,0,0,255,255,255,33,4166.122,"アリアル",R,3,85,125,-4.794,-1.276,0.509,1.176,-1.311,0.878,-36.714,34.36,1,0,-493.601,0,22.345,-1.48,-18.033,0,2,2,R,"Megu3568",175,86,0.404,0,109,0,0,0,0,0,0,0,0,0,0,0,0,0,0,0,0.427,-38.032,0,"encounter v",-1.151,-18.075,0,"_이누_",-23.643,-47.45,0,"아침땅_",-14.709,-63.378,0,"Slaris",22.446,-51.477,0,"coder_",10.167,-66.026,0,"소솨소솨",36.308,-88.806,0,"ke ro",-4.437,-105.19,0,"Sabo_10",-44.564,-88.829,0,0,0,0,0,0,"",0,0,0,0,4168.749,,,,0,0
60,3,1,1,3,1,0,0,0,0,0,255,255,255,34,4182.12,"アリアル",R,3,85,125,-1.697,-0.103,0.68,1.289,0.043,1.556,-36.721,27.038,4,0,-500,0,8.669,0,0,1,2,2,R,"Megu3568",175,86,0.404,0,109,0,0,0,0,0,0,0,0,0,0,0,0,0,0,0,0.584,-37.309,0,"encounter v",-0.317,-17.039,0,"_이누_",-23.381,-46.414,0,"아침땅_",-15.01,-63.198,0,"Slaris",22.608,-51.346,0,"coder_",10.007,-66.265,0,"소솨소솨",36.32,-88.871,0,"ke ro",-4.427,-105.166,0,"Sabo_10",-42.701,-85.809,0,0,0,0,0,0,"",0,0,0,0,4183.707,,,,0,0
61,3,1,1,3,1,1,0,0,0,0,255,255,255,35,4196.215,"アリアル",R,14,51,99,4.08,-2.45,0.697,1.194,0.896,0.23,-36.691,42.567,3,0,339.75,327.863,1.861,0.656,-21.783,0,2,2,R,"Megu3568",175,86,0.404,0,109,0,0,0,0,0,0,0,0,0,0,0,0,0,0,0,0.435,-37.45,0,"encounter v",-0.016,-19.284,0,"_이누_",-23.716,-47.084,0,"아침땅_",-14.79,-63.27,0,"Slaris",22.636,-51.296,0,"coder_",10.454,-66.392,0,"소솨소솨",36.365,-88.896,0,"ke ro",-4.438,-105.198,0,"Sabo_10",-44.028,-91.203,0,0,0,0,0,0,"",0,0,0,0,4198.776,,,,0,6
62,3,1,1,3,0,0,0,1,0,0,2,255,255,36,4242.623,"アリアル",R,0,86,140,0.494,0.686,0.675,1.396,0.195,1.986,-36.581,17.841,2,0,0,0,0,0,0,1,3,7,R,"Yaksok~",164.7,95.241,0.261,3,108,4243.454,139,135,17,35,0,45,50,23.037,23.555,-0.09,-0.027,0.012,0,0.449,0.618,-37.032,0,"encounter v",-0.076,-17.471,0,"_이누_",-20.404,-45.903,71,"아침땅_",-13.364,-63.028,0,"Slaris",20.88,-49.995,0,"coder_",6.306,-65.856,0,"소솨소솨",33.172,-86.416,0,"ke ro",0.289,-103.094,0,"Sabo_10",-44.23,-91.622,0,4245.957,-10.653,-43.855,4247.165,3,"아침땅_",-13.311,-50.027,1,8,,4248.072,,,96,2
63,3,1,1,3,0,0,0,1,1,0,7,2,255,37,4278.838,"アリアル",R,3,73,119,-1.087,0.403,0.753,1.412,-0.02,1.84,-36.62,24.117,2,0,-282.83,0,18.792,0,0,1,4,8,L,"SOM_candy",170.3,98.339,0.503,3,52,4279.995,122,79,50,95,53,132,82,51.016,47.279,-0.47,-0.028,0.089,0,0.183,0.626,-37.052,0,"encounter v",-0.255,-17.3,0,"_이누_",-20.376,-48.401,0,"아침땅_",-11.996,-63.189,0,"Slaris",21.004,-48.38,0,"coder_",9.935,-62.153,0,"소솨소솨",40.085,-86.744,0,"ke ro",8.815,-109.703,0,"Sabo_10",-42.957,-88.625,92,4284.755,-44.738,-62.807,4285.908,8,"Sabo_10",-49.741,-67.661,0,0,,4292.607,4287.519,,4,2
64,3,1,1,3,0,1,0,1,1,0,7,2,255,38,4311.455,"アリアル",R,14,44,94,3.389,-2.601,0.636,1.287,0.685,0.743,-36.708,33.438,1,0,333.644,312.348,-12.214,0.642,-20.013,0,4,8,L,"SOM_candy",170.3,98.339,0.503,0,52,0,0,0,0,0,0,0,0,0,0,0,0,0,0,0,0.465,-38.056,0,"encounter v",0.032,-17.686,0,"_이누_",-22.269,-44.652,0,"아침땅_",-8.093,-63.604,0,"Slaris",21.401,-47.627,0,"coder_",9.666,-62.195,0,"소솨소솨",38.907,-86.082,0,"ke ro",6.373,-108.766,0,"Sabo_10",-40.649,-86.235,0,0,0,0,0,0,"",0,0,0,0,4313.304,4314.384,,,0,0
65,3,1,1,3,1,1,0,1,1,0,7,2,255,39,4327.723,"アリアル",R,0,82,134,-1.952,0.221,0.515,1.368,-0.865,1.737,-36.621,20.695,2,0,0,0,0,0,0,1,4,8,L,"SOM_candy",170.3,98.339,0.503,3,52,4328.813,70,33,93,52,14,106,63,-13.258,9.318,-0.87,-0.032,0.013,0,0.194,0.532,-37.191,92,"encounter v",-0.175,-17.297,0,"_이누_",-21.485,-46.441,94,"아침땅_",-10.858,-63.279,0,"Slaris",21.387,-47.83,0,"coder_",12.281,-63.197,0,"소솨소솨",39.533,-87.333,0,"ke ro",7.22,-108.621,0,"Sabo_10",-41.932,-89.417,0,4329.089,-0.998,-22.887,4330.54,0,"アリアル",-2.36,-36.927,0,0,,4333.017,4333.073,,34,2
66,3,1,1,3,0,0,1,0,1,1,255,7,2,40,4369.49,"アリアル",R,14,49,97,1.611,-2.348,0.526,1.283,-0.024,0.87,-36.714,29.828,1,0,318.28,346.014,-19.092,0.315,-19.672,0,5,5,R,"とりらむ",175.1,80,0.652,0,107,0,0,0,0,0,0,0,0,0,0,0,0,0,0,0,0.473,-37.658,0,"encounter v",-0.197,-18.53,0,"_이누_",-21.828,-45.116,0,"아침땅_",-13.668,-63.561,0,"Slaris",21.057,-46.745,0,"coder_",7.442,-60.937,0,"소솨소솨",33.535,-85.587,0,"ke ro",-2.23,-104.996,0,"Sabo_10",-40.356,-85.363,0,0,0,0,0,0,"",0,0,0,0,4371.346,4372.558,4371.742,,0,0
67,3,1,1,3,1,0,1,0,1,1,255,7,2,41,4385.551,"アリアル",R,0,84,137,0.745,0.538,0.725,1.386,0.304,1.928,-36.641,21.876,0,0,0,0,0,0,0,0,5,5,R,"とりらむ",175.1,80,0.652,0,107,0,0,0,0,0,0,0,0,0,0,0,0,0,0,0,0.572,-37.677,0,"encounter v",-0.233,-17.223,0,"_이누_",-21.264,-45.169,0,"아침땅_",-14.768,-63,0,"Slaris",20.765,-47.786,0,"coder_",9.339,-60.325,0,"소솨소솨",35.598,-88.539,0,"ke ro",-2.216,-104.965,0,"Sabo_10",-40.193,-84.367,0,0,0,0,0,0,"",0,0,0,0,4387.124,4388.323,4388.211,,0,0
68,3,1,1,3,1,1,1,0,1,1,255,7,2,42,4413.607,"アリアル",R,10,47,98,0.603,-1.437,0.546,1.242,-0.012,1.45,-36.573,29.112,2,0,121.253,400,-26.03,0,0,1,5,5,R,"とりらむ",175.1,80,0.652,3,41,4414.805,200,142,114,101,89,145,128,-6.584,-11.32,0.35,-0.059,-0.09,0,0.783,0.727,-36.987,0,"encounter v",-0.206,-17.584,0,"_이누_",-21.782,-46.99,0,"아침땅_",-15.13,-62.888,0,"Slaris",21.092,-49.365,85,"coder_",9.532,-61.815,98,"소솨소솨",34.224,-89.366,0,"ke ro",-2.224,-104.975,0,"Sabo_10",-42.792,-85.067,0,4414.971,0.832,-24.277,4416.353,5,"coder_",7.854,-57.351,1,12,4419.026,4426.513,4419.394,,83,2
69,3,0,1,3,0,0,0,0,0,0,255,255,255,26,4479.458,"ʚEveɞ",R,26,86,140,-2.627,0.583,-0.087,1.854,-1.108,1.833,-36.355,17.506,4,0,35.829,-199.586,19.665,0.284,-20.457,1,2,8,L,"Sabo_10",184.8,90,0.552,0,107,0,0,0,0,0,0,0,0,0,0,0,0,0,0,0,-0.174,-37.207,0,"Pring__",0.12,-18.461,0,"Megu3568",-18.954,-44.235,0,"Fresh825",-9.94,-67.333,0,"인생최패망자",23.502,-50.765,0,"とりらむ",13.656,-61.741,0,"IbikiKai_JP",58.427,-102.169,0,"Yaksok~",11.055,-103.847,0,"SOM_candy",-33.458,-98.395,0,0,0,0,0,0,"",0,0,0,0,4483.061,,,,0,0
70,3,0,1,3,0,1,0,0,0,0,255,255,255,27,4497.531,"ʚEveɞ",R,14,76,115,0.659,-0.809,0.074,1.75,-0.358,1.485,-36.348,13.505,2,0,390.434,312.348,46.823,0,0,1,2,8,L,"Sabo_10",184.8,90,0.552,3,106,4498.727,173,82,128,111,55,145,128,25.83,-31.667,0.51,0.059,-0.123,0,0.591,0.08,-36.533,0,"Pring__",0.086,-17.333,0,"Megu3568",-18.731,-44.21,0,"Fresh825",-9.564,-66.726,0,"인생최패망자",24.569,-51.101,0,"とりらむ",13.682,-62.509,0,"IbikiKai_JP",58.151,-102.125,0,"Yaksok~",11.049,-103.891,0,"SOM_candy",-35.523,-98.566,0,4503.79,78.367,-104.47,0,0,"",0,0,0,0,,4509.061,4514.022,,1,4
71,3,0,1,4,0,0,0,0,0,0,255,255,255,28,4545.428,"ʚEveɞ",R,26,84,137,-1.682,-1.172,-0.062,1.506,-0.991,0.699,-36.275,15.33,2,0,198.137,-200,0,0,0,1,3,9,L,"눈꽃",190,90,0.5,3,106,4546.583,255,111,129,127,87,145,113,28.284,-38.199,0.84,0.009,-0.086,0,0.396,-0.328,-36.53,0,"Pring__",-0.057,-17.319,0,"Megu3568",-18.92,-44.761,0,"Fresh825",-9.738,-66.588,85,"인생최패망자",23.253,-50.647,0,"とりらむ",13.853,-62.642,0,"IbikiKai_JP",52.979,-97.979,85,"Yaksok~",14.161,-114.174,0,"SOM_candy",-35.772,-110.843,0,4551.054,63.479,-89.557,4551.54,6,"IbikiKai_JP",64.93,-91.049,1,8,,4557.321,,,385,2
72,3,0,1,4,0,0,1,0,0,0,255,255,255,29,4589.07,"ʚEveɞ",R,27,91,140,-10674.21,1892.177,-0.028,1.769,-0.832,1.553,-36.303,19.566,2,0,45.628,-141.401,0,0,0,1,4,1,L,"encounter v",190,90.209,0.497,3,106,4590.15,255,26,126,68,43,145,90,-9.548,-28.874,-0.84,-0.006,-0.092,0,0.381,-0.172,-36.777,0,"Pring__",-0.045,-17.166,0,"Megu3568",-18.671,-45.612,107,"Fresh825",-7.691,-65.198,0,"인생최패망자",22.951,-49.807,120,"とりらむ",13.807,-64.039,0,"IbikiKai_JP",48.06,-96.053,0,"Yaksok~",16.313,-113.101,0,"SOM_candy",-38.626,-105.676,0,4590.443,2.55,-24.069,4592.096,4,"인생최패망자",16.23,-47.528,0,0,,,,,69,2
73,3,0,1,4,0,0,2,0,0,0,255,255,255,30,4707.67,"ʚEveɞ",R,13,88,126,-1.917,-1.259,0.254,1.754,0.48,1.503,-36.396,24.261,2,0,-400.174,299.767,0,0,0,1,5,2,R,"_이누_",190,90.187,0.45,3,105,4708.949,178,78,151,68,29,145,107,-12.143,20.251,0.92,-0.027,-0.066,0,0.248,-0.09,-37.034,0,"Pring__",-0.002,-17.227,0,"Megu3568",-18.85,-44.882,0,"Fresh825",-15.373,-62.908,84,"인생최패망자",21.515,-54.738,0,"とりらむ",10.189,-63.491,0,"IbikiKai_JP",38.116,-99.808,0,"Yaksok~",-6.849,-105.959,0,"SOM_candy",-41.189,-75.599,0,4709.158,-1.174,-22.483,4710.936,3,"Fresh825",-12.587,-56.837,0,0,,,,,260,2
74,4,1,1,4,0,0,0,0,0,0,255,255,255,43,4758.898,"アリアル",R,0,80,131,-0.696,1.036,0.658,1.497,-0.322,2.268,-36.675,14.86,2,0,0,0,0,0,0,1,6,4,R,"인생최패망자",190,80,0.351,3,105,4759.998,201,116,133,107,54,145,90,61.645,-50.444,-0.84,0.003,0.006,0,0.253,0.652,-37.147,0,"encounter v",-0.051,-17.389,0,"_이누_",-20.84,-44.887,0,"아침땅_",-14.659,-63.694,0,"Slaris",20.667,-51.032,0,"coder_",10.223,-66.059,0,"소솨소솨",37.594,-92.768,0,"ke ro",0.55,-110.698,0,"Sabo_10",-41.078,-85.949,0,4765.707,50.069,-51.853,0,0,"",0,0,0,0,,,,,0,3
75,4,1,1,4,0,1,0,0,0,0,255,255,255,44,4781.345,"アリアル",R,0,86,140,2.931,2.45,0.86,1.72,1.251,3.159,-36.732,26.791,1,0,0,0,0,0,0,0,6,4,R,"인생최패망자",190,80,0.351,0,85,0,0,0,0,0,0,0,0,0,0,0,0,0,0,0,0.568,-37.515,0,"encounter v",-0.046,-17.342,0,"_이누_",-22.045,-45.53,0,"아침땅_",-14.481,-63.986,0,"Slaris",22.845,-52.018,0,"coder_",12.848,-66.924,0,"소솨소솨",45.159,-90.875,0,"ke ro",0.956,-108.68,0,"Sabo_10",-37.167,-83.18,0,0,0,0,0,0,"",0,0,0,0,4782.999,,,,0,0
76,4,1,1,4,1,1,0,0,0,0,255,255,255,45,4797.184,"アリアル",R,0,85,139,-1.282,0.91,0.559,1.476,-0.574,2.188,-36.641,13.66,2,0,0,0,0,0,0,1,6,4,R,"인생최패망자",190,80,0.351,3,85,4798.242,255,87,154,89,57,145,96,27.844,-38.701,-0.54,-0.025,-0.033,0,0.258,0.541,-37.13,0,"encounter v",-0.054,-17.442,0,"_이누_",-22.238,-47.719,0,"아침땅_",-14.785,-63.58,0,"Slaris",22.709,-51.934,105,"coder_",11.112,-65.944,0,"소솨소솨",45.262,-90.908,108,"ke ro",0.951,-108.711,0,"Sabo_10",-39.944,-86.316,0,4803.214,51.248,-86.778,4803.408,6,"소솨소솨",49.354,-84.349,0,0,,,,,258,1
77,4,1,1,4,0,0,1,0,0,0,255,255,255,46,4822.146,"アリアル",R,14,45,94,3.768,-2.766,0.637,1.266,1.015,0.453,-36.698,32.229,4,0,311.676,342.015,-1.07,1.008,-17.631,1,7,6,L,"IbikiKai_JP",172.6,90.478,0.5,0,105,0,0,0,0,0,0,0,0,0,0,0,0,0,0,0,0.649,-37.938,0,"encounter v",0.929,-18.034,0,"_이누_",-18.681,-45.818,0,"아침땅_",-10.668,-65.593,0,"Slaris",21.248,-49.355,0,"coder_",12.789,-65.235,0,"소솨소솨",41.258,-85.228,0,"ke ro",7.641,-101.609,0,"Sabo_10",-36.68,-85.198,0,0,0,0,0,0,"",0,0,0,0,4824.922,,,,0,0
78,4,1,1,4,0,1,1,0,0,0,255,255,255,47,4837.619,"アリアル",R,14,34,87,4.133,-1.262,0.731,1.344,1.061,1.578,-36.656,29.99,1,0,290.427,339.351,-5.162,0.881,-17.819,0,7,6,L,"IbikiKai_JP",172.6,90.478,0.5,0,105,0,0,0,0,0,0,0,0,0,0,0,0,0,0,0,0.617,-38.026,0,"encounter v",0.159,-17.251,0,"_이누_",-19.996,-45.875,0,"아침땅_",-10.98,-65.466,0,"Slaris",21.247,-49.333,0,"coder_",12.544,-65.244,0,"소솨소솨",41.341,-85.307,0,"ke ro",7.777,-103.83,0,"Sabo_10",-36.986,-84.262,0,0,0,0,0,0,"",0,0,0,0,4839.478,,,,0,0
79,4,1,1,4,1,1,1,0,0,0,255,255,255,48,4851.998,"アリアル",R,10,45,97,1.154,-2.039,0.655,1.274,0.485,1.194,-36.643,28.44,4,0,0,400,-28.87,0.18,-19.203,0,7,6,L,"IbikiKai_JP",172.6,90.478,0.5,0,105,0,0,0,0,0,0,0,0,0,0,0,0,0,0,0,0.564,-37.61,0,"encounter v",-0.021,-17.332,0,"_이누_",-18.58,-47.45,0,"아침땅_",-10.621,-65.567,0,"Slaris",21.271,-49.347,0,"coder_",12.393,-65.493,0,"소솨소솨",41.344,-85.308,0,"ke ro",8.067,-103.742,0,"Sabo_10",-36.72,-85.426,0,0,0,0,0,0,"",0,0,0,0,4853.867,,,,0,0
80,4,1,1,4,2,1,1,0,0,0,255,255,255,49,4866.192,"アリアル",R,0,88,140,0.554,-0.448,0.706,1.264,0.221,1.361,-36.639,27.24,2,0,0,0,0,0,0,1,7,6,L,"IbikiKai_JP",172.6,90.478,0.5,3,104,4867.233,189,49,57,43,32,136,96,-30,2.49,0.04,-0.002,-0.077,0,0.369,0.667,-36.891,0,"encounter v",-0.02,-17.437,0,"_이누_",-19.429,-47.924,85,"아침땅_",-10.854,-65.43,95,"Slaris",21.168,-49.277,0,"coder_",12.615,-65.29,0,"소솨소솨",41.396,-85.476,0,"ke ro",7.573,-103.533,0,"Sabo_10",-38.88,-87.642,0,4867.387,0.023,-20.864,4870.137,3,"아침땅_",-1.514,-65.503,1,0,,,,,96,2
81,4,1,1,4,0,0,1,1,0,0,6,255,255,50,4892.545,"アリアル",R,0,81,133,0.097,1.369,0.67,1.534,0.023,2.392,-36.583,17.337,1,0,0,0,0,0,0,0,8,3,L,"Fresh825",172.5,80,0.2,0,72,0,0,0,0,0,0,0,0,0,0,0,0,0,0,0,0.464,-37.614,0,"encounter v",-0.167,-17.318,0,"_이누_",-19.797,-45.182,0,"아침땅_",-8.976,-62.757,0,"Slaris",21.316,-49.311,0,"coder_",11.101,-64.962,0,"소솨소솨",39.152,-84.365,0,"ke ro",6.452,-101.352,0,"Sabo_10",-37.808,-82.475,0,0,0,0,0,0,"",0,0,0,0,4894.158,,,,0,0
82,4,1,1,4,1,0,1,1,0,0,6,255,255,51,4908.325,"アリアル",R,0,77,129,-1.796,0.829,0.535,1.45,-0.797,2.084,-36.563,14.416,1,0,0,0,0,0,0,0,8,3,L,"Fresh825",172.5,80,0.2,0,72,0,0,0,0,0,0,0,0,0,0,0,0,0,0,0,0.576,-37.516,0,"encounter v",0.147,-17.284,0,"_이누_",-18.932,-45.349,0,"아침땅_",-9.111,-62.78,0,"Slaris",21.19,-49.535,0,"coder_",12.818,-65.956,0,"소솨소솨",39.188,-84.324,0,"ke ro",7.927,-100.375,0,"Sabo_10",-37.701,-82.214,0,0,0,0,0,0,"",0,0,0,0,4909.943,,,,0,0
83,4,1,1,4,2,0,1,1,0,0,6,255,255,52,4921.084,"アリアル",R,0,87,140,2.248,0.576,0.816,1.365,0.955,1.946,-36.611,26.144,1,0,0,0,0,0,0,0,8,3,L,"Fresh825",172.5,80,0.2,0,72,0,0,0,0,0,0,0,0,0,0,0,0,0,0,0,0.591,-37.743,0,"encounter v",0.007,-17.417,0,"_이누_",-19.311,-46.806,0,"아침땅_",-8.42,-62.505,0,"Slaris",21.879,-50.358,0,"coder_",9.844,-66.037,0,"소솨소솨",39.189,-84.36,0,"ke ro",8.06,-101.73,0,"Sabo_10",-38.544,-84.359,0,0,0,0,0,0,"",0,0,0,0,4922.665,,,,0,0
84,4,1,1,4,3,0,1,1,0,0,6,255,255,53,4934.758,"アリアル",R,0,84,137,-0.112,0.756,0.624,1.422,-0.067,2.045,-36.493,18.123,0,0,0,0,0,0,0,0,8,3,L,"Fresh825",172.5,80,0.2,0,72,0,0,0,0,0,0,0,0,0,0,0,0,0,0,0,0.512,-37.495,0,"encounter v",-0.081,-17.224,0,"_이누_",-20.522,-42.951,0,"아침땅_",-8.707,-62.595,0,"Slaris",21.6,-50.266,0,"coder_",10.97,-65.606,0,"소솨소솨",39.17,-84.358,0,"ke ro",8.539,-102.889,0,"Sabo_10",-36.925,-82.657,0,0,0,0,0,0,"",0,0,0,0,4936.276,,,,0,0
85,4,1,1,4,3,1,1,1,0,0,6,255,255,54,4949.312,"アリアル",R,0,85,138,-0.611,-0.234,0.609,1.277,-0.284,1.483,-36.553,23.742,0,0,0,0,0,0,0,0,8,3,L,"Fresh825",172.5,80,0.2,0,72,0,0,0,0,0,0,0,0,0,0,0,0,0,0,0,0.429,-37.546,0,"encounter v",-0.11,-17.297,0,"_이누_",-21.361,-45.343,0,"아침땅_",-8.591,-61.983,0,"Slaris",22.042,-50.399,0,"coder_",9.979,-65.672,0,"소솨소솨",39.007,-84.456,0,"ke ro",8.542,-102.912,0,"Sabo_10",-36.873,-83.07,0,0,0,0,0,0,"",0,0,0,0,4950.922,,,,0,0
86,4,1,1,4,3,2,1,1,0,0,6,255,255,55,4962.899,"アリアル",R,0,87,140,0.601,1.021,0.702,1.452,0.242,2.198,-36.597,21.081,0,0,0,0,0,0,0,0,8,3,L,"Fresh825",172.5,80,0.2,0,72,0,0,0,0,0,0,0,0,0,0,0,0,0,0,0,0.606,-37.582,0,"encounter v",-0.512,-19.167,0,"_이누_",-21.135,-44.495,91,"아침땅_",-8.87,-62.207,0,"Slaris",22.026,-50.392,0,"coder_",9.66,-64.979,0,"소솨소솨",38.61,-84.964,0,"ke ro",8.622,-103.481,0,"Sabo_10",-36.719,-83.932,0,0,0,0,0,0,"",0,0,0,0,4964.408,,,,0,0
87,4,1,1,4,1,0,2,1,0,0,6,255,255,56,5033.506,"アリアル",R,10,39,91,2.621,-1.765,0.619,1.415,1.124,1.21,-36.707,21.164,1,0,0,400,-10.04,0.473,-18.956,0,0,0,L,"ʚEveɞ",190,80,0.347,0,76,0,0,0,0,0,0,0,0,0,0,0,0,0,0,0,0.452,-38.05,0,"encounter v",0.482,-20.997,0,"_이누_",-20.183,-43.44,0,"아침땅_",-9.876,-64.944,0,"Slaris",21.787,-51.398,0,"coder_",9.277,-65.27,0,"소솨소솨",41.919,-93.904,0,"ke ro",1.424,-111.1,0,"Sabo_10",-41.573,-86.448,0,0,0,0,0,0,"",0,0,0,0,5035.346,5037.122,,,0,0
88,4,1,1,4,2,0,2,0,1,0,255,6,255,57,5054.513,"アリアル",R,0,83,136,0.071,1.73,0.667,1.592,0.012,2.707,-36.693,16.79,4,0,0,0,0,0,0,1,0,0,L,"ʚEveɞ",190,80,0.347,0,76,0,0,0,0,0,0,0,0,0,0,0,0,0,0,0,0.594,-37.769,0,"encounter v",0.051,-17.301,0,"_이누_",-19.707,-44.929,0,"아침땅_",-8.291,-64.481,0,"Slaris",21.689,-51.667,0,"coder_",11.92,-65.435,0,"소솨소솨",46.909,-94.756,0,"ke ro",2.26,-112.658,0,"Sabo_10",-38.974,-86.805,0,0,0,0,0,0,"",0,0,0,0,5056.124,5058.102,,,0,0
89,4,1,1,4,2,1,2,0,1,0,255,6,255,58,5072.411,"アリアル",R,10,47,98,0.428,-1.41,0.553,1.265,-0.124,1.37,-36.626,27.981,4,0,136.415,400,-21.142,0,0,1,0,0,L,"ʚEveɞ",190,80,0.347,0,76,0,0,0,0,0,0,0,0,0,0,0,0,0,0,0,0.519,-37.819,0,"encounter v",0.613,-19.226,0,"_이누_",-21.137,-45.4,0,"아침땅_",-9.562,-64.544,0,"Slaris",22.875,-49.87,0,"coder_",11.011,-65.023,0,"소솨소솨",46.321,-96.172,0,"ke ro",3.188,-112.781,0,"Sabo_10",-38.643,-85.792,0,0,0,0,0,0,"",0,0,0,0,5074.214,5072.469,,,0,0
90,4,1,1,4,2,2,2,0,1,0,255,6,255,59,5119.513,"アリアル",R,0,82,135,-0.139,1.422,0.594,1.533,-0.078,2.514,-36.678,10.854,4,0,0,0,0,0,0,1,0,0,L,"ʚEveɞ",190,80,0.347,0,76,0,0,0,0,0,0,0,0,0,0,0,0,0,0,0,0.534,-37.768,0,"encounter v",-0.919,-19.875,0,"_이누_",-20.207,-45.71,0,"아침땅_",-10.073,-65.122,0,"Slaris",22.066,-50.28,0,"coder_",12.7,-65.066,0,"소솨소솨",43.724,-92.463,0,"ke ro",2.742,-113.227,0,"Sabo_10",-38.89,-85.27,0,0,0,0,0,0,"",0,0,0,1,5121.145,5122.195,,,0,0
91,4,0,1,4,0,0,0,0,0,0,255,255,255,31,5214.7,"ʚEveɞ",R,4,91,134,0.583,0.031,0.258,1.787,0.497,1.601,-36.388,29.265,0,0,-178.716,0,0,0,0,0,6,3,R,"아침땅_",160,94.757,0.5,0,103,0,0,0,0,0,0,0,0,0,0,0,0,0,0,0,0.1,-37.045,0,"Pring__",-0.007,-17.249,0,"Megu3568",-18.546,-45.125,0,"Fresh825",-13.482,-63.178,0,"인생최패망자",18.042,-49.116,0,"とりらむ",7.966,-64.213,0,"IbikiKai_JP",32.315,-91.698,0,"Yaksok~",-7.407,-104.167,0,"SOM_candy",-41.09,-72.827,0,0,0,0,0,0,"",0,0,0,0,5216.249,,,,0,0
92,4,0,1,4,0,1,0,0,0,0,255,255,255,32,5229.697,"ʚEveɞ",R,4,89,133,-2.743,-0.885,-0.044,1.678,-0.906,1.182,-36.238,9.47,1,0,-208.604,54.791,0,0,0,0,6,3,R,"아침땅_",160,94.757,0.5,0,103,0,0,0,0,0,0,0,0,0,0,0,0,0,0,0,-0.121,-37.136,0,"Pring__",-0.039,-17.276,0,"Megu3568",-18.61,-45.051,0,"Fresh825",-13.525,-63.232,0,"인생최패망자",18.802,-51.155,0,"とりらむ",8.201,-66.362,0,"IbikiKai_JP",32.326,-91.699,0,"Yaksok~",-6.663,-103.645,0,"SOM_candy",-43.71,-75.265,0,0,0,0,0,0,"",0,0,0,0,5231.186,,,,0,0
93,4,0,1,4,1,1,0,0,0,0,255,255,255,33,5245.863,"ʚEveɞ",R,13,83,122,-0.271,-0.618,0.241,1.814,0.418,1.707,-36.423,33.03,2,0,-349.488,357.573,0,0,0,1,6,3,R,"아침땅_",160,94.757,0.5,2,103,5246.851,157,30,101,88,50,145,121,-17.924,0.215,0.28,-0.023,-0.015,0,0.27,0,-36.754,0,"Pring__",0.011,-17.262,0,"Megu3568",-18.788,-45.308,0,"Fresh825",-13.538,-63.206,0,"인생최패망자",18.484,-51.436,0,"とりらむ",8.187,-66.364,85,"IbikiKai_JP",32.38,-91.755,0,"Yaksok~",-8.473,-102.781,89,"SOM_candy",-43.704,-75.504,0,5247.005,-0.069,-22.16,5250.151,7,"Yaksok~",-0.523,-90.854,1,0,5320.318,,,,123,2
94,4,0,1,4,0,0,0,1,0,0,13,255,255,0,5406.214,"인생최패망자",R,26,88,140,1.342,1.386,0.108,1.85,0.501,2.195,-36.491,22.071,1,0,60.052,-160.025,0,0,0,0,7,7,R,"ke ro",165.4,80,0.352,0,103,0,0,0,0,0,0,0,0,0,0,0,0,0,0,0,0.188,-37.694,0,"Pring__",-0.263,-17.587,0,"ʚEveɞ",-19.883,-44.571,0,"Fresh825",-12.571,-61.877,0,"Megu3568",18.061,-44.659,0,"とりらむ",8.442,-65.314,0,"IbikiKai_JP",38.86,-93.003,0,"Yaksok~",-4.782,-107.729,0,"SOM_candy",-40.578,-83.901,0,0,0,0,0,0,"",0,0,0,0,5407.617,,,,0,0
95,4,0,1,4,1,0,0,1,0,0,13,255,255,1,5424.627,"인생최패망자",R,6,74,102,2.622,0.961,0.027,1.918,0.237,2.131,-36.529,18.083,2,0,451.451,0,0,0,0,1,7,7,R,"ke ro",165.4,80,0.352,3,103,5425.704,221,154,59,96,71,138,128,-30,-39.057,0.61,-0.052,-0.035,0,0.559,0.381,-36.989,0,"Pring__",0.08,-17.166,0,"ʚEveɞ",-20.02,-46.227,0,"Fresh825",-12.214,-61.365,0,"Megu3568",18.036,-44.6,100,"とりらむ",7.507,-64.892,0,"IbikiKai_JP",39.332,-92.515,97,"Yaksok~",-5.951,-107.068,0,"SOM_candy",-42.88,-79.822,0,5425.88,2.03,-22.813,5432.103,6,"IbikiKai_JP",65.916,-85.709,1,0,,5430.054,5435.013,,196,2
96,4,0,1,4,0,0,0,0,1,1,255,16,12,2,5460.748,"인생최패망자",R,28,67,122,2.978,1.648,0.349,1.948,1.188,2.445,-36.73,51.765,4,0,58.479,-91.741,0,0,0,1,8,6,R,"소솨소솨",174.9,80,0.2,0,102,0,0,0,0,0,0,0,0,0,0,0,0,0,0,0,0.202,-37.409,0,"Pring__",0.017,-17.174,0,"ʚEveɞ",-23.907,-49.058,0,"Fresh825",-15.6,-63.073,0,"Megu3568",19.698,-41.508,0,"とりらむ",12.919,-62.19,0,"IbikiKai_JP",40.197,-89.379,0,"Yaksok~",-5.615,-107.652,0,"SOM_candy",-40.558,-80.108,0,0,0,0,0,0,"",0,0,0,0,5462.234,,5463.077,,0,0
97,4,0,1,4,0,1,0,0,1,1,255,16,12,3,5475.167,"인생최패망자",R,1,94,129,3.894,0.86,0.351,2.002,1.088,2.353,-36.681,41.222,4,0,0,0,0,0.275,-20.796,1,8,6,R,"소솨소솨",174.9,80,0.2,0,102,0,0,0,0,0,0,0,0,0,0,0,0,0,0,0,0.331,-37.448,0,"Pring__",-0.16,-18.336,0,"ʚEveɞ",-24.164,-48.405,0,"Fresh825",-15.353,-63.193,0,"Megu3568",19.68,-41.584,0,"とりらむ",11.247,-61.871,0,"IbikiKai_JP",39.763,-89.092,0,"Yaksok~",-5.899,-108.62,0,"SOM_candy",-38.847,-78.128,0,0,0,0,0,0,"",0,0,0,0,5478.422,5478.169,5477.505,,0,0
98,4,0,1,4,0,2,0,0,1,1,255,16,12,4,5496.799,"인생최패망자",R,0,94,140,2.575,1.626,0.235,1.948,1.095,2.513,-36.621,35.613,4,0,13.963,-26.383,0,0,0,1,8,6,R,"소솨소솨",174.9,80,0.2,0,102,0,0,0,0,0,0,0,0,0,0,0,0,0,0,0,0.134,-37.25,0,"Pring__",0.031,-17.143,0,"ʚEveɞ",-24.004,-49.423,0,"Fresh825",-15.422,-63.165,0,"Megu3568",18.95,-42.039,0,"とりらむ",11.452,-61.821,0,"IbikiKai_JP",37.874,-91.459,0,"Yaksok~",-6.938,-107.511,0,"SOM_candy",-44.991,-83.08,0,0,0,0,0,0,"",0,0,0,0,5498.262,,5499.252,,0,0
99,4,0,1,4,0,0,1,0,1,1,255,16,12,5,5519.1,"인생최패망자",R,27,86,140,0.486,1.035,0.027,1.806,0.125,2.036,-36.478,18.116,0,0,63.907,-119.564,0,0,0,1,0,5,R,"coder_",163.9,80,0.3,0,102,0,0,0,0,0,0,0,0,0,0,0,0,0,0,0,0.103,-37.532,0,"Pring__",0.046,-17.146,0,"ʚEveɞ",-24.404,-48.764,0,"Fresh825",-12.63,-59.272,0,"Megu3568",19.16,-40.702,0,"とりらむ",8.415,-62.866,0,"IbikiKai_JP",37.813,-91.688,0,"Yaksok~",-11.043,-107.282,0,"SOM_candy",-42.338,-80.552,0,0,0,0,0,0,"",0,0,0,0,5520.609,,5521.863,,0,0
100,4,0,1,4,0,1,1,0,1,1,255,16,12,6,5533.648,"인생최패망자",R,27,85,139,-2.355,0.549,-0.23,1.739,-1.07,1.784,-36.424,6.401,1,0,38.247,-109.084,0,0,0,0,0,5,R,"coder_",163.9,80,0.3,0,54,0,0,0,0,0,0,0,0,0,0,0,0,0,0,0,0.028,-37.496,0,"Pring__",0.006,-17.19,0,"ʚEveɞ",-23.34,-48.999,0,"Fresh825",-12.683,-59.347,0,"Megu3568",19.293,-42.302,0,"とりらむ",8.939,-64.528,0,"IbikiKai_JP",37.066,-90.571,0,"Yaksok~",-11.117,-105.95,0,"SOM_candy",-43.564,-81.672,0,0,0,0,0,0,"",0,0,0,0,5535.165,,5536.007,,0,0
101,4,0,1,4,1,1,1,0,1,1,255,16,12,7,5549.583,"인생최패망자",R,26,90,140,0.651,1.213,0.034,1.814,0.156,2.065,-36.47,16.498,2,0,94.592,-188.916,0,0,0,1,0,5,R,"coder_",163.9,80,0.3,3,54,5550.624,114,44,109,35,24,137,77,34.033,46.86,0.92,-0.174,-0.049,0,0.172,0.015,-37.01,0,"Pring__",0.063,-17.222,0,"ʚEveɞ",-22.209,-49.063,0,"Fresh825",-12.692,-59.263,0,"Megu3568",18.437,-43.247,0,"とりらむ",10.125,-64.351,0,"IbikiKai_JP",35.105,-87.768,0,"Yaksok~",-10.783,-103.41,0,"SOM_candy",-37.63,-76.288,95,5554.54,-42.408,-56.453,5556.672,-1,"집으로_",-52.042,-64.999,0,0,,5556.914,5552.324,,80,2
102,4,0,1,4,1,2,1,0,1,1,255,16,12,8,5575.401,"인생최패망자",R,10,75,105,0.02,-1.709,0.003,1.558,0.008,1.288,-36.574,29.13,2,0,0,400,0,0,0,1,0,5,R,"coder_",163.9,80,0.3,3,54,5576.523,202,91,129,141,56,145,92,25.43,-24.903,0.84,-0.2,-0.085,0,0.393,-0.337,-37.731,0,"Pring__",-0.582,-17.269,0,"ʚEveɞ",-22.343,-50,0,"Fresh825",-14.214,-61.913,0,"Megu3568",18.388,-42.767,0,"とりらむ",8.33,-64.285,0,"IbikiKai_JP",27.641,-88.635,86,"Yaksok~",-10.318,-103.826,0,"SOM_candy",-42.979,-78.548,0,5579.707,21.265,-77.052,5580.068,6,"IbikiKai_JP",21.144,-76.657,1,0,,5582.16,5579.14,,192,2
103,4,0,1,4,0,0,1,1,1,1,15,16,12,9,5610.026,"인생최패망자",R,27,77,129,3.634,1.08,0.306,1.866,1.425,2.177,-36.707,39.402,3,0,83.65,-131.549,0,0.642,-20.991,0,1,4,R,"Slaris",190,86.36,0.452,0,102,0,0,0,0,0,0,0,0,0,0,0,0,0,0,0,0.227,-37.533,0,"Pring__",0.032,-17.222,0,"ʚEveɞ",-23.463,-50.57,0,"Fresh825",-11.179,-62.229,0,"Megu3568",18.223,-43.448,0,"とりらむ",12.647,-61.203,0,"IbikiKai_JP",57.135,-100.212,0,"Yaksok~",-4.86,-111.266,0,"SOM_candy",-60.276,-98.972,0,0,0,0,0,0,"",0,0,0,0,5615.124,,5612.36,,0,6
104,4,0,1,5,0,0,1,1,1,1,13,14,16,10,5640.454,"인생최패망자",R,27,87,140,-0.775,0.926,-0.083,1.832,-0.385,2.08,-36.482,12.943,0,0,36.982,-104.06,0,0,0,0,2,8,L,"Sabo_10",184.8,90,0.552,0,101,0,0,0,0,0,0,0,0,0,0,0,0,0,0,0,0.05,-37.293,0,"Pring__",-0.074,-17.17,0,"ʚEveɞ",-23.281,-47.719,0,"Fresh825",-7.53,-67.216,0,"Megu3568",19.865,-41.866,0,"とりらむ",13.137,-60.726,0,"IbikiKai_JP",57.645,-99.621,0,"Yaksok~",16.106,-111.994,0,"SOM_candy",-29.089,-110.204,0,0,0,0,0,0,"",0,0,0,0,5641.895,5643.286,,,0,0
105,4,0,1,5,0,1,1,1,1,1,13,14,16,11,5658.915,"인생최패망자",R,0,71,110,1.205,-0.808,0.155,1.467,0.48,1.128,-36.493,16.668,0,0,21.801,0,0,0,0,0,2,8,L,"Sabo_10",184.8,90,0.552,0,101,0,0,0,0,0,0,0,0,0,0,0,0,0,0,0,0.146,-37.474,0,"Pring__",0.045,-17.576,0,"ʚEveɞ",-21.687,-46.164,0,"Fresh825",-7.273,-66.826,0,"Megu3568",19.459,-41.074,0,"とりらむ",14.35,-61.133,0,"IbikiKai_JP",57.348,-99.251,0,"Yaksok~",16.104,-111.983,0,"SOM_candy",-28.719,-108.023,0,0,0,0,0,0,"",0,0,0,0,5660.492,5661.576,,,0,0
106,4,0,1,5,0,2,1,1,1,1,13,14,16,12,5673.747,"인생최패망자",R,32,96,131,1.901,-1.852,0.188,1.11,0.582,0.334,-36.455,28.171,1,0,165.842,-161.931,0,0,0,0,2,8,L,"Sabo_10",184.8,90,0.552,0,101,0,0,0,0,0,0,0,0,0,0,0,0,0,0,0,0.171,-37.585,0,"Pring__",0.266,-17.132,0,"ʚEveɞ",-22.494,-46.568,0,"Fresh825",-7.261,-66.632,0,"Megu3568",19.825,-41.395,0,"とりらむ",14.715,-62.309,0,"IbikiKai_JP",57.272,-99.071,0,"Yaksok~",16.095,-111.943,0,"SOM_candy",-26.538,-102.987,0,0,0,0,0,0,"",0,0,0,0,5675.207,5676.13,,,0,0
107,4,0,1,5,1,2,1,1,1,1,13,14,16,13,5687.963,"인생최패망자",R,28,85,139,-0.505,1.345,-0.062,1.91,-0.291,2.34,-36.526,21.706,2,0,54.076,-92.864,0,0,0,1,2,8,L,"Sabo_10",184.8,90,0.552,3,101,5689.009,238,119,94,133,84,145,129,105.245,70.218,0.39,-0.01,-0.049,0,0.65,-0.041,-36.894,0,"Pring__",-0.077,-16.978,0,"ʚEveɞ",-22.551,-48.402,0,"Fresh825",-7.248,-66.732,0,"Megu3568",18.732,-42.278,0,"とりらむ",14.732,-62.294,0,"IbikiKai_JP",57.242,-98.989,0,"Yaksok~",16.114,-111.956,0,"SOM_candy",-30.075,-95.806,0,0,0,0,0,0,"",0,0,0,0,,5693.954,5692.851,,64,3
108,4,0,1,5,1,2,1,1,1,1,13,14,16,14,5734.97,"인생최패망자",R,10,68,100,2.197,-2.596,0.305,1.256,0.947,0.658,-36.527,27.551,1,0,0,400,0,0,0,0,2,8,L,"Sabo_10",184.8,90,0.552,0,101,0,0,0,0,0,0,0,0,0,0,0,0,0,0,0,0.245,-37.571,0,"Pring__",0.152,-16.984,0,"ʚEveɞ",-22.982,-47.928,0,"Fresh825",-6.817,-66.168,0,"Megu3568",19.575,-42.095,0,"とりらむ",12.846,-61.173,0,"IbikiKai_JP",61.449,-95.21,0,"Yaksok~",25.015,-110.716,0,"SOM_candy",-21.783,-104.857,0,0,0,0,0,0,"",0,0,0,0,5736.797,5737.582,5737.16,,0,0
109,4,0,1,5,2,2,1,1,1,1,13,14,16,15,5751.272,"인생최패망자",R,26,95,130,-2.647,0.209,-0.352,1.655,-1.092,1.545,-36.427,3.92,2,0,-34.974,-200,0,0,0,1,2,8,L,"Sabo_10",184.8,90,0.552,3,101,5752.351,148,98,144,87,32,145,91,28.681,-16.062,-0.68,0.019,-0.082,0,0.513,-0.317,-37.106,120,"Pring__",-0.089,-17.006,0,"ʚEveɞ",-22.555,-50.47,0,"Fresh825",-8.082,-67.42,0,"Megu3568",18.349,-43.276,0,"とりらむ",10.619,-61.427,0,"IbikiKai_JP",61.327,-95.207,0,"Yaksok~",25.023,-110.725,88,"SOM_candy",-22.03,-105.313,0,5757.172,29.796,-90.743,5757.561,7,"Yaksok~",29.862,-90.879,1,128,5762.665,5759.591,5754.232,5762.229,74,2
110,4,0,1,5,0,0,2,1,1,1,18,14,16,16,5788.39,"인생최패망자",R,26,98,134,-2.219,0.24,-0.334,1.683,-1.035,1.609,-36.382,5.897,2,0,55.81,-170.978,0,0,0,1,3,9,L,"눈꽃",190,90,0.5,3,101,5789.535,166,138,72,106,63,144,102,47.185,-46.066,-0.21,-0.043,-0.084,0,0.515,-0.313,-37.033,0,"Pring__",-0.146,-17.158,0,"ʚEveɞ",-23.495,-49.823,0,"Fresh825",-10.312,-66.41,0,"Megu3568",18.464,-44.696,0,"とりらむ",16.253,-62.396,0,"IbikiKai_JP",55.836,-97.858,0,"Yaksok~",26.779,-110.029,0,"SOM_candy",-23.604,-107.809,0,5794.999,64.383,-70.145,0,0,"",0,0,0,0,,5795.096,5795.206,,64,3
111,4,0,1,5,0,1,2,1,1,1,18,14,16,17,5810.273,"인생최패망자",R,13,69,98,-0.561,-1.962,0.126,1.375,0.392,0.943,-36.556,27.945,2,0,-301.797,367.76,0,0,0,1,3,9,L,"눈꽃",190,90,0.5,3,101,5811.556,0,0,0,0,0,0,45,-63.968,-51.93,0.91,0,0,0,0.366,-0.15,-37.131,0,"Pring__",0.096,-17.239,0,"ʚEveɞ",-22.634,-49.168,0,"Fresh825",-12.443,-65.018,0,"Megu3568",18.577,-43.482,107,"とりらむ",14.934,-62.421,0,"IbikiKai_JP",55.742,-91.772,0,"Yaksok~",0.07,-111.095,0,"SOM_candy",-41.26,-87.98,0,5811.714,0.093,-21.11,5815.158,4,"Megu3568",16.868,-32.181,0,0,5816.95,5822.23,5818.508,,70,2
112,4,0,1,5,0,2,2,1,1,1,18,14,16,18,5852.14,"인생최패망자",R,13,67,97,-1.484,-1.999,0.019,1.348,0.059,0.885,-36.462,28.494,1,0,-329.883,331.743,0,-0.344,-19.204,0,3,9,L,"눈꽃",190,90,0.5,0,101,0,0,0,0,0,0,0,0,0,0,0,0,0,0,0,-0.237,-37.324,0,"Pring__",-0.057,-17.298,0,"ʚEveɞ",-23.283,-49.343,0,"Fresh825",-12.127,-65.427,0,"Megu3568",19.259,-41.199,0,"とりらむ",16.354,-62.455,0,"IbikiKai_JP",53.891,-89.783,0,"Yaksok~",3.161,-109.732,0,"SOM_candy",-38.779,-84.726,0,0,0,0,0,0,"",0,0,0,0,5854.026,5855.368,5854.938,,0,0
113,4,0,1,5,1,2,2,1,1,1,18,13,14,19,5869.127,"인생최패망자",R,26,88,140,-1.615,0.208,-0.169,1.689,-0.788,1.604,-36.408,5.55,2,0,68.915,-159.002,0,0,0,1,3,9,L,"눈꽃",190,90,0.5,3,101,5870.268,159,107,80,106,43,145,90,18.396,12.383,-0.79,-0.024,-0.129,0,0.406,-0.13,-36.931,0,"Pring__",-0.132,-17.378,0,"ʚEveɞ",-23.501,-50.641,85,"Fresh825",-12.102,-65.484,0,"Megu3568",18.921,-44.901,0,"とりらむ",16.323,-62.479,0,"IbikiKai_JP",54.25,-90.187,0,"Yaksok~",1.598,-108.675,86,"SOM_candy",-41.983,-87.574,0,5874.27,-18.473,-87.096,5880.145,7,"Yaksok~",-32.768,-128.147,1,0,,5875.617,5874.383,5874.666,329,2
114,4,0,1,8,0,0,2,0,1,0,255,19,255,20,5914.287,"인생최패망자",R,26,86,140,-2.648,-0.073,-0.096,1.738,-0.448,1.764,-36.385,10.623,2,0,74.281,-200,0,0,0,1,4,1,L,"encounter v",190,90.209,0.497,3,100,5915.37,255,104,126,109,52,145,93,104.152,6.461,-0.67,-0.003,-0.119,0,0.494,0.087,-37.093,0,"Pring__",-0.065,-17.333,0,"ʚEveɞ",-23.594,-51.933,0,"Fresh825",-9.385,-66.813,0,"Megu3568",18.531,-44.26,0,"とりらむ",12.471,-63.429,0,"IbikiKai_JP",43.376,-91.476,0,"Yaksok~",11.791,-111.752,0,"SOM_candy",-39.192,-86.529,0,0,0,0,0,0,"",0,0,0,0,,5918.279,,,64,3
115,4,0,1,8,0,1,2,0,1,0,255,19,255,21,5935.784,"인생최패망자",R,26,96,140,-2.854,-0.92,-0.266,1.46,-1.239,0.865,-36.406,12.216,1,0,2.972,-200,0,-0.864,-17.495,0,4,1,L,"encounter v",190,90.209,0.497,0,45,0,0,0,0,0,0,0,0,0,0,0,0,0,0,0,-0.077,-37.759,0,"Pring__",-0.76,-17.638,0,"ʚEveɞ",-23.565,-50.268,0,"Fresh825",-11.088,-65.161,0,"Megu3568",18.884,-43.808,0,"とりらむ",16.081,-63.391,0,"IbikiKai_JP",54.53,-99.33,0,"Yaksok~",12.662,-106.96,0,"SOM_candy",-39.52,-86.75,0,0,0,0,0,0,"",0,0,0,0,5938.374,5939.211,,,0,0
116,4,0,1,8,1,1,2,0,1,0,255,19,255,22,5950.59,"인생최패망자",R,26,93,140,-1.961,0.18,-0.177,1.673,-0.823,1.553,-36.405,4.418,2,0,-19.955,-200,0,0,0,1,4,1,L,"encounter v",190,90.209,0.497,3,45,5951.683,188,82,141,85,35,145,127,28.446,12.143,0.27,-0.01,-0.105,0,0.532,-0.136,-37.023,0,"Pring__",-0.093,-17.18,0,"ʚEveɞ",-22.786,-52.087,0,"Fresh825",-10.046,-66.314,0,"Megu3568",18.702,-43.661,0,"とりらむ",15.623,-63.597,0,"IbikiKai_JP",54.485,-99.275,0,"Yaksok~",12.53,-108.47,0,"SOM_candy",-38.948,-87.483,89,5956.075,-7.75,-118.545,5964.242,8,"SOM_candy",-4.945,-118.033,1,0,,5961.893,5956.197,5961.38,84,2
117,4,0,1,9,0,0,2,0,0,1,255,255,11,23,6211.108,"인생최패망자",R,26,86,140,0.581,-0.072,0.04,1.629,0.184,1.412,-36.4,8.72,0,0,50.858,-181.447,0,0,0,1,5,2,R,"_이누_",190,90.187,0.45,0,100,0,0,0,0,0,0,0,0,0,0,0,0,0,0,0,0.149,-37.348,0,"Pring__",0.041,-17.102,0,"ʚEveɞ",-23.786,-53.05,0,"Fresh825",-13.676,-64.457,0,"Megu3568",19.584,-42.354,0,"とりらむ",9.764,-63.4,0,"IbikiKai_JP",45.783,-91.958,0,"Yaksok~",-9.703,-110.064,0,"SOM_candy",-40.987,-87.073,0,0,0,0,0,0,"",0,0,0,0,6212.707,,6213.486,,0,0
118,4,0,1,9,0,1,2,0,0,1,255,255,11,24,6227.82,"인생최패망자",R,27,80,131,1.973,0.65,0.159,1.784,0.739,1.913,-36.454,22.328,2,0,78.955,-111.092,0,0,0,1,5,2,R,"_이누_",190,90.187,0.45,3,100,6228.938,180,53,64,47,15,137,86,58.218,28.659,-0.78,-0.015,-0.059,0,0.138,0.219,-37.045,0,"Pring__",0.07,-17.082,0,"ʚEveɞ",-23.758,-53.308,0,"Fresh825",-13.652,-64.396,0,"Megu3568",18.427,-42.29,0,"とりらむ",8.9,-64.488,0,"IbikiKai_JP",45.39,-92.229,0,"Yaksok~",-9.727,-110.57,0,"SOM_candy",-43.06,-77.309,0,0,0,0,6234.895,3,"Fresh825",-23.778,-63.066,0,0,,,,6234.167,256,1
119,5,1,1,9,0,0,0,0,0,0,255,255,255,60,6283.018,"アリアル",R,14,33,87,1.125,-0.852,0.598,1.306,-0.21,1.727,-36.572,24.072,0,0,279.445,353.786,13.095,0,0,0,1,1,L,"Pring__",190,94.516,0.485,0,100,0,0,0,0,0,0,0,0,0,0,0,0,0,0,0,0.623,-37.689,0,"encounter v",-0.001,-17.219,0,"_이누_",-19.505,-47.587,0,"아침땅_",-12.123,-65.189,0,"Slaris",22.894,-52.908,0,"coder_",12.603,-69.371,0,"소솨소솨",47.492,-103.362,0,"ke ro",2.899,-114.938,0,"Sabo_10",-44.789,-95.232,0,0,0,0,0,0,"",0,0,0,0,6284.7,,,,0,0
120,5,1,1,9,0,1,0,0,0,0,255,255,255,61,6297.999,"アリアル",R,14,37,88,2.745,-1.652,0.69,1.277,0.467,1.209,-36.637,31.4,4,0,289.384,345.183,6,0.561,-18.55,1,1,1,L,"Pring__",190,94.516,0.485,0,100,0,0,0,0,0,0,0,0,0,0,0,0,0,0,0,0.499,-37.848,0,"encounter v",0.091,-17.68,0,"_이누_",-21.808,-47.351,0,"아침땅_",-11.799,-65.348,0,"Slaris",23.001,-52.817,0,"coder_",11.402,-69.245,0,"소솨소솨",47.518,-103.369,0,"ke ro",2.823,-114.924,0,"Sabo_10",-40.435,-88.217,0,0,0,0,0,0,"",0,0,0,0,6299.679,,,,0,0
121,5,1,1,9,0,2,0,0,0,0,255,255,255,62,6313.562,"アリアル",R,0,81,132,-0.571,1.613,0.604,1.598,-0.266,2.631,-36.677,20.307,2,0,0,0,0,0,0,1,1,1,L,"Pring__",190,94.516,0.485,3,100,6314.309,222,66,120,92,38,145,126,92.883,-61.259,0.26,-0.067,-0.027,0,0.443,0.557,-37.148,0,"encounter v",-0.133,-17.412,0,"_이누_",-21.747,-49.444,0,"아침땅_",-12.598,-64.943,0,"Slaris",23.105,-52.793,0,"coder_",10.562,-65.755,0,"소솨소솨",47.784,-103.053,0,"ke ro",2.864,-114.892,0,"Sabo_10",-46.379,-97.376,0,0,0,0,0,0,"",0,0,0,0,,,,,0,3
122,5,1,1,9,0,2,0,0,0,0,255,255,255,63,6333.901,"アリアル",R,14,54,101,3.139,-1.251,0.753,1.269,0.583,1.324,-36.632,34.908,4,0,358.49,312.348,-25.779,0,0,1,1,1,L,"Pring__",190,94.516,0.485,0,64,0,0,0,0,0,0,0,0,0,0,0,0,0,0,0,0.57,-37.858,0,"encounter v",-0.016,-20.772,0,"_이누_",-21.412,-47.942,0,"아침땅_",-8.694,-65.622,0,"Slaris",24.055,-53.101,0,"coder_",11.212,-66.007,0,"소솨소솨",47.021,-104.139,0,"ke ro",3.27,-115.991,0,"Sabo_10",-41.963,-94.743,0,0,0,0,0,0,"",0,0,0,2,6335.429,,,,0,0
123,5,1,1,9,0,0,1,0,0,0,255,255,255,64,6357.434,"アリアル",R,0,69,123,-4.883,-1.081,0.577,1.255,-2.117,0.984,-36.659,28.164,1,0,-15.558,0,10.549,0,0,0,2,4,R,"Megu3568",175,86,0.404,0,99,0,0,0,0,0,0,0,0,0,0,0,0,0,0,0,0.474,-37.961,0,"encounter v",-0.82,-17.83,0,"_이누_",-23.047,-47.762,0,"아침땅_",-15.229,-63.065,0,"Slaris",21.356,-50.841,0,"coder_",8.753,-66.884,0,"소솨소솨",36.911,-89.743,0,"ke ro",-7.608,-114.284,0,"Sabo_10",-48.06,-91.462,0,0,0,0,0,0,"",0,0,0,0,6359.117,,,,0,0
124,5,1,1,9,1,0,1,0,0,0,255,255,255,65,6370.712,"アリアル",R,0,84,137,1.044,1.051,0.729,1.478,0.433,2.222,-36.624,21.127,0,0,0,0,0,0,0,0,2,4,R,"Megu3568",175,86,0.404,0,99,0,0,0,0,0,0,0,0,0,0,0,0,0,0,0,0.573,-37.772,0,"encounter v",-0.162,-17.224,0,"_이누_",-22.167,-47.305,0,"아침땅_",-14.316,-63.743,0,"Slaris",21.355,-51.74,0,"coder_",9.462,-66.728,0,"소솨소솨",36.856,-89.725,0,"ke ro",-7.95,-111.8,0,"Sabo_10",-46.166,-90.374,0,0,0,0,0,0,"",0,0,0,0,6372.297,,,,0,0
125,5,1,1,9,1,1,1,0,0,0,255,255,255,66,6385.442,"アリアル",R,3,82,121,-4.158,-0.726,0.532,1.23,-0.992,1.197,-36.669,27.697,1,0,-500,0,15.481,0,0,0,2,4,R,"Megu3568",175,86,0.404,0,99,0,0,0,0,0,0,0,0,0,0,0,0,0,0,0,0.523,-38.01,0,"encounter v",-0.721,-17.62,0,"_이누_",-22.381,-46.132,0,"아침땅_",-15.501,-63.03,0,"Slaris",20.063,-52.557,0,"coder_",9.132,-66.874,0,"소솨소솨",36.914,-89.732,0,"ke ro",-7.161,-111.716,0,"Sabo_10",-44.698,-90.449,0,0,0,0,0,0,"",0,0,0,0,6387.109,,,,0,0
126,5,1,1,9,2,1,1,0,0,0,255,255,255,67,6400.029,"アリアル",R,0,87,140,1.562,-0.056,0.803,1.315,0.657,1.585,-36.629,29.35,1,0,0,0,0,0,0,0,2,4,R,"Megu3568",175,86,0.404,0,99,0,0,0,0,0,0,0,0,0,0,0,0,0,0,0,0.499,-37.368,0,"encounter v",-0.063,-17.366,0,"_이누_",-22.656,-47.608,0,"아침땅_",-14.382,-63.536,0,"Slaris",21.218,-51.304,0,"coder_",9.42,-66.612,0,"소솨소솨",36.891,-89.722,0,"ke ro",-6.862,-110.164,0,"Sabo_10",-43.553,-91.927,0,0,0,0,0,0,"",0,0,0,0,6401.658,,,,0,0
127,5,1,1,9,3,1,1,0,0,0,255,255,255,68,6412.975,"アリアル",R,0,84,138,-0.305,0.558,0.624,1.41,-0.151,1.938,-36.584,18.716,0,0,0,0,0,0,0,0,2,4,R,"Megu3568",175,86,0.404,0,99,0,0,0,0,0,0,0,0,0,0,0,0,0,0,0,0.469,-37.414,0,"encounter v",-0.11,-17.243,0,"_이누_",-21.857,-46.131,0,"아침땅_",-14.418,-63.62,0,"Slaris",21.013,-51.719,0,"coder_",9.314,-66.858,0,"소솨소솨",36.899,-89.726,0,"ke ro",-6.835,-110.063,0,"Sabo_10",-43.811,-91.837,0,0,0,0,0,0,"",0,0,0,0,6414.554,,,,0,0
128,5,1,1,9,3,2,1,0,0,0,255,255,255,69,6426.927,"アリアル",R,0,82,134,0.254,0.671,0.674,1.404,0.091,2.004,-36.622,22.989,0,0,0,0,0,0,0,1,2,4,R,"Megu3568",175,86,0.404,0,99,0,0,0,0,0,0,0,0,0,0,0,0,0,0,0,0.479,-37.405,0,"encounter v",-0.112,-17.674,0,"_이누_",-22.449,-46.549,0,"아침땅_",-14.443,-63.661,0,"Slaris",21.136,-52.591,0,"coder_",9.47,-66.507,0,"소솨소솨",36.924,-89.735,0,"ke ro",-6.83,-110.135,0,"Sabo_10",-43.433,-85.673,0,0,0,0,0,0,"",0,0,0,0,6428.561,,,,0,0
129,5,1,1,9,0,0,2,0,0,0,255,255,255,70,6448.78,"アリアル",R,0,80,131,-2.556,-1.021,0.547,1.213,-1.128,1.054,-36.695,29.056,1,0,0,0,0,0,0,0,3,7,R,"Yaksok~",164.7,95.241,0.261,0,99,0,0,0,0,0,0,0,0,0,0,0,0,0,0,0,0.455,-37.815,0,"encounter v",-0.216,-17.232,0,"_이누_",-22.645,-46.819,0,"아침땅_",-15.143,-63.055,0,"Slaris",21.211,-52.977,0,"coder_",3.154,-67.524,0,"소솨소솨",28.546,-80.533,0,"ke ro",-5.948,-105.21,0,"Sabo_10",-42.121,-87.469,0,0,0,0,0,0,"",0,0,0,0,6450.2,,,,0,0
130,5,1,1,9,1,0,2,0,0,0,255,255,255,71,6462.864,"アリアル",R,0,84,137,-0.271,0.65,0.617,1.401,-0.135,1.964,-36.633,21.139,0,0,0,0,0,0,0,0,3,7,R,"Yaksok~",164.7,95.241,0.261,0,99,0,0,0,0,0,0,0,0,0,0,0,0,0,0,0,0.498,-37.452,0,"encounter v",-0.091,-17.212,0,"_이누_",-22.162,-45.285,0,"아침땅_",-14.47,-63.787,0,"Slaris",19.712,-53.944,0,"coder_",1.993,-67.781,0,"소솨소솨",28.584,-80.605,0,"ke ro",-1.743,-105.961,0,"Sabo_10",-43.98,-88.778,0,0,0,0,0,0,"",0,0,0,0,6464.242,,,,0,0
131,5,1,1,9,1,1,2,0,0,0,255,255,255,72,6477.678,"アリアル",R,32,84,138,-0.198,0.222,0.601,1.315,-0.422,1.606,-36.68,25.901,0,0,226.442,-125.285,10.304,0,0,1,3,7,R,"Yaksok~",164.7,95.241,0.261,0,99,0,0,0,0,0,0,0,0,0,0,0,0,0,0,0,0.457,-37.406,0,"encounter v",-0.117,-17.226,0,"_이누_",-23.914,-46.686,0,"아침땅_",-14.582,-63.725,0,"Slaris",21.039,-53.037,0,"coder_",3.089,-67.819,0,"소솨소솨",28.617,-80.634,0,"ke ro",-1.799,-106.307,0,"Sabo_10",-43.604,-88.296,0,0,0,0,0,0,"",0,0,0,0,6478.992,,,,0,0
132,5,1,1,9,1,2,2,0,0,0,255,255,255,73,6490.988,"アリアル",R,10,38,91,0.834,-1.542,0.642,1.428,0.346,1.577,-36.714,19.695,1,0,0,400,-16.66,0.092,-18.358,0,3,7,R,"Yaksok~",164.7,95.241,0.261,0,99,0,0,0,0,0,0,0,0,0,0,0,0,0,0,0,0.506,-37.683,0,"encounter v",-0.236,-18.219,0,"_이누_",-22.339,-45.582,0,"아침땅_",-15.498,-62.905,0,"Slaris",20.874,-52.944,0,"coder_",3.396,-66.582,0,"소솨소솨",28.574,-80.63,0,"ke ro",-2.543,-105.906,0,"Sabo_10",-43.95,-87.221,0,0,0,0,0,0,"",0,0,0,0,6492.672,,,,0,0
133,5,1,1,9,2,2,2,0,0,0,255,255,255,74,6504.795,"アリアル",R,10,40,92,-0.642,-2.547,0.55,1.26,-0.293,1.016,-36.667,32.333,1,0,0,400,16.478,-0.141,-19.875,0,3,7,R,"Yaksok~",164.7,95.241,0.261,0,99,0,0,0,0,0,0,0,0,0,0,0,0,0,0,0,0.47,-37.64,0,"encounter v",-0.082,-18.23,0,"_이누_",-21.666,-44.662,0,"아침땅_",-15.446,-62.683,0,"Slaris",21.005,-52.871,0,"coder_",3.244,-66.72,0,"소솨소솨",28.565,-80.639,0,"ke ro",-2.543,-105.905,0,"Sabo_10",-44.764,-87.468,0,0,0,0,0,0,"",0,0,0,0,6506.367,,,,0,0
134,5,1,1,9,3,2,2,0,0,0,255,255,255,75,6517.524,"アリアル",R,32,81,133,1.078,1.034,0.682,1.417,0.096,2.059,-36.641,26.713,0,0,242.755,-108.771,4.074,0,0,1,3,7,R,"Yaksok~",164.7,95.241,0.261,0,99,0,0,0,0,0,0,0,0,0,0,0,0,0,0,0,0.453,-37.641,0,"encounter v",0.242,-19.579,0,"_이누_",-22.987,-48.627,0,"아침땅_",-14.5,-63.657,0,"Slaris",20.936,-52.896,0,"coder_",6.044,-67.399,0,"소솨소솨",28.481,-80.544,0,"ke ro",-2.579,-105.915,0,"Sabo_10",-44.538,-87.548,0,0,0,0,0,0,"",0,0,0,8,6518.908,,,,0,0
135,5,0,1,9,0,0,0,0,0,0,255,255,255,25,6571.154,"인생최패망자",R,27,89,140,0.885,0.771,0.076,1.759,0.352,1.864,-36.437,17.123,2,0,23.034,-133.747,0,0,0,1,6,3,R,"아침땅_",160,94.757,0.5,2,99,6572.097,147,57,126,78,13,145,85,28.265,7.832,0.93,-0.051,-0.03,0.048,0.284,-0.148,-37.133,0,"Pring__",0.032,-17.207,0,"ʚEveɞ",-24.875,-51.825,0,"Fresh825",-13.591,-64.43,0,"Megu3568",17.956,-44.13,0,"とりらむ",8.318,-64.306,71,"IbikiKai_JP",34.175,-89.226,0,"Yaksok~",-7.887,-104.348,99,"SOM_candy",-44.798,-75.594,0,6577.012,-17.765,-86.603,6577.492,7,"Yaksok~",-18.133,-87.846,1,0,,,,,104,2
136,5,0,1,9,0,0,0,1,0,0,13,255,255,26,6594.832,"인생최패망자",R,27,85,139,-0.564,-0.358,-0.063,1.606,-0.295,1.288,-36.368,5.48,0,0,39.11,-116.313,0,0,0,0,7,7,R,"ke ro",165.4,80,0.352,0,99,0,0,0,0,0,0,0,0,0,0,0,0,0,0,0,0.09,-37.488,0,"Pring__",-0.113,-17.408,0,"ʚEveɞ",-20.64,-45.156,0,"Fresh825",-13.399,-65.074,0,"Megu3568",18.391,-42.299,0,"とりらむ",3.956,-63.957,0,"IbikiKai_JP",30.834,-89.962,0,"Yaksok~",-5.852,-101.903,0,"SOM_candy",-37.895,-79.583,0,0,0,0,0,0,"",0,0,0,0,6596.27,,,,0,0
137,5,0,1,9,0,1,0,1,0,0,13,255,255,27,6603.479,"인생최패망자",R,27,85,138,1.266,0.815,0.094,1.776,0.439,1.92,-36.446,19.916,2,0,80.089,-122.07,0,0,0,1,7,7,R,"ke ro",165.4,80,0.352,3,99,6604.406,108,104,62,63,22,135,77,60.726,-54.171,-0.79,-0.033,-0.071,0,0.383,0.118,-37.127,0,"Pring__",0.039,-17.255,0,"ʚEveɞ",-20.022,-46.625,0,"Fresh825",-13.453,-65.162,0,"Megu3568",18.665,-42.628,0,"とりらむ",4.161,-63.84,0,"IbikiKai_JP",30.85,-89.969,0,"Yaksok~",-6.168,-102.33,0,"SOM_candy",-40.043,-79.79,0,6609.776,41.805,-47.896,6610.895,4,"Megu3568",41.399,-48.67,0,0,,,,,68,2
138,5,0,1,9,0,2,0,1,0,0,13,255,255,28,6622.234,"인생최패망자",R,27,85,139,-0.76,0.662,0.11,1.821,0.512,2.089,-36.468,26.447,2,0,24.006,-112.45,0,0,0,1,7,7,R,"ke ro",165.4,80,0.352,3,99,6623.161,162,41,42,42,16,126,72,30.667,-42.771,-0.8,-0.042,-0.076,0,0.382,0.13,-37.066,0,"Pring__",0.075,-17.271,0,"ʚEveɞ",-20.873,-46.205,0,"Fresh825",-13.359,-65.032,0,"Megu3568",18.369,-43.344,0,"とりらむ",5.401,-66.051,0,"IbikiKai_JP",35.588,-86.805,65,"Yaksok~",-6.397,-104.084,0,"SOM_candy",-41.097,-82.841,0,6626.929,36.643,-56.306,6629.367,6,"IbikiKai_JP",49.501,-68.315,0,0,,6628.71,,,192,2
139,5,0,1,9,0,2,0,1,0,0,13,255,255,29,6651.303,"인생최패망자",R,0,90,140,1.489,2.192,0.132,1.998,0.615,2.747,-36.565,29.749,4,0,21.883,-42.551,0,0,0,1,7,7,R,"ke ro",165.4,80,0.352,0,98,0,0,0,0,0,0,0,0,0,0,0,0,0,0,0,0.042,-37.47,0,"Pring__",-0.123,-17.602,0,"ʚEveɞ",-19.63,-44.797,0,"Fresh825",-13.597,-64.711,0,"Megu3568",18.5,-43.753,0,"とりらむ",5.217,-64.545,0,"IbikiKai_JP",43.02,-80.3,0,"Yaksok~",-6.539,-105.784,0,"SOM_candy",-39.645,-80.67,0,0,0,0,0,0,"",0,0,0,0,6652.728,,,,0,0
140,5,0,1,9,0,0,1,1,0,0,13,255,255,30,6662.303,"인생최패망자",R,27,82,134,1.359,1.637,0.106,1.922,0.491,2.421,-36.499,25.005,1,0,69.335,-126.78,0,0,0,0,8,6,R,"소솨소솨",174.9,80,0.2,0,98,0,0,0,0,0,0,0,0,0,0,0,0,0,0,0,0.017,-37.363,0,"Pring__",0.021,-17.144,0,"ʚEveɞ",-20.475,-44.331,0,"Fresh825",-13.787,-64.801,0,"Megu3568",18.542,-44.172,0,"とりらむ",6.179,-65.362,0,"IbikiKai_JP",40.178,-92.005,0,"Yaksok~",-6.524,-105.789,0,"SOM_candy",-41.073,-80.678,0,0,0,0,0,0,"",0,0,0,0,6663.721,,,,0,0
141,5,0,1,9,1,0,1,1,0,0,13,255,255,31,6670.791,"인생최패망자",R,28,85,139,-0.171,1.161,-0.033,1.856,-0.154,2.189,-36.41,15.946,1,0,60.331,-87.826,0,0,0,0,8,6,R,"소솨소솨",174.9,80,0.2,0,98,0,0,0,0,0,0,0,0,0,0,0,0,0,0,0,0.034,-37.374,0,"Pring__",-0.029,-17.227,0,"ʚEveɞ",-20.189,-45.073,0,"Fresh825",-13.728,-64.653,0,"Megu3568",18.58,-44.006,0,"とりらむ",4.697,-66.676,0,"IbikiKai_JP",41.164,-92.976,0,"Yaksok~",-5.84,-104.954,0,"SOM_candy",-40.864,-82.551,0,0,0,0,0,0,"",0,0,0,0,6672.186,,,,0,0
142,5,0,1,9,2,0,1,1,0,0,13,255,255,32,6681.785,"인생최패망자",R,27,82,135,1.794,0.541,0.139,1.743,0.645,1.791,-36.461,17.681,1,0,94.229,-126.975,0,0,0,0,8,6,R,"소솨소솨",174.9,80,0.2,0,98,0,0,0,0,0,0,0,0,0,0,0,0,0,0,0,0.418,-37.364,0,"Pring__",0.122,-20.513,0,"ʚEveɞ",-19.541,-44.554,0,"Fresh825",-13.738,-64.693,0,"Megu3568",18.594,-44.007,0,"とりらむ",3.295,-64.581,0,"IbikiKai_JP",39.784,-91.546,0,"Yaksok~",-5.811,-104.91,0,"SOM_candy",-35.635,-75.988,0,0,0,0,0,0,"",0,0,0,0,6683.151,6685.084,,,0,0
143,5,0,1,9,3,0,1,0,1,0,255,12,255,33,6697.869,"인생최패망자",R,26,90,140,0.074,-0.142,-0.013,1.614,-0.061,1.337,-36.431,9.072,0,0,70.339,-200,0,0,0,0,8,6,R,"소솨소솨",174.9,80,0.2,0,98,0,0,0,0,0,0,0,0,0,0,0,0,0,0,0,0.005,-37.3,0,"Pring__",0.02,-17.028,0,"ʚEveɞ",-23.064,-49.096,0,"Fresh825",-13.73,-64.825,0,"Megu3568",18.744,-42.905,0,"とりらむ",3.266,-64.497,0,"IbikiKai_JP",43.74,-91.353,0,"Yaksok~",-6.288,-104.508,0,"SOM_candy",-39.359,-83.502,0,0,0,0,0,0,"",0,0,0,0,6699.311,6700.363,,,0,0
144,5,0,1,9,3,1,1,0,1,0,255,12,255,34,6708.287,"인생최패망자",R,27,83,136,1.399,0.531,0.104,1.743,0.484,1.789,-36.505,15.021,0,0,87.259,-123.905,0,0,0,0,8,6,R,"소솨소솨",174.9,80,0.2,0,98,0,0,0,0,0,0,0,0,0,0,0,0,0,0,0,-0.019,-37.183,0,"Pring__",0.033,-17.006,0,"ʚEveɞ",-23.099,-49.12,0,"Fresh825",-13.763,-64.865,0,"Megu3568",19.059,-42.409,0,"とりらむ",6.223,-66.153,0,"IbikiKai_JP",42.714,-90.587,0,"Yaksok~",-6.735,-105.096,0,"SOM_candy",-38.471,-81.15,0,0,0,0,0,0,"",0,0,0,0,6709.714,6710.779,,,0,0
145,5,0,1,9,3,2,1,0,1,0,255,12,255,35,6719.463,"인생최패망자",R,27,80,132,1.103,0.595,0.078,1.757,0.363,1.84,-36.48,15.988,2,0,80.086,-104.638,0,0,0,1,8,6,R,"소솨소솨",174.9,80,0.2,3,98,6720.395,255,48,95,54,10,145,85,13.58,8.517,-0.82,-0.029,-0.099,0,0.414,-0.043,-37.214,0,"Pring__",0.043,-17.065,0,"ʚEveɞ",-22.989,-49.264,0,"Fresh825",-13.773,-64.713,0,"Megu3568",18.324,-43.589,91,"とりらむ",8.847,-66.59,0,"IbikiKai_JP",41.144,-91.897,0,"Yaksok~",-7.172,-105.498,91,"SOM_candy",-39.749,-82.757,0,6723.929,-6.886,-80.223,6725.026,7,"Yaksok~",-7.765,-88.836,1,0,,6725.761,,,76,2
146,5,0,1,9,0,0,1,1,1,0,15,12,255,36,6749.949,"인생최패망자",R,27,82,134,-0.086,0.444,-0.02,1.721,-0.093,1.718,-36.42,7.056,0,0,40.581,-112.82,0,0,0,0,0,5,R,"coder_",163.9,80,0.3,0,54,0,0,0,0,0,0,0,0,0,0,0,0,0,0,0,0.072,-37.546,0,"Pring__",0.042,-17.044,0,"ʚEveɞ",-23.858,-51.434,0,"Fresh825",-14.875,-62.689,0,"Megu3568",19.274,-40.449,0,"とりらむ",6.472,-65.51,0,"IbikiKai_JP",38.718,-80.8,0,"Yaksok~",-9.65,-102.968,0,"SOM_candy",-42.233,-82.379,0,0,0,0,0,0,"",0,0,0,0,6751.499,6752.909,,,0,0
147,5,0,1,9,0,1,1,1,1,0,15,12,255,37,6765.227,"인생최패망자",R,3,73,101,-3.867,-0.559,-0.25,1.666,-0.775,1.558,-36.486,4.645,1,0,-439.72,143.71,0,-1.136,-15.825,0,0,5,R,"coder_",163.9,80,0.3,0,54,0,0,0,0,0,0,0,0,0,0,0,0,0,0,0,-0.115,-37.42,0,"Pring__",-1.69,-16.014,0,"ʚEveɞ",-22.476,-47.171,0,"Fresh825",-14.107,-62.568,0,"Megu3568",18.951,-40.837,0,"とりらむ",4.74,-66.502,0,"IbikiKai_JP",37.077,-79.904,0,"Yaksok~",-9.985,-103.433,0,"SOM_candy",-43.535,-84.288,0,0,0,0,0,0,"",0,0,0,0,6770.124,6768.253,,,0,0
148,5,0,1,9,1,1,1,1,1,0,15,12,255,38,6791.177,"인생최패망자",R,27,82,134,3.19,1.187,0.273,1.823,1.268,2.1,-36.529,26.379,2,0,79.476,-130.008,0,0,0,1,0,5,R,"coder_",163.9,80,0.3,3,54,6792.284,179,59,116,54,29,145,121,29.921,-10.994,0.62,-0.039,-0.02,0,0.193,0.483,-36.976,0,"Pring__",0.161,-17.105,0,"ʚEveɞ",-18.804,-45.758,0,"Fresh825",-14.559,-63.616,89,"Megu3568",18.311,-42.954,0,"とりらむ",7.887,-64.769,107,"IbikiKai_JP",37.507,-82.18,0,"Yaksok~",-11.185,-104.575,93,"SOM_candy",-41.632,-81.013,0,6798.228,9.539,-129.181,6799.895,7,"Yaksok~",9.475,-130.526,1,0,6807.79,6796.957,6796.734,6801.473,378,2
