id,inn,half,scoreA,scoreB,ball,strk,out,b1,b2,b3,b1Idx,b2Idx,b3Idx,pCnt,pSec,pName,pHand,pType,spdK,zoneX,zoneY,startX,startY,zDist,call,balk,sH,sV,gyro,plx,plz,bSwing,bIdx,bPos,bZone,bName,bHCm,batLen,batCen,batType,bFps,hSec,rotS,shS,lgS,impMv,batSpd,ev,ldeg,sdeg,hPos,hMoveX,hMoveY,stayCon,hitSpnX,hitSpnY,hitSpnZ,PPosX,PPosY,CName,CPosX,CPosY,1BName,1BPosX,1BPosY,2BName,2BPosX,2BPosY,3BName,3BPosX,3BPosY,SSName,SSPosX,SSPosY,LFName,LFPosX,LFPosY,CFName,CFPosX,CFPosY,RFName,RFPosX,RFPosY,ltSec,lx,lz,cSec,cPos,cPlr,cx,cz,1BSafe,tag,cpSec,sb2Sec,sb3Sec,sbhSec,ass,result
1,1,1,0,0,0,0,0,0,0,0,255,255,255,0,1460.573,"mochi_2929",R,0,131,1.811,0.552,0.412,1.218,-36.612,1,0,0,0,0,0,0,0,0,5,R,"coder_",164.9,94.897,0.404,0,58,0,0,0,0,0,0,0,0,0,0,0,0,0,0,0,0,0.086,-37.705,"ゆっち一",0.005,-16.544,"CAT tourniquet",-21.948,-48.413,"559：広告",-11.912,-63.805,"にゃんこ3K",22.372,-52.361,"檸檬の残骸",13.732,-61.964,"sano jpn",34.51,-89.279,"alcohol500",-3.603,-103.106,"あくせる",-33.867,-83.076,0,0,0,0,0,"",0,0,0,0,0,0,0,0,0,0
2,1,1,0,0,1,0,0,0,0,0,255,255,255,1,1478.374,"mochi_2929",R,3,105,1.94,-1.299,0.515,1.053,-37.037,1,0,-390.518,0,-0.845,0,0,0,0,5,R,"coder_",164.9,94.897,0.404,0,58,0,0,0,0,0,0,0,0,0,0,0,0,0,0,0,0,-0.239,-37.505,"ゆっち一",-0.166,-16.885,"CAT tourniquet",-22.063,-48.351,"559：広告",-10.73,-63.937,"にゃんこ3K",22.497,-51.998,"檸檬の残骸",13.99,-63.331,"sano jpn",34.29,-89.346,"alcohol500",-4.085,-101.629,"あくせる",-35.424,-83.183,0,0,0,0,0,"",0,0,0,0,0,0,0,0,0,0
3,1,1,0,0,2,0,0,0,0,0,255,255,255,2,1495.193,"mochi_2929",R,3,116,-1.708,-0.528,0.236,1.061,-36.389,2,0,-405.395,0,-0.718,0,0,1,0,5,R,"coder_",164.9,94.897,0.404,3,58,1496.302,179,120,39,190,153,90,-30,45.527,0.95,-0.083,-0.157,0.462,0,0,0,-0.279,-37.419,"ゆっち一",-0.13,-16.95,"CAT tourniquet",-22.112,-48.388,"559：広告",-11.264,-63.729,"にゃんこ3K",22.337,-52.04,"檸檬の残骸",14.232,-63.628,"sano jpn",34.289,-89.341,"alcohol500",-3.186,-102.457,"あくせる",-33.205,-82.555,1496.546,-1.484,-21.352,1498.58,2,"CAT tourniquet",-24.861,-44.178,0,0,0,0,0,0,0,2
4,1,1,0,0,3,1,0,0,0,0,255,255,255,4,1549.041,"mochi_2929",R,0,113,0.902,0.301,0.259,1.421,-36.671,2,0,0,0,0,0,0,1,0,5,R,"coder_",164.9,94.897,0.404,3,58,1550.163,171,91,47,112,143,124,8.944,14.216,0.3,-0.061,-0.123,0.279,0,0,0,-0.103,-37.258,"ゆっち一",0.064,-16.862,"CAT tourniquet",-23.022,-48.774,"559：広告",-11.614,-64.015,"にゃんこ3K",22.594,-52.327,"檸檬の残骸",15.873,-62.055,"sano jpn",32.438,-89.282,"alcohol500",-3.256,-100.277,"あくせる",-34.498,-80.346,1553.113,-28.769,-92.636,1557.446,8,"あくせる",-28.79,-106.608,1,0,0,0,0,0,0,2
5,1,1,0,0,0,0,0,0,1,0,255,5,255,5,1590.189,"mochi_2929",R,0,118,3.986,-0.712,0.586,0.991,-36.873,2,0,0,0,0,0,0,1,1,9,L,"encounter v",190,100,0.447,3,59,1591.383,194,158,33,244,155,109,22.031,-43.44,0.91,0.069,-0.161,0.417,0,0,0,0.094,-37.684,"ゆっち一",0.146,-16.864,"CAT tourniquet",-21.472,-48.981,"559：広告",-4.818,-62.544,"にゃんこ3K",21.209,-46.475,"檸檬の残骸",14.121,-60.555,"sano jpn",41.2,-86.049,"alcohol500",7.446,-106.865,"あくせる",-28.937,-91.146,1596.08,71.419,-84.12,0,0,"",0,0,0,0,0,0,0,0,0,3
6,1,1,0,0,0,1,0,0,1,0,255,5,255,6,1615.743,"mochi_2929",R,0,122,-0.257,-0.279,0.404,0.967,-36.604,2,0,0,0,-4.609,0,0,1,1,9,L,"encounter v",190,100,0.447,3,55,1616.886,149,126,13,232,143,93,-11.005,-43.741,0.95,0.109,-0.144,0.447,0,0,0,0.204,-37.916,"ゆっち一",0.017,-16.679,"CAT tourniquet",-21.297,-49.108,"559：広告",-5.438,-63.277,"にゃんこ3K",21.015,-45.217,"檸檬の残骸",17.497,-61.002,"sano jpn",42.166,-86.317,"alcohol500",7.574,-105.333,"あくせる",-30.427,-93.657,1617.196,3.624,-22.59,1618.63,4,"にゃんこ3K",20.653,-40.085,0,0,0,0,0,0,0,2
7,1,1,0,0,0,2,0,0,1,0,255,5,255,7,1634.595,"mochi_2929",R,17,124,0.132,-0.363,0.316,1.059,-36.503,2,0,0,-90.231,-12.068,0,0,1,1,9,L,"encounter v",190,100,0.447,3,55,1635.725,163,176,26,255,150,104,26.739,-44.162,0.92,0.088,-0.172,0.537,0,0,0,-0.062,-37.791,"ゆっち一",0.47,-16.794,"CAT tourniquet",-21.62,-49.063,"559：広告",-3.024,-61.16,"にゃんこ3K",21.297,-45.1,"檸檬の残骸",14.608,-58.065,"sano jpn",39.106,-77.917,"alcohol500",6.881,-104.308,"あくせる",-28.861,-91.711,1639.03,50.404,-66.961,0,0,"",0,0,0,0,0,0,0,0,0,3
8,1,1,0,0,0,2,0,0,1,0,255,5,255,8,1659.113,"mochi_2929",R,9,111,1.22,0.508,0.247,1.156,-36.249,2,0,390.434,-312.348,-20.731,0,0,1,1,9,L,"encounter v",190,100,0.447,3,55,1660.271,174,149,32,208,155,88,45.592,-29.635,0.97,0.016,-0.141,0.546,0,0,0,0.045,-37.673,"ゆっち一",0.466,-16.812,"CAT tourniquet",-22.254,-48.409,"559：広告",-2.91,-62.058,"にゃんこ3K",21.114,-44.778,"檸檬の残骸",17.977,-60.101,"sano jpn",41.104,-82.458,"alcohol500",9.723,-103.227,"あくせる",-26.993,-94.632,1665.496,39.068,-71.868,1665.68,6,"sano jpn",38.28,-70.859,0,0,0,0,0,0,0,1
9,1,1,0,0,0,0,1,0,1,0,255,5,255,9,1695.238,"mochi_2929",R,32,140,0.861,0.26,0.274,1.186,-36.414,0,0,165.397,-18.1,0.552,0,0,0,2,1,L,"눈꽃",190,94.886,0.496,0,59,0,0,0,0,0,0,0,0,0,0,0,0,0,0,0,0,-0.242,-37.922,"ゆっち一",-0.054,-16.758,"CAT tourniquet",-21.667,-48.962,"559：広告",-3.293,-61.482,"にゃんこ3K",20.908,-43.636,"檸檬の残骸",18.578,-59.998,"sano jpn",41.227,-83.879,"alcohol500",4.142,-102.592,"あくせる",-29.2,-88.383,0,0,0,0,0,"",0,0,0,0,0,0,0,0,0,0
10,1,1,0,0,0,1,1,0,1,0,255,5,255,10,1711.523,"mochi_2929",R,34,138,-2.102,0.291,-0.024,1.426,-36.257,2,0,78.304,-0.72,0.287,0,0,1,2,1,L,"눈꽃",190,94.886,0.496,3,59,1712.504,211,104,20,125,144,90,-37.576,50.706,-0.48,0.058,-0.032,0.105,0,0,0,-0.022,-37.434,"ゆっち一",-0.171,-16.838,"CAT tourniquet",-21.708,-49.013,"559：広告",-4.275,-61.645,"にゃんこ3K",21.111,-44.943,"檸檬の残骸",18.041,-59.886,"sano jpn",40.753,-84.122,"alcohol500",4.265,-102.766,"あくせる",-29.27,-88.392,1712.663,-2.011,-20.704,0,0,"",0,0,0,0,0,0,0,0,0,3
11,1,1,0,0,0,2,1,0,1,0,255,5,255,11,1732.629,"mochi_2929",R,5,122,0.577,-0.346,0.281,1.335,-36.621,2,0,-74.304,0,1.597,0,0,1,2,1,L,"눈꽃",190,94.886,0.496,3,91,1733.629,202,133,32,180,155,129,-15.051,26.639,0.53,0.112,-0.104,0.017,0,0,0,0.158,-37.585,"ゆっち一",-0.094,-16.742,"CAT tourniquet",-21.38,-48.574,"559：広告",-4.08,-62.644,"にゃんこ3K",21.363,-45.967,"檸檬の残骸",17.092,-60.448,"sano jpn",40.619,-84.115,"alcohol500",3.59,-104.028,"あくせる",-27.679,-89.147,1733.746,-1.476,-23.298,1736.33,8,"あくせる",-30.687,-81.211,0,0,0,0,0,0,0,2
12,1,1,0,0,0,0,2,0,0,1,255,255,5,12,1775.621,"mochi_2929",R,33,133,0.046,0.327,0.157,1.448,-36.501,0,0,114.448,-9.814,1.82,0,0,1,3,8,L,"Sabo_10",184.7,94,0.597,0,83,0,0,0,0,0,0,0,0,0,0,0,0,0,0,0,0,-0.232,-37.893,"ゆっち一",-0.127,-16.623,"CAT tourniquet",-21.202,-49.092,"559：広告",-8.787,-62.879,"にゃんこ3K",19.8,-41.603,"檸檬の残骸",14.422,-57.138,"sano jpn",39.664,-82.118,"alcohol500",1.829,-105.554,"あくせる",-30.713,-87.707,0,0,0,0,0,"",0,0,0,0,0,0,0,0,0,0
13,1,1,0,0,0,1,2,0,0,1,255,255,5,13,1790.966,"mochi_2929",R,33,133,1.158,-0.057,0.448,0.987,-36.668,0,0,111.608,12.005,-1.343,0,0,0,3,8,L,"Sabo_10",184.7,94,0.597,0,83,0,0,0,0,0,0,0,0,0,0,0,0,0,0,0,0,-0.279,-37.942,"ゆっち一",-0.128,-16.676,"CAT tourniquet",-21.668,-49.164,"559：広告",-9.747,-61.33,"にゃんこ3K",19.36,-42.066,"檸檬の残骸",13.509,-57.715,"sano jpn",38.767,-81.129,"alcohol500",1.313,-102.704,"あくせる",-30.711,-87.707,0,0,0,0,0,"",0,0,0,0,0,0,0,0,0,0
14,1,1,0,0,0,2,2,0,0,1,255,255,5,14,1808.542,"mochi_2929",R,17,119,1.675,-0.586,0.351,1.245,-36.486,2,0,0,-53.475,-7.232,0,0,1,3,8,L,"Sabo_10",184.7,94,0.597,3,83,1809.608,145,127,34,174,144,99,95.437,84.25,0.91,0.139,-0.201,0.291,0,0,0,0.064,-37.628,"ゆっち一",0.722,-16.843,"CAT tourniquet",-21.73,-49.159,"559：広告",-11.856,-63.4,"にゃんこ3K",18.589,-42.494,"檸檬の残骸",15.772,-58.172,"sano jpn",38.444,-82.456,"alcohol500",1.339,-103.333,"あくせる",-30.714,-87.872,0,0,0,0,0,"",0,0,0,0,0,0,0,0,0,3
15,1,1,0,0,0,2,2,0,0,1,255,255,5,15,1828.528,"mochi_2929",R,33,140,-0.181,0.89,0.14,1.524,-36.349,0,0,126.99,-33.21,4.258,0,0,1,3,8,L,"Sabo_10",184.7,94,0.597,0,83,0,0,0,0,0,0,0,0,0,0,0,0,0,0,0,0,-0.36,-38.068,"ゆっち一",-0.04,-16.758,"CAT tourniquet",-21.752,-47.349,"559：広告",-11.055,-64.707,"にゃんこ3K",19.024,-42.559,"檸檬の残骸",17.706,-61.074,"sano jpn",39.559,-81.3,"alcohol500",1.598,-102.314,"あくせる",-29.08,-88.853,0,0,0,0,0,"",0,0,0,0,0,0,0,0,0,0
16,1,0,0,0,0,0,0,0,0,0,255,255,255,0,1967.884,"_이누_",R,0,140,0.054,0.328,0.005,1.777,-36.444,0,0,0,0,0,0,0,0,0,6,R,"sano jpn",160,99.636,0.323,0,58,0,0,0,0,0,0,0,0,0,0,0,0,0,0,0,0,-0.362,-37.536,"눈꽃",0.091,-16.923,"アリアル",-22.214,-48.574,"˗ˋˏ 카피 ˎˊ˗",-17.29,-61.881,"Slaris",19.834,-49.095,"coder_",13.111,-63.502,"소솨소솨",26.759,-80.514,"ke ro",-2.695,-105.023,"Sabo_10",-41.688,-81.892,0,0,0,0,0,"",0,0,0,0,0,0,0,0,0,0
17,1,0,0,0,0,1,0,0,0,0,255,255,255,1,1981.796,"_이누_",R,0,140,0.419,-0.205,0.039,1.704,-36.431,0,0,0,0,0,0,0,0,0,6,R,"sano jpn",160,99.636,0.323,0,58,0,0,0,0,0,0,0,0,0,0,0,0,0,0,0,0,-0.34,-37.288,"눈꽃",0.152,-16.944,"アリアル",-22.236,-48.603,"˗ˋˏ 카피 ˎˊ˗",-17.312,-61.897,"Slaris",20.272,-48.635,"coder_",12.615,-62.921,"소솨소솨",26.772,-80.523,"ke ro",-1.572,-104.748,"Sabo_10",-41.977,-81.814,0,0,0,0,0,"",0,0,0,0,0,0,0,0,0,0
18,1,0,0,0,0,2,0,0,0,0,255,255,255,2,2002.061,"_이누_",R,13,126,-1.65,-0.241,-0.062,1.84,-36.511,1,0,-260.585,400,2.229,0,0,0,0,6,R,"sano jpn",160,99.636,0.323,0,58,0,0,0,0,0,0,0,0,0,0,0,0,0,0,0,0,-0.208,-37.096,"눈꽃",-0.341,-16.903,"アリアル",-22.438,-49.165,"˗ˋˏ 카피 ˎˊ˗",-17.282,-61.877,"Slaris",20.148,-49.642,"coder_",11.437,-64.015,"소솨소솨",26.785,-80.526,"ke ro",-2.647,-104.268,"Sabo_10",-41.178,-80.178,0,0,0,0,0,"",0,0,0,0,0,0,0,0,0,0
19,1,0,0,0,1,2,0,0,0,0,255,255,255,3,2015.622,"_이누_",R,0,136,1.624,2.157,0.151,2.028,-36.701,2,0,0,0,0,0,0,1,0,6,R,"sano jpn",160,99.636,0.323,3,58,2016.734,169,65,18,101,137,111,104.812,37.509,0.75,0.001,0.037,0,0,0,0,-0.684,-36.763,"눈꽃",0.105,-16.874,"アリアル",-22.553,-49.35,"˗ˋˏ 카피 ˎˊ˗",-17.243,-61.824,"Slaris",20.918,-48.948,"coder_",12.07,-64.011,"소솨소솨",26.811,-80.505,"ke ro",-2.289,-103.863,"Sabo_10",-42.401,-81.285,0,0,0,0,0,"",0,0,0,0,0,0,0,0,0,3
20,1,0,0,0,1,2,0,0,0,0,255,255,255,4,2037.768,"_이누_",R,0,136,1.492,0.31,0.139,1.775,-36.517,1,0,0,0,0,0,0,0,0,6,R,"sano jpn",160,99.636,0.323,0,58,0,0,0,0,0,0,0,0,0,0,0,0,0,0,0,0,-0.194,-37.307,"눈꽃",0.131,-16.94,"アリアル",-21.923,-47.072,"˗ˋˏ 카피 ˎˊ˗",-17.616,-62.337,"Slaris",21.004,-49.052,"coder_",11.834,-64.338,"소솨소솨",28.297,-81.877,"ke ro",-2.619,-99.572,"Sabo_10",-41.193,-79.792,0,0,0,0,0,"",0,0,0,0,0,0,0,0,0,0
21,1,0,0,0,2,2,0,0,0,0,255,255,255,5,2052.738,"_이누_",R,0,140,-0.823,-2.122,-0.077,1.444,-36.307,1,0,0,0,0,0,0,0,0,6,R,"sano jpn",160,99.636,0.323,0,58,0,0,0,0,0,0,0,0,0,0,0,0,0,0,0,0,-0.285,-37.431,"눈꽃",-0.024,-17.236,"アリアル",-23.529,-49.677,"˗ˋˏ 카피 ˎˊ˗",-17.446,-62.466,"Slaris",21.091,-48.986,"coder_",13.107,-64.314,"소솨소솨",28.3,-81.867,"ke ro",-1.026,-95.789,"Sabo_10",-42.694,-80.787,0,0,0,0,0,"",0,0,0,0,0,0,0,0,0,0
22,1,0,0,0,3,2,0,0,0,0,255,255,255,6,2066.205,"_이누_",R,0,140,6.357,-0.83,-0.021,1.69,-36.391,2,0,0,0,0,0,0,1,0,6,R,"sano jpn",160,99.636,0.323,3,58,2067.28,157,82,31,111,141,80,8.406,25.801,-0.11,-0.072,-0.008,0.188,0,0,0,-0.454,-36.701,"눈꽃",0.032,-16.967,"アリアル",-23.683,-49.734,"˗ˋˏ 카피 ˎˊ˗",-16.693,-63.118,"Slaris",20.926,-49.006,"coder_",12.506,-64.944,"소솨소솨",28.223,-81.908,"ke ro",-0.872,-97.457,"Sabo_10",-44.504,-82.659,2069.03,-14.179,-49.194,2069.796,3,"˗ˋˏ 카피 ˎˊ˗",-16.941,-54.805,0,0,0,0,0,0,0,2
23,1,0,0,0,0,0,1,0,0,0,255,255,255,7,2093.091,"_이누_",R,0,140,0.973,2.019,0.131,2.048,-36.863,4,0,0,0,0,0,0,1,1,5,L,"檸檬の残骸",160,107,0.502,0,58,0,0,0,0,0,0,0,0,0,0,0,0,0,0,0,0,-0.443,-37.269,"눈꽃",-0.133,-16.893,"アリアル",-21.439,-49.015,"˗ˋˏ 카피 ˎˊ˗",-17.005,-62.596,"Slaris",20.704,-48.104,"coder_",13.53,-66.35,"소솨소솨",36.935,-75.629,"ke ro",4.882,-102.364,"Sabo_10",-39.239,-80.97,0,0,0,0,0,"",0,0,0,0,0,0,0,0,0,0
24,1,0,0,0,0,1,1,0,0,0,255,255,255,8,2109.469,"_이누_",R,0,140,-4.104,-2.896,-0.367,1.375,-36.353,3,0,0,0,0,-0.714,-19.907,0,1,5,L,"檸檬の残骸",160,107,0.502,0,58,0,0,0,0,0,0,0,0,0,0,0,0,0,0,0,0,-0.411,-38.104,"눈꽃",-0.448,-16.949,"アリアル",-21.34,-48.834,"˗ˋˏ 카피 ˎˊ˗",-16.994,-62.588,"Slaris",20.737,-48.103,"coder_",13.366,-65.154,"소솨소솨",36.99,-75.593,"ke ro",4.838,-102.906,"Sabo_10",-36.635,-85.236,0,0,0,0,0,"",0,0,0,0,0,0,0,0,0,6
25,1,0,0,0,0,0,1,1,0,0,14,255,255,9,2140.937,"_이누_",R,0,140,0.937,-0.284,0.087,1.68,-36.467,0,0,0,0,0,0,0,0,2,0,R,"mochi_2929",190,97.434,0.449,0,58,0,0,0,0,0,0,0,0,0,0,0,0,0,0,0,0,-0.417,-37.598,"눈꽃",0.007,-16.933,"アリアル",-20.714,-46.012,"˗ˋˏ 카피 ˎˊ˗",-16.593,-62.695,"Slaris",21.372,-49.826,"coder_",5.028,-62.633,"소솨소솨",30.654,-82.89,"ke ro",-1.257,-107.567,"Sabo_10",-42.006,-82.14,0,0,0,0,0,"",0,0,0,0,0,0,0,0,0,0
26,1,0,0,0,0,1,1,1,0,0,14,255,255,10,2155.982,"_이누_",R,0,140,0.048,-0.927,0.004,1.555,-36.363,2,0,0,0,0,0,0,1,2,0,R,"mochi_2929",190,97.434,0.449,3,58,2157.014,164,125,26,178,147,100,18.788,33.977,0.03,0.004,-0.132,0.209,0,0,0,-0.708,-36.858,"눈꽃",0.14,-16.998,"アリアル",-19.541,-40.667,"˗ˋˏ 카피 ˎˊ˗",-16.543,-62.635,"Slaris",21.269,-49.986,"coder_",9.468,-62.812,"소솨소솨",30.627,-82.914,"ke ro",-1.149,-107.872,"Sabo_10",-41.88,-81.961,2159.43,-29.974,-61.602,2160.33,8,"Sabo_10",-35.583,-69.16,1,0,0,0,0,0,0,2
27,1,0,0,0,0,0,2,1,0,0,255,255,255,11,2188.689,"_이누_",R,0,135,0.517,0.331,0.048,1.798,-36.455,0,0,0,0,0,0,0,0,3,1,R,"ゆっち一",190,100,0.38,0,58,0,0,0,0,0,0,0,0,0,0,0,0,0,0,0,0,-0.22,-37.409,"눈꽃",-0.097,-16.884,"アリアル",-20.64,-45.093,"˗ˋˏ 카피 ˎˊ˗",-16.976,-62.422,"Slaris",21.448,-49.08,"coder_",6.432,-62.424,"소솨소솨",33.734,-89.612,"ke ro",-2.531,-113.591,"Sabo_10",-41.632,-88.231,0,0,0,0,0,"",0,0,0,0,0,0,0,0,0,0
28,1,0,0,0,0,1,2,1,0,0,255,255,255,12,2207.875,"_이누_",R,10,128,2.342,-0.77,0.218,1.727,-36.546,2,0,0,400,1.504,0,0,0,3,1,R,"ゆっち一",190,100,0.38,3,58,2208.952,164,127,40,185,148,129,-30,6.668,0.71,-0.129,-0.161,0.412,0,0,0,-0.579,-36.974,"눈꽃",0.005,-17,"アリアル",-20.869,-44.896,"˗ˋˏ 카피 ˎˊ˗",-16.927,-62.323,"Slaris",21.355,-49.074,"coder_",10.589,-64.874,"소솨소솨",33.679,-89.701,"ke ro",-2.306,-115.007,"Sabo_10",-41.816,-87.841,2209.096,0.336,-20.399,2212.946,7,"ke ro",-10.403,-105.217,1,0,0,0,0,0,0,2
29,1,0,0,0,0,0,2,1,1,0,10,9,255,13,2243.421,"_이누_",R,0,140,0.014,-0.632,0.001,1.612,-36.429,0,0,0,0,0,0,0,0,4,4,R,"にゃんこ3K",190,104.126,0.602,0,58,0,0,0,0,0,0,0,0,0,0,0,0,0,0,0,0,-0.463,-37.291,"눈꽃",0.06,-17.007,"アリアル",-22.855,-48.12,"˗ˋˏ 카피 ˎˊ˗",-14.53,-62.644,"Slaris",21.029,-47.176,"coder_",8.498,-63.065,"소솨소솨",26.693,-81.318,"ke ro",-5.526,-112.37,"Sabo_10",-38.145,-85.609,0,0,0,0,0,"",0,0,0,0,0,0,0,0,0,0
30,1,0,0,0,0,1,2,1,1,0,10,9,255,14,2260.837,"_이누_",R,0,140,0.127,-1.184,0.012,1.506,-36.315,1,0,0,0,0,0,0,0,4,4,R,"にゃんこ3K",190,104.126,0.602,0,58,0,0,0,0,0,0,0,0,0,0,0,0,0,0,0,0,-0.135,-37.055,"눈꽃",0.076,-16.936,"アリアル",-23.23,-47.877,"˗ˋˏ 카피 ˎˊ˗",-13.678,-61.731,"Slaris",20.848,-47.862,"coder_",10.562,-64.587,"소솨소솨",26.774,-81.239,"ke ro",-4.206,-111.712,"Sabo_10",-38.638,-86.208,0,0,0,0,0,"",0,0,0,0,0,0,0,0,0,0
31,1,0,0,0,1,1,2,1,1,0,10,9,255,15,2278.78,"_이누_",R,0,140,1.937,0.295,0.148,1.793,-36.496,2,0,0,0,0,0,0,1,4,4,R,"にゃんこ3K",190,104.126,0.602,3,58,2279.837,94,73,37,68,130,101,8.667,42.633,0.12,-0.054,-0.125,0.193,0,0,0,-0.113,-36.595,"눈꽃",0.123,-16.959,"アリアル",-23.079,-47.89,"˗ˋˏ 카피 ˎˊ˗",-15.328,-63.344,"Slaris",20.675,-48.032,"coder_",8.193,-64.611,"소솨소솨",26.719,-81.292,"ke ro",-3.388,-111.415,"Sabo_10",-39.2,-85.935,2281.596,-30.643,-47.449,0,0,"",0,0,0,0,0,0,0,0,0,3
32,1,0,0,0,1,2,2,1,1,0,10,9,255,16,2305.441,"_이누_",R,0,140,-1.854,-0.894,-0.172,1.562,-36.411,4,0,0,0,0,0,0,1,4,4,R,"にゃんこ3K",190,104.126,0.602,0,58,0,0,0,0,0,0,0,0,0,0,0,0,0,0,0,0,-0.054,-38.062,"눈꽃",-0.23,-16.995,"アリアル",-23.307,-47.63,"˗ˋˏ 카피 ˎˊ˗",-15.472,-59.829,"Slaris",22.197,-48.483,"coder_",7.831,-63.869,"소솨소솨",25.512,-80.378,"ke ro",-7.974,-109.237,"Sabo_10",-39.834,-81.22,0,0,0,0,0,"",0,0,0,0,0,0,0,0,0,0
33,2,1,0,0,1,0,0,0,0,0,255,255,255,17,2395.265,"mochi_2929",R,33,128,1.489,0.389,0.292,1.487,-36.695,4,0,114.522,-10.849,2.194,-0.474,-19.878,1,4,4,R,"Slaris",185.1,92,0.451,0,69,0,0,0,0,0,0,0,0,0,0,0,0,0,0,0,0,-0.115,-37.884,"ゆっち一",-0.509,-17.52,"CAT tourniquet",-23.229,-51.384,"559：広告",-10.399,-64.416,"にゃんこ3K",21.896,-51.133,"檸檬の残骸",10.197,-61.905,"sano jpn",35.121,-89.667,"alcohol500",-2.689,-105.973,"あくせる",-36.373,-83.827,0,0,0,0,0,"",0,0,0,0,0,0,0,0,0,0
34,2,1,0,0,1,1,0,0,0,0,255,255,255,18,2412.705,"mochi_2929",R,0,125,2.568,-1.25,0.403,1.202,-36.812,2,0,-33.494,0,-1.049,0,0,1,4,4,R,"Slaris",185.1,92,0.451,3,69,2413.668,169,142,44,189,152,93,-49.152,18.124,-0.48,-0.01,-0.094,0.362,0,0,0,0.054,-37.487,"ゆっち一",-0.252,-16.7,"CAT tourniquet",-22.512,-51.527,"559：広告",-10.375,-64.506,"にゃんこ3K",21.901,-51.133,"檸檬の残骸",13.586,-62.581,"sano jpn",34.782,-89.875,"alcohol500",-2.765,-106.046,"あくせる",-36.342,-83.859,2413.763,0.337,-20.877,2416.63,3,"559：広告",-10.951,-55.114,0,0,0,0,0,0,0,2
35,2,1,0,0,0,0,1,0,0,0,255,255,255,19,2453.653,"mochi_2929",R,32,131,0.786,0.491,0.264,1.22,-36.369,0,0,159.72,-52.16,3.958,0,0,0,5,2,R,"アリアル",190,95,0.5,0,58,0,0,0,0,0,0,0,0,0,0,0,0,0,0,0,0,-0.206,-37.73,"ゆっち一",-0.037,-16.643,"CAT tourniquet",-23.595,-50.984,"559：広告",-11.549,-64.674,"にゃんこ3K",22.348,-50.988,"檸檬の残骸",12.212,-63.658,"sano jpn",33.281,-90.5,"alcohol500",-3.261,-103.152,"あくせる",-35.006,-84.073,0,0,0,0,0,"",0,0,0,0,0,0,0,0,0,0
36,2,1,0,0,0,1,1,0,0,0,255,255,255,20,2470.414,"mochi_2929",R,33,133,1.884,0.19,0.377,1.17,-36.458,2,0,127.269,-24.493,-4.26,0,0,1,5,2,R,"アリアル",190,95,0.5,2,58,2471.38,180,149,30,255,155,96,9.015,-42.857,-0.5,-0.032,-0.039,0.38,0,0,0,0.017,-37.5,"ゆっち一",0.002,-16.723,"CAT tourniquet",-23.576,-50.936,"559：広告",-11.547,-64.718,"にゃんこ3K",22.329,-51.305,"檸檬の残骸",12.217,-63.646,"sano jpn",33.275,-90.499,"alcohol500",-2.185,-102.347,"あくせる",-34.994,-84.017,2473.263,29.853,-45.89,0,0,"",0,0,0,0,0,0,0,0,0,3
37,2,1,0,0,0,2,1,0,0,0,255,255,255,21,2494.385,"mochi_2929",R,32,139,-1.021,-0.959,0.188,1.235,-36.247,2,0,159.776,-39.525,-1.241,0,0,1,5,2,R,"アリアル",190,95,0.5,2,37,2495.187,189,75,16,136,140,88,-17.031,6.571,-0.48,-0.039,-0.034,0.119,0,0,0,-0.158,-37.299,"ゆっち一",-0.037,-16.689,"CAT tourniquet",-21.929,-49.721,"559：広告",-11.536,-64.298,"にゃんこ3K",23.036,-49.089,"檸檬の残骸",14.213,-62.623,"sano jpn",36.72,-88.011,"alcohol500",-2.12,-102.087,"あくせる",-34.509,-85.229,2495.58,-0.426,-23.271,2496.596,0,"mochi_2929",-1.874,-36.15,0,0,0,0,0,0,0,2
38,2,1,0,0,0,0,2,0,0,0,255,255,255,22,2524.349,"mochi_2929",R,0,129,1.1,-0.085,0.311,1.176,-36.667,2,0,0,0,0,0,0,1,6,3,L,"˗ˋˏ 카피 ˎˊ˗",167.3,88.492,0.554,3,58,2525.494,205,105,24,168,145,68,95.463,80.582,0.98,0.137,-0.202,0.266,0,0,0,-0.019,-37.366,"ゆっち一",-0.005,-16.898,"CAT tourniquet",-21.438,-49.879,"559：広告",-9.037,-65.234,"にゃんこ3K",22.796,-49.395,"檸檬の残骸",14.857,-61.478,"sano jpn",39.641,-82.081,"alcohol500",3.691,-99.982,"あくせる",-31.159,-90.516,2530.729,33.967,-14.468,0,0,"",0,0,0,0,0,0,0,0,0,3
39,2,1,0,0,0,1,2,0,0,0,255,255,255,23,2548.966,"mochi_2929",R,33,132,-0.102,0.218,0.198,1.163,-36.475,0,0,109.654,-27.834,-0.477,0,0,0,6,3,L,"˗ˋˏ 카피 ˎˊ˗",167.3,88.492,0.554,0,58,0,0,0,0,0,0,0,0,0,0,0,0,0,0,0,0,-0.419,-37.995,"ゆっち一",-0.067,-16.56,"CAT tourniquet",-20.928,-48.382,"559：広告",-9.317,-64.789,"にゃんこ3K",24.723,-49.844,"檸檬の残骸",15.412,-61.308,"sano jpn",39.253,-81.085,"alcohol500",4.509,-100.728,"あくせる",-28.615,-92.105,0,0,0,0,0,"",0,0,0,0,0,0,0,0,0,0
40,2,1,0,0,0,2,2,0,0,0,255,255,255,24,2567.336,"mochi_2929",R,10,115,1.119,-1.907,0.31,1.087,-36.615,4,0,0,400,-11.78,0.125,-17.432,1,6,3,L,"˗ˋˏ 카피 ˎˊ˗",167.3,88.492,0.554,0,58,0,0,0,0,0,0,0,0,0,0,0,0,0,0,0,0,0.079,-37.788,"ゆっち一",0.059,-17.625,"CAT tourniquet",-21.204,-47.525,"559：広告",-7.584,-65.524,"にゃんこ3K",24.746,-49.859,"檸檬の残骸",13.09,-61.009,"sano jpn",38.101,-81.043,"alcohol500",5.067,-100.887,"あくせる",-28.596,-91.918,0,0,0,0,0,"",0,0,0,0,0,0,0,0,0,0
41,2,0,0,0,0,0,0,0,0,0,255,255,255,17,2619.945,"_이누_",R,0,136,-1.844,0.38,-0.171,1.808,-36.481,1,0,0,0,0,0,0,0,5,2,L,"CAT tourniquet",190,95.214,0.357,0,58,0,0,0,0,0,0,0,0,0,0,0,0,0,0,0,0,-0.161,-37.608,"눈꽃",-0.108,-16.982,"アリアル",-23.238,-49.907,"˗ˋˏ 카피 ˎˊ˗",-15.005,-64.104,"Slaris",22.123,-50.127,"coder_",13.977,-64.737,"소솨소솨",34.297,-75.963,"ke ro",5.069,-111.702,"Sabo_10",-36.171,-90.549,0,0,0,0,0,"",0,0,0,0,0,0,0,0,0,0
42,2,0,0,0,1,0,0,0,0,0,255,255,255,18,2633.194,"_이누_",R,0,140,-1.01,0.406,-0.094,1.813,-36.444,0,0,0,0,0,0,0,0,5,2,L,"CAT tourniquet",190,95.214,0.357,0,58,0,0,0,0,0,0,0,0,0,0,0,0,0,0,0,0,-0.201,-37.504,"눈꽃",0.018,-16.942,"アリアル",-23.258,-49.908,"˗ˋˏ 카피 ˎˊ˗",-14.992,-64.087,"Slaris",21.895,-50.343,"coder_",14.057,-64.69,"소솨소솨",34.386,-75.919,"ke ro",5.14,-111.721,"Sabo_10",-35.985,-89.946,0,0,0,0,0,"",0,0,0,0,0,0,0,0,0,0
43,2,0,0,0,1,1,0,0,0,0,255,255,255,19,2646.923,"_이누_",R,0,140,-2.214,-1.09,-0.206,1.524,-36.394,1,0,0,0,0,0,0,0,5,2,L,"CAT tourniquet",190,95.214,0.357,0,58,0,0,0,0,0,0,0,0,0,0,0,0,0,0,0,0,-0.083,-37.698,"눈꽃",-0.15,-17.013,"アリアル",-23.279,-49.925,"˗ˋˏ 카피 ˎˊ˗",-14.978,-64.049,"Slaris",21.893,-50.479,"coder_",13.85,-67.001,"소솨소솨",34.369,-75.93,"ke ro",5.299,-110.304,"Sabo_10",-35.682,-90.374,0,0,0,0,0,"",0,0,0,0,0,0,0,0,0,0
44,2,0,0,0,2,1,0,0,0,0,255,255,255,20,2662.001,"_이누_",R,0,135,2.265,1.775,0.211,2.077,-36.69,1,0,0,0,0,0,0,0,5,2,L,"CAT tourniquet",190,95.214,0.357,0,58,0,0,0,0,0,0,0,0,0,0,0,0,0,0,0,0,-0.163,-37.256,"눈꽃",-0.1,-16.952,"アリアル",-23.282,-49.968,"˗ˋˏ 카피 ˎˊ˗",-15.019,-64.125,"Slaris",21.824,-50.562,"coder_",12.949,-65.229,"소솨소솨",34.355,-75.949,"ke ro",4.469,-109.128,"Sabo_10",-35.588,-91.804,0,0,0,0,0,"",0,0,0,0,0,0,0,0,0,0
45,2,0,0,0,3,1,0,0,0,0,255,255,255,21,2674.318,"_이누_",R,0,137,0.003,0.116,0,1.757,-36.444,2,0,0,0,0,0,0,1,5,2,L,"CAT tourniquet",190,95.214,0.357,3,58,2675.29,119,101,22,119,140,91,91.621,87.947,-0.03,-0.018,-0.075,0.299,0,0,0,-0.361,-36.742,"눈꽃",-0.062,-17.025,"アリアル",-23.258,-49.948,"˗ˋˏ 카피 ˎˊ˗",-14.963,-64.027,"Slaris",21.915,-50.644,"coder_",12.931,-65.191,"소솨소솨",34.322,-75.957,"ke ro",4.347,-109.145,"Sabo_10",-37.403,-91.585,0,0,0,0,0,"",0,0,0,0,0,0,0,0,0,3
46,2,0,0,0,3,2,0,0,0,0,255,255,255,22,2691.277,"_이누_",R,0,140,-0.59,-0.251,-0.055,1.686,-36.371,2,0,0,0,0,0,0,1,5,2,L,"CAT tourniquet",190,95.214,0.357,3,58,2692.19,140,112,31,148,142,89,25.319,40.833,-0.48,0.045,-0.044,0.434,0,0,0,-0.117,-36.667,"눈꽃",-0.106,-17.038,"アリアル",-24.117,-50.999,"˗ˋˏ 카피 ˎˊ˗",-14.711,-64.467,"Slaris",21.875,-50.628,"coder_",13.408,-66.685,"소솨소솨",34.698,-75.452,"ke ro",6.577,-106.255,"Sabo_10",-35.11,-89.518,2695.43,-35.614,-67.179,2696.43,8,"Sabo_10",-40.095,-73.767,1,32,0,0,0,0,0,2
47,2,0,0,0,0,0,0,1,0,0,11,255,255,23,2727.176,"_이누_",R,0,139,-0.78,-1.893,-0.073,1.42,-36.33,1,0,0,0,0,0,0,0,6,3,R,"559：広告",175.9,107,0.504,0,58,0,0,0,0,0,0,0,0,0,0,0,0,0,0,0,0,0.059,-37.363,"눈꽃",-0.094,-16.925,"アリアル",-21.962,-46.372,"˗ˋˏ 카피 ˎˊ˗",-16.247,-63.049,"Slaris",20.806,-50.193,"coder_",7.753,-63.927,"소솨소솨",25.994,-82.593,"ke ro",-0.402,-104.824,"Sabo_10",-40.779,-86.529,0,0,0,0,0,"",0,0,0,0,0,0,0,0,0,0
48,2,0,0,0,1,0,0,1,0,0,11,255,255,24,2740.585,"_이누_",R,0,140,-0.468,-1.492,-0.044,1.486,-36.31,1,0,0,0,0,0,0,0,6,3,R,"559：広告",175.9,107,0.504,0,58,0,0,0,0,0,0,0,0,0,0,0,0,0,0,0,0,0.462,-37.294,"눈꽃",0.061,-17.863,"アリアル",-21.551,-45.727,"˗ˋˏ 카피 ˎˊ˗",-12.6,-63.714,"Slaris",20.874,-50.322,"coder_",4.443,-62.135,"소솨소솨",27.752,-83.965,"ke ro",-0.66,-105.171,"Sabo_10",-38.822,-87.288,0,0,0,0,0,"",0,0,0,32,0,0,0,0,0,0
49,2,0,0,0,2,0,1,0,0,0,255,255,255,25,2777.49,"_이누_",R,0,140,0.063,-0.858,0.006,1.591,-36.304,0,0,0,0,0,0,0,1,6,3,R,"559：広告",175.9,107,0.504,0,58,0,0,0,0,0,0,0,0,0,0,0,0,0,0,0,0,-0.274,-37.347,"눈꽃",0.073,-16.916,"アリアル",-23.975,-48.482,"˗ˋˏ 카피 ˎˊ˗",-15.14,-63.103,"Slaris",21.382,-49.171,"coder_",11.247,-67.277,"소솨소솨",29.992,-83.486,"ke ro",-0.159,-109.662,"Sabo_10",-35.793,-87.859,0,0,0,0,0,"",0,0,0,0,0,0,0,0,0,0
50,2,0,0,0,2,1,1,0,0,0,255,255,255,26,2792.978,"_이누_",R,0,140,0.338,0.913,0.031,1.885,-36.52,2,0,0,0,0,0,0,1,6,3,R,"559：広告",175.9,107,0.504,3,58,2794.029,173,109,21,115,144,86,36.373,35.574,-0.25,0.028,-0.122,0.195,0,0,0,-0.567,-36.753,"눈꽃",-0.034,-16.925,"アリアル",-24.044,-48.58,"˗ˋˏ 카피 ˎˊ˗",-14.246,-64.3,"Slaris",21.34,-49.107,"coder_",13.138,-66.02,"소솨소솨",30.113,-83.422,"ke ro",-0.155,-109.665,"Sabo_10",-36.698,-88.465,2798.88,-43.884,-72.551,2799.063,8,"Sabo_10",-43.05,-71.564,0,0,0,0,0,0,0,1
51,2,0,0,0,0,0,2,0,0,0,255,255,255,27,2825.708,"_이누_",R,0,127,-0.224,0.816,-0.021,1.848,-36.483,0,0,0,0,0,0,0,0,7,7,L,"alcohol500",163.6,95,0.376,0,58,0,0,0,0,0,0,0,0,0,0,0,0,0,0,0,0,-0.181,-37.419,"눈꽃",-0.063,-16.943,"アリアル",-23.469,-49.234,"˗ˋˏ 카피 ˎˊ˗",-15.568,-63.875,"Slaris",21.207,-48.61,"coder_",13.813,-64.446,"소솨소솨",36.112,-80.344,"ke ro",6.352,-98.339,"Sabo_10",-40.098,-84.208,0,0,0,0,0,"",0,0,0,0,0,0,0,0,0,0
52,2,0,0,0,0,1,2,0,0,0,255,255,255,28,2841.154,"_이누_",R,0,140,-1.557,-1.075,-0.145,1.579,-36.326,2,0,0,0,0,0,0,1,7,7,L,"alcohol500",163.6,95,0.376,3,58,2842.198,166,66,8,78,130,113,-30,42.024,0.7,0.027,-0.031,0.138,0,0,0,-0.41,-36.822,"눈꽃",-0.156,-16.91,"アリアル",-23.421,-49.162,"˗ˋˏ 카피 ˎˊ˗",-15.551,-63.804,"Slaris",21.217,-48.375,"coder_",13.737,-64.703,"소솨소솨",36.113,-80.352,"ke ro",3.831,-100.765,"Sabo_10",-41.638,-88.135,2842.296,-0.842,-19.227,2844.096,2,"アリアル",-19.575,-46.058,0,0,0,0,0,0,0,2
53,3,1,0,0,0,0,0,0,0,0,255,255,255,25,2894.83,"mochi_2929",R,33,133,1.84,0.318,0.33,1.431,-36.562,2,0,137.719,-40.543,2.179,0,0,1,7,7,R,"ke ro",160,92.297,0.4,2,58,2895.727,131,106,15,145,142,78,43.234,5.85,-0.45,-0.035,-0.046,0,0,0,0,-0.028,-37.495,"ゆっち一",0.034,-16.719,"CAT tourniquet",-21.859,-49.976,"559：広告",-10.666,-63.687,"にゃんこ3K",23.206,-52.725,"檸檬の残骸",15.408,-62.271,"sano jpn",39.12,-84.472,"alcohol500",0.289,-101.924,"あくせる",-32.69,-82.757,0,0,0,2901.063,5,"檸檬の残骸",-6.055,-71.091,0,0,0,0,0,0,0,1
54,3,1,0,0,0,0,1,0,0,0,255,255,255,26,2922.467,"mochi_2929",R,33,130,2.448,0.978,0.358,1.517,-36.534,4,0,127.628,-41.341,3.508,0.116,-19.892,1,8,6,R,"소솨소솨",175.2,95.565,0.5,0,58,0,0,0,0,0,0,0,0,0,0,0,0,0,0,0,0,-0.146,-37.733,"ゆっち一",-0.095,-17.469,"CAT tourniquet",-22.271,-49.768,"559：広告",-10.261,-64.628,"にゃんこ3K",22.845,-51.672,"檸檬の残骸",11.381,-65.65,"sano jpn",37.299,-82.463,"alcohol500",-2.458,-100.124,"あくせる",-32.978,-82.947,0,0,0,0,0,"",0,0,0,0,0,0,0,0,0,0
55,3,1,0,0,1,1,1,0,0,0,255,255,255,28,2976.784,"mochi_2929",R,3,76,-3.845,0.022,0.24,1.089,-36.498,1,0,-335.365,119.96,-15.859,0,0,0,8,6,R,"소솨소솨",175.2,95.565,0.5,0,58,0,0,0,0,0,0,0,0,0,0,0,0,0,0,0,0,-0.126,-37.802,"ゆっち一",-0.728,-16.473,"CAT tourniquet",-22.491,-49.561,"559：広告",-9.998,-65.19,"にゃんこ3K",22.093,-52.654,"檸檬の残骸",10.057,-66.357,"sano jpn",33.457,-93.081,"alcohol500",-2.802,-102.089,"あくせる",-31.971,-82.723,0,0,0,0,0,"",0,0,0,0,0,0,0,0,0,0
56,3,1,0,0,2,1,1,0,0,0,255,255,255,29,2990.913,"mochi_2929",R,33,137,-0.634,0.73,0.094,1.472,-36.246,2,0,138.001,-65.659,4.432,0,0,1,8,6,R,"소솨소솨",175.2,95.565,0.5,2,58,2991.768,184,95,0,167,141,83,38.916,27.33,-0.46,-0.003,-0.111,0.295,0,0,0,-0.242,-37.243,"ゆっち一",-0.043,-16.522,"CAT tourniquet",-22.469,-49.616,"559：広告",-10.072,-65.12,"にゃんこ3K",22.1,-52.385,"檸檬の残骸",12.582,-64.088,"sano jpn",33.458,-93.091,"alcohol500",-2.804,-102.278,"あくせる",-31.835,-82.877,2996.463,-24.929,-79.513,2996.563,8,"あくせる",-24.09,-77.337,0,0,0,0,0,0,0,1
57,3,1,0,0,0,0,2,0,0,0,255,255,255,30,3019.756,"mochi_2929",R,3,127,-3.049,-0.071,0.061,1.357,-36.367,4,0,-445.802,0,3.556,0,0,1,0,5,R,"coder_",164.9,94.897,0.404,0,58,0,0,0,0,0,0,0,0,0,0,0,0,0,0,0,0,-0.303,-37.998,"ゆっち一",-0.695,-16.526,"CAT tourniquet",-22.95,-50.513,"559：広告",-12.788,-63.765,"にゃんこ3K",22.154,-51.777,"檸檬の残骸",9.099,-64.014,"sano jpn",28.654,-90.609,"alcohol500",-5.281,-99.296,"あくせる",-28.367,-84.534,0,0,0,0,0,"",0,0,0,0,0,0,0,0,0,0
58,3,1,0,0,0,1,2,0,0,0,255,255,255,31,3037.053,"mochi_2929",R,32,134,0.706,-0.342,0.118,1.423,-36.266,2,0,174.168,-92.767,11.737,0,0,1,0,5,R,"coder_",164.9,94.897,0.404,3,56,3038.049,128,103,37,154,142,121,53.479,40.401,0.41,-0.114,-0.17,0.295,0,0,0,-0.235,-37.527,"ゆっち一",-0.041,-16.548,"CAT tourniquet",-22.893,-50.487,"559：広告",-12.196,-64.312,"にゃんこ3K",22.928,-51.878,"檸檬の残骸",11.37,-63.512,"sano jpn",28.649,-90.606,"alcohol500",-4.28,-99.74,"あくせる",-28.444,-84.659,3045.03,-71.21,-82.955,0,0,"",0,0,0,0,0,0,0,0,0,3
59,3,1,0,0,0,2,2,0,0,0,255,255,255,32,3060.842,"mochi_2929",R,32,140,-1.347,1.98,0.011,1.622,-36.23,2,0,209.913,-135.923,12.127,0,0,1,0,5,R,"coder_",164.9,94.897,0.404,3,56,3061.844,174,122,41,199,152,114,40.81,47.264,0.72,-0.206,-0.087,0.296,0,0,0,-0.293,-37.552,"ゆっち一",-0.125,-16.567,"CAT tourniquet",-22.893,-49.902,"559：広告",-13.671,-64.131,"にゃんこ3K",22.604,-52.166,"檸檬の残骸",12.586,-64.079,"sano jpn",29.897,-89.545,"alcohol500",-8.911,-101.973,"あくせる",-32.172,-80.853,3067.463,-85.559,-71.954,0,0,"",0,0,0,0,0,0,0,0,0,3
60,3,1,0,0,0,2,2,0,0,0,255,255,255,33,3081.36,"mochi_2929",R,0,126,-0.531,-0.457,0.194,1.071,-36.401,0,0,0,0,1.838,0,0,0,0,5,R,"coder_",164.9,94.897,0.404,0,56,0,0,0,0,0,0,0,0,0,0,0,0,0,0,0,0,-0.452,-37.942,"ゆっち一",-0.161,-16.634,"CAT tourniquet",-22.043,-48.588,"559：広告",-13.387,-63.601,"にゃんこ3K",22.453,-51.787,"檸檬の残骸",7.454,-63.147,"sano jpn",30.993,-86.311,"alcohol500",-9.208,-103.248,"あくせる",-36.237,-80.2,0,0,0,0,0,"",0,0,0,0,0,0,0,0,0,0
61,3,0,0,0,0,0,0,0,0,0,255,255,255,29,3138.018,"_이누_",R,0,129,1.765,0.415,0.166,1.885,-36.583,2,0,0,0,0,0,0,1,8,8,R,"あくせる",170,107,0.28,3,79,3139.089,174,115,28,153,146,84,42.268,-13.224,-0.49,0.028,-0.069,0.386,0,0,0,-0.33,-36.797,"눈꽃",0.114,-17.185,"アリアル",-23.444,-49.833,"˗ˋˏ 카피 ˎˊ˗",-15.368,-63.844,"Slaris",21.396,-50.665,"coder_",12.484,-65.233,"소솨소솨",28.722,-81.563,"ke ro",-1.081,-110.514,"Sabo_10",-42.734,-88.554,0,0,0,3144.396,5,"coder_",14.032,-76.795,0,0,0,0,0,0,0,1
62,3,0,0,0,0,0,1,0,0,0,255,255,255,30,3167.129,"_이누_",R,0,140,-5.867,0.672,0.003,1.803,-36.463,2,0,0,0,0,0,0,1,0,6,R,"sano jpn",160,99.636,0.323,3,58,3168.142,184,92,26,123,142,107,16.883,-5.022,0.17,-0.037,0.033,0.191,0,0,0,-0.629,-36.837,"눈꽃",-0.201,-17.015,"アリアル",-24.641,-50.468,"˗ˋˏ 카피 ˎˊ˗",-14.456,-63.891,"Slaris",20.44,-48.81,"coder_",11.217,-65.41,"소솨소솨",28.612,-82.444,"ke ro",-0.191,-102.539,"Sabo_10",-41.578,-83.554,3171.846,-0.77,-99.632,3171.996,7,"ke ro",-0.384,-95.829,0,0,0,0,0,0,0,1
63,3,0,0,0,0,0,2,0,0,0,255,255,255,31,3194.725,"_이누_",R,0,129,-1.57,-1.127,-0.218,1.493,-36.309,1,0,0,0,9.59,0,0,0,1,5,L,"檸檬の残骸",160,107,0.502,0,58,0,0,0,0,0,0,0,0,0,0,0,0,0,0,0,0,-0.425,-37.378,"눈꽃",-0.157,-16.972,"アリアル",-22.995,-49.741,"˗ˋˏ 카피 ˎˊ˗",-13.784,-64.381,"Slaris",20.073,-48.388,"coder_",13.646,-68.383,"소솨소솨",36.867,-76.736,"ke ro",1.84,-105.154,"Sabo_10",-37.617,-88.103,0,0,0,0,0,"",0,0,0,0,0,0,0,0,0,0
64,3,0,0,0,1,0,2,0,0,0,255,255,255,32,3208.623,"_이누_",R,13,107,-1.89,-1.839,-0.106,1.599,-36.355,2,0,-255.627,400,12.035,0,0,1,1,5,L,"檸檬の残骸",160,107,0.502,2,58,3209.702,177,123,55,128,155,120,-30,19.133,0.38,-0.034,-0.091,0.473,0,0,0,-0.578,-36.859,"눈꽃",-0.189,-16.976,"アリアル",-22.962,-49.731,"˗ˋˏ 카피 ˎˊ˗",-13.784,-64.335,"Slaris",19.936,-48.452,"coder_",13.201,-67.445,"소솨소솨",36.8,-76.796,"ke ro",-0.43,-103.999,"Sabo_10",-35.495,-87.322,3209.83,-0.551,-21.472,3211.946,3,"˗ˋˏ 카피 ˎˊ˗",-16.565,-56.331,0,2,0,0,0,0,0,2
65,4,1,0,0,0,0,0,0,0,0,255,255,255,34,3270.225,"mochi_2929",R,0,140,-2.859,0.5,-0.071,1.466,-36.422,2,0,0,0,0,0,0,0,1,9,L,"encounter v",190,100,0.447,3,58,3271.33,136,115,24,145,142,117,107.593,53.581,0.17,0.003,-0.134,0.458,0,0,0,-0.128,-37.436,"ゆっち一",-0.201,-16.612,"CAT tourniquet",-21.505,-49.539,"559：広告",-9.835,-65.639,"にゃんこ3K",24.317,-49.857,"檸檬の残骸",14.554,-62.671,"sano jpn",41.744,-83.628,"alcohol500",6.302,-106.1,"あくせる",-25.247,-87.646,0,0,0,0,0,"",0,0,0,0,0,0,0,0,0,3
66,4,1,0,0,0,1,0,0,0,0,255,255,255,35,3292.339,"mochi_2929",R,0,125,1.481,-0.684,0.332,1.235,-36.451,2,0,0,0,-24.965,0,0,1,1,9,L,"encounter v",190,100,0.447,3,50,3293.443,224,162,26,234,155,129,114.039,42.797,0.72,0.044,-0.165,0.537,0,0,0,0.083,-37.732,"ゆっち一",0.837,-16.627,"CAT tourniquet",-21.586,-49.548,"559：広告",-9.069,-65.821,"にゃんこ3K",24.937,-48.525,"檸檬の残骸",15.541,-62.934,"sano jpn",42.906,-86.305,"alcohol500",6.645,-103.883,"あくせる",-24.641,-88.857,0,0,0,0,0,"",0,0,0,0,0,0,0,0,0,3
67,4,1,0,0,0,2,0,0,0,0,255,255,255,36,3311.503,"mochi_2929",R,38,89,-0.92,0.427,0.032,1.508,-37.043,2,0,0,0,0,0,0,0,1,9,L,"encounter v",190,100,0.447,3,50,3312.857,137,128,39,153,143,86,56.232,10.53,-0.28,0.028,-0.265,0.586,0,0,0,0.038,-37.809,"ゆっち一",-0.102,-16.689,"CAT tourniquet",-21.558,-49.548,"559：広告",-9.308,-65.17,"にゃんこ3K",24.484,-49.071,"檸檬の残骸",15.621,-62.63,"sano jpn",39.375,-81.422,"alcohol500",5.504,-101.942,"あくせる",-23.11,-89.703,0,0,0,3318.696,3,"559：広告",-7.436,-70.295,0,0,0,0,0,0,0,1
68,4,1,0,0,0,0,1,0,0,0,255,255,255,37,3343.818,"mochi_2929",R,34,140,-2.109,0.35,-0.016,1.442,-36.388,4,0,90.154,-67.706,3.944,0.001,-20.829,1,2,1,L,"눈꽃",190,94.886,0.496,0,58,0,0,0,0,0,0,0,0,0,0,0,0,0,0,0,0,-0.09,-37.824,"ゆっち一",-0.078,-17.358,"CAT tourniquet",-21.318,-50.555,"559：広告",-10.846,-64.664,"にゃんこ3K",24.27,-48.729,"檸檬の残骸",13.133,-63.248,"sano jpn",38.928,-81.981,"alcohol500",0.366,-105.344,"あくせる",-25.399,-87.49,0,0,0,0,0,"",0,0,0,0,0,0,0,0,0,0
69,4,1,0,0,0,1,1,0,0,0,255,255,255,38,3363.86,"mochi_2929",R,0,122,1.681,-0.522,0.351,1.266,-36.452,2,0,0,0,-9.822,0,0,1,2,1,L,"눈꽃",190,94.886,0.496,3,58,3364.776,178,146,48,168,155,111,-11.376,-17.252,0.9,0.121,-0.071,0.147,0,0,0,-0.232,-37.575,"ゆっち一",0.642,-16.648,"CAT tourniquet",-21.425,-50.513,"559：広告",-9.636,-64.507,"にゃんこ3K",24.115,-48.861,"檸檬の残骸",12.823,-64.309,"sano jpn",38.595,-82.369,"alcohol500",0.992,-104.214,"あくせる",-25.434,-87.456,3365.013,1.461,-24.134,3374.613,7,"alcohol500",19.001,-121.418,1,4,0,0,0,0,0,2
70,4,1,0,0,0,0,2,0,0,0,255,255,255,39,3475.854,"mochi_2929",R,34,125,-0.812,0.541,0.087,1.456,-36.332,0,0,92.584,-39.004,-1.098,0,0,1,3,8,L,"Sabo_10",184.7,94,0.597,0,80,0,0,0,0,0,0,0,0,0,0,0,0,0,0,0,0,-0.33,-38.006,"ゆっち一",-0.118,-16.68,"CAT tourniquet",-22.207,-50.304,"559：広告",-9.539,-64.924,"にゃんこ3K",23.919,-49.065,"檸檬の残骸",11.052,-63.544,"sano jpn",37.363,-81.633,"alcohol500",2.323,-102.025,"あくせる",-25.85,-89.383,0,0,0,0,0,"",0,0,0,0,0,0,0,0,0,0
71,4,1,0,0,0,1,2,0,0,0,255,255,255,40,3491.812,"mochi_2929",R,32,134,-0.449,0.268,0.286,1.038,-36.518,0,0,153.938,-19.974,-3.562,0,0,1,3,8,L,"Sabo_10",184.7,94,0.597,0,80,0,0,0,0,0,0,0,0,0,0,0,0,0,0,0,0,-0.233,-38.11,"ゆっち一",-0.124,-16.687,"CAT tourniquet",-21.723,-48.891,"559：広告",-9.531,-64.993,"にゃんこ3K",23.994,-49.085,"檸檬の残骸",13.165,-63.257,"sano jpn",37.359,-81.61,"alcohol500",2.734,-101.141,"あくせる",-25.795,-89.289,0,0,0,0,0,"",0,0,0,0,0,0,0,0,0,0
72,4,1,0,0,0,2,2,0,0,0,255,255,255,41,3507.954,"mochi_2929",R,33,134,2.881,0.265,0.368,1.246,-36.703,1,0,138.285,-21.955,-3.737,0,0,0,3,8,L,"Sabo_10",184.7,94,0.597,0,80,0,0,0,0,0,0,0,0,0,0,0,0,0,0,0,0,-0.42,-37.812,"ゆっち一",0.015,-16.695,"CAT tourniquet",-21.601,-48.58,"559：広告",-8.58,-64.135,"にゃんこ3K",23.952,-49.11,"檸檬の残骸",14.951,-61.979,"sano jpn",37.352,-81.637,"alcohol500",2.695,-100.677,"あくせる",-25.573,-88.705,0,0,0,0,0,"",0,0,0,0,0,0,0,0,0,0
73,4,1,0,0,1,2,2,0,0,0,255,255,255,42,3523.348,"mochi_2929",R,33,122,2.266,0.341,0.333,1.264,-36.724,2,0,116.249,-20.081,-3.163,0,0,1,3,8,L,"Sabo_10",184.7,94,0.597,3,80,3524.348,149,129,40,169,145,95,17.755,-11.028,0.94,0.129,-0.148,0.341,0,0,0,-0.217,-37.391,"ゆっち一",0.012,-16.831,"CAT tourniquet",-22.062,-49.531,"559：広告",-9.871,-64.81,"にゃんこ3K",23.893,-49.003,"檸檬の残骸",15.775,-62.267,"sano jpn",37.276,-81.718,"alcohol500",2.1,-101.658,"あくせる",-23.039,-91.997,3527.23,18.697,-77.224,3528.496,6,"sano jpn",24.351,-89.405,1,0,0,0,0,0,0,2
74,4,1,0,0,0,0,2,1,0,0,8,255,255,43,3555.979,"mochi_2929",R,3,123,0.087,-0.033,0.35,1.36,-36.644,2,0,-407.092,0,-3.916,0,0,1,4,4,R,"Slaris",185.1,92,0.451,3,58,3556.95,174,110,30,154,145,130,3.014,-3.257,0.47,0.051,-0.056,0.328,0,0,0,-0.132,-37.526,"ゆっち一",-0.776,-16.753,"CAT tourniquet",-20.293,-42.317,"559：広告",-9.754,-64.317,"にゃんこ3K",20.756,-50.031,"檸檬の残骸",12.179,-64.044,"sano jpn",36.116,-82.171,"alcohol500",-4.517,-102.67,"あくせる",-33.397,-80.8,3563.08,9.486,-132.429,3565.78,7,"alcohol500",10.78,-123.372,1,0,0,0,0,0,0,2
75,4,1,1,0,0,0,2,0,1,0,255,4,255,44,3603.337,"mochi_2929",R,34,117,2.268,0.294,0.355,1.449,-36.625,2,0,61.118,-0.963,0.022,0,0,1,5,2,R,"アリアル",190,95,0.5,2,58,3604.281,233,195,68,255,155,97,19.319,38.504,-0.44,-0.042,0.001,0.464,0,0,0,0.088,-37.153,"ゆっち一",-0.018,-16.623,"CAT tourniquet",-21.891,-48.636,"559：広告",-7.858,-62.337,"にゃんこ3K",21.288,-46.078,"檸檬の残骸",13.71,-60.071,"sano jpn",34.644,-82.81,"alcohol500",-2.031,-108.891,"あくせる",-34.702,-81.565,0,0,0,3607.696,8,"あくせる",-30.998,-74.444,0,0,0,0,0,0,0,1
76,4,0,1,0,0,0,0,0,0,0,255,255,255,33,3657.633,"_이누_",R,0,140,1.217,0.757,0.113,1.881,-36.5,0,0,0,0,0,0,0,1,2,0,R,"mochi_2929",190,97.434,0.449,0,58,0,0,0,0,0,0,0,0,0,0,0,0,0,0,0,0,-0.438,-37.155,"눈꽃",-0.296,-16.864,"アリアル",-24.209,-50.48,"˗ˋˏ 카피 ˎˊ˗",-14.524,-63.511,"Slaris",21.383,-49.621,"coder_",12.445,-65.746,"소솨소솨",28.496,-84.352,"ke ro",-0.683,-107.885,"Sabo_10",-38.593,-85.734,0,0,0,0,0,"",0,0,0,0,0,0,0,0,0,0
77,4,0,1,0,0,1,0,0,0,0,255,255,255,34,3674.522,"_이누_",R,0,126,1.99,-0.799,0.146,1.824,-36.479,2,0,0,0,0,0,0,1,2,0,R,"mochi_2929",190,97.434,0.449,3,58,3675.603,151,124,40,160,144,90,40.888,7.867,-0.46,0.023,-0.114,0.264,0,0,0,-0.6,-36.711,"눈꽃",0.147,-17.054,"アリアル",-24.215,-50.475,"˗ˋˏ 카피 ˎˊ˗",-15.226,-63.678,"Slaris",21.335,-49.407,"coder_",12.647,-65.24,"소솨소솨",28.538,-84.35,"ke ro",-0.114,-108.11,"Sabo_10",-39.484,-86.358,3680.946,-13.813,-85.651,3682.013,7,"ke ro",-14.985,-90.752,1,0,0,0,0,0,0,2
78,4,0,1,0,0,0,0,1,0,0,9,255,255,35,3706.837,"_이누_",R,0,132,1.512,-0.462,0.079,1.617,-36.322,2,0,0,0,0,0,0,0,3,1,R,"ゆっち一",190,100,0.38,3,71,3707.916,184,116,33,179,149,129,-0.84,28.176,0.43,-0.117,-0.164,0.4,0,0,0,-0.596,-36.673,"눈꽃",0.151,-17.109,"アリアル",-19.852,-41.322,"˗ˋˏ 카피 ˎˊ˗",-14.734,-64.666,"Slaris",21.479,-51.063,"coder_",10.007,-63.848,"소솨소솨",32.284,-89.206,"ke ro",-2.869,-105.721,"Sabo_10",-34.458,-81.604,3708.43,-7.151,-32.921,3710.48,8,"Sabo_10",-27.91,-73.066,0,8,0,0,0,0,0,2
79,4,0,1,0,0,0,2,0,0,0,255,255,255,36,3740.203,"_이누_",R,0,138,0.564,0.402,0.052,1.808,-36.39,2,0,0,0,0,0,0,1,4,4,R,"にゃんこ3K",190,104.126,0.602,3,58,3741.222,236,135,54,125,155,130,32.945,-43.334,0.37,-0.035,-0.105,0.341,0,0,0,-0.391,-36.59,"눈꽃",0.109,-16.932,"アリアル",-23.1,-48.782,"˗ˋˏ 카피 ˎˊ˗",-15.325,-62.391,"Slaris",20.471,-50.693,"coder_",12.919,-66.229,"소솨소솨",29.393,-87.248,"ke ro",-3.266,-99.994,"Sabo_10",-36.496,-84.381,3745.78,77.029,-96.261,0,0,"",0,0,0,0,0,0,0,0,0,3
80,4,0,1,0,0,1,2,0,0,0,255,255,255,37,3768.325,"_이누_",R,11,116,0.018,-0.061,0.002,1.81,-36.522,2,0,0,166.312,2.049,0,0,0,4,4,R,"にゃんこ3K",190,104.126,0.602,3,58,3769.485,77,57,39,76,107,66,-30,39.806,0.97,-0.104,-0.182,0.132,0,0,0,-0.588,-36.82,"눈꽃",-0.341,-17.126,"アリアル",-24.422,-50.364,"˗ˋˏ 카피 ˎˊ˗",-16.023,-63.389,"Slaris",21.564,-49.705,"coder_",14.837,-65.362,"소솨소솨",29.209,-85.679,"ke ro",-1.131,-102.764,"Sabo_10",-38.108,-85.495,3769.663,-1.066,-20.213,3772.38,2,"アリアル",-18.621,-44.322,0,0,0,0,0,0,0,2
81,5,1,1,0,0,0,0,0,0,0,255,255,255,45,3823.961,"mochi_2929",R,34,123,0.104,0.726,0.177,1.468,-36.626,0,0,75.248,-24.145,-0.186,0,0,1,6,3,L,"˗ˋˏ 카피 ˎˊ˗",167.3,88.492,0.554,0,58,0,0,0,0,0,0,0,0,0,0,0,0,0,0,0,0,-0.127,-37.934,"ゆっち一",-0.07,-16.586,"CAT tourniquet",-22.956,-54.412,"559：広告",-9.706,-65.685,"にゃんこ3K",23.857,-47.855,"檸檬の残骸",15.04,-61.081,"sano jpn",37.554,-83.911,"alcohol500",4.198,-102.367,"あくせる",-25.323,-88.262,0,0,0,0,0,"",0,0,0,0,0,0,0,0,0,0
82,5,1,1,0,0,1,0,0,0,0,255,255,255,46,3836.512,"mochi_2929",R,0,133,-1.801,0.946,0.06,1.539,-36.391,2,0,0,0,0,0,0,1,6,3,L,"˗ˋˏ 카피 ˎˊ˗",167.3,88.492,0.554,3,58,3837.602,157,78,35,95,141,81,40.335,-39.957,-0.46,0.053,-0.059,0.155,0,0,0,-0.067,-37.601,"ゆっち一",-0.116,-16.754,"CAT tourniquet",-21.35,-52.592,"559：広告",-9.663,-65.551,"にゃんこ3K",23.847,-47.892,"檸檬の残骸",16.87,-61.36,"sano jpn",37.558,-83.924,"alcohol500",4.174,-102.467,"あくせる",-25.409,-88.314,3842.446,43.027,-64.654,3842.746,6,"sano jpn",42.876,-64.5,1,0,0,0,0,0,0,2
83,5,1,1,0,0,0,0,1,0,0,3,255,255,47,3868.977,"mochi_2929",R,34,132,0.218,0.603,0.183,1.438,-36.392,2,0,99.377,-43.043,5.08,0,0,1,7,7,R,"ke ro",160,92.297,0.4,2,58,3869.983,141,89,7,127,139,79,98.199,-47.929,-0.21,0,-0.063,0,0,0,0,-0.232,-37.365,"ゆっち一",0.052,-16.654,"CAT tourniquet",-19.737,-41.532,"559：広告",-8.913,-63.564,"にゃんこ3K",19.192,-48.377,"檸檬の残骸",14.292,-63.584,"sano jpn",33.253,-82.178,"alcohol500",-2.332,-101.004,"あくせる",-30.854,-81.96,3876.08,-12.413,-10.163,3876.146,1,"ゆっち一",-12.092,-10.399,0,0,0,0,0,0,0,1
84,5,1,1,0,0,0,1,1,0,0,3,255,255,48,3900.767,"mochi_2929",R,34,127,1.064,0.725,0.267,1.486,-36.489,2,0,77.731,-4.533,-2.004,0,0,1,8,6,R,"소솨소솨",175.2,95.565,0.5,2,58,3901.595,190,117,21,221,147,86,46.753,-23.863,-0.53,0.013,-0.175,0.416,0,0,0,-0.102,-37.361,"ゆっち一",0.178,-16.577,"CAT tourniquet",-19.768,-43.491,"559：広告",-10.148,-63.656,"にゃんこ3K",19.166,-47.769,"檸檬の残骸",13.507,-63.64,"sano jpn",32.364,-86.837,"alcohol500",-0.938,-102.579,"あくせる",-34.131,-79.579,0,0,0,3906.996,5,"檸檬の残骸",23.616,-72.927,0,0,0,0,0,0,0,1
85,5,1,1,0,0,0,2,1,0,0,3,255,255,49,3931.738,"mochi_2929",R,3,125,-3.199,-0.483,0.025,1.297,-36.332,4,0,-383.05,0,11.257,0,0,1,0,5,R,"coder_",164.9,94.897,0.404,0,58,0,0,0,0,0,0,0,0,0,0,0,0,0,0,0,0,-0.362,-37.95,"ゆっち一",-0.51,-16.692,"CAT tourniquet",-19.796,-45.018,"559：広告",-8.709,-61.267,"にゃんこ3K",19.085,-48.563,"檸檬の残骸",10.433,-62.293,"sano jpn",34.825,-83.808,"alcohol500",-2.326,-101.341,"あくせる",-35.378,-79.073,0,0,0,0,0,"",0,0,0,0,0,0,0,0,0,0
86,5,1,1,0,0,1,2,1,0,0,3,255,255,50,3948.848,"mochi_2929",R,32,132,2.429,0.866,0.542,1.116,-36.572,2,0,185.195,-8.3,-6.596,0,0,1,0,5,R,"coder_",164.9,94.897,0.404,3,57,3949.922,148,63,14,110,129,74,36.906,40.891,-0.37,-0.04,-0.087,0.076,0,0,0,-0.018,-37.325,"ゆっち一",0.045,-16.683,"CAT tourniquet",-19.36,-44.784,"559：広告",-11.091,-63.339,"にゃんこ3K",21.201,-51.189,"檸檬の残骸",13.8,-62.03,"sano jpn",35.002,-83.707,"alcohol500",-3.075,-101.909,"あくせる",-35.369,-79.016,3954.596,-39.999,-62.011,3955.446,8,"あくせる",-43.128,-65.267,1,0,0,0,0,0,0,2
87,5,1,1,0,0,0,2,1,1,0,5,3,255,51,3988.372,"mochi_2929",R,34,124,-2.09,1.291,-0.031,1.602,-36.362,1,0,88.731,-55.265,4.457,0,0,0,1,9,L,"encounter v",190,100,0.447,0,58,0,0,0,0,0,0,0,0,0,0,0,0,0,0,0,0,-0.385,-37.98,"ゆっち一",-0.265,-16.342,"CAT tourniquet",-20.412,-45.843,"559：広告",-5.714,-63.793,"にゃんこ3K",21.784,-46.101,"檸檬の残骸",12.966,-61.497,"sano jpn",45.073,-85.845,"alcohol500",6.072,-103.657,"あくせる",-25.762,-84.419,0,0,0,0,0,"",0,0,0,0,0,0,0,0,0,0
88,5,1,1,0,1,0,2,1,1,0,5,3,255,52,4007.572,"mochi_2929",R,33,137,-3.159,0.351,-0.143,1.415,-36.172,1,0,146.109,-87.079,5.354,0,0,0,1,9,L,"encounter v",190,100,0.447,0,58,0,0,0,0,0,0,0,0,0,0,0,0,0,0,0,0,-0.069,-38.186,"ゆっち一",-0.283,-16.444,"CAT tourniquet",-18.659,-45.003,"559：広告",-6.747,-63.444,"にゃんこ3K",21.983,-45.993,"檸檬の残骸",13.787,-60.966,"sano jpn",45.156,-85.034,"alcohol500",6.098,-103.532,"あくせる",-25.587,-85.182,0,0,0,0,0,"",0,0,0,0,0,0,0,0,0,0
89,5,1,1,0,2,0,2,1,1,0,5,3,255,53,4029.091,"mochi_2929",R,34,102,-0.636,0.185,0.061,1.413,-36.485,2,0,67.227,-12.213,6.399,0,0,1,1,9,L,"encounter v",190,100,0.447,3,58,4030.281,108,154,47,217,141,96,32.852,39.651,0.93,0.03,-0.145,0.561,0,0,0,-0.431,-37.527,"ゆっち一",-0.135,-16.627,"CAT tourniquet",-19.959,-43.055,"559：広告",-9.179,-64.549,"にゃんこ3K",21.569,-46.779,"檸檬の残骸",16.99,-62.005,"sano jpn",45.163,-85.043,"alcohol500",6.505,-102.837,"あくせる",-25.52,-85.2,4035.163,-50.012,-85.598,4039.08,8,"あくせる",-57.125,-96.856,1,0,0,0,0,0,0,2
90,5,1,3,0,0,0,2,0,1,0,255,0,255,54,4073.687,"mochi_2929",R,33,140,-1.794,1.324,0.062,1.486,-36.455,2,0,122.545,-21.146,1.318,0,0,1,2,1,L,"눈꽃",190,94.886,0.496,3,58,4074.619,177,134,28,206,154,96,41.208,25.513,-0.44,0.021,0.005,0.101,0,0,0,-0.234,-37.529,"ゆっち一",-0.146,-16.535,"CAT tourniquet",-21.654,-50.933,"559：広告",-9.394,-65.659,"にゃんこ3K",21.734,-48.174,"檸檬の残骸",15.395,-61.432,"sano jpn",39.508,-86.774,"alcohol500",0.43,-103.502,"あくせる",-26.322,-87.214,4080.196,-37.467,-84.295,4080.296,8,"あくせる",-36.734,-83.076,0,0,0,0,0,0,0,1
91,5,0,3,0,0,0,0,0,0,0,255,255,255,38,4139.865,"_이누_",R,0,125,8.379,2.068,0.646,1.832,-37.094,1,0,0,0,2.198,2.316,-6.256,0,5,2,L,"CAT tourniquet",190,95.214,0.357,0,58,0,0,0,0,0,0,0,0,0,0,0,0,0,0,0,0,-0.02,-37.671,"눈꽃",0.87,-16.712,"アリアル",-23.827,-50.639,"˗ˋˏ 카피 ˎˊ˗",-13.601,-65.152,"Slaris",21.142,-50.626,"coder_",13.55,-65.044,"소솨소솨",36.605,-77.331,"ke ro",5.676,-110.22,"Sabo_10",-36.924,-83.921,0,0,0,0,0,"",0,0,0,0,0,0,0,0,0,0
92,5,0,3,0,1,0,0,0,0,0,255,255,255,39,4158.457,"_이누_",R,3,120,-0.405,-0.255,0.162,1.653,-36.439,0,0,-398.662,0,4.484,0,0,0,5,2,L,"CAT tourniquet",190,95.214,0.357,0,58,0,0,0,0,0,0,0,0,0,0,0,0,0,0,0,0,0.039,-37.415,"눈꽃",0.033,-16.932,"アリアル",-23.892,-50.761,"˗ˋˏ 카피 ˎˊ˗",-13.592,-65.132,"Slaris",22.14,-51.426,"coder_",13.039,-65.15,"소솨소솨",36.692,-77.297,"ke ro",5.068,-109.817,"Sabo_10",-35.502,-83.813,0,0,0,0,0,"",0,0,0,0,0,0,0,0,0,0
93,5,0,3,0,1,1,0,0,0,0,255,255,255,40,4171.902,"_이누_",R,0,140,-1.911,-0.132,-0.178,1.709,-36.452,4,0,0,0,0,0,0,1,5,2,L,"CAT tourniquet",190,95.214,0.357,0,58,0,0,0,0,0,0,0,0,0,0,0,0,0,0,0,0,0.004,-37.337,"눈꽃",-0.163,-16.934,"アリアル",-23.891,-50.79,"˗ˋˏ 카피 ˎˊ˗",-13.599,-65.139,"Slaris",22.071,-51.203,"coder_",12.81,-65.287,"소솨소솨",36.764,-77.268,"ke ro",5.336,-109.823,"Sabo_10",-34.868,-83.665,0,0,0,0,0,"",0,0,0,0,0,0,0,0,0,0
94,5,0,3,0,1,2,0,0,0,0,255,255,255,41,4189.585,"_이누_",R,0,140,-1.64,-0.875,-0.153,1.565,-36.412,2,0,0,0,0,0,0,1,5,2,L,"CAT tourniquet",190,95.214,0.357,3,58,4190.492,103,130,56,139,141,88,-31.35,-6.756,-0.45,0.067,-0.133,0.524,0,0,0,-0.426,-36.888,"눈꽃",-0.125,-17.123,"アリアル",-23.856,-50.765,"˗ˋˏ 카피 ˎˊ˗",-13.517,-64.994,"Slaris",22.12,-51.063,"coder_",13.004,-66.498,"소솨소솨",36.701,-77.29,"ke ro",5.022,-109.842,"Sabo_10",-35.012,-84.465,4190.646,-0.19,-21.098,4193.413,5,"coder_",4.113,-62.395,0,0,0,0,0,0,0,2
95,5,0,3,0,0,0,1,0,0,0,255,255,255,42,4222.31,"_이누_",R,14,104,1.582,-1.529,0.003,1.563,-36.39,2,0,344.007,342.944,4.395,0,0,1,6,3,R,"559：広告",175.9,107,0.504,3,58,4223.449,255,193,61,186,155,65,-30,31.942,1,0.036,-0.121,0.324,0,0,0,-0.733,-36.759,"눈꽃",0.047,-17.019,"アリアル",-23.814,-50.01,"˗ˋˏ 카피 ˎˊ˗",-15.267,-64.055,"Slaris",20.448,-49.425,"coder_",13.196,-64.579,"소솨소솨",30.633,-81.639,"ke ro",0.543,-105.156,"Sabo_10",-37.392,-82.501,4223.613,-0.202,-21.795,4226.746,3,"˗ˋˏ 카피 ˎˊ˗",-17.18,-51.35,1,0,0,0,0,0,0,2
96,5,0,3,0,0,0,1,0,1,0,255,255,255,43,4317.978,"_이누_",R,0,136,-1.538,-0.763,-0.143,1.623,-36.388,1,0,0,0,0,0,0,0,7,7,L,"alcohol500",163.6,95,0.376,0,58,0,0,0,0,0,0,0,0,0,0,0,0,0,0,0,0,-0.175,-37.479,"눈꽃",-0.131,-16.953,"アリアル",-23.415,-50.076,"˗ˋˏ 카피 ˎˊ˗",-14.735,-64.295,"Slaris",21.663,-48.718,"coder_",13.832,-63.048,"소솨소솨",34.263,-79.906,"ke ro",0.129,-103.716,"Sabo_10",-38.334,-78.894,0,0,0,0,0,"",0,0,0,0,0,0,0,0,0,0
97,5,0,3,0,1,0,1,0,1,0,255,255,255,44,4330.352,"_이누_",R,0,140,-2.276,-1.141,-0.028,1.735,-36.45,2,0,0,0,0,0,0,1,7,7,L,"alcohol500",163.6,95,0.376,3,58,4331.403,151,87,17,104,141,80,27.592,-23.619,-0.29,-0.008,-0.035,0.245,0,0,0,-0.468,-36.878,"눈꽃",-0.148,-17.032,"アリアル",-23.465,-50.085,"˗ˋˏ 카피 ˎˊ˗",-14.721,-64.275,"Slaris",21.36,-48.103,"coder_",13.789,-64.568,"소솨소솨",34.185,-79.966,"ke ro",0.229,-103.772,"Sabo_10",-39.8,-81.317,0,0,0,4336.063,6,"소솨소솨",24.478,-76.524,0,0,0,0,0,0,0,1
98,5,0,3,0,0,0,2,0,1,0,255,255,255,45,4361.772,"_이누_",R,0,127,1.879,0.609,0.175,1.826,-36.507,1,0,0,0,0,0,0,0,8,8,R,"あくせる",170,107,0.28,0,58,0,0,0,0,0,0,0,0,0,0,0,0,0,0,0,0,0.091,-37.373,"눈꽃",0.168,-16.96,"アリアル",-23.217,-49.182,"˗ˋˏ 카피 ˎˊ˗",-14.472,-64.115,"Slaris",21.046,-49.014,"coder_",10.394,-63.295,"소솨소솨",28.525,-80.142,"ke ro",0.358,-105.946,"Sabo_10",-36.456,-79.152,0,0,0,0,0,"",0,0,0,0,0,0,0,0,0,0
99,5,0,3,0,1,0,2,0,1,0,255,255,255,46,4377.281,"_이누_",R,0,140,-3.173,0.556,0.011,1.455,-36.345,2,0,0,0,0,0,0,1,8,8,R,"あくせる",170,107,0.28,3,58,4378.283,215,111,7,174,144,124,-30,-40.013,0.62,-0.025,-0.103,0.351,0,0,0,-0.232,-36.847,"눈꽃",0.117,-17.098,"アリアル",-24.062,-50.143,"˗ˋˏ 카피 ˎˊ˗",-14.462,-64.139,"Slaris",21.061,-48.83,"coder_",11.936,-65.649,"소솨소솨",28.514,-80.134,"ke ro",-0.91,-107.431,"Sabo_10",-38.154,-80.539,4378.396,0.428,-20.604,4379.946,4,"Slaris",22.006,-46.278,0,0,0,0,0,0,0,2
100,6,1,3,0,0,0,0,0,0,0,255,255,255,55,4441.241,"mochi_2929",R,33,131,-2.784,0.512,-0.099,1.446,-36.332,4,0,106.558,-57.631,9.475,0,0,1,3,8,L,"Sabo_10",184.7,94,0.597,0,58,0,0,0,0,0,0,0,0,0,0,0,0,0,0,0,0,-0.408,-38.028,"ゆっち一",-0.15,-16.212,"CAT tourniquet",-20.948,-49.082,"559：広告",-9.552,-65.374,"にゃんこ3K",23.621,-48.99,"檸檬の残骸",11.048,-64.284,"sano jpn",37.868,-85.524,"alcohol500",1.283,-101.414,"あくせる",-27.073,-85.217,0,0,0,0,0,"",0,0,0,0,0,0,0,0,0,0
101,6,1,3,0,1,1,0,0,0,0,255,255,255,57,4525.854,"mochi_2929",R,32,140,-2.088,0.477,0.127,1.077,-36.182,4,0,194.32,-19.914,3.474,0,0,1,3,8,L,"Sabo_10",184.7,94,0.597,0,80,0,0,0,0,0,0,0,0,0,0,0,0,0,0,0,0,-0.149,-38.013,"ゆっち一",-0.109,-16.631,"CAT tourniquet",-20.581,-45.997,"559：広告",-11.406,-64.028,"にゃんこ3K",24.312,-49.52,"檸檬の残骸",14.535,-62.089,"sano jpn",36.505,-84.337,"alcohol500",1.575,-103.125,"あくせる",-26.876,-85.449,0,0,0,0,0,"",0,0,0,0,0,0,0,0,0,0
102,6,1,3,0,1,2,0,0,0,0,255,255,255,58,4542.66,"mochi_2929",R,33,140,0.584,1.969,0.262,1.475,-36.4,1,0,118.754,-93.533,0.077,0,0,0,3,8,L,"Sabo_10",184.7,94,0.597,0,80,0,0,0,0,0,0,0,0,0,0,0,0,0,0,0,0,-0.22,-37.944,"ゆっち一",-0.106,-16.633,"CAT tourniquet",-20.466,-45.693,"559：広告",-11.332,-64.309,"にゃんこ3K",24.616,-49.485,"檸檬の残骸",15.474,-61.842,"sano jpn",36.572,-85.039,"alcohol500",1.667,-103.289,"あくせる",-27.036,-85.466,0,0,0,0,0,"",0,0,0,0,0,0,0,0,0,0
103,6,1,3,0,2,2,0,0,0,0,255,255,255,59,4559.183,"mochi_2929",R,0,122,1.815,0.107,0.363,1.013,-36.683,1,0,0,0,-11.086,0.617,-16.532,0,3,8,L,"Sabo_10",184.7,94,0.597,0,80,0,0,0,0,0,0,0,0,0,0,0,0,0,0,0,0,0.015,-38,"ゆっち一",-0.006,-16.717,"CAT tourniquet",-20.477,-45.689,"559：広告",-11.302,-64.076,"にゃんこ3K",24.588,-49.454,"檸檬の残骸",14.851,-62.843,"sano jpn",36.793,-84.759,"alcohol500",1.807,-102.999,"あくせる",-27.026,-85.445,0,0,0,0,0,"",0,0,0,0,0,0,0,0,0,0
104,6,1,3,0,3,2,0,0,0,0,255,255,255,60,4575.784,"mochi_2929",R,33,133,1.296,0.427,0.323,1.202,-36.43,2,0,138.564,-81.157,-3.991,0,0,1,3,8,L,"Sabo_10",184.7,94,0.597,3,80,4576.775,126,101,26,153,141,126,104.333,50.231,0.43,0.161,-0.184,0.255,0,0,0,-0.125,-37.537,"ゆっち一",-0.134,-16.696,"CAT tourniquet",-20.828,-46.622,"559：広告",-11.491,-64.18,"にゃんこ3K",24.808,-49.298,"檸檬の残骸",16.965,-62.738,"sano jpn",36.041,-86.555,"alcohol500",0.763,-103.057,"あくせる",-26.246,-90.195,0,0,0,0,0,"",0,0,0,0,0,0,0,0,0,3
105,6,1,3,0,3,2,0,0,0,0,255,255,255,61,4595.705,"mochi_2929",R,0,102,-0.333,-0.272,0.173,1.18,-36.951,0,0,0,0,0,0,0,1,3,8,L,"Sabo_10",184.7,94,0.597,0,80,0,0,0,0,0,0,0,0,0,0,0,0,0,0,0,0,-0.222,-37.987,"ゆっち一",-0.059,-16.676,"CAT tourniquet",-21.383,-46.852,"559：広告",-10.474,-64.59,"にゃんこ3K",25.157,-49.085,"檸檬の残骸",14.061,-64.064,"sano jpn",35.968,-86.53,"alcohol500",2.47,-99.921,"あくせる",-25.805,-88.897,0,0,0,0,0,"",0,0,0,0,0,0,0,0,0,0
106,6,1,3,0,0,0,1,0,0,0,255,255,255,62,4620.864,"mochi_2929",R,32,140,-0.284,0.509,0.306,1.077,-36.326,2,0,151.898,-43.365,2.542,0,0,1,4,4,R,"Slaris",185.1,92,0.451,3,58,4621.79,157,97,18,132,142,87,93.009,-80.41,-0.47,0.021,-0.047,0.311,0,0,0,-0.048,-37.391,"ゆっち一",-0.028,-16.457,"CAT tourniquet",-22.657,-48.423,"559：広告",-11.411,-64.76,"にゃんこ3K",23.043,-52.989,"檸檬の残骸",13.891,-63.243,"sano jpn",36.089,-86.173,"alcohol500",-2.544,-101.191,"あくせる",-34.394,-81.12,4628.229,-26.483,-17.624,0,0,"",0,0,0,0,0,0,0,0,0,3
107,6,1,3,0,0,1,1,0,0,0,255,255,255,63,4643.118,"mochi_2929",R,3,122,-2.88,-0.404,0.074,0.919,-36.375,4,0,-414.132,0,-3.863,0,0,1,4,4,R,"Slaris",185.1,92,0.451,0,72,0,0,0,0,0,0,0,0,0,0,0,0,0,0,0,0,0.007,-38.229,"ゆっち一",-0.647,-16.543,"CAT tourniquet",-22.519,-48.659,"559：広告",-13.122,-63.636,"にゃんこ3K",22.934,-52.071,"檸檬の残骸",11.042,-62.696,"sano jpn",37.166,-89.27,"alcohol500",-3.226,-98.87,"あくせる",-35.964,-80.696,0,0,0,0,0,"",0,0,0,0,0,0,0,0,0,0
108,6,1,3,0,0,2,1,0,0,0,255,255,255,64,4656.076,"mochi_2929",R,10,116,-0.148,-1.607,0.181,0.986,-36.318,2,0,141.37,400,-22.79,0,0,1,4,4,R,"Slaris",185.1,92,0.451,3,72,4657.106,130,121,30,172,142,87,-48.639,-27.873,-0.45,-0.067,-0.129,0.37,0,0,0,-0.211,-37.598,"ゆっち一",-0.092,-16.634,"CAT tourniquet",-22.636,-48.674,"559：広告",-12.315,-64.039,"にゃんこ3K",22.83,-52.023,"檸檬の残骸",13.951,-62.377,"sano jpn",36.093,-88.32,"alcohol500",-3.312,-99.454,"あくせる",-35.976,-80.732,4657.213,0.124,-20.446,4659.763,4,"にゃんこ3K",14.817,-48.239,0,16,0,0,0,0,0,2
109,6,1,3,0,0,0,2,0,0,0,255,255,255,65,4685.009,"mochi_2929",R,33,127,2.518,0.368,0.421,1.261,-36.688,1,0,104.743,-21.209,-1.703,0,0,0,5,2,R,"アリアル",190,95,0.5,0,58,0,0,0,0,0,0,0,0,0,0,0,0,0,0,0,0,-0.144,-38.192,"ゆっち一",0.118,-16.212,"CAT tourniquet",-22.058,-47.699,"559：広告",-10.446,-65.494,"にゃんこ3K",21.173,-50.917,"檸檬の残骸",13.305,-63.787,"sano jpn",34.622,-91.3,"alcohol500",-2.094,-99.378,"あくせる",-34.512,-80.786,0,0,0,0,0,"",0,0,0,0,0,0,0,0,0,0
110,6,1,3,0,1,0,2,0,0,0,255,255,255,66,4700.01,"mochi_2929",R,32,134,1.962,0.184,0.503,1.024,-36.459,1,0,175.462,-20.438,-0.895,0,0,0,5,2,R,"アリアル",190,95,0.5,0,58,0,0,0,0,0,0,0,0,0,0,0,0,0,0,0,0,0.186,-38.022,"ゆっち一",0.068,-16.359,"CAT tourniquet",-22.216,-48.748,"559：広告",-10.747,-65.5,"にゃんこ3K",21.211,-50.89,"檸檬の残骸",12.626,-63.963,"sano jpn",34.576,-91.286,"alcohol500",-2.186,-99.368,"あくせる",-34.604,-80.852,0,0,0,0,0,"",0,0,0,0,0,0,0,0,0,0
111,6,1,3,0,2,0,2,0,0,0,255,255,255,67,4716.547,"mochi_2929",R,3,131,-3.931,-0.044,0.114,0.986,-36.256,4,0,-314.737,0,2.52,0,0,1,5,2,R,"アリアル",190,95,0.5,0,58,0,0,0,0,0,0,0,0,0,0,0,0,0,0,0,0,-0.174,-38.142,"ゆっち一",-0.464,-16.332,"CAT tourniquet",-21.457,-47.833,"559：広告",-10.454,-65.526,"にゃんこ3K",21.229,-50.921,"檸檬の残骸",14.717,-63.434,"sano jpn",34.46,-91.429,"alcohol500",-3.394,-100.504,"あくせる",-34.624,-80.838,0,0,0,0,0,"",0,0,0,0,0,0,0,0,0,0
112,6,1,3,0,2,1,2,0,0,0,255,255,255,68,4756.92,"mochi_2929",R,33,137,-0.223,0.621,0.181,1.234,-36.334,0,0,135.92,-99.057,5.998,0,0,0,5,2,R,"アリアル",190,95,0.5,0,58,0,0,0,0,0,0,0,0,0,0,0,0,0,0,0,0,-0.191,-37.884,"ゆっち一",-0.039,-16.452,"CAT tourniquet",-22.474,-48.299,"559：広告",-9.763,-64.76,"にゃんこ3K",21.437,-51.778,"檸檬の残骸",15.408,-63.1,"sano jpn",34.397,-91.319,"alcohol500",-3.459,-100.829,"あくせる",-34.538,-80.787,0,0,0,0,0,"",0,0,0,0,0,0,0,0,0,0
113,6,1,3,0,2,2,2,0,0,0,255,255,255,69,4770.747,"mochi_2929",R,32,140,-0.807,0.455,0.086,1.242,-36.239,2,0,250,-98.108,-1.222,0,0,1,5,2,R,"アリアル",190,95,0.5,2,58,4771.654,211,216,39,255,155,96,-4.235,-1.919,-0.51,-0.13,-0.088,0.25,0,0,0,0.007,-37.52,"ゆっち一",0.001,-16.521,"CAT tourniquet",-21.652,-48.447,"559：広告",-10.45,-64.962,"にゃんこ3K",21.479,-51.842,"檸檬の残骸",14.982,-63.069,"sano jpn",34.172,-91.426,"alcohol500",-1.9,-100.818,"あくせる",-34.558,-80.895,4772.113,0.043,-30.276,4775.663,7,"alcohol500",2.158,-89.5,1,0,0,0,0,0,0,2
114,6,1,3,0,0,0,2,1,0,0,2,255,255,70,4837.252,"mochi_2929",R,0,121,-0.237,0.281,0.222,1.176,-36.388,0,0,0,0,0,0,0,0,6,3,R,"아침땅_",160,95,0.5,0,38,0,0,0,0,0,0,0,0,0,0,0,0,0,0,0,0,-0.187,-37.653,"ゆっち一",-0.017,-16.569,"CAT tourniquet",-21.34,-46.763,"559：広告",-7.583,-62.953,"にゃんこ3K",22.912,-52.343,"檸檬の残骸",10.781,-63.755,"sano jpn",29.206,-84.383,"alcohol500",-4.661,-102.749,"あくせる",-35.749,-79.126,0,0,0,0,0,"",0,0,0,0,0,0,0,0,0,0
115,6,1,3,0,0,1,2,1,0,0,2,255,255,71,4855.658,"mochi_2929",R,32,128,0.894,0.456,0.399,1.046,-36.487,0,0,177.556,-28.988,-5.591,0,0,0,6,3,R,"아침땅_",160,95,0.5,0,38,0,0,0,0,0,0,0,0,0,0,0,0,0,0,0,0,-0.442,-37.781,"ゆっち一",0.037,-16.548,"CAT tourniquet",-21.368,-46.756,"559：広告",-9.11,-63.753,"にゃんこ3K",22.705,-52.577,"檸檬の残骸",10.899,-65.316,"sano jpn",28.849,-85.027,"alcohol500",-4.787,-102.546,"あくせる",-35.676,-78.959,0,0,0,0,0,"",0,0,0,0,0,0,0,0,0,0
116,6,1,3,0,0,2,2,1,0,0,2,255,255,72,4867.212,"mochi_2929",R,3,114,-2.738,-0.602,0.323,0.911,-36.506,2,0,-500,0,-1.816,0,0,1,6,3,R,"아침땅_",160,95,0.5,2,38,4868.206,114,146,47,210,142,62,29.498,41.602,1,-0.07,-0.084,0.262,0,0,0,-0.185,-37.393,"ゆっち一",-0.452,-16.689,"CAT tourniquet",-21.366,-46.694,"559：広告",-10.719,-64.062,"にゃんこ3K",23.213,-51.531,"檸檬の残骸",14.312,-63.837,"sano jpn",28.75,-85.119,"alcohol500",-4.695,-102.771,"あくせる",-35.561,-78.996,0,0,0,4871.313,2,"CAT tourniquet",-23.381,-45.242,0,0,0,0,0,0,0,1
117,6,0,3,0,0,0,0,0,0,0,255,255,255,47,4920.583,"_이누_",R,5,126,-0.233,-0.153,0.02,1.689,-36.436,2,0,-104.126,0,6.284,0,0,1,0,6,R,"sano jpn",160,99.636,0.323,3,58,4921.631,188,105,37,154,146,124,-30,-23.325,0.53,-0.098,0.006,0.145,0,0,0,-0.505,-36.695,"눈꽃",-0.362,-17.191,"アリアル",-24.047,-49.888,"아침땅_",-14.9,-63.995,"Slaris",20.358,-49.196,"coder_",12.264,-65.057,"소솨소솨",28.017,-86.871,"ke ro",-2.538,-106.634,"Sabo_10",-39.491,-85.942,4921.797,0.47,-21.261,4923.896,5,"coder_",18.569,-63.228,1,0,0,0,0,0,0,2
118,6,0,3,0,0,0,0,0,1,0,255,15,255,48,4971.613,"_이누_",R,0,133,-1.505,-0.424,-0.03,1.815,-36.519,2,0,0,0,0,0,0,0,1,5,L,"檸檬の残骸",160,107,0.502,2,58,4972.622,4,13,6,19,0,43,30.548,-22.851,-0.43,0.146,-0.165,0.001,0,0,0,-0.718,-36.691,"눈꽃",-0.177,-17.086,"アリアル",-22.895,-47.989,"아침땅_",-3.674,-67.447,"Slaris",20.368,-46.759,"coder_",12.632,-65.292,"소솨소솨",35.325,-77.929,"ke ro",4.523,-106.455,"Sabo_10",-37.024,-84.876,4975.446,8.973,-41.602,4977.313,5,"coder_",11.608,-47.85,1,0,0,0,0,0,0,2
119,6,0,3,0,0,0,0,1,1,0,14,15,255,49,5003.139,"_이누_",R,0,136,1.26,-0.05,0.117,1.724,-36.41,2,0,0,0,0,0,0,1,2,0,R,"mochi_2929",190,97.434,0.449,3,58,5004.149,147,172,42,250,145,92,95.969,83.568,-0.23,0,-0.152,0.339,0,0,0,-0.335,-36.689,"눈꽃",0.151,-16.937,"アリアル",-22.546,-47.494,"아침땅_",-13.881,-64.078,"Slaris",19.833,-46.79,"coder_",11.132,-63.279,"소솨소솨",27.399,-84.207,"ke ro",-1.802,-108.823,"Sabo_10",-35.565,-83.873,0,0,0,0,0,"",0,0,0,0,0,0,0,0,0,3
120,6,0,3,0,0,1,0,1,1,0,14,15,255,50,5022.418,"_이누_",R,0,140,0.77,-0.099,0.072,1.715,-36.453,2,0,0,0,0,0,0,1,2,0,R,"mochi_2929",190,97.434,0.449,3,58,5023.402,178,127,40,161,155,97,-32.451,-48.551,-0.47,0.018,-0.146,0.238,0,0,0,-0.471,-36.61,"눈꽃",0.148,-16.975,"アリアル",-22.932,-47.729,"아침땅_",-14.064,-64.105,"Slaris",20.867,-46.484,"coder_",9.836,-64.174,"소솨소솨",30.328,-79.386,"ke ro",-0.78,-103.625,"Sabo_10",-36.507,-86.189,5023.597,1.552,-21.321,5025.163,4,"Slaris",21.939,-42.057,0,4,0,0,0,0,0,2
121,7,1,3,0,0,0,0,0,0,0,255,255,255,73,5229.821,"mochi_2929",R,32,130,0.853,0.941,0.27,1.237,-36.514,2,0,158.847,-102.99,-4.997,0,0,1,7,7,R,"ke ro",160,92.297,0.4,2,58,5230.868,109,54,4,85,93,62,42.841,12.154,-0.44,0,-0.03,0.084,0,0,0,-1.117,-36.703,"ゆっち一",0.056,-16.654,"CAT tourniquet",-19.958,-44.198,"559：広告",-11.689,-64.08,"にゃんこ3K",21.739,-52.699,"檸檬の残骸",12.571,-62.495,"sano jpn",31.978,-82.03,"alcohol500",0.015,-101.863,"あくせる",-34.334,-77.878,0,0,0,5235.83,3,"559：広告",-8.951,-60.801,0,0,0,0,0,0,0,1
122,7,1,3,0,0,0,1,0,0,0,255,255,255,74,5257.934,"mochi_2929",R,33,135,0.568,0.768,0.258,1.241,-36.384,0,0,124.793,-90.412,0.519,0,0,0,8,6,R,"소솨소솨",175.2,95.565,0.5,0,58,0,0,0,0,0,0,0,0,0,0,0,0,0,0,0,0,-0.178,-39.288,"ゆっち一",0.068,-16.592,"CAT tourniquet",-21.907,-44.737,"559：広告",-11.71,-64.394,"にゃんこ3K",21.385,-52.147,"檸檬の残骸",10.307,-63.81,"sano jpn",33.779,-82.875,"alcohol500",0.012,-100.263,"あくせる",-35.264,-79.667,0,0,0,0,0,"",0,0,0,0,0,0,0,0,0,0
123,7,1,3,0,0,1,1,0,0,0,255,255,255,75,5272.796,"mochi_2929",R,33,138,-0.393,1.296,0.162,1.319,-36.402,4,0,148.79,-125.961,0.342,0,0,1,8,6,R,"소솨소솨",175.2,95.565,0.5,0,58,0,0,0,0,0,0,0,0,0,0,0,0,0,0,0,0,0.423,-38.726,"ゆっち一",-0.022,-16.672,"CAT tourniquet",-20.755,-44.856,"559：広告",-11.779,-64.423,"にゃんこ3K",21.682,-51.834,"檸檬の残骸",12.698,-64.745,"sano jpn",32.822,-84.392,"alcohol500",-2.317,-100.33,"あくせる",-35.143,-80.429,0,0,0,0,0,"",0,0,0,0,0,0,0,0,0,0
124,7,1,3,0,0,2,1,0,0,0,255,255,255,76,5285.519,"mochi_2929",R,3,110,-4.208,-0.349,0.169,0.938,-36.513,2,0,-442.853,0,-1.523,0,0,1,8,6,R,"소솨소솨",175.2,95.565,0.5,2,58,5286.468,254,181,39,255,155,38,10.073,44.325,-0.45,-0.117,-0.233,0.488,0,0,0,-0.459,-37.584,"ゆっち一",-0.711,-16.814,"CAT tourniquet",-20.288,-44.238,"559：広告",-12.073,-64.614,"にゃんこ3K",21.672,-51.777,"檸檬の残骸",15.078,-63.369,"sano jpn",30.438,-85.87,"alcohol500",-3.128,-101.089,"あくせる",-35.121,-80.405,5287.613,-7.603,-27.59,5290.863,2,"CAT tourniquet",-19.637,-38.756,0,0,0,0,0,0,0,2
125,7,1,3,0,0,2,1,0,0,0,255,255,255,77,5307.681,"mochi_2929",R,0,95,-0.567,-0.405,0.29,1.045,-37.044,2,0,0,0,-2.731,0,0,1,8,6,R,"소솨소솨",175.2,95.565,0.5,2,58,5308.675,204,131,80,173,155,33,25.324,-3.954,0.4,-0.09,-0.235,0.404,0,0,0,-0.056,-37.686,"ゆっち一",-0.168,-16.755,"CAT tourniquet",-21.966,-47.746,"559：広告",-12.312,-64.247,"にゃんこ3K",23.021,-53.692,"檸檬の残骸",14.879,-63.222,"sano jpn",32.847,-82.156,"alcohol500",-0.108,-101.824,"あくせる",-36.887,-77.498,0,0,0,5310.813,0,"mochi_2929",0.887,-33.275,0,0,0,0,0,0,0,1
126,7,1,3,0,1,0,2,0,0,0,255,255,255,79,5378.437,"mochi_2929",R,34,119,3.517,0.696,0.434,1.308,-36.842,4,0,84.338,-29.384,-3.767,1.477,-21.43,1,0,5,R,"coder_",164.9,94.897,0.404,0,58,0,0,0,0,0,0,0,0,0,0,0,0,0,0,0,0,-0.428,-37.931,"ゆっち一",0.769,-17.867,"CAT tourniquet",-21.396,-46.781,"559：広告",-11.396,-63.17,"にゃんこ3K",22.578,-52.177,"檸檬の残骸",10.53,-64.901,"sano jpn",36.683,-88.967,"alcohol500",-4.232,-102.551,"あくせる",-34.746,-82.668,0,0,0,0,0,"",0,0,0,0,0,0,0,0,0,0
127,7,1,3,0,1,1,2,0,0,0,255,255,255,80,5401.49,"mochi_2929",R,3,120,-1.822,-0.262,0.181,0.953,-36.562,2,0,-423.298,0,0.461,0,0,1,0,5,R,"coder_",164.9,94.897,0.404,3,58,5402.636,140,84,53,99,142,116,100.604,-64.085,0.65,-0.181,-0.193,0.206,0,0,0,-0.199,-37.705,"ゆっち一",-0.588,-16.782,"CAT tourniquet",-21.135,-46.189,"559：広告",-9.407,-64.948,"にゃんこ3K",22.165,-51.52,"檸檬の残骸",14.763,-62.647,"sano jpn",38.037,-91.796,"alcohol500",-5.672,-104.683,"あくせる",-35.444,-80.824,0,0,0,0,0,"",0,0,0,0,0,0,0,0,0,3
128,7,1,3,0,1,2,2,0,0,0,255,255,255,81,5422.09,"mochi_2929",R,3,99,-0.769,-0.448,0.415,1.088,-36.904,0,0,-257.115,0,-3.905,0,0,1,0,5,R,"coder_",164.9,94.897,0.404,0,58,0,0,0,0,0,0,0,0,0,0,0,0,0,0,0,0,-0.177,-37.907,"ゆっち一",-0.397,-16.71,"CAT tourniquet",-22.422,-47.512,"559：広告",-12.996,-61.89,"にゃんこ3K",21.706,-50.922,"檸檬の残骸",10.014,-64.582,"sano jpn",36.442,-90.845,"alcohol500",-3.909,-107.1,"あくせる",-36.39,-79.558,0,0,0,0,0,"",0,0,0,0,0,0,0,0,0,0
129,7,0,3,0,0,0,0,0,0,0,255,255,255,51,5519.815,"_이누_",R,0,125,-0.634,-0.237,-0.084,1.657,-36.423,0,0,-7.455,0,7.705,0.043,-17.632,0,3,1,R,"ゆっち一",190,100,0.38,0,71,0,0,0,0,0,0,0,0,0,0,0,0,0,0,0,0,-0.133,-37.224,"눈꽃",-0.23,-17.227,"アリアル",-23.853,-49.555,"아침땅_",-13.971,-64.393,"Slaris",21.236,-51.369,"coder_",11.751,-65.904,"소솨소솨",35.859,-90.895,"ke ro",-4.28,-110.866,"Sabo_10",-44.962,-86.891,0,0,0,0,0,"",0,0,0,0,0,0,0,0,0,0
130,7,0,3,0,0,1,0,0,0,0,255,255,255,52,5537.353,"_이누_",R,0,140,3.33,0.67,-0.005,1.557,-36.326,2,0,0,0,0,0,0,1,3,1,R,"ゆっち一",190,100,0.38,3,71,5538.378,165,104,37,137,144,125,-15.054,-16.372,0.36,-0.12,-0.229,0.393,0,0,0,-0.153,-36.671,"눈꽃",0.143,-17.018,"アリアル",-23.861,-49.568,"아침땅_",-13.913,-64.44,"Slaris",21.092,-51.331,"coder_",11.641,-65.891,"소솨소솨",35.771,-90.968,"ke ro",-4.03,-109.605,"Sabo_10",-42.195,-90.717,5538.529,-0.129,-20.805,5540.413,5,"coder_",12.332,-62.773,0,0,0,0,0,0,0,2
131,7,0,3,0,0,0,1,0,0,0,255,255,255,53,5566.03,"_이누_",R,3,100,-2.39,-0.356,-0.049,1.635,-36.39,1,0,-403.843,0,10.507,0,0,0,4,4,R,"にゃんこ3K",190,104.126,0.602,0,58,0,0,0,0,0,0,0,0,0,0,0,0,0,0,0,0,-0.066,-37.517,"눈꽃",-0.485,-16.925,"アリアル",-23.57,-49.264,"아침땅_",-14.361,-64.236,"Slaris",21.506,-50.204,"coder_",11.314,-66.802,"소솨소솨",33.177,-89.385,"ke ro",-3.979,-111.511,"Sabo_10",-36.694,-85.131,0,0,0,0,0,"",0,0,0,0,0,0,0,0,0,0
132,7,0,3,0,1,0,1,0,0,0,255,255,255,54,5579.282,"_이누_",R,0,120,1.221,-0.463,0.172,1.593,-36.34,0,0,-4.113,0,2.217,0,0,0,4,4,R,"にゃんこ3K",190,104.126,0.602,0,58,0,0,0,0,0,0,0,0,0,0,0,0,0,0,0,0,-0.068,-37.386,"눈꽃",0.127,-17.023,"アリアル",-23.627,-49.309,"아침땅_",-14.265,-64.119,"Slaris",21.478,-50.209,"coder_",10.925,-65.929,"소솨소솨",33.219,-89.388,"ke ro",-4.161,-110.643,"Sabo_10",-35.37,-84.484,0,0,0,0,0,"",0,0,0,0,0,0,0,0,0,0
133,7,0,3,0,1,1,1,0,0,0,255,255,255,55,5593.887,"_이누_",R,0,140,-0.186,1.858,-0.017,1.854,-36.526,1,0,0,0,0,0,0,0,4,4,R,"にゃんこ3K",190,104.126,0.602,0,58,0,0,0,0,0,0,0,0,0,0,0,0,0,0,0,0,-0.224,-37.228,"눈꽃",0.107,-16.89,"アリアル",-23.574,-49.312,"아침땅_",-14.252,-64.103,"Slaris",21.532,-50.21,"coder_",11.015,-67.337,"소솨소솨",33.297,-89.349,"ke ro",-4.09,-110.635,"Sabo_10",-38.028,-87.376,0,0,0,0,0,"",0,0,0,0,0,0,0,0,0,0
134,7,0,3,0,2,1,1,0,0,0,255,255,255,56,5608.069,"_이누_",R,0,140,0.378,-0.787,0.035,1.577,-36.402,2,0,0,0,0,0,0,1,4,4,R,"にゃんこ3K",190,104.126,0.602,3,58,5609.124,166,110,66,171,149,114,22.034,-21.122,0.12,-0.099,-0.208,0.345,0,0,0,-0.398,-36.651,"눈꽃",0.176,-17.148,"アリアル",-23.571,-49.265,"아침땅_",-14.219,-64.107,"Slaris",21.417,-50.242,"coder_",12.721,-66.025,"소솨소솨",33.123,-89.479,"ke ro",-4.069,-110.669,"Sabo_10",-39.013,-87.548,5613.729,20.478,-115.332,5617.93,7,"ke ro",11.576,-133.473,1,0,0,0,0,0,0,2
135,7,0,3,0,0,0,1,0,1,0,255,13,255,57,5649.88,"_이누_",R,0,140,-1.096,0.441,-0.102,1.82,-36.434,0,0,0,0,0,0,0,0,5,2,L,"CAT tourniquet",190,95.214,0.357,0,58,0,0,0,0,0,0,0,0,0,0,0,0,0,0,0,0,-0.09,-37.486,"눈꽃",-0.08,-17.004,"アリアル",-22.897,-49.457,"아침땅_",-7.81,-67.196,"Slaris",20.974,-46.176,"coder_",13.923,-63.613,"소솨소솨",36.969,-74.713,"ke ro",-0.003,-109.413,"Sabo_10",-35.075,-83.459,0,0,0,0,0,"",0,0,0,0,0,0,0,0,0,0
136,7,0,3,0,0,1,1,0,1,0,255,13,255,58,5664.377,"_이누_",R,0,140,-1.606,0.177,-0.149,1.769,-36.41,1,0,0,0,0,0,0,0,5,2,L,"CAT tourniquet",190,95.214,0.357,0,58,0,0,0,0,0,0,0,0,0,0,0,0,0,0,0,0,-2.54,-39.06,"눈꽃",0.095,-17.719,"アリアル",-22.848,-49.37,"아침땅_",-0.902,-62.471,"Slaris",21.371,-45.13,"coder_",12.257,-64.912,"소솨소솨",37.011,-74.708,"ke ro",0.022,-109.416,"Sabo_10",-33.945,-83.987,0,0,0,0,0,"",0,0,0,0,0,0,0,0,0,0
137,7,0,3,0,1,1,1,0,1,0,255,13,255,59,5680.746,"_이누_",R,0,140,-1.17,0.577,-0.098,1.841,-36.494,4,0,0,0,0,-0.386,-20.739,1,5,2,L,"CAT tourniquet",190,95.214,0.357,0,58,0,0,0,0,0,0,0,0,0,0,0,0,0,0,0,0,-1.38,-38.691,"눈꽃",-0.088,-17.034,"アリアル",-22.605,-49.421,"아침땅_",-2.903,-63.87,"Slaris",21.058,-47.891,"coder_",14.665,-64.285,"소솨소솨",37.027,-74.716,"ke ro",0.307,-105.031,"Sabo_10",-34.621,-83.972,0,0,0,0,0,"",0,0,0,0,0,0,0,0,0,0
138,7,0,3,0,1,2,1,0,1,0,255,13,255,60,5702.205,"_이누_",R,0,129,-0.831,1.317,-0.077,1.988,-36.561,2,0,0,0,0,0,0,1,5,2,L,"CAT tourniquet",190,95.214,0.357,3,58,5703.146,71,121,67,115,120,75,90.093,89.181,-0.47,0.043,-0.092,0.477,0,0,0,-0.454,-37.494,"눈꽃",-0.17,-17.083,"アリアル",-23.103,-49.598,"아침땅_",-5.303,-64.88,"Slaris",20.63,-47.789,"coder_",13.312,-64.933,"소솨소솨",37.074,-74.7,"ke ro",0.925,-108.123,"Sabo_10",-38.153,-84.686,5709.097,6.269,-23.817,5709.33,1,"눈꽃",6.132,-23.727,0,0,0,0,0,0,0,1
139,7,0,3,0,0,0,2,0,1,0,255,13,255,61,5733.397,"_이누_",R,10,128,-0.124,-1.724,-0.012,1.804,-36.485,2,0,0,400,5.859,0,0,0,6,3,R,"559：広告",175.9,107,0.504,3,58,5734.512,112,127,43,134,141,87,-30,16.638,0.95,0.002,-0.133,0.274,0,0,0,-0.524,-36.757,"눈꽃",0.021,-17.193,"アリアル",-23.427,-49.021,"아침땅_",-13.774,-64.144,"Slaris",21.117,-49.028,"coder_",10.278,-63.852,"소솨소솨",29.88,-84.047,"ke ro",-0.204,-109.945,"Sabo_10",-35.412,-80.383,5734.696,-0.072,-19.125,5737.313,3,"아침땅_",-11.499,-57.011,0,64,0,0,0,0,0,2
140,8,1,3,0,0,0,0,0,0,0,255,255,255,0,5910.103,"にゃんこ3K",R,27,137,-0.698,0.3,-0.074,1.608,-36.359,0,0,31.36,-138.218,12.172,0,0,0,1,9,L,"encounter v",190,100,0.447,0,49,0,0,0,0,0,0,0,0,0,0,0,0,0,0,0,0,-0.366,-38.18,"ゆっち一",-0.105,-16.642,"CAT tourniquet",-21.25,-49.527,"559：広告",-12.258,-64.733,"mochi_2929",21.001,-49.745,"檸檬の残骸",14.457,-60.764,"sano jpn",42.705,-81.718,"alcohol500",6.634,-100.332,"あくせる",-26.533,-87.12,0,0,0,0,0,"",0,0,0,0,0,0,0,0,0,0
141,8,1,3,0,0,1,0,0,0,0,255,255,255,1,5924.879,"にゃんこ3K",R,10,116,1.93,-0.082,0.179,1.685,-36.714,2,0,0,278.399,-17.925,0,0,1,1,9,L,"encounter v",190,100,0.447,3,49,5925.994,163,106,0,175,142,81,-30,-19.416,0.97,0.038,-0.095,0.435,0,0,0,-0.136,-37.3,"ゆっち一",0.248,-16.71,"CAT tourniquet",-21.46,-49.45,"559：広告",-12.32,-64.274,"mochi_2929",21.499,-49.669,"檸檬の残骸",14.855,-60.884,"sano jpn",40.113,-82.697,"alcohol500",6.622,-100.531,"あくせる",-26.038,-87.755,5926.213,0.826,-20.449,5928.479,5,"檸檬の残骸",13.845,-54.042,0,0,0,0,0,0,0,2
142,8,1,3,0,0,0,1,0,0,0,255,255,255,2,5955.683,"にゃんこ3K",R,27,140,-2.842,-0.896,-0.156,1.473,-36.476,2,0,-1.597,-128.47,13.914,0,0,1,2,1,L,"눈꽃",190,94.886,0.496,3,58,5956.651,109,139,77,161,141,130,-25.182,37.66,0.41,0.08,-0.057,0.135,0,0,0,-0.183,-37.459,"ゆっち一",-0.217,-16.664,"CAT tourniquet",-21.667,-51.123,"559：広告",-10.563,-64.759,"mochi_2929",18.791,-47.188,"檸檬の残骸",15.833,-62.019,"sano jpn",39.114,-85.688,"alcohol500",0.944,-104.355,"あくせる",-27.283,-85.254,5956.78,-1.44,-20.97,5958.347,2,"CAT tourniquet",-22.233,-47.687,0,0,0,0,0,0,0,2
143,8,1,3,0,0,0,2,0,0,0,255,255,255,3,5989.389,"にゃんこ3K",R,26,140,-0.671,0.14,-0.078,1.573,-36.471,2,0,52.859,-153.835,10.486,0,0,1,3,8,L,"Sabo_10",184.7,94,0.597,3,58,5990.334,156,119,27,172,144,92,59.378,-55.74,-0.02,0.054,-0.115,0.402,0,0,0,-0.231,-37.044,"ゆっち一",-0.145,-16.701,"CAT tourniquet",-22.059,-49.237,"559：広告",-10.565,-64.626,"mochi_2929",21.213,-48.215,"檸檬の残骸",14.916,-63.278,"sano jpn",38.55,-85.638,"alcohol500",2.413,-103.529,"あくせる",-24.883,-88.66,5995.83,59.332,-50.59,0,0,"",0,0,0,0,0,0,0,0,0,3
144,8,1,3,0,0,1,2,0,0,0,255,255,255,4,6014.735,"にゃんこ3K",R,6,108,3.785,-1.633,0.122,1.324,-36.636,1,0,448.27,173.586,0.037,1.016,-17.279,0,3,8,L,"Sabo_10",184.7,94,0.597,0,79,0,0,0,0,0,0,0,0,0,0,0,0,0,0,0,0,0.113,-38.059,"ゆっち一",0.74,-17.19,"CAT tourniquet",-22.079,-48.064,"559：広告",-7.618,-63.127,"mochi_2929",22.507,-48.618,"檸檬の残骸",14.254,-60.436,"sano jpn",34.508,-81.757,"alcohol500",3.684,-103.12,"あくせる",-24.944,-89.187,0,0,0,0,0,"",0,0,0,0,0,0,0,0,0,0
145,8,1,3,0,1,1,2,0,0,0,255,255,255,5,6031.985,"にゃんこ3K",R,28,140,-2.213,-0.391,-0.216,1.294,-36.459,1,0,34.281,-80.142,9.458,0,0,0,3,8,L,"Sabo_10",184.7,94,0.597,0,79,0,0,0,0,0,0,0,0,0,0,0,0,0,0,0,0,-0.067,-38.014,"ゆっち一",-0.154,-16.768,"CAT tourniquet",-20.737,-47.218,"559：広告",-10.66,-64.991,"mochi_2929",22.514,-48.623,"檸檬の残骸",12.245,-61.109,"sano jpn",34.678,-82.121,"alcohol500",3.755,-102.358,"あくせる",-24.902,-89.544,0,0,0,0,0,"",0,0,0,0,0,0,0,0,0,0
146,8,1,3,0,2,1,2,0,0,0,255,255,255,6,6046.904,"にゃんこ3K",R,26,138,-0.652,0.273,-0.082,1.394,-36.44,2,0,72.695,-151.492,7.215,0,0,1,3,8,L,"Sabo_10",184.7,94,0.597,3,79,6047.883,181,154,60,207,155,109,112.231,27.941,0.91,0.024,-0.156,0.451,0,0,0,-0.173,-37.318,"ゆっち一",-0.168,-16.842,"CAT tourniquet",-21.207,-48.988,"559：広告",-10.872,-64.919,"mochi_2929",22.017,-48.649,"檸檬の残骸",12.703,-62.464,"sano jpn",34.508,-82.237,"alcohol500",3.779,-103.243,"あくせる",-24.816,-89.537,0,0,0,0,0,"",0,0,0,0,0,0,0,0,0,3
147,8,1,3,0,2,2,2,0,0,0,255,255,255,7,6066.475,"にゃんこ3K",R,26,140,-1.126,-0.003,0.254,1.337,-36.396,0,0,64.658,-189.388,10.587,0,0,0,3,8,L,"Sabo_10",184.7,94,0.597,0,79,0,0,0,0,0,0,0,0,0,0,0,0,0,0,0,0,-0.096,-38.005,"ゆっち一",-0.116,-16.474,"CAT tourniquet",-21.895,-46.618,"559：広告",-9.083,-64.094,"mochi_2929",22.41,-48.604,"檸檬の残骸",16.278,-61.492,"sano jpn",33.94,-80.805,"alcohol500",2.585,-103.784,"あくせる",-24.858,-92.258,0,0,0,0,0,"",0,0,0,0,0,0,0,0,0,0
148,8,0,3,0,0,0,0,0,0,0,255,255,255,62,6123.861,"_이누_",R,0,87,-0.813,0.998,-0.123,1.96,-37.045,0,0,0,2.558,-1.719,0,0,0,7,7,L,"alcohol500",163.6,95,0.376,0,58,0,0,0,0,0,0,0,0,0,0,0,0,0,0,0,0,-0.276,-37.446,"눈꽃",0.071,-17,"アリアル",-23.422,-50.056,"아침땅_",-10.559,-65.896,"Slaris",20.986,-49.037,"coder_",13.831,-64.162,"소솨소솨",38.506,-77.638,"ke ro",3.816,-107.477,"Sabo_10",-35.977,-84.375,0,0,0,0,0,"",0,0,0,0,0,0,0,0,0,0
149,8,0,3,0,0,1,0,0,0,0,255,255,255,63,6138.683,"_이누_",R,0,136,-0.543,0.442,-0.051,1.796,-36.488,2,0,0,0,0,0,0,1,7,7,L,"alcohol500",163.6,95,0.376,3,58,6139.759,157,114,22,118,144,121,107.152,34.009,0.47,0,-0.051,0.433,0,0,0,-0.663,-36.826,"눈꽃",-0.166,-17.057,"アリアル",-23.258,-49.803,"아침땅_",-10.539,-65.875,"Slaris",20.819,-49.068,"coder_",13.627,-64.46,"소솨소솨",42.383,-76.971,"ke ro",3.863,-107.519,"Sabo_10",-38.881,-88.026,0,0,0,0,0,"",0,0,0,0,0,0,0,0,0,3
150,8,0,3,0,0,2,0,0,0,0,255,255,255,64,6159.404,"_이누_",R,10,126,0.577,-1.07,0.083,2.015,-36.652,2,0,-0.014,400,2.553,0,0,1,7,7,L,"alcohol500",163.6,95,0.376,3,36,6160.518,137,143,34,220,143,86,-30,6.482,0.94,0.033,-0.058,0.438,0,0,0,-0.609,-36.71,"눈꽃",-0.057,-17.186,"アリアル",-23.459,-48.927,"아침땅_",-11.159,-65.595,"Slaris",20.943,-49.394,"coder_",13.954,-64.732,"소솨소솨",42.412,-73.352,"ke ro",4.507,-106.057,"Sabo_10",-38.552,-88.208,6160.68,0.054,-19.442,6161.88,0,"_이누_",-1.766,-35.351,0,0,0,0,0,0,0,2
151,8,0,3,0,0,0,1,0,0,0,255,255,255,65,6186.177,"_이누_",R,0,140,0.84,-0.941,0.078,1.588,-36.389,0,0,0,0,0,0,0,0,8,8,R,"あくせる",170,107,0.28,0,58,0,0,0,0,0,0,0,0,0,0,0,0,0,0,0,0,-0.211,-37.157,"눈꽃",0.063,-17.026,"アリアル",-24.127,-49.606,"아침땅_",-14.049,-64.023,"Slaris",20.927,-49.084,"coder_",9.417,-67.53,"소솨소솨",34.283,-88.409,"ke ro",-0.548,-106.547,"Sabo_10",-35.916,-83.327,0,0,0,0,0,"",0,0,0,0,0,0,0,0,0,0
152,8,0,3,0,0,1,1,0,0,0,255,255,255,66,6198.846,"_이누_",R,0,129,5.749,-0.801,0.316,2.066,-36.936,2,0,0,0,0,0,0,0,8,8,R,"あくせる",170,107,0.28,3,58,6199.979,11,14,6,23,0,42,25.671,1.064,0.47,-0.029,-0.111,0,0,0,0,-0.555,-36.669,"눈꽃",0.221,-16.982,"アリアル",-24.124,-49.791,"아침땅_",-14.058,-64.01,"Slaris",20.941,-48.955,"coder_",11.462,-67.17,"소솨소솨",34.021,-87.74,"ke ro",-0.453,-106.577,"Sabo_10",-36.337,-83.413,0,0,0,6202.396,0,"_이누_",0.756,-38.124,0,0,0,0,0,0,0,1
153,8,0,3,0,0,0,2,0,0,0,255,255,255,67,6226.401,"_이누_",R,0,129,1.557,0.612,0.063,1.758,-36.497,2,0,0,0,0,0,0,1,0,6,R,"sano jpn",160,99.636,0.323,3,58,6227.452,169,117,35,164,148,119,-15.002,25.109,0.6,-0.007,0.039,0.276,0,0,0,-0.654,-36.845,"눈꽃",0.14,-16.958,"アリアル",-24.563,-49.708,"아침땅_",-13.917,-64.408,"Slaris",19.574,-47.245,"coder_",10.896,-65.753,"소솨소솨",30.433,-86.317,"ke ro",0.532,-105.636,"Sabo_10",-36.026,-81.874,6227.696,-1.248,-22.463,6229.58,3,"아침땅_",-19.344,-60.721,0,0,0,0,0,0,0,2
154,9,1,3,0,0,0,0,0,0,0,255,255,255,0,6467.618,"CAT tourniquet",L,28,136,0.47,1.342,0.059,1.915,-36.65,2,0,-46.896,-68.622,3.867,0,0,1,4,4,R,"Slaris",185.1,92,0.451,3,72,6468.531,141,103,51,130,143,129,28.704,-27.399,0.44,0.035,0.005,0.224,0,0,0,0.039,-37.189,"ゆっち一",0.014,-16.711,"にゃんこ3K",-20.678,-47.927,"559：広告",-10.392,-64.809,"mochi_2929",19.637,-47.548,"檸檬の残骸",14.806,-61.436,"sano jpn",32.721,-83.412,"alcohol500",-1.943,-103.295,"あくせる",-32.361,-80.35,6473.896,55.901,-123.858,0,0,"",0,0,0,0,0,0,0,0,0,4
155,9,1,4,0,0,0,0,0,0,0,255,255,255,1,6523.367,"CAT tourniquet",L,27,139,0.959,0.44,0.12,1.741,-36.537,0,0,-98.207,-129.787,10.894,0,0,0,5,2,R,"アリアル",190,95,0.5,0,58,0,0,0,0,0,0,0,0,0,0,0,0,0,0,0,0,0.076,-37.131,"ゆっち一",-0.034,-16.595,"にゃんこ3K",-21.416,-48.069,"559：広告",-10.16,-65.93,"mochi_2929",21.249,-48.14,"檸檬の残骸",11.411,-61.811,"sano jpn",34.413,-82.69,"alcohol500",-0.894,-105.577,"あくせる",-34.342,-77.239,0,0,0,0,0,"",0,0,0,0,0,0,0,0,0,0
156,9,1,4,0,0,1,0,0,0,0,255,255,255,2,6544.232,"CAT tourniquet",L,28,140,0.355,0.251,0.06,1.726,-36.456,2,0,-71.191,-94.354,7.6,0,0,1,5,2,R,"アリアル",190,95,0.5,2,58,6545.029,255,123,27,238,152,95,92.857,81.944,-0.52,-0.066,-0.03,0.395,0,0,0,0.04,-37.11,"ゆっち一",0.004,-16.685,"にゃんこ3K",-21.374,-48.117,"559：広告",-10.192,-65.539,"mochi_2929",20.093,-47.994,"檸檬の残骸",16.246,-61.362,"sano jpn",44.338,-86.206,"alcohol500",-3.466,-104.68,"あくせる",-34.484,-77.18,6551.996,34.697,-16.522,0,0,"",0,0,0,0,0,0,0,0,0,3
157,9,1,4,0,0,2,0,0,0,0,255,255,255,3,6588.561,"CAT tourniquet",L,34,140,1.417,1.026,0.156,1.869,-36.636,1,0,-74.878,-71.04,3.085,0,0,0,5,2,R,"アリアル",190,95,0.5,0,36,0,0,0,0,0,0,0,0,0,0,0,0,0,0,0,0,0.247,-37.415,"ゆっち一",0.022,-16.593,"にゃんこ3K",-22.125,-48.62,"559：広告",-9.944,-64.847,"mochi_2929",19.776,-47.93,"檸檬の残骸",15.316,-61.721,"sano jpn",34.617,-82.053,"alcohol500",-2.419,-104.036,"あくせる",-32.523,-78.613,0,0,0,0,0,"",0,0,0,0,0,0,0,0,0,0
158,9,1,4,0,1,2,0,0,0,0,255,255,255,4,6608.713,"CAT tourniquet",L,28,139,2.644,0.094,0.272,1.683,-36.445,2,0,-83.47,-97.428,-1.946,0,0,1,5,2,R,"アリアル",190,95,0.5,2,36,6609.521,255,144,33,184,155,96,-6.474,-36.554,-0.51,-0.085,-0.038,0.378,0,0,0,0.118,-37.107,"ゆっち一",-0.031,-16.617,"にゃんこ3K",-22.1,-48.655,"559：広告",-10.067,-64.828,"mochi_2929",19.734,-48.167,"檸檬の残骸",15.852,-61.218,"sano jpn",50.837,-89.12,"alcohol500",-2.968,-103.654,"あくせる",-32.468,-78.708,6609.963,5.316,-25.159,6611.496,4,"mochi_2929",21.273,-44.941,0,0,0,0,0,0,0,2
159,9,1,4,0,0,0,1,0,0,0,255,255,255,5,6641.419,"CAT tourniquet",L,28,135,2.415,1.881,0.164,1.788,-36.59,2,0,-27.667,-69.17,0.35,0,0,0,6,3,R,"아침땅_",160,95,0.5,2,58,6642.268,41,19,11,22,10,45,-62.406,42.986,-0.34,-0.103,-0.074,0,0,0,0,0.146,-37.154,"ゆっち一",0.027,-16.595,"にゃんこ3K",-21.215,-48.258,"559：広告",-10.865,-64.698,"mochi_2929",20.677,-48.936,"檸檬の残骸",13.193,-61.981,"sano jpn",33.88,-82.332,"alcohol500",-3.506,-100.915,"あくせる",-35.51,-79.907,6642.479,-0.154,-20.076,6646.847,2,"にゃんこ3K",-13.206,-33.762,0,64,0,0,0,0,0,2
160,9,1,4,0,0,0,2,0,0,0,255,255,255,6,6674.221,"CAT tourniquet",L,6,114,0.567,1.807,0.295,1.852,-36.531,2,0,-409.552,153.629,7.971,0,0,1,7,7,R,"ke ro",160,91.297,0.39,2,58,6675.213,176,96,5,151,142,80,26.493,11.337,-0.17,-0.029,-0.015,0.183,0,0,0,0.324,-37.246,"ゆっち一",-0.117,-16.652,"にゃんこ3K",-21.344,-48.117,"559：広告",-10.505,-63.534,"mochi_2929",19.417,-48.054,"檸檬の残骸",11.275,-63.214,"sano jpn",38.439,-84.424,"alcohol500",-3.909,-99.661,"あくせる",-35.706,-80.591,6680.213,-16.467,-85.363,6680.33,7,"alcohol500",-15.877,-83.161,0,0,0,0,0,0,0,1
161,9,0,4,0,0,0,0,0,0,0,255,255,255,68,6734.412,"_이누_",R,3,107,0.453,0.621,0.313,1.841,-36.688,2,0,-367.938,0,6.985,0,0,1,1,5,L,"檸檬の残骸",160,107,0.502,2,58,6735.545,149,97,38,96,143,114,8.038,-2.738,0.23,-0.009,-0.086,0.33,0,0,0,-0.469,-36.957,"눈꽃",0.089,-16.937,"アリアル",-23.048,-49.899,"아침땅_",-10.888,-65.772,"Slaris",20.971,-49.853,"coder_",13.678,-64.317,"소솨소솨",39.244,-79.933,"ke ro",0.874,-108.112,"Sabo_10",-36.781,-84.737,6737.979,2.978,-81.55,6739.03,7,"ke ro",3.64,-95.622,1,0,0,0,0,0,0,2
162,9,0,4,0,0,0,0,1,0,0,14,255,255,69,6781.519,"_이누_",R,0,140,3.172,-0.959,-0.003,1.647,-36.393,2,0,0,0,0,0,0,1,2,4,R,"mochi_2929",190,97.434,0.449,3,58,6782.501,95,94,9,141,131,83,-20.558,-37.778,-0.21,0.027,-0.105,0.231,0,0,0,-0.451,-36.786,"눈꽃",0.142,-17.032,"アリアル",-20.532,-42.363,"아침땅_",-14.06,-64.346,"Slaris",20.581,-48.594,"coder_",10.641,-64.053,"소솨소솨",27.831,-87.268,"ke ro",0.336,-106.33,"Sabo_10",-37.282,-84.513,6782.797,1.464,-21.697,6784.63,4,"Slaris",18.527,-43.421,1,0,0,0,0,0,0,2
163,9,0,4,0,0,0,1,1,0,0,255,255,255,70,6816.561,"_이누_",R,0,136,0.449,1.773,0.042,2.077,-36.557,1,0,0,0,0,0,0,0,3,1,R,"ゆっち一",190,100,0.38,0,58,0,0,0,0,0,0,0,0,0,0,0,0,0,0,0,0,0.104,-37.29,"눈꽃",-0.043,-16.95,"アリアル",-20.889,-45.241,"아침땅_",-13.914,-64.174,"Slaris",21.958,-50.323,"coder_",7.944,-64.548,"소솨소솨",31.268,-85.957,"ke ro",-1.445,-108.611,"Sabo_10",-38.3,-92.663,0,0,0,0,0,"",0,0,0,0,0,0,0,0,0,0
164,9,0,4,0,1,0,1,1,0,0,255,255,255,71,6833.431,"_이누_",R,0,140,5.784,0.555,0.223,1.745,-36.521,2,0,0,0,0,0,0,0,3,1,R,"ゆっち一",190,100,0.38,3,58,6834.484,138,89,37,123,142,90,-28.719,35.092,-0.16,-0.073,-0.196,0.231,0,0,0,-0.405,-36.713,"눈꽃",0.176,-17.134,"アリアル",-20.541,-43.282,"아침땅_",-13.926,-64.176,"Slaris",21.633,-51.571,"coder_",9.938,-65.31,"소솨소솨",31.244,-85.967,"ke ro",-2.881,-107.856,"Sabo_10",-40.905,-92.158,6834.68,-0.752,-21.665,6839.246,8,"Sabo_10",-36.613,-74.988,1,0,0,0,0,0,0,2
165,9,0,4,0,0,0,1,1,1,0,255,13,255,72,6868.637,"_이누_",R,0,139,1.828,1.44,0.104,2.015,-36.541,1,0,0,0,0,0,0,0,4,2,R,"にゃんこ3K",190,104.126,0.602,0,58,0,0,0,0,0,0,0,0,0,0,0,0,0,0,0,0,0.084,-37.155,"눈꽃",0.15,-16.974,"アリアル",-21.96,-47.017,"아침땅_",-13.957,-64.218,"Slaris",20.896,-47.879,"coder_",8.837,-63.84,"소솨소솨",29.787,-85.079,"ke ro",-0.096,-111.429,"Sabo_10",-36.252,-85.567,0,0,0,0,0,"",0,0,0,0,0,0,0,0,0,0
166,9,0,4,0,1,0,1,1,1,0,255,13,255,73,6887.143,"_이누_",R,5,128,-1.349,-0.214,-0.152,1.664,-36.478,0,0,-70.035,0,7.224,0,0,0,4,2,R,"にゃんこ3K",190,104.126,0.602,0,58,0,0,0,0,0,0,0,0,0,0,0,0,0,0,0,0,0.094,-37.534,"눈꽃",-0.28,-17.037,"アリアル",-22.533,-47.061,"아침땅_",-14.921,-63.746,"Slaris",20.995,-47.881,"coder_",6.551,-64.697,"소솨소솨",29.813,-85.084,"ke ro",0.263,-111.309,"Sabo_10",-37.503,-86.604,0,0,0,0,0,"",0,0,0,0,0,0,0,0,0,0
167,9,0,4,0,1,1,1,1,1,0,255,13,255,74,6901.694,"_이누_",R,13,109,-3.14,-1.07,-0.197,1.631,-36.442,1,0,-378.816,322.263,11.811,-0.945,-17.613,0,4,2,R,"にゃんこ3K",190,104.126,0.602,0,58,0,0,0,0,0,0,0,0,0,0,0,0,0,0,0,0,-0.097,-37.589,"눈꽃",-0.562,-17.174,"アリアル",-22.492,-47.409,"아침땅_",-14.056,-64.196,"Slaris",21.568,-46.793,"coder_",8.868,-63.865,"소솨소솨",29.76,-85.124,"ke ro",0.56,-111.32,"Sabo_10",-37.816,-85.476,0,0,0,0,0,"",0,0,0,0,0,0,0,0,0,0
168,9,0,4,0,2,1,1,1,1,0,255,13,255,75,6916.333,"_이누_",R,0,139,0.531,-0.226,0.049,1.687,-36.348,2,0,0,0,0,0,0,1,4,2,R,"にゃんこ3K",190,104.126,0.602,3,58,6917.37,180,127,50,199,155,129,15.925,-14.587,0.39,-0.041,-0.154,0.367,0,0,0,-0.21,-36.805,"눈꽃",0.133,-16.959,"アリアル",-22.951,-48.187,"아침땅_",-14.018,-64.288,"Slaris",20.884,-47.933,"coder_",9.362,-65.582,"소솨소솨",29.749,-85.087,"ke ro",0.604,-111.319,"Sabo_10",-38.432,-87.325,6920.913,16.556,-113.915,6924.33,7,"ke ro",20.279,-123.088,1,0,0,0,0,0,0,2
169,9,0,4,1,0,0,1,0,1,1,255,11,10,76,7038.856,"_이누_",R,0,140,-1.472,0.044,-0.137,1.743,-36.429,1,0,0,0,0,0,0,0,5,0,L,"CAT tourniquet",190,95.214,0.357,0,58,0,0,0,0,0,0,0,0,0,0,0,0,0,0,0,0,0.009,-37.515,"눈꽃",-0.197,-16.86,"アリアル",-23.535,-48.991,"아침땅_",-10.502,-65.664,"Slaris",20.891,-46.471,"coder_",13.807,-62.832,"소솨소솨",43.057,-72.729,"ke ro",1.626,-113.834,"Sabo_10",-39.27,-90.768,0,0,0,0,0,"",0,0,0,0,0,0,0,0,0,0
170,9,0,4,1,1,0,1,0,1,1,255,11,10,77,7055.778,"_이누_",R,0,140,-0.354,0.903,-0.033,1.909,-36.446,2,0,0,0,0,0,0,1,5,0,L,"CAT tourniquet",190,95.214,0.357,3,58,7056.708,87,121,26,149,133,84,58.266,-10.011,-0.34,-0.098,0.032,0.457,0,0,0,-0.266,-36.623,"눈꽃",-0.121,-16.969,"アリアル",-23.487,-49.167,"아침땅_",-10.495,-65.732,"Slaris",20.142,-46.237,"coder_",13.485,-64.336,"소솨소솨",43.111,-72.811,"ke ro",1.461,-113.748,"Sabo_10",-38.951,-89.837,7062.613,7.171,-64.677,7062.763,3,"아침땅_",7.008,-63.683,0,0,0,0,0,0,0,1
171,9,0,4,1,0,0,2,0,1,1,255,11,10,78,7093.262,"_이누_",R,13,113,-1.379,-1.011,-0.013,1.703,-36.449,2,0,-307.509,394.257,6.675,0,0,1,6,3,R,"559：広告",175.9,107,0.504,3,58,7094.349,255,166,45,157,155,83,-28.537,41.187,0.97,-0.032,-0.119,0.352,0,0,0,-0.496,-36.751,"눈꽃",-0.316,-17.083,"アリアル",-22.857,-48.188,"아침땅_",-13.943,-63.984,"Slaris",19.576,-48.564,"coder_",12.588,-65.197,"소솨소솨",31.825,-80.043,"ke ro",0.015,-112.617,"Sabo_10",-34.907,-80.938,7094.563,-1.139,-21.562,7096.729,2,"アリアル",-20.434,-43.584,0,0,0,0,0,0,0,2
