id,inn,half,scoreA,scoreB,ball,strk,out,b1,b2,b3,b1Idx,b2Idx,b3Idx,pCnt,pSec,pName,pHand,pType,spdK,zoneX,zoneY,call,sH,sV,plx,plz,bSwing,bIdx,bPos,bZone,bName,bHCm,batLen,batCen,batType,bFps,hSec,rotS,shS,lgS,batSpd,ev,ldeg,sdeg,hPos,hMoveX,hMoveY,stayCon,hitSpnX,hitSpnY,hitSpnZ,PPosX,PPosY,CPosX,CPosY,1BPosX,1BPosY,2BPosX,2BPosY,3BPosX,3BPosY,SSPosX,SSPosY,LFPosX,LFPosY,CFPosX,CFPosY,RFPosX,RFPosY,ltSec,lx,lz,cSec,cPos,cPlr,cx,cz,1BSafe,tag,cpSec,sb2Sec,sb3Sec,sbhSec,ass,result
1,1,1,0,0,0,0,0,0,0,0,255,255,255,0,2097.977,"_Chun",L,0,130,0.945,1.166,0,-23.991,-89.959,0,0,1,0,7,R,"Pugeuk",160,97,0.598,0,59,0,0,0,0,0,0,0,0,0,0,0,0,0,0,0,-0.066,-37.775,0.089,-17.34,-20.372,-45.114,-13.171,-65.175,21.119,-47.055,13.61,-64.838,47.391,-94.001,-0.321,-114.75,-51.217,-92.923,0,0,0,0,0,"",0,0,0,0,0,0,0,0,0,0
2,1,1,0,0,0,1,0,0,0,0,255,255,255,1,2115.926,"_Chun",L,6,119,2.068,0.167,1,-500,0,0,0,0,0,7,R,"Pugeuk",160,97,0.598,0,59,0,0,0,0,0,0,0,0,0,0,0,0,0,0,0,0.12,-37.738,0.076,-17.337,-20.48,-45.163,-13.171,-65.158,21.259,-47.276,13.554,-64.838,47.423,-93.971,-0.579,-114.173,-51.023,-92.538,0,0,0,0,0,"",0,0,0,0,0,0,0,0,0,0
3,1,1,0,0,1,1,0,0,0,0,255,255,255,2,2132.247,"_Chun",L,0,134,1.58,1.19,2,-29.589,-111.01,0,0,1,0,7,R,"Pugeuk",160,97,0.598,3,59,2133.22,61,51,18,62,62,-29.236,1.55,-0.08,-0.008,-0.069,0.029,0,0,0,-0.069,-37.074,0.133,-17.329,-20.23,-45.22,-13.129,-65.199,21.166,-47.227,13.617,-64.824,47.41,-93.964,-0.555,-114.013,-51.308,-92.931,2133.403,0.237,-21.329,2134.786,0,"_Chun",-0.331,-35.653,0,0,0,0,0,0,0,2
4,1,1,0,0,0,0,1,0,0,0,255,255,255,3,2366.445,"_Chun",L,6,121,0.198,1.086,2,-495.573,0,0,0,1,1,3,R,"Oort__Cloud",160,89.754,0.2,2,59,2367.522,166,132,28,152,116,97.539,-61.426,0.8,-0.114,-0.047,0.495,0,0,0,-0.015,-37.22,0.072,-17.431,-21.23,-46.326,-13.23,-65.253,20.898,-46.921,13.333,-64.572,40.941,-93.788,-0.2,-111.053,-49.657,-89.683,0,0,0,0,0,"",0,0,0,0,0,0,0,0,0,0
5,1,1,0,0,0,1,1,0,0,0,255,255,255,4,2416.091,"_Chun",L,14,84,-1.43,-1.23,4,-268.422,355.591,-0.396,-18.432,1,1,3,R,"Oort__Cloud",160,89.754,0.2,0,59,0,0,0,0,0,0,0,0,0,0,0,0,0,0,0,0.032,-37.849,-0.212,-17.334,-19.611,-43.839,-13.213,-65.217,21.61,-47.923,13.525,-64.877,40.808,-93.831,-3.03,-109.262,-46.824,-84.47,0,0,0,0,0,"",0,0,0,0,0,0,0,0,0,0
6,1,1,0,0,0,2,1,0,0,0,255,255,255,5,2460.251,"_Chun",L,6,122,-2.033,-0.568,2,-407.263,0,0,0,1,1,3,R,"Oort__Cloud",160,89.754,0.2,2,59,2461.386,212,112,19,149,70,57.947,48.121,0.98,-0.119,-0.127,0.562,0,0,0,0.027,-37.416,-0.407,-17.303,-20.317,-45.242,-13.368,-65.126,21.977,-48.138,13.521,-64.789,42.05,-94.44,-4.02,-109.17,-48.573,-86.819,2466.203,-34.834,-50.974,2469.07,8,"NABIMan",-44.508,-61.038,0,0,0,0,0,0,0,2
7,1,1,0,0,0,2,1,0,0,0,255,255,255,6,2490.193,"_Chun",L,0,140,-0.877,-1.959,4,-26.044,-124.534,0,0,1,1,3,R,"Oort__Cloud",160,89.754,0.2,0,59,0,0,0,0,0,0,0,0,0,0,0,0,0,0,0,0,-37.816,0.04,-17.359,-20.143,-41.62,-12.745,-65.042,22.244,-48.279,13.523,-64.849,39.88,-90.468,-1.71,-108.8,-51.435,-84.959,0,0,0,0,0,"",0,0,0,0,0,0,0,0,0,0
8,1,1,0,0,0,0,2,0,0,0,255,255,255,7,2520.031,"_Chun",L,0,139,-3.507,-0.151,1,-31.54,-124.582,0,0,0,2,5,R,"장덕춘_",170,94.815,0.549,0,59,0,0,0,0,0,0,0,0,0,0,0,0,0,0,0,0.162,-37.585,-0.23,-17.317,-20.495,-44.459,-13.163,-65.279,22.48,-48.841,12.955,-64.089,44.193,-91.505,1.554,-110.972,-51.613,-88.764,0,0,0,0,0,"",0,0,0,0,0,0,0,0,0,0
9,1,1,0,0,1,0,2,0,0,0,255,255,255,8,2540.571,"_Chun",L,10,113,0.38,1.583,2,0,400,0,0,1,2,5,R,"장덕춘_",170,94.815,0.549,2,59,2541.397,114,111,72,140,82,56.583,-8.209,-0.3,-0.016,-0.011,0.122,0,0,0,0.182,-36.939,0.059,-17.327,-20.351,-44.458,-13.152,-65.377,22.495,-48.856,13.632,-64.825,44.193,-91.524,2.15,-112.101,-51.603,-89.987,0,0,0,2547.336,3,"오띵__",7.126,-63.415,0,0,0,0,0,0,0,1
10,1,0,0,0,0,0,0,0,0,0,255,255,255,0,2700.058,"Apple_Sherbet",R,13,103,-2.136,-1.607,4,-280.027,400,-0.55,-18.41,1,0,3,R,"오띵__",164.1,90,0.405,0,59,0,0,0,0,0,0,0,0,0,0,0,0,0,0,0,0.253,-37.397,-0.178,-16.988,-20.808,-46.132,-13.086,-64.662,22.985,-48.016,12.271,-64.262,39.63,-89.612,0.865,-119.19,-41.658,-98.156,0,0,0,0,0,"",0,0,0,0,0,0,0,0,0,0
11,1,0,0,0,0,1,0,0,0,0,255,255,255,1,2718.463,"Apple_Sherbet",R,0,140,1.237,-1.193,2,0,0,0,0,1,0,3,R,"오띵__",164.1,90,0.405,3,59,2719.367,152,87,41,143,83,25.804,-15.423,0,0.025,-0.129,0.223,0,0,0,0.012,-36.841,-0.178,-17.255,-21.086,-47.843,-13.09,-64.657,23.513,-48.211,13.024,-64.564,39.445,-90.118,0.864,-119.264,-41.634,-98.147,2723.286,24.056,-78.018,2724.153,6,"Azuner",26.636,-82.879,1,0,0,0,0,0,0,2
12,1,0,0,0,0,0,0,1,0,0,12,255,255,2,2751.53,"Apple_Sherbet",R,10,106,0.914,-1.503,1,139.098,400,0,0,0,1,1,L,"Kr_Luna",190,96.932,0.501,0,59,0,0,0,0,0,0,0,0,0,0,0,0,0,0,0,-0.05,-36.999,0.673,-18.828,-16.756,-42.952,-7.724,-63.478,24.412,-48.999,13.534,-64.401,43.818,-88.532,4.723,-119.077,-39.873,-101.962,0,0,0,0,0,"",0,0,0,0,0,0,0,0,0,0
13,1,0,0,0,1,0,0,1,0,0,12,255,255,3,2772.139,"Apple_Sherbet",R,14,110,2.209,-1.703,1,317.537,386.225,0,0,0,1,1,L,"Kr_Luna",190,96.932,0.501,0,59,0,0,0,0,0,0,0,0,0,0,0,0,0,0,0,0.342,-37.227,-0.345,-17.475,-19.095,-41.301,-11.367,-64.896,23.939,-49.532,13.316,-63.338,44.383,-87.428,5.288,-119.659,-41.749,-100.27,0,0,0,0,0,"",0,0,0,0,0,0,0,0,0,0
14,1,0,0,0,2,0,0,1,0,0,12,255,255,4,2790.251,"Apple_Sherbet",R,0,140,-1.105,0.834,2,-41.493,-200,0,0,1,1,1,L,"Kr_Luna",190,96.932,0.501,2,59,2791.063,200,104,28,148,93,24.799,7.234,-0.45,-0.004,-0.028,0.254,0,0,0,-0.331,-36.943,-0.125,-17.206,-17.522,-40.63,-11.861,-64.469,24.652,-49.522,13.874,-63.986,44.365,-87.477,5.235,-119.712,-40.659,-99.247,2795.57,-5.484,-96.014,2796.437,7,"Pugeuk",-5.681,-101.19,1,0,0,0,0,0,0,2
15,1,0,0,0,0,0,0,1,1,0,10,12,255,5,2831.966,"Apple_Sherbet",R,6,97,1.991,-0.334,4,342.272,43.775,0,0,1,2,0,L,"_Chun",190,95.123,0.455,0,59,0,0,0,0,0,0,0,0,0,0,0,0,0,0,0,0.125,-37.32,0.026,-17.675,-17.399,-43.182,-4.527,-63.145,22.649,-44.874,13.166,-63.096,44.161,-86.824,6.823,-117.187,-39.186,-100.72,0,0,0,0,0,"",0,0,0,0,0,0,0,0,0,0
16,1,0,0,0,0,1,0,1,1,0,10,12,255,6,2848.851,"Apple_Sherbet",R,14,107,1.95,-1.533,4,345.294,352.126,0,0,1,2,0,L,"_Chun",190,95.123,0.455,0,59,0,0,0,0,0,0,0,0,0,0,0,0,0,0,0,0.283,-37.266,0.125,-18.472,-17.81,-42.032,-2.322,-62.526,22.464,-45.128,14.074,-61.743,44.244,-86.641,6.286,-116.682,-39.189,-100.696,0,0,0,0,0,"",0,0,0,0,0,0,0,0,0,0
17,1,0,0,0,0,2,0,1,1,0,10,12,255,7,2864.826,"Apple_Sherbet",R,10,111,-0.351,-1.445,2,0.105,400,0,0,1,2,0,L,"_Chun",190,95.123,0.455,3,59,2865.863,145,111,58,146,86,107.986,71.198,-0.14,0.197,-0.228,0.293,0,0,0,-0.205,-36.78,-0.024,-17.275,-17.439,-41.602,-0.034,-59.735,23.564,-46.841,14.854,-63.406,44.376,-86.665,6.02,-114.17,-38.532,-101.082,2871.02,56.139,6.713,0,0,"",0,0,0,0,0,0,0,0,0,0
18,1,0,0,0,0,2,0,1,1,0,10,12,255,8,2886.327,"Apple_Sherbet",R,14,105,2.846,-1.638,4,315.041,375.595,0.714,-18.054,1,2,0,L,"_Chun",190,95.123,0.455,0,59,0,0,0,0,0,0,0,0,0,0,0,0,0,0,0,0.225,-37.378,0.2,-18.292,-16.841,-42.701,-4.198,-62.963,21.501,-43.786,14.634,-63.288,45.036,-86.261,5.991,-117.591,-36.32,-102.102,0,0,0,0,0,"",0,0,0,0,0,0,0,0,0,0
19,1,0,0,0,0,0,1,1,1,0,10,12,255,9,2915.944,"Apple_Sherbet",R,10,128,0.35,-1.456,2,0,400,0,0,1,3,4,R,"なおｐ--",190,89.709,0.397,3,59,2917.032,137,100,31,142,117,7.108,25.764,0.82,-0.062,-0.138,0.361,0,0,0,-0.144,-36.72,0.13,-17.23,-18.799,-47.048,-13.584,-64.269,23.313,-48.766,9.03,-62.667,40.595,-90.651,-3.057,-117.292,-44.277,-102.282,2919.603,-34.056,-78.54,2920.753,8,"卯月満開",-41.925,-91.142,1,0,0,0,0,0,0,2
20,1,0,0,1,0,0,1,1,1,0,13,10,255,10,2961.708,"Apple_Sherbet",R,0,140,-0.584,0.417,2,111.887,-192.582,0,0,1,4,8,L,"NABIMan",190,99.424,0.547,3,41,2962.479,193,131,43,155,97,-8.983,-34.471,-0.47,0.021,-0.155,0.511,0,0,0,-0.089,-37.026,-0.169,-17.141,-17.867,-46.697,-1.186,-60.827,23.302,-48.148,13.01,-64.536,43.427,-86.367,7.526,-111.319,-34.385,-98.575,2962.836,4.381,-25.57,2964.386,4,"bdg06213",19.554,-46.649,1,0,0,0,0,0,0,2
21,2,1,0,1,0,0,0,0,0,0,255,255,255,9,3035.896,"_Chun",L,0,133,-2.591,-0.968,1,-58.365,-92.337,0,0,0,3,0,R,"Apple_Sherbet",189.5,90.377,0.302,0,59,0,0,0,0,0,0,0,0,0,0,0,0,0,0,0,0.156,-37.66,0.008,-17.286,-22.214,-47.843,-12.663,-65.377,21.188,-47.229,13.561,-64.684,42.271,-95.44,-5.772,-116.105,-46.602,-89.863,0,0,0,0,0,"",0,0,0,0,0,0,0,0,0,0
22,2,1,0,1,1,0,0,0,0,0,255,255,255,10,3055.429,"_Chun",L,6,113,-2.487,-0.424,4,-500,0,0,0,1,3,0,R,"Apple_Sherbet",189.5,90.377,0.302,0,59,0,0,0,0,0,0,0,0,0,0,0,0,0,0,0,0.129,-37.444,-0.113,-17.31,-22.351,-47.688,-12.657,-65.404,21.149,-47.174,13.216,-63.601,42.312,-95.411,-4.54,-116.873,-48.616,-89.413,0,0,0,0,0,"",0,0,0,0,0,0,0,0,0,0
23,2,1,0,1,1,1,0,0,0,0,255,255,255,11,3078.378,"_Chun",L,10,108,0.665,0.424,0,0,400,0,0,0,3,0,R,"Apple_Sherbet",189.5,90.377,0.302,0,59,0,0,0,0,0,0,0,0,0,0,0,0,0,0,0,0.072,-37.914,0.078,-17.382,-21.328,-47.47,-12.654,-65.387,21.35,-47.478,13.53,-64.781,42.326,-95.406,-4.579,-116.85,-49.1,-91.032,0,0,0,0,0,"",0,0,0,0,0,0,0,0,0,0
24,2,1,0,1,1,2,0,0,0,0,255,255,255,12,3098.408,"_Chun",L,6,123,0.875,0.508,2,-456.962,0,0,0,1,3,0,R,"Apple_Sherbet",189.5,90.377,0.302,3,59,3099.346,172,118,28,150,106,91.337,-84.914,0.05,-0.032,-0.079,0.176,0,0,0,0.268,-37.371,0.105,-17.408,-21.253,-47.548,-12.658,-65.399,21.228,-47.374,13.559,-64.759,42.33,-95.428,-4.679,-116.541,-48.159,-89.612,3106.82,-29.639,-15.923,0,0,"",0,0,0,0,0,0,0,0,0,3
25,2,1,0,1,1,2,0,0,0,0,255,255,255,13,3125.666,"_Chun",L,14,94,-1.848,-0.354,2,-307.014,347.741,0,0,1,3,0,R,"Apple_Sherbet",189.5,90.377,0.302,3,59,3126.85,195,141,65,155,103,18.964,-23.241,0.94,-0.031,-0.069,0.433,0,0,0,0.33,-37.191,-0.068,-17.299,-19.608,-45.017,-13.07,-65.256,21.281,-47.44,13.497,-64.867,43.934,-94.97,-1.374,-110.409,-52.717,-90.043,3129.92,18.109,-84.917,3135.903,7,"Multeinn",18.651,-130.342,1,0,0,0,0,0,0,2
26,2,1,0,1,0,0,0,0,1,0,255,0,255,14,3169.767,"_Chun",L,0,134,2.028,0.625,1,-23.32,-85.995,0,0,0,4,2,R,"하루（Haru）",180.3,107,0.55,0,59,0,0,0,0,0,0,0,0,0,0,0,0,0,0,0,0.187,-38.051,0.097,-17.38,-19.892,-44.995,-13.181,-65.234,21.112,-43.137,4.284,-63.071,47.266,-90.444,-0.172,-112.677,-51.028,-91.02,0,0,0,0,0,"",0,0,0,0,0,0,0,0,0,0
27,2,1,0,1,1,0,0,0,1,0,255,0,255,15,3186.613,"_Chun",L,0,129,0.275,1.056,2,-7.935,-139.636,0,0,1,4,2,R,"하루（Haru）",180.3,107,0.55,3,59,3187.687,201,42,0,99,65,48.678,41.984,0.94,-0.026,-0.041,0,0,0,0,0.22,-37.17,0.101,-17.347,-19.856,-44.674,-13.077,-65.272,20.514,-46.567,4.349,-63.147,47.217,-90.174,-0.358,-113.023,-49.083,-90.573,0,0,0,3188.07,1,"Kr_Luna",0.051,-21.349,0,0,0,0,0,0,0,3
28,2,1,0,1,1,1,0,0,1,0,255,0,255,16,3208.132,"_Chun",L,14,105,-2.484,0.373,2,-337.212,353.837,0,0,1,4,2,R,"하루（Haru）",180.3,107,0.55,3,46,3209.219,208,83,22,141,120,12.21,-1.43,0.67,-0.072,-0.037,0.087,0,0,0,0.344,-37.302,-0.334,-17.336,-21.257,-45.514,-13.111,-65.253,21.467,-47.526,4.743,-64.006,48.85,-89.501,-0.942,-112.474,-50.366,-92.289,3212.236,-1.507,-98.007,3212.786,7,"Multeinn",-1.62,-100.91,1,0,0,0,0,0,0,2
29,2,1,0,1,0,0,0,1,0,1,2,255,0,17,3240.348,"_Chun",L,0,128,0.398,1.625,1,-47.097,-109.413,0,0,0,5,4,R,"bdg06213",190,99.549,0.504,0,59,0,0,0,0,0,0,0,0,0,0,0,0,0,0,0,-0.052,-37.868,0.248,-17.516,-19.616,-41.169,-13.524,-65.051,19.344,-42.681,7.435,-65.43,36.643,-90.481,-1.313,-109.024,-45.797,-84.873,0,0,0,0,0,"",0,0,0,0,0,0,0,0,0,0
30,2,1,0,1,1,0,0,1,0,1,2,255,0,18,3259.982,"_Chun",L,0,136,3.136,0.306,4,11.991,-82.54,0.334,-21.303,1,5,4,R,"bdg06213",190,99.549,0.504,0,59,0,0,0,0,0,0,0,0,0,0,0,0,0,0,0,0.222,-37.839,0.148,-18.368,-19.693,-44.116,-13.504,-65.023,18.522,-43.271,5.954,-64.92,38.217,-90.464,0.044,-110.902,-45.508,-84.523,0,0,0,0,0,"",0,0,0,0,0,0,0,0,0,0
31,2,1,0,1,1,1,0,1,0,1,2,255,0,19,3280.903,"_Chun",L,6,122,-2.385,-0.191,2,-443.7,79.469,0,0,1,5,4,R,"bdg06213",190,99.549,0.504,3,59,3282,225,194,70,155,128,11.527,33.467,0.38,-0.037,-0.185,0.165,0,0,0,0.196,-37.202,-0.259,-17.437,-19.761,-43.012,-14.334,-64.414,18.659,-42.169,6.119,-64.236,37.885,-91.694,-0.006,-110.804,-46.788,-87.113,3285.386,-39.12,-101.979,3289.453,7,"Multeinn",-25.165,-107.587,1,16,0,0,0,0,0,2
32,2,1,1,1,0,1,1,0,1,0,255,4,255,20,3361.454,"_Chun",L,6,117,-2.083,-0.361,1,-413.111,0,0,0,0,6,1,R,"HalF_HearteD",174.7,90.26,0.401,0,59,0,0,0,0,0,0,0,0,0,0,0,0,0,0,0,0.145,-38.031,-0.022,-17.319,-19.946,-43.614,-13.328,-65.124,20.349,-43.655,2.206,-61.447,35.16,-93.852,-2.731,-113.281,-46.282,-91.048,0,0,0,0,0,"",0,0,0,0,0,0,0,0,0,0
33,2,1,1,1,1,1,1,0,1,0,255,4,255,21,3382.854,"_Chun",L,0,130,1.456,1.414,4,-9.816,-97.254,0,0,1,6,1,R,"HalF_HearteD",174.7,90.26,0.401,3,59,3383.873,153,64,1,120,74,-26.353,38.126,0.95,0,0.01,0.301,0,0,0,0.074,-37.288,0.066,-17.331,-20.5,-44.888,-13.327,-65.165,20.623,-46.93,5.529,-63.994,35.182,-93.881,-1.879,-113.016,-47.719,-91.942,3384.203,-1.554,-20.45,3384.353,1,"Kr_Luna",0.263,-21.188,0,0,0,0,0,0,0,3
34,2,1,1,1,1,2,1,0,1,0,255,4,255,22,3419.542,"_Chun",L,0,131,-1.519,-1.212,2,-5.622,-89.002,0,0,1,6,1,R,"HalF_HearteD",174.7,90.26,0.401,3,37,3420.633,150,130,11,146,97,2.556,33.621,0.92,-0.085,-0.15,0.318,0,0,0,0.263,-37.08,-0.122,-17.371,-20.546,-45.472,-13.202,-65.227,21.028,-47.212,4.261,-62.924,35.465,-94.234,-2.024,-110.013,-46.583,-89.783,3421.67,-12.549,-36.204,3422.42,2,"_AKASATA_",-17.734,-42.74,0,0,0,0,0,0,0,2
35,2,1,1,1,0,0,2,0,1,0,255,4,255,23,3452.059,"_Chun",L,0,129,2.821,0.18,1,18.228,-144.689,0,0,0,7,6,L,"Azuner",190,86,0.398,0,59,0,0,0,0,0,0,0,0,0,0,0,0,0,0,0,-0.212,-37.607,0.48,-17.284,-19.813,-43.247,-5.554,-64.015,21.535,-46.42,13.264,-64.138,39.087,-95.663,2.22,-106.364,-47.068,-89.36,0,0,0,0,0,"",0,0,0,0,0,0,0,0,0,0
36,2,1,1,1,1,0,2,0,1,0,255,4,255,24,3468.92,"_Chun",L,0,132,0.257,1.425,2,-24.691,-84.18,0,0,1,7,6,L,"Azuner",190,86,0.398,3,59,3470.029,118,115,83,142,91,100.182,73.452,-0.13,-0.041,-0.074,0.246,0,0,0,0.231,-36.924,0.025,-17.358,-19.566,-44.235,-8.071,-64.917,20.645,-46.877,13.294,-64.086,39.119,-95.662,0.3,-105.388,-47.484,-89.47,0,0,0,0,0,"",0,0,0,0,0,0,0,0,0,0
37,2,1,1,1,1,1,2,0,1,0,255,4,255,25,3494.584,"_Chun",L,0,140,-0.19,-1.127,2,-36.504,-89.071,0,0,1,7,6,L,"Azuner",190,86,0.398,3,59,3495.673,158,105,45,148,90,-9.257,-33.119,0.96,-0.02,-0.092,0.295,0,0,0,0.117,-37.145,0.096,-17.379,-19.635,-44.538,-8.474,-65.904,22.227,-48.237,13.547,-64.657,45.65,-96.842,0.356,-110.241,-48.381,-90.526,3495.886,1.685,-21.914,3497.52,4,"なおｐ--",17.813,-46.76,0,0,0,0,0,0,0,2
38,2,0,1,1,0,0,0,0,0,0,255,255,255,11,3557.57,"Apple_Sherbet",R,14,97,1.31,-0.175,2,344.292,312.348,0,0,1,5,6,L,"SFIDA",190,86,0.2,2,59,3558.442,173,163,25,154,97,-35.359,-12.25,-0.43,0.031,-0.015,0.301,0,0,0,-0.021,-36.806,0.159,-17.276,-20.024,-48.369,-13.047,-64.77,24.086,-49.624,13.738,-64.148,40.59,-81.96,2.284,-110.111,-36.331,-94.362,3558.62,0.514,-23.032,3560.97,5,"장덕춘_",8.46,-59.884,0,0,0,0,0,0,0,2
39,2,0,1,1,0,0,1,0,0,0,255,255,255,12,3592.285,"Apple_Sherbet",R,13,104,-1.755,-0.887,1,-366.302,316.061,0,0,0,6,2,R,"_AKASATA_",190,100.086,0.2,0,59,0,0,0,0,0,0,0,0,0,0,0,0,0,0,0,0.336,-37.198,-0.232,-16.925,-22.112,-48.918,-13.14,-64.752,22.991,-49.477,13.755,-64.459,36.205,-84.356,0.795,-107.121,-35.304,-92.054,0,0,0,0,0,"",0,0,0,0,0,0,0,0,0,0
40,2,0,1,1,1,0,1,0,0,0,255,255,255,13,3611.597,"Apple_Sherbet",R,13,105,-1.243,-0.98,4,-372.687,312.348,0,0,1,6,2,R,"_AKASATA_",190,100.086,0.2,0,59,0,0,0,0,0,0,0,0,0,0,0,0,0,0,0,0.209,-37.376,-0.095,-16.931,-20.081,-44.704,-13.07,-64.609,22.918,-49.36,13.878,-64.46,36.191,-84.34,0.761,-107.129,-35.332,-92.023,0,0,0,0,0,"",0,0,0,0,0,0,0,0,0,0
41,2,0,1,1,1,1,1,0,0,0,255,255,255,14,3628.635,"Apple_Sherbet",R,13,103,-2.575,-1.118,4,-365.589,312.348,0,0,1,6,2,R,"_AKASATA_",190,100.086,0.2,0,59,0,0,0,0,0,0,0,0,0,0,0,0,0,0,0,0.234,-37.382,-0.2,-16.98,-19.885,-44.429,-13.061,-64.474,23.956,-49.841,13.794,-64.4,36.204,-84.289,0.715,-107.15,-35.358,-92.635,0,0,0,0,0,"",0,0,0,0,0,0,0,0,0,0
42,2,0,1,1,1,2,1,0,0,0,255,255,255,15,3648.744,"Apple_Sherbet",R,0,140,-4.736,0.86,2,52.192,-200,0,0,1,6,2,R,"_AKASATA_",190,100.086,0.2,3,59,3649.7,154,74,17,135,91,-22.5,45.521,0.93,-0.001,-0.019,0.166,0,0,0,0.124,-36.921,-0.254,-17.05,-21.313,-48.336,-13.039,-64.478,24.039,-49.229,13.761,-64.394,36.227,-84.275,0.648,-107.231,-40.092,-90.125,3649.987,-3.905,-20.919,0,0,"",0,0,0,0,0,0,0,0,0,3
43,2,0,1,1,1,2,1,0,0,0,255,255,255,16,3670.799,"Apple_Sherbet",R,14,101,0.259,-1.715,4,269.652,400,0,0,1,6,2,R,"_AKASATA_",190,100.086,0.2,0,59,0,0,0,0,0,0,0,0,0,0,0,0,0,0,0,0.258,-37.367,-0.071,-17.063,-20.933,-46.269,-13.076,-64.738,23.715,-49.09,13.489,-64.488,36.274,-84.433,1.467,-106.214,-38.166,-92.604,0,0,0,0,0,"",0,0,0,0,0,0,0,0,0,0
44,2,0,1,1,0,0,2,0,0,0,255,255,255,17,3698.121,"Apple_Sherbet",R,0,137,1.857,0.649,1,237.753,-200,0,0,0,7,5,R,"CVPileMaki",169.7,94,0.4,0,59,0,0,0,0,0,0,0,0,0,0,0,0,0,0,0,0.285,-37.135,-0.055,-16.716,-22.162,-49.148,-13.017,-64.436,23.979,-50.094,13.352,-64.627,36.279,-84.491,-2.512,-105.691,-40.855,-90.603,0,0,0,0,0,"",0,0,0,0,0,0,0,0,0,0
45,2,0,1,1,1,0,2,0,0,0,255,255,255,18,3713.438,"Apple_Sherbet",R,0,135,-5.565,-1.92,1,250,-200,0,0,0,7,5,R,"CVPileMaki",169.7,94,0.4,0,59,0,0,0,0,0,0,0,0,0,0,0,0,0,0,0,0.257,-37.143,-0.221,-16.88,-22.276,-47.873,-13.042,-64.515,23.936,-49.364,13.439,-64.563,36.265,-84.5,-2.502,-105.609,-40.87,-90.614,0,0,0,0,0,"",0,0,0,0,0,0,0,0,0,0
46,2,0,1,1,2,0,2,0,0,0,255,255,255,19,3731.21,"Apple_Sherbet",R,0,140,-0.135,0.038,0,97.884,-200,0,0,0,7,5,R,"CVPileMaki",169.7,94,0.4,0,59,0,0,0,0,0,0,0,0,0,0,0,0,0,0,0,0.213,-37.205,-0.093,-16.94,-22.283,-48.743,-13.005,-64.42,23.925,-49.457,13.3,-64.449,36.328,-84.862,-2.568,-105.652,-39.624,-91.272,0,0,0,0,0,"",0,0,0,0,0,0,0,0,0,0
47,2,0,1,1,2,1,2,0,0,0,255,255,255,20,3749.228,"Apple_Sherbet",R,13,117,-1.712,-0.882,4,-383.074,321.332,0,0,1,7,5,R,"CVPileMaki",169.7,94,0.4,0,59,0,0,0,0,0,0,0,0,0,0,0,0,0,0,0,0.264,-37.39,-0.209,-16.932,-21.996,-47.367,-13.046,-64.47,23.911,-49.546,13.342,-64.403,36.784,-84.38,-2.501,-105.664,-39.624,-91.294,0,0,0,0,0,"",0,0,0,0,0,0,0,0,0,0
48,2,0,1,1,2,2,2,0,0,0,255,255,255,21,3764.665,"Apple_Sherbet",R,0,140,1.152,0.931,0,-62.557,-200,0,0,1,7,5,R,"CVPileMaki",169.7,94,0.4,3,59,3765.7,83,66,16,115,65,-22.5,41.158,0.96,-0.001,-0.053,0.121,0,0,0,0.002,-37.086,0.078,-17.191,-21.669,-48.586,-12.972,-64.425,23.993,-49.112,13.049,-64.379,36.775,-84.405,-2.518,-105.532,-38.591,-92.012,3766.003,-1.811,-20.376,3766.37,1,"HalF_HearteD",0.214,-20.644,0,0,0,0,0,0,0,3
49,2,0,1,1,2,2,2,0,0,0,255,255,255,22,3787.786,"Apple_Sherbet",R,0,140,0.377,1.418,4,-94.721,-200,0,0,1,7,5,R,"CVPileMaki",169.7,94,0.4,0,59,0,0,0,0,0,0,0,0,0,0,0,0,0,0,0,0.302,-37.371,0.073,-17.422,-22.372,-47.486,-13.033,-64.511,23.707,-48.889,13.243,-64.739,36.804,-84.402,-1.518,-103.438,-37.463,-92.565,0,0,0,0,0,"",0,0,0,0,0,0,0,0,0,0
50,3,1,1,1,0,0,0,0,0,0,255,255,255,26,3843.778,"_Chun",L,0,131,0.383,0.886,2,-37.078,-79.469,0,0,1,8,8,R,"卯月満開",180,89.902,0.2,2,59,3844.552,100,63,21,128,79,-12.522,32.783,-0.1,-0.11,-0.06,0,0,0,0,0.202,-37.112,0.054,-17.382,-20.598,-46.213,-13.188,-65.245,21.37,-47.602,13.564,-64.894,39.986,-89.441,-0.696,-110.228,-46.799,-90.728,3844.886,-2.911,-23.952,3846.72,2,"_AKASATA_",-15.382,-45.894,0,0,0,0,0,0,0,2
51,3,1,1,1,0,0,1,0,0,0,255,255,255,27,3880.494,"_Chun",L,6,114,1.06,0.491,2,-443.398,0,0,0,1,0,7,R,"Pugeuk",160,97,0.598,3,59,3881.45,177,141,33,155,118,30.258,46.594,0.21,-0.032,-0.105,0.535,0,0,0,0.381,-37.167,0.084,-17.388,-22.101,-47.419,-13.267,-65.206,21.3,-47.466,13.539,-64.819,39.197,-90.529,0.888,-108.662,-46.818,-89.46,3886.37,-77.619,-83.121,0,0,"",0,0,0,0,0,0,0,0,0,3
52,3,1,1,1,0,1,1,0,0,0,255,255,255,28,3903.751,"_Chun",L,0,123,0.469,2.066,2,-7.037,-200,0,0,1,0,7,R,"Pugeuk",160,97,0.598,3,73,3904.763,81,53,8,84,68,-22.5,12.412,0.24,0.017,-0.076,0.129,0,0,0,0.019,-37.297,0.067,-17.349,-21.142,-46.669,-13.269,-65.252,21.522,-47.749,13.547,-64.893,41.175,-92.921,-0.895,-109.781,-53.543,-92.047,3905.003,-0.595,-22.54,3907.836,3,"오띵__",-8.179,-55.631,0,0,0,0,0,0,0,2
53,3,1,1,1,0,0,2,0,0,0,255,255,255,29,3935.921,"_Chun",L,10,114,0.512,-2.97,2,0,400,0.09,-21.308,1,1,3,R,"Oort__Cloud",160,89.754,0.2,2,59,3937.035,160,110,33,148,86,-30,-6.348,0.95,-0.123,-0.124,0.51,0,0,0,0.097,-37.157,0.07,-17.361,-20.454,-46.517,-13.14,-65.297,21.825,-47.972,13.319,-64.49,42.124,-94.153,-0.231,-110.998,-48.195,-89.192,0,0,0,3938.336,0,"_Chun",1.289,-35.947,0,0,0,0,0,0,0,1
54,3,0,1,1,0,0,0,0,0,0,255,255,255,23,3991.492,"Apple_Sherbet",R,0,140,-2.704,0.45,1,250,-200,0,0,0,8,7,R,"Multeinn",160,95.146,0.502,0,59,0,0,0,0,0,0,0,0,0,0,0,0,0,0,0,0.103,-37.027,0.016,-16.95,-20.477,-45.885,-13.057,-64.446,23.928,-49.916,13.107,-64.559,39.108,-87.083,-1.369,-109.772,-39.416,-91.607,0,0,0,0,0,"",0,0,0,0,0,0,0,0,0,0
55,3,0,1,1,1,0,0,0,0,0,255,255,255,24,4006.31,"Apple_Sherbet",R,0,140,1.606,-0.416,2,250,-200,0,0,1,8,7,R,"Multeinn",160,95.146,0.502,3,59,4007.088,238,153,20,155,85,-7.83,-28.442,-0.52,-0.072,-0.094,0.247,0,0,0,-0.017,-36.886,0.119,-17.256,-20.994,-48.072,-13.154,-64.698,23.736,-50.433,13.165,-64.479,39.045,-87.096,-1.374,-109.804,-39.422,-91.581,4007.403,2.818,-23.847,4009.32,4,"bdg06213",17.671,-49.291,1,0,0,0,0,0,0,2
56,3,0,1,1,0,0,0,1,0,0,16,255,255,25,4050.046,"Apple_Sherbet",R,13,96,-1.636,-1.467,1,-324.936,333.73,0,0,0,0,3,R,"오띵__",164.1,90,0.405,0,59,0,0,0,0,0,0,0,0,0,0,0,0,0,0,0,0.409,-37.241,-0.496,-18.518,-16.966,-42.523,-12.574,-64.608,22.914,-50.183,5.696,-62.795,37.912,-84.931,-5.298,-111.339,-38.955,-94.22,0,0,0,0,0,"",0,0,0,0,0,0,0,0,0,0
57,3,0,1,1,1,0,0,1,0,0,16,255,255,26,4086.759,"Apple_Sherbet",R,0,140,-1.329,-0.309,2,0,0,0,0,1,0,3,R,"오띵__",164.1,90,0.405,3,59,4087.668,147,80,47,141,122,50,49.499,0.59,0.067,-0.093,0.159,0,0,0,-0.089,-36.815,-0.123,-17.154,-17.848,-42.076,-13.115,-64.656,23.02,-49.751,8.464,-63.816,37.828,-85.087,-4.125,-112.458,-36.619,-91.599,4093.687,-80.309,-80.757,0,0,"",0,0,0,0,0,0,0,0,0,0
58,3,0,1,1,1,1,0,1,0,0,16,255,255,27,4112.992,"Apple_Sherbet",R,0,140,-0.694,1.088,0,-0.478,-200,0,0,1,0,3,R,"오띵__",164.1,90,0.405,0,59,0,0,0,0,0,0,0,0,0,0,0,0,0,0,0,0.247,-37.31,-0.151,-17.358,-18.623,-41.237,-12.926,-64.62,22.562,-49.383,6.971,-62.838,38.881,-85.203,-6.979,-111.113,-39.705,-94.658,0,0,0,0,0,"",0,0,0,0,0,0,0,0,0,0
59,3,0,1,1,1,2,0,1,0,0,16,255,255,28,4131.697,"Apple_Sherbet",R,13,104,-3.357,-1.629,4,-369.138,312.348,0,0,1,0,3,R,"오띵__",164.1,90,0.405,0,59,0,0,0,0,0,0,0,0,0,0,0,0,0,0,0,0.156,-37.254,-0.638,-17.926,-17.939,-42.299,-12.913,-64.663,22.891,-48.513,5.241,-62.011,38.846,-85.279,-7.054,-111.118,-40.004,-94.285,0,0,0,0,0,"",0,0,0,0,0,0,0,0,0,0
60,3,0,1,1,0,0,1,1,0,0,16,255,255,29,4173.619,"Apple_Sherbet",R,0,128,-1.314,1.72,1,103.315,-200,0,0,0,1,1,L,"Kr_Luna",190,96.932,0.501,0,59,0,0,0,0,0,0,0,0,0,0,0,0,0,0,0,0.241,-37.249,-0.216,-17.198,-18.817,-41.951,-7.472,-62.784,24.142,-49.621,13.074,-64.684,43.019,-85.261,2.28,-112.969,-35.576,-97.906,0,0,0,0,0,"",0,0,0,0,0,0,0,0,0,0
61,3,0,1,1,1,0,1,1,0,0,16,255,255,30,4193.493,"Apple_Sherbet",R,14,97,1.357,-0.679,0,326.651,335.831,0,0,1,1,1,L,"Kr_Luna",190,96.932,0.501,0,59,0,0,0,0,0,0,0,0,0,0,0,0,0,0,0,0.28,-37.368,-0.016,-17.188,-18.736,-41.74,-5.882,-62.627,23.242,-48.721,13.03,-64.683,43.015,-85.244,3.768,-112.451,-35.131,-98.76,0,0,0,0,0,"",0,0,0,0,0,0,0,0,0,0
62,3,0,1,1,1,1,1,1,0,0,16,255,255,31,4208.67,"Apple_Sherbet",R,10,103,0.084,-1.829,1,0,400,0,0,0,1,1,L,"Kr_Luna",190,96.932,0.501,0,59,0,0,0,0,0,0,0,0,0,0,0,0,0,0,0,0.372,-37.395,0.087,-16.937,-18.766,-41.989,-5.924,-62.514,23.325,-48.171,13.374,-64.468,43.042,-85.273,3.75,-112.4,-37.881,-97.603,0,0,0,0,0,"",0,0,0,0,0,0,0,0,0,0
63,3,0,1,1,2,1,1,1,0,0,16,255,255,32,4225.277,"Apple_Sherbet",R,0,140,-0.82,0.444,2,100.116,-200,0,0,1,1,1,L,"Kr_Luna",190,96.932,0.501,2,59,4226.022,170,94,32,144,91,22.706,-41.453,-0.37,0,-0.06,0.258,0,0,0,-0.187,-36.94,-0.118,-17.101,-18.198,-42.581,-8.039,-64.332,24.159,-49.513,13.044,-64.419,43.014,-85.265,3.732,-112.409,-37.622,-97.778,4229.786,51.663,-62.591,0,0,"",0,0,0,0,0,0,0,0,0,3
64,3,0,1,1,2,2,1,1,0,0,16,255,255,33,4253.675,"Apple_Sherbet",R,14,101,1.875,-1.468,1,358.49,312.348,0,0,0,1,1,L,"Kr_Luna",190,96.932,0.501,0,59,0,0,0,0,0,0,0,0,0,0,0,0,0,0,0,0.315,-37.46,0.197,-17.498,-18.301,-41.085,-4.823,-62.532,24.959,-48.77,12.747,-64.749,43.327,-84.027,9.723,-109.361,-35.084,-98.091,0,0,0,0,0,"",0,0,0,0,0,0,0,0,0,0
65,3,0,1,1,3,2,1,1,0,0,16,255,255,34,4274.715,"Apple_Sherbet",R,14,126,1.73,-1.026,1,390.434,312.348,0,0,0,1,1,L,"Kr_Luna",190,96.932,0.501,0,59,0,0,0,0,0,0,0,0,0,0,0,0,0,0,0,0.252,-37.384,-0.014,-17.357,-17.824,-42.376,-4.809,-63.548,24.479,-48.557,12.711,-64.732,43.25,-83.996,9.783,-109.199,-35.09,-98.054,0,0,0,0,0,"",0,0,0,0,0,0,0,0,0,5
66,3,0,1,1,0,0,1,1,1,0,10,16,255,35,4304.497,"Apple_Sherbet",R,0,140,-0.391,0.423,0,-250,-200,0,0,0,2,0,L,"_Chun",190,95.123,0.455,0,59,0,0,0,0,0,0,0,0,0,0,0,0,0,0,0,0.085,-37.304,-0.13,-16.906,-17.653,-44.231,-1.393,-60.399,22.605,-46.138,13.085,-64.651,42.03,-83.668,10.342,-109.022,-36.402,-94.593,0,0,0,0,0,"",0,0,0,0,0,0,0,0,0,0
67,3,0,1,1,0,1,1,1,1,0,10,16,255,36,4323.235,"Apple_Sherbet",R,14,96,2.183,-1.143,1,314.305,346.841,0,0,0,2,0,L,"_Chun",190,95.123,0.455,0,59,0,0,0,0,0,0,0,0,0,0,0,0,0,0,0,0.163,-37.556,0.155,-16.962,-18.291,-45.616,-2.116,-59.264,23.241,-46.793,12.605,-64.412,42.012,-83.661,10.97,-107.696,-33.554,-96.284,0,0,0,0,0,"",0,0,0,0,0,0,0,0,0,0
68,3,0,1,1,1,1,1,1,1,0,10,16,255,37,4338.2,"Apple_Sherbet",R,14,90,2.17,-0.919,1,319.446,312.348,0,0,0,2,0,L,"_Chun",190,95.123,0.455,0,59,0,0,0,0,0,0,0,0,0,0,0,0,0,0,0,0.341,-37.527,0.091,-17.028,-17.499,-43.413,-2.223,-60.884,23.09,-46.403,12.58,-64.397,42.1,-83.64,10.596,-108.049,-33.483,-96.07,0,0,0,0,0,"",0,0,0,0,0,0,0,0,0,0
69,3,0,1,1,2,1,1,1,1,0,10,16,255,38,4353.349,"Apple_Sherbet",R,14,91,0.994,-0.044,2,311.107,329.51,0,0,1,2,0,L,"_Chun",190,95.123,0.455,3,59,4354.543,119,66,8,126,81,25.952,-44.285,0.95,0.141,-0.117,0.191,0,0,0,-0.073,-36.89,0.091,-17.341,-18.851,-43.872,-0.069,-59.874,23.681,-48.905,12.581,-64.377,42.035,-83.657,10.673,-108.179,-33.389,-96.252,4358.22,45.93,-56.389,0,0,"",0,0,0,0,0,0,0,0,0,3
70,3,0,1,1,2,2,1,1,1,0,10,16,255,39,4378.065,"Apple_Sherbet",R,0,140,-0.432,0.596,2,-42.972,-200,0,0,1,2,0,L,"_Chun",190,95.123,0.455,3,59,4379.031,54,42,3,35,48,49.672,-26.446,-0.15,0.145,-0.057,0.148,0,0,0,-0.07,-37.084,-0.145,-17.139,-17.897,-40.924,-2.906,-60.829,23.596,-48.139,13.284,-64.375,41.498,-82.932,11.648,-107.264,-34.158,-96.977,0,0,0,4383.303,4,"bdg06213",12.064,-43.775,0,0,0,0,0,0,0,1
71,3,0,1,1,0,0,2,1,1,0,10,16,255,40,4414.338,"Apple_Sherbet",R,13,96,-2.193,-1.066,2,-310.61,351.184,0,0,1,3,4,R,"なおｐ--",190,89.709,0.397,3,59,4415.558,155,100,61,148,109,-17.331,27.419,0.89,-0.082,-0.144,0.219,0,0,0,-0.13,-37.019,-0.318,-17.068,-19.481,-47.328,-13.119,-64.519,23.07,-48.747,7.764,-64.418,40.146,-85.784,11.234,-105.435,-38.059,-97.306,4415.736,-1.131,-20.835,4417.887,3,"Oort__Cloud",-17.476,-59.217,0,0,0,0,0,0,0,2
72,4,1,1,1,0,0,0,0,0,0,255,255,255,30,4481.806,"_Chun",L,0,138,1.58,0.641,4,-46.374,-74.404,0,0,1,2,5,R,"장덕춘_",170,94.815,0.549,0,59,0,0,0,0,0,0,0,0,0,0,0,0,0,0,0,0.133,-37.769,0.08,-17.428,-20.086,-45.594,-13.076,-65.311,21.767,-48.418,13.562,-64.809,41.546,-91.463,-0.188,-110.479,-46.486,-86.917,0,0,0,0,0,"",0,0,0,0,0,0,0,0,0,0
73,4,1,1,1,0,1,0,0,0,0,255,255,255,31,4500.68,"_Chun",L,0,135,0.119,0.865,0,-49.301,-127.636,0,0,0,2,5,R,"장덕춘_",170,94.815,0.549,0,59,0,0,0,0,0,0,0,0,0,0,0,0,0,0,0,-0.038,-37.78,0.048,-17.4,-20.284,-45.499,-13.075,-65.337,21.925,-48.401,13.548,-64.724,43.368,-93.905,-0.548,-110.665,-45.512,-86.769,0,0,0,0,0,"",0,0,0,0,0,0,0,0,0,0
74,4,1,1,1,0,2,0,0,0,0,255,255,255,32,4520.729,"_Chun",L,0,136,2.438,0.724,4,-2.555,-140.409,0.048,-20.348,1,2,5,R,"장덕춘_",170,94.815,0.549,0,59,0,0,0,0,0,0,0,0,0,0,0,0,0,0,0,0.111,-37.703,0.196,-17.866,-20.122,-45.785,-13.079,-65.336,21.928,-48.387,13.526,-64.722,43.325,-93.924,-0.283,-110.444,-46.037,-86.121,0,0,0,0,0,"",0,0,0,0,0,0,0,0,0,0
75,4,1,1,1,0,0,1,0,0,0,255,255,255,33,4559.846,"_Chun",L,10,110,1.496,0.815,2,0,400,0,0,1,3,0,R,"Apple_Sherbet",189.5,90.377,0.302,3,59,4560.789,185,136,52,155,99,19.797,-23.757,-0.19,-0.039,-0.009,0.441,0,0,0,0.255,-37.241,0.122,-17.397,-20.751,-47.182,-13.074,-65.368,21.936,-48.422,13.599,-64.781,42.03,-99.666,0.156,-112.469,-48.806,-85.842,4564.17,25.128,-85.229,4565.236,2,"_AKASATA_",28.514,-95.212,1,0,0,0,0,0,0,2
76,4,1,1,1,0,0,1,1,0,0,0,255,255,34,4619.389,"_Chun",L,0,135,1.892,0.826,2,-20.11,-137.102,0,0,1,4,2,R,"하루（Haru）",180.3,107,0.55,3,59,4620.456,152,54,16,121,72,-25.111,46.713,-0.5,-0.056,-0.071,0.017,0,0,0,0.186,-37.515,0.081,-17.391,-18.99,-40.684,-13.619,-64.818,22.876,-49.303,6.574,-64.479,47.222,-91.168,-0.439,-110.664,-50.879,-93.664,4620.77,-2.063,-21.404,4622.437,2,"_AKASATA_",-19.195,-37.407,0,12,0,0,0,0,0,2
77,4,1,1,1,0,1,2,0,0,0,255,255,255,35,4670.508,"_Chun",L,14,111,-0.431,-1.473,4,-179.924,400,-0.144,-18.187,1,4,2,R,"하루（Haru）",180.3,107,0.55,0,46,0,0,0,0,0,0,0,0,0,0,0,0,0,0,0,0.25,-37.689,-0.263,-16.505,-19.731,-41.29,-13.493,-65.082,21.973,-48.005,7.948,-63.118,44.852,-87.097,-1.788,-109.977,-45.02,-86.902,0,0,0,0,0,"",0,0,0,0,0,0,0,0,0,0
78,4,1,1,1,0,2,2,0,0,0,255,255,255,36,4694.185,"_Chun",L,0,140,2.374,0.97,4,-27.293,-50.059,0,0,1,4,2,R,"하루（Haru）",180.3,107,0.55,0,46,0,0,0,0,0,0,0,0,0,0,0,0,0,0,0,0.371,-37.59,0.098,-17.191,-19.546,-42.453,-13.531,-65.097,21.396,-47.386,8.251,-63.619,45.419,-87.89,-1.612,-108.367,-45.933,-88.179,0,0,0,0,0,"",0,0,0,0,0,0,0,0,0,0
79,4,0,1,1,0,0,0,0,0,0,255,255,255,41,4749.379,"Apple_Sherbet",R,0,140,-0.662,-1,1,0,0,0,0,0,4,8,L,"NABIMan",190,99.424,0.547,0,59,0,0,0,0,0,0,0,0,0,0,0,0,0,0,0,0.142,-37.205,-0.102,-16.988,-20.482,-44.106,-13.015,-64.57,23.475,-49.491,12.562,-64.763,41.595,-84.138,6.06,-112.524,-36.636,-100.356,0,0,0,0,0,"",0,0,0,0,0,0,0,0,0,0
80,4,0,1,1,1,0,0,0,0,0,255,255,255,42,4767.592,"Apple_Sherbet",R,0,140,-0.634,-1.214,2,0,0,0,0,1,4,8,L,"NABIMan",190,99.424,0.547,3,59,4768.392,195,136,31,155,130,19.713,0.173,0.41,0.006,-0.123,0.545,0,0,0,-0.002,-36.834,-0.116,-17.232,-19.865,-47.736,-13.033,-64.578,23.495,-49.368,12.944,-64.46,41.529,-84.018,6.268,-111.669,-34.902,-98.418,4773.37,15.58,-134.785,4774.803,7,"Pugeuk",18.219,-127.193,1,0,0,0,0,0,0,2
81,4,0,1,1,0,0,0,0,1,0,255,17,255,43,4809.608,"Apple_Sherbet",R,14,96,1.559,-0.568,2,338.9,314.968,0,0,1,5,6,L,"SFIDA",190,86,0.2,2,59,4810.606,158,135,57,151,95,18.055,-29.004,-0.44,0.054,-0.032,0.3,0,0,0,0.047,-36.925,0.138,-17.166,-18.519,-47.667,-2.344,-60.701,21.923,-46.71,12.658,-64.604,42.048,-83.721,8.492,-116.605,-35.372,-99.282,4813.703,28.587,-74.652,4814.503,6,"Azuner",31.359,-80.287,1,0,0,0,0,0,0,2
82,4,0,1,1,0,0,0,1,0,1,15,255,17,44,4867.079,"Apple_Sherbet",R,10,90,0.503,-0.909,0,0,400,0,0,0,6,2,R,"_AKASATA_",190,100.086,0.2,0,59,0,0,0,0,0,0,0,0,0,0,0,0,0,0,0,0.137,-37.424,-0.108,-16.899,-17.515,-44.583,-12.479,-63.965,20.021,-41.16,14.892,-63.104,38.837,-84.219,4.973,-111.401,-37.796,-92.671,0,0,0,0,0,"",0,0,0,0,0,0,0,0,0,0
83,4,0,1,1,0,1,0,1,0,1,15,255,17,45,4883.843,"Apple_Sherbet",R,3,88,-0.031,0.89,2,-400,0,0,0,1,6,2,R,"_AKASATA_",190,100.086,0.2,3,59,4884.986,188,132,50,155,130,108.339,-67.46,0.47,0.075,0.018,0.354,0,0,0,-0.172,-36.953,-0.248,-17.217,-15.83,-42.974,-12.997,-64.684,19.948,-44.641,12.381,-61.046,38.793,-84.223,2.394,-111.007,-40.073,-90.49,0,0,0,0,0,"",0,0,0,0,0,0,0,0,0,0
84,4,0,1,1,0,2,0,1,0,1,15,255,17,46,4906.352,"Apple_Sherbet",R,13,96,-2.211,-1.099,4,-340.743,312.348,0,0,1,6,2,R,"_AKASATA_",190,100.086,0.2,0,59,0,0,0,0,0,0,0,0,0,0,0,0,0,0,0,0.232,-37.273,-0.408,-16.867,-18.081,-42.14,-12.694,-64.304,19.79,-41.566,11.481,-61.851,38.73,-83.821,1.795,-109.88,-38.939,-92.874,0,0,0,0,0,"",0,0,0,0,0,0,0,0,0,0
85,4,0,1,2,0,0,1,0,1,0,255,15,255,47,5157.184,"Apple_Sherbet",R,0,129,1.448,0.629,2,190.729,-200,0,0,1,7,5,R,"CVPileMaki",169.7,94,0.4,3,59,5158.26,182,163,61,155,55,37.72,-27.721,-0.44,-0.018,-0.11,0.208,0,0,0,-0.007,-36.976,0.102,-17.263,-19.602,-49.035,-13.04,-64.777,21.617,-46.602,9.311,-63.605,37.678,-81.961,-2.216,-109.338,-38.201,-93.397,0,0,0,5162.187,4,"bdg06213",16.082,-48.851,0,0,0,0,0,0,0,1
86,4,0,1,2,0,0,2,0,1,0,255,15,255,48,5189.667,"Apple_Sherbet",R,0,135,1.498,-0.598,2,250,-200,0,0,1,8,7,R,"Multeinn",160,95.146,0.502,3,59,5190.571,255,63,10,132,72,2.352,1.556,-0.53,-0.116,-0.14,0,0,0,0,0.053,-36.945,0.182,-17.283,-20.362,-48.174,-13.11,-64.448,22.517,-47.34,9.351,-65.365,35.852,-83.478,-3.851,-109.964,-42.05,-88.518,5191.17,0.037,-29.142,5191.836,0,"Apple_Sherbet",0.043,-35.2,0,0,0,0,0,0,0,2
87,5,1,1,2,0,0,0,0,0,0,255,255,255,37,5258.559,"_Chun",L,10,114,0.315,-2.244,2,0,400,0.051,-19.916,1,5,4,R,"bdg06213",190,99.549,0.504,3,52,5259.721,165,131,52,153,130,-30,22.02,0.43,-0.069,-0.138,0.058,0,0,0,-0.017,-37.327,0.059,-17.368,-21.106,-46.265,-13.236,-65.239,21.955,-48.189,13.576,-64.797,35.953,-96.935,-1.819,-111.377,-46.475,-89.43,5259.87,-0.075,-19.819,5261.82,3,"오띵__",-16.823,-61.224,0,32,0,0,0,0,0,2
88,5,1,1,2,0,0,1,0,0,0,255,255,255,38,5289.862,"_Chun",L,0,134,-1.95,-0.526,1,-56.329,-84.235,0,0,0,6,1,R,"HalF_HearteD",174.7,90.26,0.401,0,59,0,0,0,0,0,0,0,0,0,0,0,0,0,0,0,-0.197,-37.587,0.035,-17.317,-20.626,-45.878,-13.411,-65.157,21.75,-48.014,12.489,-64.924,37.457,-97.47,-1.573,-110.93,-44.434,-84.927,0,0,0,0,0,"",0,0,0,0,0,0,0,0,0,0
89,5,1,1,2,1,0,1,0,0,0,255,255,255,39,5310.663,"_Chun",L,6,111,-1.997,0.096,2,-500,0,0,0,1,6,1,R,"HalF_HearteD",174.7,90.26,0.401,3,59,5311.762,129,139,48,144,34,97.191,-80.47,0.93,-0.026,-0.103,0.213,0,0,0,0.083,-37.113,0.029,-17.335,-20.435,-45.895,-13.404,-65.155,21.896,-48.318,11.85,-64.366,35.909,-96.359,-1.572,-110.922,-44.299,-85.505,5315.336,-15.572,-16.717,0,0,"",0,0,0,0,0,0,0,0,0,3
90,5,1,1,2,1,1,1,0,0,0,255,255,255,40,5337.125,"_Chun",L,0,117,-3.175,0.62,1,-22.077,-76.234,0,0,0,6,1,R,"HalF_HearteD",174.7,90.26,0.401,0,37,0,0,0,0,0,0,0,0,0,0,0,0,0,0,0,0.031,-37.736,-0.001,-17.306,-20.138,-42.867,-13.517,-65.099,21.913,-48.027,11.774,-64.125,35.112,-93.68,-1.135,-108.977,-48.587,-89.328,0,0,0,0,0,"",0,0,0,0,0,0,0,0,0,0
91,5,1,1,2,2,1,1,0,0,0,255,255,255,41,5356.075,"_Chun",L,6,117,-1.471,-0.25,1,-463.111,188.49,0,0,0,6,1,R,"HalF_HearteD",174.7,90.26,0.401,0,37,0,0,0,0,0,0,0,0,0,0,0,0,0,0,0,0.289,-37.916,-0.023,-17.279,-20.138,-42.976,-13.508,-65.061,22.078,-48.398,13.414,-64.931,35.006,-94.209,-0.921,-109.086,-50.184,-90.554,0,0,0,0,0,"",0,0,0,0,0,0,0,0,0,0
92,5,1,1,2,3,1,1,0,0,0,255,255,255,42,5374.711,"_Chun",L,0,137,-0.429,-0.615,0,-52.811,-55.72,0,0,0,6,1,R,"HalF_HearteD",174.7,90.26,0.401,0,37,0,0,0,0,0,0,0,0,0,0,0,0,0,0,0,0.029,-37.713,0.032,-17.279,-20.576,-42.659,-13.54,-65.087,22.083,-48.429,13.504,-64.914,35.037,-94.221,-5.615,-109.893,-52.071,-92.396,0,0,0,0,0,"",0,0,0,0,0,0,0,0,0,0
93,5,1,1,2,3,2,1,0,0,0,255,255,255,43,5394.652,"_Chun",L,10,94,-1.174,-0.943,0,0,400,0,0,1,6,1,R,"HalF_HearteD",174.7,90.26,0.401,0,37,0,0,0,0,0,0,0,0,0,0,0,0,0,0,0,-0.161,-37.732,0.022,-17.26,-19.488,-41.373,-13.516,-65.073,22.29,-48.645,13.482,-64.905,35.03,-94.211,-3.225,-108.944,-46.043,-92.012,0,0,0,0,0,"",0,0,0,0,0,0,0,0,0,0
94,5,1,1,2,0,0,2,0,0,0,255,255,255,44,5429.105,"_Chun",L,3,112,2.167,-0.252,1,403.399,0,0,0,0,7,6,L,"Azuner",190,86,0.398,0,59,0,0,0,0,0,0,0,0,0,0,0,0,0,0,0,0.096,-37.889,0.373,-17.322,-19.769,-43.491,-13.513,-65.101,22.457,-48.432,14.999,-63.827,42.103,-95.485,1.422,-113.512,-47.37,-92.118,0,0,0,0,0,"",0,0,0,0,0,0,0,0,0,0
95,5,1,1,2,1,0,2,0,0,0,255,255,255,45,5446.145,"_Chun",L,0,137,0.937,-0.533,0,-80.17,-110.563,0,0,0,7,6,L,"Azuner",190,86,0.398,0,59,0,0,0,0,0,0,0,0,0,0,0,0,0,0,0,-0.066,-37.89,0.127,-17.287,-20.107,-44.759,-13.538,-65.081,22.412,-48.473,14.979,-63.904,42.085,-95.426,2.571,-113.035,-47.49,-91.334,0,0,0,0,0,"",0,0,0,0,0,0,0,0,0,0
96,5,1,1,2,1,1,2,0,0,0,255,255,255,46,5465.083,"_Chun",L,0,128,2.202,-1.494,1,-25.084,-66.423,0,0,0,7,6,L,"Azuner",190,86,0.398,0,59,0,0,0,0,0,0,0,0,0,0,0,0,0,0,0,0.076,-37.816,0.113,-17.27,-20.295,-43.507,-13.541,-65.06,22.499,-48.553,14.96,-63.951,42.073,-95.469,2.156,-113.414,-48.672,-90.046,0,0,0,0,0,"",0,0,0,0,0,0,0,0,0,0
97,5,1,1,2,2,1,2,0,0,0,255,255,255,47,5483.317,"_Chun",L,0,134,-1.209,1.168,4,-34.468,-109.688,0,0,1,7,6,L,"Azuner",190,86,0.398,0,59,0,0,0,0,0,0,0,0,0,0,0,0,0,0,0,-0.019,-37.615,0.05,-17.353,-20.686,-42.99,-13.553,-65.09,22.545,-48.657,14.899,-63.911,42.072,-95.476,2.179,-113.461,-48.016,-89.839,0,0,0,0,0,"",0,0,0,0,0,0,0,0,0,0
98,5,1,1,2,2,2,2,0,0,0,255,255,255,48,5503.693,"_Chun",L,6,105,1.223,-0.736,2,-477.273,0,0,0,1,7,6,L,"Azuner",190,86,0.398,3,59,5504.863,84,105,116,131,123,-0.552,-5.887,0.66,-0.029,-0.234,0.089,0,0,0,0.271,-37.114,0.157,-17.329,-19.888,-44.87,-13.485,-65.078,22.474,-48.697,14.921,-63.879,42.073,-95.453,1.946,-114.953,-48.585,-91.207,5505.57,2.911,-41.545,5508.82,7,"Multeinn",12.628,-111.451,1,0,0,0,0,0,0,2
99,5,1,1,2,0,0,2,1,0,0,6,255,255,49,5559.825,"_Chun",L,0,134,0.286,1.397,2,-45.708,-78.917,0,0,1,8,8,R,"卯月満開",180,89.902,0.2,2,59,5560.673,106,52,27,121,74,37.064,29.307,-0.21,-0.034,-0.047,0.006,0,0,0,0.119,-37.282,0.092,-17.322,-19.404,-43.362,-13.943,-64.844,21.986,-48.508,6.473,-63.846,42.607,-92.737,-0.133,-107.604,-50.803,-89.928,0,0,0,5565.57,3,"오띵__",-29.013,-66.645,0,0,0,0,0,0,0,1
100,5,0,1,2,0,0,0,0,0,0,255,255,255,49,5620.193,"Apple_Sherbet",R,0,140,-1.197,-1.324,1,0,0,0,0,0,0,3,R,"오띵__",164.1,90,0.405,0,59,0,0,0,0,0,0,0,0,0,0,0,0,0,0,0,0.049,-37.346,-0.071,-17.087,-20.194,-46.276,-13.001,-64.451,24.68,-50.026,12.467,-65.133,36.721,-84.297,0.448,-111.705,-36.507,-97.311,0,0,0,0,0,"",0,0,0,0,0,0,0,0,0,0
101,5,0,1,2,1,0,0,0,0,0,255,255,255,50,5636.227,"Apple_Sherbet",R,0,140,-1.032,-1.587,2,0,0,0,0,1,0,3,R,"오띵__",164.1,90,0.405,3,59,5637.123,128,80,57,139,92,-21.854,31.901,0.9,0.037,-0.137,0.128,0,0,0,-0.051,-36.999,-0.089,-17.282,-20,-47.632,-13.014,-64.373,24.686,-50.058,12.382,-65.146,36.982,-84.193,0.506,-111.67,-36.516,-97.36,5637.27,-0.799,-21.468,5638.986,2,"하루（Haru）",-15.98,-45.847,0,0,0,0,0,0,0,2
102,5,0,1,2,0,0,1,0,0,0,255,255,255,51,5663.254,"Apple_Sherbet",R,0,140,0.048,0.541,0,-147.498,-200,0,0,0,1,1,L,"Kr_Luna",190,96.932,0.501,0,59,0,0,0,0,0,0,0,0,0,0,0,0,0,0,0,0.185,-37.141,-0.092,-16.827,-20.943,-48.728,-13.004,-64.53,24.729,-49.847,12.6,-65.236,41.96,-85.34,10.549,-113.532,-33.116,-99.459,0,0,0,0,0,"",0,0,0,0,0,0,0,0,0,0
103,5,0,1,2,0,1,1,0,0,0,255,255,255,52,5680.223,"Apple_Sherbet",R,14,123,2.043,-0.798,4,390.434,312.348,0,0,1,1,1,L,"Kr_Luna",190,96.932,0.501,0,59,0,0,0,0,0,0,0,0,0,0,0,0,0,0,0,0.345,-37.304,0.183,-16.911,-19.926,-46.603,-13.04,-64.584,25.297,-50.358,12.577,-65.25,42.017,-85.202,10.603,-113.586,-33.1,-99.459,0,0,0,0,0,"",0,0,0,0,0,0,0,0,0,0
104,5,0,1,2,0,2,1,0,0,0,255,255,255,53,5699.747,"Apple_Sherbet",R,14,126,2.276,-0.853,1,390.434,312.348,0,0,0,1,1,L,"Kr_Luna",190,96.932,0.501,0,59,0,0,0,0,0,0,0,0,0,0,0,0,0,0,0,0.277,-37.33,0.158,-16.838,-20.181,-45.679,-12.96,-64.385,25.433,-50.328,12.563,-64.901,41.95,-85.226,10.623,-113.629,-33.106,-99.468,0,0,0,0,0,"",0,0,0,0,0,0,0,0,0,0
105,5,0,1,2,1,2,1,0,0,0,255,255,255,54,5721,"Apple_Sherbet",R,10,124,0.041,0.484,2,0,400,0,0,1,1,1,L,"Kr_Luna",190,96.932,0.501,2,59,5721.817,189,88,22,142,130,-30,-13.896,0.32,-0.009,-0.024,0.27,0,0,0,-0.035,-37.063,-0.08,-17.051,-19.146,-47.413,-12.92,-64.364,25.178,-50.424,12.61,-64.995,41.974,-85.177,10.632,-113.799,-33.147,-99.657,5722.053,0.476,-21.974,5723.887,5,"장덕춘_",10.509,-62.664,0,0,0,0,0,0,0,2
106,5,0,1,2,0,0,2,0,0,0,255,255,255,55,5751.014,"Apple_Sherbet",R,10,106,0.699,-0.524,2,72.678,400,0,0,1,2,0,L,"_Chun",190,95.123,0.455,3,59,5752.062,188,135,17,154,129,112.738,61.365,0.52,0.129,-0.071,0.441,0,0,0,-0.073,-36.917,0.127,-17.04,-18.88,-48.659,-13.19,-64.616,24.845,-50.675,12.01,-65.164,41.454,-83.485,7.604,-109.194,-33.816,-96.414,0,0,0,0,0,"",0,0,0,0,0,0,0,0,0,0
107,5,0,1,2,0,1,2,0,0,0,255,255,255,56,5771.432,"Apple_Sherbet",R,3,86,2.552,0.632,1,-390.909,0,0,0,0,2,0,L,"_Chun",190,95.123,0.455,0,59,0,0,0,0,0,0,0,0,0,0,0,0,0,0,0,0.334,-37.399,0.172,-16.885,-19.532,-46.726,-13.125,-64.745,24.753,-50.406,12.471,-65.278,41.797,-83.547,10.709,-107.78,-34.395,-96.194,0,0,0,0,0,"",0,0,0,0,0,0,0,0,0,0
108,5,0,1,2,1,1,2,0,0,0,255,255,255,57,5787.715,"Apple_Sherbet",R,0,140,0.599,-0.522,2,250,-200,0,0,1,2,0,L,"_Chun",190,95.123,0.455,3,59,5788.644,98,74,29,130,129,24.959,-29.667,0.54,0.123,-0.1,0.222,0,0,0,-0.06,-37.057,0.142,-17.084,-19.04,-46.906,-13.09,-64.706,24.486,-50.205,12.656,-65.223,41.789,-83.587,10.729,-107.755,-34.385,-96.167,5793.203,62.157,-109.997,0,0,"",0,0,0,0,0,0,0,0,0,4
109,5,0,1,3,0,0,2,0,0,0,255,255,255,58,5832.156,"Apple_Sherbet",R,13,95,-1.409,-0.613,2,-337.193,312.348,0,0,1,3,4,R,"なおｐ--",190,89.709,0.397,3,59,5833.412,176,152,41,155,94,53.09,58.284,0.96,-0.064,-0.144,0.465,0,0,0,-0.135,-36.949,-0.208,-17.092,-19.342,-47.936,-13.004,-64.373,24.199,-49.567,13.518,-64.711,38.46,-84.011,7.029,-108.607,-35.502,-95.105,5838.42,-65.064,-57.255,0,0,"",0,0,0,0,0,0,0,0,0,3
110,5,0,1,3,0,1,2,0,0,0,255,255,255,59,5855.588,"Apple_Sherbet",R,0,140,0.006,0.38,0,-109.614,-200,0,0,1,3,4,R,"なおｐ--",190,89.709,0.397,0,59,0,0,0,0,0,0,0,0,0,0,0,0,0,0,0,0.161,-37.262,-0.104,-16.984,-20.836,-45.944,-12.944,-63.454,24.027,-49.601,12.467,-65.334,38.472,-83.961,-1.223,-109.586,-35.556,-95.563,0,0,0,0,0,"",0,0,0,0,0,0,0,0,0,0
111,5,0,1,3,0,2,2,0,0,0,255,255,255,60,5874.525,"Apple_Sherbet",R,14,115,1.906,-0.446,2,390.434,312.348,0,0,1,3,4,R,"なおｐ--",190,89.709,0.397,3,59,5875.656,171,134,35,153,94,55.61,-18.06,-0.5,-0.08,-0.207,0.456,0,0,0,0.14,-37.067,0.255,-17.215,-20.038,-47.305,-13.1,-63.636,24.031,-50.128,12.522,-65.314,38.427,-83.941,-1.276,-109.722,-35.539,-95.563,0,0,0,5881.87,5,"장덕춘_",16.752,-73.225,0,0,0,0,0,0,0,1
112,6,1,1,3,0,0,0,0,0,0,255,255,255,50,6087.636,"_Chun",L,0,137,-2.923,-0.031,1,-36.389,-126.937,0,0,0,0,7,R,"Pugeuk",160,97,0.598,0,59,0,0,0,0,0,0,0,0,0,0,0,0,0,0,0,-0.001,-37.84,0.016,-17.29,-20.585,-45.218,-13.196,-65.275,21.337,-47.575,12.446,-64.5,41.841,-91.781,-0.244,-113.759,-50.145,-91.534,0,0,0,0,0,"",0,0,0,0,0,0,0,0,0,0
113,6,1,1,3,1,0,0,0,0,0,255,255,255,51,6109.279,"_Chun",L,0,132,1.617,0.247,4,-19.47,-87.267,0,0,1,0,7,R,"Pugeuk",160,97,0.598,3,59,6110.27,148,108,27,145,99,-26.727,-0.177,0.1,-0.019,-0.124,0.265,0,0,0,0.103,-37.284,0.175,-17.3,-20.701,-45.032,-13.23,-65.347,21.589,-47.875,13.546,-64.754,41.831,-91.785,0.048,-113.521,-51.177,-93.74,6110.437,0.308,-21.345,6111.42,0,"_Chun",0.327,-36.804,0,0,0,0,0,0,0,2
114,6,1,1,3,0,0,1,0,0,0,255,255,255,52,6144.375,"_Chun",L,14,103,-1.58,-1.13,1,-324.517,360.4,0,0,0,1,3,R,"Oort__Cloud",160,89.754,0.2,0,59,0,0,0,0,0,0,0,0,0,0,0,0,0,0,0,0.053,-37.9,-0.04,-17.386,-20.693,-45.24,-13.036,-65.237,21.698,-48.013,13.446,-64.851,41.562,-95.741,-2.737,-109.658,-47.309,-89.648,0,0,0,0,0,"",0,0,0,0,0,0,0,0,0,0
115,6,1,1,3,1,0,1,0,0,0,255,255,255,53,6165.696,"_Chun",L,6,109,-1.95,-0.533,2,-495.455,0,0,0,1,1,3,R,"Oort__Cloud",160,89.754,0.2,2,59,6166.872,188,116,32,152,119,23.823,37.706,0.56,-0.124,-0.083,0.481,0,0,0,0.111,-37.063,0.011,-17.35,-20.557,-45.325,-13.028,-65.227,21.683,-48.001,13.429,-64.894,41.569,-95.785,-0.73,-109.113,-46.739,-90.796,6171.987,-82.975,-92.973,0,0,"",0,0,0,0,0,0,0,0,0,0
116,6,1,1,3,1,1,1,0,0,0,255,255,255,54,6194.244,"_Chun",L,10,114,-0.898,-2.97,4,0,400,-0.165,-20.915,1,1,3,R,"Oort__Cloud",160,89.754,0.2,0,59,0,0,0,0,0,0,0,0,0,0,0,0,0,0,0,0.138,-37.772,0.059,-17.354,-20.96,-45.057,-13.208,-65.128,21.949,-48.384,11.766,-63.696,40.753,-97.99,-4.185,-108.97,-51.191,-92.46,0,0,0,0,0,"",0,0,0,0,0,0,0,0,0,0
117,6,1,1,3,1,2,1,0,0,0,255,255,255,55,6215.55,"_Chun",L,0,130,0.851,1.983,1,-24.586,-120.018,0,0,0,1,3,R,"Oort__Cloud",160,89.754,0.2,0,59,0,0,0,0,0,0,0,0,0,0,0,0,0,0,0,0.168,-37.914,0.068,-17.334,-20.334,-41.498,-13.178,-65.13,22.566,-48.87,13.576,-64.827,40.765,-98.069,-2.16,-109.629,-52.079,-90.922,0,0,0,0,0,"",0,0,0,0,0,0,0,0,0,0
118,6,1,1,3,2,2,1,0,0,0,255,255,255,56,6234.738,"_Chun",L,0,134,1.764,1.405,4,-56.251,-55.52,0,0,1,1,3,R,"Oort__Cloud",160,89.754,0.2,0,59,0,0,0,0,0,0,0,0,0,0,0,0,0,0,0,0.22,-37.869,0.058,-17.3,-20.266,-45.002,-13.175,-65.106,22.582,-48.875,13.525,-64.839,40.76,-98.062,-1.797,-109.804,-53.457,-92.325,0,0,0,0,0,"",0,0,0,0,0,0,0,0,0,0
119,6,1,1,3,0,0,2,0,0,0,255,255,255,57,6264.608,"_Chun",L,10,101,1.022,-2.384,1,0,400,0.192,-19.83,0,2,5,R,"장덕춘_",170,94.815,0.549,0,59,0,0,0,0,0,0,0,0,0,0,0,0,0,0,0,0.037,-37.643,0.05,-17.331,-20.054,-45.358,-13.206,-65.142,22.579,-48.884,13.628,-64.848,40.825,-97.942,2.533,-113.418,-52.853,-91.254,0,0,0,0,0,"",0,0,0,0,0,0,0,0,0,0
120,6,1,1,3,1,0,2,0,0,0,255,255,255,58,6285.453,"_Chun",L,6,121,1.674,-0.428,2,-413.997,0,0,0,1,2,5,R,"장덕춘_",170,94.815,0.549,2,59,6286.275,151,125,76,149,86,55.543,-58.146,-0.5,-0.095,-0.103,0.104,0,0,0,0.422,-37.104,0.069,-17.318,-19.885,-45.326,-13.185,-65.171,22.58,-48.914,13.597,-64.826,44.446,-99.685,1.708,-113.382,-53.265,-93.012,6291.336,60.208,-47.199,0,0,"",0,0,0,0,0,0,0,0,0,0
121,6,1,1,3,1,1,2,0,0,0,255,255,255,59,6310.88,"_Chun",L,0,136,0.942,1.403,4,-63.957,-76.399,0,0,1,2,5,R,"장덕춘_",170,94.815,0.549,0,51,0,0,0,0,0,0,0,0,0,0,0,0,0,0,0,0.099,-37.969,0.081,-17.307,-20.394,-44.179,-13.249,-65.159,22.245,-48.332,13.508,-64.759,45.171,-94.971,2.27,-113.015,-50.724,-90.535,0,0,0,0,0,"",0,0,0,0,0,0,0,0,0,0
122,6,1,1,3,1,2,2,0,0,0,255,255,255,60,6331.562,"_Chun",L,10,109,-1.174,0.156,0,-20.886,400,0,0,1,2,5,R,"장덕춘_",170,94.815,0.549,0,51,0,0,0,0,0,0,0,0,0,0,0,0,0,0,0,-0.015,-37.847,-0.221,-17.28,-21.516,-42.621,-13.243,-65.135,22.546,-48.881,13.497,-64.812,45.039,-94.797,0.006,-111.478,-52.342,-87.998,0,0,0,0,0,"",0,0,0,0,0,0,0,0,0,0
123,6,0,1,3,0,0,0,0,0,0,255,255,255,0,6498.494,"Azuner",R,13,113,-2.454,-0.611,3,-398.863,270.676,-0.235,-20.981,0,4,8,L,"NABIMan",190,99.424,0.547,0,59,0,0,0,0,0,0,0,0,0,0,0,0,0,0,0,-0.127,-37.183,-0.096,-17.042,-19.767,-48.166,-12.988,-64.373,23.497,-48.279,11.904,-65.078,43.889,-89.717,9.218,-114.325,-36.957,-87.608,0,0,0,0,0,"",0,0,0,0,0,0,0,0,0,6
124,6,0,1,3,0,0,0,1,0,0,17,255,255,1,6528.329,"Azuner",R,14,114,1.675,-1.034,1,370.055,336.243,0,0,0,5,6,L,"SFIDA",190,86,0.2,0,59,0,0,0,0,0,0,0,0,0,0,0,0,0,0,0,0.037,-37.403,-0.361,-18.67,-18.22,-42.177,-6.715,-60.064,23.335,-48.222,11.892,-65.095,43.831,-89.756,8.653,-113.283,-36.955,-87.705,0,0,0,0,0,"",0,0,0,0,0,0,0,0,0,0
125,6,0,1,3,1,0,0,1,0,0,17,255,255,2,6555.292,"Azuner",R,0,140,0.718,-0.897,0,0,0,0,0,1,5,6,L,"SFIDA",190,86,0.2,0,59,0,0,0,0,0,0,0,0,0,0,0,0,0,0,0,-0.091,-37.942,0.137,-16.986,-19.003,-41.09,-6.318,-59.379,22.634,-48.151,12.047,-65.17,43.842,-89.687,8.58,-113.352,-36.92,-87.723,0,0,0,0,0,"",0,0,0,0,0,0,0,0,0,0
126,6,0,1,3,1,1,0,1,0,0,17,255,255,3,6574.571,"Azuner",R,10,127,1.158,-1.602,2,0,400,0,0,1,5,6,L,"SFIDA",190,86,0.2,2,59,6575.519,247,180,55,155,130,28.408,-47.759,0.29,0.096,-0.121,0.375,0,0,0,0.096,-36.941,0.116,-17.139,-17.095,-43.442,-9.42,-59.505,23.44,-48.453,14.487,-63.671,44.588,-89.434,8.501,-113.306,-36.903,-87.719,6580.37,94.722,-84.483,0,0,"",0,0,0,0,0,0,0,0,0,0
127,6,0,1,3,1,2,0,1,0,0,17,255,255,4,6598.321,"Azuner",R,9,96,1.909,1.064,2,340.743,-312.348,0,0,1,5,6,L,"SFIDA",190,86,0.2,2,59,6599.288,162,125,29,150,67,107.215,64.21,1,0.079,-0.086,0.238,0,0,0,-0.038,-36.817,0.335,-17.021,-17.85,-40.894,-10.073,-61.602,23.629,-48.839,15.081,-64.198,46.894,-87.403,6.704,-110.812,-35.193,-85.31,6604.47,33.965,-4.358,0,0,"",0,0,0,0,0,0,0,0,0,0
128,6,0,1,3,1,2,0,0,1,0,255,17,255,5,6641.528,"Azuner",R,0,140,1.271,0.527,0,0,0,0,0,1,5,6,L,"SFIDA",190,86,0.2,0,59,0,0,0,0,0,0,0,0,0,0,0,0,0,0,0,-0.096,-38.011,0.179,-17.001,-17.746,-47.228,-0.309,-59.891,22.949,-46.86,13.264,-63.223,46.422,-85.608,4.325,-105.707,-37.39,-87.706,0,0,0,0,0,"",0,0,0,0,0,0,0,0,0,0
129,6,0,1,3,0,0,1,0,1,0,255,17,255,6,6666.742,"Azuner",R,3,126,0.461,0.121,0,-273.253,0,0,0,0,6,2,R,"_AKASATA_",190,100.086,0.2,0,59,0,0,0,0,0,0,0,0,0,0,0,0,0,0,0,-0.231,-37.644,-0.158,-16.836,-19.418,-46.16,-13.156,-64.776,23.552,-46.582,5.097,-60.54,43.125,-87.92,5.138,-106.27,-37.476,-87.671,0,0,0,0,0,"",0,0,0,0,0,0,0,0,0,0
130,6,0,1,3,0,1,1,0,1,0,255,17,255,7,6684.819,"Azuner",R,3,126,-2.164,-0.317,4,-422.917,0,0,0,1,6,2,R,"_AKASATA_",190,100.086,0.2,0,59,0,0,0,0,0,0,0,0,0,0,0,0,0,0,0,-0.14,-37.417,-0.223,-16.904,-19.939,-45.641,-13.146,-64.674,23.361,-46.976,8.963,-60.564,43.418,-86.356,5.776,-108.248,-38.107,-87.853,0,0,0,0,0,"",0,0,0,0,0,0,0,0,0,0
131,6,0,1,3,0,2,1,0,0,1,255,255,17,8,6740.805,"Azuner",R,4,126,-1.988,-0.869,2,-182.813,123.29,0,0,1,6,2,R,"_AKASATA_",190,100.086,0.2,3,59,6741.796,247,133,37,155,99,-15.241,22.44,-0.16,0.011,-0.06,0.381,0,0,0,-0.151,-36.757,-0.186,-16.995,-19.521,-47.065,-13.315,-63.13,20.23,-44.208,13.213,-63.876,43.996,-86.657,8.215,-111.752,-38.146,-87.831,6742.037,-1.282,-22.047,6743.97,3,"Oort__Cloud",-15.465,-56.754,0,0,0,0,0,0,0,2
132,6,0,1,4,0,0,2,0,0,0,255,255,255,9,6773.234,"Azuner",R,0,138,0.323,0.419,0,0,0,0,0,1,7,5,R,"CVPileMaki",169.7,94,0.4,3,59,6774.234,149,115,26,146,124,101.301,56.235,0.34,-0.058,-0.103,0.183,0,0,0,-0.095,-37.219,0.123,-17.092,-17.069,-47.69,-13.839,-63.529,23.538,-48.699,12.536,-65.18,43.707,-84.767,12.064,-116.566,-37.788,-88.344,0,0,0,6774.887,1,"HalF_HearteD",0.058,-21.153,0,0,0,0,0,0,0,3
133,6,0,1,4,0,1,2,0,0,0,255,255,255,10,6793.501,"Azuner",R,10,126,-0.832,-2.773,1,0,400,0,0,0,7,5,R,"CVPileMaki",169.7,94,0.4,0,59,0,0,0,0,0,0,0,0,0,0,0,0,0,0,0,-0.049,-37.758,0.182,-16.899,-19.362,-45.303,-13.889,-63.604,23.343,-49.605,13.211,-64.638,43.828,-84.518,1.483,-111.455,-40.163,-83.028,0,0,0,0,0,"",0,0,0,0,0,0,0,0,0,0
134,6,0,1,4,1,1,2,0,0,0,255,255,255,11,6807.709,"Azuner",R,10,121,-0.576,-1.839,4,-33.59,400,0,0,1,7,5,R,"CVPileMaki",169.7,94,0.4,0,59,0,0,0,0,0,0,0,0,0,0,0,0,0,0,0,-0.037,-37.175,0.13,-16.727,-19.464,-44.871,-13.9,-63.621,23.307,-49.711,13.022,-64.659,43.562,-84.618,1.457,-111.543,-40.151,-83.039,0,0,0,0,0,"",0,0,0,0,0,0,0,0,0,0
135,6,0,1,4,1,2,2,0,0,0,255,255,255,12,6825.331,"Azuner",R,13,114,-0.416,-0.129,0,-353.511,353.596,0,0,0,7,5,R,"CVPileMaki",169.7,94,0.4,0,59,0,0,0,0,0,0,0,0,0,0,0,0,0,0,0,-0.089,-37.605,0.068,-16.871,-20.066,-44.681,-13.399,-63.665,23.308,-49.578,13.074,-64.631,43.486,-84.686,1.45,-111.6,-40.126,-83.028,0,0,0,0,0,"",0,0,0,0,0,0,0,0,0,0
136,7,1,1,4,0,0,0,0,0,0,255,255,255,0,7038.862,"なおｐ--",R,10,103,1.231,-0.337,0,0,400,0,0,0,3,6,R,"Apple_Sherbet",189.5,90.377,0.302,0,59,0,0,0,0,0,0,0,0,0,0,0,0,0,0,0,-0.208,-37.798,0.116,-17.284,-22.79,-53.475,-11.526,-66.001,20.997,-46.654,13.654,-64.716,42.037,-97.104,5.687,-110.053,-54.674,-95.555,0,0,0,0,0,"",0,0,0,0,0,0,0,0,0,0
137,7,1,1,4,0,1,0,0,0,0,255,255,255,1,7059.272,"なおｐ--",R,13,92,-0.86,0.216,2,-326.545,312.348,0,0,1,3,6,R,"Apple_Sherbet",189.5,90.377,0.302,3,59,7060.378,203,171,45,155,99,104.89,-64.488,-0.13,-0.016,-0.037,0.37,0,0,0,-0.059,-37.683,-0.032,-17.309,-22.683,-53.631,-11.545,-65.989,20.841,-46.556,13.605,-64.771,41.591,-97.365,1.207,-111.04,-57.05,-95.295,0,0,0,0,0,"",0,0,0,0,0,0,0,0,0,0
138,7,1,1,4,0,2,0,0,0,0,255,255,255,2,7083.209,"なおｐ--",R,14,102,2.346,0.728,2,233.896,400,0,0,1,3,6,R,"Apple_Sherbet",189.5,90.377,0.302,3,59,7084.233,189,125,33,154,96,8.456,-44.954,-0.53,-0.019,-0.025,0.26,0,0,0,-0.096,-37.624,0.052,-17.282,-23.162,-54.046,-11.462,-66.048,24.594,-50.931,13.526,-64.741,40.899,-98.652,0.744,-111.068,-57.065,-89.05,7086.037,28.312,-48.493,7086.22,4,"_AKASATA_",25.298,-45.484,0,0,0,0,0,0,0,1
139,7,1,1,4,0,0,1,0,0,0,255,255,255,3,7115.238,"なおｐ--",R,9,83,0.849,0.785,2,294.601,-312.348,0,0,1,4,2,L,"하루（Haru）",180.3,107,0.55,3,59,7116.47,129,126,116,144,85,66.607,-63.205,0.96,0.057,0.061,0.028,0,0,0,-0.173,-37.575,0.008,-17.289,-22.948,-51.732,-10.574,-66.356,24.816,-49.091,13.627,-64.594,50.615,-95.242,0.843,-112.098,-52.154,-92.87,7121.787,56.076,-41.338,0,0,"",0,0,0,0,0,0,0,0,0,0
140,7,1,1,4,0,1,1,0,0,0,255,255,255,4,7139.399,"なおｐ--",R,0,140,0.507,1.322,1,0,0,0,0,0,4,2,L,"하루（Haru）",180.3,107,0.55,0,46,0,0,0,0,0,0,0,0,0,0,0,0,0,0,0,-0.087,-37.791,0.001,-17.272,-21.83,-53.581,-10.307,-66.595,24.478,-48,13.672,-64.755,50.955,-94.078,1.322,-110.686,-50.581,-89.11,0,0,0,0,0,"",0,0,0,0,0,0,0,0,0,0
141,7,1,1,4,1,1,1,0,0,0,255,255,255,5,7159.563,"なおｐ--",R,10,90,-0.2,1.305,1,0,400,0,0,0,4,2,L,"하루（Haru）",180.3,107,0.55,0,46,0,0,0,0,0,0,0,0,0,0,0,0,0,0,0,-0.373,-37.903,0.003,-17.269,-21.841,-53.629,-10.327,-66.575,24.63,-48.015,13.491,-64.794,52.02,-94.086,1.03,-109.29,-51.586,-93.357,0,0,0,0,0,"",0,0,0,0,0,0,0,0,0,0
142,7,1,1,4,2,1,1,0,0,0,255,255,255,6,7181.43,"なおｐ--",R,9,83,2.822,0.837,2,294.601,-312.348,0,0,1,4,2,L,"하루（Haru）",180.3,107,0.55,3,46,7182.675,137,181,68,146,86,39.301,-33.369,0.96,0.089,0.022,0.2,0,0,0,-0.131,-37.76,0.391,-17.33,-21.752,-53.521,-10.282,-66.553,24.354,-48.032,13.553,-64.761,52.417,-94.057,0.503,-111.379,-53.601,-92.165,7187.537,44.183,-70.889,7188.92,5,"CVPileMaki",49.789,-77.046,1,0,0,0,0,0,0,2
143,7,1,1,4,0,0,1,0,1,0,255,2,255,7,7243.233,"なおｐ--",R,14,109,2.454,-1.399,1,386.885,312.348,0,0,0,5,4,R,"bdg06213",190,99.549,0.504,0,59,0,0,0,0,0,0,0,0,0,0,0,0,0,0,0,-0.116,-37.685,0.111,-17.406,-21.994,-50.701,-12.346,-65.487,20.72,-42.891,6.07,-64.232,40.185,-94.053,0.465,-110.158,-51.171,-84.325,0,0,0,0,0,"",0,0,0,0,0,0,0,0,0,0
144,7,1,1,4,1,0,1,0,1,0,255,2,255,8,7264.73,"なおｐ--",R,13,113,-2.047,-0.067,4,-375.763,329.851,0,0,1,5,4,R,"bdg06213",190,99.549,0.504,0,59,0,0,0,0,0,0,0,0,0,0,0,0,0,0,0,-0.122,-37.752,-0.172,-17.418,-21.91,-50.602,-12.358,-65.498,20.351,-43.815,3.803,-64.141,40.355,-96.286,-4.486,-112.315,-52.072,-84.437,0,0,0,0,0,"",0,0,0,0,0,0,0,0,0,0
145,7,1,1,4,1,1,1,0,1,0,255,2,255,9,7287.513,"なおｐ--",R,0,140,2.174,0.753,4,0,0,0,0,1,5,4,R,"bdg06213",190,99.549,0.504,0,59,0,0,0,0,0,0,0,0,0,0,0,0,0,0,0,-0.077,-37.75,0.2,-17.314,-21.578,-50.792,-12.336,-65.511,21.478,-43.377,2.531,-62.895,42.849,-95.338,-4.478,-111.783,-53.97,-86.063,0,0,0,0,0,"",0,0,0,0,0,0,0,0,0,0
146,7,1,1,4,1,2,1,0,1,0,255,2,255,10,7309.124,"なおｐ--",R,0,130,-0.242,1.254,1,0,0,0,0,0,5,4,R,"bdg06213",190,99.549,0.504,0,59,0,0,0,0,0,0,0,0,0,0,0,0,0,0,0,-0.129,-37.409,0.086,-17.362,-21.486,-50.991,-12.319,-65.513,22.34,-45.775,7.731,-66.896,46.153,-97.029,-2.729,-111.475,-54.559,-87.11,0,0,0,0,0,"",0,0,0,0,0,0,0,0,0,0
147,7,1,1,4,2,2,1,0,1,0,255,2,255,11,7330.371,"なおｐ--",R,13,94,-2.133,-0.813,4,-333.644,312.348,0,0,1,5,4,R,"bdg06213",190,99.549,0.504,0,59,0,0,0,0,0,0,0,0,0,0,0,0,0,0,0,-0.187,-37.751,-0.209,-17.92,-21.83,-49.654,-12.341,-65.492,20.189,-42.155,5.967,-64.504,43.198,-96.865,-1.993,-115.087,-56.028,-88.062,0,0,0,0,0,"",0,0,0,0,0,0,0,0,0,0
148,7,1,1,4,0,0,2,0,1,0,255,2,255,12,7365.293,"なおｐ--",R,0,140,-1.477,-0.763,1,0,0,0,0,0,6,1,R,"HalF_HearteD",174.7,90.26,0.401,0,59,0,0,0,0,0,0,0,0,0,0,0,0,0,0,0,-0.276,-38.252,-0.036,-17.322,-23.133,-51.891,-10.965,-66.213,21.542,-44.119,6.077,-64.732,38.404,-98.856,-1.982,-111.721,-58.475,-90.423,0,0,0,0,0,"",0,0,0,0,0,0,0,0,0,0
149,7,1,1,4,1,0,2,0,1,0,255,2,255,13,7387.125,"なおｐ--",R,13,98,-1.604,-1.17,4,-314.658,353.919,0,0,1,6,1,R,"HalF_HearteD",174.7,90.26,0.401,0,59,0,0,0,0,0,0,0,0,0,0,0,0,0,0,0,-0.103,-37.961,0.086,-17.319,-23.091,-50.318,-10.959,-66.217,22.655,-46.18,6.584,-64.453,38.744,-98.99,-2.539,-111.782,-56.723,-92.479,0,0,0,0,0,"",0,0,0,0,0,0,0,0,0,0
150,7,1,1,4,1,1,2,0,1,0,255,2,255,14,7409.921,"なおｐ--",R,0,140,-1.337,1.057,1,0,0,0,0,0,6,1,R,"HalF_HearteD",174.7,90.26,0.401,0,59,0,0,0,0,0,0,0,0,0,0,0,0,0,0,0,-0.281,-37.998,-0.081,-17.286,-22.378,-52.76,-10.953,-66.215,22.217,-43.742,10.606,-64.11,38.74,-98.965,-3.302,-109.425,-57.839,-93.732,0,0,0,0,0,"",0,0,0,0,0,0,0,0,0,0
151,7,1,1,4,2,1,2,0,1,0,255,2,255,15,7430.772,"なおｐ--",R,13,84,0.219,-0.251,2,-298.15,312.348,0,0,1,6,1,R,"HalF_HearteD",174.7,90.26,0.401,3,59,7432.049,129,140,61,144,26,5.816,26.165,0.29,-0.009,-0.135,0.215,0,0,0,0.064,-37.806,0.057,-17.345,-22.127,-52.391,-10.995,-66.187,21.278,-44.472,11.36,-65.284,39.826,-99.57,-3.761,-114.919,-53.37,-86.873,7433.086,-2.565,-25.446,7435.053,0,"なおｐ--",-4.592,-32.396,0,0,0,0,0,0,0,2
152,7,0,1,4,0,0,0,0,0,0,255,255,255,13,7487.291,"Azuner",R,0,139,-0.326,-0.905,2,0,0,0,0,1,8,7,R,"Multeinn",160,95.146,0.502,3,59,7488.148,174,84,20,139,87,-30,38.306,0.73,-0.13,-0.142,0.31,0,0,0,-0.141,-36.889,0.109,-17.224,-20.279,-46.757,-13.167,-64.344,23.023,-48.751,13.057,-64.848,41.92,-90.041,-4.935,-109.257,-36.067,-86.464,7488.303,-0.796,-21.196,7490.104,2,"하루（Haru）",-17.543,-42.474,0,0,0,0,0,0,0,2
153,7,0,1,4,0,0,1,0,0,0,255,255,255,14,7510.856,"Azuner",R,13,116,-1.352,-0.478,0,-390.434,312.348,0,0,0,0,3,R,"오띵__",164.1,90,0.405,0,59,0,0,0,0,0,0,0,0,0,0,0,0,0,0,0,-0.022,-37.353,-0.119,-16.99,-19.488,-45.728,-13.233,-63.944,22.969,-47.576,13.277,-64.085,41.753,-88.52,0.525,-109.065,-38.587,-82.798,0,0,0,0,0,"",0,0,0,0,0,0,0,0,0,0
154,7,0,1,4,0,1,1,0,0,0,255,255,255,15,7527.287,"Azuner",R,13,114,-3.773,-1.591,4,-379.347,290.533,0,0,1,0,3,R,"오띵__",164.1,90,0.405,0,59,0,0,0,0,0,0,0,0,0,0,0,0,0,0,0,-0.084,-37.316,-0.306,-17.049,-20.46,-46.71,-13.238,-63.974,23.331,-49.422,13.546,-64.564,41.842,-88.471,0.57,-109.076,-38.726,-82.833,0,0,0,0,0,"",0,0,0,0,0,0,0,0,0,0
155,7,0,1,4,0,2,1,0,0,0,255,255,255,16,7543.363,"Azuner",R,3,111,-0.325,0.811,2,-258.103,88.971,0,0,1,0,3,R,"오띵__",164.1,90,0.405,3,59,7544.416,142,59,20,129,111,25.855,-31.69,0.29,0.028,-0.052,0.153,0,0,0,-0.084,-36.895,-0.334,-17.214,-19.974,-47.563,-13.243,-63.892,23.341,-49.42,13.585,-64.481,41.762,-88.444,0.524,-109.002,-38.703,-82.821,7549.537,61.023,-98.584,7550.52,6,"Apple_Sherbet",59.166,-96.331,1,0,0,0,0,0,0,2
156,7,0,1,4,0,0,1,0,1,0,255,12,255,17,7581.641,"Azuner",R,0,120,4.302,1.026,1,0,0,0,0,0,1,1,L,"Kr_Luna",190,96.932,0.501,0,59,0,0,0,0,0,0,0,0,0,0,0,0,0,0,0,0.199,-37.461,-0.046,-16.785,-18.249,-46.259,-1.818,-61.388,22.622,-45.832,12.895,-60.829,44.637,-89.971,9.018,-114.545,-31.344,-87.338,0,0,0,0,0,"",0,0,0,0,0,0,0,0,0,0
157,7,0,1,4,1,0,1,0,1,0,255,12,255,18,7600.388,"Azuner",R,3,125,-4.05,-0.747,3,-413.677,39.171,-0.175,-20.142,0,1,1,L,"Kr_Luna",190,96.932,0.501,0,59,0,0,0,0,0,0,0,0,0,0,0,0,0,0,0,-0.034,-37.013,-0.143,-17.008,-19.297,-46.138,-0.028,-59.756,23.618,-47.854,13.212,-63.409,45.01,-91.143,10.249,-114.729,-31.34,-87.398,0,0,0,0,0,"",0,0,0,0,0,0,0,0,0,6
158,7,0,1,4,0,0,1,1,1,0,10,12,255,19,7639.068,"Azuner",R,14,108,1.715,-2.529,4,383.336,312.348,0.27,-21.403,1,2,2,L,"_Chun",190,95.123,0.455,0,59,0,0,0,0,0,0,0,0,0,0,0,0,0,0,0,-0.021,-37.117,0.096,-17.006,-18.197,-45.426,0.059,-59.776,23.13,-46.719,13.254,-64.425,45.824,-90.881,11.932,-118.495,-31.305,-89.793,0,0,0,0,0,"",0,0,0,0,0,0,0,0,0,0
159,7,0,1,4,1,1,1,1,1,0,10,12,255,20,7665.471,"Azuner",R,0,0,0,0,0,0,0,0,0,0,2,2,L,"_Chun",190,95.123,0.455,0,59,0,0,0,0,0,0,0,0,0,0,0,0,0,0,0,0,0,0,0,0,0,0,0,0,0,0,0,0,0,0,0,0,0,0,0,0,0,0,"",0,0,0,0,0,0,0,0,0,0
160,7,0,1,4,1,1,1,1,1,0,10,12,255,20,7686.716,"Azuner",R,0,140,-1.128,0.075,0,0,0,0,0,0,2,2,L,"_Chun",190,95.123,0.455,0,59,0,0,0,0,0,0,0,0,0,0,0,0,0,0,0,-0.032,-37.833,-0.006,-17,-18.443,-46.075,-3.979,-61.776,23.188,-46.372,13.553,-64.388,46.736,-92.44,13.482,-113.472,-31.349,-89.743,0,0,0,0,0,"",0,0,0,0,0,0,0,0,0,0
161,7,0,1,4,1,2,1,1,1,0,10,12,255,21,7706.306,"Azuner",R,3,100,-1.154,0.533,2,-349.311,194.616,0,0,1,2,2,L,"_Chun",190,95.123,0.455,3,59,7707.397,48,74,87,81,65,31.767,43.181,-0.49,0.156,-0.055,0.131,0,0,0,-0.006,-37.603,-0.13,-17.113,-18.046,-46.138,-0.869,-60.184,23.433,-48.499,13.46,-64.415,46.806,-91.995,13.865,-112.561,-31.301,-89.769,7710.987,-31.081,-52.848,7715.82,8,"jdw4469",-48.766,-69.698,1,2,0,0,0,0,0,2
162,7,0,1,5,0,0,2,0,1,0,255,11,255,22,7765.809,"Azuner",R,10,122,0.542,-1.424,2,0,400,0,0,1,3,0,R,"なおｐ--",190,89.709,0.397,3,59,7766.869,173,154,72,154,130,18.165,-35.863,0.66,-0.067,-0.14,0.381,0,0,0,0.043,-36.807,0.129,-17.31,-19.748,-47.805,-12.997,-64.417,22.213,-47.121,14.492,-63.625,46.464,-89.957,11.526,-106.085,-37.357,-81.908,7770.82,49.346,-109.33,7773.52,7,"Pugeuk",36.846,-103.442,1,0,0,0,0,0,0,2
163,7,0,1,6,0,0,2,0,1,0,255,9,255,23,7803.12,"Azuner",R,13,97,-0.212,-0.107,0,-333.626,326.895,0,0,0,4,8,L,"NABIMan",190,99.424,0.547,0,59,0,0,0,0,0,0,0,0,0,0,0,0,0,0,0,0.008,-37.585,-0.078,-16.931,-18.752,-45.219,-0.328,-60.16,21.784,-45.116,13.796,-64.656,47.411,-91.516,16.522,-110.44,-34.665,-88.201,0,0,0,0,0,"",0,0,0,0,0,0,0,0,0,0
164,7,0,1,6,0,1,2,0,1,0,255,9,255,24,7821.468,"Azuner",R,13,102,-0.056,-0.847,0,-310.521,371.292,0,0,1,4,8,L,"NABIMan",190,99.424,0.547,0,59,0,0,0,0,0,0,0,0,0,0,0,0,0,0,0,-0.233,-37.817,0.115,-16.881,-19.722,-43.682,-0.033,-59.906,22.51,-45.571,13.332,-63.962,47.598,-91.12,13.457,-110.313,-34.622,-88.218,0,0,0,0,0,"",0,0,0,0,0,0,0,0,0,0
165,7,0,1,6,0,2,2,0,1,0,255,9,255,25,7838.484,"Azuner",R,0,140,-1.696,-2.038,4,0,0,0,0,1,4,8,L,"NABIMan",190,99.424,0.547,0,40,0,0,0,0,0,0,0,0,0,0,0,0,0,0,0,-0.032,-36.995,-0.085,-17.202,-14.771,-46.194,-0.03,-59.389,23.244,-47.582,13.644,-64.864,47.418,-89.914,13.359,-110.423,-33.863,-89.456,0,0,0,0,0,"",0,0,0,0,0,0,0,0,0,0
166,7,0,1,6,1,2,2,0,1,0,255,9,255,26,7979.478,"Azuner",R,0,140,1.36,-1.237,1,0,0,0,0,0,4,8,L,"NABIMan",190,99.424,0.547,0,59,0,0,0,0,0,0,0,0,0,0,0,0,0,0,0,0.043,-37.051,-0.006,-16.638,-17.859,-46.394,-0.512,-60.132,22.937,-46.146,13.667,-64.764,44.549,-91.054,12.067,-110.044,-38.956,-86.292,0,0,0,0,0,"",0,0,0,0,0,0,0,0,0,0
167,7,0,1,6,2,2,2,0,1,0,255,9,255,27,7998.715,"Azuner",R,13,98,-0.221,-0.894,0,-318.406,349.67,0,0,1,4,8,L,"NABIMan",190,99.424,0.547,0,59,0,0,0,0,0,0,0,0,0,0,0,0,0,0,0,0.019,-37.515,0.057,-16.962,-20.501,-45.485,-7.561,-60.634,22.717,-46.666,12.222,-62.43,43.223,-89.859,12.251,-110.001,-38.964,-86.284,0,0,0,0,0,"",0,0,0,0,0,0,0,0,0,0
168,8,1,1,6,0,0,0,0,0,0,255,255,255,16,8112.106,"なおｐ--",R,0,140,-0.965,0.902,0,0,0,0,0,0,7,0,L,"Azuner",190,86,0.398,0,59,0,0,0,0,0,0,0,0,0,0,0,0,0,0,0,-0.245,-38.027,0.03,-17.398,-22.357,-53.142,-10.501,-66.492,21.656,-45.582,13.601,-64.739,38.576,-97.375,4.282,-110.934,-48.062,-85.451,0,0,0,0,0,"",0,0,0,0,0,0,0,0,0,0
169,8,1,1,6,0,1,0,0,0,0,255,255,255,17,8132.328,"なおｐ--",R,9,79,2.699,0.953,4,280.403,-312.348,0,0,1,7,0,L,"Azuner",190,86,0.398,0,59,0,0,0,0,0,0,0,0,0,0,0,0,0,0,0,-0.168,-37.443,0.251,-17.383,-22.588,-51.876,-10.451,-66.419,21.584,-45.708,13.687,-64.792,38.52,-97.387,3.073,-110.773,-50.281,-89.825,0,0,0,0,0,"",0,0,0,0,0,0,0,0,0,0
170,8,1,1,6,0,2,0,0,0,0,255,255,255,18,8151.938,"なおｐ--",R,0,140,0.105,1.235,2,0,0,0,0,1,7,0,L,"Azuner",190,86,0.398,3,59,8152.989,122,99,28,138,113,-30,-48.95,0.16,-0.128,-0.061,0.218,0,0,0,-0.326,-37.621,0.06,-17.299,-22.181,-54.181,-10.485,-66.457,21.295,-45.658,13.578,-64.738,38.862,-97.518,3.711,-112.186,-50.162,-88.364,8153.203,2.656,-20.999,0,0,"",0,0,0,0,0,0,0,0,0,3
171,8,1,1,6,0,2,0,0,0,0,255,255,255,19,8175.009,"なおｐ--",R,10,96,0.772,-1.406,2,0,400,0,0,1,7,0,L,"Azuner",190,86,0.398,3,59,8176.246,88,122,58,134,121,6.68,-19.918,0.73,-0.012,-0.148,0.245,0,0,0,-0.306,-37.671,0.111,-17.353,-22.028,-54.103,-9.412,-66.469,24.883,-47.346,13.575,-64.669,45.851,-99.787,2.262,-110.76,-50.409,-87.255,0,0,0,8178.17,5,"CVPileMaki",17.429,-61.115,0,0,0,0,0,0,0,1
172,8,1,1,6,0,0,1,0,0,0,255,255,255,20,8209.83,"なおｐ--",R,10,91,-0.149,-1.344,1,-69.458,400,0,0,0,8,8,R,"jdw4469",182,92,0.43,0,59,0,0,0,0,0,0,0,0,0,0,0,0,0,0,0,-0.16,-37.757,0.08,-17.379,-22.406,-54.152,-9.176,-66.923,23.878,-48.475,13.695,-64.66,40.139,-93.684,-0.104,-110.24,-48.263,-86.408,0,0,0,0,0,"",0,0,0,0,0,0,0,0,0,0
173,8,1,1,6,1,0,1,0,0,0,255,255,255,21,8229.402,"なおｐ--",R,3,100,-1.675,0.639,1,-379.337,0,0,0,0,8,8,R,"jdw4469",182,92,0.43,0,59,0,0,0,0,0,0,0,0,0,0,0,0,0,0,0,-0.181,-38.032,-0.239,-17.321,-22.831,-53.355,-9.199,-66.933,23.739,-48.486,13.655,-64.7,40.029,-96.256,0.547,-111.382,-50.16,-86.996,0,0,0,0,0,"",0,0,0,0,0,0,0,0,0,0
174,8,1,1,6,2,0,1,0,0,0,255,255,255,22,8250.924,"なおｐ--",R,0,128,-0.189,0.1,0,0,0,0,0,0,8,8,R,"jdw4469",182,92,0.43,0,59,0,0,0,0,0,0,0,0,0,0,0,0,0,0,0,-0.23,-38.146,0.044,-17.331,-21.889,-54.477,-9.178,-66.87,23.838,-48.385,13.601,-64.752,40.914,-96.582,0.545,-111.151,-49.454,-86.303,0,0,0,0,0,"",0,0,0,0,0,0,0,0,0,0
175,8,1,1,6,2,1,1,0,0,0,255,255,255,23,8270.608,"なおｐ--",R,0,126,0.022,0.897,0,0,0,0,0,0,8,8,R,"jdw4469",182,92,0.43,0,59,0,0,0,0,0,0,0,0,0,0,0,0,0,0,0,-0.246,-37.744,0.056,-17.337,-21.854,-54.478,-9.211,-66.923,25.153,-49.392,13.654,-64.698,41.362,-96.855,1.361,-111.648,-50.495,-88.269,0,0,0,0,0,"",0,0,0,0,0,0,0,0,0,0
176,8,1,1,6,2,2,1,0,0,0,255,255,255,24,8292.356,"なおｐ--",R,13,89,-0.218,-0.545,0,-315.897,312.348,0,0,1,8,8,R,"jdw4469",182,92,0.43,0,59,0,0,0,0,0,0,0,0,0,0,0,0,0,0,0,-0.038,-37.577,0.045,-17.328,-22.637,-52.618,-9.156,-66.859,24.995,-49.492,13.38,-64.841,41.98,-96.594,0.168,-110.891,-50.695,-88.993,0,0,0,0,0,"",0,0,0,0,0,0,0,0,0,0
177,8,1,1,6,0,0,2,0,0,0,255,255,255,25,8325.514,"なおｐ--",R,0,140,0.979,0.73,2,0,0,0,0,1,0,7,R,"Pugeuk",160,97,0.598,3,59,8326.526,69,59,18,85,76,-30,4.419,0.64,-0.027,-0.106,0.061,0,0,0,0.027,-37.43,0.057,-17.329,-20.894,-49.493,-9.156,-66.89,25.768,-48.746,13.623,-64.774,45.21,-100.733,0.586,-111.113,-51.505,-89.308,8326.721,0.064,-20.8,8327.887,0,"なおｐ--",-1.107,-35.137,0,0,0,0,0,0,0,2
178,8,0,1,6,0,0,0,0,0,0,255,255,255,28,8378.006,"Azuner",R,13,115,1.062,-0.468,2,-290.712,322.318,0,0,1,5,6,L,"SFIDA",190,86,0.2,2,59,8378.976,146,88,12,137,87,-20.275,-22.143,-0.25,0.045,-0.028,0.171,0,0,0,-0.047,-37.328,0.108,-17.171,-19.269,-48.938,-13.05,-64.578,23.469,-48.45,13.672,-64.353,44.892,-92.663,3.405,-112.21,-36.756,-87.087,8379.17,0.982,-22.239,8381.52,5,"장덕춘_",15.625,-57.344,0,0,0,0,0,0,0,2
179,8,0,1,6,0,0,1,0,0,0,255,255,255,29,8408.048,"Azuner",R,0,137,-1.553,-1.285,4,0,0,0,0,1,6,4,R,"_AKASATA_",190,100.086,0.2,0,59,0,0,0,0,0,0,0,0,0,0,0,0,0,0,0,-0.035,-37.283,-0.141,-16.899,-19.845,-45.5,-12.979,-64.338,23.826,-49.853,13.867,-64.604,42.543,-89.068,8.071,-111.071,-37.584,-85.928,0,0,0,0,0,"",0,0,0,0,0,0,0,0,0,0
180,8,0,1,6,0,1,1,0,0,0,255,255,255,30,8422.736,"Azuner",R,13,115,-3.06,-0.965,1,-390.434,312.348,0,0,0,6,4,R,"_AKASATA_",190,100.086,0.2,0,59,0,0,0,0,0,0,0,0,0,0,0,0,0,0,0,-0.074,-37.305,-0.28,-16.854,-20.34,-44.85,-13.068,-64.388,23.879,-49.846,13.716,-64.577,42.445,-88.769,6.689,-109.211,-37.345,-86.416,0,0,0,0,0,"",0,0,0,0,0,0,0,0,0,0
181,8,0,1,6,1,1,1,0,0,0,255,255,255,31,8438.777,"Azuner",R,13,116,-1.351,-1.013,1,-302.011,398.484,0,0,0,6,4,R,"_AKASATA_",190,100.086,0.2,0,59,0,0,0,0,0,0,0,0,0,0,0,0,0,0,0,-0.059,-37.272,-0.124,-17.111,-19.254,-44.219,-13.115,-64.328,24.002,-49.793,13.717,-64.581,42.605,-88.852,6.706,-109.228,-37.343,-86.43,0,0,0,0,0,"",0,0,0,0,0,0,0,0,0,0
182,8,0,1,6,2,1,1,0,0,0,255,255,255,32,8455.168,"Azuner",R,10,116,-0.148,-1.49,1,-19.412,400,0,0,0,6,4,R,"_AKASATA_",190,100.086,0.2,0,59,0,0,0,0,0,0,0,0,0,0,0,0,0,0,0,-0.083,-37.17,-0.104,-17.222,-19.533,-45.165,-13.079,-64.344,23.962,-49.853,13.696,-64.533,42.471,-88.825,0.32,-109.659,-37.346,-86.377,0,0,0,0,0,"",0,0,0,0,0,0,0,0,0,0
183,8,0,1,6,3,1,1,0,0,0,255,255,255,33,8478.835,"Azuner",R,10,118,-0.804,0.104,2,0,400,0,0,1,6,4,R,"_AKASATA_",190,100.086,0.2,3,59,8479.815,221,126,39,155,88,33.676,16.438,0.97,0.032,0.009,0.369,0,0,0,0.018,-36.824,-0.101,-17.135,-19.156,-46.179,-13.065,-64.339,23.452,-49.218,13.707,-64.5,42.794,-88.795,-0.388,-109.175,-37.327,-86.424,0,0,0,8484.736,8,"jdw4469",-25.26,-82.749,0,0,0,0,0,0,0,1
184,8,0,1,6,0,0,2,0,0,0,255,255,255,34,8505.409,"Azuner",R,0,138,0.814,0.429,0,0,0,0,0,0,7,5,R,"CVPileMaki",169.7,94,0.4,0,59,0,0,0,0,0,0,0,0,0,0,0,0,0,0,0,-0.154,-37.972,0.168,-17.1,-20.808,-45.845,-13.254,-64.614,24.481,-49.841,13.827,-64.56,41.885,-86.441,-6.035,-103.907,-38.658,-83.628,0,0,0,0,0,"",0,0,0,0,0,0,0,0,0,0
185,8,0,1,6,0,1,2,0,0,0,255,255,255,35,8522.63,"Azuner",R,0,136,-0.498,-0.538,2,0,0,0,0,1,7,5,R,"CVPileMaki",169.7,94,0.4,3,59,8523.713,171,170,48,154,72,102.057,-67.727,0.57,-0.057,-0.135,0.242,0,0,0,-0.067,-36.973,0.157,-17.223,-19.543,-47.906,-13.221,-64.576,23.752,-50.537,13.982,-64.637,41.839,-86.385,-5.971,-103.858,-38.635,-83.615,8529.137,-32.18,-3.969,0,0,"",0,0,0,0,0,0,0,0,0,0
186,8,0,1,6,0,2,2,0,0,0,255,255,255,36,8545.007,"Azuner",R,13,100,-3.167,-1.119,4,-332.733,340.646,0,0,1,7,5,R,"CVPileMaki",169.7,94,0.4,0,59,0,0,0,0,0,0,0,0,0,0,0,0,0,0,0,-0.093,-37.779,-0.261,-16.794,-19.399,-45.592,-13.156,-64.659,23.93,-49.828,13.57,-64.366,41.881,-87.287,-4.147,-102.945,-39.84,-83.521,0,0,0,0,0,"",0,0,0,0,0,0,0,0,0,0
187,9,1,1,6,0,0,0,0,0,0,255,255,255,26,8666.142,"なおｐ--",R,13,91,-1.511,-1.064,1,-322.996,312.348,0,0,0,1,3,R,"Oort__Cloud",160,89.754,0.2,0,59,0,0,0,0,0,0,0,0,0,0,0,0,0,0,0,-0.157,-37.814,0.044,-17.412,-22.359,-52.197,-10.238,-66.521,24.746,-49.223,13.637,-64.836,32.935,-88.286,1.101,-108.875,-49.274,-91.827,0,0,0,0,0,"",0,0,0,0,0,0,0,0,0,0
188,9,1,1,6,1,0,0,0,0,0,255,255,255,27,8684.25,"なおｐ--",R,0,138,1.617,0.686,1,0,0,0,0,0,1,3,R,"Oort__Cloud",160,89.754,0.2,0,59,0,0,0,0,0,0,0,0,0,0,0,0,0,0,0,0.091,-37.85,0.05,-17.403,-22.474,-52.027,-10.268,-66.525,24.694,-49.055,13.644,-64.827,34.418,-89.284,0.741,-109.088,-52.966,-90.2,0,0,0,0,0,"",0,0,0,0,0,0,0,0,0,0
189,9,1,1,6,2,0,0,0,0,0,255,255,255,28,8704.759,"なおｐ--",R,3,100,-1.996,0.874,1,-377.02,0,0,0,0,1,3,R,"Oort__Cloud",160,89.754,0.2,0,59,0,0,0,0,0,0,0,0,0,0,0,0,0,0,0,-0.197,-37.972,-0.119,-17.39,-22.453,-52.079,-10.267,-66.504,24.82,-49.662,13.289,-64.999,36.376,-91.782,1.27,-107.856,-54.026,-91.436,0,0,0,0,0,"",0,0,0,0,0,0,0,0,0,0
190,9,1,1,6,3,0,0,0,0,0,255,255,255,29,8725.381,"なおｐ--",R,0,122,0.621,0.994,0,0,0,0,0,0,1,3,R,"Oort__Cloud",160,89.754,0.2,0,59,0,0,0,0,0,0,0,0,0,0,0,0,0,0,0,-0.028,-37.917,0.012,-17.402,-22.176,-52.311,-10.245,-66.556,24.857,-49.525,13.494,-64.876,36.416,-91.826,0.952,-108.12,-58.038,-90.176,0,0,0,0,0,"",0,0,0,0,0,0,0,0,0,0
191,9,1,1,6,3,1,0,0,0,0,255,255,255,30,8745.454,"なおｐ--",R,0,140,1.08,0.826,0,0,0,0,0,1,1,3,R,"Oort__Cloud",160,89.754,0.2,0,59,0,0,0,0,0,0,0,0,0,0,0,0,0,0,0,-0.041,-37.778,0.108,-17.399,-22.351,-52.086,-10.26,-66.512,24.885,-49.564,13.582,-64.8,36.456,-91.845,-1.025,-112.275,-57.933,-90.612,0,0,0,0,0,"",0,0,0,0,0,0,0,0,0,0
192,9,1,1,6,0,0,0,1,0,0,3,255,255,30,8802.233,"なおｐ--",R,14,102,2.186,-1.542,1,341.753,337.884,0.527,-18.549,0,2,5,R,"장덕춘_",170,94.815,0.549,0,59,0,0,0,0,0,0,0,0,0,0,0,0,0,0,0,-0.157,-37.823,0.49,-15.969,-19.983,-42.975,-12.789,-64.787,25.23,-49.875,5.091,-63.027,43.552,-103.464,-0.788,-115.103,-55.936,-90.807,0,0,0,0,0,"",0,0,0,0,0,0,0,0,0,0
193,9,1,1,6,1,0,0,1,0,0,3,255,255,31,8832.142,"なおｐ--",R,0,120,1.11,0.956,0,0,0,0,0,0,2,5,R,"장덕춘_",170,94.815,0.549,0,59,0,0,0,0,0,0,0,0,0,0,0,0,0,0,0,-0.079,-37.946,0,-17.272,-19.628,-43.581,-13.83,-64.736,25.862,-50.7,4.264,-62.399,41.12,-96.829,-3.564,-117.364,-52.087,-88.411,0,0,0,0,0,"",0,0,0,0,0,0,0,0,0,0
194,9,1,1,6,1,1,0,1,0,0,3,255,255,32,8847.316,"なおｐ--",R,0,129,0.713,0.76,0,0,0,0,0,0,2,5,R,"장덕춘_",170,94.815,0.549,0,59,0,0,0,0,0,0,0,0,0,0,0,0,0,0,0,-0.22,-37.589,0.026,-17.281,-19.62,-43.739,-13.682,-64.776,25.873,-50.631,3.093,-62.319,40.634,-96.436,-3.978,-118.378,-50.803,-89.229,0,0,0,0,0,"",0,0,0,0,0,0,0,0,0,0
195,9,1,1,6,1,2,0,1,0,0,3,255,255,33,8871.523,"なおｐ--",R,0,126,2.734,0.773,4,0,0,0.267,-20.407,1,2,5,R,"장덕춘_",170,94.815,0.549,0,59,0,0,0,0,0,0,0,0,0,0,0,0,0,0,0,-0.17,-37.66,0.148,-18.054,-19.031,-44.928,-13.527,-65.023,25.931,-50.614,5.181,-62.727,40.567,-96.442,-4.003,-116.087,-50.985,-88.872,0,0,0,0,0,"",0,0,0,0,0,0,0,0,0,0
196,9,1,1,6,0,0,1,1,0,0,3,255,255,34,8901.819,"なおｐ--",R,6,88,2.116,0.455,2,400,0,0,0,1,3,6,R,"Apple_Sherbet",189.5,90.377,0.302,3,59,8902.884,159,147,61,151,95,91.646,80.32,-0.45,-0.024,-0.043,0.369,0,0,0,-0.089,-37.559,0.125,-17.357,-19.649,-43.255,-13.525,-65.121,26.048,-50.26,9.504,-65.103,38.556,-102.106,-1.337,-111.491,-51.999,-85.669,8909.82,19.343,-18.185,8910.004,1,"Kr_Luna",19.011,-18.224,0,0,0,0,0,0,0,1
197,9,1,1,6,0,0,2,1,0,0,3,255,255,35,8937.976,"なおｐ--",R,0,133,-0.182,1.631,1,0,0,0,0,0,4,2,L,"하루（Haru）",180.3,107,0.55,0,59,0,0,0,0,0,0,0,0,0,0,0,0,0,0,0,-0.151,-38.044,-0.317,-17.547,-19.733,-41.997,-8.432,-64.829,23.508,-47.28,13.71,-64.488,45.344,-80.459,0.26,-107.354,-45.69,-82.892,0,0,0,0,0,"",0,0,0,0,0,0,0,0,0,0
198,9,1,1,6,1,0,2,1,0,0,3,255,255,36,8961.659,"なおｐ--",R,13,77,-2.354,-0.905,2,-273.304,312.348,0,0,1,4,2,L,"하루（Haru）",180.3,107,0.55,3,59,8962.944,148,210,65,149,104,-30,24.971,0.28,0.074,-0.016,0.302,0,0,0,-0.108,-37.425,0.083,-17.5,-19.617,-44.897,-11.564,-64.709,23.285,-47.302,13.49,-64.715,46.229,-81.227,0.663,-110.255,-48,-83.525,8963.086,-0.923,-21.835,8972.42,7,"Multeinn",-34.444,-114.129,1,0,0,0,0,0,0,2
199,9,1,1,6,0,0,2,0,1,1,255,2,3,37,9003.366,"なおｐ--",R,3,83,-1.905,0.788,1,-377.273,0,0,0,0,5,4,R,"bdg06213",190,99.549,0.504,0,52,0,0,0,0,0,0,0,0,0,0,0,0,0,0,0,-0.236,-38.016,-0.013,-17.428,-23.189,-52.056,-10.704,-66.272,19.702,-40.814,6.419,-64.18,31.157,-93.025,-1.467,-111.011,-50.438,-89.522,0,0,0,0,0,"",0,0,0,0,0,0,0,0,0,0
200,9,1,2,6,1,0,2,0,0,1,255,255,2,38,9104.128,"なおｐ--",R,0,123,1.625,0.413,2,0,0,0,0,1,5,4,R,"bdg06213",190,99.549,0.504,3,52,9105.275,102,115,49,136,85,89.018,-85.406,-0.52,-0.029,-0.139,0.121,0,0,0,0.032,-37.732,0.119,-17.333,-21.914,-52.181,-10.176,-66.308,21.587,-44.964,13.478,-64.775,31.878,-93.386,0.33,-105.483,-50.976,-90.211,9111.654,21.373,-27.772,9111.82,4,"_AKASATA_",20.834,-27.548,0,0,0,0,0,0,0,1
