id,inn,half,scoreA,scoreB,ball,strk,out,b1,b2,b3,b1Idx,b2Idx,b3Idx,pCnt,pSec,pName,pHand,pType,spdK,zoneX,zoneY,startX,startY,zDist,call,balk,sH,sV,gyro,plx,plz,bSwing,bIdx,bPos,bZone,bName,bHCm,batLen,batCen,batType,bFps,hSec,rotS,rotL,shS,lgS,prepS,impMv,batSpd,ev,ldeg,sdeg,hPos,hMoveX,hMoveY,stayCon,buntGrip,PPosX,PPosY,PThrSpd,CName,CPosX,CPosY,CThrSpd,1BName,1BPosX,1BPosY,1BThrSpd,2BName,2BPosX,2BPosY,2BThrSpd,3BName,3BPosX,3BPosY,3BThrSpd,SSName,SSPosX,SSPosY,SSThrSpd,LFName,LFPosX,LFPosY,LFThrSpd,CFName,CFPosX,CFPosY,CFThrSpd,RFName,RFPosX,RFPosY,RFThrSpd,ltSec,lx,lz,cSec,cPos,cPlr,cx,cz,1BSafe,tag,cpSec,sb2Sec,sb3Sec,sbhSec,ass,result
1,1,1,0,0,0,0,0,0,0,0,255,255,255,0,1609.025,"인생최패망자",R,14,98,2.301,-1.242,0.087,1.569,-36.411,1,0,346.331,314.455,0,0.638,-17.711,0,0,8,L,"Sabo_10",184.8,94,0.497,0,58,0,0,0,0,0,0,0,0,0,0,0,0,0,0,0,0,-0.027,-37.895,0,"Pring__",0.222,-17.002,0,"Fresh825",-20.403,-47.996,0,"ʚEveɞ",-12.933,-65.096,0,"Megu3568",18.78,-45.834,0,"Yaksok~",13.088,-64.124,0,"IbikiKai_JP",51.364,-96.249,0,"Gonyong",2.683,-124.844,0,"SOM_candy",-36.736,-100.144,0,0,0,0,0,0,"",0,0,0,0,0,0,0,0,0,0
2,1,1,0,0,1,0,0,0,0,0,255,255,255,1,1623.739,"인생최패망자",R,10,98,-0.799,0.38,-0.07,2.102,-36.626,0,0,0,400,0,0,0,0,0,8,L,"Sabo_10",184.8,94,0.497,0,58,0,0,0,0,0,0,0,0,0,0,0,0,0,0,0,0,0.016,-38.09,0,"Pring__",0.043,-16.865,0,"Fresh825",-20.327,-47.923,0,"ʚEveɞ",-12.894,-65.037,0,"Megu3568",18.845,-45.899,0,"Yaksok~",15.072,-62.319,0,"IbikiKai_JP",51.376,-96.279,0,"Gonyong",2.727,-124.924,0,"SOM_candy",-36.916,-99.883,0,0,0,0,0,0,"",0,0,0,0,0,0,0,0,0,0
3,1,1,0,0,1,1,0,0,0,0,255,255,255,2,1639.426,"인생최패망자",R,34,109,3.082,0.407,0.532,1.832,-36.986,1,0,89.151,-79.908,0,0.751,-10.41,0,0,8,L,"Sabo_10",184.8,94,0.497,0,58,0,0,0,0,0,0,0,0,0,0,0,0,0,0,0,0,0.072,-37.903,0,"Pring__",0.106,-16.932,0,"Fresh825",-20.415,-47.938,0,"ʚEveɞ",-12.923,-65.08,0,"Megu3568",18.805,-45.986,0,"Yaksok~",15.059,-63.543,0,"IbikiKai_JP",51.394,-96.3,0,"Gonyong",4.117,-126.128,0,"SOM_candy",-37.207,-99.202,0,0,0,0,0,0,"",0,0,0,0,0,0,0,0,0,0
4,1,1,0,0,2,1,0,0,0,0,255,255,255,3,1657.097,"인생최패망자",R,26,136,-0.567,0.421,-0.059,1.727,-36.37,0,0,21.87,-151.532,0,0,0,1,0,8,L,"Sabo_10",184.8,94,0.497,0,58,0,0,0,0,0,0,0,0,0,0,0,0,0,0,0,0,-0.083,-37.615,0,"Pring__",-0.114,-16.802,0,"Fresh825",-20.35,-47.896,0,"ʚEveɞ",-12.934,-65.072,0,"Megu3568",18.811,-45.972,0,"Yaksok~",14.746,-64.053,0,"IbikiKai_JP",51.379,-96.292,0,"Gonyong",4.262,-126.135,0,"SOM_candy",-37.943,-98.859,0,0,0,0,0,0,"",0,0,0,0,0,0,0,0,0,0
5,1,1,0,0,2,2,0,0,0,0,255,255,255,4,1670.654,"인생최패망자",R,10,92,-0.438,-0.948,-0.063,1.735,-36.482,4,0,2.74,400,0,-0.006,-17.742,1,0,8,L,"Sabo_10",184.8,94,0.497,0,58,0,0,0,0,0,0,0,0,0,0,0,0,0,0,0,0,0.19,-37.664,0,"Pring__",0.111,-17.624,0,"Fresh825",-20.58,-46.968,0,"ʚEveɞ",-12.908,-65.064,0,"Megu3568",18.783,-45.943,0,"Yaksok~",15.298,-62.831,0,"IbikiKai_JP",51.373,-96.288,0,"Gonyong",4.301,-126.145,0,"SOM_candy",-38.32,-99.007,0,0,0,0,0,0,"",0,0,0,0,0,0,0,0,0,0
6,1,1,0,0,0,0,1,0,0,0,255,255,255,5,1699.583,"인생최패망자",R,26,135,3.591,-0.959,0.006,1.695,-36.316,2,0,-60.551,-200,0,0,0,1,1,0,R,"Slaris",190,86.36,0.452,3,58,1700.526,196,17,125,55,16,126,150,106,26.416,8.707,-0.05,-0.002,-0.08,0.254,0,-0.219,-36.934,0,"Pring__",-0.038,-16.953,0,"Fresh825",-21.938,-45.404,0,"ʚEveɞ",-13.389,-64.862,0,"Megu3568",18.868,-45.83,0,"Yaksok~",12.169,-64.008,0,"IbikiKai_JP",42.159,-98.02,0,"Gonyong",-3.002,-116.15,0,"SOM_candy",-38.335,-84.77,0,1705.441,-27.364,-108.21,1708.691,7,"Gonyong",-29.646,-120.753,1,0,0,0,0,0,0,2
7,1,1,0,0,0,0,1,0,1,0,255,0,255,6,1747.824,"인생최패망자",R,26,135,1.076,0.959,0.111,1.833,-36.376,0,0,-42.402,-165.602,0,0,0,0,2,2,R,"アリアル",190,94.5,0.5,0,58,0,0,0,0,0,0,0,0,0,0,0,0,0,0,0,0,0.248,-37.105,0,"Pring__",0.065,-16.819,0,"Fresh825",-24.12,-47.713,0,"ʚEveɞ",-12.989,-65.069,0,"Megu3568",19.207,-44.275,0,"Yaksok~",7.162,-61.741,0,"IbikiKai_JP",41.048,-96.225,0,"Gonyong",-5.371,-125.109,0,"SOM_candy",-39.243,-89.69,0,0,0,0,0,0,"",0,0,0,0,0,0,0,0,0,0
8,1,1,0,0,0,1,1,0,1,0,255,0,255,7,1764.459,"인생최패망자",R,14,92,0.3,0.152,-0.184,1.995,-36.507,0,0,305.3,341.689,0,0,0,0,2,2,R,"アリアル",190,94.5,0.5,0,58,0,0,0,0,0,0,0,0,0,0,0,0,0,0,0,0,0.151,-37.498,0,"Pring__",-0.243,-16.871,0,"Fresh825",-24.03,-47.563,0,"ʚEveɞ",-12.996,-65.08,0,"Megu3568",19.052,-43.395,0,"Yaksok~",8.471,-62.221,0,"IbikiKai_JP",39.603,-96.991,0,"Gonyong",-5.411,-125.216,0,"SOM_candy",-39.231,-89.314,0,0,0,0,0,0,"",0,0,0,0,0,0,0,0,0,0
9,1,1,0,0,0,2,1,0,1,0,255,0,255,8,1782.65,"인생최패망자",R,13,94,-2.801,-1.523,-0.161,1.498,-36.498,1,0,-319.237,332.328,0,-0.658,-18.251,0,2,2,R,"アリアル",190,94.5,0.5,0,58,0,0,0,0,0,0,0,0,0,0,0,0,0,0,0,0,0.025,-37.401,0,"Pring__",-0.314,-16.963,0,"Fresh825",-23.906,-47.136,0,"ʚEveɞ",-13.031,-65.009,0,"Megu3568",18.765,-43.174,0,"Yaksok~",8.373,-63.496,0,"IbikiKai_JP",39.578,-96.978,0,"Gonyong",-5.353,-125.162,0,"SOM_candy",-39.117,-88.962,0,0,0,0,0,0,"",0,0,0,0,0,0,0,0,0,0
10,1,1,0,0,1,2,1,0,1,0,255,0,255,9,1796.778,"인생최패망자",R,27,127,2.594,2.259,0.232,2.093,-36.678,1,0,28.828,-107.712,0,0,0,0,2,2,R,"アリアル",190,94.5,0.5,0,58,0,0,0,0,0,0,0,0,0,0,0,0,0,0,0,0,0.28,-37.664,0,"Pring__",0.116,-17.098,0,"Fresh825",-22.925,-46.862,0,"ʚEveɞ",-13.012,-65.073,0,"Megu3568",19.44,-43.916,0,"Yaksok~",8.488,-62.533,0,"IbikiKai_JP",39.599,-96.993,0,"Gonyong",-5.242,-124.989,0,"SOM_candy",-39.089,-89.391,0,0,0,0,0,0,"",0,0,0,0,0,0,0,0,0,0
11,1,1,0,0,2,2,1,0,1,0,255,0,255,10,1811.881,"인생최패망자",R,0,0,0,0,0,0,0,0,0,0,0,0,0,0,1,2,2,R,"アリアル",190,94.5,0.5,2,58,1812.659,255,17,172,44,20,255,150,97,12.07,-31.765,-0.51,-0.062,-0.058,0.277,0,0.055,-37,0,"Pring__",0.126,-17.116,0,"Fresh825",-22.911,-46.884,0,"ʚEveɞ",-13.041,-65.002,0,"Megu3568",18.02,-43.966,0,"Yaksok~",8.868,-62.163,0,"IbikiKai_JP",39.597,-96.981,0,"Gonyong",-5.272,-125.033,0,"SOM_candy",-41.715,-88.441,0,1812.991,0.094,-20.313,1827.424,-1,"썬써니_",0.005,-37.895,0,0,0,0,0,0,0,3
12,1,1,0,0,2,2,1,0,1,0,255,0,255,11,1832.882,"인생최패망자",R,14,97,1.558,-1.075,-0.003,1.619,-36.38,2,0,323.301,339.974,0,0,0,1,2,2,R,"アリアル",190,94.5,0.5,2,58,1833.792,255,24,183,29,25,255,150,95,-30.273,-36.041,-0.49,-0.106,-0.083,0.241,0,-0.049,-37.084,0,"Pring__",0.149,-16.993,0,"Fresh825",-22.456,-46.6,0,"ʚEveɞ",-12.929,-65.042,0,"Megu3568",18.71,-45.469,0,"Yaksok~",10.43,-61.861,0,"IbikiKai_JP",38.723,-95.797,0,"Gonyong",-5.552,-123.543,0,"SOM_candy",-41.576,-88.423,0,1833.591,1.003,-20.409,1835.391,-1,"썬써니_",17.339,-42.457,0,0,0,0,0,0,0,2
13,1,1,0,0,0,0,2,0,1,0,255,0,255,12,1863.736,"인생최패망자",R,26,124,0.934,2.362,0.126,2.086,-36.466,1,0,-138.426,-200,0,0,0,0,3,1,R,"coder_",190,89.702,0.398,0,58,0,0,0,0,0,0,0,0,0,0,0,0,0,0,0,0,0.22,-37.596,0,"Pring__",0.055,-16.82,0,"Fresh825",-22.465,-46.325,0,"ʚEveɞ",-13.19,-65.024,0,"Megu3568",18.688,-43.996,0,"Yaksok~",8.073,-62.847,0,"IbikiKai_JP",36.244,-101.49,0,"Gonyong",-5.88,-110.946,0,"SOM_candy",-41.846,-91.948,0,0,0,0,0,0,"",0,0,0,0,0,0,0,0,0,0
14,1,1,0,0,1,0,2,0,1,0,255,0,255,13,1879.05,"인생최패망자",R,26,125,0.567,1.793,0.07,1.978,-36.344,2,0,-55.071,-200,0,0,0,1,3,1,R,"coder_",190,89.702,0.398,3,58,1880.124,137,12,112,42,21,113,142,107,25.393,11.857,0.95,0.024,0.027,0.248,0,0.123,-37.13,0,"Pring__",0.022,-16.815,0,"Fresh825",-22.456,-46.266,0,"ʚEveɞ",-12.801,-62.907,0,"Megu3568",18.565,-44.768,0,"Yaksok~",8.175,-62.964,0,"IbikiKai_JP",37.055,-92.443,0,"Gonyong",-5.865,-110.961,0,"SOM_candy",-40.71,-88.872,0,1883.258,-19.687,-94.776,1889.841,-1,"썬써니_",-15.458,-119.809,1,0,0,0,0,0,0,2
15,1,1,1,0,0,0,2,0,0,1,255,255,1,14,1922.553,"인생최패망자",R,26,140,0.29,-0.167,0.035,1.619,-36.368,0,0,-32.653,-151.229,0,0,0,1,4,4,R,"_이누_",190,90.187,0.5,0,57,0,0,0,0,0,0,0,0,0,0,0,0,0,0,0,0,0.031,-37.307,0,"Pring__",0.05,-16.956,0,"Fresh825",-22.29,-46.161,0,"ʚEveɞ",-13.152,-64.936,0,"Megu3568",18.597,-42.316,0,"Yaksok~",6.153,-63.127,0,"IbikiKai_JP",34.986,-94.434,0,"Gonyong",-8.42,-110.992,0,"SOM_candy",-42.94,-82.746,0,0,0,0,0,0,"",0,0,0,0,0,0,0,0,0,0
16,1,1,1,0,0,1,2,0,0,1,255,255,1,15,1937.649,"인생최패망자",R,13,110,0,-0.988,0.151,1.625,-36.42,1,0,-390.434,312.348,0,0,0,0,4,4,R,"_이누_",190,90.187,0.5,0,57,0,0,0,0,0,0,0,0,0,0,0,0,0,0,0,0,0.181,-37.316,0,"Pring__",1.793,-17.616,0,"Fresh825",-22.584,-46.435,0,"ʚEveɞ",-13.153,-64.923,0,"Megu3568",18.405,-39.935,0,"Yaksok~",5.284,-63.17,0,"IbikiKai_JP",33.915,-92.959,0,"Gonyong",-8.474,-111.112,0,"SOM_candy",-43.286,-83.085,0,0,0,0,0,0,"",0,0,0,0,0,0,0,0,0,0
17,1,1,1,0,1,1,2,0,0,1,255,255,1,16,1969.436,"인생최패망자",R,26,131,1.235,0.542,0.131,1.739,-36.384,2,0,-51.986,-200,0,0,0,1,4,4,R,"_이누_",190,90.187,0.5,3,57,1970.424,231,11,123,22,0,154,144,96,28.884,-16.253,-0.51,-0.011,-0.051,0.259,0,0.09,-37.278,0,"Pring__",0.07,-16.895,0,"Fresh825",-22.549,-46.548,0,"ʚEveɞ",-13.152,-64.915,0,"Megu3568",17.83,-43.767,0,"Yaksok~",7.425,-62.37,0,"IbikiKai_JP",34.583,-93.626,0,"Gonyong",-7.418,-110.461,0,"SOM_candy",-44.441,-82.192,0,1974.091,13.631,-98.176,1975.674,-1,"썬써니_",11.455,-106.363,1,0,0,0,0,0,0,2
18,1,1,2,0,0,0,2,1,0,0,4,255,255,17,2003.272,"인생최패망자",R,13,96,-1.044,-0.538,0.057,1.769,-36.495,0,0,-340.743,312.348,0,0,0,1,5,7,R,"아침땅_",160,95,0.5,0,57,0,0,0,0,0,0,0,0,0,0,0,0,0,0,0,0,0.188,-37.418,0,"Pring__",-0.047,-16.927,0,"Fresh825",-18.572,-39.747,0,"ʚEveɞ",-13.847,-64.526,0,"Megu3568",18.609,-44.532,0,"Yaksok~",6.074,-62.335,0,"IbikiKai_JP",40.739,-100.637,0,"Gonyong",-1.519,-103.135,0,"SOM_candy",-40.091,-82.732,0,0,0,0,0,0,"",0,0,0,0,0,0,0,0,0,0
19,1,1,2,0,0,1,2,1,0,0,4,255,255,18,2022.976,"인생최패망자",R,13,95,0.09,-1.372,0.249,1.638,-36.476,4,0,-334.884,315.66,0,0,0,1,5,7,R,"아침땅_",160,95,0.5,0,57,0,0,0,0,0,0,0,0,0,0,0,0,0,0,0,0,0.067,-37.664,0,"Pring__",0.011,-16.909,0,"Fresh825",-18.395,-39.646,0,"ʚEveɞ",-13.833,-64.533,0,"Megu3568",18.431,-44.73,0,"Yaksok~",5.122,-63.717,0,"IbikiKai_JP",34.922,-91.575,0,"Gonyong",-6.723,-101.203,0,"SOM_candy",-40.4,-79.118,0,0,0,0,0,0,"",0,0,0,0,0,0,0,0,0,0
20,1,1,2,0,0,2,2,1,0,0,4,255,255,19,2040.107,"인생최패망자",R,26,132,0.665,3.05,0.057,2.059,-36.466,1,0,14.355,-165.524,0,0,0,0,5,7,R,"아침땅_",160,95,0.5,0,57,0,0,0,0,0,0,0,0,0,0,0,0,0,0,0,0,0.02,-37.664,0,"Pring__",0.482,-19.093,0,"Fresh825",-19.436,-41.171,0,"ʚEveɞ",-12.105,-65.08,0,"Megu3568",18.51,-44.706,0,"Yaksok~",0.607,-60.993,0,"IbikiKai_JP",34.958,-91.642,0,"Gonyong",-6.645,-101.354,0,"SOM_candy",-40.351,-78.949,0,0,0,0,0,0,"",0,0,0,0,0,0,0,0,0,0
21,1,1,2,0,1,2,2,0,1,0,255,4,255,20,2061.218,"인생최패망자",R,13,95,-2.657,-2.158,-0.136,1.456,-36.462,4,0,-337.193,312.348,0,-0.571,-19.152,1,5,7,R,"아침땅_",160,95,0.5,0,57,0,0,0,0,0,0,0,0,0,0,0,0,0,0,0,0,-0.183,-37.896,0,"Pring__",-0.303,-17.532,0,"Fresh825",-21.9,-44.925,0,"ʚEveɞ",-14.351,-64.159,0,"Megu3568",18.207,-42.158,0,"Yaksok~",6.706,-62.931,0,"IbikiKai_JP",34.928,-91.571,0,"Gonyong",-6.796,-100.618,0,"SOM_candy",-40.505,-79.003,0,0,0,0,0,0,"",0,0,0,0,0,0,0,0,0,0
22,1,0,2,0,0,0,0,0,0,0,255,255,255,0,2217.081,"Slaris",R,26,137,-1.174,0.628,-0.177,1.803,-36.348,2,0,-44.253,-171.523,0,0,0,1,0,3,L,"ʚEveɞ",164.7,85.429,0.35,2,83,2218.048,255,35,150,54,2,220,150,90,2.453,-14.944,-0.36,0.057,-0.023,0.394,0,-0.172,-36.602,0,"coder_",-0.263,-17.607,0,"アリアル",-23.17,-48.178,0,"ke ro",-8.556,-64.814,0,"_이누_",20.04,-48.892,0,"소솨소솨",14.059,-64.047,0,"じゃが一",43.292,-96.378,0,"아침땅_",6.656,-109.513,0,"Sabo_10",-40.378,-96.718,0,2217.791,7.081,-42.531,2219.224,-1,"썬써니_",13.097,-58.88,1,0,0,0,0,0,0,2
23,1,0,2,0,0,0,0,0,1,0,255,12,255,1,2325.606,"Slaris",R,26,139,1.006,0.405,-0.043,1.763,-36.352,0,0,57.189,-200,0,0,0,0,1,4,R,"Megu3568",175.3,86,0.404,0,83,0,0,0,0,0,0,0,0,0,0,0,0,0,0,0,0,-0.357,-36.639,0,"coder_",0.062,-17.207,0,"アリアル",-21.213,-44.476,0,"ke ro",-11.294,-62.066,0,"_이누_",17.57,-48.774,0,"소솨소솨",6.148,-62.893,0,"じゃが一",42.087,-97.574,0,"아침땅_",-7.107,-107.346,0,"Sabo_10",-43.5,-94.556,0,0,0,0,0,0,"",0,0,0,0,0,0,0,0,0,0
24,1,0,2,0,0,1,0,0,1,0,255,12,255,2,2365.626,"Slaris",R,26,132,2.652,1.525,0.098,1.884,-36.6,3,0,17.549,-200,0,0.125,-20.48,0,1,4,R,"Megu3568",175.3,86,0.404,0,83,0,0,0,0,0,0,0,0,0,0,0,0,0,0,0,0,-0.214,-36.806,0,"coder_",0.288,-17.395,0,"アリアル",-22.226,-45.914,0,"ke ro",-11.392,-62.17,0,"_이누_",18.646,-47.307,0,"소솨소솨",7.141,-61.045,0,"じゃが一",38.081,-99.95,0,"아침땅_",-10.178,-109.096,0,"Sabo_10",-44.772,-96.703,0,0,0,0,0,0,"",0,0,0,0,0,0,0,0,0,6
25,1,0,2,0,0,0,0,1,1,0,13,12,255,3,2398.911,"Slaris",R,13,105,-2.412,-1.085,0.036,1.739,-36.644,4,0,-372.687,312.348,0,-0.677,-17.128,1,2,7,R,"Gonyong",174.6,80,0.2,0,53,0,0,0,0,0,0,0,0,0,0,0,0,0,0,0,0,-0.239,-37.512,0,"coder_",-0.046,-17.366,0,"アリアル",-21.573,-46.243,0,"ke ro",-12.27,-59.647,0,"_이누_",17.914,-47.413,0,"소솨소솨",3.107,-61.915,0,"じゃが一",35.141,-96.506,0,"아침땅_",-11.279,-109.125,0,"Sabo_10",-43.192,-88.936,0,0,0,0,0,0,"",0,0,0,0,0,0,0,0,0,0
26,1,0,2,0,0,1,0,1,1,0,13,12,255,4,2416.732,"Slaris",R,34,125,-1.461,1.502,0.052,2.03,-36.721,1,0,89.247,-73.436,0,0,0,0,2,7,R,"Gonyong",174.6,80,0.2,0,53,0,0,0,0,0,0,0,0,0,0,0,0,0,0,0,0,0.044,-37.744,0,"coder_",-0.005,-17.285,0,"アリアル",-21.683,-45.158,0,"ke ro",-11.214,-59.717,0,"_이누_",18.505,-46.344,0,"소솨소솨",1.443,-61.696,0,"じゃが一",33.93,-96.864,0,"아침땅_",-10.221,-106.923,0,"Sabo_10",-42.24,-89.134,0,0,0,0,0,0,"",0,0,0,0,0,0,0,0,0,0
27,1,0,2,0,1,1,0,1,1,0,13,12,255,5,2481.955,"Slaris",R,26,130,-0.116,-0.532,0.098,1.843,-36.488,0,0,54.003,-200,0,0,0,1,2,7,R,"Gonyong",174.6,80,0.2,0,57,0,0,0,0,0,0,0,0,0,0,0,0,0,0,0,0,0.033,-37.211,0,"coder_",-0.637,-18.722,0,"アリアル",-20.896,-44.523,0,"ke ro",-10.482,-60.007,0,"_이누_",18.419,-47.887,0,"소솨소솨",4.899,-61.532,0,"じゃが一",34.431,-94.551,0,"아침땅_",-9.155,-109.305,0,"Sabo_10",-41.675,-88.821,0,0,0,0,0,0,"",0,0,0,0,0,0,0,0,0,0
28,1,0,2,0,1,2,0,1,1,0,13,12,255,6,2500.521,"Slaris",R,13,114,-2.644,-1.76,-0.083,1.591,-36.35,1,0,-382.707,321.77,0,-0.621,-18.36,0,2,7,R,"Gonyong",174.6,80,0.2,0,53,0,0,0,0,0,0,0,0,0,0,0,0,0,0,0,0,-0.2,-37.244,0,"coder_",-0.663,-17.744,0,"アリアル",-21.609,-43.767,0,"ke ro",-10.493,-58.493,0,"_이누_",19.285,-47.062,0,"소솨소솨",4.041,-60.058,0,"じゃが一",36.145,-91.036,0,"아침땅_",-9.32,-109.222,0,"Sabo_10",-41.472,-86.294,0,0,0,0,0,0,"",0,0,0,0,0,0,0,0,0,0
29,1,0,2,0,2,2,0,1,1,0,13,12,255,7,2520.291,"Slaris",R,26,128,1.149,-0.049,0.093,1.777,-36.419,0,0,28.017,-200,0,0,0,1,2,7,R,"Gonyong",174.6,80,0.2,0,53,0,0,0,0,0,0,0,0,0,0,0,0,0,0,0,0,-0.052,-36.902,0,"coder_",-0.78,-19.043,0,"アリアル",-20.227,-42.285,0,"ke ro",-10.485,-58.539,0,"_이누_",19.224,-48.066,0,"소솨소솨",4.984,-61.778,0,"じゃが一",38.17,-89.927,0,"아침땅_",-8.234,-109.38,0,"Sabo_10",-40.677,-91.519,0,0,0,0,0,0,"",0,0,0,0,0,0,0,0,0,0
30,1,0,2,0,0,0,1,1,1,0,13,12,255,8,2550.483,"Slaris",R,27,140,-1.682,0.671,-0.105,1.873,-36.532,2,0,44.352,-111.455,0,0,0,1,3,1,L,"Pring__",180.3,94.516,0.485,3,57,2551.191,141,13,107,56,21,128,145,94,26.845,-12.913,-0.45,-0.004,-0.049,0.195,0,-0.213,-37.094,0,"coder_",-0.261,-17.62,0,"アリアル",-20.085,-41.381,0,"ke ro",-7.87,-60.853,0,"_이누_",20.146,-48.459,0,"소솨소솨",14.371,-63.769,0,"じゃが一",42.622,-94.096,0,"아침땅_",3.24,-110.024,0,"Sabo_10",-41.682,-93.337,0,2554.674,18.3,-97.084,2554.841,-1,"썬써니_",18.121,-96.49,0,0,0,0,0,0,0,1
31,1,0,2,0,0,0,2,1,1,0,13,12,255,9,2631.189,"Slaris",R,27,125,3.79,1.264,0.408,1.945,-36.785,1,0,100.895,-107.118,0,0,0,0,4,5,R,"Yaksok~",172.8,98.809,0.303,0,63,0,0,0,0,0,0,0,0,0,0,0,0,0,0,0,0,0.066,-37.529,0,"coder_",-0.487,-18.64,0,"アリアル",-21.542,-44.829,0,"ke ro",-10.043,-61.619,0,"_이누_",19.479,-48.121,0,"소솨소솨",6.395,-65.313,0,"じゃが一",35.937,-91.094,0,"아침땅_",-7.867,-104.434,0,"Sabo_10",-38.635,-91.17,0,0,0,0,0,0,"",0,0,0,0,0,0,0,0,0,0
32,1,0,2,0,1,0,2,1,1,0,13,12,255,10,2649.11,"Slaris",R,27,130,3.493,1.428,0.269,1.905,-36.481,2,0,105.53,-108.08,0,0,0,1,4,5,R,"Yaksok~",172.8,98.809,0.303,3,63,2649.984,83,22,82,28,4,169,127,79,3.853,2.759,-0.55,-0.04,-0.024,0.206,0,0.183,-36.571,0,"coder_",0.145,-17.518,0,"アリアル",-20.722,-43.112,0,"ke ro",-11.145,-59.632,0,"_이누_",18.658,-48.989,0,"소솨소솨",6.975,-65.339,0,"じゃが一",37.079,-88.446,0,"아침땅_",-8.259,-106.598,0,"Sabo_10",-38.905,-90.579,0,2649.941,-1.32,-45.145,2651.491,-1,"썬써니_",-3.3,-59.089,0,0,0,0,0,0,0,2
33,2,1,2,0,0,0,0,0,0,0,255,255,255,21,2705.1,"인생최패망자",R,27,140,0.91,-0.838,0.087,1.543,-36.342,0,0,-9.388,-119.519,0,0,0,0,6,3,R,"ke ro",160,80,0.319,0,57,0,0,0,0,0,0,0,0,0,0,0,0,0,0,0,0,-0.05,-37.813,0,"Pring__",0.026,-16.814,0,"Fresh825",-23.097,-47.58,0,"ʚEveɞ",-13.286,-64.876,0,"Megu3568",17.409,-44.461,0,"Yaksok~",11.326,-62.32,0,"IbikiKai_JP",36.494,-85.2,0,"Gonyong",0.521,-108.067,0,"SOM_candy",-41.896,-88.567,0,0,0,0,0,0,"",0,0,0,0,0,0,0,0,0,0
34,2,1,2,0,0,1,0,0,0,0,255,255,255,22,2720.897,"인생최패망자",R,27,140,1.242,0.092,0.116,1.673,-36.344,2,0,-0.671,-107.324,0,0,0,1,6,3,R,"ke ro",160,80,0.319,2,57,2721.898,126,13,98,39,13,212,139,85,92.254,7.382,-0.38,-0.039,-0.049,0.047,0,0.187,-37.047,0,"Pring__",0.031,-16.924,0,"Fresh825",-23.215,-47.467,0,"ʚEveɞ",-13.068,-64.978,0,"Megu3568",17.401,-44.524,0,"Yaksok~",10.529,-62.247,0,"IbikiKai_JP",36.497,-85.268,0,"Gonyong",0.552,-108.062,0,"SOM_candy",-42.386,-87.74,0,2726.858,2.435,-11.599,2727.608,-1,"썬써니_",2.444,-12.099,0,0,0,0,0,0,0,1
35,2,1,2,0,0,0,1,0,0,0,255,255,255,23,2751.61,"인생최패망자",R,26,140,0.39,0.116,0.046,1.665,-36.371,0,0,-40.803,-167.747,0,0,0,1,7,5,R,"소솨소솨",174.6,80,0.5,0,58,0,0,0,0,0,0,0,0,0,0,0,0,0,0,0,0,-0.016,-37.59,0,"Pring__",0.024,-16.934,0,"Fresh825",-22.068,-45.942,0,"ʚEveɞ",-13.323,-64.946,0,"Megu3568",18.59,-44.592,0,"Yaksok~",9.833,-61.774,0,"IbikiKai_JP",42.388,-91.382,0,"Gonyong",-1.54,-114.99,0,"SOM_candy",-43.66,-87.585,0,0,0,0,0,0,"",0,0,0,0,0,0,0,0,0,0
36,2,1,2,0,0,1,1,0,0,0,255,255,255,24,2764.506,"인생최패망자",R,26,137,0.492,-0.142,0.054,1.619,-36.355,2,0,-29.579,-178.573,0,0,0,1,7,5,R,"소솨소솨",174.6,80,0.5,2,58,2765.224,150,16,127,26,13,255,144,94,-42.172,14.611,-0.31,-0.054,-0.119,0.22,0,-0.167,-36.922,0,"Pring__",0.037,-16.963,0,"Fresh825",-22.103,-46.004,0,"ʚEveɞ",-13.318,-64.908,0,"Megu3568",18.374,-44.697,0,"Yaksok~",10.195,-62.96,0,"IbikiKai_JP",41.66,-92.033,0,"Gonyong",-1.529,-115.038,0,"SOM_candy",-43.9,-87.159,0,2764.008,-0.123,-20.025,2766.708,-1,"썬써니_",-10.214,-58.06,0,0,0,0,0,0,0,2
37,2,1,2,0,0,0,2,0,0,0,255,255,255,25,2797.322,"인생최패망자",R,26,129,1.585,0.403,0.121,1.694,-36.426,2,0,97.614,-200,0,0,0,1,8,6,R,"じゃが一",170.4,84.955,0.505,2,58,2798.456,120,9,105,27,8,255,139,89,-34.982,45.469,-0.32,-0.034,-0.043,0,0,0.092,-37.168,0,"Pring__",0.075,-16.998,0,"Fresh825",-22.492,-45.615,0,"ʚEveɞ",-13.433,-64.851,0,"Megu3568",18.213,-44.738,0,"Yaksok~",9.679,-61.879,0,"IbikiKai_JP",40.168,-98.304,0,"Gonyong",-5.523,-117.776,0,"SOM_candy",-38.138,-79.28,0,2797.158,-1.002,-20.423,2799.508,-1,"썬써니_",-21.446,-40.148,0,0,0,0,0,0,0,2
38,2,1,2,0,0,1,2,0,0,0,255,255,255,26,2814.616,"인생최패망자",R,26,138,0.653,0.054,0.063,1.649,-36.355,2,0,-8.871,-185.703,0,0,0,1,8,6,R,"じゃが一",170.4,84.955,0.505,2,58,2815.741,255,8,107,24,12,255,141,94,-36.77,46.539,-0.13,-0.022,-0.051,0,0,-0.016,-37.252,0,"Pring__",0.071,-16.968,0,"Fresh825",-22.895,-45.813,0,"ʚEveɞ",-13.308,-65.026,0,"Megu3568",18.523,-46.385,0,"Yaksok~",10.293,-63.057,0,"IbikiKai_JP",41.31,-97.653,0,"Gonyong",-6.008,-117.186,0,"SOM_candy",-36.834,-77.528,0,2814.391,-0.964,-19.859,2816.591,-1,"썬써니_",-22.974,-41.04,0,0,0,0,0,0,0,2
39,2,1,2,0,0,2,2,0,0,0,255,255,255,27,2830.014,"인생최패망자",R,10,114,-1.396,-2.793,-0.091,1.406,-36.459,1,0,-105.345,400,0,-0.258,-20.438,0,8,6,R,"じゃが一",170.4,84.955,0.505,0,58,0,0,0,0,0,0,0,0,0,0,0,0,0,0,0,0,-0.078,-37.8,0,"Pring__",-0.48,-16.91,0,"Fresh825",-23.112,-45.428,0,"ʚEveɞ",-13.271,-65.068,0,"Megu3568",17.837,-43.736,0,"Yaksok~",6.637,-61.639,0,"IbikiKai_JP",34.941,-95.49,0,"Gonyong",-5.913,-116.747,0,"SOM_candy",-37.676,-75.938,0,0,0,0,0,0,"",0,0,0,0,0,0,0,0,0,0
40,2,1,2,0,1,2,2,0,0,0,255,255,255,28,2843.1,"인생최패망자",R,13,98,-3.06,-0.799,-0.176,1.69,-36.45,2,0,-372.391,274.381,0,0,0,1,8,6,R,"じゃが一",170.4,84.955,0.505,2,58,2844.316,186,16,84,62,72,115,141,36,-6.532,21.535,0.96,-0.085,-0.13,0,0,-0.163,-37.33,0,"Pring__",-0.568,-16.926,0,"Fresh825",-23.782,-47.428,0,"ʚEveɞ",-13.215,-65.036,0,"Megu3568",17.896,-45.86,0,"Yaksok~",10.046,-62.445,0,"IbikiKai_JP",34.936,-95.455,0,"Gonyong",-5.899,-116.747,0,"SOM_candy",-37.906,-76.795,0,2843.274,-1.91,-23.99,2847.774,-1,"썬써니_",-15.977,-52.779,1,0,0,0,0,0,0,2
41,2,1,2,0,0,0,2,1,0,0,6,255,255,29,2899.896,"인생최패망자",R,10,96,-1.225,-1.964,-0.101,1.473,-36.548,1,0,-43.67,400,0,-0.241,-19.274,0,0,8,L,"Sabo_10",184.8,94,0.497,0,58,0,0,0,0,0,0,0,0,0,0,0,0,0,0,0,0,-0.087,-37.901,0,"Pring__",-0.104,-16.871,0,"Fresh825",-18.644,-39.562,0,"ʚEveɞ",-14.07,-63.294,0,"Megu3568",18.423,-44.002,0,"Yaksok~",13.229,-62.472,0,"IbikiKai_JP",48.949,-99.693,0,"Gonyong",5.972,-123.189,0,"SOM_candy",-40.086,-101.387,0,0,0,0,0,0,"",0,0,0,0,0,0,0,0,0,0
42,2,1,2,0,0,1,2,1,0,0,6,255,255,30,2937.583,"인생최패망자",R,14,95,2.416,-2.249,0.146,1.369,-36.571,1,0,264.514,395.213,0,0,0,0,0,8,L,"Sabo_10",184.8,94,0.497,0,58,0,0,0,0,0,0,0,0,0,0,0,0,0,0,0,0,0.066,-37.841,0,"Pring__",-0.068,-16.964,0,"Fresh825",-18.644,-39.589,0,"ʚEveɞ",-13.274,-65.128,0,"Megu3568",18.298,-45.127,0,"Yaksok~",12.945,-62.142,0,"IbikiKai_JP",49.037,-99.593,0,"Gonyong",5.994,-123.334,0,"SOM_candy",-39.679,-102.54,0,0,0,0,0,0,"",0,0,0,0,0,0,0,0,0,0
43,2,1,2,0,1,1,2,1,0,0,6,255,255,31,2973.421,"인생최패망자",R,26,137,-0.045,1.109,-0.008,1.841,-36.5,1,0,12.012,-195.547,0,0,0,0,0,8,L,"Sabo_10",184.8,94,0.497,0,58,0,0,0,0,0,0,0,0,0,0,0,0,0,0,0,0,-0.208,-37.538,0,"Pring__",-0.743,-19.184,0,"Fresh825",-18.8,-39.418,0,"ʚEveɞ",-13.269,-65.125,0,"Megu3568",18.303,-44.358,0,"Yaksok~",15.026,-62.208,0,"IbikiKai_JP",49.089,-99.66,0,"Gonyong",5.936,-123.386,0,"SOM_candy",-39.861,-102.879,0,0,0,0,0,0,"",0,0,0,0,0,0,0,0,0,0
44,2,1,2,0,2,1,2,1,0,0,6,255,255,32,2993.167,"인생최패망자",R,14,96,1.142,-0.39,-0.085,2.008,-36.566,2,0,324.944,333.72,0,0,0,1,0,8,L,"Sabo_10",184.8,94,0.497,2,58,2994.29,197,17,130,77,41,168,150,115,-5.907,-44.448,0.94,0.08,-0.108,0.251,0,-0.057,-37.24,0,"Pring__",0.146,-16.807,0,"Fresh825",-18.748,-39.537,0,"ʚEveɞ",-13.155,-64.937,0,"Megu3568",17.446,-44.004,0,"Yaksok~",15.359,-61.329,0,"IbikiKai_JP",49.028,-99.566,0,"Gonyong",5.962,-123.327,0,"SOM_candy",-39.999,-103.083,0,2993.291,6.889,-28.018,2994.774,-1,"썬써니_",19.478,-42.098,0,0,0,0,0,0,0,2
45,2,0,2,0,0,0,0,0,0,0,255,255,255,11,3044.633,"Slaris",R,13,110,-3.086,-0.837,-0.09,1.754,-36.405,1,0,-365.296,341.407,0,0,0,0,5,0,R,"인생최패망자",190,80,0.401,0,57,0,0,0,0,0,0,0,0,0,0,0,0,0,0,0,0,-0.162,-37.569,0,"coder_",-0.091,-16.95,0,"アリアル",-22.475,-46.805,0,"ke ro",-11.258,-61.732,0,"_이누_",18.478,-49.91,0,"소솨소솨",13.234,-64.031,0,"じゃが一",37.791,-98.191,0,"아침땅_",-9.883,-111.989,0,"Sabo_10",-44.018,-93.245,0,0,0,0,0,0,"",0,0,0,0,0,0,0,0,0,0
46,2,0,2,0,1,0,0,0,0,0,255,255,255,12,3057.077,"Slaris",R,13,116,-2.373,-0.148,-0.124,1.813,-36.242,1,0,-370.631,335.609,0,0,0,0,5,0,R,"인생최패망자",190,80,0.401,0,57,0,0,0,0,0,0,0,0,0,0,0,0,0,0,0,0,-0.186,-37.556,0,"coder_",0.378,-17.299,0,"アリアル",-22.338,-46.643,0,"ke ro",-11.277,-61.768,0,"_이누_",18.99,-50.548,0,"소솨소솨",12.712,-64.838,0,"じゃが一",37.346,-98.55,0,"아침땅_",-9.874,-111.979,0,"Sabo_10",-44.235,-93.987,0,0,0,0,0,0,"",0,0,0,0,0,0,0,0,0,0
47,2,0,2,0,2,0,0,0,0,0,255,255,255,13,3071.64,"Slaris",R,26,139,2.517,0.64,0.098,1.797,-36.309,2,0,30.501,-170.477,0,0,0,1,5,0,R,"인생최패망자",190,80,0.401,3,57,3072.666,114,24,105,128,86,123,143,99,43.852,-42.945,-0.35,-0.074,-0.056,0.06,0,0.285,-36.419,0,"coder_",-0.01,-17.225,0,"アリアル",-22.32,-46.637,0,"ke ro",-11.209,-61.674,0,"_이누_",18.875,-50.585,0,"소솨소솨",13.294,-64.479,0,"じゃが一",37.485,-98.62,0,"아침땅_",-10.455,-111.635,0,"Sabo_10",-44.176,-93.572,0,3076.608,50.508,-82.672,3077.691,-1,"썬써니_",49.031,-82.574,0,0,0,0,0,0,0,1
48,2,0,2,0,0,0,1,0,0,0,255,255,255,14,3136.566,"Slaris",R,28,131,0.511,0.649,-0.005,1.818,-36.366,2,0,77.836,-80.042,0,0,0,1,6,8,L,"SOM_candy",179.8,85.364,0.503,3,58,3137.647,123,16,84,78,59,91,141,129,25.527,-3.861,0.47,0.005,0.074,0.02,0,-0.012,-36.631,0,"coder_",-0.157,-17.42,0,"アリアル",-22.494,-46.716,0,"ke ro",-6.618,-64.557,0,"_이누_",21.908,-50.466,0,"소솨소솨",15.206,-63.389,0,"じゃが一",45.583,-94.258,0,"아침땅_",5.928,-109.1,0,"Sabo_10",-41.285,-88.342,0,3141.591,18.001,-133.597,3143.141,-1,"썬써니_",17.283,-124.216,1,0,0,0,0,0,0,2
49,2,0,2,0,0,0,1,0,1,0,255,17,255,15,3194.385,"Slaris",R,26,136,-1.588,0.184,-0.271,1.633,-36.405,1,0,-152.511,-200,0,0,0,0,7,6,L,"IbikiKai_JP",174.9,90,0.5,0,58,0,0,0,0,0,0,0,0,0,0,0,0,0,0,0,0,-0.25,-37.654,0,"coder_",-0.008,-17.154,0,"アリアル",-21.904,-45.854,0,"ke ro",-0.866,-61.236,0,"_이누_",19.339,-46.643,0,"소솨소솨",14.731,-63.614,0,"じゃが一",44.744,-88.669,0,"아침땅_",8.564,-106.642,0,"Sabo_10",-40.488,-87.56,0,0,0,0,0,0,"",0,0,0,0,0,0,0,0,0,0
50,2,0,2,0,1,0,1,0,1,0,255,17,255,16,3212.378,"Slaris",R,28,130,0.75,1.07,0.043,1.915,-36.613,2,0,76.016,-99.64,0,0,0,1,7,6,L,"IbikiKai_JP",174.9,90,0.5,3,58,3213.486,206,19,85,91,16,132,150,101,113.612,-3.847,-0.01,-0.02,-0.002,0.13,0,-0.133,-36.939,0,"coder_",-0.023,-17.305,0,"アリアル",-21.869,-45.824,0,"ke ro",-5.238,-61.184,0,"_이누_",18.306,-46.814,0,"소솨소솨",14.47,-63.464,0,"じゃが一",44.836,-88.717,0,"아침땅_",8.567,-106.649,0,"Sabo_10",-43.66,-90.192,0,0,0,0,0,0,"",0,0,0,0,0,0,0,0,0,3
51,2,0,2,0,1,1,1,0,1,0,255,17,255,17,3236.994,"Slaris",R,26,137,-0.563,-1.614,-0.104,1.905,-36.563,2,0,-29.309,-154.092,0,0,0,1,7,6,L,"IbikiKai_JP",174.9,90,0.5,3,58,3238.094,135,18,96,52,5,48,140,89,33.281,4.24,-0.49,0.014,0.015,0.236,0,-0.292,-36.849,0,"coder_",-0.017,-17.339,0,"アリアル",-22.67,-46.439,0,"ke ro",-4.79,-62.284,0,"_이누_",19.167,-48.177,0,"소솨소솨",15.837,-63.038,0,"じゃが一",42.949,-86.87,0,"아침땅_",8.401,-106.244,0,"Sabo_10",-43.907,-90.127,0,3241.674,-3.903,-89.278,3246.658,-1,"썬써니_",-2.808,-116.377,1,0,0,0,0,0,0,2
52,2,0,2,1,0,0,1,1,0,0,15,255,255,18,3287.717,"Slaris",R,27,139,0.276,0.247,-0.104,1.905,-36.563,0,0,39.724,-121.6,0,0,0,0,8,2,L,"Fresh825",172.7,80,0.2,0,86,0,0,0,0,0,0,0,0,0,0,0,0,0,0,0,0,-0.232,-37.325,0,"coder_",-0.049,-17.215,0,"アリアル",-20.852,-43.996,0,"ke ro",-5.321,-62.816,0,"_이누_",20.637,-48.708,0,"소솨소솨",14.581,-64.504,0,"じゃが一",49.322,-92.105,0,"아침땅_",9.127,-105.03,0,"Sabo_10",-39.798,-84.632,0,0,0,0,0,0,"",0,0,0,0,0,0,0,0,0,0
53,2,0,2,1,0,1,1,1,0,0,15,255,255,18,3305.835,"Slaris",R,27,131,-1.375,0.395,-0.116,1.83,-36.551,2,0,-17.123,-142.978,0,0,0,1,8,2,L,"Fresh825",172.7,80,0.2,3,86,3306.898,241,9,89,43,37,52,140,90,40.839,-19.648,-0.37,0.019,-0.032,0.134,0,-0.368,-37.156,0,"coder_",-0.1,-17.497,0,"アリアル",-20.138,-43.142,0,"ke ro",-5.249,-62.684,0,"_이누_",20.633,-48.553,0,"소솨소솨",14.579,-64.324,0,"じゃが一",49.356,-92.089,0,"아침땅_",7.992,-106.275,0,"Sabo_10",-40.51,-88.748,0,3310.808,27.493,-82.168,3312.824,-1,"썬써니_",30.197,-94.497,1,0,0,0,0,0,0,2
54,2,0,2,1,0,0,1,1,1,0,11,15,255,19,3360.92,"Slaris",R,27,130,3.537,1.132,-0.128,1.779,-36.539,2,0,22.426,-143.001,0,0,0,1,0,3,L,"ʚEveɞ",164.7,85.429,0.35,2,81,3361.975,255,17,106,20,0,228,140,92,23.087,-27.376,-0.11,0.067,-0.039,0.412,0,-0.369,-37.051,0,"coder_",-0.338,-17.389,0,"アリアル",-20.428,-42.989,0,"ke ro",-5.558,-62.636,0,"_이누_",18.628,-47.651,0,"소솨소솨",15.247,-63.102,0,"じゃが一",41.902,-89.736,0,"아침땅_",8.012,-105.671,0,"Sabo_10",-42.356,-88.498,0,0,0,0,3365.291,-1,"썬써니_",33.542,-82.988,0,0,0,0,0,0,0,1
55,2,0,2,1,0,0,2,1,1,0,11,15,255,20,3399.282,"Slaris",R,26,140,0.279,1.386,-0.084,1.861,-36.548,2,0,-6.948,-200,0,0,0,1,1,4,R,"Megu3568",175.3,86,0.404,3,58,3400.428,243,15,85,41,18,96,140,111,25.483,26.399,0.83,0.014,0.072,0.246,0,-0.255,-36.886,0,"coder_",-0.041,-17.475,0,"アリアル",-20.948,-45.647,0,"ke ro",-8.76,-62.531,0,"_이누_",19.03,-49.726,0,"소솨소솨",13.202,-64.575,0,"じゃが一",38.665,-91.34,0,"아침땅_",-8.607,-107.366,0,"Sabo_10",-41.746,-92.287,0,3404.041,-59.156,-98.722,3405.458,-1,"썬써니_",-57.074,-96.852,1,0,0,0,0,0,0,2
56,2,0,2,2,0,0,2,0,1,1,255,13,11,21,3459.35,"Slaris",R,13,119,-1.963,-1.852,-0.046,1.587,-36.373,4,0,-364.547,342.207,0,-0.561,-17.611,1,2,7,R,"Gonyong",174.6,80,0.2,0,58,0,0,0,0,0,0,0,0,0,0,0,0,0,0,0,0,-0.231,-37.459,0,"coder_",-0.396,-17.59,0,"アリアル",-21.579,-44.699,0,"ke ro",-10.122,-61.686,0,"_이누_",18.306,-49.42,0,"소솨소솨",10.909,-64.785,0,"じゃが一",39.95,-93.007,0,"아침땅_",-10.955,-107.594,0,"Sabo_10",-44.833,-92.916,0,0,0,0,0,0,"",0,0,0,0,0,0,0,0,0,0
57,2,0,2,2,0,1,2,0,1,1,255,13,11,22,3478.477,"Slaris",R,3,119,2.099,0.343,0.227,1.745,-36.405,1,0,-346.926,0,0,-0.036,-10.659,0,2,7,R,"Gonyong",174.6,80,0.2,0,58,0,0,0,0,0,0,0,0,0,0,0,0,0,0,0,0,0.045,-37.225,0,"coder_",0.282,-15.218,0,"アリアル",-21.765,-45.093,0,"ke ro",-10.449,-61.005,0,"_이누_",19.236,-46.914,0,"소솨소솨",10.076,-65.01,0,"じゃが一",40.95,-92.65,0,"아침땅_",-13.077,-108.081,0,"Sabo_10",-42.818,-91.262,0,0,0,0,0,0,"",0,0,0,0,0,0,0,0,0,0
58,2,0,2,2,1,1,2,0,1,1,255,13,11,23,3502.113,"Slaris",R,13,103,-3.396,-0.48,-0.055,1.823,-36.649,1,0,-365.589,312.348,0,0,0,0,2,7,R,"Gonyong",174.6,80,0.2,0,58,0,0,0,0,0,0,0,0,0,0,0,0,0,0,0,0,-0.209,-37.477,0,"coder_",-0.383,-16.907,0,"アリアル",-22.122,-46.368,0,"ke ro",-8.75,-61.335,0,"_이누_",17.929,-47.491,0,"소솨소솨",7.522,-64.603,0,"じゃが一",36.262,-90.186,0,"아침땅_",-14.28,-108.145,0,"Sabo_10",-44.266,-94.575,0,0,0,0,0,0,"",0,0,0,0,0,0,0,0,0,0
59,2,0,2,2,2,1,2,0,1,1,255,13,11,24,3527.407,"Slaris",R,34,124,3.097,1.189,0.174,1.832,-36.738,1,0,99.999,-61.801,0,0,0,0,2,7,R,"Gonyong",174.6,80,0.2,0,58,0,0,0,0,0,0,0,0,0,0,0,0,0,0,0,0,-0.305,-37.41,0,"coder_",1.461,-18.341,0,"アリアル",-21.805,-45.411,0,"ke ro",-8.943,-60.939,0,"_이누_",18.202,-47.754,0,"소솨소솨",10.637,-65.767,0,"じゃが一",38.316,-89.234,0,"아침땅_",-13.246,-107.087,0,"Sabo_10",-44.368,-93.652,0,0,0,0,0,0,"",0,0,0,0,0,0,0,0,0,0
60,2,0,2,2,3,1,2,0,1,1,255,13,11,25,3548.531,"Slaris",R,26,136,0.391,-0.153,0.043,1.727,-36.483,2,0,107.142,-186.248,0,0,0,1,2,7,R,"Gonyong",174.6,80,0.2,3,58,3549.383,196,13,81,58,11,78,141,95,30.307,25.309,-0.16,-0.006,0.01,0.025,0,-0.425,-36.796,0,"coder_",-0.065,-17.402,0,"アリアル",-22.744,-46.124,0,"ke ro",-3.16,-60.209,0,"_이누_",18.457,-48.344,0,"소솨소솨",13.026,-64.343,0,"じゃが一",38.09,-88.769,0,"아침땅_",-13.382,-106.978,0,"Sabo_10",-46.11,-94.216,0,3552.791,-44.612,-84.46,3553.474,-1,"썬써니_",-44.032,-84.346,0,0,0,0,0,0,0,1
61,3,1,2,2,0,0,0,0,0,0,255,255,255,34,3610.05,"인생최패망자",R,13,95,-0.473,-0.22,0.149,1.861,-36.628,2,0,-309.619,348.531,0,0,0,1,1,0,R,"Slaris",190,86.36,0.452,3,58,3611.123,176,14,109,76,36,117,150,130,31.218,-11.89,0.63,0.052,-0.08,0.108,0,-0.204,-37.378,0,"Pring__",-0.181,-16.975,0,"Fresh825",-22.259,-46.377,0,"ʚEveɞ",-13.244,-64.946,0,"Megu3568",18.919,-46.051,0,"Yaksok~",10.933,-63.374,0,"IbikiKai_JP",30.723,-102.157,0,"Gonyong",-1.738,-116.613,0,"SOM_candy",-38.433,-83.608,0,0,0,0,3615.658,-1,"썬써니_",9.556,-128.719,0,0,0,0,0,0,0,1
62,3,1,2,2,0,0,1,0,0,0,255,255,255,35,3639.562,"인생최패망자",R,26,140,0.741,0.271,0.079,1.691,-36.336,2,0,-35.932,-200,0,0,0,1,2,2,R,"アリアル",190,94.5,0.5,2,58,3640.312,255,19,177,65,25,255,150,97,30.929,-0.046,-0.5,0.032,0.007,0.188,0,0.055,-37.069,0,"Pring__",0.096,-16.783,0,"Fresh825",-24.215,-48.67,0,"ʚEveɞ",-13.112,-65.109,0,"Megu3568",18.157,-45.994,0,"Yaksok~",12.095,-63.646,0,"IbikiKai_JP",39.433,-91.745,0,"Gonyong",2.277,-115.905,0,"SOM_candy",-44.173,-85.498,0,3644.074,8.175,-97.577,3644.741,-1,"썬써니_",6.734,-97.519,0,0,0,0,0,0,0,1
63,3,1,2,2,0,0,2,0,0,0,255,255,255,36,3670.179,"인생최패망자",R,14,94,1.811,-0.868,0.006,1.85,-36.501,1,0,292.685,364.268,0,0,0,0,3,1,R,"coder_",190,89.702,0.398,0,58,0,0,0,0,0,0,0,0,0,0,0,0,0,0,0,0,0.199,-37.473,0,"Pring__",0.085,-16.991,0,"Fresh825",-22.732,-46.381,0,"ʚEveɞ",-13.3,-64.878,0,"Megu3568",18.292,-45.467,0,"Yaksok~",11.318,-64.256,0,"IbikiKai_JP",38.449,-103.724,0,"Gonyong",-6.826,-108.818,0,"SOM_candy",-38.573,-82.396,0,0,0,0,0,0,"",0,0,0,0,0,0,0,0,0,0
64,3,1,2,2,1,0,2,0,0,0,255,255,255,37,3688.026,"인생최패망자",R,26,135,0.766,1.25,0.067,1.878,-36.384,4,0,14.236,-200,0,0,0,1,3,1,R,"coder_",190,89.702,0.398,0,58,0,0,0,0,0,0,0,0,0,0,0,0,0,0,0,0,-0.054,-38.15,0,"Pring__",0.051,-16.819,0,"Fresh825",-22.701,-46.326,0,"ʚEveɞ",-13.312,-64.876,0,"Megu3568",18.084,-45.462,0,"Yaksok~",10.899,-64.494,0,"IbikiKai_JP",38.255,-103.728,0,"Gonyong",-6.861,-108.869,0,"SOM_candy",-40.555,-84.547,0,0,0,0,0,0,"",0,0,0,0,0,0,0,0,0,0
65,3,1,2,2,1,1,2,0,0,0,255,255,255,38,3703.701,"인생최패망자",R,10,77,1.824,-0.667,0.254,1.841,-36.394,2,0,0,400,0,0,0,1,3,1,R,"coder_",190,89.702,0.398,3,58,3705.008,233,23,134,91,54,138,150,129,2.402,-1.833,0.37,0.042,0.115,0.166,0,0.378,-37.592,0,"Pring__",0.093,-16.876,0,"Fresh825",-22.556,-46.292,0,"ʚEveɞ",-12.858,-63.778,0,"Megu3568",18.05,-45.338,0,"Yaksok~",10.9,-64.506,0,"IbikiKai_JP",38.261,-103.724,0,"Gonyong",-6.817,-108.914,0,"SOM_candy",-38.597,-82.439,0,3704.674,-0.05,-52.841,3707.158,-1,"썬써니_",-1.676,-102.055,1,0,0,0,0,0,0,2
66,3,1,2,2,0,0,2,1,0,0,1,255,255,39,3755.809,"인생최패망자",R,13,107,-0.521,-0.854,0.087,1.689,-36.513,0,0,-322.854,373.95,0,-0.299,-16.554,1,4,4,R,"_이누_",190,90.187,0.5,0,77,0,0,0,0,0,0,0,0,0,0,0,0,0,0,0,0,-0.132,-38.048,0,"Pring__",-0.1,-17,0,"Fresh825",-18.945,-39.836,0,"ʚEveɞ",-13.243,-65.125,0,"Megu3568",17.997,-44.838,0,"Yaksok~",4.673,-61.696,0,"IbikiKai_JP",32.988,-92.372,0,"Gonyong",-1.168,-108.758,0,"SOM_candy",-40.877,-83.402,0,0,0,0,0,0,"",0,0,0,0,0,0,0,0,0,0
67,3,1,2,2,0,1,2,1,0,0,1,255,255,40,3770.344,"인생최패망자",R,10,85,0.588,-0.998,0.209,1.787,-36.712,1,0,-54.316,400,0,0.071,-17.83,0,4,4,R,"_이누_",190,90.187,0.5,0,77,0,0,0,0,0,0,0,0,0,0,0,0,0,0,0,0,0.016,-37.282,0,"Pring__",-0.151,-16.865,0,"Fresh825",-18.912,-39.781,0,"ʚEveɞ",-13.192,-65.007,0,"Megu3568",18.02,-44.867,0,"Yaksok~",5.102,-62.103,0,"IbikiKai_JP",32.975,-92.38,0,"Gonyong",-1.083,-108.423,0,"SOM_candy",-40.833,-83.489,0,0,0,0,0,0,"",0,0,0,0,0,0,0,0,0,0
68,3,1,2,2,0,2,2,1,0,0,1,255,255,41,3788.986,"인생최패망자",R,26,132,0.852,0.805,0.085,1.79,-36.438,0,0,-18.96,-200,0,0,0,1,4,4,R,"_이누_",190,90.187,0.5,0,77,0,0,0,0,0,0,0,0,0,0,0,0,0,0,0,0,-0.375,-37.939,0,"Pring__",0.267,-17.073,0,"Fresh825",-18.893,-39.759,0,"ʚEveɞ",-13.202,-65.027,0,"Megu3568",18.239,-43.636,0,"Yaksok~",3.438,-61.265,0,"IbikiKai_JP",32.987,-92.381,0,"Gonyong",-1.089,-108.432,0,"SOM_candy",-40.364,-83.01,0,0,0,0,0,0,"",0,0,0,0,0,0,0,0,0,0
69,3,0,2,2,0,0,0,0,0,0,255,255,255,26,3841.066,"Slaris",R,14,126,3.791,-2.247,-0.291,1.176,-36.2,1,0,390.434,312.348,0,0.796,-19.409,0,3,1,L,"Pring__",180.3,94.516,0.485,0,58,0,0,0,0,0,0,0,0,0,0,0,0,0,0,0,0,0.071,-36.91,0,"coder_",0.296,-17.075,0,"アリアル",-23.063,-47.358,0,"ke ro",-10.039,-65.996,0,"_이누_",21.093,-49.588,0,"소솨소솨",14.251,-63.021,0,"じゃが一",48.555,-93.328,0,"아침땅_",10.38,-112.13,0,"Sabo_10",-42.674,-101.839,0,0,0,0,0,0,"",0,0,0,0,0,0,0,0,0,0
70,3,0,2,2,1,0,0,0,0,0,255,255,255,27,3855.923,"Slaris",R,27,133,-0.453,0.064,-0.222,1.65,-36.273,2,0,-47.14,-104.375,0,0,0,1,3,1,L,"Pring__",180.3,94.516,0.485,3,58,3856.685,229,18,169,101,53,255,150,126,37.387,-23.176,0.67,0.008,-0.045,0.28,0,-0.254,-36.77,0,"coder_",-0.238,-17.278,0,"アリアル",-23.03,-47.309,0,"ke ro",-9.954,-65.843,0,"_이누_",21.326,-49.468,0,"소솨소솨",14.502,-63.761,0,"じゃが一",48.706,-93.214,0,"아침땅_",8.207,-112.055,0,"Sabo_10",-42.396,-100.188,0,3861.724,56.131,-117.585,0,0,"",0,0,0,0,0,0,0,0,0,4
71,3,0,2,3,0,0,0,0,0,0,255,255,255,28,3897.415,"Slaris",R,26,138,0.126,0.941,-0.035,1.909,-36.498,0,0,-64.486,-151.827,0,0,0,0,4,5,R,"Yaksok~",172.8,98.809,0.303,0,58,0,0,0,0,0,0,0,0,0,0,0,0,0,0,0,0,0.034,-36.803,0,"coder_",0.151,-17.064,0,"アリアル",-21.618,-45.197,0,"ke ro",-9.746,-63.455,0,"_이누_",19.579,-51.858,0,"소솨소솨",14.121,-64.184,0,"じゃが一",45.023,-99.734,0,"아침땅_",-11.879,-107.444,0,"Sabo_10",-43.55,-95.226,0,0,0,0,0,0,"",0,0,0,0,0,0,0,0,0,0
72,3,0,2,3,0,1,0,0,0,0,255,255,255,29,3913.48,"Slaris",R,26,135,4.121,5.834,-0.014,1.697,-36.274,2,0,5.02,-200,0,0,0,1,4,5,R,"Yaksok~",172.8,98.809,0.303,3,64,3914.324,63,21,56,71,9,42,93,94,-17.203,-0.052,0.18,-0.076,-0.049,0.167,0,-0.01,-36.585,0,"coder_",0.15,-17.287,0,"アリアル",-22.094,-45.592,0,"ke ro",-9.679,-63.584,0,"_이누_",19.373,-50.264,0,"소솨소솨",13.455,-63.907,0,"じゃが一",43.201,-94.84,0,"아침땅_",-9.217,-107.725,0,"Sabo_10",-44.139,-93.653,0,3913.074,0.125,-22.507,3919.724,-1,"썬써니_",36.622,-83.25,1,0,0,0,0,0,0,2
73,3,0,2,3,0,0,0,1,0,0,14,255,255,30,3962.159,"Slaris",R,13,112,-3.858,-1.385,-0.241,1.604,-36.402,4,0,-362.257,344.631,0,-0.933,-17.148,1,5,0,R,"인생최패망자",190,80,0.401,0,58,0,0,0,0,0,0,0,0,0,0,0,0,0,0,0,0,-1.056,-38.327,0,"coder_",-1.745,-18.786,0,"アリアル",-20.551,-44.133,0,"ke ro",-8.386,-60.176,0,"_이누_",18.32,-49.908,0,"소솨소솨",3.589,-62.337,0,"じゃが一",41.718,-95.554,0,"아침땅_",-14.54,-109.74,0,"Sabo_10",-42.258,-89.496,0,0,0,0,0,0,"",0,0,0,0,0,0,0,0,0,0
74,3,0,2,3,0,1,0,1,0,0,14,255,255,31,4065.916,"Slaris",R,26,139,1.107,-0.853,-0.027,1.563,-36.301,2,0,-61.855,-200,0,0,0,1,5,0,R,"인생최패망자",190,80,0.401,3,58,4066.906,173,17,127,101,44,139,150,100,29.281,-43.856,-0.34,-0.033,-0.105,0.047,0,-0.448,-37.19,0,"coder_",-0.104,-17.381,0,"アリアル",-19.294,-41.098,0,"ke ro",-9.06,-62.293,0,"_이누_",18.325,-49.975,0,"소솨소솨",9.405,-62.213,0,"じゃが一",36.332,-90.313,0,"아침땅_",-15.63,-108.319,0,"Sabo_10",-45.53,-90.359,0,0,0,0,4070.308,-1,"썬써니_",45.974,-86.786,0,0,0,0,0,0,0,1
75,3,0,2,3,0,0,1,1,0,0,14,255,255,32,4122.083,"Slaris",R,14,116,3.174,-0.752,0.017,1.677,-36.427,4,0,369.551,336.796,0,0.916,-17.454,1,6,8,L,"SOM_candy",180.4,85.364,0.503,0,58,0,0,0,0,0,0,0,0,0,0,0,0,0,0,0,0,0.036,-37.533,0,"coder_",1.011,-17.468,0,"アリアル",-21.639,-43.822,0,"ke ro",-2.974,-60.97,0,"_이누_",18.868,-46.906,0,"소솨소솨",14.405,-62.669,0,"じゃが一",43.558,-93.038,0,"아침땅_",6.943,-109.339,0,"Sabo_10",-39.644,-90.042,0,0,0,0,0,0,"",0,0,0,0,0,0,0,0,0,0
76,3,0,2,3,0,1,1,1,0,0,14,255,255,33,4162.598,"Slaris",R,14,115,4.75,-1.247,0.079,1.686,-36.489,2,0,360.944,346.005,0,0,0,1,6,8,L,"SOM_candy",180.4,85.364,0.503,3,58,4163.719,202,6,118,70,70,233,150,116,-21.323,-43.412,0.88,0.013,0.076,0.048,0,0.038,-36.835,0,"coder_",0.21,-17.462,0,"アリアル",-19.944,-42.966,0,"ke ro",-3.893,-62.319,0,"_이누_",20.43,-48.471,0,"소솨소솨",11.942,-63.855,0,"じゃが一",45.854,-92.143,0,"아침땅_",7.394,-110.17,0,"Sabo_10",-39.744,-90.143,0,4162.458,1.956,-20.951,4164.274,-1,"썬써니_",20.7,-46.663,0,0,0,0,0,0,0,2
77,3,0,2,3,0,0,2,0,1,0,255,14,255,34,4204.67,"Slaris",R,26,124,-1.059,0.631,-0.049,1.861,-36.681,0,0,10.796,-200,0,0,0,0,7,6,L,"IbikiKai_JP",174.9,90,0.5,0,58,0,0,0,0,0,0,0,0,0,0,0,0,0,0,0,0,-0.258,-37.638,0,"coder_",0.623,-19.252,0,"アリアル",-22.059,-46.16,0,"ke ro",-0.803,-59.217,0,"_이누_",21.374,-48.493,0,"소솨소솨",15.425,-62.763,0,"じゃが一",43.4,-88.817,0,"아침땅_",9.126,-102.589,0,"Sabo_10",-33.882,-85.433,0,0,0,0,0,0,"",0,0,0,0,0,0,0,0,0,0
78,3,0,2,3,0,1,2,0,1,0,255,14,255,35,4223.304,"Slaris",R,10,119,1.763,-1.573,0.093,1.665,-36.428,4,0,71.072,400,0,0.354,-17.347,1,7,6,L,"IbikiKai_JP",174.9,90,0.5,0,58,0,0,0,0,0,0,0,0,0,0,0,0,0,0,0,0,0.014,-37.188,0,"coder_",0.35,-17.634,0,"アリアル",-22.145,-45.439,0,"ke ro",-0.5,-59.499,0,"_이누_",19.35,-44.686,0,"소솨소솨",15.874,-63.16,0,"じゃが一",43.458,-88.779,0,"아침땅_",9.087,-103.259,0,"Sabo_10",-34.436,-85.78,0,0,0,0,0,0,"",0,0,0,0,0,0,0,0,0,0
79,3,0,2,3,0,2,2,0,1,0,255,14,255,36,4242.075,"Slaris",R,14,105,3.252,-0.83,0.025,1.711,-36.418,4,0,340.347,350.527,0,0,0,1,7,6,L,"IbikiKai_JP",174.9,90,0.5,0,58,0,0,0,0,0,0,0,0,0,0,0,0,0,0,0,0,-0.01,-37.5,0,"coder_",0.399,-17.519,0,"アリアル",-22.389,-45.98,0,"ke ro",-0.669,-59.729,0,"_이누_",19.729,-45.136,0,"소솨소솨",15.95,-62.483,0,"じゃが一",45.287,-88.672,0,"아침땅_",10.147,-103.229,0,"Sabo_10",-31.118,-91.46,0,0,0,0,0,0,"",0,0,0,0,0,0,0,0,0,0
80,4,1,2,3,0,0,0,0,0,0,255,255,255,42,4296.013,"인생최패망자",R,10,107,1.74,0.269,0.189,2.028,-36.564,1,0,0,400,0,0,0,0,5,7,R,"아침땅_",160,95,0.5,0,58,0,0,0,0,0,0,0,0,0,0,0,0,0,0,0,0,0.003,-37.667,0,"Pring__",0.102,-16.946,0,"Fresh825",-22.703,-47.073,0,"ʚEveɞ",-13.007,-64.966,0,"Megu3568",18.623,-46.255,0,"Yaksok~",8.707,-63.221,0,"IbikiKai_JP",35.224,-87.178,0,"Gonyong",-7.29,-107.538,0,"SOM_candy",-40.507,-85.4,0,0,0,0,0,0,"",0,0,0,0,0,0,0,0,0,0
81,4,1,2,3,1,0,0,0,0,0,255,255,255,43,4309.059,"인생최패망자",R,10,98,1.171,-1.793,0.163,1.59,-36.415,2,0,0,400,0,0,0,1,5,7,R,"아침땅_",160,95,0.5,2,58,4310.062,135,14,146,60,35,255,150,113,-14.322,-14.154,0.82,0.023,-0.047,0.054,0,-0.004,-37.183,0,"Pring__",0.079,-17.018,0,"Fresh825",-22.841,-47.109,0,"ʚEveɞ",-13.032,-65.018,0,"Megu3568",18.543,-46.276,0,"Yaksok~",11.237,-62.971,0,"IbikiKai_JP",35.191,-87.204,0,"Gonyong",-7.427,-107.757,0,"SOM_candy",-40.696,-85.726,0,4308.758,0.693,-22.097,4310.708,-1,"썬써니_",10.536,-59.609,0,0,0,0,0,0,0,2
82,4,1,2,3,0,0,1,0,0,0,255,255,255,44,4332.637,"인생최패망자",R,26,134,1.323,0.825,0.112,1.791,-36.403,2,0,33.464,-200,0,0,0,1,6,3,R,"ke ro",160,80,0.319,2,58,4333.619,173,11,99,41,20,180,141,88,100.866,-4.818,-0.24,-0.011,-0.026,0.175,0,0.07,-37.258,0,"Pring__",0.098,-16.983,0,"Fresh825",-22.18,-44.97,0,"ʚEveɞ",-13.141,-64.925,0,"Megu3568",17.914,-45.528,0,"Yaksok~",12.322,-63.224,0,"IbikiKai_JP",32.239,-87.549,0,"Gonyong",-2.707,-108.927,0,"SOM_candy",-42.633,-89.093,0,0,0,0,0,0,"",0,0,0,0,0,0,0,0,0,3
83,4,1,2,3,0,1,1,0,0,0,255,255,255,45,4354.355,"인생최패망자",R,26,140,0.66,0.556,0.054,1.713,-36.329,0,0,25.264,-200,0,0,0,1,6,3,R,"ke ro",160,80,0.319,0,58,0,0,0,0,0,0,0,0,0,0,0,0,0,0,0,0,0.061,-38.024,0,"Pring__",0.022,-16.962,0,"Fresh825",-23.395,-46.039,0,"ʚEveɞ",-13.149,-64.88,0,"Megu3568",17.464,-44.032,0,"Yaksok~",8.764,-63.728,0,"IbikiKai_JP",31.569,-88.088,0,"Gonyong",-3.526,-101.473,0,"SOM_candy",-46.572,-83.737,0,0,0,0,0,0,"",0,0,0,0,0,0,0,0,0,0
84,4,1,2,3,0,2,1,0,0,0,255,255,255,46,4364.407,"인생최패망자",R,13,97,-1.135,-0.716,0.081,1.764,-36.465,0,0,-344.292,312.348,0,0,0,1,6,3,R,"ke ro",160,80,0.319,0,58,0,0,0,0,0,0,0,0,0,0,0,0,0,0,0,0,-0.278,-37.905,0,"Pring__",-0.065,-16.995,0,"Fresh825",-22.385,-44.747,0,"ʚEveɞ",-13.124,-64.86,0,"Megu3568",18.232,-43.842,0,"Yaksok~",8.081,-63.271,0,"IbikiKai_JP",31.59,-88.135,0,"Gonyong",-1.872,-101.292,0,"SOM_candy",-46.56,-83.789,0,0,0,0,0,0,"",0,0,0,0,0,0,0,0,0,0
85,4,1,2,3,0,0,2,0,0,0,255,255,255,47,4383.136,"인생최패망자",R,13,99,0.72,-0.814,0.319,1.729,-36.64,2,0,-321.672,349.65,0,0,0,1,7,5,R,"소솨소솨",174.6,89.748,0.5,2,58,4384.048,255,29,177,116,34,255,150,92,-16.167,-9.092,-0.47,0.03,-0.058,0.091,0,0.062,-37.26,0,"Pring__",0.086,-17.005,0,"Fresh825",-23.072,-45.91,0,"ʚEveɞ",-14.288,-64.353,0,"Megu3568",17.938,-45.647,0,"Yaksok~",10.5,-62.738,0,"IbikiKai_JP",39.668,-89.99,0,"Gonyong",-3.475,-110.875,0,"SOM_candy",-39.827,-81.98,0,4382.875,0.508,-23.154,4385.208,-1,"썬써니_",6.755,-61.863,0,128,0,0,0,0,0,2
86,4,0,2,3,0,0,0,0,0,0,255,255,255,37,4440.35,"Slaris",R,26,140,2.455,0.43,0.073,1.689,-36.293,2,0,20.417,-200,0,0,0,1,8,2,L,"Fresh825",172.7,80,0.2,3,86,4441.325,224,14,83,55,42,44,141,104,26.52,-17.911,0.94,0.01,-0.077,0.083,0,0.094,-36.373,0,"coder_",0.3,-17.225,0,"アリアル",-21.752,-46.033,0,"ke ro",-8.287,-64.445,0,"_이누_",19.974,-47.748,0,"소솨소솨",14.553,-63.432,0,"じゃが一",44.239,-92.598,0,"아침땅_",8.051,-106.858,0,"Sabo_10",-41.123,-90.775,0,0,0,0,4446.041,-1,"썬써니_",37.813,-98.834,0,0,0,0,0,0,0,1
87,4,0,2,3,0,0,1,0,0,0,255,255,255,38,4478.14,"Slaris",R,26,140,-3.416,-0.331,-0.497,1.475,-36.217,1,0,-150.551,-200,0,0,0,0,0,3,L,"ʚEveɞ",164.7,85.429,0.35,0,80,0,0,0,0,0,0,0,0,0,0,0,0,0,0,0,0,-0.322,-37.733,0,"coder_",0.319,-17.312,0,"アリアル",-21.93,-44.666,0,"ke ro",-9.248,-63.821,0,"_이누_",17.968,-45.864,0,"소솨소솨",13.441,-58.653,0,"じゃが一",42.954,-88.183,0,"아침땅_",7.503,-103.182,0,"Sabo_10",-40.835,-89.697,0,0,0,0,0,0,"",0,0,0,0,0,0,0,0,0,0
88,4,0,2,3,1,0,1,0,0,0,255,255,255,39,4493.229,"Slaris",R,27,140,1.176,0.888,-0.195,1.815,-36.445,2,0,10.449,-128.338,0,0,0,1,0,3,L,"ʚEveɞ",164.7,85.429,0.35,3,80,4494.232,212,27,93,45,0,129,142,87,17.922,26.686,-0.43,0.042,-0.024,0.355,0,-0.449,-36.684,0,"coder_",-0.256,-17.276,0,"アリアル",-21.505,-44.752,0,"ke ro",-7.588,-63.988,0,"_이누_",17.993,-45.885,0,"소솨소솨",13.503,-62.814,0,"じゃが一",43.206,-88.557,0,"아침땅_",7.543,-103.206,0,"Sabo_10",-40.929,-89.764,0,4496.208,-19.115,-76.966,4503.424,-1,"썬써니_",-27.249,-122.673,1,0,0,0,0,0,0,2
89,4,0,2,3,0,0,1,0,0,1,255,255,12,40,4545.551,"Slaris",R,13,111,-3.018,-1.72,0.023,1.65,-36.606,1,0,-390.434,312.348,0,-0.718,-18.363,0,1,4,R,"Megu3568",175.3,86,0.404,0,58,0,0,0,0,0,0,0,0,0,0,0,0,0,0,0,0,-0.108,-38.044,0,"coder_",-0.157,-17.185,0,"アリアル",-22.742,-47.059,0,"ke ro",-8.081,-63.957,0,"_이누_",18.973,-43.98,0,"소솨소솨",11.329,-64.124,0,"じゃが一",41.182,-89.406,0,"아침땅_",-8.995,-109.183,0,"Sabo_10",-41.545,-89.294,0,0,0,0,0,0,"",0,0,0,0,0,0,0,0,0,0
90,4,0,2,3,1,0,1,0,0,1,255,255,12,41,4570.1,"Slaris",R,26,137,1.178,-0.084,-0.055,1.625,-36.393,0,0,-7.032,-199.232,0,0,0,0,1,4,R,"Megu3568",175.3,86,0.404,0,58,0,0,0,0,0,0,0,0,0,0,0,0,0,0,0,0,-0.124,-36.905,0,"coder_",1.277,-18.189,0,"アリアル",-22.581,-46.528,0,"ke ro",-9.077,-64.729,0,"_이누_",18.031,-47.127,0,"소솨소솨",13.011,-64.316,0,"じゃが一",40.736,-89.619,0,"아침땅_",-8.983,-109.154,0,"Sabo_10",-44.107,-93.3,0,0,0,0,0,0,"",0,0,0,0,0,0,0,0,0,0
91,4,0,2,3,1,1,1,0,0,1,255,255,12,42,4590.683,"Slaris",R,13,110,-1.874,-1.429,-0.119,1.564,-36.308,4,0,-383.268,321.101,0,0,0,1,1,4,R,"Megu3568",175.3,86,0.404,0,58,0,0,0,0,0,0,0,0,0,0,0,0,0,0,0,0,0.129,-37.992,0,"coder_",0.604,-18.07,0,"アリアル",-22.285,-45.639,0,"ke ro",-8.923,-64.211,0,"_이누_",18.744,-47.473,0,"소솨소솨",12.525,-63.917,0,"じゃが一",40.798,-89.485,0,"아침땅_",-8.998,-109.623,0,"Sabo_10",-41.545,-92.978,0,0,0,0,0,0,"",0,0,0,0,0,0,0,0,0,0
92,4,0,2,3,1,2,1,0,0,1,255,255,12,43,4639.446,"Slaris",R,13,111,-3.16,-2.727,-0.174,1.506,-36.394,1,0,-341.405,365.298,0,-0.57,-20.708,0,1,4,R,"Megu3568",175.3,86,0.404,0,81,0,0,0,0,0,0,0,0,0,0,0,0,0,0,0,0,-0.249,-38.065,0,"coder_",1.05,-17.98,0,"アリアル",-22.515,-45.971,0,"ke ro",-8.947,-64.786,0,"_이누_",17.004,-42.939,0,"소솨소솨",14.193,-62.985,0,"じゃが一",44.581,-91.204,0,"아침땅_",-9.41,-110.085,0,"Sabo_10",-42.11,-92.766,0,0,0,0,0,0,"",0,0,0,0,0,0,0,0,0,0
93,4,0,2,3,2,2,1,0,0,1,255,255,12,44,4664.654,"Slaris",R,27,137,1.169,-0.464,-0.061,1.609,-36.27,2,0,29.002,-116.364,0,0,0,0,1,4,R,"Megu3568",175.3,86,0.404,3,81,4665.752,255,19,106,60,28,145,150,128,-30,-33.252,0.64,-0.004,0.031,0.396,0,-0.514,-36.983,0,"coder_",-0.003,-17.599,0,"アリアル",-22.641,-46.453,0,"ke ro",-8.652,-64.376,0,"_이누_",18.237,-46.972,0,"소솨소솨",14.378,-63.113,0,"じゃが一",43.742,-87.375,0,"아침땅_",-9.891,-112.954,0,"Sabo_10",-43.041,-93.754,0,4664.408,0.863,-19.991,4666.107,-1,"썬써니_",17.606,-45.819,1,0,0,0,0,0,0,2
94,4,0,2,4,0,0,1,0,0,1,255,255,13,45,4733.669,"Slaris",R,26,130,1.362,-0.792,0.177,1.721,-36.456,2,0,40.534,-166.315,0,0,0,1,2,7,R,"Gonyong",174.6,80,0.2,3,51,4734.513,207,14,100,74,23,87,150,99,22.55,-25.223,-0.08,0.008,-0.005,0.057,0.048,-0.024,-36.553,0,"coder_",0.029,-17.14,0,"アリアル",-22.707,-45.932,0,"ke ro",-9.758,-62.523,0,"_이누_",17.004,-47.877,0,"소솨소솨",14.16,-64.121,0,"じゃが一",43.474,-86.969,0,"아침땅_",-7.333,-108.371,0,"Sabo_10",-38.689,-89.537,0,4736.357,22.061,-82.284,4741.991,-1,"썬써니_",22.824,-121.657,1,0,0,0,0,0,0,2
95,4,0,2,5,0,0,1,0,1,0,255,16,255,46,4774.67,"Slaris",R,26,136,-1.563,-0.097,-0.309,1.621,-36.507,1,0,-110.112,-196.707,0,0,0,0,3,1,L,"Pring__",180.3,94.516,0.485,0,58,0,0,0,0,0,0,0,0,0,0,0,0,0,0,0,0,-0.238,-37.829,0,"coder_",0.705,-19.284,0,"アリアル",-22.445,-45.561,0,"ke ro",-5.486,-63,0,"_이누_",20.026,-47.018,0,"소솨소솨",15.571,-63.35,0,"じゃが一",46.535,-93.96,0,"아침땅_",9.662,-113.03,0,"Sabo_10",-39.141,-98.481,0,0,0,0,0,0,"",0,0,0,0,0,0,0,0,0,0
96,4,0,2,5,0,0,1,1,1,0,10,16,255,47,4896.437,"Slaris",R,13,116,-1.449,-1.396,-0.074,1.537,-36.293,2,0,-390.434,312.348,0,0,0,1,4,5,R,"Yaksok~",172.8,98.809,0.303,3,64,4897.319,180,16,147,79,36,186,150,107,-6.844,-8.505,0.08,-0.126,-0.097,0.11,0,-0.355,-37.085,0,"coder_",-0.387,-17.331,0,"アリアル",-20.72,-42.922,0,"ke ro",-7.878,-63.74,0,"_이누_",17.667,-47,0,"소솨소솨",9.649,-61.577,0,"じゃが一",40.836,-89.287,0,"아침땅_",-6.371,-107.017,0,"Sabo_10",-40.154,-91.253,0,4896.091,0.295,-24.359,4898.891,-1,"썬써니_",4.068,-61.119,1,0,0,0,0,0,0,2
97,4,0,2,6,0,0,2,0,1,0,255,255,255,48,4946.504,"Slaris",R,26,127,1.296,-1.114,0.088,1.621,-36.35,2,0,16.971,-200,0,0,0,1,5,0,R,"인생최패망자",190,80,0.401,3,58,4947.561,159,19,122,104,69,139,150,124,25.327,34.735,0.76,-0.059,-0.107,0.059,0,-0.163,-36.527,0,"coder_",-0.033,-17.427,0,"アリアル",-21.608,-45.485,0,"ke ro",-10.357,-62.653,0,"_이누_",19.583,-50.852,0,"소솨소솨",9.768,-64.478,0,"じゃが一",42.147,-90.605,0,"아침땅_",-6.867,-107.981,0,"Sabo_10",-41.192,-94.934,0,4951.074,-38.763,-115.548,4953.008,-1,"썬써니_",-27.549,-115.137,1,0,0,0,0,0,0,2
98,4,0,2,7,0,0,2,0,1,0,255,9,255,0,5155.686,"Sabo_10",L,32,135,0.848,0.527,-0.434,1.61,-36.698,0,0,-160.379,-99.083,-26.565,0,0,1,6,8,L,"SOM_candy",180.4,85.364,0.503,0,58,0,0,0,0,0,0,0,0,0,0,0,0,0,0,0,0,-0.441,-37.583,0,"coder_",0.23,-17.476,0,"アリアル",-22.414,-47.303,0,"ke ro",-6.729,-63.484,0,"_이누_",19.531,-47.209,0,"소솨소솨",14.858,-63.707,0,"じゃが一",44.339,-93.258,0,"아침땅_",8.425,-107.914,0,"Slaris",-36.608,-93.933,0,0,0,0,0,0,"",0,0,0,0,0,0,0,0,0,0
99,4,0,2,7,0,1,2,0,1,0,255,9,255,1,5171.976,"Sabo_10",L,3,127,1.364,-0.194,-0.556,1.488,-36.702,0,0,429.236,0,-8.369,0,0,0,6,8,L,"SOM_candy",180.4,85.364,0.503,0,58,0,0,0,0,0,0,0,0,0,0,0,0,0,0,0,0,-0.59,-37.652,0,"coder_",1.986,-19.846,0,"アリアル",-21.373,-45.371,0,"ke ro",-6.62,-61.04,0,"_이누_",19.432,-45.441,0,"소솨소솨",15.543,-62.973,0,"じゃが一",44.67,-88.149,0,"아침땅_",11.035,-107.556,0,"Slaris",-36.504,-93.804,0,0,0,0,0,0,"",0,0,0,32,0,0,0,0,0,0
100,5,1,2,7,0,0,0,0,0,0,255,255,255,48,5235.515,"인생최패망자",R,26,133,3.243,1.625,0.246,1.897,-36.504,3,0,74.516,-200,0,-0.126,-20.138,0,8,6,R,"じゃが一",170.4,84.955,0.505,0,58,0,0,0,0,0,0,0,0,0,0,0,0,0,0,0,0,0.183,-37.736,0,"Pring__",-0.07,-17.203,0,"Fresh825",-21.674,-45.853,0,"ʚEveɞ",-13.159,-64.851,0,"Megu3568",18.328,-46.867,0,"Yaksok~",9.996,-63.58,0,"IbikiKai_JP",35.811,-92.034,0,"Gonyong",-5.894,-112.162,0,"SOM_candy",-40.356,-80.172,0,0,0,0,0,0,"",0,0,0,0,0,0,0,0,0,6
101,5,1,2,7,0,0,0,1,0,0,6,255,255,49,5270.188,"인생최패망자",R,26,134,-2.111,0.408,-0.171,1.726,-36.38,4,0,-20.095,-195.901,0,0.105,-20.696,1,0,0,L,"Sabo_10",184.8,94,0.497,0,58,0,0,0,0,0,0,0,0,0,0,0,0,0,0,0,0,0.174,-37.794,0,"Pring__",-0.012,-17.964,0,"Fresh825",-18.776,-39.556,0,"ʚEveɞ",-13.144,-64.855,0,"Megu3568",18.26,-45.281,0,"Yaksok~",12.741,-62.75,0,"IbikiKai_JP",45.082,-103.595,0,"Gonyong",7.084,-122.21,0,"SOM_candy",-35.215,-99.7,0,0,0,0,0,0,"",0,0,0,0,0,0,0,0,0,0
102,5,1,2,7,0,1,0,1,0,0,6,255,255,50,5294.928,"인생최패망자",R,10,109,-0.177,-1.968,-0.026,1.493,-36.418,1,0,23.136,400,0,-0.03,-19.087,0,0,0,L,"Sabo_10",184.8,94,0.497,0,58,0,0,0,0,0,0,0,0,0,0,0,0,0,0,0,0,-0.093,-37.021,0,"Pring__",-0.073,-17.156,0,"Fresh825",-18.844,-39.762,0,"ʚEveɞ",-13.146,-64.821,0,"Megu3568",18.59,-45.597,0,"Yaksok~",13.075,-62.47,0,"IbikiKai_JP",45.021,-102.637,0,"Gonyong",7.237,-122.245,0,"SOM_candy",-34.608,-99.968,0,0,0,0,0,0,"",0,0,0,0,0,0,0,0,0,0
103,5,1,2,7,1,1,0,1,0,0,6,255,255,51,5309.591,"인생최패망자",R,28,127,-2.964,-0.252,-0.199,1.602,-36.378,2,0,-13.97,-85.853,0,0,0,1,0,0,L,"Sabo_10",184.8,94,0.497,2,58,5310.724,128,10,98,37,12,156,139,102,-15.017,-42.344,0.03,0.057,-0.094,0.251,0,-0.178,-37.093,0,"Pring__",-0.098,-17.012,0,"Fresh825",-18.824,-39.755,0,"ʚEveɞ",-13.137,-64.797,0,"Megu3568",18.529,-45.535,0,"Yaksok~",14.203,-62.412,0,"IbikiKai_JP",44.987,-102.522,0,"Gonyong",7.278,-122.466,0,"SOM_candy",-35.12,-99.344,0,5309.458,2.159,-22.739,5311.174,-1,"썬써니_",19.503,-43.226,0,0,0,0,0,0,0,2
104,5,1,2,7,0,0,2,0,0,0,255,255,255,52,5351.305,"인생최패망자",R,13,98,-2.713,-1.743,-0.151,1.418,-36.442,1,0,-334.411,330.312,0,0,0,0,1,8,R,"Slaris",190,86.36,0.452,0,58,0,0,0,0,0,0,0,0,0,0,0,0,0,0,0,0,0.019,-38.112,0,"Pring__",-0.121,-16.743,0,"Fresh825",-22.669,-46.32,0,"ʚEveɞ",-13.493,-64.929,0,"Megu3568",18.679,-45.547,0,"Yaksok~",11.264,-63.067,0,"IbikiKai_JP",34.097,-111.215,0,"Gonyong",-0.172,-127.051,0,"SOM_candy",-44.546,-95.127,0,0,0,0,0,0,"",0,0,0,0,0,0,0,0,0,0
105,5,1,2,7,1,0,2,0,0,0,255,255,255,53,5368.197,"인생최패망자",R,26,131,1.019,0.17,0.1,1.667,-36.334,2,0,-16.106,-200,0,0,0,1,1,8,R,"Slaris",190,86.36,0.452,3,58,5369.13,220,19,144,88,26,192,150,125,26.064,9.325,0.75,-0.087,-0.027,0.362,0,0.074,-37.149,0,"Pring__",0.132,-16.769,0,"Fresh825",-22.577,-46.255,0,"ʚEveɞ",-12.714,-65.075,0,"Megu3568",18.478,-45.469,0,"Yaksok~",10.639,-62.992,0,"IbikiKai_JP",34.194,-111.318,0,"Gonyong",-0.186,-126.266,0,"SOM_candy",-50.18,-95.452,0,5373.091,-35.566,-117.655,5375.741,-1,"썬써니_",-32.748,-112.008,1,0,0,0,0,0,0,2
106,5,1,2,7,0,0,2,0,1,0,255,8,255,54,5435.23,"인생최패망자",R,26,131,1.556,1.001,0.136,1.827,-36.416,2,0,28.752,-200,0,0,0,1,2,2,R,"アリアル",190,94.5,0.5,2,58,5436.105,255,11,105,17,3,255,139,93,-20.446,20.83,-0.54,-0.006,-0.029,0.333,0,0.133,-37.267,0,"Pring__",0.115,-16.905,0,"Fresh825",-24.573,-48.583,0,"ʚEveɞ",-12.811,-65.228,0,"Megu3568",19.227,-46.268,0,"Yaksok~",7.692,-60.978,0,"IbikiKai_JP",32.805,-100.359,0,"Gonyong",-4.469,-118.206,0,"SOM_candy",-44.656,-82.422,0,5434.924,-0.945,-22.641,5437.241,-1,"썬써니_",-14.34,-60.629,0,0,0,0,0,0,0,2
107,5,0,2,7,0,0,0,0,0,0,255,255,255,2,5489.956,"Sabo_10",L,32,135,0.87,0.732,-0.419,1.637,-36.757,2,0,-150.46,-137.975,-24.721,0,0,1,6,8,L,"SOM_candy",180.4,85.364,0.503,3,58,5491.013,140,13,89,69,41,102,141,126,27.409,-16.333,0.67,0,0.041,0.027,0,-0.173,-37.369,0,"coder_",-0.118,-17.305,0,"アリアル",-22.978,-47.423,0,"ke ro",-9.517,-64.17,0,"_이누_",20.654,-48.949,0,"소솨소솨",15.531,-63.128,0,"じゃが一",46.988,-92.622,0,"아침땅_",8.458,-108.302,0,"Slaris",-35.444,-87.394,0,5497.024,55.124,-125.192,0,0,"",0,0,0,0,0,0,0,0,0,4
108,5,0,2,8,0,0,0,0,0,0,255,255,255,3,5530.871,"Sabo_10",L,27,134,-0.071,0.108,-0.5,1.569,-36.754,2,0,-84.59,-116.156,-17.276,0,0,1,7,6,L,"IbikiKai_JP",174.9,90,0.5,3,58,5531.842,193,10,96,63,20,178,148,92,0.363,-12.992,-0.44,0.014,-0.009,0.24,0,-0.382,-37.257,0,"coder_",-0.131,-17.218,0,"アリアル",-22.709,-47.3,0,"ke ro",-5.541,-64.667,0,"_이누_",18.106,-45.321,0,"소솨소솨",15.017,-63.169,0,"じゃが一",44.6,-95.491,0,"아침땅_",9.322,-103.802,0,"Slaris",-38.173,-82.558,0,5531.258,4.759,-37.052,5533.024,-1,"썬써니_",11.83,-61.947,0,0,0,0,0,0,0,2
109,5,0,2,8,0,0,1,0,0,0,255,255,255,4,5563.775,"Sabo_10",L,3,128,2.855,0.622,-0.394,1.621,-36.816,2,0,404.66,0,-16.666,0,0,1,8,2,L,"Fresh825",172.7,80,0.2,3,84,5564.766,217,18,77,64,41,102,141,121,11.982,22.769,0.73,-0.004,-0.061,0.044,0,-0.244,-37.281,0,"coder_",0.557,-17.28,0,"アリアル",-22.009,-45.472,0,"ke ro",-7.759,-66.054,0,"_이누_",19.591,-47.204,0,"소솨소솨",15.089,-61.363,0,"じゃが一",48.554,-96,0,"아침땅_",11.277,-109.261,0,"Slaris",-35.037,-93.15,0,5566.658,-19.556,-102.257,5571.341,-1,"썬써니_",-7.376,-129.921,1,0,0,0,0,0,0,2
110,5,0,2,8,0,0,1,0,1,0,255,11,255,5,5611.326,"Sabo_10",L,32,134,-1.261,0.176,-0.514,1.61,-36.776,2,0,-163.926,-149.035,-24.284,0,0,1,0,3,L,"ʚEveɞ",164.7,94.947,0.4,3,58,5612.246,148,15,97,43,6,22,140,88,38.258,-30.312,-0.34,0.033,-0.061,0.315,0,-0.327,-36.986,0,"coder_",-0.288,-17.033,0,"アリアル",-22.128,-46.624,0,"ke ro",-5.321,-61.852,0,"_이누_",19.899,-48.158,0,"소솨소솨",15.456,-63.482,0,"じゃが一",47.671,-95.074,0,"아침땅_",11.244,-109.275,0,"Slaris",-35.51,-93.929,0,5615.908,35.353,-78.128,5617.324,-1,"썬써니_",35.452,-78.313,1,0,0,0,0,0,0,2
111,5,0,2,8,0,0,1,1,0,1,12,255,11,6,5650.229,"Sabo_10",L,33,130,2.418,0.898,-0.32,1.684,-36.818,1,0,-136.688,-108.221,-27.305,0,0,0,1,4,R,"Megu3568",175.3,86,0.404,0,58,0,0,0,0,0,0,0,0,0,0,0,0,0,0,0,0,-0.285,-37.939,0,"coder_",-0.78,-18.757,0,"アリアル",-18.677,-39.695,0,"ke ro",-6.166,-60.333,0,"_이누_",18.12,-47.455,0,"소솨소솨",7.614,-64.576,0,"じゃが一",37.693,-88.982,0,"아침땅_",-9.319,-109.147,0,"Slaris",-38.427,-89.493,0,0,0,0,0,0,"",0,0,0,0,0,0,0,0,0,0
112,5,0,2,8,1,0,1,1,0,1,12,255,11,7,5671.047,"Sabo_10",L,32,132,0.84,0.58,-0.563,1.587,-36.781,0,0,-183.523,-65.585,-13.498,0,0,0,1,4,R,"Megu3568",175.3,86,0.404,0,58,0,0,0,0,0,0,0,0,0,0,0,0,0,0,0,0,-0.143,-37.575,0,"coder_",0.313,-20.365,0,"アリアル",-20.495,-43.551,0,"ke ro",-10.131,-60.155,0,"_이누_",18.024,-45.084,0,"소솨소솨",0.176,-59.131,0,"じゃが一",38.54,-93.139,0,"아침땅_",-8.326,-108.532,0,"Slaris",-32.913,-83.73,0,0,0,0,0,0,"",0,0,0,0,0,0,0,0,0,0
113,5,0,2,8,1,1,1,0,1,1,255,12,11,8,5693.748,"Sabo_10",L,32,132,-2.238,0.342,-0.573,1.558,-36.806,4,0,-230.034,-200,-28.257,0,0,1,1,4,R,"Megu3568",175.3,86,0.404,0,58,0,0,0,0,0,0,0,0,0,0,0,0,0,0,0,0,-0.171,-37.956,0,"coder_",0.322,-17.42,0,"アリアル",-22.76,-46.437,0,"ke ro",-10.105,-63.669,0,"_이누_",17.894,-44.863,0,"소솨소솨",2.704,-62.982,0,"じゃが一",42.73,-92.207,0,"아침땅_",-14.626,-114.107,0,"Slaris",-43.134,-90.183,0,0,0,0,0,0,"",0,0,0,0,0,0,0,0,0,0
114,5,0,2,8,1,2,1,0,1,1,255,12,11,9,5740.338,"Sabo_10",L,26,130,-3.073,-1.379,-0.607,1.543,-36.831,2,0,-116.41,-194.286,-23.294,0,0,1,1,4,R,"Megu3568",175.3,86,0.404,3,80,5741.357,255,13,143,45,13,223,150,128,-8.506,13.84,0.62,0.006,-0.031,0.338,0,-0.001,-37.126,0,"coder_",-0.647,-17.39,0,"アリアル",-22.08,-46.291,0,"ke ro",-10.542,-62.706,0,"_이누_",17.89,-48.571,0,"소솨소솨",5.001,-63.463,0,"じゃが一",41.322,-89.103,0,"아침땅_",-14.585,-111.563,0,"Slaris",-39.909,-88.094,0,5740.141,-1.295,-23.582,5741.991,-1,"썬써니_",-12.008,-59.236,0,0,0,0,0,0,0,2
115,5,0,2,9,0,0,2,0,0,1,255,255,12,10,5778.283,"Sabo_10",L,33,129,1.323,0.792,-0.35,1.652,-36.747,0,0,-111.833,-105.407,-22.501,0,0,0,2,7,R,"Gonyong",174.6,80,0.2,0,58,0,0,0,0,0,0,0,0,0,0,0,0,0,0,0,0,-0.175,-37.552,0,"coder_",0.353,-17.298,0,"アリアル",-22.466,-47.444,0,"ke ro",-10.837,-63.977,0,"_이누_",18.508,-46.151,0,"소솨소솨",12.157,-64.595,0,"じゃが一",40.669,-88.807,0,"아침땅_",-8.397,-112.114,0,"Slaris",-39.726,-89.425,0,0,0,0,0,0,"",0,0,0,0,0,0,0,0,0,0
116,5,0,2,9,0,1,2,0,0,1,255,255,12,11,5797.756,"Sabo_10",L,32,136,-0.74,0.473,-0.473,1.6,-36.697,0,0,-161.015,-131.927,-24.898,0,0,0,2,7,R,"Gonyong",174.6,80,0.2,0,58,0,0,0,0,0,0,0,0,0,0,0,0,0,0,0,0,-0.238,-37.65,0,"coder_",-0.001,-17.365,0,"アリアル",-22.62,-47.368,0,"ke ro",-11.24,-63.349,0,"_이누_",16.434,-46.467,0,"소솨소솨",13.283,-64.36,0,"じゃが一",39.785,-89.634,0,"아침땅_",-11.445,-111.472,0,"Slaris",-38.589,-90.439,0,0,0,0,0,0,"",0,0,0,0,0,0,0,0,0,0
117,5,0,2,9,0,2,2,0,0,1,255,255,12,12,5816.968,"Sabo_10",L,32,128,-4.569,0.852,-0.819,1.605,-36.939,1,0,-190.945,-168.996,-8.729,0,0,0,2,7,R,"Gonyong",174.6,80,0.2,0,58,0,0,0,0,0,0,0,0,0,0,0,0,0,0,0,0,-0.116,-37.953,0,"coder_",-0.177,-17.166,0,"アリアル",-22.632,-47.315,0,"ke ro",-10.805,-64.353,0,"_이누_",18.019,-46.133,0,"소솨소솨",13.144,-64.275,0,"じゃが一",40.561,-89.267,0,"아침땅_",-12.144,-111.366,0,"Slaris",-38.524,-90.489,0,0,0,0,0,0,"",0,0,0,0,0,0,0,0,0,0
118,5,0,2,9,1,2,2,0,0,1,255,255,12,13,5835.063,"Sabo_10",L,32,127,-1.38,0.617,-0.671,1.598,-36.921,0,0,-157.047,-151.187,-15.446,0,0,1,2,7,R,"Gonyong",174.6,80,0.2,0,58,0,0,0,0,0,0,0,0,0,0,0,0,0,0,0,0,-0.449,-38.052,0,"coder_",0.617,-18.712,0,"アリアル",-21.324,-45.518,0,"ke ro",-10.795,-64.284,0,"_이누_",16.81,-45.762,0,"소솨소솨",14.013,-64.383,0,"じゃが一",40.526,-89.34,0,"아침땅_",-10.67,-111.186,0,"Slaris",-38.478,-90.443,0,0,0,0,0,0,"",0,0,0,4,0,0,0,0,0,0
119,6,1,2,9,0,0,0,0,0,0,255,255,255,55,5907.726,"인생최패망자",R,26,140,-0.703,0.741,-0.053,1.792,-36.328,0,0,-43.608,-163.842,0,0,0,1,3,1,R,"coder_",190,89.702,0.398,0,58,0,0,0,0,0,0,0,0,0,0,0,0,0,0,0,0,-0.076,-37.869,0,"Pring__",-0.062,-16.894,0,"Fresh825",-21.83,-46.144,0,"ʚEveɞ",-12.949,-65.086,0,"Megu3568",18.448,-45.883,0,"Yaksok~",10.518,-63.119,0,"IbikiKai_JP",39.96,-92.618,0,"Gonyong",-8.843,-108.626,0,"SOM_candy",-41.901,-87.238,0,0,0,0,0,0,"",0,0,0,0,0,0,0,0,0,0
120,6,1,2,9,0,1,0,0,0,0,255,255,255,56,5924.961,"인생최패망자",R,26,129,1.746,0.76,0.155,1.78,-36.429,2,0,23.704,-200,0,0,0,1,3,1,R,"coder_",190,89.702,0.398,3,58,5925.993,84,14,110,96,32,158,136,85,91.957,-72.465,-0.23,-0.22,-0.063,0.228,0,0.327,-37.265,0,"Pring__",0.071,-16.985,0,"Fresh825",-21.905,-46.157,0,"ʚEveɞ",-12.866,-64.871,0,"Megu3568",18.375,-45.781,0,"Yaksok~",10.02,-63.241,0,"IbikiKai_JP",40.046,-92.573,0,"Gonyong",-7.751,-108.765,0,"SOM_candy",-41.488,-85.897,0,5931.108,-8.806,-17.972,5932.058,-1,"썬써니_",-8.163,-18.227,0,0,0,0,0,0,0,1
121,6,1,2,9,0,0,1,0,0,0,255,255,255,57,5960.683,"인생최패망자",R,27,115,1.873,0.522,0.392,1.982,-36.729,2,0,33.148,-101.689,0,0,0,1,4,4,R,"_이누_",190,90.187,0.5,3,58,5961.764,154,29,123,98,56,156,150,107,35.306,41.366,0.01,-0.039,-0.063,0.121,0,0.394,-37.345,0,"Pring__",0.003,-16.725,0,"Fresh825",-22.861,-46.984,0,"ʚEveɞ",-13.112,-65.012,0,"Megu3568",18.196,-44.75,0,"Yaksok~",9.403,-62.916,0,"IbikiKai_JP",35.51,-94.272,0,"Gonyong",-0.152,-105.972,0,"SOM_candy",-38.419,-80.953,0,5965.024,-65.294,-79.068,0,0,"",0,0,0,0,0,0,0,0,0,3
122,6,1,2,9,0,1,1,0,0,0,255,255,255,58,5983.274,"인생최패망자",R,27,132,0.673,-0.326,0.074,1.595,-36.343,2,0,-37.592,-115.65,0,0,0,1,4,4,R,"_이누_",190,90.187,0.5,3,77,5984.302,201,13,123,40,0,177,150,104,101.431,-73.686,-0.15,-0.03,-0.073,0.169,0,-0.059,-37.333,0,"Pring__",0.04,-16.895,0,"Fresh825",-22.98,-46.645,0,"ʚEveɞ",-13.233,-64.937,0,"Megu3568",18.216,-44.715,0,"Yaksok~",10.682,-62.876,0,"IbikiKai_JP",31.595,-97.997,0,"Gonyong",-9.219,-109.207,0,"SOM_candy",-43.381,-77.713,0,0,0,0,0,0,"",0,0,0,0,0,0,0,0,0,3
123,6,1,2,9,0,2,1,0,0,0,255,255,255,59,6003.074,"인생최패망자",R,13,92,-0.79,-0.437,0.126,1.806,-36.531,0,0,-307.527,338.822,0,0,0,0,4,4,R,"_이누_",190,90.187,0.5,0,77,0,0,0,0,0,0,0,0,0,0,0,0,0,0,0,0,-0.028,-37.788,0,"Pring__",-0.041,-16.844,0,"Fresh825",-22.64,-44.983,0,"ʚEveɞ",-13.206,-64.923,0,"Megu3568",18.608,-42.954,0,"Yaksok~",8.312,-62.733,0,"IbikiKai_JP",28.989,-93.064,0,"Gonyong",-11.021,-109.625,0,"SOM_candy",-44.464,-79.207,0,0,0,0,0,0,"",0,0,0,0,0,0,0,0,0,0
124,6,1,2,9,0,0,2,0,0,0,255,255,255,60,6030.675,"인생최패망자",R,10,104,1.98,3.093,-0.036,1.77,-36.475,2,0,106.282,400,0,0,0,1,5,7,R,"아침땅_",160,95,0.5,2,58,6031.649,136,8,111,52,21,195,145,94,-16.146,10.05,-0.05,-0.023,-0.037,0.052,0,0.245,-37.55,0,"Pring__",0.047,-16.824,0,"Fresh825",-23.205,-46.436,0,"ʚEveɞ",-13.147,-64.883,0,"Megu3568",18.326,-45.647,0,"Yaksok~",10.032,-63.396,0,"IbikiKai_JP",29.339,-93.595,0,"Gonyong",-10.389,-102.999,0,"SOM_candy",-42.946,-77.491,0,6030.408,-0.279,-21.912,6032.674,-1,"썬써니_",-7.474,-61.691,0,0,0,0,0,0,0,2
125,6,0,2,9,0,0,0,0,0,0,255,255,255,14,6107.803,"Sabo_10",L,3,117,1.287,-0.078,-0.517,1.483,-36.834,2,0,466.963,0,-5.315,0,0,1,3,1,L,"Pring__",180.3,94.516,0.485,3,58,6108.56,194,26,153,104,46,160,150,110,28.311,33.67,0.89,0.011,-0.055,0.102,0,-0.045,-37.376,0,"coder_",0.348,-17.38,0,"アリアル",-23.112,-47.642,0,"ke ro",-8.726,-64.709,0,"_이누_",19.587,-47.804,0,"소솨소솨",14.867,-62.494,0,"じゃが一",44.986,-93.987,0,"아침땅_",9.694,-108.811,0,"Slaris",-39.739,-93.472,0,0,0,0,6112.825,-1,"썬써니_",-47.37,-98.815,0,0,0,0,0,0,0,1
126,6,0,2,9,0,0,1,0,0,0,255,255,255,15,6136.591,"Sabo_10",L,26,129,-2.222,-0.118,-0.606,1.509,-36.734,1,0,-94.134,-181.502,-15.341,0,0,0,4,5,R,"Yaksok~",172.8,98.809,0.303,0,58,0,0,0,0,0,0,0,0,0,0,0,0,0,0,0,0,-0.366,-37.914,0,"coder_",-0.194,-17.071,0,"アリアル",-22.276,-46.677,0,"ke ro",-8.878,-62.53,0,"_이누_",16.847,-48.918,0,"소솨소솨",10.713,-64.418,0,"じゃが一",37.678,-91.25,0,"아침땅_",-7.324,-106.891,0,"Slaris",-40.656,-97.069,0,0,0,0,0,0,"",0,0,0,0,0,0,0,0,0,0
127,6,0,2,9,1,0,1,0,0,0,255,255,255,16,6151.105,"Sabo_10",L,3,112,-3.696,-0.61,-0.819,1.504,-37.095,1,0,449.375,219.231,-2.567,0,0,0,4,5,R,"Yaksok~",172.8,98.809,0.303,0,58,0,0,0,0,0,0,0,0,0,0,0,0,0,0,0,0,-0.443,-37.7,0,"coder_",-0.168,-17.538,0,"アリアル",-22.699,-46.767,0,"ke ro",-9.238,-64.388,0,"_이누_",17.161,-48.601,0,"소솨소솨",13.12,-64.699,0,"じゃが一",38.21,-89.05,0,"아침땅_",-10.173,-108.704,0,"Slaris",-40.477,-97.094,0,0,0,0,0,0,"",0,0,0,0,0,0,0,0,0,0
128,6,0,2,9,2,0,1,0,0,0,255,255,255,17,6167.588,"Sabo_10",L,32,129,-1.09,-0.506,-0.473,1.481,-36.742,2,0,-206.483,-200,-41.187,0,0,1,4,5,R,"Yaksok~",172.8,98.809,0.303,3,58,6168.43,101,32,78,69,0,44,139,104,102.784,-65.295,0.85,-0.124,-0.1,0.134,0,-0.139,-37.138,0,"coder_",-0.176,-17.294,0,"アリアル",-22.733,-46.818,0,"ke ro",-8.372,-64.835,0,"_이누_",16.502,-48.516,0,"소솨소솨",13.008,-64.368,0,"じゃが一",38.224,-89.128,0,"아침땅_",-8.025,-105.73,0,"Slaris",-40.523,-97.082,0,0,0,0,0,0,"",0,0,0,0,0,0,0,0,0,3
129,6,0,2,9,2,1,1,0,0,0,255,255,255,18,6186.686,"Sabo_10",L,32,130,0.413,1.04,-0.439,1.636,-36.705,2,0,-157.916,-86.731,-15.974,0,0,1,4,5,R,"Yaksok~",172.8,98.809,0.303,3,63,6187.576,77,23,89,33,2,77,125,106,-30,25.7,0.94,-0.076,-0.033,0.19,0,-0.087,-37.142,0,"coder_",0.07,-17.335,0,"アリアル",-22.265,-46.063,0,"ke ro",-10.349,-64.341,0,"_이누_",18.109,-48.771,0,"소솨소솨",12.945,-64.252,0,"じゃが一",37.938,-90.905,0,"아침땅_",-6.652,-104.536,0,"Slaris",-43.068,-95.767,0,6186.391,-0.8,-20.463,6190.441,-1,"썬써니_",-34.377,-87.342,1,0,0,0,0,0,0,2
130,6,0,2,9,0,0,1,1,0,0,14,255,255,19,6238.608,"Sabo_10",L,32,125,-2.695,-0.038,-0.698,1.511,-37.095,2,0,-170.656,-88.32,1.524,0,0,1,5,0,R,"인생최패망자",190,80,0.401,3,58,6239.683,219,20,126,95,56,108,150,97,91.01,-77.734,-0.47,-0.043,-0.088,0.047,0,-0.042,-37.501,0,"coder_",-0.641,-17.299,0,"アリアル",-20,-43.188,0,"ke ro",-10.933,-63.963,0,"_이누_",19.888,-50.986,0,"소솨소솨",2.662,-63.025,0,"じゃが一",38.103,-90.231,0,"아침땅_",-10.308,-111.906,0,"Slaris",-38.399,-94.663,0,6245.358,-19.05,-15.42,6246.058,-1,"썬써니_",-18.958,-15.694,0,0,0,0,0,0,0,1
131,6,0,2,9,0,0,2,1,0,0,14,255,255,20,6306.524,"Sabo_10",L,26,127,-1.175,0.752,-0.562,1.671,-37.033,0,0,-119.786,-184.828,-10.202,0,0,0,6,8,L,"SOM_candy",180.4,85.364,0.503,0,58,0,0,0,0,0,0,0,0,0,0,0,0,0,0,0,0,-0.186,-38.435,0,"coder_",-1.696,-19.161,0,"アリアル",-20.636,-43.914,0,"ke ro",-7.47,-62.68,0,"_이누_",18.91,-46.888,0,"소솨소솨",16.027,-62.889,0,"じゃが一",46.121,-93.186,0,"아침땅_",7.388,-108.651,0,"Slaris",-32.995,-94.85,0,0,0,0,0,0,"",0,0,0,0,0,0,0,0,0,0
132,6,0,2,9,0,1,2,1,0,0,14,255,255,21,6329.363,"Sabo_10",L,3,118,5.606,-0.937,-0.272,1.441,-36.77,4,0,357.898,12.78,-23.003,0,0,1,6,8,L,"SOM_candy",180.4,85.364,0.503,0,58,0,0,0,0,0,0,0,0,0,0,0,0,0,0,0,0,-0.216,-37.952,0,"coder_",0.994,-19.703,0,"アリアル",-21.17,-44.238,0,"ke ro",-3.344,-62.171,0,"_이누_",18.943,-45.389,0,"소솨소솨",16.303,-62.681,0,"じゃが一",45.666,-92.443,0,"아침땅_",9.503,-107.978,0,"Slaris",-32.399,-96.045,0,0,0,0,0,0,"",0,0,0,0,0,0,0,0,0,0
133,6,0,2,9,0,2,2,0,1,0,255,14,255,22,6354.03,"Sabo_10",L,32,129,0.983,1.525,-0.392,1.728,-36.823,1,0,-187.427,-151.335,-25.863,0,0,0,6,8,L,"SOM_candy",180.4,85.364,0.503,0,58,0,0,0,0,0,0,0,0,0,0,0,0,0,0,0,0,-0.451,-38.044,0,"coder_",0.457,-17.793,0,"アリアル",-21.544,-45.515,0,"ke ro",-1.973,-59.039,0,"_이누_",20.033,-46.685,0,"소솨소솨",16.395,-62.357,0,"じゃが一",46.386,-92.534,0,"아침땅_",7.021,-110.929,0,"Slaris",-35.359,-95.743,0,0,0,0,0,0,"",0,0,0,0,0,0,0,0,0,0
134,6,0,2,9,1,2,2,0,1,0,255,14,255,23,6371.284,"Sabo_10",L,27,130,-0.629,0.166,-0.506,1.575,-36.748,2,0,-103.259,-141.023,-22.538,0,0,1,6,8,L,"SOM_candy",180.4,85.364,0.503,3,58,6372.39,136,12,98,63,37,77,142,93,41.711,-10.718,-0.42,-0.011,0.036,0.089,0,-0.321,-37.194,0,"coder_",-0.054,-17.668,0,"アリアル",-21.43,-45.676,0,"ke ro",-5.84,-59.927,0,"_이누_",19.631,-47.884,0,"소솨소솨",16.716,-62.948,0,"じゃが一",47.793,-92.863,0,"아침땅_",7.42,-108.637,0,"Slaris",-37.548,-92.527,0,6376.491,19.047,-86.89,6377.458,-1,"썬써니_",18.359,-89.796,1,0,0,0,0,0,0,2
135,6,0,2,10,0,0,2,0,1,0,255,17,255,24,6509.84,"coder_",R,8,119,1.52,0.127,0.1,1.764,-36.476,4,0,120.381,0,-1.872,0.536,-11.586,1,7,6,L,"IbikiKai_JP",174.9,90,0.5,0,58,0,0,0,0,0,0,0,0,0,0,0,0,0,0,0,0,-0.096,-37.309,0,"Sabo_10",0.395,-17.543,0,"アリアル",-21.066,-44.54,0,"ke ro",-5.669,-62.759,0,"_이누_",19.277,-47.433,0,"소솨소솨",15.423,-62.884,0,"じゃが一",43.046,-88.799,0,"아침땅_",8.021,-105.137,0,"Slaris",-34.25,-94.365,0,0,0,0,0,0,"",0,0,0,0,0,0,0,0,0,0
136,6,0,2,10,0,1,2,0,1,0,255,17,255,25,6530.855,"coder_",R,26,125,-1.962,0.925,-0.157,1.838,-36.523,4,0,-77.148,-190.346,16.714,0,0,1,7,6,L,"IbikiKai_JP",174.9,90,0.5,0,58,0,0,0,0,0,0,0,0,0,0,0,0,0,0,0,0,0.007,-37.734,0,"Sabo_10",-0.326,-17.408,0,"アリアル",-21.634,-46.692,0,"ke ro",-3.162,-61.641,0,"_이누_",18.497,-45.208,0,"소솨소솨",15.446,-62.832,0,"じゃが一",44.012,-86.998,0,"아침땅_",8.022,-105.239,0,"Slaris",-34.601,-94.31,0,0,0,0,0,0,"",0,0,0,0,0,0,0,0,0,0
137,6,0,2,10,0,2,2,0,1,0,255,17,255,26,6571.758,"coder_",R,26,124,-0.823,2.584,-0.077,2.111,-36.622,1,0,1.599,-180.086,7.678,0,0,0,7,6,L,"IbikiKai_JP",174.9,90,0.5,0,58,0,0,0,0,0,0,0,0,0,0,0,0,0,0,0,0,-0.025,-37.612,0,"Sabo_10",-0.223,-17.214,0,"アリアル",-21.744,-46.902,0,"ke ro",-3.376,-60.024,0,"_이누_",18.396,-44.352,0,"소솨소솨",16.204,-62.949,0,"じゃが一",43.545,-86.427,0,"아침땅_",9.51,-103.696,0,"Slaris",-34.435,-94.405,0,0,0,0,0,0,"",0,0,0,0,0,0,0,0,0,0
138,6,0,2,10,1,2,2,0,1,0,255,17,255,27,6589.713,"coder_",R,8,102,2.272,-0.466,0.229,1.631,-36.462,1,0,137.771,0,-0.433,0,0,0,7,6,L,"IbikiKai_JP",174.9,90,0.5,0,58,0,0,0,0,0,0,0,0,0,0,0,0,0,0,0,0,0.297,-37.666,0,"Sabo_10",0.453,-17.541,0,"アリアル",-21.603,-45.451,0,"ke ro",-4.696,-58.246,0,"_이누_",18.637,-43.354,0,"소솨소솨",16.028,-62.897,0,"じゃが一",42.755,-86.654,0,"아침땅_",10.434,-103.261,0,"Slaris",-34.88,-94.973,0,0,0,0,0,0,"",0,0,0,0,0,0,0,0,0,0
139,7,1,2,10,0,0,0,0,0,0,255,255,255,61,6703.956,"인생최패망자",R,26,137,0.879,0.608,0.085,1.72,-36.259,0,0,-10.022,-200,0,0,0,1,6,3,R,"ke ro",160,80,0.319,0,58,0,0,0,0,0,0,0,0,0,0,0,0,0,0,0,0,0.02,-37.69,0,"Pring__",0.058,-16.964,0,"Fresh825",-22.389,-46.416,0,"ʚEveɞ",-13.06,-65.042,0,"Megu3568",18.26,-45.071,0,"Yaksok~",8.843,-61.247,0,"IbikiKai_JP",32.24,-88.154,0,"Gonyong",0.682,-103.074,0,"SOM_candy",-36.533,-78.739,0,0,0,0,0,0,"",0,0,0,0,0,0,0,0,0,0
140,7,1,2,10,0,1,0,0,0,0,255,255,255,62,6719.138,"인생최패망자",R,26,138,0.774,1.369,0.06,1.824,-36.313,2,0,42.928,-200,0,0,0,1,6,3,R,"ke ro",160,80,0.319,2,58,6720.129,158,13,83,32,7,163,138,105,110.255,28.171,0.19,-0.012,-0.032,0.081,0,-0.031,-37.112,0,"Pring__",0.078,-17.039,0,"Fresh825",-21.818,-45.873,0,"ʚEveɞ",-12.995,-64.993,0,"Megu3568",18.074,-45.195,0,"Yaksok~",8.57,-61.679,0,"IbikiKai_JP",32.201,-88.185,0,"Gonyong",-0.072,-103.213,0,"SOM_candy",-42.328,-74.967,0,0,0,0,0,0,"",0,0,0,0,0,0,0,0,0,3
141,7,1,2,10,0,2,0,0,0,0,255,255,255,63,6739.491,"인생최패망자",R,13,90,-1.269,-1.236,0.035,1.668,-36.469,4,0,-304.279,334.205,0,0,0,1,6,3,R,"ke ro",160,80,0.319,0,58,0,0,0,0,0,0,0,0,0,0,0,0,0,0,0,0,0.021,-37.792,0,"Pring__",-0.378,-17.214,0,"Fresh825",-21.011,-44.32,0,"ʚEveɞ",-12.999,-65.092,0,"Megu3568",18.012,-44.339,0,"Yaksok~",7.23,-61.655,0,"IbikiKai_JP",32.452,-86.06,0,"Gonyong",0.202,-101.798,0,"SOM_candy",-40.271,-77.025,0,0,0,0,0,0,"",0,0,0,0,0,0,0,0,0,0
142,7,1,2,10,0,0,1,0,0,0,255,255,255,64,6762.691,"인생최패망자",R,26,132,0.88,0.593,0.086,1.734,-36.378,2,0,-13.634,-186.859,0,0,0,1,7,5,R,"소솨소솨",174.6,89.748,0.5,2,58,6763.462,175,14,109,24,0,232,140,88,-13.363,4.904,-0.5,-0.024,-0.07,0.227,0,0.075,-37.123,0,"Pring__",-0.021,-16.952,0,"Fresh825",-23.023,-46.552,0,"ʚEveɞ",-12.935,-64.656,0,"Megu3568",18.526,-46.094,0,"Yaksok~",9.691,-61.682,0,"IbikiKai_JP",37.263,-93.702,0,"Gonyong",-4.781,-106.805,0,"SOM_candy",-38.491,-80.671,0,6762.291,-0.175,-23.48,6764.975,-1,"썬써니_",-5.073,-62.087,0,0,0,0,0,0,0,2
143,7,1,2,10,0,0,2,0,0,0,255,255,255,65,6788.073,"인생최패망자",R,26,133,0.502,0.049,0.065,1.642,-36.282,2,0,-63.767,-200,0,0,0,1,8,6,R,"じゃが一",170.4,84.955,0.505,2,58,6789.144,173,6,170,45,19,255,150,84,-30,44.115,0.97,-0.062,-0.068,0,0.095,-0.037,-36.914,0,"Pring__",0.042,-16.874,0,"Fresh825",-22.193,-47.412,0,"ʚEveɞ",-12.953,-64.939,0,"Megu3568",18.221,-45.491,0,"Yaksok~",9.955,-61.527,0,"IbikiKai_JP",33.611,-90.847,0,"Gonyong",-4.315,-113.432,0,"SOM_candy",-46.755,-90.75,0,6787.875,-1.239,-20.817,6793.091,-1,"썬써니_",-19.464,-39.619,0,0,0,0,0,0,0,2
144,7,1,2,10,0,1,2,0,0,0,255,255,255,66,7320.429,"인생최패망자",R,26,131,0.653,0.395,0.069,1.694,-36.337,2,0,-25.953,-200,0,0,0,1,8,6,R,"じゃが一",170.4,84.955,0.505,2,58,7321.557,99,11,131,59,25,255,140,63,-18.318,39.697,1,-0.059,-0.068,0,0.143,-0.051,-36.633,0,"Pring__",0.107,-16.889,0,"Fresh825",-22.747,-46.043,0,"ʚEveɞ",-13.136,-64.936,0,"Megu3568",18.036,-45.163,0,"Yaksok~",10.802,-63.673,0,"IbikiKai_JP",32.569,-98.289,0,"Gonyong",-11.874,-117.03,0,"SOM_candy",-41.523,-79.15,0,7320.424,-1.85,-21.155,7324.208,-1,"썬써니_",-19.158,-39.865,0,0,0,0,0,0,0,2
