id,inn,half,scoreA,scoreB,ball,strk,out,b1,b2,b3,b1Idx,b2Idx,b3Idx,pCnt,pSec,pName,pHand,pType,spdK,zoneX,zoneY,startX,startY,zDist,call,balk,sH,sV,gyro,plx,plz,bSwing,bIdx,bPos,bZone,bName,bHCm,batLen,batCen,batType,bFps,hSec,rotS,shS,lgS,impMv,batSpd,ev,ldeg,sdeg,hPos,hMoveX,hMoveY,stayCon,hitSpnX,hitSpnY,hitSpnZ,PPosX,PPosY,CName,CPosX,CPosY,1BName,1BPosX,1BPosY,2BName,2BPosX,2BPosY,3BName,3BPosX,3BPosY,SSName,SSPosX,SSPosY,LFName,LFPosX,LFPosY,CFName,CFPosX,CFPosY,RFName,RFPosX,RFPosY,ltSec,lx,lz,cSec,cPos,cPlr,cx,cz,1BSafe,tag,cpSec,sb2Sec,sb3Sec,sbhSec,ass,result
1,1,1,0,0,0,0,0,0,0,0,255,255,255,0,1761.545,"-Alta-",L,26,140,-0.009,0.498,-0.04,1.831,-36.342,0,0,-110.794,-155.296,-2.729,0,0,0,0,6,L,"M_lunatic",160,107,0.444,0,59,0,0,0,0,0,0,0,0,0,0,0,0,0,0,0,0,0.163,-37,"白霜らいふ",0.012,-16.514,"P0TA0",-22.074,-46.648,"あいくんだよー『아이 군』",-8.974,-64.648,"あおいぬ",18.44,-44.76,"shimenawa",15.543,-62.163,"Kenomo",37.465,-91.981,"紅さかな",-0.25,-110.414,"Pizzallaris",-38.81,-90.28,0,0,0,0,0,"",0,0,0,0,0,0,0,0,0,0
2,1,1,0,0,0,1,0,0,0,0,255,255,255,1,1776.997,"-Alta-",L,27,130,-3.126,3.345,-0.219,2.049,-36.782,2,0,-121.981,-142.841,0.001,0,0,0,0,6,L,"M_lunatic",160,107,0.444,2,59,1778.036,1,0,0,0,0,42,17.409,36.786,-0.14,-0.005,0.001,0,0,0,0,0.74,-36.702,"白霜らいふ",-0.005,-16.57,"P0TA0",-21.991,-46.636,"あいくんだよー『아이 군』",-9.028,-64.611,"あおいぬ",18.54,-44.53,"shimenawa",15.393,-62.253,"Kenomo",37.484,-92.098,"紅さかな",-0.317,-110.389,"Pizzallaris",-38.687,-90.124,1779.933,-11.162,-34.406,1781.783,2,"P0TA0",-16.428,-41.225,0,1,0,0,0,0,0,2
3,1,1,0,0,0,0,1,0,0,0,255,255,255,2,1813.6,"-Alta-",L,26,140,2.263,-0.481,0.262,1.59,-36.283,2,0,-141.093,-164.186,-5.374,0,0,1,1,4,R,"なおｐ--",190,90.37,0.412,3,65,1814.668,133,79,20,109,138,86,15.353,-27.477,-0.51,-0.057,-0.107,0.263,0,0,0,0.57,-37.251,"白霜らいふ",0.191,-16.672,"P0TA0",-22.418,-47.258,"あいくんだよー『아이 군』",-13.845,-62.985,"あおいぬ",17.049,-44.323,"shimenawa",13.503,-63.845,"Kenomo",39.062,-91.126,"紅さかな",-0.779,-119.744,"Pizzallaris",-38.734,-87.897,1817.633,27.802,-66.762,1818.85,6,"Kenomo",33.909,-76.899,1,0,0,0,0,0,0,2
4,1,1,0,0,0,0,1,1,0,0,4,255,255,3,1849.307,"-Alta-",L,3,125,1.856,-0.617,0.019,1.668,-36.3,1,0,430.181,204.585,2.105,0,0,0,2,1,L,"_Chun",190,95.123,0.455,0,59,0,0,0,0,0,0,0,0,0,0,0,0,0,0,0,0,0.284,-36.816,"白霜らいふ",0.124,-16.442,"P0TA0",-17.782,-39.949,"あいくんだよー『아이 군』",-9.952,-62.105,"あおいぬ",17.731,-42.852,"shimenawa",12.985,-62.919,"Kenomo",37.458,-91.054,"紅さかな",-1.423,-116.194,"Pizzallaris",-38.319,-87.768,0,0,0,0,0,"",0,0,0,0,0,0,0,0,0,0
5,1,1,0,0,1,0,1,1,0,0,4,255,255,4,1864.416,"-Alta-",L,26,140,-0.107,0.209,0.154,1.539,-36.138,2,0,-117.922,-183.471,-4.517,0,0,1,2,1,L,"_Chun",190,95.123,0.455,3,59,1865.338,136,94,29,146,142,89,97.703,68.892,-0.45,0.086,-0.138,0.205,0,0,0,0.308,-36.737,"白霜らいふ",0.052,-16.412,"P0TA0",-18.547,-39.362,"あいくんだよー『아이 군』",-8.024,-63.229,"あおいぬ",17.519,-42.786,"shimenawa",15.446,-63.584,"Kenomo",36.797,-91.839,"紅さかな",-0.755,-116.83,"Pizzallaris",-38.324,-87.772,1871.75,31.582,-11.723,0,0,"",0,0,0,0,0,0,0,0,0,3
6,1,1,0,0,1,1,1,1,0,0,4,255,255,5,1889.804,"-Alta-",L,26,140,-0.098,0.21,0.188,1.561,-36.122,2,0,-140.935,-200,-6.116,0,0,1,2,1,L,"_Chun",190,95.123,0.455,3,85,1890.72,146,106,24,192,143,88,63.331,45.553,-0.51,0.147,-0.118,0.299,0,0,0,0.763,-36.674,"白霜らいふ",0.043,-16.503,"P0TA0",-18.677,-39.455,"あいくんだよー『아이 군』",-6.837,-64.002,"あおいぬ",17.222,-42.949,"shimenawa",16.364,-62.523,"Kenomo",36.314,-91.925,"紅さかな",-0.104,-118.331,"Pizzallaris",-37.765,-89.565,1896.466,-40.274,-57.609,1898.1,8,"Pizzallaris",-45.403,-62.383,0,0,0,0,0,0,0,2
7,1,1,0,0,1,2,1,1,0,0,4,255,255,6,1918.726,"-Alta-",L,10,128,0.934,-1.583,0.092,1.369,-36.169,2,0,0,400,-6.228,0,0,1,2,1,L,"_Chun",190,95.123,0.455,3,86,1919.643,126,112,29,136,142,121,92.772,-87.13,0.28,0.211,-0.172,0.342,0,0,0,0.486,-36.639,"白霜らいふ",0.177,-16.597,"P0TA0",-18.44,-39.674,"あいくんだよー『아이 군』",-10.275,-64.074,"あおいぬ",17.667,-43.805,"shimenawa",16.335,-61.258,"Kenomo",34.75,-92.197,"紅さかな",1.917,-117.261,"Pizzallaris",-38.043,-83.763,0,0,0,0,0,"",0,0,0,0,0,0,0,0,0,3
8,1,1,0,0,1,2,1,1,0,0,4,255,255,7,1962.307,"-Alta-",L,3,128,2.271,-0.047,0.097,1.722,-36.224,4,0,401.204,136.696,-1.231,0,0,1,2,1,L,"_Chun",190,95.123,0.455,0,86,0,0,0,0,0,0,0,0,0,0,0,0,0,0,0,0,0.232,-36.777,"白霜らいふ",0.191,-16.349,"P0TA0",-18.062,-39.459,"あいくんだよー『아이 군』",-7.958,-62.679,"あおいぬ",17.261,-42.979,"shimenawa",14.534,-61.747,"Kenomo",35.768,-94.222,"紅さかな",-0.397,-117.469,"Pizzallaris",-38.211,-84.014,0,0,0,0,0,"",0,0,0,0,0,0,0,0,0,0
9,1,1,0,0,0,0,2,1,0,0,4,255,255,8,1991.69,"-Alta-",L,27,140,-1.331,0.794,-0.026,1.736,-36.183,2,0,-62.073,-144.809,-2.88,0,0,1,3,0,L,"Kr_Luna",190,96.779,0.501,2,59,1992.505,155,95,36,108,143,92,113.344,65.72,-0.1,-0.007,-0.036,0.253,0,0,0,0.574,-36.817,"白霜らいふ",0.004,-16.58,"P0TA0",-18.66,-39.494,"あいくんだよー『아이 군』",-11.289,-63.735,"あおいぬ",19.051,-45.069,"shimenawa",14.586,-63.603,"Kenomo",39.569,-93.47,"紅さかな",1.132,-120.619,"Pizzallaris",-40.279,-88.072,0,0,0,0,0,"",0,0,0,0,0,0,0,0,0,3
10,1,1,0,0,0,1,2,1,0,0,4,255,255,9,2011.595,"-Alta-",L,4,135,2.961,-0.218,0.141,1.719,-36.206,1,0,172.756,0,-0.542,0,0,0,3,0,L,"Kr_Luna",190,96.779,0.501,0,59,0,0,0,0,0,0,0,0,0,0,0,0,0,0,0,0,0.323,-37.006,"白霜らいふ",0.243,-16.518,"P0TA0",-17.995,-39.72,"あいくんだよー『아이 군』",-7.618,-63.123,"あおいぬ",17.831,-42.971,"shimenawa",12.523,-63.066,"Kenomo",39.523,-93.603,"紅さかな",1.009,-117.619,"Pizzallaris",-40.31,-88.026,0,0,0,0,0,"",0,0,0,0,0,0,0,0,0,0
11,1,1,0,0,1,1,2,1,0,0,4,255,255,10,2033.617,"-Alta-",L,26,140,0.766,0.638,0.083,1.664,-36.191,2,0,-35.271,-165.424,-8.539,0,0,1,3,0,L,"Kr_Luna",190,96.779,0.501,2,59,2034.42,202,109,41,126,150,102,32.797,-4.877,0.93,0.005,-0.041,0.395,0,0,0,0.49,-36.839,"白霜らいふ",0.008,-16.458,"P0TA0",-18.617,-39.337,"あいくんだよー『아이 군』",-12.386,-62.292,"あおいぬ",17.435,-42.99,"shimenawa",15.549,-64.024,"Kenomo",39.524,-93.599,"紅さかな",0.684,-118.156,"Pizzallaris",-40.31,-88.021,2039.616,13.469,-103.013,2039.866,7,"紅さかな",13.201,-101.596,0,0,0,0,0,0,0,1
12,1,0,0,0,0,0,0,0,0,0,255,255,255,0,2393.299,"Kr_Luna",L,27,140,-0.747,0.257,-0.03,1.759,-36.437,2,0,-99.404,-138.031,0.139,0,0,1,0,0,L,"-Alta-",190,88,0.5,3,59,2394.137,255,223,46,255,155,96,38.181,24.87,-0.43,0.088,-0.196,0.333,0,0,0,-0.24,-37.217,"_Chun",-0.241,-17.103,"_AKASATA_",-20.892,-45.989,"오띵__",-13.273,-65.111,"なおｐ--",21.512,-47.914,"CVPileMaki",13.497,-64.882,"M_lunatic",41.64,-80.908,"Multeinn",-1.823,-100.32,"NABIMan",-44.401,-85.66,2399.566,-32.629,-87.195,2399.7,8,"NABIMan",-31.369,-84.6,0,0,0,0,0,0,0,1
13,1,0,0,0,0,0,1,0,0,0,255,255,255,1,2429.508,"Kr_Luna",L,6,113,1.392,0.221,0.466,1.787,-36.633,0,0,-500,0,-4.291,0,0,0,1,5,L,"shimenawa",175.4,95.341,0.2,0,59,0,0,0,0,0,0,0,0,0,0,0,0,0,0,0,0,0.197,-37.831,"_Chun",0.133,-17.096,"_AKASATA_",-19.484,-43.962,"오띵__",-13.285,-65.19,"なおｐ--",22.008,-48.143,"CVPileMaki",13.568,-64.818,"M_lunatic",39.214,-83.021,"Multeinn",3.655,-100.717,"NABIMan",-39.702,-85.257,0,0,0,0,0,"",0,0,0,0,0,0,0,0,0,0
14,1,0,0,0,0,1,1,0,0,0,255,255,255,2,2446.693,"Kr_Luna",L,3,101,3.076,-0.128,0.042,1.876,-36.457,4,0,375.234,154.995,-0.933,0,0,1,1,5,L,"shimenawa",175.4,95.341,0.2,0,59,0,0,0,0,0,0,0,0,0,0,0,0,0,0,0,0,0.221,-37.604,"_Chun",0.288,-17.073,"_AKASATA_",-19.489,-43.989,"오띵__",-13.287,-65.202,"なおｐ--",22.04,-48.162,"CVPileMaki",13.556,-64.816,"M_lunatic",39.257,-83.159,"Multeinn",2.251,-100.707,"NABIMan",-41.923,-86.539,0,0,0,0,0,"",0,0,0,0,0,0,0,0,0,0
15,1,0,0,0,0,2,1,0,0,0,255,255,255,3,2466.971,"Kr_Luna",L,10,100,0.935,-1.702,0.106,1.604,-36.555,1,0,0,399.579,0.248,0,0,0,1,5,L,"shimenawa",175.4,95.341,0.2,0,112,0,0,0,0,0,0,0,0,0,0,0,0,0,0,0,0,0.163,-37.756,"_Chun",0.072,-17.22,"_AKASATA_",-19.538,-43.956,"오띵__",-13.282,-65.199,"なおｐ--",22.3,-48.575,"CVPileMaki",13.596,-64.812,"M_lunatic",39.457,-83.613,"Multeinn",1.816,-101.99,"NABIMan",-41.381,-86.623,0,0,0,0,0,"",0,0,0,0,0,0,0,0,0,0
16,1,0,0,0,1,2,1,0,0,0,255,255,255,4,2483.423,"Kr_Luna",L,27,140,-1.998,0.851,-0.165,1.95,-36.614,2,0,-83.144,-126.324,3.604,0,0,1,1,5,L,"shimenawa",175.4,95.341,0.2,3,59,2484.523,155,72,15,96,137,81,95.699,-20.071,-0.47,-0.079,-0.039,0.164,0,0,0,-0.054,-37.595,"_Chun",-0.281,-17.179,"_AKASATA_",-19.531,-43.842,"오띵__",-13.287,-65.18,"なおｐ--",22.28,-48.6,"CVPileMaki",13.572,-64.787,"M_lunatic",39.297,-83.47,"Multeinn",0.131,-102.266,"NABIMan",-41.09,-85.803,0,0,0,2490.833,1,"_Chun",-3.403,-10.282,0,0,0,0,0,0,0,1
17,1,0,0,0,0,0,2,0,0,0,255,255,255,5,2521.46,"Kr_Luna",L,10,117,1.355,-0.027,0.15,1.862,-36.386,0,0,0,400,1.399,0,0,1,2,8,R,"Pizzallaris",170.4,89.827,0.402,0,59,0,0,0,0,0,0,0,0,0,0,0,0,0,0,0,0,0.136,-37.691,"_Chun",0.125,-17.138,"_AKASATA_",-19.225,-44.23,"오띵__",-13.505,-64.977,"なおｐ--",21.814,-47.987,"CVPileMaki",13.565,-64.861,"M_lunatic",36.583,-85.236,"Multeinn",1.768,-96.593,"NABIMan",-38.427,-77.764,0,0,0,0,0,"",0,0,0,0,0,0,0,0,0,0
18,1,0,0,0,0,1,2,0,0,0,255,255,255,6,2543.822,"Kr_Luna",L,6,102,-1.471,-0.65,0.201,1.583,-36.485,1,0,-441.565,19.928,-21.63,0,0,0,2,8,R,"Pizzallaris",170.4,89.827,0.402,0,59,0,0,0,0,0,0,0,0,0,0,0,0,0,0,0,0,0.109,-37.496,"_Chun",-0.223,-17.076,"_AKASATA_",-19.432,-44.312,"오띵__",-13.48,-65.012,"なおｐ--",22.003,-48.447,"CVPileMaki",13.546,-64.835,"M_lunatic",35.183,-83.273,"Multeinn",3.078,-100.21,"NABIMan",-38.858,-79.554,0,0,0,0,0,"",0,0,0,0,0,0,0,0,0,0
19,1,0,0,0,1,1,2,0,0,0,255,255,255,7,2562.786,"Kr_Luna",L,27,140,1.398,-0.303,0.07,1.824,-36.433,2,0,-68.193,-113.604,0.367,0,0,1,2,8,R,"Pizzallaris",170.4,89.827,0.402,3,59,2563.845,162,128,23,173,146,84,94.664,67.565,-0.49,-0.074,-0.051,0.319,0,0,0,0.037,-37.419,"_Chun",0.173,-17.212,"_AKASATA_",-19.898,-44.253,"오띵__",-13.521,-65.011,"なおｐ--",22.422,-48.39,"CVPileMaki",13.55,-64.774,"M_lunatic",35.191,-83.265,"Multeinn",2.22,-99.867,"NABIMan",-39.796,-81.243,2570.2,17.806,-11.173,0,0,"",0,0,0,0,0,0,0,0,0,3
20,1,0,0,0,1,2,2,0,0,0,255,255,255,8,2594.534,"Kr_Luna",L,10,118,1,0.065,0.125,1.965,-36.501,2,0,0,400,-2.675,0,0,1,2,8,R,"Pizzallaris",170.4,89.827,0.402,3,59,2595.664,170,144,62,228,153,81,-30,-11.585,0.97,-0.043,-0.008,0.334,0,0,0,0.078,-37.458,"_Chun",0.137,-17.202,"_AKASATA_",-18.935,-42.593,"오띵__",-13.817,-64.893,"なおｐ--",21.211,-47.428,"CVPileMaki",13.543,-64.85,"M_lunatic",35.354,-82.983,"Multeinn",2.462,-98.828,"NABIMan",-41.848,-81.506,2595.816,0.485,-21.875,2598.433,5,"CVPileMaki",8.461,-58.018,0,0,0,0,0,0,0,2
21,2,1,0,0,0,0,0,0,0,0,255,255,255,11,2659.502,"-Alta-",L,13,126,1.373,-0.846,0.047,1.581,-36.362,0,0,370.052,336.247,-2.573,0.588,-17.41,0,4,8,R,"NABIMan",190,99,0.55,0,59,0,0,0,0,0,0,0,0,0,0,0,0,0,0,0,0,0.319,-36.766,"白霜らいふ",0.092,-16.561,"P0TA0",-22.152,-46.182,"あいくんだよー『아이 군』",-11.576,-64.406,"あおいぬ",18.272,-45.053,"shimenawa",12.377,-63.828,"Kenomo",37.109,-89.358,"紅さかな",0.896,-113.966,"Pizzallaris",-38.67,-85.834,0,0,0,0,0,"",0,0,0,0,0,0,0,0,0,0
22,2,1,0,0,0,1,0,0,0,0,255,255,255,12,2684.421,"-Alta-",L,26,140,1.423,1.031,0.197,1.805,-36.34,2,0,-76.584,-200,-12.435,0,0,1,4,8,R,"NABIMan",190,99,0.55,3,35,2685.395,117,103,102,120,142,91,-2.691,0.722,-0.18,-0.113,0.013,0.212,0,0,0,0.553,-37.033,"白霜らいふ",0.08,-16.569,"P0TA0",-22.362,-46.387,"あいくんだよー『아이 군』",-11.545,-64.19,"あおいぬ",18.035,-45.044,"shimenawa",13.616,-63.473,"Kenomo",37.054,-89.272,"紅さかな",0.77,-113.921,"Pizzallaris",-38.701,-85.833,2685.983,0.098,-32.64,2690.483,7,"紅さかな",-7.652,-98.355,1,0,0,0,0,0,0,2
23,2,1,0,0,0,0,0,1,0,0,8,255,255,13,2723.728,"-Alta-",L,10,114,-1.379,-0.511,-0.329,1.974,-36.623,2,0,0,358.443,4.487,0,0,1,5,5,R,"CVPileMaki",169.6,94,0.395,3,59,2724.879,133,81,19,126,139,124,-30,-9.377,0.67,-0.04,-0.08,0.215,0,0,0,0.428,-36.817,"白霜らいふ",-0.032,-16.578,"P0TA0",-18.018,-39.953,"あいくんだよー『아이 군』",-12.423,-63.708,"あおいぬ",16.722,-43.85,"shimenawa",10.782,-61.811,"Kenomo",35.124,-88.757,"紅さかな",-0.313,-111.709,"Pizzallaris",-39.286,-86.905,2725.083,-0.127,-20.257,2726.066,0,"-Alta-",0.135,-36.047,0,0,0,0,0,0,0,2
24,2,1,0,0,0,0,2,0,0,0,255,255,255,14,2758.855,"-Alta-",L,13,122,-0.945,1.588,-0.274,2.035,-36.771,1,0,381.692,322.972,-3.786,0,0,0,6,2,R,"_AKASATA_",190,95.042,0.2,0,59,0,0,0,0,0,0,0,0,0,0,0,0,0,0,0,0,0.259,-36.696,"白霜らいふ",0.09,-16.516,"P0TA0",-22.808,-46.903,"あいくんだよー『아이 군』",-13.63,-63.122,"あおいぬ",16.461,-43.292,"shimenawa",12.282,-64.17,"Kenomo",37.901,-93.867,"紅さかな",1.037,-113.341,"Pizzallaris",-38.679,-85.241,0,0,0,0,0,"",0,0,0,0,0,0,0,0,0,0
25,2,1,0,0,1,0,2,0,0,0,255,255,255,15,2774.63,"-Alta-",L,26,140,1.52,0.271,0.199,1.654,-36.229,1,0,-59.717,-174.972,-14.059,0,0,0,6,2,R,"_AKASATA_",190,95.042,0.2,0,59,0,0,0,0,0,0,0,0,0,0,0,0,0,0,0,0,0.241,-36.668,"白霜らいふ",0.099,-16.575,"P0TA0",-22.716,-46.894,"あいくんだよー『아이 군』",-14.243,-63.138,"あおいぬ",16.631,-43.122,"shimenawa",11.491,-64.266,"Kenomo",37.919,-93.881,"紅さかな",-0.795,-112.58,"Pizzallaris",-38.684,-85.245,0,0,0,0,0,"",0,0,0,0,0,0,0,0,0,0
26,2,1,0,0,2,0,2,0,0,0,255,255,255,16,2790.679,"-Alta-",L,26,140,2.307,0.096,0.124,1.759,-36.316,4,0,-77.446,-184.835,-7.629,0.374,-19.6,1,6,2,R,"_AKASATA_",190,95.042,0.2,0,59,0,0,0,0,0,0,0,0,0,0,0,0,0,0,0,0,0.274,-37.109,"白霜らいふ",0.052,-16.812,"P0TA0",-22.682,-46.959,"あいくんだよー『아이 군』",-14.347,-63.229,"あおいぬ",17.017,-43.343,"shimenawa",10.456,-64.931,"Kenomo",37.908,-93.87,"紅さかな",-0.809,-112.545,"Pizzallaris",-38.698,-85.282,0,0,0,0,0,"",0,0,0,0,0,0,0,0,0,0
27,2,1,0,0,2,1,2,0,0,0,255,255,255,17,2812.836,"-Alta-",L,3,122,-1.048,1.194,-0.353,2.012,-36.695,1,0,389.211,80.961,-0.704,0,0,0,6,2,R,"_AKASATA_",190,95.042,0.2,0,59,0,0,0,0,0,0,0,0,0,0,0,0,0,0,0,0,0.137,-36.651,"白霜らいふ",0.018,-16.557,"P0TA0",-22.856,-46.861,"あいくんだよー『아이 군』",-14.361,-63.241,"あおいぬ",17.014,-43.35,"shimenawa",10.117,-63.75,"Kenomo",37.858,-93.849,"紅さかな",-0.359,-113.18,"Pizzallaris",-39.339,-86.463,0,0,0,0,0,"",0,0,0,0,0,0,0,0,0,0
28,2,1,0,0,3,1,2,0,0,0,255,255,255,18,2829.416,"-Alta-",L,26,140,-1.488,0.792,-0.08,1.844,-36.399,2,0,-166.97,-181.607,-0.926,0,0,1,6,2,R,"_AKASATA_",190,95.042,0.2,3,59,2830.201,200,143,37,237,155,130,56.81,32.404,0.22,0.022,0.007,0.349,0,0,0,0.432,-36.913,"白霜らいふ",0.048,-16.561,"P0TA0",-22.724,-46.952,"あいくんだよー『아이 군』",-14.375,-63.421,"あおいぬ",16.933,-43.218,"shimenawa",14.778,-63.667,"Kenomo",37.882,-93.812,"紅さかな",0.287,-112.637,"Pizzallaris",-39.362,-86.499,2837.75,-39.271,-108.353,2837.95,8,"Pizzallaris",-38.81,-107.17,0,0,0,0,0,0,0,1
29,2,0,0,0,0,0,0,0,0,0,255,255,255,9,2900.417,"Kr_Luna",L,6,112,-1.513,1.092,0.264,1.992,-36.75,1,0,-462.478,0,10.797,0,0,0,3,4,R,"あおいぬ",190,107,0.665,0,59,0,0,0,0,0,0,0,0,0,0,0,0,0,0,0,0,0.275,-37.413,"_Chun",-0.686,-16.188,"_AKASATA_",-21.14,-46.573,"오띵__",-13.367,-65.256,"なおｐ--",20.122,-47.452,"CVPileMaki",13.572,-64.845,"M_lunatic",32.438,-87.135,"Multeinn",-6.558,-106.634,"NABIMan",-51.122,-94.332,0,0,0,0,0,"",0,0,0,0,0,0,0,0,0,0
30,2,0,0,0,0,1,0,0,0,0,255,255,255,10,2921.937,"Kr_Luna",L,3,110,-1.371,0.747,-0.369,1.842,-36.533,0,0,500,0,3.207,0,0,0,3,4,R,"あおいぬ",190,107,0.665,0,59,0,0,0,0,0,0,0,0,0,0,0,0,0,0,0,0,0.087,-37.979,"_Chun",-0.084,-17.131,"_AKASATA_",-21.31,-46.544,"오띵__",-13.384,-65.22,"なおｐ--",20.129,-47.467,"CVPileMaki",13.594,-64.829,"M_lunatic",28.614,-95.399,"Multeinn",-6.876,-108.106,"NABIMan",-51.175,-95.18,0,0,0,0,0,"",0,0,0,0,0,0,0,0,0,0
31,2,0,0,0,0,2,0,0,0,0,255,255,255,11,2939.999,"Kr_Luna",L,10,113,-2.09,0.121,-0.003,1.989,-36.834,2,0,-115.325,381.321,5.775,0,0,1,3,4,R,"あおいぬ",190,107,0.665,3,59,2941.172,151,101,26,153,142,101,22.807,19.583,0.91,-0.033,-0.011,0.383,0,0,0,-0.072,-37.591,"_Chun",-0.241,-16.959,"_AKASATA_",-23.184,-46.619,"오띵__",-13.351,-65.179,"なおｐ--",20.154,-47.504,"CVPileMaki",13.571,-64.835,"M_lunatic",28.608,-95.416,"Multeinn",-5.443,-106.374,"NABIMan",-48.978,-90.844,0,0,0,2945.95,8,"NABIMan",-38.374,-92.506,0,0,0,0,0,0,0,1
32,2,0,0,0,0,0,1,0,0,0,255,255,255,12,2978.655,"Kr_Luna",L,13,108,-1.191,0.758,-0.358,2.044,-36.512,0,0,371.926,326.344,1.445,0,0,0,4,7,R,"紅さかな",173.4,96.324,0.453,0,59,0,0,0,0,0,0,0,0,0,0,0,0,0,0,0,0,0.206,-37.63,"_Chun",-0.184,-17.155,"_AKASATA_",-20.73,-46.446,"오띵__",-13.369,-65.194,"なおｐ--",21.641,-47.839,"CVPileMaki",13.54,-64.878,"M_lunatic",35.678,-82.883,"Multeinn",-2.07,-102.294,"NABIMan",-46.284,-86.714,0,0,0,0,0,"",0,0,0,0,0,0,0,0,0,0
33,2,0,0,0,0,1,1,0,0,0,255,255,255,13,2997.96,"Kr_Luna",L,27,139,-0.833,2.438,0.118,1.858,-36.459,2,0,-112.066,-139.722,-0.632,0,0,1,4,7,R,"紅さかな",173.4,96.324,0.453,3,59,2998.972,210,120,27,255,151,129,1.986,-33.429,0.48,0.023,-0.061,0.034,0,0,0,0.044,-37.314,"_Chun",0.116,-17.117,"_AKASATA_",-20.677,-46.221,"오띵__",-13.324,-65.138,"なおｐ--",21.663,-48.072,"CVPileMaki",13.532,-64.828,"M_lunatic",37.733,-85.254,"Multeinn",0.77,-100.294,"NABIMan",-45.124,-85.566,3001.149,32.789,-74.508,3005.983,6,"M_lunatic",38.682,-96.262,1,0,0,0,0,0,0,2
34,2,0,0,0,0,0,1,1,0,0,16,255,255,14,3041.71,"Kr_Luna",L,10,107,1.289,0.387,0.105,2.148,-36.706,0,0,0,400,-2.282,0,0,0,5,2,R,"P0TA0",190,100,0.443,0,59,0,0,0,0,0,0,0,0,0,0,0,0,0,0,0,0,0.226,-37.907,"_Chun",0.115,-17.254,"_AKASATA_",-19.708,-41.813,"오띵__",-13.883,-64.844,"なおｐ--",21.538,-47.988,"CVPileMaki",6.817,-63.731,"M_lunatic",38.007,-85.948,"Multeinn",-0.377,-108.645,"NABIMan",-44.479,-81.417,0,0,0,0,0,"",0,0,0,0,0,0,0,0,0,0
35,2,0,0,0,0,1,1,1,0,0,16,255,255,15,3059.695,"Kr_Luna",L,10,128,0.915,-0.043,0.13,1.596,-36.357,2,0,0,400,-12.489,0,0,1,5,2,R,"P0TA0",190,100,0.443,2,59,3060.535,180,94,5,128,141,90,-7.938,21.531,-0.26,-0.021,-0.08,0.27,0,0,0,0.221,-37.784,"_Chun",0.092,-17.16,"_AKASATA_",-19.37,-40.973,"오띵__",-13.884,-64.886,"なおｐ--",21.588,-48.043,"CVPileMaki",8.508,-64.859,"M_lunatic",38,-85.947,"Multeinn",-0.829,-105.278,"NABIMan",-43.944,-83.31,3060.983,-1.912,-24.752,3063.083,3,"오띵__",-14.973,-57.95,0,0,0,0,0,0,0,2
36,3,1,0,0,0,0,0,0,0,0,255,255,255,19,3121.308,"-Alta-",L,13,112,-0.025,0.208,-0.41,1.994,-36.661,0,0,367.98,338.512,1.082,0,0,0,7,3,R,"오띵__",164.9,90,0.405,0,59,0,0,0,0,0,0,0,0,0,0,0,0,0,0,0,0,0.153,-36.856,"白霜らいふ",0.088,-16.626,"P0TA0",-22.971,-47.015,"あいくんだよー『아이 군』",-11.792,-63.676,"あおいぬ",17.439,-44.175,"shimenawa",13.998,-63.782,"Kenomo",40.249,-88.908,"紅さかな",0.385,-114.148,"Pizzallaris",-39.429,-86.506,0,0,0,0,0,"",0,0,0,0,0,0,0,0,0,0
37,3,1,0,0,0,1,0,0,0,0,255,255,255,20,3139.05,"-Alta-",L,26,140,1.099,0.509,-0.05,1.929,-36.454,0,0,-122.394,-200,-3.787,0,0,0,7,3,R,"오띵__",164.9,90,0.405,0,59,0,0,0,0,0,0,0,0,0,0,0,0,0,0,0,0,0.809,-37.785,"白霜らいふ",0.107,-16.614,"P0TA0",-23.073,-46.955,"あいくんだよー『아이 군』",-11.77,-63.764,"あおいぬ",17.932,-43.789,"shimenawa",13.342,-64.087,"Kenomo",40.198,-88.925,"紅さかな",0.405,-114.144,"Pizzallaris",-40.076,-86.648,0,0,0,0,0,"",0,0,0,0,0,0,0,0,0,0
38,3,1,0,0,0,2,0,0,0,0,255,255,255,21,3155.315,"-Alta-",L,10,128,-0.615,-2.795,-0.126,1.39,-36.198,1,0,0,400,-7.094,-0.114,-20.22,0,7,3,R,"오띵__",164.9,90,0.405,0,59,0,0,0,0,0,0,0,0,0,0,0,0,0,0,0,0,0.233,-37.153,"白霜らいふ",-0.096,-16.697,"P0TA0",-23.088,-46.954,"あいくんだよー『아이 군』",-11.872,-64.257,"あおいぬ",18.09,-43.69,"shimenawa",10.943,-63.721,"Kenomo",38.865,-88.655,"紅さかな",-0.056,-114.266,"Pizzallaris",-39.965,-86.491,0,0,0,0,0,"",0,0,0,0,0,0,0,0,0,0
39,3,1,0,0,1,2,0,0,0,0,255,255,255,22,3171.873,"-Alta-",L,26,140,0.826,0.757,0.105,1.745,-36.226,0,0,-127.3,-200,-14.441,0,0,1,7,3,R,"오띵__",164.9,90,0.405,0,59,0,0,0,0,0,0,0,0,0,0,0,0,0,0,0,0,0.099,-36.822,"白霜らいふ",0.046,-16.579,"P0TA0",-23.012,-46.457,"あいくんだよー『아이 군』",-12.283,-63.745,"あおいぬ",18.077,-43.762,"shimenawa",9.128,-63.904,"Kenomo",38.857,-88.696,"紅さかな",0.045,-114.297,"Pizzallaris",-39.967,-86.531,0,0,0,0,0,"",0,0,0,0,0,0,0,0,0,0
40,3,1,0,0,0,0,1,0,0,0,255,255,255,23,3201.15,"-Alta-",L,0,0,0,0,0,0,0,0,0,0,0,0,0,0,1,8,7,R,"Multeinn",160,95.343,0.505,0,45,0,0,0,0,0,0,0,0,0,0,0,0,0,0,0,0,0,0,"",0,0,"",0,0,"",0,0,"",0,0,"",0,0,"",0,0,"",0,0,"",0,0,0,0,0,0,0,"",0,0,0,0,0,0,0,0,0,0
41,3,1,0,0,0,1,1,0,0,0,255,255,255,24,3233.674,"-Alta-",L,10,128,1.012,-0.399,0.041,1.806,-36.367,2,0,0,400,-17.333,0.121,-21.007,1,8,7,R,"Multeinn",160,95.343,0.505,3,45,3234.615,196,140,28,255,155,86,-23.388,3.267,-0.45,-0.102,-0.138,0.323,0,0,0,0.326,-36.963,"白霜らいふ",-0.052,-16.706,"P0TA0",-22.433,-46.824,"あいくんだよー『아이 군』",-12.048,-63.497,"あおいぬ",17.586,-43.787,"shimenawa",15.044,-63.378,"Kenomo",35.382,-90.141,"紅さかな",0.25,-113.764,"Pizzallaris",-40.203,-88.017,3235.667,0.83,-41.394,3235.816,0,"-Alta-",0.711,-36.549,0,0,0,0,0,0,0,1
42,3,1,0,0,0,0,2,0,0,0,255,255,255,25,3265.067,"-Alta-",L,26,140,-0.557,0.528,-0.125,1.812,-36.401,0,0,-88.227,-163.698,-1.001,0,0,0,0,6,L,"M_lunatic",160,107,0.444,0,59,0,0,0,0,0,0,0,0,0,0,0,0,0,0,0,0,0.403,-37.002,"白霜らいふ",0.038,-16.589,"P0TA0",-22.204,-46.507,"あいくんだよー『아이 군』",-8.026,-64.122,"あおいぬ",18.167,-43.849,"shimenawa",14.838,-63.608,"Kenomo",38.024,-87.357,"紅さかな",0.706,-112.544,"Pizzallaris",-38.557,-88.586,0,0,0,0,0,"",0,0,0,0,0,0,0,0,0,0
43,3,1,0,0,0,1,2,0,0,0,255,255,255,26,3279.744,"-Alta-",L,26,140,-0.827,1.146,0.031,1.774,-36.313,2,0,-150.974,-200,-10.982,0,0,1,0,6,L,"M_lunatic",160,107,0.444,2,59,3280.742,213,94,14,110,142,78,47.652,7.265,-0.5,0.018,-0.059,0.216,0,0,0,0.45,-37.148,"白霜らいふ",0.015,-16.495,"P0TA0",-22.303,-46.422,"あいくんだよー『아이 군』",-8.831,-64.414,"あおいぬ",17.907,-43.918,"shimenawa",15.37,-63.439,"Kenomo",37.997,-87.369,"紅さかな",0.251,-112.713,"Pizzallaris",-38.557,-88.583,0,0,0,3286.066,3,"あいくんだよー『아이 군』",-9.765,-69.177,0,0,0,0,0,0,0,1
44,3,0,0,0,0,0,0,0,0,0,255,255,255,16,3340.73,"Kr_Luna",L,26,140,0.471,1.058,0.295,1.723,-36.424,2,0,-137.395,-162.056,-4.888,0,0,1,6,1,R,"白霜らいふ",190,100.438,0.2,2,59,3341.778,192,95,39,143,144,90,64.87,41.409,-0.49,-0.106,-0.121,0.373,0,0,0,-0.04,-37.406,"_Chun",0.067,-16.832,"_AKASATA_",-21.027,-45.157,"오띵__",-13.374,-65.126,"なおｐ--",21.537,-48.578,"CVPileMaki",13.559,-64.803,"M_lunatic",37.214,-86.269,"Multeinn",0.127,-103.578,"NABIMan",-44.919,-83.753,0,0,0,3348.016,2,"_AKASATA_",-35.176,-54.719,0,0,0,0,0,0,0,1
45,3,0,0,0,0,0,1,0,0,0,255,255,255,17,3375.725,"Kr_Luna",L,3,84,-1.376,-0.694,-0.534,1.571,-36.552,0,0,381.818,0,-14.915,0,0,0,7,6,R,"Kenomo",174.402,92.022,0.469,0,98,0,0,0,0,0,0,0,0,0,0,0,0,0,0,0,0,0.012,-37.84,"_Chun",-0.081,-17.002,"_AKASATA_",-22.491,-45.433,"오띵__",-13.29,-65.261,"なおｐ--",21.018,-47.591,"CVPileMaki",13.558,-64.881,"M_lunatic",36.339,-82.136,"Multeinn",-1.22,-102.813,"NABIMan",-42.942,-81.288,0,0,0,0,0,"",0,0,0,0,0,0,0,0,0,0
46,3,0,0,0,0,1,1,0,0,0,255,255,255,18,3394.242,"Kr_Luna",L,27,140,-0.499,1.686,0.13,1.879,-36.518,1,0,-98.998,-122.158,-0.371,0,0,0,7,6,R,"Kenomo",174.402,92.022,0.469,0,98,0,0,0,0,0,0,0,0,0,0,0,0,0,0,0,0,0.014,-37.614,"_Chun",0.135,-17.228,"_AKASATA_",-20.719,-45.129,"오띵__",-13.279,-65.177,"なおｐ--",21.554,-48.254,"CVPileMaki",13.562,-64.867,"M_lunatic",36.119,-82.532,"Multeinn",-0.351,-99.153,"NABIMan",-43.607,-82.272,0,0,0,0,0,"",0,0,0,0,0,0,0,0,0,0
47,3,0,0,0,1,1,1,0,0,0,255,255,255,19,3412.698,"Kr_Luna",L,14,101,-2.662,-0.724,-0.023,1.758,-36.554,1,0,-328.542,349.237,-5.41,0,0,0,7,6,R,"Kenomo",174.402,92.022,0.469,0,98,0,0,0,0,0,0,0,0,0,0,0,0,0,0,0,0,0.442,-37.904,"_Chun",-0.256,-17.059,"_AKASATA_",-22.868,-45.023,"오띵__",-13.301,-65.203,"なおｐ--",21.625,-48.547,"CVPileMaki",13.565,-64.855,"M_lunatic",36.097,-82.519,"Multeinn",2.333,-99.847,"NABIMan",-42.231,-83.644,0,0,0,0,0,"",0,0,0,0,0,0,0,0,0,0
48,3,0,0,0,2,1,1,0,0,0,255,255,255,20,3428.873,"Kr_Luna",L,10,121,1.236,0.705,0.139,1.771,-36.42,0,0,0,400,-5.703,0,0,0,7,6,R,"Kenomo",174.402,92.022,0.469,0,98,0,0,0,0,0,0,0,0,0,0,0,0,0,0,0,0,0.28,-37.848,"_Chun",0.13,-17.163,"_AKASATA_",-22.656,-46.148,"오띵__",-13.313,-65.178,"なおｐ--",21.554,-48.45,"CVPileMaki",13.587,-64.845,"M_lunatic",36.111,-82.514,"Multeinn",2.343,-101.512,"NABIMan",-43.291,-84.085,0,0,0,0,0,"",0,0,0,0,0,0,0,0,0,0
49,3,0,0,0,2,2,1,0,0,0,255,255,255,21,3447.618,"Kr_Luna",L,6,101,-2.201,-0.027,0.108,1.727,-36.576,2,0,-416.794,27.194,-11.271,0,0,1,7,6,R,"Kenomo",174.402,92.022,0.469,2,98,3448.791,138,91,19,121,141,89,17.956,7.188,0.94,-0.051,-0.129,0.314,0,0,0,0.323,-37.777,"_Chun",-0.223,-17.225,"_AKASATA_",-23.197,-45.617,"오띵__",-13.318,-65.157,"なおｐ--",21.587,-48.687,"CVPileMaki",13.555,-64.821,"M_lunatic",35.946,-82.344,"Multeinn",0.301,-100.492,"NABIMan",-44.607,-86.005,3453.25,-15.326,-93.388,3453.55,7,"Multeinn",-14.799,-91.169,0,0,0,0,0,0,0,1
50,3,0,0,0,0,0,2,0,0,0,255,255,255,22,3482.511,"Kr_Luna",L,6,116,0.736,0.458,0.405,1.833,-36.651,0,0,-488.762,0,-1.755,0,0,0,8,3,L,"あいくんだよー『아이 군』",175,90,0.4,0,59,0,0,0,0,0,0,0,0,0,0,0,0,0,0,0,0,0.101,-37.859,"_Chun",0.193,-17.087,"_AKASATA_",-21.376,-45.898,"오띵__",-13.287,-65.213,"なおｐ--",21.896,-48.58,"CVPileMaki",13.573,-64.897,"M_lunatic",35.042,-80.149,"Multeinn",2.266,-100.971,"NABIMan",-40.993,-82.545,0,0,0,0,0,"",0,0,0,0,0,0,0,0,0,0
51,3,0,0,0,0,1,2,0,0,0,255,255,255,23,3499.389,"Kr_Luna",L,3,104,3.925,0.087,0.125,1.826,-36.439,4,0,395.48,0,3.015,0,0,1,8,3,L,"あいくんだよー『아이 군』",175,90,0.4,0,59,0,0,0,0,0,0,0,0,0,0,0,0,0,0,0,0,0.231,-37.987,"_Chun",0.521,-17.097,"_AKASATA_",-21.482,-45.779,"오띵__",-13.275,-65.175,"なおｐ--",21.923,-48.575,"CVPileMaki",13.559,-64.836,"M_lunatic",35.019,-80.149,"Multeinn",1.254,-100.782,"NABIMan",-42.295,-83.091,0,0,0,0,0,"",0,0,0,0,0,0,0,0,0,0
52,3,0,0,0,0,2,2,0,0,0,255,255,255,24,3519.421,"Kr_Luna",L,6,92,0.937,-0.628,0.588,1.652,-36.755,0,0,-388.537,0,-14.84,0,0,1,8,3,L,"あいくんだよー『아이 군』",175,90,0.4,0,59,0,0,0,0,0,0,0,0,0,0,0,0,0,0,0,0,0.296,-37.812,"_Chun",0.259,-17.189,"_AKASATA_",-21.223,-45.535,"오띵__",-13.312,-65.198,"なおｐ--",22.013,-48.727,"CVPileMaki",13.57,-64.874,"M_lunatic",35.031,-80.159,"Multeinn",0.244,-101.177,"NABIMan",-40.042,-82.805,0,0,0,0,0,"",0,0,0,0,0,0,0,0,0,0
53,4,1,0,0,0,0,0,0,0,0,255,255,255,27,3576.958,"-Alta-",L,26,139,0.738,0.798,0.063,1.813,-36.439,2,0,-87.972,-169.88,-0.846,0,0,1,1,4,R,"なおｐ--",190,90.37,0.412,3,59,3577.998,155,103,29,162,143,130,37.455,9.337,0.36,-0.034,-0.083,0.465,0,0,0,0.508,-37.134,"白霜らいふ",0.188,-16.573,"P0TA0",-22.778,-46.908,"あいくんだよー『아이 군』",-14.396,-63.285,"あおいぬ",17.121,-43.755,"shimenawa",14.782,-63.303,"Kenomo",33.682,-89.731,"紅さかな",-0.04,-112.591,"Pizzallaris",-38.073,-86.032,3584.566,-41.911,-127.122,0,0,"",0,0,0,0,0,0,0,0,0,4
54,4,1,1,0,0,0,0,0,0,0,255,255,255,28,3628.175,"-Alta-",L,3,126,-0.22,1.048,-0.241,1.927,-36.646,2,0,490.11,0.092,-3.824,0,0,1,2,1,L,"_Chun",190,95.123,0.455,3,59,3629.144,169,104,36,143,144,125,28.775,29.98,0.78,-0.052,0.025,0.153,0,0,0,0.273,-36.645,"白霜らいふ",0.158,-16.354,"P0TA0",-22.766,-46.978,"あいくんだよー『아이 군』",-10.822,-64.937,"あおいぬ",17.665,-43.894,"shimenawa",15.474,-63.613,"Kenomo",35.432,-90.243,"紅さかな",0.024,-118.976,"Pizzallaris",-37.865,-89.094,3635.2,-54.071,-127.01,0,0,"",0,0,0,0,0,0,0,0,0,4
55,4,1,2,0,0,0,0,0,0,0,255,255,255,29,3677.308,"-Alta-",L,27,140,0.142,0.142,0.106,1.612,-36.235,2,0,-51.79,-125.542,-4.795,0,0,1,3,0,L,"Kr_Luna",190,96.779,0.501,2,59,3678.092,186,114,38,152,150,117,54.708,-45.523,0.12,0.028,-0.038,0.337,0,0,0,0.421,-36.724,"白霜らいふ",0.041,-16.475,"P0TA0",-22.751,-46.92,"あいくんだよー『아이 군』",-11.136,-65.116,"あおいぬ",17.546,-44.052,"shimenawa",14.611,-63.223,"Kenomo",35.078,-93.702,"紅さかな",-0.44,-119.439,"Pizzallaris",-38.091,-88.069,3684.433,71.993,-79.558,0,0,"",0,0,0,0,0,0,0,0,0,3
56,4,1,2,0,0,1,0,0,0,0,255,255,255,30,3700.854,"-Alta-",L,3,127,2.246,-1.064,0.049,1.619,-36.325,1,0,398.654,209.679,-3.343,0,0,0,3,0,L,"Kr_Luna",190,96.779,0.501,0,59,0,0,0,0,0,0,0,0,0,0,0,0,0,0,0,0,0.305,-37.151,"白霜らいふ",0.136,-16.515,"P0TA0",-22.824,-47.001,"あいくんだよー『아이 군』",-9.429,-65.228,"あおいぬ",17.77,-43.206,"shimenawa",13.921,-64,"Kenomo",35.974,-92.073,"紅さかな",-0.56,-119.556,"Pizzallaris",-38.051,-87.595,0,0,0,0,0,"",0,0,0,0,0,0,0,0,0,0
57,4,1,2,0,1,1,0,0,0,0,255,255,255,31,3717.638,"-Alta-",L,3,129,3.061,0.334,0.15,1.801,-36.328,4,0,386.79,0,-2.05,0,0,1,3,0,L,"Kr_Luna",190,96.779,0.501,0,59,0,0,0,0,0,0,0,0,0,0,0,0,0,0,0,0,0.642,-37.025,"白霜らいふ",0.107,-16.414,"P0TA0",-22.759,-46.92,"あいくんだよー『아이 군』",-10.421,-66.707,"あおいぬ",17.481,-43.424,"shimenawa",13.003,-64.248,"Kenomo",36.052,-92.217,"紅さかな",-0.257,-120.029,"Pizzallaris",-37.996,-87.972,0,0,0,0,0,"",0,0,0,0,0,0,0,0,0,0
58,4,1,2,0,1,2,0,0,0,0,255,255,255,32,3732.781,"-Alta-",L,26,140,-0.178,0.43,0.081,1.675,-36.262,2,0,-96.774,-200,-3.924,0,0,1,3,0,L,"Kr_Luna",190,96.779,0.501,2,59,3733.548,191,116,39,156,152,111,17.881,-29.564,0.07,-0.001,-0.036,0.373,0,0,0,0.786,-36.956,"白霜らいふ",0.062,-16.517,"P0TA0",-22.774,-46.962,"あいくんだよー『아이 군』",-10.53,-65.673,"あおいぬ",17.517,-43.412,"shimenawa",14.045,-63.885,"Kenomo",36.056,-92.226,"紅さかな",-0.277,-119.993,"Pizzallaris",-37.878,-87.918,3737.583,55.335,-87.859,3740.116,6,"Kenomo",60.932,-91.662,1,0,0,0,0,0,0,2
59,4,1,2,0,0,0,0,0,1,0,255,0,255,33,3775.128,"-Alta-",L,13,129,2.382,-0.402,0.043,1.739,-36.34,2,0,257.724,235.426,0.861,0,0,1,4,8,L,"NABIMan",190,99,0.55,3,59,3776.034,191,150,9,229,155,130,25.945,-27.627,0.72,0.093,-0.033,0.556,0,0,0,0.488,-37.006,"白霜らいふ",0.189,-16.185,"P0TA0",-22.958,-47.908,"あいくんだよー『아이 군』",-6.895,-62.769,"あおいぬ",18.408,-43.269,"shimenawa",16.184,-63.396,"Kenomo",33.333,-87.176,"紅さかな",2.086,-116.975,"Pizzallaris",-37.394,-85.139,3780.766,69.288,-107.55,0,0,"",0,0,0,0,0,0,0,0,0,4
60,4,1,4,0,0,0,0,0,0,0,255,255,255,0,4160.921,"甲斐野柊太",R,0,107,1.104,-0.32,0.154,1.734,-36.883,0,0,-0.604,0,-5.605,0,0,0,5,5,R,"CVPileMaki",169.6,94,0.395,0,59,0,0,0,0,0,0,0,0,0,0,0,0,0,0,0,0,-0.218,-37.336,"あおいぬ",-0.002,-16.725,"P0TA0",-22.745,-47.304,"あいくんだよー『아이 군』",-11.183,-63.999,"白霜らいふ",22.969,-47.926,"shimenawa",12.768,-64.342,"Kenomo",36.269,-91.948,"紅さかな",-0.245,-115.716,"Pizzallaris",-40.434,-87.83,0,0,0,0,0,"",0,0,0,0,0,0,0,0,0,0
61,4,1,4,0,0,1,0,0,0,0,255,255,255,1,4179.39,"甲斐野柊太",R,10,95,0.7,-2.483,0.097,1.563,-36.69,2,0,0,400,-12.276,0.13,-20.005,1,5,5,R,"CVPileMaki",169.6,94,0.395,3,59,4180.648,219,126,58,141,155,120,-30,-29.177,0.63,-0.136,-0.221,0.18,0,0,0,-0.157,-37.028,"あおいぬ",0.016,-16.974,"P0TA0",-22.468,-46.861,"あいくんだよー『아이 군』",-10.771,-64.907,"白霜らいふ",23.016,-47.933,"shimenawa",15.234,-63.936,"Kenomo",37.3,-92.347,"紅さかな",-0.025,-116.113,"Pizzallaris",-40.447,-87.824,4180.816,0.176,-19.553,4184.083,6,"Kenomo",34.779,-82.011,1,0,0,0,0,0,0,2
62,4,1,4,0,0,0,0,1,0,0,5,255,255,2,4214.274,"甲斐野柊太",R,10,113,0.63,-2.529,0.059,1.415,-36.663,1,0,0,400,-4.595,0.113,-21.293,0,6,2,R,"_AKASATA_",190,95.042,0.2,0,59,0,0,0,0,0,0,0,0,0,0,0,0,0,0,0,0,-0.085,-37.371,"あおいぬ",-0.828,-18.395,"P0TA0",-17.816,-39.908,"あいくんだよー『아이 군』",-11.087,-62.582,"白霜らいふ",20.537,-47.907,"shimenawa",7.786,-62.365,"Kenomo",37.886,-93.953,"紅さかな",0.313,-114.116,"Pizzallaris",-40.44,-87.844,0,0,0,0,0,"",0,0,0,0,0,0,0,0,0,0
63,4,1,4,0,1,0,0,1,0,0,5,255,255,3,4234.216,"甲斐野柊太",R,0,118,3.502,-0.149,0.326,1.782,-36.837,1,0,0,0,0,0,0,0,6,2,R,"_AKASATA_",190,95.042,0.2,0,59,0,0,0,0,0,0,0,0,0,0,0,0,0,0,0,0,-0.129,-37.16,"あおいぬ",-0.042,-17.081,"P0TA0",-18.11,-39.745,"あいくんだよー『아이 군』",-10.854,-63.59,"白霜らいふ",20.632,-48.314,"shimenawa",8.183,-63.47,"Kenomo",37.866,-93.912,"紅さかな",-1.256,-114.082,"Pizzallaris",-40.428,-87.843,0,0,0,0,0,"",0,0,0,0,0,0,0,0,0,0
64,4,1,4,0,2,0,0,1,0,0,5,255,255,4,4251.628,"甲斐野柊太",R,3,101,-5.288,-1.638,-0.235,1.515,-36.743,1,0,-266.555,53.711,7.901,-1.192,-17.872,0,6,2,R,"_AKASATA_",190,95.042,0.2,0,59,0,0,0,0,0,0,0,0,0,0,0,0,0,0,0,0,-0.356,-37.291,"あおいぬ",-0.355,-17.474,"P0TA0",-18.025,-39.664,"あいくんだよー『아이 군』",-10.188,-63.48,"白霜らいふ",21.475,-47.946,"shimenawa",7.201,-62.879,"Kenomo",37.819,-93.978,"紅さかな",-1.106,-114.065,"Pizzallaris",-40.458,-87.811,0,0,0,0,0,"",0,0,0,0,0,0,0,0,0,0
65,4,1,4,0,3,0,0,1,0,0,5,255,255,5,4272.513,"甲斐野柊太",R,10,97,0.726,-1.225,0.101,1.773,-36.736,1,0,0,400,-9.394,0.139,-17.945,0,6,2,R,"_AKASATA_",190,95.042,0.2,0,59,0,0,0,0,0,0,0,0,0,0,0,0,0,0,0,0,-0.265,-37.061,"あおいぬ",-0.118,-17.404,"P0TA0",-18.167,-39.234,"あいくんだよー『아이 군』",-10.834,-63.741,"白霜らいふ",21.469,-47.939,"shimenawa",8.067,-63.582,"Kenomo",38.258,-94.734,"紅さかな",-2.357,-114.516,"Pizzallaris",-42.007,-87.082,0,0,0,0,0,"",0,0,0,0,0,0,0,0,0,5
66,4,1,4,0,0,0,0,1,1,0,2,5,255,6,4301.203,"甲斐野柊太",R,0,132,0.337,-0.506,0.031,1.734,-36.561,2,0,0,0,0,0,0,1,7,3,R,"오띵__",164.9,90,0.405,3,59,4302.094,163,96,52,86,145,121,50,-3.182,0.29,0.021,-0.06,0.162,0,0,0,-0.246,-36.805,"あおいぬ",0.023,-16.769,"P0TA0",-20.037,-40.531,"あいくんだよー『아이 군』",-10.764,-63.661,"白霜らいふ",20.413,-45.8,"shimenawa",12.476,-63.27,"Kenomo",38.316,-94.897,"紅さかな",-0.986,-115.671,"Pizzallaris",-42.019,-87.096,4309.2,-1.298,-110.785,4309.55,7,"紅さかな",-1.252,-109.34,0,0,0,0,0,0,0,1
67,4,1,4,0,0,0,1,1,1,0,2,5,255,7,4337.665,"甲斐野柊太",R,14,95,1.665,-1.914,0.022,1.748,-36.673,1,0,259.871,399.321,6.111,0.384,-19.046,0,8,7,R,"Multeinn",160,95.343,0.505,0,59,0,0,0,0,0,0,0,0,0,0,0,0,0,0,0,0,-0.121,-37.135,"あおいぬ",0.129,-17.025,"P0TA0",-20.162,-41.278,"あいくんだよー『아이 군』",-13.137,-63.241,"白霜らいふ",20.634,-44.71,"shimenawa",8.95,-62.624,"Kenomo",37.956,-90.707,"紅さかな",-0.585,-113.504,"Pizzallaris",-38.078,-86.357,0,0,0,0,0,"",0,0,0,0,0,0,0,0,0,0
68,4,1,4,0,1,0,1,1,1,0,2,5,255,8,4354.319,"甲斐野柊太",R,0,133,0.519,-0.447,0.048,1.747,-36.627,0,0,0,0,0,0,0,1,8,7,R,"Multeinn",160,95.343,0.505,0,59,0,0,0,0,0,0,0,0,0,0,0,0,0,0,0,0,-0.199,-37.07,"あおいぬ",-0.01,-16.736,"P0TA0",-19.532,-41.449,"あいくんだよー『아이 군』",-12.514,-63.614,"白霜らいふ",20.947,-44.977,"shimenawa",8.472,-62.96,"Kenomo",37.947,-90.673,"紅さかな",-0.59,-114.269,"Pizzallaris",-38.067,-86.354,0,0,0,0,0,"",0,0,0,0,0,0,0,0,0,0
69,4,1,4,0,1,1,1,1,1,0,2,5,255,9,4371.495,"甲斐野柊太",R,6,83,3.034,-1.209,0.073,1.57,-36.741,4,0,377.273,0,-9.158,0,0,1,8,7,R,"Multeinn",160,95.343,0.505,0,59,0,0,0,0,0,0,0,0,0,0,0,0,0,0,0,0,-0.074,-37.103,"あおいぬ",0.368,-18.033,"P0TA0",-19.672,-41.129,"あいくんだよー『아이 군』",-12.211,-63.674,"白霜らいふ",19.487,-42.062,"shimenawa",6.729,-62.488,"Kenomo",37.969,-90.801,"紅さかな",-0.685,-114.781,"Pizzallaris",-38.054,-86.346,0,0,0,0,0,"",0,0,0,0,0,0,0,0,0,0
70,4,1,4,0,1,2,1,1,1,0,2,5,255,10,4392.68,"甲斐野柊太",R,1,89,-4.297,-2.389,-0.057,1.815,-37.133,1,0,0,0,1.768,0,0,0,8,7,R,"Multeinn",160,95.343,0.505,0,44,0,0,0,0,0,0,0,0,0,0,0,0,0,0,0,0,-0.445,-37.38,"あおいぬ",-0.378,-18.245,"P0TA0",-19.785,-41.45,"あいくんだよー『아이 군』",-11.849,-63.529,"白霜らいふ",20.79,-44.28,"shimenawa",7.986,-62.86,"Kenomo",38.069,-91.343,"紅さかな",-0.579,-111.964,"Pizzallaris",-38.064,-86.304,0,0,0,0,0,"",0,0,0,0,0,0,0,0,0,0
71,4,1,4,0,2,2,1,1,0,1,2,255,5,11,4418.043,"甲斐野柊太",R,0,130,0.475,-0.06,0.044,1.8,-36.612,0,0,0,0,0,0,0,1,8,7,R,"Multeinn",160,95.343,0.505,0,44,0,0,0,0,0,0,0,0,0,0,0,0,0,0,0,0,-0.208,-36.982,"あおいぬ",-0.084,-17.197,"P0TA0",-17.782,-40.425,"あいくんだよー『아이 군』",-9.232,-62.795,"白霜らいふ",20.171,-44.094,"shimenawa",6.069,-61.571,"Kenomo",33.427,-89.036,"紅さかな",-0.072,-112.876,"Pizzallaris",-37.444,-86.502,0,0,0,0,0,"",0,0,0,0,0,0,0,0,0,0
72,4,1,4,0,0,0,2,1,0,1,2,255,5,12,4445.077,"甲斐野柊太",R,10,94,-0.005,-2.533,-0.001,1.622,-36.824,1,0,0,400,2.947,0,0,0,0,6,L,"M_lunatic",160,107,0.444,0,59,0,0,0,0,0,0,0,0,0,0,0,0,0,0,0,0,-0.159,-37.406,"あおいぬ",-0.038,-16.931,"P0TA0",-18.072,-39.436,"あいくんだよー『아이 군』",-7.926,-63.998,"白霜らいふ",19.826,-44.342,"shimenawa",9.038,-63.369,"Kenomo",34.154,-89.57,"紅さかな",0.438,-109.267,"Pizzallaris",-39.692,-88.061,0,0,0,0,0,"",0,0,0,0,0,0,0,0,0,0
73,4,1,4,0,1,0,2,1,0,1,2,255,5,13,4461.074,"甲斐野柊太",R,0,127,-1.471,-1.131,-0.136,1.653,-36.61,1,0,0,0,0,0,0,0,0,6,L,"M_lunatic",160,107,0.444,0,59,0,0,0,0,0,0,0,0,0,0,0,0,0,0,0,0,-0.357,-36.88,"あおいぬ",-0.258,-17.226,"P0TA0",-18.663,-38.985,"あいくんだよー『아이 군』",-4.907,-62.001,"白霜らいふ",19.85,-43.551,"shimenawa",8.105,-61.167,"Kenomo",34.123,-89.523,"紅さかな",0.435,-109.251,"Pizzallaris",-39.648,-88.051,0,0,0,0,0,"",0,0,0,0,0,0,0,0,0,0
74,4,1,4,0,2,0,2,1,0,1,2,255,5,14,4481.337,"甲斐野柊太",R,14,108,1.654,-2.97,0.011,1.445,-36.637,1,0,354.52,345.857,-10.47,0.255,-21.767,0,0,6,L,"M_lunatic",160,107,0.444,0,59,0,0,0,0,0,0,0,0,0,0,0,0,0,0,0,0,-0.011,-37.29,"あおいぬ",0.06,-17.035,"P0TA0",-17.708,-40.148,"あいくんだよー『아이 군』",-5.567,-62.185,"白霜らいふ",19.815,-41.407,"shimenawa",8.537,-62.142,"Kenomo",34.107,-89.541,"紅さかな",-0.308,-108.734,"Pizzallaris",-39.629,-88.044,0,0,0,0,0,"",0,0,0,0,0,0,0,0,0,0
75,4,1,4,0,3,0,2,1,0,1,2,255,5,15,4497.234,"甲斐野柊太",R,0,123,-0.904,-1.099,-0.084,1.657,-36.589,0,0,0,0,0,0,0,0,0,6,L,"M_lunatic",160,107,0.444,0,59,0,0,0,0,0,0,0,0,0,0,0,0,0,0,0,0,-0.317,-36.878,"あおいぬ",-0.123,-16.842,"P0TA0",-18.395,-39.625,"あいくんだよー『아이 군』",-5.154,-61.104,"白霜らいふ",19.541,-42.865,"shimenawa",10.796,-62.513,"Kenomo",34.093,-89.462,"紅さかな",-0.298,-108.73,"Pizzallaris",-40.868,-90.234,0,0,0,0,0,"",0,0,0,0,0,0,0,0,0,0
76,4,1,4,0,3,1,2,1,0,1,2,255,5,16,4515.825,"甲斐野柊太",R,0,124,-1.429,-0.821,-0.133,1.695,-36.534,0,0,0,0,0,0,0,1,0,6,L,"M_lunatic",160,107,0.444,0,59,0,0,0,0,0,0,0,0,0,0,0,0,0,0,0,0,-0.32,-37.062,"あおいぬ",-0.269,-16.953,"P0TA0",-18.171,-39.823,"あいくんだよー『아이 군』",-6.289,-61.962,"白霜らいふ",19.184,-41.142,"shimenawa",10.878,-61.313,"Kenomo",34.101,-89.504,"紅さかな",-0.275,-108.741,"Pizzallaris",-40.638,-89.975,0,0,0,0,0,"",0,0,0,0,0,0,0,0,0,0
77,4,1,4,0,3,2,2,1,0,1,2,255,5,17,4533.503,"甲斐野柊太",R,10,107,-0.184,-2.157,-0.017,1.681,-36.607,2,0,0,400,-13.397,0,0,1,0,6,L,"M_lunatic",160,107,0.444,2,59,4534.603,207,145,53,179,155,85,-43.374,-18.319,-0.47,0.099,-0.155,0.473,0,0,0,-0.259,-36.943,"あおいぬ",-0.013,-16.865,"P0TA0",-17.427,-40.41,"あいくんだよー『아이 군』",-9.575,-63.474,"白霜らいふ",19.871,-43.258,"shimenawa",15.103,-63.408,"Kenomo",34.142,-89.532,"紅さかな",-0.31,-108.721,"Pizzallaris",-40.663,-89.987,4534.85,0.093,-21.79,4537.466,5,"shimenawa",10.765,-54.552,0,1,0,0,0,0,0,2
78,4,0,4,0,0,0,0,0,0,0,255,255,255,25,4600.74,"Kr_Luna",L,3,110,-0.376,2.018,-0.347,2.178,-36.832,1,0,434.958,155.602,3.063,0,0,0,0,9,L,"-Alta-",190,88,0.5,0,59,0,0,0,0,0,0,0,0,0,0,0,0,0,0,0,0,0.093,-37.512,"_Chun",-0.064,-17.343,"_AKASATA_",-22.037,-44.988,"오띵__",-13.257,-65.23,"なおｐ--",21.961,-48.542,"CVPileMaki",13.518,-64.894,"M_lunatic",37.037,-83.675,"Multeinn",-0.58,-107.978,"NABIMan",-45.219,-85.067,0,0,0,0,0,"",0,0,0,0,0,0,0,0,0,0
79,4,0,4,0,1,0,0,0,0,0,255,255,255,26,4621.253,"Kr_Luna",L,6,117,0.792,0.209,0.355,1.729,-36.585,2,0,-482.471,131.231,-10.904,0,0,1,0,9,L,"-Alta-",190,88,0.5,3,59,4622.321,221,176,40,199,155,128,-30,14.538,0.39,0.056,-0.191,0.326,0,0,0,0.183,-37.863,"_Chun",0.17,-17.125,"_AKASATA_",-21.906,-44.965,"오띵__",-13.246,-65.224,"なおｐ--",22.212,-48.935,"CVPileMaki",13.531,-64.849,"M_lunatic",37.04,-83.666,"Multeinn",-1.854,-105.579,"NABIMan",-42.062,-88.841,4622.517,-0.304,-23.205,4631.316,7,"Multeinn",-14.302,-126.514,1,0,0,0,0,0,0,2
80,4,0,4,0,0,0,0,0,1,0,255,9,255,27,4663.034,"Kr_Luna",L,3,117,0.99,0.963,-0.054,1.839,-36.554,0,0,393.837,0,7.769,0,0,1,1,5,L,"shimenawa",175.4,95.341,0.2,0,59,0,0,0,0,0,0,0,0,0,0,0,0,0,0,0,0,0.306,-37.922,"_Chun",0.22,-17.15,"_AKASATA_",-20.953,-45.535,"오띵__",-6.522,-65.94,"なおｐ--",21.388,-44.9,"CVPileMaki",13.5,-64.796,"M_lunatic",33.148,-83.87,"Multeinn",2.528,-105.54,"NABIMan",-42.58,-86.009,0,0,0,0,0,"",0,0,0,0,0,0,0,0,0,0
81,4,0,4,0,0,1,0,0,1,0,255,9,255,28,4684.89,"Kr_Luna",L,26,140,-0.858,0.598,0.027,1.773,-36.48,2,0,-94.615,-200,-2.861,0,0,1,1,5,L,"shimenawa",175.4,95.341,0.2,3,59,4685.997,156,75,6,132,136,99,59.597,-8.621,0.1,-0.06,-0.064,0.158,0,0,0,0.185,-37.7,"_Chun",-0.318,-17.132,"_AKASATA_",-20.352,-44.433,"오띵__",-9.005,-66.731,"なおｐ--",22.089,-48.141,"CVPileMaki",13.519,-64.797,"M_lunatic",33.143,-83.785,"Multeinn",3.549,-105.277,"NABIMan",-37.528,-90.132,4692.616,10.786,-73.297,4692.716,5,"CVPileMaki",10.554,-72.2,0,0,0,0,0,0,0,1
82,4,0,4,0,0,0,1,0,1,0,255,9,255,29,4723.257,"Kr_Luna",L,14,115,0.954,-0.963,0.323,1.725,-36.46,2,0,-373.487,332.427,-22.672,0,0,1,2,8,R,"Pizzallaris",170.4,89.827,0.402,3,59,4724.434,101,126,35,163,140,101,20.374,33.26,0.11,-0.026,-0.023,0.305,0,0,0,0.145,-37.61,"_Chun",0.244,-17.171,"_AKASATA_",-20.81,-44.805,"오띵__",-9.082,-66.035,"なおｐ--",21.279,-47.329,"CVPileMaki",13.531,-64.789,"M_lunatic",35.863,-80.615,"Multeinn",2.263,-104.698,"NABIMan",-42.042,-83.433,0,0,0,4728.733,8,"NABIMan",-50.39,-75.991,0,0,0,0,0,0,0,1
83,4,0,4,0,0,0,2,0,1,0,255,9,255,30,4761.358,"Kr_Luna",L,14,104,-2.764,-0.655,0.056,1.835,-36.702,4,0,-369.138,312.348,-18.295,0,0,1,3,1,R,"あおいぬ",190,107,0.665,0,59,0,0,0,0,0,0,0,0,0,0,0,0,0,0,0,0,0.417,-38.239,"_Chun",-0.377,-17.257,"_AKASATA_",-20.273,-44.846,"오띵__",-13.015,-65.279,"なおｐ--",21.781,-45.5,"CVPileMaki",10.037,-64.531,"M_lunatic",27.107,-91.986,"Multeinn",-7.255,-105.398,"NABIMan",-48.312,-91.268,0,0,0,0,0,"",0,0,0,0,0,0,0,0,0,0
84,4,0,4,0,0,1,2,0,1,0,255,9,255,31,4782.219,"Kr_Luna",L,28,130,-0.987,1.624,0.045,1.981,-36.644,4,0,-84.773,-85.125,-1.157,0,0,1,3,1,R,"あおいぬ",190,107,0.665,0,59,0,0,0,0,0,0,0,0,0,0,0,0,0,0,0,0,0.302,-37.976,"_Chun",-0.413,-17.216,"_AKASATA_",-20.243,-44.84,"오띵__",-13.04,-65.305,"なおｐ--",21.801,-45.571,"CVPileMaki",12.623,-64.584,"M_lunatic",27.579,-94.08,"Multeinn",-3.593,-106.623,"NABIMan",-46.099,-92.56,0,0,0,0,0,"",0,0,0,0,0,0,0,0,0,0
85,4,0,4,0,0,2,2,0,1,0,255,9,255,32,4803.424,"Kr_Luna",L,26,140,-1.293,-0.873,-0.003,1.469,-36.437,0,0,-81.293,-200,-3.798,0,0,0,3,1,R,"あおいぬ",190,107,0.665,0,59,0,0,0,0,0,0,0,0,0,0,0,0,0,0,0,0,0.171,-38.164,"_Chun",-0.272,-17.455,"_AKASATA_",-20.461,-44.368,"오띵__",-13.065,-65.259,"なおｐ--",21.376,-45.328,"CVPileMaki",10.239,-63.489,"M_lunatic",27.569,-94.048,"Multeinn",-2.68,-108.686,"NABIMan",-45.498,-91.629,0,0,0,0,0,"",0,0,0,0,0,0,0,0,0,0
86,5,1,4,0,0,0,0,0,0,0,255,255,255,18,4860.011,"甲斐野柊太",R,10,105,0.331,-1.394,-0.008,1.799,-36.789,2,0,9.573,398.203,-7.015,0,0,1,1,4,R,"なおｐ--",190,90.37,0.412,3,77,4861.253,160,113,40,152,145,116,23.654,30.122,0.84,-0.078,-0.158,0.367,0,0,0,-0.194,-36.991,"あおいぬ",0.036,-16.918,"P0TA0",-22.842,-47.447,"あいくんだよー『아이 군』",-14.232,-61.972,"白霜らいふ",22.589,-47.833,"shimenawa",14.499,-63.542,"Kenomo",37.701,-92.898,"紅さかな",0.224,-116.434,"Pizzallaris",-41.647,-90.308,4866.316,-55.329,-100.745,4868.966,8,"Pizzallaris",-46.574,-95.698,1,0,0,0,0,0,0,2
87,5,1,4,0,0,0,0,0,1,0,255,4,255,19,4933.733,"甲斐野柊太",R,0,99,2.51,0.258,0.349,1.888,-37.146,1,0,0,0,-4.167,0,0,0,2,1,L,"_Chun",190,95.123,0.455,0,88,0,0,0,0,0,0,0,0,0,0,0,0,0,0,0,0,-0.292,-36.972,"あおいぬ",0.129,-16.714,"P0TA0",-22.245,-46.638,"あいくんだよー『아이 군』",-8.174,-63.844,"白霜らいふ",21.099,-44.416,"shimenawa",10.778,-63.623,"Kenomo",35.176,-91.059,"紅さかな",-2.049,-119.599,"Pizzallaris",-38.772,-94.877,0,0,0,0,0,"",0,0,0,0,0,0,0,0,0,0
88,5,1,4,0,1,0,0,0,1,0,255,4,255,20,4951.714,"甲斐野柊太",R,10,106,-0.571,-1.919,-0.079,1.529,-36.618,4,0,0,400,-0.259,-0.108,-19.176,1,2,1,L,"_Chun",190,95.123,0.455,0,88,0,0,0,0,0,0,0,0,0,0,0,0,0,0,0,0,-0.194,-37.271,"あおいぬ",0.071,-16.94,"P0TA0",-21.201,-46.439,"あいくんだよー『아이 군』",-3.699,-60.822,"白霜らいふ",20.077,-42.973,"shimenawa",8.654,-63.967,"Kenomo",36.526,-92.225,"紅さかな",-1.318,-119.631,"Pizzallaris",-40.197,-93.839,0,0,0,0,0,"",0,0,0,0,0,0,0,0,0,0
89,5,1,4,0,1,1,0,0,1,0,255,4,255,21,4970.213,"甲斐野柊太",R,28,139,0.468,-0.402,0.029,1.713,-36.634,0,0,44.567,-76.669,4.058,0,0,0,2,1,L,"_Chun",190,95.123,0.455,0,88,0,0,0,0,0,0,0,0,0,0,0,0,0,0,0,0,-0.257,-37.047,"あおいぬ",0.038,-16.714,"P0TA0",-21.241,-46.395,"あいくんだよー『아이 군』",-3.623,-61.582,"白霜らいふ",21.547,-45.427,"shimenawa",11.611,-64.445,"Kenomo",36.227,-92.317,"紅さかな",-1.008,-119.488,"Pizzallaris",-40.192,-93.865,0,0,0,0,0,"",0,0,0,0,0,0,0,0,0,0
90,5,1,4,0,1,2,0,0,1,0,255,4,255,22,4986.982,"甲斐野柊太",R,1,88,3.684,-1.123,0.435,1.923,-37.498,2,0,0,0,0.535,0,0,1,2,1,L,"_Chun",190,95.123,0.455,3,88,4988.266,157,126,63,127,147,113,29.778,16.683,0.6,0.278,-0.196,0.273,0,0,0,-0.238,-37.268,"あおいぬ",0.124,-16.815,"P0TA0",-21.393,-46.648,"あいくんだよー『아이 군』",-6.224,-61.489,"白霜らいふ",21.555,-45.435,"shimenawa",14.946,-64,"Kenomo",36.746,-93.932,"紅さかな",-1.002,-119.502,"Pizzallaris",-40.202,-93.902,4993.149,-19.186,-112.675,4993.75,7,"紅さかな",-19.383,-115.175,1,0,0,0,0,0,0,2
91,5,1,5,0,0,0,0,1,0,0,1,255,255,23,5028.341,"甲斐野柊太",R,0,140,-3.382,-0.123,-0.315,1.787,-36.695,1,0,0,0,0,0,0,0,3,0,L,"Kr_Luna",190,96.779,0.501,0,59,0,0,0,0,0,0,0,0,0,0,0,0,0,0,0,0,-0.424,-37.126,"あおいぬ",-0.189,-17.302,"P0TA0",-17.44,-40.188,"あいくんだよー『아이 군』",-8.52,-64.571,"白霜らいふ",21.474,-45.643,"shimenawa",11.124,-61.377,"Kenomo",35.841,-92.201,"紅さかな",0.005,-120.303,"Pizzallaris",-38.771,-92.755,0,0,0,0,0,"",0,0,0,0,0,0,0,0,0,0
92,5,1,5,0,1,0,0,1,0,0,1,255,255,24,5060.462,"甲斐野柊太",R,0,140,-3.168,-0.663,-0.295,1.683,-36.578,1,0,0,0,0,0,0,0,3,0,L,"Kr_Luna",190,96.779,0.501,0,59,0,0,0,0,0,0,0,0,0,0,0,0,0,0,0,0,-0.431,-37.04,"あおいぬ",0.013,-17.459,"P0TA0",-17.85,-39.713,"あいくんだよー『아이 군』",-7.947,-63.317,"白霜らいふ",22.274,-46.477,"shimenawa",11.59,-62.682,"Kenomo",37.536,-93.888,"紅さかな",-0.049,-120.227,"Pizzallaris",-38.635,-92.501,0,0,0,0,0,"",0,0,0,0,0,0,0,0,0,0
93,5,1,5,0,2,0,0,1,0,0,1,255,255,25,5079.096,"甲斐野柊太",R,0,139,-1.97,-0.939,-0.183,1.628,-36.617,2,0,0,0,0,0,0,1,3,0,L,"Kr_Luna",190,96.779,0.501,2,59,5079.9,207,121,48,146,155,75,3.627,-16.46,0.99,0.003,-0.036,0.379,0,0,0,-0.417,-37.004,"あおいぬ",-0.032,-16.787,"P0TA0",-17.332,-40.12,"あいくんだよー『아이 군』",-9.503,-63.919,"白霜らいふ",21.279,-45.994,"shimenawa",15.708,-63.214,"Kenomo",36.031,-95.837,"紅さかな",0.152,-120.241,"Pizzallaris",-39.196,-91.811,5080.95,5.121,-38.468,5082.466,5,"shimenawa",11.08,-55.814,0,8,0,0,0,0,0,2
94,5,1,5,0,0,0,2,0,0,0,255,255,255,26,5113.301,"甲斐野柊太",R,10,120,1.345,-0.67,0.125,1.84,-36.819,0,0,-0.637,400,-13.744,0,0,1,4,8,R,"NABIMan",190,99,0.55,0,59,0,0,0,0,0,0,0,0,0,0,0,0,0,0,0,0,0.06,-37.256,"あおいぬ",0.04,-16.683,"P0TA0",-22.684,-47.044,"あいくんだよー『아이 군』",-10.936,-65.144,"白霜らいふ",21.44,-46.509,"shimenawa",8.943,-63.227,"Kenomo",36.922,-92.314,"紅さかな",0.907,-117.864,"Pizzallaris",-38.9,-91.343,0,0,0,0,0,"",0,0,0,0,0,0,0,0,0,0
95,5,1,5,0,0,1,2,0,0,0,255,255,255,27,5129.572,"甲斐野柊太",R,0,140,-1.771,-2.529,-0.116,1.472,-36.595,2,0,0,0,0,-0.325,-20.773,1,4,8,R,"NABIMan",190,99,0.55,3,34,5130.452,187,196,21,255,155,100,-20.598,8.836,0.94,-0.123,-0.205,0.333,0,0,0,-0.267,-37.036,"あおいぬ",0.02,-16.917,"P0TA0",-22.677,-47.001,"あいくんだよー『아이 군』",-12.667,-64.913,"白霜らいふ",21.432,-46.482,"shimenawa",14.631,-62.646,"Kenomo",36.927,-92.403,"紅さかな",-0.632,-118.531,"Pizzallaris",-38.894,-91.366,5131.483,-3.507,-42.593,5132.716,3,"あいくんだよー『아이 군』",-6.662,-62.156,0,0,0,0,0,0,0,2
96,5,0,5,0,0,0,0,0,0,0,255,255,255,0,5323.992,"_Chun",L,28,136,-3.458,0.505,-0.365,1.686,-36.676,1,0,-54.408,-87.438,-0.325,0,0,0,4,7,R,"紅さかな",173.4,96.324,0.453,0,59,0,0,0,0,0,0,0,0,0,0,0,0,0,0,0,0,0.053,-37.701,"Kr_Luna",-0.131,-17.256,"_AKASATA_",-21.653,-46.015,"오띵__",-13.337,-65.175,"なおｐ--",21.052,-46.729,"CVPileMaki",13.496,-64.903,"M_lunatic",35.509,-89.297,"Multeinn",0.547,-101.306,"NABIMan",-42.241,-86.936,0,0,0,0,0,"",0,0,0,0,0,0,0,0,0,0
97,5,0,5,0,1,0,0,0,0,0,255,255,255,1,5340.065,"_Chun",L,3,126,1.411,0.6,-0.049,1.633,-36.514,0,0,364.09,0,-2.304,0,0,0,4,7,R,"紅さかな",173.4,96.324,0.453,0,59,0,0,0,0,0,0,0,0,0,0,0,0,0,0,0,0,-0.006,-37.786,"Kr_Luna",0.089,-17.282,"_AKASATA_",-21.602,-46.014,"오띵__",-13.332,-65.15,"なおｐ--",21.615,-47.225,"CVPileMaki",13.547,-64.822,"M_lunatic",35.815,-89.586,"Multeinn",-0.399,-102.528,"NABIMan",-42.884,-86.115,0,0,0,0,0,"",0,0,0,0,0,0,0,0,0,0
98,5,0,5,0,1,1,0,0,0,0,255,255,255,2,5358.045,"_Chun",L,10,127,-1.004,-1.066,-0.093,1.454,-36.47,1,0,0,394.866,-0.161,0,0,0,4,7,R,"紅さかな",173.4,96.324,0.453,0,59,0,0,0,0,0,0,0,0,0,0,0,0,0,0,0,0,0.026,-37.635,"Kr_Luna",0.061,-17.284,"_AKASATA_",-21.574,-46.199,"오띵__",-13.321,-65.161,"なおｐ--",22.048,-48.407,"CVPileMaki",13.559,-64.859,"M_lunatic",35.801,-89.596,"Multeinn",-1.39,-103.559,"NABIMan",-44.221,-87.733,0,0,0,0,0,"",0,0,0,0,0,0,0,0,0,0
99,5,0,5,0,2,1,0,0,0,0,255,255,255,3,5378.665,"_Chun",L,28,132,1.389,0.174,0.17,1.482,-36.483,2,0,-37.213,-72.532,-7.518,0,0,1,4,7,R,"紅さかな",173.4,96.324,0.453,3,59,5379.729,204,146,23,255,155,92,38.573,8.119,-0.31,0.042,-0.083,0.162,0,0,0,0.114,-37.035,"Kr_Luna",0.05,-17.34,"_AKASATA_",-22.272,-46.079,"오띵__",-13.313,-65.171,"なおｐ--",21.816,-47.968,"CVPileMaki",13.553,-64.838,"M_lunatic",35.75,-90.077,"Multeinn",-1.508,-102.247,"NABIMan",-40.614,-84.55,5385.033,-18.492,-88.122,5385.333,7,"Multeinn",-18.04,-86.642,0,0,0,0,0,0,0,1
100,5,0,5,0,0,0,1,0,0,0,255,255,255,4,5417.155,"_Chun",L,0,132,-2.978,0.06,-0.223,1.556,-36.552,1,0,-29.239,-42.791,-0.304,0,0,0,5,2,R,"P0TA0",190,100,0.443,0,59,0,0,0,0,0,0,0,0,0,0,0,0,0,0,0,0,0.163,-37.349,"Kr_Luna",0.072,-17.307,"_AKASATA_",-20.684,-45.403,"오띵__",-13.161,-65.222,"なおｐ--",23.389,-49.798,"CVPileMaki",13.576,-64.758,"M_lunatic",36.285,-87.062,"Multeinn",0.294,-104.723,"NABIMan",-43.374,-84.461,0,0,0,0,0,"",0,0,0,0,0,0,0,0,0,0
101,5,0,5,0,1,0,1,0,0,0,255,255,255,5,5437.711,"_Chun",L,3,123,0.598,0.863,-0.089,1.653,-36.506,0,0,396.097,0,-5.499,0,0,0,5,2,R,"P0TA0",190,100,0.443,0,59,0,0,0,0,0,0,0,0,0,0,0,0,0,0,0,0,0.023,-37.691,"Kr_Luna",0.043,-17.33,"_AKASATA_",-21.117,-45.183,"오띵__",-13.168,-65.249,"なおｐ--",23.594,-50.034,"CVPileMaki",13.601,-64.794,"M_lunatic",36.282,-87.086,"Multeinn",0.129,-106.131,"NABIMan",-42.392,-85.152,0,0,0,0,0,"",0,0,0,0,0,0,0,0,0,0
102,5,0,5,0,1,1,1,0,0,0,255,255,255,6,5454.735,"_Chun",L,28,132,2.15,0.742,0.215,1.614,-36.492,4,0,-44.319,-63.494,-6.362,0,0,1,5,2,R,"P0TA0",190,100,0.443,0,59,0,0,0,0,0,0,0,0,0,0,0,0,0,0,0,0,0.078,-37.699,"Kr_Luna",0.106,-17.326,"_AKASATA_",-20.963,-45.212,"오띵__",-13.161,-65.185,"なおｐ--",23.637,-50.08,"CVPileMaki",13.588,-64.774,"M_lunatic",35.997,-87.675,"Multeinn",0.492,-105.384,"NABIMan",-42.849,-85.442,0,0,0,0,0,"",0,0,0,0,0,0,0,0,0,0
103,5,0,5,0,1,2,1,0,0,0,255,255,255,7,5473.786,"_Chun",L,10,114,2.253,-0.973,0.186,1.592,-36.511,1,0,0,400,-1.584,0.47,-16.715,0,5,2,R,"P0TA0",190,100,0.443,0,59,0,0,0,0,0,0,0,0,0,0,0,0,0,0,0,0,0.096,-37.797,"Kr_Luna",0.275,-17.109,"_AKASATA_",-20.88,-45.407,"오띵__",-13.171,-65.217,"なおｐ--",23.626,-50.08,"CVPileMaki",13.609,-64.751,"M_lunatic",35.974,-87.673,"Multeinn",-0.184,-103.965,"NABIMan",-43.921,-85.175,0,0,0,0,0,"",0,0,0,0,0,0,0,0,0,0
104,5,0,5,0,2,2,1,0,0,0,255,255,255,8,5498.518,"_Chun",L,28,127,0.561,0.644,-0.033,1.728,-36.607,2,0,-30.144,-64.783,-2.656,0,0,1,5,2,R,"P0TA0",190,100,0.443,2,59,5499.303,192,147,25,203,155,98,23.622,-17.16,-0.35,-0.006,-0.009,0.38,0,0,0,0.057,-36.769,"Kr_Luna",0.068,-17.313,"_AKASATA_",-20.948,-46.097,"오띵__",-13.365,-65.093,"なおｐ--",23.637,-50.086,"CVPileMaki",13.557,-64.789,"M_lunatic",36.002,-87.663,"Multeinn",-0.514,-103.287,"NABIMan",-43.821,-88.518,0,0,0,5504.483,6,"M_lunatic",35.271,-94.166,0,0,0,0,0,0,0,1
105,5,0,5,0,0,0,2,0,0,0,255,255,255,9,5540.24,"_Chun",L,26,136,0.318,0.545,0,1.638,-36.53,0,0,-80.15,-198.298,-1.947,0,0,0,6,4,R,"白霜らいふ",190,100.438,0.2,0,59,0,0,0,0,0,0,0,0,0,0,0,0,0,0,0,0,-0.132,-37.67,"Kr_Luna",0.026,-17.307,"_AKASATA_",-21.575,-46.16,"오띵__",-13.294,-65.21,"なおｐ--",22.411,-48.885,"CVPileMaki",13.574,-64.827,"M_lunatic",38.076,-90.632,"Multeinn",-1.896,-101.313,"NABIMan",-39.579,-86.47,0,0,0,0,0,"",0,0,0,0,0,0,0,0,0,0
106,5,0,5,0,0,1,2,0,0,0,255,255,255,10,5559.932,"_Chun",L,10,116,-0.254,-1.438,-0.024,1.366,-36.492,1,0,0,400,-0.683,0,0,0,6,4,R,"白霜らいふ",190,100.438,0.2,0,59,0,0,0,0,0,0,0,0,0,0,0,0,0,0,0,0,-0.012,-37.788,"Kr_Luna",0.031,-17.284,"_AKASATA_",-21.59,-46.025,"오띵__",-13.302,-65.231,"なおｐ--",22.477,-48.652,"CVPileMaki",13.565,-64.858,"M_lunatic",38.014,-91.467,"Multeinn",-1.7,-103.576,"NABIMan",-39.085,-86.467,0,0,0,0,0,"",0,0,0,0,0,0,0,0,0,0
107,5,0,5,0,1,1,2,0,0,0,255,255,255,11,5576.888,"_Chun",L,3,124,0.319,0.697,-0.114,1.627,-36.478,2,0,419.673,0,-2.106,0,0,1,6,4,R,"白霜らいふ",190,100.438,0.2,2,59,5577.968,242,111,33,122,149,93,30.712,-6.261,-0.49,-0.107,-0.091,0.348,0,0,0,-0.038,-36.948,"Kr_Luna",0.068,-17.363,"_AKASATA_",-21.79,-46.259,"오띵__",-13.235,-65.145,"なおｐ--",22.46,-48.639,"CVPileMaki",13.561,-64.812,"M_lunatic",37.536,-91.481,"Multeinn",-1.758,-103.479,"NABIMan",-39.176,-87.074,5583.066,6.088,-95.578,5583.366,7,"Multeinn",5.938,-93.472,0,0,0,0,0,0,0,1
108,6,1,5,0,0,0,0,0,0,0,255,255,255,28,5639.791,"甲斐野柊太",R,0,133,0.068,0.201,0.006,1.84,-36.911,0,0,0,0,0,0,0,0,5,5,R,"CVPileMaki",169.6,94,0.395,0,59,0,0,0,0,0,0,0,0,0,0,0,0,0,0,0,0,-0.171,-36.931,"あおいぬ",-0.079,-16.694,"P0TA0",-22.538,-46.71,"あいくんだよー『아이 군』",-13.265,-63.933,"白霜らいふ",20.705,-45.007,"shimenawa",12.358,-64.407,"Kenomo",36.941,-88.143,"紅さかな",0.267,-111.027,"Pizzallaris",-37.002,-86.583,0,0,0,0,0,"",0,0,0,0,0,0,0,0,0,0
109,6,1,5,0,0,1,0,0,0,0,255,255,255,29,5656.818,"甲斐野柊太",R,6,99,2.839,-0.792,0.071,1.695,-36.659,1,0,391.301,0,13.055,0,0,0,5,5,R,"CVPileMaki",169.6,94,0.395,0,59,0,0,0,0,0,0,0,0,0,0,0,0,0,0,0,0,-0.108,-36.968,"あおいぬ",0.198,-16.735,"P0TA0",-22.715,-46.59,"あいくんだよー『아이 군』",-13.285,-63.911,"白霜らいふ",20.965,-44.793,"shimenawa",13.731,-64.365,"Kenomo",37.049,-88.241,"紅さかな",-0.101,-110.794,"Pizzallaris",-37.122,-86.654,0,0,0,0,0,"",0,0,0,0,0,0,0,0,0,0
110,6,1,5,0,1,1,0,0,0,0,255,255,255,30,5672.923,"甲斐野柊太",R,0,140,-0.158,-1.181,-0.015,1.628,-36.567,4,0,0,0,0,0,0,1,5,5,R,"CVPileMaki",169.6,94,0.395,0,59,0,0,0,0,0,0,0,0,0,0,0,0,0,0,0,0,-0.262,-37.021,"あおいぬ",-0.021,-16.788,"P0TA0",-22.604,-46.586,"あいくんだよー『아이 군』",-13.288,-63.917,"白霜らいふ",20.566,-45.191,"shimenawa",11.689,-64.732,"Kenomo",36.907,-88.083,"紅さかな",-0.062,-110.839,"Pizzallaris",-39.355,-90.162,0,0,0,0,0,"",0,0,0,0,0,0,0,0,0,0
111,6,1,5,0,1,2,0,0,0,0,255,255,255,31,5689.839,"甲斐野柊太",R,6,84,2.975,-0.435,0.075,1.718,-36.705,1,0,381.818,0,37.371,0,0,0,5,5,R,"CVPileMaki",169.6,94,0.395,0,59,0,0,0,0,0,0,0,0,0,0,0,0,0,0,0,0,0.038,-37.14,"あおいぬ",0.217,-17.151,"P0TA0",-22.49,-46.047,"あいくんだよー『아이 군』",-13.311,-63.946,"白霜らいふ",20.875,-44.99,"shimenawa",9.888,-64.1,"Kenomo",36.877,-88.133,"紅さかな",-0.087,-110.805,"Pizzallaris",-39.174,-90.254,0,0,0,0,0,"",0,0,0,0,0,0,0,0,0,0
112,6,1,5,0,0,0,1,0,0,0,255,255,255,32,5717.281,"甲斐野柊太",R,0,140,0.715,-0.451,0.067,1.724,-36.622,0,0,0,0,0,0,0,0,6,2,R,"_AKASATA_",190,95.042,0.2,0,59,0,0,0,0,0,0,0,0,0,0,0,0,0,0,0,0,-0.355,-36.831,"あおいぬ",0.057,-16.758,"P0TA0",-22.622,-47.018,"あいくんだよー『아이 군』",-12.377,-62.284,"白霜らいふ",21.181,-45.863,"shimenawa",13.966,-64.484,"Kenomo",36.903,-88.218,"紅さかな",-0.143,-110.88,"Pizzallaris",-39.475,-89.899,0,0,0,0,0,"",0,0,0,0,0,0,0,0,0,0
113,6,1,5,0,0,1,1,0,0,0,255,255,255,33,5735.317,"甲斐野柊太",R,3,113,-1.012,-0.464,0.032,1.673,-36.769,0,0,-273.5,0,0.601,0,0,0,6,2,R,"_AKASATA_",190,95.042,0.2,0,59,0,0,0,0,0,0,0,0,0,0,0,0,0,0,0,0,-0.407,-37.342,"あおいぬ",-0.194,-16.76,"P0TA0",-22.696,-46.938,"あいくんだよー『아이 군』",-12.382,-62.221,"白霜らいふ",21.201,-45.848,"shimenawa",14.884,-63.69,"Kenomo",36.869,-88.192,"紅さかな",-0.107,-112.006,"Pizzallaris",-39.548,-89.963,0,0,0,0,0,"",0,0,0,0,0,0,0,0,0,0
114,6,1,5,0,0,2,1,0,0,0,255,255,255,34,5750.663,"甲斐野柊太",R,0,140,0.127,-1.082,0.012,1.602,-36.491,1,0,0,0,0,0,0,0,6,2,R,"_AKASATA_",190,95.042,0.2,0,59,0,0,0,0,0,0,0,0,0,0,0,0,0,0,0,0,-0.29,-36.735,"あおいぬ",0.026,-16.934,"P0TA0",-22.584,-46.497,"あいくんだよー『아이 군』",-12.747,-63.182,"白霜らいふ",21.559,-46.312,"shimenawa",11.539,-64.479,"Kenomo",36.866,-88.171,"紅さかな",-0.072,-111.796,"Pizzallaris",-39.569,-89.877,0,0,0,0,0,"",0,0,0,0,0,0,0,0,0,0
115,6,1,5,0,1,2,1,0,0,0,255,255,255,35,5764.909,"甲斐野柊太",R,0,140,0.336,-0.312,0.042,1.732,-36.616,2,0,0,0,0,0,0,1,6,2,R,"_AKASATA_",190,95.042,0.2,3,59,5765.796,183,116,28,182,147,95,-32.697,-31.813,-0.05,0.005,-0.018,0.224,0,0,0,-0.371,-36.663,"あおいぬ",0.035,-16.896,"P0TA0",-22.322,-46.606,"あいくんだよー『아이 군』",-12.837,-63.382,"白霜らいふ",21.553,-46.281,"shimenawa",13.535,-63.463,"Kenomo",35.81,-87.721,"紅さかな",-0.077,-111.965,"Pizzallaris",-41.364,-90.383,5766.016,0.683,-20.228,5767.783,4,"白霜らいふ",16.196,-45.181,0,0,0,0,0,0,0,2
116,6,1,5,0,0,0,2,0,0,0,255,255,255,36,5790.03,"甲斐野柊太",R,0,140,0.795,0.415,0.074,1.87,-36.685,2,0,0,0,0,0,0,1,7,3,R,"오띵__",164.9,90,0.405,3,59,5790.925,159,94,35,154,143,80,32.058,-13.056,-0.5,0.053,-0.028,0.185,0,0,0,-0.226,-36.707,"あおいぬ",0.068,-16.869,"P0TA0",-22.448,-46.852,"あいくんだよー『아이 군』",-13.688,-63.201,"白霜らいふ",21.786,-46.97,"shimenawa",15.496,-63.192,"Kenomo",33.674,-89.467,"紅さかな",0.739,-110.527,"Pizzallaris",-39.919,-87.79,0,0,0,5795.766,5,"shimenawa",8.229,-79.907,0,0,0,0,0,0,0,1
117,6,0,5,0,0,0,0,0,0,0,255,255,255,12,5886.577,"_Chun",L,6,114,-1.251,0.043,0.088,1.604,-36.625,0,0,-427.146,0,-21.438,0,0,0,7,6,R,"Kenomo",174.402,92.022,0.469,0,95,0,0,0,0,0,0,0,0,0,0,0,0,0,0,0,0,0.151,-37.997,"Kr_Luna",0.005,-17.232,"_AKASATA_",-22.06,-47.202,"오띵__",-13.26,-65.236,"なおｐ--",20.184,-46.348,"CVPileMaki",13.537,-64.837,"M_lunatic",34.893,-91.088,"Multeinn",0.271,-99.676,"NABIMan",-45.039,-87.308,0,0,0,0,0,"",0,0,0,0,0,0,0,0,0,0
118,6,0,5,0,0,1,0,0,0,0,255,255,255,13,5908.39,"_Chun",L,10,109,-0.326,0.274,-0.03,1.7,-36.43,2,0,0,400,-0.327,0,0,1,7,6,R,"Kenomo",174.402,92.022,0.469,2,95,5909.523,153,98,28,115,142,124,4.817,-16.91,0.75,-0.003,-0.024,0.244,0,0,0,0.045,-37.131,"Kr_Luna",-0.05,-17.27,"_AKASATA_",-22.397,-46.861,"오띵__",-13.262,-65.188,"なおｐ--",20.382,-46.404,"CVPileMaki",13.545,-64.847,"M_lunatic",33.339,-89.098,"Multeinn",0.007,-98.637,"NABIMan",-45.125,-85.843,5911.066,13.687,-63.031,5912.633,6,"M_lunatic",22.416,-89.388,1,0,0,0,0,0,0,2
119,6,0,5,0,0,0,0,1,0,0,15,255,255,14,5945.215,"_Chun",L,27,133,2.547,0.175,0.208,1.594,-36.593,4,0,-7.742,-108.142,-8.281,0,0,1,8,3,L,"あいくんだよー『아이 군』",175,90,0.4,0,59,0,0,0,0,0,0,0,0,0,0,0,0,0,0,0,0,0.188,-37.866,"Kr_Luna",0.389,-17.204,"_AKASATA_",-20.002,-42.855,"오띵__",-9.723,-64.059,"なおｐ--",21.407,-47.557,"CVPileMaki",12.816,-63.764,"M_lunatic",36.845,-90.219,"Multeinn",1.752,-104.061,"NABIMan",-40.97,-87.593,0,0,0,0,0,"",0,0,0,0,0,0,0,0,0,0
120,6,0,5,0,0,1,0,1,0,0,15,255,255,15,5978.101,"_Chun",L,6,118,1.539,-1.171,0.299,1.363,-36.543,1,0,-327.64,0,-27.874,0,0,0,8,3,L,"あいくんだよー『아이 군』",175,90,0.4,0,59,0,0,0,0,0,0,0,0,0,0,0,0,0,0,0,0,0.236,-37.879,"Kr_Luna",-0.202,-17.321,"_AKASATA_",-19.614,-42.204,"오띵__",-9.257,-64.06,"なおｐ--",21.511,-47.811,"CVPileMaki",13.24,-64.443,"M_lunatic",36.848,-90.193,"Multeinn",3.713,-102.328,"NABIMan",-42.278,-86.892,0,0,0,0,0,"",0,0,0,0,0,0,0,0,0,0
121,6,0,5,0,1,1,0,1,0,0,15,255,255,16,5999.607,"_Chun",L,10,112,2.718,-1.676,0.253,1.379,-36.545,1,0,0,399.802,-4.349,0.536,-18.265,0,8,3,L,"あいくんだよー『아이 군』",175,90,0.4,0,59,0,0,0,0,0,0,0,0,0,0,0,0,0,0,0,0,0.245,-37.947,"Kr_Luna",-0.187,-17.327,"_AKASATA_",-19.851,-41.63,"오띵__",-8.895,-63.288,"なおｐ--",21.523,-47.687,"CVPileMaki",12.042,-63.896,"M_lunatic",36.848,-90.213,"Multeinn",1.023,-101.613,"NABIMan",-42.11,-87.375,0,0,0,0,0,"",0,0,0,0,0,0,0,0,0,0
122,6,0,5,0,2,1,0,1,0,0,15,255,255,17,6021.829,"_Chun",L,6,116,0.694,-0.236,0.237,1.602,-36.587,2,0,-449.247,0,-25.462,0,0,1,8,3,L,"あいくんだよー『아이 군』",175,90,0.4,3,59,6022.879,191,96,52,107,146,118,24.539,-20.193,0.29,0.197,-0.219,0.332,0,0,0,0.113,-37.044,"Kr_Luna",0.103,-17.292,"_AKASATA_",-19.828,-43.164,"오띵__",-12.053,-63.543,"なおｐ--",21.652,-47.237,"CVPileMaki",13.568,-64.701,"M_lunatic",36.593,-89.811,"Multeinn",0.546,-101.787,"NABIMan",-44.808,-86.031,6031.533,58.559,-120.302,0,0,"",0,0,0,0,0,0,0,0,0,4
123,6,0,5,2,0,0,0,0,0,0,255,255,255,18,6069.667,"_Chun",L,10,115,-1.842,-0.749,-0.181,1.599,-36.549,1,0,0,400,-1.731,0,0,0,0,9,L,"-Alta-",190,88,0.5,0,59,0,0,0,0,0,0,0,0,0,0,0,0,0,0,0,0,0.228,-37.918,"Kr_Luna",-0.017,-17.215,"_AKASATA_",-20.098,-43.365,"오띵__",-13.201,-65.289,"なおｐ--",21.982,-48.39,"CVPileMaki",13.642,-64.847,"M_lunatic",35.114,-88.28,"Multeinn",-2.433,-108.7,"NABIMan",-42.83,-87.393,0,0,0,0,0,"",0,0,0,0,0,0,0,0,0,0
124,6,0,5,2,1,0,0,0,0,0,255,255,255,19,6086.118,"_Chun",L,4,125,-2.392,1.085,-0.294,1.703,-36.522,2,0,202.234,17.846,-4.196,0,0,1,0,9,L,"-Alta-",190,88,0.5,3,59,6087.13,164,149,34,230,150,94,91.14,-86.832,-0.46,0.028,-0.15,0.365,0,0,0,-0.099,-37.133,"Kr_Luna",0.027,-17.289,"_AKASATA_",-19.83,-43.483,"오띵__",-13.181,-65.241,"なおｐ--",22.055,-48.522,"CVPileMaki",13.522,-64.824,"M_lunatic",35.085,-88.289,"Multeinn",-2.095,-108.24,"NABIMan",-44.166,-88.184,0,0,0,0,0,"",0,0,0,0,0,0,0,0,0,3
125,6,0,5,2,1,1,0,0,0,0,255,255,255,20,6108.971,"_Chun",L,28,138,-1.539,0.873,-0.185,1.744,-36.644,4,0,-53.114,-66.367,-1.678,0,0,1,0,9,L,"-Alta-",190,88,0.5,0,59,0,0,0,0,0,0,0,0,0,0,0,0,0,0,0,0,-0.023,-37.64,"Kr_Luna",-0.018,-17.359,"_AKASATA_",-21.019,-44.438,"오띵__",-13.286,-65.191,"なおｐ--",22.233,-48.869,"CVPileMaki",13.608,-64.852,"M_lunatic",35.031,-90.043,"Multeinn",-0.836,-108.799,"NABIMan",-42.699,-87.801,0,0,0,0,0,"",0,0,0,0,0,0,0,0,0,0
126,6,0,5,2,1,2,0,0,0,0,255,255,255,21,6128.275,"_Chun",L,10,113,-4.142,-0.959,-0.07,1.775,-36.492,2,0,0,400,-6.986,0,0,1,0,9,L,"-Alta-",190,88,0.5,3,59,6129.281,97,63,14,86,124,78,57.794,-12.748,-0.39,0.044,-0.144,0.054,0,0,0,-0.066,-37.092,"Kr_Luna",0.006,-17.385,"_AKASATA_",-19.826,-44.033,"오띵__",-13.284,-65.164,"なおｐ--",22.526,-48.796,"CVPileMaki",13.597,-64.851,"M_lunatic",35.094,-89.786,"Multeinn",-1.605,-109.618,"NABIMan",-39.79,-91.251,6134.8,5.164,-63.456,6135,5,"CVPileMaki",5.041,-62.349,0,0,0,0,0,0,0,1
127,6,0,5,2,0,0,1,0,0,0,255,255,255,22,6167.537,"_Chun",L,3,127,1.532,0.034,0.005,1.492,-36.484,2,0,406.126,0,-1.001,0,0,1,1,5,L,"shimenawa",175.4,95.341,0.2,3,59,6168.665,115,86,9,136,137,87,27.942,-46.69,0.94,-0.057,-0.076,0.183,0,0,0,0.026,-37.032,"Kr_Luna",0.35,-17.317,"_AKASATA_",-20.066,-45.617,"오띵__",-13.106,-65.196,"なおｐ--",21.253,-47.603,"CVPileMaki",13.555,-64.757,"M_lunatic",34.59,-90.551,"Multeinn",4.717,-103.864,"NABIMan",-41.723,-89.469,6172.4,52.463,-56.458,0,0,"",0,0,0,0,0,0,0,0,0,3
128,6,0,5,2,0,1,1,0,0,0,255,255,255,23,6191.89,"_Chun",L,6,121,-0.638,0.645,0.084,1.603,-36.507,2,0,-469.887,33.797,-32.074,0,0,1,1,5,L,"shimenawa",175.4,95.341,0.2,3,59,6192.988,123,107,37,121,141,124,28.738,38.702,0.74,-0.076,-0.087,0.237,0,0,0,0.204,-36.974,"Kr_Luna",-0.051,-17.326,"_AKASATA_",-20.291,-45.543,"오띵__",-13.317,-65.153,"なおｐ--",20.784,-46.972,"CVPileMaki",13.547,-64.768,"M_lunatic",37.37,-90.458,"Multeinn",5.209,-103.751,"NABIMan",-37.02,-90.826,6197.667,-63.07,-105.553,0,0,"",0,0,0,0,0,0,0,0,0,4
129,6,0,5,3,0,0,1,0,0,0,255,255,255,24,6304.337,"_Chun",L,29,130,2.124,0.804,0.187,1.618,-36.521,1,0,199.94,-97.701,-28.178,0,0,0,2,8,R,"Pizzallaris",170.4,89.827,0.347,0,59,0,0,0,0,0,0,0,0,0,0,0,0,0,0,0,0,0.159,-37.844,"Kr_Luna",0.134,-17.323,"_AKASATA_",-21.195,-45.952,"오띵__",-13.22,-65.244,"なおｐ--",21.849,-49.034,"CVPileMaki",13.571,-64.808,"M_lunatic",31.197,-86.247,"Multeinn",-0.653,-102.007,"NABIMan",-50.08,-87.798,0,0,0,0,0,"",0,0,0,0,0,0,0,0,0,0
130,6,0,5,3,1,0,1,0,0,0,255,255,255,25,6319.746,"_Chun",L,26,140,0.085,0.989,0.014,1.683,-36.537,2,0,-56.617,-159.167,-8.288,0,0,1,2,8,R,"Pizzallaris",170.4,89.827,0.347,3,59,6320.791,170,120,11,140,144,125,119.821,-50.382,0.51,-0.024,0.003,0.369,0,0,0,-0.089,-36.885,"Kr_Luna",0.077,-17.317,"_AKASATA_",-21.222,-45.985,"오띵__",-13.218,-65.233,"なおｐ--",21.75,-48.964,"CVPileMaki",13.53,-64.804,"M_lunatic",31.203,-86.256,"Multeinn",-0.273,-101.604,"NABIMan",-44.138,-84.324,0,0,0,0,0,"",0,0,0,0,0,0,0,0,0,3
131,6,0,5,3,1,1,1,0,0,0,255,255,255,26,6339.909,"_Chun",L,29,140,-0.614,0.055,-0.105,1.444,-36.48,0,0,205.778,-200,-33.917,0.774,-7.597,0,2,8,R,"Pizzallaris",170.4,89.827,0.347,0,59,0,0,0,0,0,0,0,0,0,0,0,0,0,0,0,0,0.202,-37.776,"Kr_Luna",0.217,-17.083,"_AKASATA_",-21.623,-45.162,"오띵__",-13.226,-65.285,"なおｐ--",22.157,-49.101,"CVPileMaki",13.55,-64.789,"M_lunatic",34.077,-85.888,"Multeinn",0.638,-103.742,"NABIMan",-42.551,-84.756,0,0,0,0,0,"",0,0,0,0,0,0,0,0,0,0
132,6,0,5,3,1,2,1,0,0,0,255,255,255,27,6362.256,"_Chun",L,6,121,-3.421,0.398,-0.128,1.672,-36.576,2,0,-443.432,13.01,-23.609,0,0,1,2,8,R,"Pizzallaris",170.4,89.827,0.347,3,59,6363.359,75,129,13,138,119,78,9.352,24.416,0.92,-0.083,0.011,0.314,0,0,0,-0.036,-37.031,"Kr_Luna",-0.47,-17.282,"_AKASATA_",-22.637,-46.699,"오띵__",-13.195,-65.217,"なおｐ--",22.432,-48.977,"CVPileMaki",13.561,-64.771,"M_lunatic",34.234,-85.628,"Multeinn",0.839,-103.19,"NABIMan",-39.856,-87.919,6364.783,-11.265,-41.908,6366.133,3,"오띵__",-17.459,-57.632,0,0,0,0,0,0,0,2
133,6,0,5,3,0,0,2,0,0,0,255,255,255,28,6398.508,"_Chun",L,10,117,-0.755,0.509,-0.106,1.824,-36.547,0,0,0,400,-5.267,0,0,0,3,1,R,"あおいぬ",190,107,0.665,0,59,0,0,0,0,0,0,0,0,0,0,0,0,0,0,0,0,-0.101,-37.916,"Kr_Luna",0.019,-17.155,"_AKASATA_",-20.907,-44.587,"오띵__",-13.256,-65.121,"なおｐ--",22.085,-48.238,"CVPileMaki",13.614,-64.892,"M_lunatic",27.151,-97.664,"Multeinn",-6.165,-105.7,"NABIMan",-48.915,-92.171,0,0,0,0,0,"",0,0,0,0,0,0,0,0,0,0
134,6,0,5,3,0,1,2,0,0,0,255,255,255,29,6416.112,"_Chun",L,14,111,-1.889,-0.878,-0.017,1.45,-36.424,1,0,-390.434,312.348,-10.956,0,0,0,3,1,R,"あおいぬ",190,107,0.665,0,59,0,0,0,0,0,0,0,0,0,0,0,0,0,0,0,0,-0.042,-37.868,"Kr_Luna",-0.285,-17.121,"_AKASATA_",-20.849,-45.771,"오띵__",-13.26,-65.12,"なおｐ--",22.093,-48.265,"CVPileMaki",13.588,-64.862,"M_lunatic",27.626,-97.21,"Multeinn",-7.347,-106.275,"NABIMan",-48.712,-91.48,0,0,0,0,0,"",0,0,0,0,0,0,0,0,0,0
135,6,0,5,3,1,1,2,0,0,0,255,255,255,30,6434.126,"_Chun",L,30,130,1.622,0.62,0.126,1.717,-36.61,2,0,135.649,-96.833,-14.707,0,0,1,3,1,R,"あおいぬ",190,107,0.665,3,59,6435.181,159,94,14,136,141,88,48.116,6.019,-0.49,-0.002,-0.03,0.438,0,0,0,0.052,-36.824,"Kr_Luna",0.222,-17.211,"_AKASATA_",-21.54,-45.762,"오띵__",-13.249,-65.109,"なおｐ--",22.061,-48.213,"CVPileMaki",13.584,-64.875,"M_lunatic",27.629,-97.206,"Multeinn",-7.094,-105.078,"NABIMan",-46.508,-91.653,6440.7,-5.131,-80.351,6440.833,3,"오띵__",-5.009,-78.959,0,0,0,0,0,0,0,1
136,7,1,5,3,0,0,0,0,0,0,255,255,255,37,6496.756,"甲斐野柊太",R,0,139,1.078,0.09,0.1,1.821,-36.638,0,0,0,0,0,0,0,0,8,7,R,"Multeinn",160,95.343,0.505,0,59,0,0,0,0,0,0,0,0,0,0,0,0,0,0,0,0,-0.095,-37.026,"あおいぬ",0.045,-16.897,"P0TA0",-22.933,-46.853,"あいくんだよー『아이 군』",-12.389,-63.483,"白霜らいふ",22.46,-47.604,"shimenawa",12.973,-63.591,"Kenomo",34.44,-91.514,"紅さかな",-0.094,-111.971,"Pizzallaris",-37.581,-86.017,0,0,0,0,0,"",0,0,0,0,0,0,0,0,0,0
137,7,1,5,3,0,1,0,0,0,0,255,255,255,38,6511.018,"甲斐野柊太",R,0,140,0.073,-2.554,0.007,1.46,-36.546,4,0,0,0,0,0.014,-19.368,1,8,7,R,"Multeinn",160,95.343,0.505,0,59,0,0,0,0,0,0,0,0,0,0,0,0,0,0,0,0,-0.024,-36.904,"あおいぬ",0.043,-17.005,"P0TA0",-22.801,-47.097,"あいくんだよー『아이 군』",-10.865,-63.536,"白霜らいふ",22.486,-47.662,"shimenawa",14.031,-63.401,"Kenomo",34.456,-91.518,"紅さかな",0.46,-109.934,"Pizzallaris",-37.463,-86.076,0,0,0,0,0,"",0,0,0,0,0,0,0,0,0,0
138,7,1,5,3,0,2,0,0,0,0,255,255,255,39,6528.889,"甲斐野柊太",R,0,135,2.277,0.24,0.212,1.841,-36.701,2,0,0,0,0,0,0,1,8,7,R,"Multeinn",160,95.343,0.505,3,59,6529.78,212,59,11,127,129,71,-49.655,-13.731,-0.48,-0.09,-0.057,0,0,0,0,-0.181,-36.709,"あおいぬ",0.096,-16.99,"P0TA0",-23.027,-46.915,"あいくんだよー『아이 군』",-11.079,-63.58,"白霜らいふ",22.512,-47.661,"shimenawa",14.843,-63.189,"Kenomo",34.493,-91.607,"紅さかな",0.036,-110.367,"Pizzallaris",-37.701,-88.099,6529.983,0.578,-19.088,6531.7,0,"甲斐野柊太",4.343,-34.426,0,0,0,0,0,0,0,2
139,7,1,5,3,0,0,1,0,0,0,255,255,255,40,6626.845,"甲斐野柊太",R,0,137,-1.508,-0.352,-0.14,1.743,-36.615,1,0,0,0,0,0,0,0,0,6,L,"SFIDA",190,86,0.655,0,22,0,0,0,0,0,0,0,0,0,0,0,0,0,0,0,0,-0.274,-37.071,"あおいぬ",-0.159,-16.705,"P0TA0",-22.907,-47.02,"あいくんだよー『아이 군』",-9.302,-62.706,"白霜らいふ",22.041,-46.344,"shimenawa",14.618,-63.275,"Kenomo",32.461,-93.16,"紅さかな",0.857,-112.733,"Pizzallaris",-37.801,-88.039,0,0,0,0,0,"",0,0,0,0,0,0,0,0,0,0
140,7,1,5,3,1,0,1,0,0,0,255,255,255,41,6641.36,"甲斐野柊太",R,27,140,-1.125,0.131,-0.114,1.803,-36.683,0,0,29.365,-123.005,14.977,0,0,0,0,6,L,"SFIDA",190,86,0.655,0,22,0,0,0,0,0,0,0,0,0,0,0,0,0,0,0,0,-0.206,-37.113,"あおいぬ",-0.13,-16.771,"P0TA0",-22.957,-47.045,"あいくんだよー『아이 군』",-9.326,-62.735,"白霜らいふ",22.053,-46.409,"shimenawa",15.202,-63.403,"Kenomo",32.439,-93.13,"紅さかな",0.285,-113.229,"Pizzallaris",-37.749,-88.025,0,0,0,0,0,"",0,0,0,0,0,0,0,0,0,0
141,7,1,5,3,1,1,1,0,0,0,255,255,255,42,6655.353,"甲斐野柊太",R,0,140,-1.753,-1.993,-0.163,1.426,-36.592,1,0,0,0,0,0,0,0,0,6,L,"SFIDA",190,86,0.655,0,22,0,0,0,0,0,0,0,0,0,0,0,0,0,0,0,0,-0.309,-37.015,"あおいぬ",-0.234,-16.866,"P0TA0",-23.022,-47.058,"あいくんだよー『아이 군』",-9.261,-62.555,"白霜らいふ",22.036,-46.338,"shimenawa",14.621,-62.698,"Kenomo",34.541,-91.969,"紅さかな",0.327,-113.213,"Pizzallaris",-37.681,-87.893,0,0,0,0,0,"",0,0,0,0,0,0,0,0,0,0
142,7,1,5,3,2,1,1,0,0,0,255,255,255,43,6732.009,"甲斐野柊太",R,0,133,-1.506,-1.767,-0.14,1.463,-36.626,2,0,0,0,0,0,0,1,0,6,L,"SFIDA",190,86,0.655,2,59,6732.846,131,134,37,187,143,130,-19.178,-3.47,0.35,0.064,-0.076,0.167,0,0,0,-0.354,-37.02,"あおいぬ",-0.095,-16.906,"P0TA0",-22.735,-47.061,"あいくんだよー『아이 군』",-11.208,-64.057,"白霜らいふ",21.978,-46.149,"shimenawa",15.847,-63.025,"Kenomo",33.017,-90.543,"紅さかな",0.084,-114.691,"Pizzallaris",-38.701,-85.23,6733.033,-0.223,-21.821,6736.633,7,"紅さかな",5.282,-104.726,1,0,0,0,0,0,0,2
143,7,1,5,3,0,0,1,1,0,0,6,255,255,44,6765.837,"甲斐野柊太",R,0,130,1.68,-1.123,0.159,1.593,-36.819,2,0,-8.787,0,2.422,0,0,1,1,4,R,"なおｐ--",190,90.37,0.412,3,77,6766.927,222,147,45,215,155,130,-30,-39.077,0.51,-0.074,-0.12,0.499,0,0,0,-0.274,-37.253,"あおいぬ",-0.03,-16.799,"P0TA0",-17.857,-40.248,"あいくんだよー『아이 군』",-12.819,-63.066,"白霜らいふ",22.393,-46.666,"shimenawa",12.074,-63.531,"Kenomo",34.862,-94.079,"紅さかな",-3.25,-122.142,"Pizzallaris",-42.8,-92.776,6767.066,0.894,-21.235,6768.466,4,"白霜らいふ",20.383,-45.223,0,2,0,0,0,0,0,2
144,7,0,5,3,0,0,0,0,0,0,255,255,255,0,6980.648,"なおｐ--",R,0,101,1.713,1.99,0.308,2.014,-36.936,1,0,0,0,4.356,0,0,0,4,7,R,"紅さかな",173.4,96.324,0.453,0,48,0,0,0,0,0,0,0,0,0,0,0,0,0,0,0,0,-0.112,-37.403,"Kr_Luna",0.075,-17.298,"_Chun",-22.373,-50.415,"오띵__",-10.704,-66.345,"_AKASATA_",21.994,-49.141,"CVPileMaki",13.614,-64.878,"SFIDA",37.39,-81.891,"Multeinn",-0.645,-98.265,"NABIMan",-45.079,-84.934,0,0,0,0,0,"",0,0,0,0,0,0,0,0,0,0
145,7,0,5,3,1,0,0,0,0,0,255,255,255,1,7001.134,"なおｐ--",R,0,135,-1.539,-0.851,-0.143,1.358,-36.708,1,0,0,0,0,0,0,0,4,7,R,"紅さかな",173.4,96.324,0.453,0,48,0,0,0,0,0,0,0,0,0,0,0,0,0,0,0,0,-0.213,-37.238,"Kr_Luna",0.023,-17.302,"_Chun",-22.56,-50.306,"오띵__",-10.727,-66.352,"_AKASATA_",22.173,-49.102,"CVPileMaki",13.622,-64.84,"SFIDA",37.391,-81.915,"Multeinn",-0.626,-99.083,"NABIMan",-45.057,-84.929,0,0,0,0,0,"",0,0,0,0,0,0,0,0,0,0
146,7,0,5,3,2,0,0,0,0,0,255,255,255,2,7019.843,"なおｐ--",R,0,129,1.552,1.164,0.144,1.682,-36.623,2,0,0,0,0,0,0,1,4,7,R,"紅さかな",173.4,96.324,0.453,3,48,7020.942,255,151,31,179,155,91,30.688,7.71,-0.45,0.043,-0.073,0.204,0,0,0,-0.042,-37.584,"Kr_Luna",0.15,-17.342,"_Chun",-22.329,-50.442,"오띵__",-10.996,-66.163,"_AKASATA_",24.797,-52.188,"CVPileMaki",13.568,-64.808,"SFIDA",37.353,-81.908,"Multeinn",-0.246,-98.583,"NABIMan",-45.614,-87.22,7026.033,-10.611,-91.103,7026.25,7,"Multeinn",-10.232,-88.672,0,0,0,0,0,0,0,1
147,7,0,5,3,0,0,1,0,0,0,255,255,255,3,7059.075,"なおｐ--",R,0,123,1.647,0.548,0.153,1.601,-36.666,1,0,0,0,0,0,0,0,5,2,R,"P0TA0",190,100,0.443,0,21,0,0,0,0,0,0,0,0,0,0,0,0,0,0,0,0,-0.067,-37.975,"Kr_Luna",0.033,-17.305,"_Chun",-22.266,-50.656,"오띵__",-11.035,-65.943,"_AKASATA_",24.453,-49.451,"CVPileMaki",13.541,-64.796,"SFIDA",37.822,-80.614,"Multeinn",0.51,-99.71,"NABIMan",-41.564,-85.245,0,0,0,0,0,"",0,0,0,0,0,0,0,0,0,0
148,7,0,5,3,1,0,1,0,0,0,255,255,255,4,7079.737,"なおｐ--",R,10,99,0.398,-0.855,0.055,1.567,-36.836,0,0,0,400,11.875,0,0,0,5,2,R,"P0TA0",190,100,0.443,0,21,0,0,0,0,0,0,0,0,0,0,0,0,0,0,0,0,-0.199,-37.473,"Kr_Luna",-0.043,-17.282,"_Chun",-22.256,-50.607,"오띵__",-11.066,-65.924,"_AKASATA_",24.428,-49.565,"CVPileMaki",13.562,-64.783,"SFIDA",38.694,-82.281,"Multeinn",0.613,-99.66,"NABIMan",-40.273,-85.565,0,0,0,0,0,"",0,0,0,0,0,0,0,0,0,0
149,7,0,5,3,1,1,1,0,0,0,255,255,255,5,7099.332,"なおｐ--",R,0,140,0.57,1.042,0.053,1.698,-36.632,2,0,0,0,0,0,0,1,5,2,R,"P0TA0",190,100,0.443,2,21,7100.234,227,167,20,248,155,96,14.744,-8.498,-0.52,0.022,0.01,0.499,0,0,0,0.117,-37.494,"Kr_Luna",0.006,-17.232,"_Chun",-21.816,-50.67,"오띵__",-11.02,-65.92,"_AKASATA_",24.3,-49.53,"CVPileMaki",13.549,-64.796,"SFIDA",38.373,-82.439,"Multeinn",0.782,-99.942,"NABIMan",-42.124,-86.454,7104,21.503,-87.65,7109.9,7,"Multeinn",32.277,-117.116,1,0,0,0,0,0,0,2
150,7,0,5,3,0,0,1,0,1,0,255,11,255,6,7145.289,"なおｐ--",R,0,140,-3.728,0.499,-0.237,1.48,-36.737,2,0,0,0,0,0,0,1,6,4,R,"白霜らいふ",190,100.438,0.2,2,59,7146.326,214,138,37,198,155,98,52.429,44.337,-0.17,-0.139,-0.106,0.389,0,0,0,-0.169,-37.789,"Kr_Luna",-0.233,-17.246,"_Chun",-21.348,-50.561,"오띵__",-11.87,-65.614,"_AKASATA_",20.554,-44.232,"CVPileMaki",10.165,-65.088,"SFIDA",36.875,-89.402,"Multeinn",-0.999,-104.147,"NABIMan",-42.462,-83.635,7152.133,-58.279,-65.63,7152.483,8,"NABIMan",-57.456,-65.018,0,32,0,0,0,0,0,1
151,8,1,5,3,0,0,0,0,0,0,255,255,255,45,7210.155,"甲斐野柊太",R,3,130,-3.801,-0.933,-0.261,1.63,-36.677,1,0,-266.358,0,3.811,0,0,0,2,2,L,"_Chun",190,95.123,0.455,0,59,0,0,0,0,0,0,0,0,0,0,0,0,0,0,0,0,-0.227,-37.301,"あおいぬ",-0.337,-16.779,"P0TA0",-22.549,-46.746,"あいくんだよー『아이 군』",-8.131,-63.858,"白霜らいふ",21.941,-45.976,"shimenawa",15.213,-62.836,"Kenomo",39.904,-89.667,"紅さかな",-0.326,-114.663,"Pizzallaris",-37.517,-85.288,0,0,0,0,0,"",0,0,0,0,0,0,0,0,0,0
152,8,1,5,3,1,0,0,0,0,0,255,255,255,46,7221.919,"甲斐野柊太",R,3,114,-5.756,-1.446,-0.309,1.598,-36.669,3,0,-451.285,101.41,13.393,-0.685,-20.234,0,2,2,L,"_Chun",190,95.123,0.455,0,59,0,0,0,0,0,0,0,0,0,0,0,0,0,0,0,0,-0.318,-37.355,"あおいぬ",-0.203,-16.939,"P0TA0",-22.582,-46.922,"あいくんだよー『아이 군』",-8.523,-63.624,"白霜らいふ",21.968,-45.996,"shimenawa",13.643,-63.51,"Kenomo",37.831,-90.241,"紅さかな",-0.324,-114.624,"Pizzallaris",-39.39,-87.91,0,0,0,0,0,"",0,0,0,0,0,0,0,0,0,6
153,8,1,5,3,0,0,0,1,0,0,2,255,255,47,7245.568,"甲斐野柊太",R,0,129,-3.369,-0.071,-0.011,1.566,-36.765,1,0,-29.119,0,1.704,0,0,0,3,1,L,"Kr_Luna",190,96.779,0.501,0,59,0,0,0,0,0,0,0,0,0,0,0,0,0,0,0,0,-0.237,-37.306,"あおいぬ",-0.141,-16.91,"P0TA0",-17.628,-40.076,"あいくんだよー『아이 군』",-8.463,-62.485,"白霜らいふ",21.87,-46.309,"shimenawa",10.99,-63.142,"Kenomo",37.563,-90.512,"紅さかな",0.571,-118.12,"Pizzallaris",-39.375,-86.374,0,0,0,0,0,"",0,0,0,0,0,0,0,0,0,0
154,8,1,5,3,1,0,0,1,0,0,2,255,255,48,7257.829,"甲斐野柊太",R,28,132,-0.149,1.157,-0.028,2.018,-36.879,1,0,41.114,-55.198,8.334,0,0,0,3,1,L,"Kr_Luna",190,96.779,0.501,0,59,0,0,0,0,0,0,0,0,0,0,0,0,0,0,0,0,-0.393,-37.123,"あおいぬ",-0.054,-16.603,"P0TA0",-18.06,-39.753,"あいくんだよー『아이 군』",-4.07,-61.623,"白霜らいふ",21.875,-46.308,"shimenawa",12.437,-63.082,"Kenomo",37.55,-90.502,"紅さかな",-0.363,-117.907,"Pizzallaris",-39.921,-87.156,0,0,0,0,0,"",0,0,0,0,0,0,0,0,0,0
155,8,1,5,3,2,0,0,1,0,0,2,255,255,49,7387.323,"甲斐野柊太",R,0,137,-1.907,-0.131,-0.177,1.784,-36.717,2,0,0,0,0,0,0,1,3,1,L,"Kr_Luna",190,96.779,0.501,2,59,7388.113,232,99,48,100,148,109,-15,26.942,0.08,-0.011,-0.004,0.361,0,0,0,-0.186,-36.879,"あおいぬ",-0.035,-16.803,"P0TA0",-17.782,-40.183,"あいくんだよー『아이 군』",-9.029,-61.846,"白霜らいふ",22.49,-46.797,"shimenawa",15.932,-62.67,"Kenomo",38.436,-92.625,"紅さかな",-0.62,-118.278,"Pizzallaris",-41.34,-91.914,7388.383,-2.055,-24.121,7391.716,8,"Pizzallaris",-32.007,-83.225,1,0,0,0,0,0,0,2
156,8,1,5,3,0,0,0,1,1,0,255,2,255,50,7421.656,"甲斐野柊太",R,28,140,-2.102,-0.905,-0.215,1.614,-36.659,2,0,63.521,-73.27,7.696,0,0,1,4,8,L,"NABIMan",190,99,0.55,3,59,7422.585,251,152,32,191,155,98,-7.056,14.247,-0.35,0.001,-0.024,0.539,0,0,0,-0.247,-36.867,"あおいぬ",-0.094,-16.797,"P0TA0",-19.702,-41.745,"あいくんだよー『아이 군』",-8.142,-61.932,"白霜らいふ",21.547,-45.947,"shimenawa",9.286,-61.271,"Kenomo",33.321,-89.412,"紅さかな",0.647,-113.356,"Pizzallaris",-39.391,-88.149,7422.783,-1.385,-23.866,7424.65,3,"あいくんだよー『아이 군』",-9.672,-55.764,0,16,0,0,0,0,0,2
157,8,1,5,3,0,0,2,0,0,1,255,255,2,51,7464.586,"甲斐野柊太",R,28,137,0.58,1.246,0.039,1.98,-36.766,1,0,44.625,-76.265,11.814,0,0,0,5,5,R,"CVPileMaki",169.6,94,0.395,0,59,0,0,0,0,0,0,0,0,0,0,0,0,0,0,0,0,-0.21,-37.031,"あおいぬ",0.055,-16.649,"P0TA0",-23.55,-47.94,"あいくんだよー『아이 군』",-12.186,-62.42,"白霜らいふ",19.506,-41.093,"shimenawa",15.192,-61.673,"Kenomo",36.441,-94.772,"紅さかな",-0.204,-110.404,"Pizzallaris",-40.54,-88.94,0,0,0,0,0,"",0,0,0,0,0,0,0,0,0,0
158,8,1,5,3,1,0,2,0,0,1,255,255,2,52,7479.151,"甲斐野柊太",R,5,130,3.519,-0.781,0.347,1.688,-36.782,1,0,-54.634,0,3.905,0,0,0,5,5,R,"CVPileMaki",169.6,94,0.395,0,59,0,0,0,0,0,0,0,0,0,0,0,0,0,0,0,0,-0.106,-37.287,"あおいぬ",0.313,-16.792,"P0TA0",-23.455,-47.978,"あいくんだよー『아이 군』",-10.122,-62.04,"白霜らいふ",19.729,-41.368,"shimenawa",11.33,-62.911,"Kenomo",35.952,-95.176,"紅さかな",-0.2,-110.417,"Pizzallaris",-40.416,-88.96,0,0,0,0,0,"",0,0,0,0,0,0,0,0,0,0
159,8,1,5,3,2,0,2,0,0,1,255,255,2,53,7493.358,"甲斐野柊太",R,6,99,3.742,-1.871,0.126,1.529,-36.665,4,0,450,0,-6.139,0.916,-18.163,1,5,5,R,"CVPileMaki",169.6,94,0.395,0,59,0,0,0,0,0,0,0,0,0,0,0,0,0,0,0,0,0.174,-37.601,"あおいぬ",0.197,-16.913,"P0TA0",-23.403,-47.659,"あいくんだよー『아이 군』",-11.411,-62.593,"白霜らいふ",19.436,-41.497,"shimenawa",15.104,-63.146,"Kenomo",35.981,-95.18,"紅さかな",-0.199,-110.4,"Pizzallaris",-40.575,-88.829,0,0,0,0,0,"",0,0,0,0,0,0,0,0,0,0
160,8,1,5,3,2,1,2,0,0,1,255,255,2,54,7508.452,"甲斐野柊太",R,34,135,1.549,0.531,0.12,1.871,-36.726,2,0,71.349,-70.88,6.593,0,0,1,5,5,R,"CVPileMaki",169.6,94,0.395,3,59,7509.547,134,71,17,91,135,79,-37.056,46.622,-0.25,-0.026,-0.07,0.116,0,0,0,-0.27,-36.876,"あおいぬ",0.078,-16.794,"P0TA0",-22.685,-47.099,"あいくんだよー『아이 군』",-10.763,-63.183,"白霜らいふ",19.858,-43.642,"shimenawa",15.636,-62.614,"Kenomo",35.96,-95.154,"紅さかな",-0.081,-111.242,"Pizzallaris",-40.509,-88.976,7509.8,-0.742,-19.22,7516.316,8,"Pizzallaris",-48.758,-68.702,0,0,0,0,0,0,0,2
161,8,1,5,3,2,2,2,0,0,1,255,255,2,55,7549.656,"甲斐野柊太",R,8,119,0.771,-1.315,0.031,1.607,-36.678,2,0,105.965,0,4.071,0,0,1,5,5,R,"CVPileMaki",169.6,94,0.395,3,59,7550.765,180,102,20,124,143,92,15.601,11.798,0.04,-0.098,-0.154,0.193,0,0,0,-0.064,-36.938,"あおいぬ",0.094,-16.853,"P0TA0",-22.463,-46.68,"あいくんだよー『아이 군』",-12.404,-61.233,"白霜らいふ",19.673,-43.137,"shimenawa",14.524,-65.276,"Kenomo",36.381,-94.247,"紅さかな",-0.155,-114.966,"Pizzallaris",-40.753,-89.016,0,0,0,7552.95,3,"あいくんだよー『아이 군』",-9.561,-55.99,0,0,0,0,0,0,0,1
162,8,0,5,3,0,0,0,0,0,0,255,255,255,7,7610.282,"なおｐ--",R,3,91,-3.046,-0.381,-0.124,1.42,-36.81,1,0,-364.109,12.01,47.166,0,0,0,7,6,R,"Kenomo",174.402,92.022,0.469,0,95,0,0,0,0,0,0,0,0,0,0,0,0,0,0,0,0,-0.26,-37.504,"Kr_Luna",-0.079,-17.279,"_Chun",-21.938,-50.684,"오띵__",-11.517,-66.045,"_AKASATA_",24.418,-51.197,"CVPileMaki",13.526,-64.834,"SFIDA",35.215,-86.532,"Multeinn",0.798,-100.006,"NABIMan",-40.723,-80.285,0,0,0,0,0,"",0,0,0,0,0,0,0,0,0,0
163,8,0,5,3,1,0,0,0,0,0,255,255,255,8,7628.169,"なおｐ--",R,0,127,1.354,0.814,0.126,1.629,-36.689,2,0,0,0,0,0,0,1,7,6,R,"Kenomo",174.402,92.022,0.469,2,95,7629.245,120,71,5,101,129,76,22.745,18.317,-0.45,0.019,-0.029,0.146,0,0,0,-0.062,-37.565,"Kr_Luna",0.049,-17.309,"_Chun",-21.968,-50.795,"오띵__",-11.494,-65.986,"_AKASATA_",24.801,-50.855,"CVPileMaki",13.536,-64.835,"SFIDA",35.238,-86.563,"Multeinn",1.125,-99.815,"NABIMan",-41.323,-80.94,0,0,0,7633.566,3,"오띵__",-17.833,-73.474,0,0,0,0,0,0,0,1
164,8,0,5,3,0,0,1,0,0,0,255,255,255,9,7662.526,"なおｐ--",R,0,138,-1.418,0.018,-0.132,1.498,-36.665,0,0,0,0,0,0,0,0,8,3,L,"あいくんだよー『아이 군』",175,90,0.4,0,59,0,0,0,0,0,0,0,0,0,0,0,0,0,0,0,0,-0.207,-37.423,"Kr_Luna",-0.192,-17.223,"_Chun",-22.207,-50.736,"오띵__",-10.883,-66.243,"_AKASATA_",25.612,-51.474,"CVPileMaki",13.583,-64.907,"SFIDA",40.129,-95.787,"Multeinn",6.05,-104.188,"NABIMan",-39.799,-85.208,0,0,0,0,0,"",0,0,0,0,0,0,0,0,0,0
165,8,0,5,3,0,1,1,0,0,0,255,255,255,10,7682.161,"なおｐ--",R,0,140,-1.922,0.308,-0.179,1.546,-36.671,2,0,0,0,0,0,0,1,8,3,L,"あいくんだよー『아이 군』",175,90,0.4,3,59,7683.221,82,48,28,55,104,57,-18.182,-28.407,-0.39,0.236,-0.207,0.036,0,0,0,-0.174,-37.371,"Kr_Luna",-0.136,-17.235,"_Chun",-22.163,-50.788,"오띵__",-10.867,-66.22,"_AKASATA_",25.694,-51.38,"CVPileMaki",13.568,-64.854,"SFIDA",42.595,-90.539,"Multeinn",4.438,-102.787,"NABIMan",-40.4,-86.738,7683.566,1.039,-21.784,7687.3,5,"CVPileMaki",12.675,-50.879,1,0,0,0,0,0,0,2
166,8,0,5,3,0,0,1,1,0,0,12,255,255,11,7725.843,"なおｐ--",R,0,137,3.531,1.058,0.328,1.701,-36.735,1,0,0,0,0,0,0,0,0,9,L,"-Alta-",190,88,0.5,0,59,0,0,0,0,0,0,0,0,0,0,0,0,0,0,0,0,-0.103,-37.583,"Kr_Luna",-0.197,-17.405,"_Chun",-20.327,-45.767,"오띵__",-8.263,-63.015,"_AKASATA_",24.269,-51.875,"CVPileMaki",13.748,-64.435,"SFIDA",39.538,-91.438,"Multeinn",-0.346,-102.258,"NABIMan",-36.41,-88.825,0,0,0,0,0,"",0,0,0,0,0,0,0,0,0,0
167,8,0,5,3,1,0,1,1,0,0,12,255,255,12,7745.539,"なおｐ--",R,0,135,-1.382,0.603,-0.129,1.613,-36.748,0,0,0,0,0,0,0,1,0,9,L,"-Alta-",190,88,0.5,0,59,0,0,0,0,0,0,0,0,0,0,0,0,0,0,0,0,-0.249,-37.837,"Kr_Luna",-0.11,-17.271,"_Chun",-19.535,-42.902,"오띵__",-6.659,-63.741,"_AKASATA_",24.999,-52.416,"CVPileMaki",13.735,-64.468,"SFIDA",40.163,-91.499,"Multeinn",0.651,-102.48,"NABIMan",-37.297,-88.646,0,0,0,0,0,"",0,0,0,0,0,0,0,0,0,0
168,8,0,5,3,1,1,1,1,0,0,12,255,255,13,7770.274,"なおｐ--",R,0,111,-1.967,0.042,-0.183,1.504,-36.683,2,0,0,0,0,0,0,1,0,9,L,"-Alta-",190,88,0.5,3,59,7771.254,201,186,62,255,155,122,50,31.583,0.43,0.073,-0.301,0.418,0,0,0,-0.139,-37.707,"Kr_Luna",-0.107,-17.244,"_Chun",-19.555,-45.682,"오띵__",-11.408,-64.195,"_AKASATA_",24.786,-52.565,"CVPileMaki",13.694,-64.473,"SFIDA",40.173,-91.508,"Multeinn",-0.752,-102.947,"NABIMan",-34.954,-91.833,7778.3,-40.337,-106.419,7778.55,8,"NABIMan",-39.615,-104.764,0,0,0,0,0,0,0,1
169,8,0,5,3,0,0,2,1,0,0,12,255,255,14,7815.017,"なおｐ--",R,10,99,-0.63,-2.372,-0.08,1.974,-36.957,2,0,138.739,358.988,15.708,-0.104,-20.022,1,1,5,L,"shimenawa",175.4,95.341,0.2,3,59,7816.328,56,67,59,78,81,60,4.819,23.151,0.92,-0.021,-0.297,0.096,0,0,0,-0.34,-37.729,"Kr_Luna",-0.024,-17.312,"_Chun",-20.148,-44.984,"오띵__",-11.786,-63.884,"_AKASATA_",25.143,-51.094,"CVPileMaki",13.575,-64.831,"SFIDA",35.13,-92.651,"Multeinn",4.159,-103.723,"NABIMan",-38.41,-91.008,7817.017,-3.707,-28.549,7819.85,3,"오띵__",-13.585,-54.654,1,0,0,0,0,0,0,2
170,9,1,5,3,0,0,0,0,0,0,255,255,255,56,7879.64,"甲斐野柊太",R,28,132,1.571,0.234,0.132,1.841,-36.672,2,0,41.784,-51.385,12.876,0,0,1,6,4,R,"_AKASATA_",190,95.042,0.2,3,59,7880.567,188,155,28,254,155,96,-8.269,-18.157,-0.52,0.008,0.039,0.32,0,0,0,-0.3,-36.821,"あおいぬ",0.081,-16.989,"P0TA0",-23.081,-47.669,"あいくんだよー『아이 군』",-12.339,-63.105,"白霜らいふ",21.157,-45.71,"shimenawa",14.3,-63.34,"Kenomo",34.614,-85.757,"紅さかな",0.086,-112.939,"Pizzallaris",-37.552,-88.306,7881,2.191,-24.152,7883.05,5,"shimenawa",16.202,-57.255,0,0,0,0,0,0,0,2
171,9,1,5,3,0,0,1,0,0,0,255,255,255,57,7911.605,"甲斐野柊太",R,6,103,2.925,-2.229,-0.005,1.536,-36.708,4,0,468.182,0,14.382,0.316,-19.762,1,7,3,R,"오띵__",164.9,90,0.405,0,59,0,0,0,0,0,0,0,0,0,0,0,0,0,0,0,0,-0.258,-37.243,"あおいぬ",0.151,-17.521,"P0TA0",-22.758,-47.481,"あいくんだよー『아이 군』",-12.848,-63.176,"白霜らいふ",21.903,-45.893,"shimenawa",11.996,-63.328,"Kenomo",33.579,-90.99,"紅さかな",0.709,-111.308,"Pizzallaris",-37.641,-88.259,0,0,0,0,0,"",0,0,0,0,0,0,0,0,0,0
172,9,1,5,3,0,1,1,0,0,0,255,255,255,58,7930.562,"甲斐野柊太",R,28,134,1.353,0.451,0.111,1.852,-36.672,0,0,43.802,-79.237,9.03,0,0,0,7,3,R,"오띵__",164.9,90,0.405,0,59,0,0,0,0,0,0,0,0,0,0,0,0,0,0,0,0,-0.231,-36.932,"あおいぬ",0.089,-16.971,"P0TA0",-22.849,-47.386,"あいくんだよー『아이 군』",-12.816,-63.108,"白霜らいふ",21.967,-46.034,"shimenawa",14.377,-63.013,"Kenomo",33.51,-90.994,"紅さかな",0.71,-111.308,"Pizzallaris",-37.978,-88.036,0,0,0,0,0,"",0,0,0,0,0,0,0,0,0,0
173,9,1,5,3,0,2,1,0,0,0,255,255,255,59,7947.615,"甲斐野柊太",R,28,136,-2.358,-1.235,-0.233,1.611,-36.568,4,0,41.075,-68.17,14.085,0,0,1,7,3,R,"오띵__",164.9,90,0.405,0,59,0,0,0,0,0,0,0,0,0,0,0,0,0,0,0,0,-0.253,-37.123,"あおいぬ",-0.212,-17.22,"P0TA0",-22.847,-47.275,"あいくんだよー『아이 군』",-12.56,-63.527,"白霜らいふ",21.945,-46.09,"shimenawa",10.834,-63.354,"Kenomo",33.608,-91.039,"紅さかな",0.285,-111.541,"Pizzallaris",-37.707,-88.178,0,0,0,0,0,"",0,0,0,0,0,0,0,0,0,0
174,9,1,5,3,0,0,2,0,0,0,255,255,255,60,7974.055,"甲斐野柊太",R,0,137,-2.033,-0.915,-0.198,1.676,-36.643,1,0,26.093,-24.5,3.68,0,0,0,8,7,R,"Multeinn",160,95.343,0.505,0,59,0,0,0,0,0,0,0,0,0,0,0,0,0,0,0,0,-0.406,-37.006,"あおいぬ",-0.176,-16.79,"P0TA0",-23.134,-47.737,"あいくんだよー『아이 군』",-12.634,-63.771,"白霜らいふ",22.226,-46.078,"shimenawa",15.077,-64.223,"Kenomo",32.961,-92.795,"紅さかな",0.077,-111.462,"Pizzallaris",-38.004,-88.038,0,0,0,0,0,"",0,0,0,0,0,0,0,0,0,0
175,9,1,5,3,1,0,2,0,0,0,255,255,255,61,7989.289,"甲斐野柊太",R,28,132,0.434,-0.227,0.029,1.75,-36.612,0,0,31.865,-95.103,7.689,0,0,0,8,7,R,"Multeinn",160,95.343,0.505,0,59,0,0,0,0,0,0,0,0,0,0,0,0,0,0,0,0,-0.271,-36.941,"あおいぬ",0.026,-16.814,"P0TA0",-23.072,-47.555,"あいくんだよー『아이 군』",-12.644,-63.787,"白霜らいふ",22.099,-47.661,"shimenawa",14.511,-63.891,"Kenomo",37.39,-90.766,"紅さかな",0.04,-111.642,"Pizzallaris",-38.728,-88.997,0,0,0,0,0,"",0,0,0,0,0,0,0,0,0,0
176,9,1,5,3,1,1,2,0,0,0,255,255,255,62,8004.399,"甲斐野柊太",R,28,139,-3.455,-1.471,-0.336,1.592,-36.526,1,0,45.426,-56.073,7.01,0,0,0,8,7,R,"Multeinn",160,95.343,0.505,0,59,0,0,0,0,0,0,0,0,0,0,0,0,0,0,0,0,-0.424,-37.111,"あおいぬ",-0.257,-16.769,"P0TA0",-23.191,-47.458,"あいくんだよー『아이 군』",-12.646,-63.771,"白霜らいふ",22.082,-47.667,"shimenawa",13.612,-63.957,"Kenomo",33.111,-94.155,"紅さかな",-0.389,-111.653,"Pizzallaris",-38.491,-89.137,0,0,0,0,0,"",0,0,0,0,0,0,0,0,0,0
177,9,1,5,3,2,1,2,0,0,0,255,255,255,63,8019.353,"甲斐野柊太",R,28,136,0.714,-0.171,0.053,1.761,-36.593,0,0,41.48,-88.221,9.933,0,0,0,8,7,R,"Multeinn",160,95.343,0.505,0,59,0,0,0,0,0,0,0,0,0,0,0,0,0,0,0,0,-0.445,-36.623,"あおいぬ",0.05,-16.967,"P0TA0",-23.227,-47.413,"あいくんだよー『아이 군』",-12.616,-63.766,"白霜らいふ",22.091,-47.659,"shimenawa",13.507,-63.972,"Kenomo",36.606,-93.809,"紅さかな",-0.32,-111.679,"Pizzallaris",-38.745,-89.118,0,0,0,0,0,"",0,0,0,0,0,0,0,0,0,0
178,9,1,5,3,2,2,2,0,0,0,255,255,255,64,8143.986,"甲斐野柊太",R,28,132,2.463,1.144,0.187,1.961,-36.783,4,0,81.268,-99.41,10.196,0.079,-20.778,1,8,7,R,"Multeinn",160,95.343,0.505,0,41,0,0,0,0,0,0,0,0,0,0,0,0,0,0,0,0,-0.175,-36.556,"あおいぬ",0.029,-17.472,"P0TA0",-23.041,-47.309,"あいくんだよー『아이 군』",-11.663,-60.274,"白霜らいふ",22.335,-46.931,"shimenawa",13.433,-62.34,"Kenomo",35.399,-97.502,"紅さかな",-0.149,-111.286,"Pizzallaris",-43.559,-90.831,0,0,0,0,0,"",0,0,0,0,0,0,0,0,0,0
179,9,0,5,3,0,0,0,0,0,0,255,255,255,15,8210.148,"なおｐ--",R,13,84,-1.93,-1.628,0.007,1.418,-36.889,1,0,-298.15,312.348,15.206,0,0,0,2,8,R,"Pizzallaris",170.4,89.827,0.347,0,59,0,0,0,0,0,0,0,0,0,0,0,0,0,0,0,0,-0.168,-37.37,"Kr_Luna",-0.237,-17.17,"_Chun",-22.321,-49.987,"오띵__",-10.778,-66.379,"_AKASATA_",24.671,-52.111,"CVPileMaki",13.593,-64.874,"SFIDA",34.418,-88.353,"Multeinn",1.561,-100.578,"NABIMan",-41.611,-83.204,0,0,0,0,0,"",0,0,0,0,0,0,0,0,0,0
180,9,0,5,3,1,0,0,0,0,0,255,255,255,16,8230.532,"なおｐ--",R,0,140,2.298,0.885,0.214,1.633,-36.571,2,0,0,0,0,0,0,1,2,8,R,"Pizzallaris",170.4,89.827,0.347,3,59,8231.609,153,135,58,198,146,85,-6.952,-7.543,-0.43,-0.059,-0.041,0.272,0,0,0,0.047,-37.498,"Kr_Luna",0.142,-17.216,"_Chun",-21.847,-49.975,"오띵__",-10.813,-66.303,"_AKASATA_",24.152,-51.041,"CVPileMaki",13.522,-64.794,"SFIDA",34.662,-88.945,"Multeinn",1.679,-100.672,"NABIMan",-41.9,-84.997,8232.066,1.459,-26.539,8234.333,5,"CVPileMaki",8.027,-59.725,0,0,0,0,0,0,0,2
181,9,0,5,3,0,0,1,0,0,0,255,255,255,17,8269.365,"なおｐ--",R,13,79,-1.505,-2.468,0.079,1.799,-36.926,1,0,-280.403,312.348,-30.147,-0.255,-20.683,0,3,1,R,"あおいぬ",190,107,0.665,0,60,0,0,0,0,0,0,0,0,0,0,0,0,0,0,0,0,-0.125,-37.503,"Kr_Luna",0.157,-17.19,"_Chun",-23.722,-49.651,"오띵__",-11.169,-66.149,"_AKASATA_",23.386,-49.985,"CVPileMaki",13.593,-64.875,"SFIDA",31.335,-99.58,"Multeinn",-5.637,-107.891,"NABIMan",-44.318,-92.427,0,0,0,0,0,"",0,0,0,0,0,0,0,0,0,0
182,9,0,5,3,0,1,1,0,0,0,255,255,255,18,8289.95,"なおｐ--",R,0,140,0.829,1.743,0.077,1.833,-36.623,1,0,0,0,0,0,0,0,3,1,R,"あおいぬ",190,107,0.665,0,60,0,0,0,0,0,0,0,0,0,0,0,0,0,0,0,0,0.081,-37.739,"Kr_Luna",-0.149,-17.183,"_Chun",-23.663,-49.776,"오띵__",-11.164,-66.079,"_AKASATA_",23.292,-49.981,"CVPileMaki",13.593,-64.872,"SFIDA",31.337,-99.595,"Multeinn",-6.091,-107.552,"NABIMan",-46.198,-94.357,0,0,0,0,0,"",0,0,0,0,0,0,0,0,0,0
183,9,0,5,3,1,1,1,0,0,0,255,255,255,19,8321.732,"なおｐ--",R,14,78,1.641,-2.529,0.003,1.796,-36.939,1,0,276.854,312.348,90.449,0.316,-20.304,0,3,1,R,"あおいぬ",190,107,0.665,0,60,0,0,0,0,0,0,0,0,0,0,0,0,0,0,0,0,-0.169,-37.49,"Kr_Luna",0.543,-16.475,"_Chun",-23.662,-49.668,"오띵__",-11.178,-66.085,"_AKASATA_",23.484,-49.889,"CVPileMaki",13.598,-64.878,"SFIDA",31.326,-99.531,"Multeinn",-7.059,-108.867,"NABIMan",-45.795,-94.798,0,0,0,0,0,"",0,0,0,0,0,0,0,0,0,0
184,9,0,5,3,2,1,1,0,0,0,255,255,255,20,8348.202,"なおｐ--",R,0,136,1.898,0.713,0.177,1.634,-36.727,2,0,0,0,0,0,0,1,3,1,R,"あおいぬ",190,107,0.665,3,60,8349.312,110,61,19,105,128,123,7.646,34.941,0.36,0.005,-0.006,0.19,0,0,0,-0.031,-37.568,"Kr_Luna",0.169,-17.089,"_Chun",-23.338,-50.133,"오띵__",-11.173,-66.086,"_AKASATA_",22.528,-47.529,"CVPileMaki",13.581,-64.867,"SFIDA",31.332,-99.576,"Multeinn",-7.446,-109.018,"NABIMan",-47.045,-95.184,8351.033,-29.036,-56.443,8353.134,8,"NABIMan",-51.428,-85.671,1,0,0,0,0,0,0,2
185,9,0,5,3,0,0,1,1,0,0,10,255,255,21,8390.635,"なおｐ--",R,0,113,-0.512,-1.402,-0.015,1.857,-36.762,1,0,0,0,7.506,0,0,0,4,7,R,"紅さかな",173.4,96.324,0.453,0,59,0,0,0,0,0,0,0,0,0,0,0,0,0,0,0,0,-0.243,-37.576,"Kr_Luna",-0.013,-17.307,"_Chun",-20.355,-43.673,"오띵__",-13.606,-64.904,"_AKASATA_",23.968,-51.113,"CVPileMaki",6.91,-63.88,"SFIDA",35.649,-82.969,"Multeinn",0.714,-102.182,"NABIMan",-43.033,-88.799,0,0,0,0,0,"",0,0,0,0,0,0,0,0,0,0
186,9,0,5,3,1,0,1,1,0,0,10,255,255,22,8412.569,"なおｐ--",R,0,128,2.531,0.354,0.235,1.551,-36.612,1,0,0,0,0,0,0,0,4,7,R,"紅さかな",173.4,96.324,0.453,0,59,0,0,0,0,0,0,0,0,0,0,0,0,0,0,0,0,-0.116,-37.711,"Kr_Luna",-0.062,-17.232,"_Chun",-20.212,-43.735,"오띵__",-13.551,-64.903,"_AKASATA_",23.677,-50.578,"CVPileMaki",6.185,-63.678,"SFIDA",37.012,-84.548,"Multeinn",0.627,-102.813,"NABIMan",-42.778,-85.707,0,0,0,0,0,"",0,0,0,0,0,0,0,0,0,0
187,9,0,5,3,2,0,1,1,0,0,10,255,255,23,8438.118,"なおｐ--",R,0,122,1.615,-0.092,0.15,1.479,-36.67,1,0,0,0,0,0,0,0,4,7,R,"紅さかな",173.4,96.324,0.453,0,59,0,0,0,0,0,0,0,0,0,0,0,0,0,0,0,0,-0.162,-37.602,"Kr_Luna",-0.008,-17.357,"_Chun",-19.877,-43.284,"오띵__",-13.42,-65.064,"_AKASATA_",23.857,-50.144,"CVPileMaki",5.536,-63.036,"SFIDA",36.69,-84.626,"Multeinn",-0.042,-104.365,"NABIMan",-41.899,-84.661,0,0,0,0,0,"",0,0,0,0,0,0,0,0,0,0
188,9,0,5,3,3,0,1,1,0,0,10,255,255,24,8461.162,"なおｐ--",R,9,79,2.248,0.651,0.046,1.441,-36.772,1,0,278.626,-315.416,-16.963,0,0,0,4,7,R,"紅さかな",173.4,96.324,0.453,0,59,0,0,0,0,0,0,0,0,0,0,0,0,0,0,0,0,-0.166,-37.722,"Kr_Luna",0.123,-17.283,"_Chun",-20.232,-42.991,"오띵__",-13.415,-65.087,"_AKASATA_",23.732,-50.24,"CVPileMaki",5.475,-63.449,"SFIDA",36.704,-84.652,"Multeinn",0.625,-104.847,"NABIMan",-41.499,-85.964,0,0,0,0,0,"",0,0,0,0,0,0,0,0,0,5
189,9,0,5,3,0,0,1,1,1,0,16,10,255,25,8509.768,"なおｐ--",R,0,133,1.779,0.681,0.165,1.628,-36.641,1,0,0,0,0,0,0,0,5,2,R,"P0TA0",190,100,0.443,0,21,0,0,0,0,0,0,0,0,0,0,0,0,0,0,0,0,-0.126,-37.759,"Kr_Luna",0.007,-17.274,"_Chun",-20.557,-44.415,"오띵__",-13.418,-65.094,"_AKASATA_",22.51,-46.873,"CVPileMaki",6.701,-64.517,"SFIDA",37.308,-86.998,"Multeinn",1.95,-102.686,"NABIMan",-42.776,-84.722,0,0,0,0,0,"",0,0,0,0,0,0,0,0,0,0
190,9,0,5,3,1,0,1,1,1,0,16,10,255,26,8535.362,"なおｐ--",R,0,0,0,0,0,0,0,0,0,0,0,0,0,0,0,5,2,R,"P0TA0",190,100,0.443,0,21,0,0,0,0,0,0,0,0,0,0,0,0,0,0,0,0,0,0,"",0,0,"",0,0,"",0,0,"",0,0,"",0,0,"",0,0,"",0,0,"",0,0,0,0,0,0,0,"",0,0,0,0,0,0,0,0,0,0
191,9,0,5,3,2,0,1,1,1,0,16,10,255,26,8567.822,"なおｐ--",R,13,84,0.007,-0.242,0.257,1.767,-36.909,0,0,-272.959,349.617,-17.274,0,0,0,5,2,R,"P0TA0",190,100,0.443,0,21,0,0,0,0,0,0,0,0,0,0,0,0,0,0,0,0,-0.077,-37.78,"Kr_Luna",0.042,-17.265,"_Chun",-20.671,-44.214,"오띵__",-13.471,-65.051,"_AKASATA_",22.295,-44.861,"CVPileMaki",4.532,-64.322,"SFIDA",34.984,-85.678,"Multeinn",1.222,-103.121,"NABIMan",-42.579,-88.47,0,0,0,0,0,"",0,0,0,0,0,0,0,0,0,0
192,9,0,5,3,2,1,1,1,1,0,16,10,255,27,8590.131,"なおｐ--",R,6,79,1.85,0.58,-0.089,1.673,-36.741,1,0,359.088,-2.053,28.837,0,0,0,5,2,R,"P0TA0",190,100,0.443,0,21,0,0,0,0,0,0,0,0,0,0,0,0,0,0,0,0,-0.155,-37.492,"Kr_Luna",-0.021,-17.322,"_Chun",-20.094,-42.773,"오띵__",-13.408,-64.453,"_AKASATA_",22.389,-45.931,"CVPileMaki",5.17,-64.318,"SFIDA",35.094,-85.281,"Multeinn",-0.066,-103.159,"NABIMan",-42.136,-88.189,0,0,0,0,0,"",0,0,0,0,0,0,0,0,0,0
193,9,0,5,3,3,1,1,1,1,0,16,10,255,28,8620.289,"なおｐ--",R,0,127,0.852,0.556,0.119,1.649,-36.631,0,0,0,0,15.386,0,0,0,5,2,R,"P0TA0",190,100,0.443,0,21,0,0,0,0,0,0,0,0,0,0,0,0,0,0,0,0,0.021,-37.613,"Kr_Luna",0.054,-17.28,"_Chun",-19.99,-43.946,"오띵__",-13.533,-65.044,"_AKASATA_",21.206,-44.345,"CVPileMaki",5.474,-63.732,"SFIDA",36.149,-85.682,"Multeinn",0.63,-105.914,"NABIMan",-42.066,-86.459,0,0,0,0,0,"",0,0,0,0,0,0,0,0,0,0
194,9,0,5,3,3,2,1,1,1,0,16,10,255,29,8644.977,"なおｐ--",R,0,121,-2.502,1.009,0.047,1.653,-36.648,2,0,0,0,0,0,0,1,5,2,R,"P0TA0",190,100,0.443,2,21,8645.835,84,84,22,92,122,76,5.423,15.758,-0.52,0,-0.053,0.151,0,0,0,-0.079,-37.395,"Kr_Luna",0.12,-17.349,"_Chun",-20.217,-43.297,"오띵__",-13.542,-65.081,"_AKASATA_",20.958,-44.462,"CVPileMaki",6.613,-63.904,"SFIDA",35.779,-86.101,"Multeinn",0.674,-106.911,"NABIMan",-42.016,-88.349,8647.684,-8.407,-51.554,8648.566,3,"오띵__",-10.005,-57.834,0,0,0,0,0,0,0,2
