id,inn,half,scoreA,scoreB,ball,strk,out,b1,b2,b3,b1Idx,b2Idx,b3Idx,pCnt,pSec,pName,pHand,pType,spdK,zoneX,zoneY,startX,startY,zDist,call,balk,sH,sV,gyro,plx,plz,bSwing,bIdx,bPos,bZone,bName,bHCm,batLen,batCen,batType,bFps,hSec,rotS,rotL,shS,lgS,prepS,impMv,batSpd,ev,ldeg,sdeg,hPos,hMoveX,hMoveY,stayCon,buntGrip,PPosX,PPosY,PThrSpd,CName,CPosX,CPosY,CThrSpd,1BName,1BPosX,1BPosY,1BThrSpd,2BName,2BPosX,2BPosY,2BThrSpd,3BName,3BPosX,3BPosY,3BThrSpd,SSName,SSPosX,SSPosY,SSThrSpd,LFName,LFPosX,LFPosY,LFThrSpd,CFName,CFPosX,CFPosY,CFThrSpd,RFName,RFPosX,RFPosY,RFThrSpd,ltSec,lx,lz,cSec,cPos,cPlr,cx,cz,1BSafe,tag,cpSec,sb2Sec,sb3Sec,sbhSec,ass,result
1,1,1,0,0,0,0,0,0,0,0,255,255,255,0,1129.006,"アリアル",R,0,138,-0.4,-0.892,0.587,1.311,-36.801,0,0,0,0,0,0,0,0,0,5,R,"muyang_",172.8,80,0.496,0,91,0,0,0,0,0,0,0,0,0,0,0,0,0,0,0,0,0.589,-37.603,0,"ke ro",-0.004,-17.126,0,"Slaris",-20.246,-48.318,0,"˗ˋˏ 카피 ˎˊ˗",-14.618,-63.898,0,"_이누_",18.667,-50.141,0,"coder_",11.614,-65.216,0,"소솨소솨",41.156,-84.606,0,"아침땅_",-0.277,-102.131,0,"Sabo_10",-36.967,-83.404,0,0,0,0,0,0,"",0,0,0,0,0,0,0,0,0,0
2,1,1,0,0,0,1,0,0,0,0,255,255,255,1,1146.524,"アリアル",R,0,140,1.471,-0.021,0.636,1.338,-36.895,0,0,0,0,0,0,0,0,0,5,R,"muyang_",172.8,80,0.496,0,91,0,0,0,0,0,0,0,0,0,0,0,0,0,0,0,0,0.471,-37.533,0,"ke ro",0.049,-17.148,0,"Slaris",-20.142,-48.371,0,"˗ˋˏ 카피 ˎˊ˗",-14.648,-63.951,0,"_이누_",18.596,-50.294,0,"coder_",10.776,-64.612,0,"소솨소솨",41.147,-84.611,0,"아침땅_",-0.521,-102.699,0,"Sabo_10",-36.855,-83.355,0,0,0,0,0,0,"",0,0,0,0,0,0,0,0,0,0
3,1,1,0,0,0,2,0,0,0,0,255,255,255,2,1161.907,"アリアル",R,0,140,1.113,0.565,0.809,1.576,-36.875,0,0,0,0,0,0,0,0,0,5,R,"muyang_",172.8,80,0.496,0,91,0,0,0,0,0,0,0,0,0,0,0,0,0,0,0,0,0.469,-37.568,0,"ke ro",0.015,-17.031,0,"Slaris",-20.153,-48.386,0,"˗ˋˏ 카피 ˎˊ˗",-14.635,-63.914,0,"_이누_",18.247,-50.489,0,"coder_",10.281,-64.455,0,"소솨소솨",41.165,-84.621,0,"아침땅_",-0.522,-102.689,0,"Sabo_10",-36.895,-83.402,0,0,0,0,0,0,"",0,0,0,0,0,0,0,0,0,0
4,1,1,0,0,0,0,1,0,0,0,255,255,255,3,1185.679,"アリアル",R,0,131,-0.218,1.365,0.659,1.529,-36.807,4,0,0,0,0,0,0,1,1,1,R,"-라후이-",190,84,0.35,0,89,0,0,0,0,0,0,0,0,0,0,0,0,0,0,0,0,0.44,-37.539,0,"ke ro",0.014,-16.91,0,"Slaris",-20.132,-48.629,0,"˗ˋˏ 카피 ˎˊ˗",-15.774,-63.238,0,"_이누_",20.737,-52.039,0,"coder_",11.649,-65.307,0,"소솨소솨",42.204,-83.534,0,"아침땅_",0.103,-105.714,0,"Sabo_10",-37.896,-85.204,0,0,0,0,0,0,"",0,0,0,0,0,0,0,0,0,0
5,1,1,0,0,0,1,1,0,0,0,255,255,255,4,1199.377,"アリアル",R,0,139,2.571,-0.425,0.811,1.477,-36.836,1,0,0,0,0,0,0,0,1,1,R,"-라후이-",190,84,0.35,0,89,0,0,0,0,0,0,0,0,0,0,0,0,0,0,0,0,0.454,-37.649,0,"ke ro",0.052,-16.997,0,"Slaris",-20.228,-48.558,0,"˗ˋˏ 카피 ˎˊ˗",-15.785,-63.295,0,"_이누_",19.523,-52.016,0,"coder_",11.709,-65.776,0,"소솨소솨",42.203,-83.538,0,"아침땅_",0.088,-105.677,0,"Sabo_10",-38.598,-85.125,0,0,0,0,0,0,"",0,0,0,0,0,0,0,0,0,0
6,1,1,0,0,1,1,1,0,0,0,255,255,255,5,1212.154,"アリアル",R,0,131,3.47,-0.807,0.634,1.446,-36.836,2,0,0,0,0,0,0,1,1,1,R,"-라후이-",190,84,0.35,3,89,1213.01,212,18,129,71,29,179,150,98,36.745,32.902,-0.45,-0.011,-0.096,0.209,0,0.367,-37.31,0,"ke ro",0.024,-17.031,0,"Slaris",-20.248,-48.518,0,"˗ˋˏ 카피 ˎˊ˗",-15.786,-63.342,0,"_이누_",19.516,-51.558,0,"coder_",11.624,-65.819,0,"소솨소솨",42.167,-83.544,0,"아침땅_",0.084,-105.717,0,"Sabo_10",-38.437,-85.325,0,1218.059,-52.603,-79.518,1218.267,8,"Sabo_10",-50.994,-77.882,0,0,0,0,0,0,0,1
7,1,1,0,0,0,0,2,0,0,0,255,255,255,6,1238.992,"アリアル",R,0,140,1.646,0.643,0.688,1.503,-36.913,2,0,0,0,0,0,0,1,2,4,R,"Dοpi",180.2,80,0.3,2,88,1239.882,188,9,85,30,10,181,139,93,44.34,-33.777,-0.35,0.02,-0.004,0.031,0,0.797,-37.531,0,"ke ro",0.048,-17.155,0,"Slaris",-20.846,-48.172,0,"˗ˋˏ 카피 ˎˊ˗",-15.211,-63.73,0,"_이누_",20.454,-52.518,0,"coder_",11.179,-66.128,0,"소솨소솨",40.57,-85.351,0,"아침땅_",-1.639,-101.747,0,"Sabo_10",-39.722,-85.335,0,1244.942,31.611,-83.172,1245.2,6,"소솨소솨",30.841,-81.457,0,0,0,0,0,0,0,1
8,1,0,0,0,0,0,0,0,0,0,255,255,255,0,1489.473,"peperon8655",L,0,129,-0.621,-0.344,-0.081,1.64,-36.745,2,0,0,0,0,0,0,0,0,5,R,"coder_",164.3,90.42,0.403,3,84,1490.532,5,2,30,8,6,47,1,32,-66.865,25.205,0.48,-0.022,-0.107,0.037,1,-0.053,-37.23,0,"-라후이-",-0.134,-16.613,0,"siesta_aves",-21.193,-49.181,0,"즉석카레",-12.235,-60.869,0,"Dοpi",15.883,-44.202,0,"muyang_",14.307,-63.41,0,"Roscosmos",45.669,-92.993,0,"ByeolBam",-0.122,-110.477,0,"Penguin_iDOL",-45.761,-89.189,0,1490.825,-0.253,-20.2,1493.55,-1,"gwant",-1.891,-23.931,0,0,0,0,0,0,0,0
9,1,0,0,0,0,0,1,0,0,0,255,255,255,1,1518.742,"peperon8655",L,14,104,-2.963,-2.529,-0.119,1.394,-36.71,1,0,-367.557,314.427,0,-0.498,-21.355,0,1,2,R,"Slaris",190,86.36,0.452,0,83,0,0,0,0,0,0,0,0,0,0,0,0,0,0,0,0,0.244,-37.995,0,"-라후이-",-0.209,-16.517,0,"siesta_aves",-20.908,-48.863,0,"즉석카레",-12.771,-59.869,0,"Dοpi",19.536,-45.631,0,"muyang_",14.641,-64.116,0,"Roscosmos",44.173,-91.344,0,"ByeolBam",0.383,-111.761,0,"Penguin_iDOL",-41.486,-92.262,0,0,0,0,0,0,"",0,0,0,0,0,0,0,0,0,0
10,1,0,0,0,1,0,1,0,0,0,255,255,255,2,1533.544,"peperon8655",L,0,131,0.02,-0.965,0.002,1.622,-36.517,1,0,0,0,0,0,0,0,1,2,R,"Slaris",190,86.36,0.452,0,83,0,0,0,0,0,0,0,0,0,0,0,0,0,0,0,0,0.023,-37.939,0,"-라후이-",-0.22,-16.493,0,"siesta_aves",-21.088,-47.507,0,"즉석카레",-12.599,-60.072,0,"Dοpi",20.099,-47.032,0,"muyang_",13.033,-64.181,0,"Roscosmos",44.447,-93.115,0,"ByeolBam",-1.934,-111.441,0,"Penguin_iDOL",-41.432,-92.4,0,0,0,0,0,0,"",0,0,0,0,0,0,0,0,0,0
11,1,0,0,0,2,0,1,0,0,0,255,255,255,3,1548.498,"peperon8655",L,10,106,-0.757,-1.996,-0.07,1.596,-36.516,4,0,0,400,0,-0.145,-19.251,1,1,2,R,"Slaris",190,86.36,0.452,0,83,0,0,0,0,0,0,0,0,0,0,0,0,0,0,0,0,0.064,-37.768,0,"-라후이-",-0.008,-16.534,0,"siesta_aves",-20.679,-46.434,0,"즉석카레",-12.111,-60.944,0,"Dοpi",20.132,-47.023,0,"muyang_",14.913,-62.939,0,"Roscosmos",44.386,-93.166,0,"ByeolBam",0.166,-111.429,0,"Penguin_iDOL",-41.541,-92.304,0,0,0,0,0,0,"",0,0,0,0,0,0,0,0,0,0
12,1,0,0,0,2,1,1,0,0,0,255,255,255,4,1566.797,"peperon8655",L,3,104,-2.263,-0.689,-0.401,1.682,-36.79,1,0,431.97,0,0,-0.165,-17.335,0,1,2,R,"Slaris",190,86.36,0.452,0,83,0,0,0,0,0,0,0,0,0,0,0,0,0,0,0,0,0.051,-37.744,0,"-라후이-",-0.015,-17.191,0,"siesta_aves",-21.457,-48.109,0,"즉석카레",-12.136,-60.549,0,"Dοpi",19.599,-46.804,0,"muyang_",14.067,-62.771,0,"Roscosmos",44.398,-93.177,0,"ByeolBam",2.185,-111.108,0,"Penguin_iDOL",-41.528,-92.28,0,0,0,0,0,0,"",0,0,0,0,0,0,0,0,0,0
13,1,0,0,0,3,1,1,0,0,0,255,255,255,5,1584.249,"peperon8655",L,0,126,1.432,-0.953,0.133,1.624,-36.591,4,0,0,0,0,0,0,1,1,2,R,"Slaris",190,86.36,0.452,0,83,0,0,0,0,0,0,0,0,0,0,0,0,0,0,0,0,0.001,-37.55,0,"-라후이-",-0.042,-16.613,0,"siesta_aves",-21.916,-47.935,0,"즉석카레",-13.347,-59.89,0,"Dοpi",19.398,-47.56,0,"muyang_",13.503,-62.822,0,"Roscosmos",44.413,-93.26,0,"ByeolBam",0.005,-112.489,0,"Penguin_iDOL",-43.673,-92.903,0,0,0,0,0,0,"",0,0,0,0,0,0,0,0,0,0
14,1,0,0,0,3,2,1,0,0,0,255,255,255,6,1600.882,"peperon8655",L,0,127,0.649,-0.879,0.06,1.638,-36.588,2,0,0,0,0,0,0,1,1,2,R,"Slaris",190,86.36,0.452,3,83,1601.822,158,16,106,81,41,101,150,108,-0.232,-30.595,0.02,-0.036,-0.105,0.088,0,0.021,-37.44,0,"-라후이-",-0.065,-16.532,0,"siesta_aves",-22.137,-49.057,0,"즉석카레",-12.524,-60.316,0,"Dοpi",19.414,-47.421,0,"muyang_",15.075,-63.264,0,"Roscosmos",44.43,-93.226,0,"ByeolBam",0.334,-113.174,0,"Penguin_iDOL",-43.843,-92.786,0,1602.492,7.223,-32.756,1603.842,-1,"gwant",15.241,-46.961,0,0,0,0,0,0,0,2
15,1,0,0,0,0,0,2,0,0,0,255,255,255,7,1630.985,"peperon8655",L,0,0,0,0,0,0,0,0,0,0,0,0,0,0,0,2,9,L,"encounter v",190,93,0.497,0,82,0,0,0,0,0,0,0,0,0,0,0,0,0,0,0,0,0,0,0,"",0,0,0,"",0,0,0,"",0,0,0,"",0,0,0,"",0,0,0,"",0,0,0,"",0,0,0,"",0,0,0,0,0,0,0,0,"",0,0,0,0,0,0,0,0,0,0
16,1,0,0,0,0,0,2,0,0,0,255,255,255,7,1729.132,"peperon8655",L,7,109,-0.623,0.36,0.02,1.88,-36.87,2,0,-191.281,0,0,0,0,1,2,9,L,"encounter v",190,93,0.497,3,80,1730.305,138,15,85,73,38,112,141,97,38.513,-30.255,-0.35,0.013,-0.081,0.05,0,0.272,-37.281,0,"-라후이-",-0.257,-16.976,0,"siesta_aves",-19.046,-49.382,0,"즉석카레",-10.666,-61.793,0,"Dοpi",20.623,-45.31,0,"muyang_",16.123,-62.852,0,"Roscosmos",46.789,-94.395,0,"ByeolBam",0.081,-113.823,0,"Penguin_iDOL",-38.753,-96.773,0,1735.104,34.561,-89.153,1735.988,9,"encounter v",33.694,-86.883,0,0,0,0,0,0,0,1
17,2,1,0,0,0,0,0,0,0,0,255,255,255,7,1792.331,"アリアル",R,0,129,1.897,-0.608,0.789,1.409,-36.881,1,0,0,0,0,0,0,0,3,7,R,"ByeolBam",174.5,85,0.5,0,79,0,0,0,0,0,0,0,0,0,0,0,0,0,0,0,0,0.493,-37.665,0,"ke ro",0.042,-17.097,0,"Slaris",-20.913,-49.8,0,"˗ˋˏ 카피 ˎˊ˗",-15.479,-63.432,0,"_이누_",20.965,-51.086,0,"coder_",10.887,-65.256,0,"소솨소솨",43.304,-88.302,0,"아침땅_",-0.734,-104.972,0,"Sabo_10",-34.759,-91.437,0,0,0,0,0,0,"",0,0,0,0,0,0,0,0,0,0
18,2,1,0,0,1,0,0,0,0,0,255,255,255,8,1810,"アリアル",R,0,132,0.811,0.096,0.687,1.495,-36.878,0,0,0,0,0,0,0,0,3,7,R,"ByeolBam",174.5,85,0.5,0,79,0,0,0,0,0,0,0,0,0,0,0,0,0,0,0,0,0.479,-37.592,0,"ke ro",0.041,-17.116,0,"Slaris",-20.951,-49.65,0,"˗ˋˏ 카피 ˎˊ˗",-15.528,-63.469,0,"_이누_",20.916,-51.063,0,"coder_",11.64,-65.72,0,"소솨소솨",43.301,-88.294,0,"아침땅_",-0.446,-105.015,0,"Sabo_10",-34.814,-91.337,0,0,0,0,0,0,"",0,0,0,0,0,0,0,0,0,0
19,2,1,0,0,1,1,0,0,0,0,255,255,255,9,1825.14,"アリアル",R,6,98,-2.451,0.715,0.535,1.371,-36.749,1,0,445.455,0,8.604,0,0,0,3,7,R,"ByeolBam",174.5,85,0.5,0,79,0,0,0,0,0,0,0,0,0,0,0,0,0,0,0,0,0.444,-37.653,0,"ke ro",0.036,-17.059,0,"Slaris",-20.911,-49.603,0,"˗ˋˏ 카피 ˎˊ˗",-14.983,-63.966,0,"_이누_",20.034,-51.5,0,"coder_",11.626,-65.674,0,"소솨소솨",43.306,-88.312,0,"아침땅_",0.142,-105.085,0,"Sabo_10",-34.848,-91.415,0,0,0,0,0,0,"",0,0,0,0,0,0,0,0,0,0
20,2,1,0,0,2,1,0,0,0,0,255,255,255,10,1841.003,"アリアル",R,6,97,2.605,0.044,0.708,1.388,-36.744,1,0,423.734,-138.195,7.012,0,0,0,3,7,R,"ByeolBam",174.5,85,0.5,0,79,0,0,0,0,0,0,0,0,0,0,0,0,0,0,0,0,0.493,-37.605,0,"ke ro",0.045,-17.054,0,"Slaris",-20.953,-49.579,0,"˗ˋˏ 카피 ˎˊ˗",-15.13,-63.731,0,"_이누_",20.054,-51.526,0,"coder_",11.935,-65.719,0,"소솨소솨",43.324,-88.304,0,"아침땅_",-0.325,-105.07,0,"Sabo_10",-34.794,-91.328,0,0,0,0,0,0,"",0,0,0,0,0,0,0,0,0,0
21,2,1,0,0,3,1,0,0,0,0,255,255,255,11,1856.257,"アリアル",R,0,140,0.413,-1.143,0.703,1.387,-36.86,1,0,0,0,0,0,0,0,3,7,R,"ByeolBam",174.5,85,0.5,0,79,0,0,0,0,0,0,0,0,0,0,0,0,0,0,0,0,0.69,-37.411,0,"ke ro",0.041,-17.048,0,"Slaris",-21.026,-49.614,0,"˗ˋˏ 카피 ˎˊ˗",-15.143,-63.788,0,"_이누_",20.252,-51.228,0,"coder_",11.914,-65.665,0,"소솨소솨",43.307,-88.294,0,"아침땅_",-0.328,-105.058,0,"Sabo_10",-34.82,-91.313,0,0,0,0,0,0,"",0,0,0,0,0,0,0,0,0,5
22,2,1,0,0,0,0,0,1,0,0,7,255,255,12,1917.573,"アリアル",R,0,140,2.876,-0.736,0.612,1.362,-36.954,2,0,0,0,0,0,0,1,4,8,R,"Penguin_iDOL",180.3,80,0.395,3,78,1918.688,255,13,88,60,23,102,143,94,-51.428,-48.733,-0.41,-0.052,-0.033,0.207,0,0.716,-37.371,0,"ke ro",-0.115,-17.258,0,"Slaris",-21.48,-46.004,0,"˗ˋˏ 카피 ˎˊ˗",-13.913,-63.756,0,"_이누_",19.903,-51.39,0,"coder_",10.569,-64.62,0,"소솨소솨",43.259,-88.263,0,"아침땅_",-0.725,-104.993,0,"Sabo_10",-38.654,-86.666,0,1918.859,1.047,-19.693,0,0,"",0,0,0,0,0,0,0,0,0,3
23,2,1,0,0,0,1,0,1,0,0,7,255,255,13,1961.444,"アリアル",R,0,137,-0.515,0.385,0.679,1.471,-36.829,2,0,0,0,0,0,0,1,4,8,R,"Penguin_iDOL",180.3,80,0.395,3,78,1962.537,255,25,135,72,26,180,150,113,11.992,37.231,0.15,0.056,0.005,0.291,0,0.633,-37.232,0,"ke ro",0.032,-17.111,0,"Slaris",-19.368,-47.191,0,"˗ˋˏ 카피 ˎˊ˗",-13.309,-64.524,0,"_이누_",18.82,-50.511,0,"coder_",11.057,-64.641,0,"소솨소솨",42.364,-86.716,0,"아침땅_",-0.322,-105.362,0,"Sabo_10",-37.868,-85.8,0,1965.4,-48.383,-69.371,1970.004,8,"Sabo_10",-68.187,-79.216,1,0,0,0,0,0,0,2
24,2,1,0,0,0,0,0,0,1,1,255,8,7,14,1999.574,"アリアル",R,0,140,0.471,0.337,0.702,1.511,-36.855,0,0,0,0,0,0,0,1,5,2,R,"siesta_aves",190,96.913,0.4,0,77,0,0,0,0,0,0,0,0,0,0,0,0,0,0,0,0,0.506,-37.384,0,"ke ro",0.024,-17.04,0,"Slaris",-20.883,-47.561,0,"˗ˋˏ 카피 ˎˊ˗",-13.455,-63.966,0,"_이누_",19.944,-49.464,0,"coder_",11.21,-62.698,0,"소솨소솨",39.34,-88.131,0,"아침땅_",-1.015,-106.393,0,"Sabo_10",-36.876,-86.15,0,0,0,0,0,0,"",0,0,0,0,0,0,0,0,0,0
25,2,1,0,0,0,1,0,0,1,1,255,8,7,15,2014.59,"アリアル",R,6,103,2.164,-0.211,0.654,1.385,-36.684,2,0,468.182,0,0.125,0,0,1,5,2,R,"siesta_aves",190,96.913,0.4,3,77,2015.813,107,8,61,23,14,74,96,66,-15.556,45.835,-0.48,0.101,0.005,0.079,0,0.707,-37.312,0,"ke ro",0.005,-17.092,0,"Slaris",-20.792,-47.044,0,"˗ˋˏ 카피 ˎˊ˗",-12.008,-63.952,0,"_이누_",20.945,-50.775,0,"coder_",11.771,-62.391,0,"소솨소솨",39.594,-84.852,0,"아침땅_",-0.548,-106.302,0,"Sabo_10",-37.244,-87.141,0,2016.2,-2.349,-21.756,0,0,"",0,0,0,0,0,0,0,0,0,3
26,2,1,0,0,0,2,0,0,1,1,255,8,7,16,2039.188,"アリアル",R,0,129,-0.876,1.427,0.536,1.515,-36.871,1,0,0,0,0,0,0,0,5,2,R,"siesta_aves",190,96.913,0.4,0,77,0,0,0,0,0,0,0,0,0,0,0,0,0,0,0,0,0.52,-37.613,0,"ke ro",0.082,-16.639,0,"Slaris",-19.621,-47.119,0,"˗ˋˏ 카피 ˎˊ˗",-11.818,-63.793,0,"_이누_",20.157,-49.231,0,"coder_",9.316,-62.4,0,"소솨소솨",40.848,-84.717,0,"아침땅_",-0.656,-106.639,0,"Sabo_10",-36.904,-86.363,0,0,0,0,0,0,"",0,0,0,0,0,0,0,0,0,0
27,2,1,0,0,1,2,0,0,1,1,255,8,7,17,2054.943,"アリアル",R,0,126,0.146,1.903,0.746,1.5,-36.749,4,0,0,0,0,0,0,1,5,2,R,"siesta_aves",190,96.913,0.4,0,77,0,0,0,0,0,0,0,0,0,0,0,0,0,0,0,0,0.727,-37.595,0,"ke ro",0.103,-17.497,0,"Slaris",-20.204,-47.037,0,"˗ˋˏ 카피 ˎˊ˗",-14.116,-64.222,0,"_이누_",18.447,-47.948,0,"coder_",9.722,-63.126,0,"소솨소솨",40.845,-84.726,0,"아침땅_",-0.623,-106.605,0,"Sabo_10",-37.175,-87.272,0,0,0,0,0,0,"",0,0,0,0,0,0,0,0,0,0
28,2,1,0,0,0,0,1,0,1,1,255,8,7,18,2082.907,"アリアル",R,9,97,-1.81,0.401,0.522,1.312,-36.741,1,1,368.82,-273.985,20.779,0,0,0,6,3,R,"즉석카레",169.8,94.566,0.397,0,43,0,0,0,0,0,0,0,0,0,0,0,0,0,0,0,0,0.42,-37.59,0,"ke ro",-0.009,-16.985,0,"Slaris",-20.567,-47.444,0,"˗ˋˏ 카피 ˎˊ˗",-14.958,-64.225,0,"_이누_",19.492,-48.186,0,"coder_",8.719,-63.732,0,"소솨소솨",37.405,-80.567,0,"아침땅_",-0.85,-102.088,0,"Sabo_10",-37.04,-84.916,0,0,0,0,0,0,"",0,0,0,0,0,0,0,0,0,0
29,2,1,1,0,1,0,1,0,0,1,255,255,8,19,2161.05,"アリアル",R,0,0,0,0,0,0,0,0,0,0,0,0,0,0,0,6,3,R,"즉석카레",169.8,94.566,0.397,0,43,0,0,0,0,0,0,0,0,0,0,0,0,0,0,0,0,0,0,0,"",0,0,0,"",0,0,0,"",0,0,0,"",0,0,0,"",0,0,0,"",0,0,0,"",0,0,0,"",0,0,0,0,0,0,0,0,"",0,0,0,0,0,0,0,0,0,0
30,2,1,1,0,2,0,1,0,0,1,255,255,8,20,2192.823,"アリアル",R,14,92,1.93,-1.294,0.617,1.42,-36.814,1,0,305.328,341.654,-17.153,0,0,0,6,3,R,"즉석카레",169.8,94.566,0.397,0,43,0,0,0,0,0,0,0,0,0,0,0,0,0,0,0,0,0.566,-37.526,0,"ke ro",-0.025,-17.255,0,"Slaris",-20.574,-48.011,0,"˗ˋˏ 카피 ˎˊ˗",-14.134,-62.901,0,"_이누_",19.535,-48.109,0,"coder_",11.79,-63.282,0,"소솨소솨",41.27,-83.006,0,"아침땅_",-0.49,-100.672,0,"Sabo_10",-36.288,-85.46,0,0,0,0,0,0,"",0,0,0,0,0,0,0,0,0,0
31,2,1,1,0,3,0,1,0,0,1,255,255,8,21,2207.733,"アリアル",R,0,135,0.635,-0.358,0.699,1.456,-36.846,0,0,0,0,0,0,0,0,6,3,R,"즉석카레",169.8,94.566,0.397,0,43,0,0,0,0,0,0,0,0,0,0,0,0,0,0,0,0,0.448,-37.584,0,"ke ro",-0.01,-17.033,0,"Slaris",-20.695,-47.918,0,"˗ˋˏ 카피 ˎˊ˗",-15.097,-63.318,0,"_이누_",19.142,-47.586,0,"coder_",11.39,-62.464,0,"소솨소솨",41.266,-83.012,0,"아침땅_",0.041,-100.718,0,"Sabo_10",-35.068,-84.274,0,0,0,0,0,0,"",0,0,0,0,0,0,0,0,0,0
32,2,1,1,0,3,1,1,0,0,1,255,255,8,22,2220.955,"アリアル",R,0,133,0.082,0.326,0.616,1.464,-36.802,0,0,0,0,0,0,0,0,6,3,R,"즉석카레",169.8,94.566,0.397,0,43,0,0,0,0,0,0,0,0,0,0,0,0,0,0,0,0,0.459,-37.66,0,"ke ro",0.055,-17.013,0,"Slaris",-20.633,-47.909,0,"˗ˋˏ 카피 ˎˊ˗",-15.363,-63.418,0,"_이누_",20.103,-46.571,0,"coder_",11.564,-63.761,0,"소솨소솨",41.676,-84.18,0,"아침땅_",-0.248,-100.685,0,"Sabo_10",-35.119,-84.274,0,0,0,0,0,0,"",0,0,0,0,0,0,0,0,0,0
33,2,1,1,0,3,2,1,0,0,1,255,255,8,23,2238.188,"アリアル",R,0,139,1.789,0.679,0.775,1.499,-36.895,4,0,0,0,0,-0.057,-20.762,1,6,3,R,"즉석카레",169.8,94.566,0.397,0,43,0,0,0,0,0,0,0,0,0,0,0,0,0,0,0,0,0.708,-37.427,0,"ke ro",0.003,-17.495,0,"Slaris",-20.585,-48.026,0,"˗ˋˏ 카피 ˎˊ˗",-15.338,-63.395,0,"_이누_",19.113,-49.663,0,"coder_",11.578,-64.335,0,"소솨소솨",41.676,-84.176,0,"아침땅_",-0.372,-100.646,0,"Sabo_10",-35.077,-84.288,0,0,0,0,0,0,"",0,0,0,0,0,0,0,0,0,0
34,2,1,1,0,0,0,2,0,0,1,255,255,8,24,2282.692,"アリアル",R,0,140,-1.087,-1.18,0.595,1.334,-36.896,1,0,0,0,0,0,0,0,7,6,R,"Roscosmos",175.1,95.635,0.36,0,75,0,0,0,0,0,0,0,0,0,0,0,0,0,0,0,0,0.399,-37.8,0,"ke ro",-0.08,-17.145,0,"Slaris",-19.485,-48.488,0,"˗ˋˏ 카피 ˎˊ˗",-15.473,-63.087,0,"_이누_",19.019,-49.074,0,"coder_",11.42,-65.419,0,"소솨소솨",43.122,-84.942,0,"아침땅_",-0.432,-101.23,0,"Sabo_10",-37.48,-84.875,0,0,0,0,0,0,"",0,0,0,0,0,0,0,0,0,0
35,2,1,1,0,1,0,2,0,0,1,255,255,8,25,2299.06,"アリアル",R,0,134,-0.59,-0.97,0.576,1.304,-36.905,2,0,0,0,0,0,0,1,7,6,R,"Roscosmos",175.1,95.635,0.36,3,75,2299.838,152,53,30,71,65,2,83,78,26.296,0.001,0.93,-0.014,-0.084,0,0,0.623,-37.258,0,"ke ro",-0.038,-17.007,0,"Slaris",-19.326,-48.558,0,"˗ˋˏ 카피 ˎˊ˗",-15.474,-63.141,0,"_이누_",18.981,-49.06,0,"coder_",11.892,-65.639,0,"소솨소솨",43.32,-84.558,0,"아침땅_",-0.311,-101.736,0,"Sabo_10",-36.854,-84.669,0,2304.35,-1.279,-81.797,2304.842,7,"아침땅_",-1.293,-82.438,1,0,0,0,0,0,0,2
36,2,1,2,0,0,0,2,1,0,0,6,255,255,26,2339.318,"アリアル",R,0,132,4.246,1.103,0.88,1.6,-36.944,1,0,0,0,0,0,0,0,8,0,L,"peperon8655",190,105,0.328,0,74,0,0,0,0,0,0,0,0,0,0,0,0,0,0,0,0,0.458,-37.595,0,"ke ro",0.21,-17.285,0,"Slaris",-19.074,-47.519,0,"˗ˋˏ 카피 ˎˊ˗",-11.636,-65.381,0,"_이누_",21.778,-48.861,0,"coder_",11.196,-65.183,0,"소솨소솨",42.307,-80.805,0,"아침땅_",0.016,-102.892,0,"Sabo_10",-35.329,-80.58,0,0,0,0,0,0,"",0,0,0,0,0,0,0,0,0,0
37,2,1,2,0,1,0,2,1,0,0,6,255,255,27,2355.639,"アリアル",R,0,128,-0.487,0.402,0.539,1.453,-36.811,2,0,0,0,0,0,0,1,8,0,L,"peperon8655",190,105,0.328,3,74,2356.608,116,12,72,42,8,87,133,89,-33.247,-25.666,-0.49,-0.002,0.005,0.08,0,0.611,-37.301,0,"ke ro",-0.005,-17.25,0,"Slaris",-18.374,-48.321,0,"˗ˋˏ 카피 ˎˊ˗",-10.111,-66.269,0,"_이누_",21.2,-48.883,0,"coder_",11.513,-65.918,0,"소솨소솨",42.311,-80.806,0,"아침땅_",-0.051,-100.773,0,"Sabo_10",-37.259,-82.862,0,2356.796,0.627,-20.515,2359.788,5,"coder_",19.539,-61.446,1,0,0,0,0,0,0,2
38,2,0,2,0,0,0,0,0,0,0,255,255,255,8,2413.448,"peperon8655",L,11,105,-1.167,-0.803,-0.115,1.746,-36.918,0,0,17.075,204.088,0,0,0,0,3,8,L,"Sabo_10",184.8,94,0.497,0,74,0,0,0,0,0,0,0,0,0,0,0,0,0,0,0,0,0.338,-38.057,0,"-라후이-",0.2,-16.629,0,"siesta_aves",-19.25,-47.206,0,"즉석카레",-11.111,-61.478,0,"Dοpi",22.892,-47.671,0,"muyang_",16.278,-62.735,0,"Roscosmos",45.524,-97.896,0,"ByeolBam",-0.37,-110.897,0,"Penguin_iDOL",-40.866,-97.051,0,0,0,0,0,0,"",0,0,0,0,0,0,0,0,0,0
39,2,0,2,0,0,1,0,0,0,0,255,255,255,9,2427.636,"peperon8655",L,3,103,1.597,-1.16,-0.035,1.631,-36.728,2,0,435.629,76.834,0,0,0,1,3,8,L,"Sabo_10",184.8,94,0.497,2,74,2428.799,210,13,165,71,46,255,150,87,-5.422,-33.136,0.97,0.068,-0.149,0.144,0,0.161,-37.43,0,"-라후이-",0.197,-16.728,0,"siesta_aves",-18.908,-48.57,0,"즉석카레",-11.058,-61.509,0,"Dοpi",22.639,-47.397,0,"muyang_",15.314,-63.53,0,"Roscosmos",45.576,-97.771,0,"ByeolBam",-0.523,-110.844,0,"Penguin_iDOL",-40.423,-95.005,0,2429.188,3.565,-26.479,2430.742,4,"Dοpi",17.154,-45.387,0,0,0,0,0,0,0,2
40,2,0,2,0,0,0,1,0,0,0,255,255,255,10,2454.254,"peperon8655",L,14,103,-2.857,-1.183,-0.122,1.711,-36.941,1,0,-365.589,312.348,0,-0.848,-17.194,0,4,4,R,"_이누_",190,90.187,0.45,0,73,0,0,0,0,0,0,0,0,0,0,0,0,0,0,0,0,0.257,-38.219,0,"-라후이-",-0.728,-17.391,0,"siesta_aves",-19.686,-48.507,0,"즉석카레",-12.332,-61.293,0,"Dοpi",19.679,-48.972,0,"muyang_",15.353,-63.703,0,"Roscosmos",43.666,-95.222,0,"ByeolBam",-0.234,-111.182,0,"Penguin_iDOL",-39.225,-92.491,0,0,0,0,0,0,"",0,0,0,0,0,0,0,0,0,0
41,2,0,2,0,1,0,1,0,0,0,255,255,255,11,2472.483,"peperon8655",L,0,132,0.694,-0.768,0.065,1.66,-36.743,0,0,0,0,0,0,0,0,4,4,R,"_이누_",190,90.187,0.45,0,73,0,0,0,0,0,0,0,0,0,0,0,0,0,0,0,0,0.402,-38.15,0,"-라후이-",0.161,-16.54,0,"siesta_aves",-19.772,-48.423,0,"즉석카레",-11.479,-61.5,0,"Dοpi",17.505,-48.044,0,"muyang_",12.925,-64.113,0,"Roscosmos",44.368,-96.377,0,"ByeolBam",-0.25,-111.176,0,"Penguin_iDOL",-39.289,-92.479,0,0,0,0,0,0,"",0,0,0,0,0,0,0,0,0,0
42,2,0,2,0,1,1,1,0,0,0,255,255,255,12,2488.257,"peperon8655",L,10,103,-1.181,-1.976,-0.092,1.653,-36.773,2,0,0,400,0,-0.315,-20.473,0,4,4,R,"_이누_",190,90.187,0.45,3,73,2489.525,156,28,115,108,27,167,150,115,-23.143,15.45,0.94,-0.006,-0.131,0.057,0,-0.117,-37.922,0,"-라후이-",-0.115,-16.938,0,"siesta_aves",-19.772,-48.405,0,"즉석카레",-12.581,-62.154,0,"Dοpi",18.533,-46.541,0,"muyang_",13.989,-63.898,0,"Roscosmos",44.185,-96.466,0,"ByeolBam",-1.223,-111.903,0,"Penguin_iDOL",-39.423,-92.265,0,2490.921,-6.114,-49.573,2491.859,3,"즉석카레",-8.506,-61.216,0,0,0,0,0,0,0,2
43,2,0,2,0,0,0,2,0,0,0,255,255,255,13,2516.83,"peperon8655",L,0,140,-2.669,-0.231,-0.248,1.765,-36.8,1,0,0,0,0,0,0,0,5,1,R,"ke ro",190,89.88,0.497,0,73,0,0,0,0,0,0,0,0,0,0,0,0,0,0,0,0,0.046,-38.091,0,"-라후이-",-0.1,-16.137,0,"siesta_aves",-20.636,-48.798,0,"즉석카레",-12.753,-60.642,0,"Dοpi",17.944,-46.966,0,"muyang_",14.394,-63.935,0,"Roscosmos",39.756,-90,0,"ByeolBam",-0.046,-109.675,0,"Penguin_iDOL",-39.791,-94.409,0,0,0,0,0,0,"",0,0,0,0,0,0,0,0,0,0
44,2,0,2,0,1,0,2,0,0,0,255,255,255,14,2530.936,"peperon8655",L,0,111,-0.063,-0.589,-0.001,1.711,-36.74,2,0,-11.794,30.966,0,0,0,1,5,1,R,"ke ro",190,89.88,0.497,2,73,2531.998,106,14,102,87,62,110,140,100,25.801,24.242,-0.18,-0.019,-0.1,0.075,0,0.077,-37.192,0,"-라후이-",-0.254,-16.689,0,"siesta_aves",-20.576,-48.785,0,"즉석카레",-12.238,-60.384,0,"Dοpi",17.416,-46.108,0,"muyang_",15.939,-62.989,0,"Roscosmos",39.677,-90.115,0,"ByeolBam",-1.12,-110.181,0,"Penguin_iDOL",-39.476,-94.611,0,2535.925,-21.732,-91.795,2540.742,7,"ByeolBam",-24.088,-127.739,1,0,0,0,0,0,0,2
45,2,0,2,0,0,0,2,1,0,0,10,255,255,15,2570.391,"peperon8655",L,5,120,-2.239,-1.345,-0.239,1.606,-36.784,1,0,97.542,0,0,-0.42,-16.339,0,6,3,L,"˗ˋˏ 카피 ˎˊ˗",167.3,87.669,0.554,0,72,0,0,0,0,0,0,0,0,0,0,0,0,0,0,0,0,0.225,-37.742,0,"-라후이-",0.193,-16.608,0,"siesta_aves",-20.195,-43.101,0,"즉석카레",-7.672,-64.808,0,"Dοpi",19.743,-45.45,0,"muyang_",14.512,-62.265,0,"Roscosmos",43.986,-92.909,0,"ByeolBam",-0.49,-110.828,0,"Penguin_iDOL",-38.271,-97.339,0,0,0,0,0,0,"",0,0,0,0,0,0,0,0,0,0
46,2,0,2,0,1,0,2,1,0,0,10,255,255,16,2583.956,"peperon8655",L,13,101,2.558,-2.488,0.078,1.583,-36.675,4,0,358.49,312.348,0,0.511,-19.805,1,6,3,L,"˗ˋˏ 카피 ˎˊ˗",167.3,87.669,0.554,0,72,0,0,0,0,0,0,0,0,0,0,0,0,0,0,0,0,0.11,-38.028,0,"-라후이-",0.262,-16.61,0,"siesta_aves",-19.302,-45.8,0,"즉석카레",-8.079,-63.694,0,"Dοpi",20.18,-45.703,0,"muyang_",15.927,-62.745,0,"Roscosmos",44.581,-94.999,0,"ByeolBam",-0.289,-109.442,0,"Penguin_iDOL",-38.223,-97.466,0,0,0,0,0,0,"",0,0,0,0,0,0,0,0,0,0
47,2,0,2,0,1,1,2,1,0,0,10,255,255,17,2608.295,"peperon8655",L,0,130,1.319,-0.992,0.123,1.658,-36.611,0,0,0,0,0,0,0,0,6,3,L,"˗ˋˏ 카피 ˎˊ˗",167.3,87.669,0.554,0,72,0,0,0,0,0,0,0,0,0,0,0,0,0,0,0,0,0.308,-38.029,0,"-라후이-",0.233,-16.375,0,"siesta_aves",-19.557,-44.905,0,"즉석카레",-8.934,-63.193,0,"Dοpi",21.165,-45.805,0,"muyang_",15.818,-63.151,0,"Roscosmos",43.753,-94.523,0,"ByeolBam",-0.288,-109.799,0,"Penguin_iDOL",-38.263,-97.523,0,0,0,0,0,0,"",0,0,0,0,0,0,0,0,0,0
48,2,0,2,0,1,2,2,1,0,0,10,255,255,18,2621.972,"peperon8655",L,10,105,0.276,-2.587,0.026,1.601,-36.756,4,0,0,400,0,0.052,-20.071,1,6,3,L,"˗ˋˏ 카피 ˎˊ˗",167.3,87.669,0.554,0,72,0,0,0,0,0,0,0,0,0,0,0,0,0,0,0,0,-0.741,-36.176,0,"-라후이-",-0.831,-17.704,0,"siesta_aves",-19.961,-42.366,0,"즉석카레",-8.285,-62.902,0,"Dοpi",20.501,-45.621,0,"muyang_",16.183,-61.974,0,"Roscosmos",45.389,-94.083,0,"ByeolBam",-0.12,-110.145,0,"Penguin_iDOL",-38.282,-97.502,0,0,0,0,0,0,"",0,0,0,0,0,0,0,0,0,0
49,3,1,2,0,0,0,0,0,0,0,255,255,255,28,2676.389,"アリアル",R,0,136,-0.087,-0.553,0.586,1.357,-36.917,2,0,0,0,0,0,0,1,0,5,R,"muyang_",172.8,80,0.496,2,72,2677.4,255,14,88,58,24,255,143,89,-29.999,10.427,-0.52,0.04,-0.046,0.169,0,0.609,-37.328,0,"ke ro",-0.062,-17.215,0,"Slaris",-19.721,-48.45,0,"˗ˋˏ 카피 ˎˊ˗",-14.54,-64.441,0,"_이누_",18.369,-49.329,0,"coder_",10.324,-63.917,0,"소솨소솨",42.253,-88.535,0,"아침땅_",-0.558,-105.015,0,"Sabo_10",-37.642,-86.846,0,2677.617,-0.257,-20.304,2680.2,3,"˗ˋˏ 카피 ˎˊ˗",-7.336,-58.409,0,0,0,0,0,0,0,2
50,3,1,2,0,0,0,1,0,0,0,255,255,255,29,2711.19,"アリアル",R,0,138,0.511,0.764,0.703,1.559,-36.842,2,0,0,0,0,0,0,1,1,1,R,"-라후이-",190,84,0.35,3,72,2711.96,192,12,99,62,51,135,150,100,35.076,22.296,-0.36,-0.031,-0.086,0.165,0,0.658,-37.238,0,"ke ro",0.006,-17.14,0,"Slaris",-20.217,-49.726,0,"˗ˋˏ 카피 ˎˊ˗",-15.18,-64.193,0,"_이누_",18.888,-49.783,0,"coder_",12.41,-65.484,0,"소솨소솨",42.853,-84.71,0,"아침땅_",-0.335,-106.961,0,"Sabo_10",-36.941,-83.94,0,2717.155,-38.459,-91.404,2717.346,8,"Sabo_10",-37.362,-89.548,0,0,0,0,0,0,0,1
51,3,1,2,0,0,0,2,0,0,0,255,255,255,30,2769.886,"アリアル",R,0,131,0.387,1.012,0.635,1.465,-36.875,0,0,0,0,0,0,0,1,2,4,R,"Dοpi",180.2,80,0.3,0,71,0,0,0,0,0,0,0,0,0,0,0,0,0,0,0,0,0.699,-37.454,0,"ke ro",-0.033,-17.146,0,"Slaris",-20.276,-47.627,0,"˗ˋˏ 카피 ˎˊ˗",-15.005,-63.927,0,"_이누_",19.67,-49.891,0,"coder_",11.332,-68.241,0,"소솨소솨",39.939,-84.721,0,"아침땅_",-0.157,-106.085,0,"Sabo_10",-40.517,-84.341,0,0,0,0,0,0,"",0,0,0,0,0,0,0,0,0,0
52,3,1,2,0,0,1,2,0,0,0,255,255,255,31,2788.218,"アリアル",R,3,120,-2.783,-0.024,0.595,1.431,-36.941,4,0,-498.982,31.89,12.037,0,0,1,2,4,R,"Dοpi",180.2,80,0.3,0,71,0,0,0,0,0,0,0,0,0,0,0,0,0,0,0,0,0.64,-37.369,0,"ke ro",-0.067,-17.17,0,"Slaris",-20.405,-47.517,0,"˗ˋˏ 카피 ˎˊ˗",-15.009,-63.941,0,"_이누_",20.327,-50.966,0,"coder_",12.415,-65.511,0,"소솨소솨",39.684,-83.9,0,"아침땅_",-0.151,-106.05,0,"Sabo_10",-40.502,-84.339,0,0,0,0,0,0,"",0,0,0,0,0,0,0,0,0,0
53,3,1,2,0,0,2,2,0,0,0,255,255,255,32,2803.496,"アリアル",R,0,140,-1.161,1.325,0.637,1.578,-36.833,1,0,0,0,0,0,0,0,2,4,R,"Dοpi",180.2,80,0.3,0,71,0,0,0,0,0,0,0,0,0,0,0,0,0,0,0,0,0.676,-37.483,0,"ke ro",-0.006,-17.12,0,"Slaris",-20.263,-47.66,0,"˗ˋˏ 카피 ˎˊ˗",-15.009,-63.94,0,"_이누_",19.871,-50.907,0,"coder_",12.383,-65.518,0,"소솨소솨",41.032,-85.568,0,"아침땅_",-0.148,-106.082,0,"Sabo_10",-40.442,-84.281,0,0,0,0,0,0,"",0,0,0,0,0,0,0,0,0,0
54,3,1,2,0,1,2,2,0,0,0,255,255,255,33,2818.604,"アリアル",R,0,132,5.481,1.852,0.713,1.605,-36.878,1,0,0,0,0,0,0,0,2,4,R,"Dοpi",180.2,80,0.3,0,71,0,0,0,0,0,0,0,0,0,0,0,0,0,0,0,0,0.595,-37.474,0,"ke ro",0.605,-17.348,0,"Slaris",-20.362,-47.543,0,"˗ˋˏ 카피 ˎˊ˗",-15.043,-64.065,0,"_이누_",19.916,-52.09,0,"coder_",12.167,-68.086,0,"소솨소솨",41.456,-84.417,0,"아침땅_",-0.147,-106.099,0,"Sabo_10",-40.453,-84.359,0,0,0,0,0,0,"",0,0,0,0,0,0,0,0,0,0
55,3,1,2,0,2,2,2,0,0,0,255,255,255,34,2836.414,"アリアル",R,0,140,-0.026,0.177,0.677,1.472,-36.793,0,0,0,0,0,0,0,1,2,4,R,"Dοpi",180.2,80,0.3,0,71,0,0,0,0,0,0,0,0,0,0,0,0,0,0,0,0,0.488,-37.541,0,"ke ro",-0.06,-16.969,0,"Slaris",-20.328,-47.624,0,"˗ˋˏ 카피 ˎˊ˗",-14.783,-63.135,0,"_이누_",19.765,-50.224,0,"coder_",12.593,-67.667,0,"소솨소솨",40.369,-83.994,0,"아침땅_",-0.151,-106.09,0,"Sabo_10",-39.781,-83.481,0,0,0,0,0,0,"",0,0,0,0,0,0,0,0,0,0
56,3,0,2,0,0,0,0,0,0,0,255,255,255,19,2886.812,"peperon8655",L,13,102,3.571,-2.457,0.152,1.644,-36.823,3,0,369.889,301.462,0,0.288,-20.111,0,7,7,R,"아침땅_",160,95,0.5,0,71,0,0,0,0,0,0,0,0,0,0,0,0,0,0,0,0,0.17,-38.054,0,"-라후이-",0.185,-17.415,0,"siesta_aves",-20.131,-47.142,0,"즉석카레",-12.355,-61.854,0,"Dοpi",18.322,-46.437,0,"muyang_",15.355,-63.019,0,"Roscosmos",44.257,-95.851,0,"ByeolBam",-0.238,-110.272,0,"Penguin_iDOL",-42.295,-92.452,0,0,0,0,0,0,"",0,0,0,0,0,0,0,0,0,6
57,3,0,2,0,0,0,0,1,0,0,16,255,255,20,2922.97,"peperon8655",L,0,110,-0.053,-0.223,-0.005,1.775,-36.774,0,0,0,0,0,0,0,0,8,6,R,"소솨소솨",174.6,89.748,0.5,0,70,0,0,0,0,0,0,0,0,0,0,0,0,0,0,0,0,0.153,-38.114,0,"-라후이-",-0.061,-16.912,0,"siesta_aves",-20.498,-41.555,0,"즉석카레",-9.506,-62.99,0,"Dοpi",17.219,-45.474,0,"muyang_",5.996,-59.769,0,"Roscosmos",40.232,-96.68,0,"ByeolBam",-0.384,-110.244,0,"Penguin_iDOL",-39.584,-94.783,0,0,0,0,0,0,"",0,0,0,0,0,0,0,0,0,0
58,3,0,2,0,0,1,0,1,0,0,16,255,255,21,2939.644,"peperon8655",L,10,107,-0.66,-2.737,-0.061,1.38,-36.685,1,0,0,400,0,-0.115,-22.242,0,8,6,R,"소솨소솨",174.6,89.748,0.5,0,70,0,0,0,0,0,0,0,0,0,0,0,0,0,0,0,0,0.223,-38.001,0,"-라후이-",-0.066,-17.047,0,"siesta_aves",-20.185,-41.69,0,"즉석카레",-9.43,-62.96,0,"Dοpi",16.921,-45.132,0,"muyang_",8.135,-59.134,0,"Roscosmos",42.816,-97.776,0,"ByeolBam",-0.375,-110.187,0,"Penguin_iDOL",-37.414,-91.139,0,0,0,0,0,0,"",0,0,0,0,0,0,0,0,0,0
59,3,0,2,0,1,1,0,1,0,0,16,255,255,22,2952.792,"peperon8655",L,12,114,-1.682,-0.175,-0.156,1.803,-36.773,1,0,0,55.125,0,0,0,0,8,6,R,"소솨소솨",174.6,89.748,0.5,0,70,0,0,0,0,0,0,0,0,0,0,0,0,0,0,0,0,0.214,-38.043,0,"-라후이-",0.023,-16.839,0,"siesta_aves",-20.232,-43.055,0,"즉석카레",-10.076,-62.894,0,"Dοpi",16.919,-45.1,0,"muyang_",7.93,-58.806,0,"Roscosmos",42.805,-97.767,0,"ByeolBam",-0.272,-110.298,0,"Penguin_iDOL",-37.585,-91.222,0,0,0,0,0,0,"",0,0,0,0,0,0,0,0,0,0
60,3,0,2,0,2,1,0,1,0,0,16,255,255,23,2967.967,"peperon8655",L,0,127,0.181,-1.295,0.017,1.596,-36.477,1,0,0,0,0,0,0,0,8,6,R,"소솨소솨",174.6,89.748,0.5,0,70,0,0,0,0,0,0,0,0,0,0,0,0,0,0,0,0,0.042,-37.967,0,"-라후이-",-0.016,-16.742,0,"siesta_aves",-19.246,-42.495,0,"즉석카레",-10.045,-62.881,0,"Dοpi",17.251,-45.387,0,"muyang_",7.108,-61.007,0,"Roscosmos",42.783,-97.759,0,"ByeolBam",-0.374,-110.248,0,"Penguin_iDOL",-37.45,-91.393,0,0,0,0,0,0,"",0,0,0,0,0,0,0,0,0,0
61,3,0,2,0,3,1,0,1,0,0,16,255,255,24,2986.253,"peperon8655",L,0,127,-0.659,-0.093,-0.061,1.792,-36.562,0,0,0,0,0,0,0,0,8,6,R,"소솨소솨",174.6,89.748,0.5,0,70,0,0,0,0,0,0,0,0,0,0,0,0,0,0,0,0,0.118,-38.052,0,"-라후이-",0.036,-16.416,0,"siesta_aves",-19.635,-41.553,0,"즉석카레",-10.048,-62.867,0,"Dοpi",17.311,-45.35,0,"muyang_",8.946,-59.916,0,"Roscosmos",42.783,-97.746,0,"ByeolBam",-0.298,-110.213,0,"Penguin_iDOL",-37.37,-91.36,0,0,0,0,0,0,"",0,0,0,0,0,0,0,0,0,0
62,3,0,2,0,3,2,0,1,0,0,16,255,255,25,3001.554,"peperon8655",L,0,114,-1.259,-0.304,-0.117,1.761,-36.616,2,0,0,0,0,0,0,1,8,6,R,"소솨소솨",174.6,89.748,0.5,2,70,3002.408,117,16,122,81,38,210,145,126,-30,22.259,0.63,-0.044,-0.133,0.079,0,0.081,-37.454,0,"-라후이-",-0.067,-16.907,0,"siesta_aves",-20.486,-41.59,0,"즉석카레",-10.058,-62.882,0,"Dοpi",17.298,-45.309,0,"muyang_",11.461,-59.788,0,"Roscosmos",42.485,-97.732,0,"ByeolBam",-0.223,-110.056,0,"Penguin_iDOL",-37.66,-91.259,0,3002.63,-0.745,-20.991,3005.83,8,"Penguin_iDOL",-27.122,-84.84,1,0,0,0,0,0,0,2
63,3,0,2,0,0,0,0,1,1,0,15,16,255,26,3046.816,"peperon8655",L,6,100,-2.086,-0.969,-0.007,1.707,-36.792,1,0,-405.989,69.034,0,0,0,0,0,5,R,"coder_",164.3,90.42,0.403,0,70,0,0,0,0,0,0,0,0,0,0,0,0,0,0,0,0,0.197,-38.052,0,"-라후이-",-0.131,-17.02,0,"siesta_aves",-18.229,-43.926,0,"즉석카레",-10.097,-51.365,0,"Dοpi",18.954,-41.053,0,"muyang_",8.489,-58.787,0,"Roscosmos",44.808,-92.727,0,"ByeolBam",-0.151,-110.02,0,"Penguin_iDOL",-33.975,-91.104,0,0,0,0,0,0,"",0,0,0,0,0,0,0,0,0,0
64,3,0,2,0,1,0,0,1,1,0,15,16,255,27,3064.143,"peperon8655",L,10,106,-0.206,-2.897,-0.019,1.45,-36.66,2,0,0,400,0,-0.037,-21.71,0,0,5,R,"coder_",164.3,90.42,0.403,3,70,3065.295,6,0,46,34,23,39,5,30,-62.228,45.367,0.78,-0.037,-0.206,0.038,1,-0.054,-37.777,0,"-라후이-",-0.182,-17.277,0,"siesta_aves",-17.153,-42.529,0,"즉석카레",-11.123,-56.592,0,"Dοpi",18.747,-43.946,0,"muyang_",10.62,-57.935,0,"Roscosmos",44.763,-92.753,0,"ByeolBam",0.191,-108.639,0,"Penguin_iDOL",-34.023,-91.114,0,3065.546,-0.093,-19.375,3071.625,5,"coder_",-11.98,-32.22,1,0,0,0,0,0,0,2
65,3,0,2,0,0,0,0,1,1,1,14,15,16,28,3107.7,"peperon8655",L,0,129,0.219,-0.782,0.02,1.657,-36.646,2,0,0,0,0,0,0,1,1,2,R,"Slaris",190,86.36,0.452,3,70,3108.646,171,15,125,63,20,117,150,129,-30,-20.987,0.59,-0.014,-0.118,0.188,0,0.122,-37.79,0,"-라후이-",-0.093,-16.859,0,"siesta_aves",-19.751,-44.345,0,"즉석카레",-11.682,-60.303,0,"Dοpi",17.811,-43.814,0,"muyang_",11.337,-58.41,0,"Roscosmos",47.016,-91.159,0,"ByeolBam",0.062,-109.98,0,"Penguin_iDOL",-36.471,-93.872,0,3108.892,0.469,-21.358,3112.755,6,"Roscosmos",30.51,-99.77,1,0,0,0,0,0,0,2
66,3,0,2,2,0,0,0,1,0,1,11,255,14,29,3206.514,"peperon8655",L,12,111,-0.617,-0.216,-0.057,1.793,-36.773,2,0,0,61.573,0,0,0,1,2,9,L,"encounter v",190,93,0.497,3,69,3207.661,171,17,113,78,51,108,150,129,2.793,13.038,0.48,0.043,-0.117,0.033,0,0.287,-37.65,0,"-라후이-",0.042,-16.84,0,"siesta_aves",-18.307,-44.19,0,"즉석카레",-8.567,-62.828,0,"Dοpi",19.213,-44.293,0,"muyang_",16.393,-62.565,0,"Roscosmos",48.962,-94.365,0,"ByeolBam",-0.196,-110.701,0,"Penguin_iDOL",-33.002,-96.394,0,3209.25,-9.796,-63.444,3209.505,3,"즉석카레",-9.345,-61.38,0,0,0,0,0,0,0,1
67,3,0,2,2,0,0,1,1,0,1,11,255,14,30,3245.238,"peperon8655",L,0,111,0.644,-0.573,0.06,1.71,-36.804,2,0,0,14.423,0,0,0,1,3,8,L,"Sabo_10",184.8,94,0.497,2,69,3246.419,185,18,137,114,51,234,150,95,-11.625,-34.878,-0.46,0.039,-0.117,0.098,0,-0.058,-37.878,0,"-라후이-",0.143,-16.898,0,"siesta_aves",-18.772,-44.144,0,"즉석카레",-8.976,-62.64,0,"Dοpi",18.504,-42.877,0,"muyang_",14.524,-60.174,0,"Roscosmos",47.558,-95.296,0,"ByeolBam",-1.334,-113.367,0,"Penguin_iDOL",-34.22,-93.757,0,3246.717,2.444,-23.924,3248.054,4,"Dοpi",15.166,-40.637,1,0,0,0,0,0,0,2
68,3,0,2,3,0,0,2,1,0,0,17,255,255,31,3295.165,"peperon8655",L,12,113,-1.847,0.042,-0.172,1.845,-36.967,1,0,0,61.973,0,0,0,0,4,4,R,"_이누_",190,90.187,0.45,0,69,0,0,0,0,0,0,0,0,0,0,0,0,0,0,0,0,0.031,-38.019,0,"-라후이-",0.005,-16.748,0,"siesta_aves",-19.942,-41.962,0,"즉석카레",-11.591,-61.284,0,"Dοpi",17.854,-46.295,0,"muyang_",9.605,-59.42,0,"Roscosmos",49.537,-96.266,0,"ByeolBam",-0.712,-111.947,0,"Penguin_iDOL",-32.955,-101.421,0,0,0,0,0,0,"",0,0,0,0,0,0,0,0,0,0
69,3,0,2,3,1,0,2,1,0,0,17,255,255,32,3313.549,"peperon8655",L,10,104,0.396,-2.529,0.037,1.482,-36.797,1,0,0,400,0,0.073,-20.65,0,4,4,R,"_이누_",190,90.187,0.45,0,69,0,0,0,0,0,0,0,0,0,0,0,0,0,0,0,0,0.3,-38.206,0,"-라후이-",-0.041,-16.761,0,"siesta_aves",-19.982,-42.371,0,"즉석카레",-12.084,-61.181,0,"Dοpi",18.641,-45.276,0,"muyang_",7.807,-60.299,0,"Roscosmos",49.016,-97.183,0,"ByeolBam",-0.586,-110.856,0,"Penguin_iDOL",-37.59,-99.956,0,0,0,0,0,0,"",0,0,0,0,0,0,0,0,0,0
70,3,0,2,3,2,0,2,1,0,0,17,255,255,33,3333.333,"peperon8655",L,0,126,0.846,-1.191,0.079,1.578,-36.511,2,0,0,0,0,0,0,0,4,4,R,"_이누_",190,90.187,0.45,3,69,3334.295,160,18,121,62,0,255,150,118,-15.157,32.971,0.88,-0.02,-0.076,0.142,0,0.076,-37.257,0,"-라후이-",-0.061,-16.617,0,"siesta_aves",-20.123,-42.904,0,"즉석카레",-12.107,-61.115,0,"Dοpi",18.555,-45.663,0,"muyang_",11.712,-58.843,0,"Roscosmos",49.101,-97.16,0,"ByeolBam",-3.477,-112.534,0,"Penguin_iDOL",-37.697,-98.499,0,3334.571,-0.753,-20.829,3338.563,8,"Penguin_iDOL",-41.063,-91.321,1,0,0,0,0,0,0,2
71,3,0,2,3,0,0,2,1,1,0,255,17,255,34,3379.568,"peperon8655",L,10,103,-0.38,-2.003,-0.035,1.609,-36.818,1,0,0,399.816,0,-0.073,-19.3,0,5,1,R,"ke ro",190,97.495,0.497,0,68,0,0,0,0,0,0,0,0,0,0,0,0,0,0,0,0,0.339,-38.219,0,"-라후이-",-0.018,-16.749,0,"siesta_aves",-20.429,-46.681,0,"즉석카레",-12.251,-62.081,0,"Dοpi",19.146,-44.142,0,"muyang_",9.141,-59.154,0,"Roscosmos",47.705,-95.916,0,"ByeolBam",-0.37,-112.398,0,"Penguin_iDOL",-37.961,-94.84,0,0,0,0,0,0,"",0,0,0,0,0,0,0,0,0,0
72,3,0,2,3,1,0,2,1,1,0,255,17,255,35,3395.59,"peperon8655",L,0,133,-0.009,-0.422,-0.001,1.727,-36.61,0,0,0,0,0,0,0,0,5,1,R,"ke ro",190,97.495,0.497,0,68,0,0,0,0,0,0,0,0,0,0,0,0,0,0,0,0,0.164,-37.914,0,"-라후이-",0.208,-16.638,0,"siesta_aves",-19.744,-46.479,0,"즉석카레",-12.496,-62.213,0,"Dοpi",18.425,-46.53,0,"muyang_",9.645,-60.234,0,"Roscosmos",47.741,-95.946,0,"ByeolBam",-0.318,-112.222,0,"Penguin_iDOL",-39.01,-94.879,0,0,0,0,0,0,"",0,0,0,0,0,0,0,0,0,0
73,3,0,2,3,1,1,2,1,1,0,255,17,255,36,3410.112,"peperon8655",L,0,125,0.642,-0.661,0.06,1.68,-36.576,0,0,0,0,0,0,0,0,5,1,R,"ke ro",190,97.495,0.497,0,68,0,0,0,0,0,0,0,0,0,0,0,0,0,0,0,0,0.312,-38.155,0,"-라후이-",0.232,-16.627,0,"siesta_aves",-20.418,-46.175,0,"즉석카레",-12.142,-62.082,0,"Dοpi",19.108,-44.153,0,"muyang_",10.083,-60.227,0,"Roscosmos",48.549,-97.708,0,"ByeolBam",-0.431,-110.054,0,"Penguin_iDOL",-38.458,-94.265,0,0,0,0,0,0,"",0,0,0,0,0,0,0,0,0,0
74,3,0,2,3,1,2,2,1,1,0,255,17,255,37,3426.052,"peperon8655",L,10,100,-0.602,-1.724,-0.056,1.667,-36.723,2,0,0,398,0,0,0,1,5,1,R,"ke ro",190,97.495,0.497,2,68,3427.283,57,10,49,60,86,84,86,80,31.008,39.567,0.64,-0.071,-0.182,0.025,0,-0.009,-37.935,0,"-라후이-",-0.143,-16.947,0,"siesta_aves",-19.275,-47.743,0,"즉석카레",-12.884,-62.304,0,"Dοpi",18.054,-45.344,0,"muyang_",12.544,-59.879,0,"Roscosmos",48.329,-97.793,0,"ByeolBam",-0.28,-109.978,0,"Penguin_iDOL",-38.798,-96.433,0,3431.688,-40.173,-69.501,3433.225,8,"Penguin_iDOL",-47.276,-75.784,1,0,0,0,0,0,0,2
75,3,0,2,4,0,0,2,1,0,1,10,255,255,38,3467.634,"peperon8655",L,3,102,0.999,-0.926,-0.118,1.676,-36.883,0,1,463.636,0,0,0,0,1,6,3,L,"˗ˋˏ 카피 ˎˊ˗",167.3,87.669,0.554,0,44,0,0,0,0,0,0,0,0,0,0,0,0,0,0,0,0,0.07,-38.28,0,"-라후이-",0.167,-16.932,0,"siesta_aves",-18.938,-44.773,0,"즉석카레",-12.479,-61.196,0,"Dοpi",19.47,-41.501,0,"muyang_",14.772,-61.828,0,"Roscosmos",46.538,-94.82,0,"ByeolBam",-0.231,-109.465,0,"Penguin_iDOL",-39.191,-84.81,0,0,0,0,0,0,"",0,0,0,0,0,0,0,0,0,0
76,3,0,2,5,0,1,2,0,1,0,255,255,255,39,3519.229,"peperon8655",L,0,130,-1.563,-0.89,-0.145,1.674,-36.673,1,0,0,0,0,0,0,0,6,3,L,"˗ˋˏ 카피 ˎˊ˗",167.3,87.669,0.554,0,44,0,0,0,0,0,0,0,0,0,0,0,0,0,0,0,0,0.293,-37.864,0,"-라후이-",-0.026,-16.517,0,"siesta_aves",-18.866,-47.454,0,"즉석카레",-11.475,-61.527,0,"Dοpi",19.924,-44.152,0,"muyang_",14.814,-61.622,0,"Roscosmos",46.248,-94.859,0,"ByeolBam",0.144,-109.223,0,"Penguin_iDOL",-40.116,-89.258,0,0,0,0,0,0,"",0,0,0,0,0,0,0,0,0,0
77,3,0,2,5,1,1,2,0,1,0,255,255,255,40,3531.697,"peperon8655",L,10,98,-2.187,-1.369,-0.203,1.792,-36.77,2,0,0,400,0,0,0,1,6,3,L,"˗ˋˏ 카피 ˎˊ˗",167.3,87.669,0.554,3,44,3532.9,255,28,92,95,53,44,150,67,-30,-31.751,0.99,0.044,-0.07,0.034,0,0.019,-37.8,0,"-라후이-",-0.18,-16.802,0,"siesta_aves",-18.34,-49.204,0,"즉석카레",-11.762,-61.86,0,"Dοpi",18.881,-44.134,0,"muyang_",15.614,-63.043,0,"Roscosmos",49.666,-95.887,0,"ByeolBam",-0.24,-109.54,0,"Penguin_iDOL",-40.312,-89.276,0,3533.209,0.13,-21.773,3535.155,4,"Dοpi",12.47,-41.436,0,0,0,0,0,0,0,2
78,4,1,2,5,0,0,0,0,0,0,255,255,255,35,3687.601,"アリアル",R,0,140,1.433,-0.485,0.701,1.347,-36.827,2,0,0,0,0,0,0,1,3,7,R,"ByeolBam",174.5,85,0.5,3,86,3688.534,161,8,95,42,20,124,140,112,-10.622,39.939,0.89,0.003,-0.112,0.227,0,0.693,-37.456,0,"ke ro",0.037,-17.095,0,"Slaris",-19.963,-48.021,0,"˗ˋˏ 카피 ˎˊ˗",-14.249,-64.19,0,"_이누_",17.855,-50.669,0,"coder_",11.334,-65.731,0,"소솨소솨",40.513,-83.908,0,"아침땅_",-0.708,-101.605,0,"Sabo_10",-35.615,-87.566,0,3688.95,-2.434,-21.836,3690.434,2,"Slaris",-20.776,-45.261,0,0,0,0,0,0,0,2
79,4,1,2,5,0,0,1,0,0,0,255,255,255,36,3718.605,"アリアル",R,10,100,-0.805,-1.644,0.532,1.389,-36.773,4,0,122.57,400,-5.118,-0.204,-18.361,1,4,8,R,"Penguin_iDOL",180.3,80,0.395,0,67,0,0,0,0,0,0,0,0,0,0,0,0,0,0,0,0,0.6,-37.442,0,"ke ro",-0.069,-17.101,0,"Slaris",-20.986,-48.925,0,"˗ˋˏ 카피 ˎˊ˗",-12.317,-65.225,0,"_이누_",18.28,-47.693,0,"coder_",11.935,-67.443,0,"소솨소솨",39.532,-83.573,0,"아침땅_",-0.512,-102.812,0,"Sabo_10",-36.485,-81.314,0,0,0,0,0,0,"",0,0,0,0,0,0,0,0,0,0
80,4,1,2,5,0,1,1,0,0,0,255,255,255,37,3736.018,"アリアル",R,10,105,0.153,-0.004,0.566,1.396,-36.755,2,0,3.046,400,3.09,0,0,1,4,8,R,"Penguin_iDOL",180.3,80,0.395,3,67,3737.304,188,16,119,62,41,137,150,119,-4.689,16.381,0.84,0.025,0.036,0.115,0,0.627,-37.402,0,"ke ro",-0.106,-17.151,0,"Slaris",-20.736,-48.85,0,"˗ˋˏ 카피 ˎˊ˗",-12.056,-65.909,0,"_이누_",19.153,-49.006,0,"coder_",12.38,-66.857,0,"소솨소솨",39.458,-83.6,0,"아침땅_",-0.378,-102.865,0,"Sabo_10",-36.652,-82.483,0,3737.696,-2.548,-28.565,3739.171,3,"˗ˋˏ 카피 ˎˊ˗",-12.264,-59.802,0,0,0,0,0,0,0,2
81,4,1,2,5,0,0,2,0,0,0,255,255,255,38,3766.158,"アリアル",R,0,140,-0.796,0.563,0.654,1.496,-36.895,0,0,0,0,0,0,0,0,5,2,R,"siesta_aves",190,96.913,0.4,0,67,0,0,0,0,0,0,0,0,0,0,0,0,0,0,0,0,0.418,-37.572,0,"ke ro",0.089,-17.217,0,"Slaris",-20.926,-48.992,0,"˗ˋˏ 카피 ˎˊ˗",-13.462,-64.461,0,"_이누_",21.138,-52.342,0,"coder_",12.199,-68.994,0,"소솨소솨",41.154,-85.357,0,"아침땅_",-0.934,-102.799,0,"Sabo_10",-37.345,-79.061,0,0,0,0,0,0,"",0,0,0,0,0,0,0,0,0,0
82,4,1,2,5,0,1,2,0,0,0,255,255,255,39,3780.935,"アリアル",R,0,133,-0.133,0.605,0.629,1.432,-36.936,0,0,0,0,0,0,0,1,5,2,R,"siesta_aves",190,96.913,0.4,3,67,3782.04,108,20,140,72,19,175,141,106,12.9,13.653,0.95,0.004,0.019,0.248,0,0.575,-37.449,0,"ke ro",-0.051,-17.33,0,"Slaris",-21.034,-48.72,0,"˗ˋˏ 카피 ˎˊ˗",-13.516,-64.237,0,"_이누_",20.63,-52.602,0,"coder_",13.081,-66.572,0,"소솨소솨",41.158,-85.372,0,"아침땅_",-0.939,-102.831,0,"Sabo_10",-38.183,-80.878,0,0,0,0,3782.505,1,"ke ro",0.007,-21.218,0,0,0,0,0,0,0,3
83,4,1,2,5,0,2,2,0,0,0,255,255,255,40,3800.905,"アリアル",R,6,112,1.134,-0.011,0.609,1.381,-36.688,0,0,452.79,150.107,7.519,0,0,1,5,2,R,"siesta_aves",190,96.913,0.4,0,67,0,0,0,0,0,0,0,0,0,0,0,0,0,0,0,0,0.451,-37.435,0,"ke ro",-0.029,-17.215,0,"Slaris",-21.011,-47.287,0,"˗ˋˏ 카피 ˎˊ˗",-13.298,-64.37,0,"_이누_",21.288,-51.834,0,"coder_",13.827,-68.069,0,"소솨소솨",41.35,-84.439,0,"아침땅_",-0.508,-105.907,0,"Sabo_10",-37.228,-78.971,0,0,0,0,0,0,"",0,0,0,0,0,0,0,0,0,0
84,4,0,2,5,0,0,0,0,0,0,255,255,255,41,3856.116,"peperon8655",L,3,104,0.82,-1.842,-0.132,1.561,-36.865,1,0,472.727,0,0,0.327,-18.044,0,7,7,R,"아침땅_",160,95,0.5,0,67,0,0,0,0,0,0,0,0,0,0,0,0,0,0,0,0,0.032,-37.962,0,"-라후이-",-0.213,-16.281,0,"siesta_aves",-20.958,-46.991,0,"즉석카레",-13.523,-62.282,0,"Dοpi",18.118,-46.195,0,"muyang_",13.992,-62.399,0,"Roscosmos",47.515,-97.42,0,"ByeolBam",0.224,-109.763,0,"Penguin_iDOL",-39.327,-86.582,0,0,0,0,0,0,"",0,0,0,0,0,0,0,0,0,0
85,4,0,2,5,1,0,0,0,0,0,255,255,255,42,3868.722,"peperon8655",L,0,125,0.264,-0.404,0.025,1.751,-36.707,0,0,0,0,0,0,0,0,7,7,R,"아침땅_",160,95,0.5,0,67,0,0,0,0,0,0,0,0,0,0,0,0,0,0,0,0,0.073,-37.892,0,"-라후이-",-0.215,-15.983,0,"siesta_aves",-20.249,-46.565,0,"즉석카레",-13.232,-62.409,0,"Dοpi",18.971,-45.273,0,"muyang_",14.335,-62.575,0,"Roscosmos",47.628,-97.369,0,"ByeolBam",0.213,-109.71,0,"Penguin_iDOL",-39.075,-86.777,0,0,0,0,0,0,"",0,0,0,0,0,0,0,0,0,0
86,4,0,2,5,1,1,0,0,0,0,255,255,255,43,3882.411,"peperon8655",L,0,134,-1.798,-1.007,-0.167,1.669,-36.585,4,0,0,0,0,0,0,1,7,7,R,"아침땅_",160,95,0.5,0,67,0,0,0,0,0,0,0,0,0,0,0,0,0,0,0,0,-0.052,-38.105,0,"-라후이-",-0.056,-16.208,0,"siesta_aves",-20.048,-47.437,0,"즉석카레",-13.395,-62.268,0,"Dοpi",18.882,-45.235,0,"muyang_",14.347,-63.458,0,"Roscosmos",47.613,-97.421,0,"ByeolBam",0.176,-109.7,0,"Penguin_iDOL",-39.54,-86.475,0,0,0,0,0,0,"",0,0,0,0,0,0,0,0,0,0
87,4,0,2,5,1,2,0,0,0,0,255,255,255,44,3898.09,"peperon8655",L,0,117,-1.064,-0.532,-0.099,1.735,-36.731,0,0,0,0,0,0,0,0,7,7,R,"아침땅_",160,95,0.5,0,66,0,0,0,0,0,0,0,0,0,0,0,0,0,0,0,0,0.007,-38.043,0,"-라후이-",-0.067,-16.452,0,"siesta_aves",-20.563,-47.081,0,"즉석카레",-12.988,-62.187,0,"Dοpi",18.97,-45.535,0,"muyang_",14.087,-63.116,0,"Roscosmos",48.733,-97.934,0,"ByeolBam",0.115,-109.691,0,"Penguin_iDOL",-39.27,-86.678,0,0,0,0,0,0,"",0,0,0,0,0,0,0,0,0,0
88,4,0,2,5,0,0,1,0,0,0,255,255,255,45,3918.07,"peperon8655",L,3,104,-0.904,-1.449,-0.29,1.577,-36.766,2,0,472.727,0,0,0,0,1,8,6,R,"소솨소솨",174.6,89.748,0.5,2,66,3918.952,197,36,157,116,43,255,150,93,-19.771,16.019,-0.3,-0.08,-0.14,0.081,0,-0.037,-37.274,0,"-라후이-",0.026,-16.701,0,"siesta_aves",-19.789,-48.658,0,"즉석카레",-13.389,-62.026,0,"Dοpi",18.634,-47.2,0,"muyang_",14.539,-62.524,0,"Roscosmos",49.774,-98.433,0,"ByeolBam",0.217,-109.207,0,"Penguin_iDOL",-42.928,-87.657,0,3919.192,-0.429,-21.121,3921.959,0,"アリアル",-10.162,-56.477,0,0,0,0,0,0,0,2
89,4,0,2,5,0,0,2,0,0,0,255,255,255,46,3945.433,"peperon8655",L,0,129,-1.196,-0.742,-0.092,1.647,-36.766,2,0,0,0,0,0,0,1,0,5,R,"coder_",164.3,90.42,0.403,3,66,3946.523,15,3,1,2,2,19,0,32,-54.816,-32.457,0.94,-0.039,-0.13,0.028,1,-0.354,-37.199,0,"-라후이-",-0.114,-16.896,0,"siesta_aves",-16.891,-41.574,0,"즉석카레",-11.581,-55.996,0,"Dοpi",18.237,-45.211,0,"muyang_",13.823,-63.497,0,"Roscosmos",44.66,-94.99,0,"ByeolBam",0.146,-109.314,0,"Penguin_iDOL",-36.954,-90.781,0,3946.804,0.015,-20.314,3949.563,0,"peperon8655",5.427,-30.499,1,0,0,0,0,0,0,2
90,4,0,2,5,0,0,2,1,0,0,14,255,255,47,4090.927,"peperon8655",L,0,121,1.171,-0.546,0.109,1.703,-36.816,0,0,0,0,0,0,0,0,1,2,R,"Slaris",190,86.36,0.452,0,66,0,0,0,0,0,0,0,0,0,0,0,0,0,0,0,0,0.137,-37.916,0,"-라후이-",-0.053,-16.804,0,"siesta_aves",-19.084,-43.297,0,"즉석카레",-13.027,-60.756,0,"Dοpi",18.527,-47.005,0,"muyang_",13.204,-60.572,0,"Roscosmos",45.098,-92.926,0,"ByeolBam",0.092,-110.664,0,"Penguin_iDOL",-40.425,-92.6,0,0,0,0,0,0,"",0,0,0,0,0,0,0,0,0,0
91,4,0,2,5,0,1,2,1,0,0,14,255,255,48,4106.591,"peperon8655",L,14,99,-2.489,-2.509,-0.078,1.495,-36.608,1,0,-338.917,328.925,0,-0.465,-20.319,0,1,2,R,"Slaris",190,86.36,0.452,0,66,0,0,0,0,0,0,0,0,0,0,0,0,0,0,0,0,0.228,-38.165,0,"-라후이-",-0.276,-16.751,0,"siesta_aves",-19.255,-45.154,0,"즉석카레",-12.812,-60.744,0,"Dοpi",17.391,-46.104,0,"muyang_",14.831,-61.639,0,"Roscosmos",45.074,-92.949,0,"ByeolBam",0.053,-111.254,0,"Penguin_iDOL",-40.345,-92.595,0,0,0,0,0,0,"",0,0,0,0,0,0,0,0,0,0
92,4,0,2,5,1,1,2,1,0,0,14,255,255,49,4123.46,"peperon8655",L,3,106,-0.368,-0.867,-0.203,1.675,-36.666,2,0,406.557,69.652,0,0,0,1,1,2,R,"Slaris",190,86.36,0.452,3,66,4124.517,214,16,134,82,44,164,150,130,94.086,-83.561,0.46,-0.021,-0.073,0.225,0,-0.052,-37.294,0,"-라후이-",0.082,-16.762,0,"siesta_aves",-19.73,-43.658,0,"즉석카레",-13.089,-60.411,0,"Dοpi",19.603,-46.929,0,"muyang_",13.646,-61.559,0,"Roscosmos",45.069,-92.991,0,"ByeolBam",0.105,-110.826,0,"Penguin_iDOL",-40.304,-92.703,0,0,0,0,0,0,"",0,0,0,0,0,0,0,0,0,3
93,4,0,2,5,1,2,2,1,0,0,14,255,255,50,4144.66,"peperon8655",L,0,128,-0.486,-0.771,-0.045,1.66,-36.624,2,0,0,0,0,0,0,1,1,2,R,"Slaris",190,86.36,0.452,3,66,4145.605,177,16,115,80,31,157,150,127,-30,-11.366,0.28,-0.037,-0.125,0.147,0,-0.077,-37.216,0,"-라후이-",-0.244,-16.82,0,"siesta_aves",-20.119,-41.948,0,"즉석카레",-12.943,-60.67,0,"Dοpi",18.639,-46.578,0,"muyang_",13.717,-61.98,0,"Roscosmos",45.717,-96.979,0,"ByeolBam",-0.208,-113.91,0,"Penguin_iDOL",-41.446,-92.545,0,4145.842,0.124,-20.955,4150.03,7,"ByeolBam",18.092,-107.969,1,0,0,0,0,0,0,2
94,4,0,2,5,0,0,2,1,1,0,255,14,255,51,4222.538,"peperon8655",L,3,102,2.551,-0.868,0.037,1.648,-36.677,4,0,463.636,0,0,0,0,1,2,9,L,"encounter v",190,93,0.497,0,65,0,0,0,0,0,0,0,0,0,0,0,0,0,0,0,0,0.388,-38.044,0,"-라후이-",0.432,-16.718,0,"siesta_aves",-19.965,-45.103,0,"즉석카레",-7.821,-62.882,0,"Dοpi",19.949,-45.284,0,"muyang_",15.983,-61.61,0,"Roscosmos",46.723,-93.009,0,"ByeolBam",2.022,-112.636,0,"Penguin_iDOL",-38.86,-94.347,0,0,0,0,0,0,"",0,0,0,0,0,0,0,0,0,0
95,4,0,2,5,0,1,2,1,1,0,255,14,255,52,4238.629,"peperon8655",L,10,100,-1.092,-1.322,-0.102,1.747,-36.868,2,0,0,400,0,0,0,1,2,9,L,"encounter v",190,93,0.497,3,65,4239.836,121,19,87,119,52,63,143,88,18.562,3.273,0.97,0.002,-0.136,0.029,0,0.109,-37.3,0,"-라후이-",0.126,-17.062,0,"siesta_aves",-20.354,-45.304,0,"즉석카레",-9.085,-60.736,0,"Dοpi",19.895,-45.216,0,"muyang_",15.597,-63.295,0,"Roscosmos",46.741,-92.995,0,"ByeolBam",-1.097,-112.93,0,"Penguin_iDOL",-38.66,-94.517,0,4243.713,-1.211,-86.189,4244.655,7,"ByeolBam",-1.171,-93.675,1,1,0,0,0,0,0,2
96,5,1,2,5,0,0,0,0,0,0,255,255,255,41,4303.226,"アリアル",R,3,125,-3.131,0.675,0.472,1.396,-36.895,4,0,-500,0,3.495,0,0,1,6,3,R,"즉석카레",169.8,94.566,0.397,0,65,0,0,0,0,0,0,0,0,0,0,0,0,0,0,0,0,0.581,-37.515,0,"ke ro",-0.176,-16.789,0,"Slaris",-19.356,-48.797,0,"˗ˋˏ 카피 ˎˊ˗",-14.013,-64.542,0,"_이누_",19.065,-49.832,0,"coder_",10.806,-64.625,0,"소솨소솨",39.954,-86.859,0,"아침땅_",-0.671,-105.721,0,"Sabo_10",-36.701,-83.589,0,0,0,0,0,0,"",0,0,0,0,0,0,0,0,0,0
97,5,1,2,5,0,1,0,0,0,0,255,255,255,42,4318.165,"アリアル",R,10,90,-1.267,-0.322,0.419,1.403,-36.794,0,0,0,292.484,-1.066,0,0,1,6,3,R,"즉석카레",169.8,94.566,0.397,0,65,0,0,0,0,0,0,0,0,0,0,0,0,0,0,0,0,0.653,-37.55,0,"ke ro",-0.171,-16.799,0,"Slaris",-19.506,-48.837,0,"˗ˋˏ 카피 ˎˊ˗",-13.992,-64.512,0,"_이누_",19.892,-50.258,0,"coder_",11.187,-65.922,0,"소솨소솨",40.327,-86.633,0,"아침땅_",-0.485,-105.772,0,"Sabo_10",-37.63,-84.788,0,0,0,0,0,0,"",0,0,0,0,0,0,0,0,0,0
98,5,1,2,5,0,2,0,0,0,0,255,255,255,43,4335.794,"アリアル",R,10,94,-1.8,-2.808,0.486,1.312,-36.95,4,0,0,400,-27.412,-0.291,-21.254,1,6,3,R,"즉석카레",169.8,94.566,0.397,0,65,0,0,0,0,0,0,0,0,0,0,0,0,0,0,0,0,0.589,-38.002,0,"ke ro",-0.521,-17.703,0,"Slaris",-19.787,-47.329,0,"˗ˋˏ 카피 ˎˊ˗",-14.111,-63.706,0,"_이누_",20.002,-49.549,0,"coder_",9.516,-64.27,0,"소솨소솨",37.84,-82.677,0,"아침땅_",-0.59,-104.903,0,"Sabo_10",-37.168,-84.021,0,0,0,0,0,0,"",0,0,0,0,0,0,0,0,0,0
99,5,1,2,5,0,0,1,0,0,0,255,255,255,44,4368.693,"アリアル",R,0,136,0.073,0.363,0.682,1.489,-36.887,0,0,0,0,0,0,0,0,7,6,R,"Roscosmos",175.1,95.635,0.36,0,65,0,0,0,0,0,0,0,0,0,0,0,0,0,0,0,0,0.476,-37.667,0,"ke ro",0.036,-17.155,0,"Slaris",-20.777,-48.756,0,"˗ˋˏ 카피 ˎˊ˗",-14.739,-63.809,0,"_이누_",20.895,-50.954,0,"coder_",11.561,-69.669,0,"소솨소솨",39.333,-85.631,0,"아침땅_",-0.342,-101.824,0,"Sabo_10",-39.828,-84.552,0,0,0,0,0,0,"",0,0,0,0,0,0,0,0,0,0
100,5,1,2,5,0,1,1,0,0,0,255,255,255,45,4383.468,"アリアル",R,0,134,1.041,1.429,0.665,1.531,-36.863,2,0,0,0,0,0,0,1,7,6,R,"Roscosmos",175.1,95.635,0.36,3,65,4384.253,80,22,114,104,24,185,135,85,37.57,6.674,-0.48,-0.004,0.004,0,0,0.667,-37.416,0,"ke ro",0.038,-17.207,0,"Slaris",-20.506,-48.873,0,"˗ˋˏ 카피 ˎˊ˗",-14.746,-63.91,0,"_이누_",20.829,-50.87,0,"coder_",11.606,-66.307,0,"소솨소솨",39.321,-85.627,0,"아침땅_",-0.322,-101.832,0,"Sabo_10",-39.948,-84.679,0,4389.271,-0.85,-84.51,4389.597,8,"Penguin_iDOL",-0.865,-81.961,0,0,0,0,0,0,0,1
101,5,1,2,5,0,0,2,0,0,0,255,255,255,46,4417.251,"アリアル",R,10,95,-1.058,-1.961,0.566,1.309,-36.827,4,0,0,400,-33.222,-0.245,-19.362,1,8,0,L,"peperon8655",190,105,0.328,0,65,0,0,0,0,0,0,0,0,0,0,0,0,0,0,0,0,0.459,-37.713,0,"ke ro",-0.052,-17.102,0,"Slaris",-19.79,-48.041,0,"˗ˋˏ 카피 ˎˊ˗",-14.21,-64.907,0,"_이누_",21.201,-49.242,0,"coder_",13.438,-66.762,0,"소솨소솨",43.535,-82.094,0,"아침땅_",-0.478,-100.876,0,"Sabo_10",-36.25,-83.149,0,0,0,0,0,0,"",0,0,0,0,0,0,0,0,0,0
102,5,1,2,5,0,1,2,0,0,0,255,255,255,47,4432.464,"アリアル",R,0,128,-2.14,0.356,0.483,1.449,-36.876,4,0,0,0,0,-0.017,-19.567,1,8,0,L,"peperon8655",190,105,0.328,0,65,0,0,0,0,0,0,0,0,0,0,0,0,0,0,0,0,0.543,-37.37,0,"ke ro",-0.251,-17.734,0,"Slaris",-20.019,-47.774,0,"˗ˋˏ 카피 ˎˊ˗",-14.204,-64.847,0,"_이누_",21.647,-49.88,0,"coder_",12.539,-65.245,0,"소솨소솨",43.564,-82.074,0,"아침땅_",-0.331,-102.088,0,"Sabo_10",-36.291,-83.274,0,0,0,0,0,0,"",0,0,0,0,0,0,0,0,0,0
103,5,1,2,5,0,2,2,0,0,0,255,255,255,48,4468.681,"アリアル",R,14,121,3.68,-1.395,0.846,1.272,-36.805,1,0,390.434,312.348,4.095,0,0,0,8,0,L,"peperon8655",190,105,0.328,0,65,0,0,0,0,0,0,0,0,0,0,0,0,0,0,0,0,0.418,-37.463,0,"ke ro",0.045,-16.748,0,"Slaris",-19.374,-47.042,0,"˗ˋˏ 카피 ˎˊ˗",-14.203,-64.843,0,"_이누_",21.808,-50.005,0,"coder_",13.099,-65.793,0,"소솨소솨",43.437,-79.828,0,"아침땅_",-0.332,-102.083,0,"Sabo_10",-36.705,-83.134,0,0,0,0,0,0,"",0,0,0,0,0,0,0,0,0,0
104,5,1,2,5,1,2,2,0,0,0,255,255,255,49,4485.86,"アリアル",R,14,107,0.684,-0.341,0.632,1.377,-36.822,2,0,368.879,325.87,-31.417,0,0,1,8,0,L,"peperon8655",190,105,0.328,3,65,4486.945,97,16,83,29,29,89,132,113,-12.893,-11.145,0.94,0.056,-0.041,0.071,0,0.556,-37.368,0,"ke ro",-0.102,-16.852,0,"Slaris",-19.648,-48.607,0,"˗ˋˏ 카피 ˎˊ˗",-14.134,-64.567,0,"_이누_",20.987,-49.386,0,"coder_",13.042,-65.174,0,"소솨소솨",43.45,-79.847,0,"아침땅_",-0.099,-102.161,0,"Sabo_10",-36.733,-83.149,0,4487.33,0.792,-24.169,4489.309,5,"coder_",6.351,-63.107,0,0,0,0,0,0,0,2
105,5,0,2,5,0,0,0,0,0,0,255,255,255,53,4541.536,"peperon8655",L,0,129,0.737,-0.785,0.069,1.665,-36.879,0,0,0,0,0,0,0,0,3,8,L,"Sabo_10",184.8,94,0.497,0,65,0,0,0,0,0,0,0,0,0,0,0,0,0,0,0,0,0.348,-38.262,0,"-라후이-",0.266,-16.398,0,"siesta_aves",-19.514,-47.349,0,"즉석카레",-11.083,-61.171,0,"Dοpi",21.475,-45.697,0,"muyang_",14.968,-63.007,0,"Roscosmos",40.795,-92.95,0,"ByeolBam",0.246,-110.016,0,"Penguin_iDOL",-39.065,-99.353,0,0,0,0,0,0,"",0,0,0,0,0,0,0,0,0,0
106,5,0,2,5,0,1,0,0,0,0,255,255,255,54,4558.853,"peperon8655",L,10,101,-0.348,-2.066,-0.032,1.619,-36.708,4,0,0,400,0,-0.066,-19.381,1,3,8,L,"Sabo_10",184.8,94,0.497,0,65,0,0,0,0,0,0,0,0,0,0,0,0,0,0,0,0,0.162,-38.157,0,"-라후이-",0.192,-16.516,0,"siesta_aves",-20.767,-47.868,0,"즉석카레",-11.076,-61.176,0,"Dοpi",20.337,-45.919,0,"muyang_",14.916,-63.095,0,"Roscosmos",41.836,-93.038,0,"ByeolBam",0.14,-109.96,0,"Penguin_iDOL",-39.044,-99.561,0,0,0,0,0,0,"",0,0,0,0,0,0,0,0,0,0
107,5,0,2,5,0,2,0,0,0,0,255,255,255,55,4574.512,"peperon8655",L,0,135,0.157,-1.396,0.015,1.554,-36.764,2,0,0,0,0,0,0,1,3,8,L,"Sabo_10",184.8,94,0.497,2,65,4575.661,137,11,112,51,21,217,145,123,-15.122,-41.362,0.68,0.084,-0.171,0.276,0,0.084,-37.385,0,"-라후이-",0.363,-16.718,0,"siesta_aves",-20.2,-49.544,0,"즉석카레",-10.889,-61.494,0,"Dοpi",21.383,-46.033,0,"muyang_",16.29,-62.52,0,"Roscosmos",38.819,-89.455,0,"ByeolBam",0.108,-109.996,0,"Penguin_iDOL",-39.176,-99.435,0,4575.938,1.368,-21.243,4586.105,5,"muyang_",49.153,-76.898,1,0,0,0,0,0,0,2
108,5,0,2,5,0,0,0,0,1,0,255,17,255,56,4650.07,"peperon8655",L,13,96,-0.324,-1.451,-0.202,1.696,-36.905,1,0,341.778,310.859,0,0.062,-18.179,0,4,4,R,"_이누_",190,90.187,0.45,0,77,0,0,0,0,0,0,0,0,0,0,0,0,0,0,0,0,0.213,-38.028,0,"-라후이-",-0.009,-16.591,0,"siesta_aves",-19.963,-45.928,0,"즉석카레",-11.232,-62.682,0,"Dοpi",18.954,-45.527,0,"muyang_",8.078,-61.381,0,"Roscosmos",44.293,-93.435,0,"ByeolBam",-0.331,-111.521,0,"Penguin_iDOL",-40.432,-94.203,0,0,0,0,0,0,"",0,0,0,0,0,0,0,0,0,0
109,5,0,2,5,1,0,0,0,1,0,255,17,255,57,4665.73,"peperon8655",L,0,118,0.814,-0.928,0.076,1.63,-36.681,2,0,0,0,0,0,0,1,4,4,R,"_이누_",190,90.187,0.45,3,77,4666.819,203,16,110,56,0,173,150,108,-30,8.919,0.03,-0.02,-0.092,0.062,0,0.457,-37.497,0,"-라후이-",-0.099,-16.824,0,"siesta_aves",-19.383,-47.385,0,"즉석카레",-12.326,-62.215,0,"Dοpi",19.354,-45.08,0,"muyang_",8.309,-60.192,0,"Roscosmos",45.103,-94.052,0,"ByeolBam",-0.306,-111.512,0,"Penguin_iDOL",-40.372,-94.211,0,4667.046,0.058,-19.744,4671.263,7,"ByeolBam",-11.713,-95.547,1,0,0,0,0,0,0,2
110,5,0,2,6,0,0,0,1,0,0,13,255,255,58,4705.426,"peperon8655",L,3,104,-0.263,-1.139,-0.201,1.698,-36.774,2,0,412.599,244.034,0,0,0,1,5,1,R,"ke ro",190,100.495,0.547,2,64,4706.446,84,18,111,100,75,123,137,66,0.223,-11.939,1,-0.063,-0.112,0.057,0,-0.072,-37.19,0,"-라후이-",0.076,-16.631,0,"siesta_aves",-18.231,-46.036,0,"즉석카레",-11.858,-61.445,0,"Dοpi",17.772,-45.654,0,"muyang_",10.568,-60.12,0,"Roscosmos",45.262,-95.974,0,"ByeolBam",-0.157,-109.602,0,"Penguin_iDOL",-38.957,-85.533,0,4707.171,1.899,-30.342,4708.097,0,"peperon8655",3.899,-38.015,1,16,0,0,0,0,0,2
111,5,0,2,6,0,0,1,1,0,0,10,255,255,59,4769.319,"peperon8655",L,3,101,1.333,-0.714,-0.082,1.708,-36.821,2,0,452.227,0,0,0,0,1,6,3,L,"˗ˋˏ 카피 ˎˊ˗",167.3,87.669,0.554,3,64,4770.541,255,18,110,53,43,147,150,94,93.51,85.943,-0.04,0.088,-0.151,0.126,0,0.32,-37.467,0,"-라후이-",0.28,-16.929,0,"siesta_aves",-18.33,-47.751,0,"즉석카레",-8.336,-62.106,0,"Dοpi",19.942,-44.926,0,"muyang_",14.161,-61.321,0,"Roscosmos",48.808,-95.238,0,"ByeolBam",0.448,-107.842,0,"Penguin_iDOL",-36.798,-93.387,0,0,0,0,0,0,"",0,0,0,0,0,0,0,0,0,3
112,5,0,2,6,0,1,1,1,0,0,10,255,255,60,4791.036,"peperon8655",L,0,123,1.966,-1.153,0.183,1.634,-36.722,1,0,0,0,0,0,0,0,6,3,L,"˗ˋˏ 카피 ˎˊ˗",167.3,87.669,0.554,0,44,0,0,0,0,0,0,0,0,0,0,0,0,0,0,0,0,0.025,-38.058,0,"-라후이-",0.194,-17.11,0,"siesta_aves",-17.64,-47.343,0,"즉석카레",-8.42,-62.241,0,"Dοpi",20.363,-44.044,0,"muyang_",11.94,-59.31,0,"Roscosmos",47.374,-93.344,0,"ByeolBam",0.124,-107.588,0,"Penguin_iDOL",-37.57,-92.55,0,0,0,0,0,0,"",0,0,0,0,0,0,0,0,0,0
113,5,0,2,6,1,1,1,1,0,0,10,255,255,61,4809.792,"peperon8655",L,3,106,2.589,-1.416,0.062,1.597,-36.652,2,0,439.605,0,0,0,0,1,6,3,L,"˗ˋˏ 카피 ˎˊ˗",167.3,87.669,0.554,3,44,4810.947,181,18,77,64,41,79,140,105,23.718,-39.9,0.87,0.065,-0.063,0.054,0,0.13,-37.32,0,"-라후이-",0.269,-16.796,0,"siesta_aves",-18.22,-46.049,0,"즉석카레",-9.107,-61.688,0,"Dοpi",20.332,-44.042,0,"muyang_",16.258,-62.286,0,"Roscosmos",47.33,-93.394,0,"ByeolBam",0.125,-107.549,0,"Penguin_iDOL",-37.429,-92.673,0,4814.567,53.505,-73.72,4817.538,6,"Roscosmos",69.894,-86.06,1,0,0,0,0,0,0,2
114,5,0,2,6,0,0,1,0,1,1,255,12,10,62,4856.985,"peperon8655",L,0,124,2.15,-1.222,0.2,1.638,-36.685,4,0,0,0,0,0,0,1,7,7,R,"아침땅_",160,95,0.5,0,64,0,0,0,0,0,0,0,0,0,0,0,0,0,0,0,0,0.065,-37.842,0,"-라후이-",0.051,-17.077,0,"siesta_aves",-19.263,-47.679,0,"즉석카레",-12.738,-61.886,0,"Dοpi",18.935,-41.829,0,"muyang_",11.663,-59.589,0,"Roscosmos",43.431,-93.19,0,"ByeolBam",0.131,-109.283,0,"Penguin_iDOL",-39.688,-89.459,0,0,0,0,0,0,"",0,0,0,0,0,0,0,0,0,0
115,5,0,2,6,0,1,1,0,1,1,255,12,10,63,4875.618,"peperon8655",L,3,103,0.731,-1.338,-0.137,1.63,-36.705,1,0,468.182,0,0,0.399,-17,0,7,7,R,"아침땅_",160,95,0.5,0,64,0,0,0,0,0,0,0,0,0,0,0,0,0,0,0,0,0.058,-38.039,0,"-라후이-",0.221,-16.597,0,"siesta_aves",-18.632,-47.444,0,"즉석카레",-12.906,-61.771,0,"Dοpi",18.711,-42.691,0,"muyang_",10.942,-60.372,0,"Roscosmos",42.322,-91.471,0,"ByeolBam",-0.008,-108.722,0,"Penguin_iDOL",-39.794,-89.474,0,0,0,0,0,0,"",0,0,0,0,0,0,0,0,0,0
116,5,0,2,6,1,1,1,0,1,1,255,12,10,64,4889.031,"peperon8655",L,10,98,-1.279,-2.97,-0.119,1.54,-36.627,4,0,0,400,0,-0.232,-21.019,1,7,7,R,"아침땅_",160,95,0.5,0,64,0,0,0,0,0,0,0,0,0,0,0,0,0,0,0,0,-0.181,-37.295,0,"-라후이-",-0.073,-16.815,0,"siesta_aves",-18.977,-45.903,0,"즉석카레",-12.039,-62.019,0,"Dοpi",18.431,-43.088,0,"muyang_",9.549,-60.89,0,"Roscosmos",41.379,-90.844,0,"ByeolBam",-0.254,-108.818,0,"Penguin_iDOL",-39.726,-89.595,0,0,0,0,0,0,"",0,0,0,0,0,0,0,0,0,0
117,5,0,2,6,1,2,1,0,1,1,255,12,10,65,4907.413,"peperon8655",L,0,120,1.036,-0.143,0.127,1.588,-36.563,2,0,0,0,0,0,0,1,7,7,R,"아침땅_",160,95,0.5,2,64,4908.321,123,8,100,60,20,137,142,93,-30.049,-5.864,-0.02,-0.016,-0.043,0.042,0,-0.015,-36.933,0,"-라후이-",-0.296,-16.738,0,"siesta_aves",-18.556,-47.345,0,"즉석카레",-12.2,-61.765,0,"Dοpi",18.194,-45.308,0,"muyang_",11.804,-60.702,0,"Roscosmos",41.175,-91.022,0,"ByeolBam",0.246,-110.889,0,"Penguin_iDOL",-39.662,-89.476,0,4908.605,0.307,-20.155,4913.018,7,"ByeolBam",5.42,-90.091,1,0,0,0,0,0,0,2
118,5,0,2,7,0,0,1,1,0,1,16,255,12,0,5184.749,"Roscosmos",L,35,133,-0.41,-0.312,-0.571,1.236,-36.578,2,0,-147.467,164.231,0.255,0,0,1,8,6,R,"소솨소솨",174.6,89.748,0.5,2,63,5185.522,168,12,118,54,0,184,150,95,-6.786,18.91,-0.28,-0.052,-0.108,0.215,0,-0.064,-37.053,0,"-라후이-",-0.064,-16.706,0,"siesta_aves",-19.857,-41.552,0,"즉석카레",-12.889,-63.937,0,"peperon8655",19.089,-40.718,0,"muyang_",12.303,-59.768,0,"Dοpi",41.182,-95.256,0,"ByeolBam",0.083,-106.448,0,"Penguin_iDOL",-39.451,-89.533,0,5186.018,-1.934,-25.271,5187.967,3,"즉석카레",-12.908,-57.394,1,0,0,0,0,0,0,2
119,5,0,2,8,0,0,2,1,0,0,15,255,255,1,5293.429,"Roscosmos",L,15,118,1.235,2.229,-0.462,1.434,-36.723,1,0,0,-400,-6.508,0,0,0,0,5,R,"coder_",164.3,90.42,0.403,0,52,0,0,0,0,0,0,0,0,0,0,0,0,0,0,0,0,-0.452,-37.725,0,"-라후이-",0.026,-17.362,0,"siesta_aves",-16.098,-41.104,0,"즉석카레",-13.407,-60.499,0,"peperon8655",18.622,-43.331,0,"muyang_",14.587,-61.932,0,"Dοpi",33.974,-88.871,0,"ByeolBam",-0.51,-104.754,0,"Penguin_iDOL",-39.505,-86.784,0,0,0,0,0,0,"",0,0,0,0,0,0,0,0,0,0
120,5,0,2,8,1,0,2,1,0,0,15,255,255,2,5314.129,"Roscosmos",L,3,119,1.796,1.154,-0.576,1.405,-36.747,2,0,456.312,0,-9.764,0,0,1,0,5,R,"coder_",164.3,90.42,0.403,3,52,5315.217,168,22,129,87,34,164,150,77,31.847,-13.832,-0.48,-0.196,-0.028,0.246,0,-0.186,-37.674,0,"-라후이-",0.198,-16.912,0,"siesta_aves",-18.794,-41.255,0,"즉석카레",-10.255,-54.578,0,"peperon8655",19.575,-44.561,0,"muyang_",13.365,-60.693,0,"Dοpi",37.677,-89.74,0,"ByeolBam",-0.172,-104.72,0,"Penguin_iDOL",-41.196,-88.027,0,0,0,0,5320.292,5,"muyang_",19.82,-75.166,0,0,0,0,0,0,0,1
121,6,1,2,8,0,0,0,0,0,0,255,255,255,50,5373.535,"アリアル",R,0,140,1.608,-0.211,0.687,1.421,-36.853,1,0,0,0,0,0,0,0,0,5,R,"muyang_",172.8,80,0.496,0,63,0,0,0,0,0,0,0,0,0,0,0,0,0,0,0,0,0.479,-37.564,0,"ke ro",0.017,-16.927,0,"Slaris",-19.733,-49.383,0,"˗ˋˏ 카피 ˎˊ˗",-13.244,-64.219,0,"_이누_",18.377,-49.491,0,"coder_",11.857,-64.936,0,"소솨소솨",38.988,-84.763,0,"아침땅_",-0.467,-103.874,0,"Sabo_10",-36.225,-86.189,0,0,0,0,0,0,"",0,0,0,0,0,0,0,0,0,0
122,6,1,2,8,1,0,0,0,0,0,255,255,255,51,5389.065,"アリアル",R,0,140,-0.585,-0.16,0.624,1.354,-36.764,0,0,0,0,0,0,0,1,0,5,R,"muyang_",172.8,80,0.496,0,63,0,0,0,0,0,0,0,0,0,0,0,0,0,0,0,0,0.448,-37.494,0,"ke ro",-0.043,-16.73,0,"Slaris",-19.688,-49.388,0,"˗ˋˏ 카피 ˎˊ˗",-12.966,-64.678,0,"_이누_",18.369,-49.605,0,"coder_",11.569,-65.424,0,"소솨소솨",38.984,-84.737,0,"아침땅_",-0.446,-103.878,0,"Sabo_10",-37.42,-86.126,0,0,0,0,0,0,"",0,0,0,0,0,0,0,0,0,0
123,6,1,2,8,1,1,0,0,0,0,255,255,255,52,5404.038,"アリアル",R,10,95,-0.232,-1.667,0.577,1.293,-36.78,4,0,0,400,-18.946,-0.117,-18.459,1,0,5,R,"muyang_",172.8,80,0.496,0,63,0,0,0,0,0,0,0,0,0,0,0,0,0,0,0,0,0.601,-37.325,0,"ke ro",-0.054,-16.594,0,"Slaris",-19.68,-49.004,0,"˗ˋˏ 카피 ˎˊ˗",-13.391,-65.003,0,"_이누_",19.247,-46.719,0,"coder_",10.645,-65.411,0,"소솨소솨",38.991,-84.744,0,"아침땅_",-0.392,-103.614,0,"Sabo_10",-37.424,-86.203,0,0,0,0,0,0,"",0,0,0,0,0,0,0,0,0,0
124,6,1,2,8,1,2,0,0,0,0,255,255,255,53,5420.254,"アリアル",R,0,140,-0.82,1.721,0.607,1.564,-36.813,1,0,0,0,0,0,0,0,0,5,R,"muyang_",172.8,80,0.496,0,63,0,0,0,0,0,0,0,0,0,0,0,0,0,0,0,0,0.618,-37.481,0,"ke ro",-0.006,-16.86,0,"Slaris",-19.029,-49.768,0,"˗ˋˏ 카피 ˎˊ˗",-13.382,-64.948,0,"_이누_",18.384,-48.933,0,"coder_",11.617,-65.772,0,"소솨소솨",38.991,-84.75,0,"아침땅_",-0.383,-103.62,0,"Sabo_10",-37.416,-86.178,0,0,0,0,0,0,"",0,0,0,0,0,0,0,0,0,0
125,6,1,2,8,2,2,0,0,0,0,255,255,255,54,5439.176,"アリアル",R,14,107,-0.423,-1.491,0.545,1.319,-36.814,4,0,185.007,400,-22.656,-0.113,-17.885,1,0,5,R,"muyang_",172.8,80,0.496,0,63,0,0,0,0,0,0,0,0,0,0,0,0,0,0,0,0,0.603,-37.409,0,"ke ro",-0.209,-17.987,0,"Slaris",-19.607,-48.629,0,"˗ˋˏ 카피 ˎˊ˗",-13.263,-65.045,0,"_이누_",18.594,-47.964,0,"coder_",11.234,-65.47,0,"소솨소솨",39.201,-83.695,0,"아침땅_",-0.479,-103.053,0,"Sabo_10",-37.422,-86.162,0,0,0,0,0,0,"",0,0,0,0,0,0,0,0,0,0
126,6,1,2,8,0,0,1,0,0,0,255,255,255,55,5470.588,"アリアル",R,6,101,2.083,0.178,0.556,1.442,-36.807,2,0,459.091,0,-4.094,0,0,1,1,1,R,"-라후이-",190,84,0.35,3,63,5471.465,199,28,13,122,84,34,53,58,0.932,21.474,0.92,-0.044,-0.077,0,0,0.691,-37.292,0,"ke ro",0.016,-17.267,0,"Slaris",-21.322,-50.064,0,"˗ˋˏ 카피 ˎˊ˗",-12.858,-65.159,0,"_이누_",19.821,-51.021,0,"coder_",12.115,-66.97,0,"소솨소솨",43.843,-86.044,0,"아침땅_",-0.491,-107.073,0,"Sabo_10",-38.115,-87.212,0,5472.526,-3.926,-31.941,5474.713,3,"˗ˋˏ 카피 ˎˊ˗",-11.054,-54.72,0,0,0,0,0,0,0,2
127,6,1,2,8,0,0,2,0,0,0,255,255,255,56,5498.356,"アリアル",R,0,105,1.31,0.505,0.551,1.3,-36.666,2,0,5.74,0,-1.53,0,0,1,2,6,R,"Dοpi",180.2,80,0.3,2,63,5499.333,57,6,0,22,82,57,13,31,-39.238,23.93,-0.49,0.032,0.018,0,0,0.729,-37.22,0,"ke ro",-0.016,-16.879,0,"Slaris",-20.094,-48.6,0,"˗ˋˏ 카피 ˎˊ˗",-13.715,-65.315,0,"_이누_",18.998,-51.304,0,"coder_",12.399,-65.841,0,"소솨소솨",41.626,-83.421,0,"아침땅_",-0.628,-103.396,0,"Sabo_10",-36.079,-83.303,0,5499.788,-0.302,-21.471,5503.072,8,"Sabo_10",-5.185,-34.528,0,0,0,0,0,0,0,2
128,6,0,2,8,0,0,0,0,0,0,255,255,255,3,5608.682,"Roscosmos",L,3,121,-0.451,-0.317,-0.796,1.176,-36.804,2,0,500,0,-8.857,0,0,1,1,2,R,"Slaris",190,86.36,0.452,3,62,5609.614,255,20,173,107,44,120,150,113,21.519,-6.078,0.89,-0.008,-0.051,0.155,0,-0.017,-37.494,0,"-라후이-",0.112,-16.661,0,"siesta_aves",-18.951,-47.409,0,"즉석카레",-12.964,-61.751,0,"peperon8655",21.034,-47.199,0,"muyang_",15.191,-62.791,0,"Dοpi",48.421,-93.556,0,"ByeolBam",-0.045,-110.722,0,"Penguin_iDOL",-44.239,-94.834,0,5614.734,25.803,-117.123,5616.717,7,"ByeolBam",25.34,-124.621,1,0,0,0,0,0,0,2
129,6,0,2,8,0,0,0,0,1,0,255,11,255,4,5710.607,"Roscosmos",L,34,126,-0.607,0.959,-0.602,1.454,-36.889,2,0,-93.575,78.254,-12.774,0,0,1,2,9,L,"encounter v",190,93,0.497,3,55,5711.721,199,18,127,93,26,134,150,102,31.348,-38.805,-0.2,0.024,-0.132,0.092,0,-0.439,-37.688,0,"-라후이-",-0.021,-16.669,0,"siesta_aves",-17.951,-49.104,0,"즉석카레",-7.564,-61.958,0,"peperon8655",20.273,-46.055,0,"muyang_",13.893,-61.177,0,"Dοpi",52.673,-94.64,0,"ByeolBam",0.833,-112.252,0,"Penguin_iDOL",-39.912,-96.454,0,5716.926,56.88,-85.493,5717.146,6,"Dοpi",55.082,-83.433,0,0,0,0,0,0,0,1
130,6,0,2,8,0,0,1,0,1,0,255,11,255,5,5749.68,"Roscosmos",L,2,116,0.099,0.264,-0.713,1.187,-36.801,2,0,390.434,-312.348,-15.461,0,0,1,3,8,L,"Sabo_10",184.8,94,0.497,2,62,5750.688,196,16,148,71,43,241,150,110,7.095,-12.1,0.93,0.037,-0.081,0.27,0,-0.674,-37.248,0,"-라후이-",0.152,-16.852,0,"siesta_aves",-18.145,-48.406,0,"즉석카레",-6.561,-62.438,0,"peperon8655",21.479,-46.733,0,"muyang_",15.807,-60.981,0,"Dοpi",52.902,-93.744,0,"ByeolBam",0.157,-109.763,0,"Penguin_iDOL",-39.935,-97.527,0,5752.68,14.132,-66.516,5757.138,6,"Dοpi",35.313,-117.211,1,0,0,0,0,0,0,2
131,6,0,2,8,0,0,1,0,1,1,255,255,11,6,5794.37,"Roscosmos",L,5,126,-1.005,1.267,-0.72,1.483,-36.721,4,0,148.214,0,-7.561,0,0,1,4,4,R,"_이누_",190,90.187,0.45,0,62,0,0,0,0,0,0,0,0,0,0,0,0,0,0,0,0,-0.355,-37.609,0,"-라후이-",0.179,-16.744,0,"siesta_aves",-18.391,-47.257,0,"즉석카레",-11.321,-62.079,0,"peperon8655",19.389,-43.597,0,"muyang_",14.124,-60.559,0,"Dοpi",46.729,-95.452,0,"ByeolBam",0.367,-105.004,0,"Penguin_iDOL",-40.083,-95.402,0,0,0,0,0,0,"",0,0,0,0,0,0,0,0,0,0
132,6,0,2,8,0,1,1,0,1,1,255,255,11,7,5817.133,"Roscosmos",L,2,115,0.808,1.755,-0.659,1.489,-36.726,4,0,413.975,-280.401,-5.546,0,0,1,4,4,R,"_이누_",190,90.187,0.45,0,62,0,0,0,0,0,0,0,0,0,0,0,0,0,0,0,0,-0.091,-37.862,0,"-라후이-",-0.012,-16.867,0,"siesta_aves",-18.61,-47.488,0,"즉석카레",-10.425,-61.437,0,"peperon8655",19.752,-42.645,0,"muyang_",10.765,-59.016,0,"Dοpi",42.678,-96.959,0,"ByeolBam",-0.001,-104.879,0,"Penguin_iDOL",-40.028,-95.462,0,0,0,0,0,0,"",0,0,0,0,0,0,0,0,0,0
133,6,0,2,8,0,2,1,0,1,1,255,255,11,8,5835.949,"Roscosmos",L,2,113,2.288,2.192,-0.503,1.547,-36.795,1,0,351.9,-355.199,-6.574,0,0,0,4,4,R,"_이누_",190,90.187,0.45,0,62,0,0,0,0,0,0,0,0,0,0,0,0,0,0,0,0,-0.459,-37.503,0,"-라후이-",-0.139,-17.038,0,"siesta_aves",-18.675,-47.068,0,"즉석카레",-10.369,-61.122,0,"peperon8655",19.783,-42.846,0,"muyang_",11.419,-59.592,0,"Dοpi",41.188,-97.247,0,"ByeolBam",0.005,-104.871,0,"Penguin_iDOL",-40.199,-95.453,0,0,0,0,0,0,"",0,0,0,0,0,0,0,0,0,0
134,6,0,2,8,1,2,1,0,1,1,255,255,11,9,5853.839,"Roscosmos",L,34,117,-1.948,1.184,-0.736,1.484,-36.706,4,0,-57.808,40.356,-3.382,0,0,1,4,4,R,"_이누_",190,90.187,0.45,0,62,0,0,0,0,0,0,0,0,0,0,0,0,0,0,0,0,-0.267,-37.781,0,"-라후이-",-0.274,-17.375,0,"siesta_aves",-20.252,-47.085,0,"즉석카레",-10.999,-61.062,0,"peperon8655",19.674,-44.543,0,"muyang_",9.072,-60.891,0,"Dοpi",40.559,-97.269,0,"ByeolBam",-0.027,-104.932,0,"Penguin_iDOL",-40.103,-95.311,0,0,0,0,0,0,"",0,0,0,0,0,0,0,0,0,0
135,6,0,2,8,0,0,2,0,1,1,255,255,11,10,5883.85,"Roscosmos",L,3,119,-0.156,1.522,-0.719,1.596,-36.649,2,0,426.628,0,-8.766,0,0,1,5,1,R,"ke ro",190,93.191,0.497,2,62,5884.915,212,4,143,55,49,255,150,98,41.715,-19.732,-0.46,-0.003,-0.019,0.145,0,-0.374,-37.512,0,"-라후이-",0.068,-16.834,0,"siesta_aves",-20.638,-48.27,0,"즉석카레",-11.594,-61.486,0,"peperon8655",21.541,-47.613,0,"muyang_",13.41,-61.985,0,"Dοpi",37.618,-99.307,0,"ByeolBam",-0.537,-106.465,0,"Penguin_iDOL",-40.851,-86.915,0,0,0,0,5890.763,6,"Dοpi",20.72,-90.218,0,0,0,0,0,0,0,1
136,7,1,2,8,0,0,0,0,0,0,255,255,255,57,5938.707,"アリアル",R,3,126,-4.177,1.655,0.155,1.331,-36.955,1,0,-500,0,7.987,-3.66,-6.263,0,3,7,R,"ByeolBam",174.5,90,0.5,0,62,0,0,0,0,0,0,0,0,0,0,0,0,0,0,0,0,0.405,-37.794,0,"ke ro",-0.096,-17.066,0,"Slaris",-19.928,-44.252,0,"˗ˋˏ 카피 ˎˊ˗",-15.352,-63.746,0,"_이누_",20.787,-50.712,0,"coder_",11.953,-65.748,0,"소솨소솨",40.506,-84.921,0,"아침땅_",-0.335,-105.03,0,"Sabo_10",-34.589,-88.579,0,0,0,0,0,0,"",0,0,0,0,0,0,0,0,0,0
137,7,1,2,8,1,0,0,0,0,0,255,255,255,58,5960.316,"アリアル",R,0,136,-1.722,-1.093,0.472,1.314,-36.922,1,0,0,0,0,0,0,0,3,7,R,"ByeolBam",174.5,90,0.5,0,62,0,0,0,0,0,0,0,0,0,0,0,0,0,0,0,0,0.423,-37.675,0,"ke ro",-0.116,-17.167,0,"Slaris",-19.316,-45.053,0,"˗ˋˏ 카피 ˎˊ˗",-15.223,-63.718,0,"_이누_",20.809,-50.645,0,"coder_",11.9,-65.762,0,"소솨소솨",41.911,-85.657,0,"아침땅_",-0.418,-104.97,0,"Sabo_10",-34.601,-88.605,0,0,0,0,0,0,"",0,0,0,0,0,0,0,0,0,0
138,7,1,2,8,2,0,0,0,0,0,255,255,255,59,5976.012,"アリアル",R,0,129,-1.657,-0.03,0.538,1.305,-36.851,1,0,0,0,0,0,0,0,3,7,R,"ByeolBam",174.5,90,0.5,0,62,0,0,0,0,0,0,0,0,0,0,0,0,0,0,0,0,0.544,-37.382,0,"ke ro",-0.046,-17.021,0,"Slaris",-20.173,-45.924,0,"˗ˋˏ 카피 ˎˊ˗",-15.225,-63.769,0,"_이누_",19.659,-48.724,0,"coder_",11.017,-68.825,0,"소솨소솨",41.905,-85.655,0,"아침땅_",-0.384,-104.693,0,"Sabo_10",-34.577,-88.585,0,0,0,0,0,0,"",0,0,0,0,0,0,0,0,0,0
139,7,1,2,8,3,0,0,0,0,0,255,255,255,60,5994.184,"アリアル",R,7,97,-1.945,0.416,0.485,1.34,-36.771,1,0,202.594,0,1.742,0,0,0,3,7,R,"ByeolBam",174.5,90,0.5,0,62,0,0,0,0,0,0,0,0,0,0,0,0,0,0,0,0,0.589,-37.43,0,"ke ro",-0.045,-16.969,0,"Slaris",-19.807,-46.32,0,"˗ˋˏ 카피 ˎˊ˗",-15.227,-63.787,0,"_이누_",20.094,-50.925,0,"coder_",12.372,-65.405,0,"소솨소솨",41.917,-85.667,0,"아침땅_",-0.372,-104.679,0,"Sabo_10",-35.285,-89.53,0,0,0,0,0,0,"",0,0,0,0,0,0,0,0,0,5
140,7,1,2,8,0,0,0,1,0,0,7,255,255,61,6023.85,"アリアル",R,14,96,2.026,-1.184,0.627,1.325,-36.79,2,0,340.743,312.348,14.716,0,0,1,4,8,R,"Penguin_iDOL",180.3,80,0.395,3,62,6025.091,255,12,118,78,75,99,150,88,102.898,-76.799,0.97,0.03,-0.016,0.009,0,0.681,-37.166,0,"ke ro",0.036,-17.308,0,"Slaris",-18.649,-46.459,0,"˗ˋˏ 카피 ˎˊ˗",-15.193,-63.741,0,"_이누_",19.592,-51.762,0,"coder_",9.943,-63.789,0,"소솨소솨",42.002,-86.019,0,"아침땅_",-0.661,-103.934,0,"Sabo_10",-37.94,-87.18,0,0,0,0,0,0,"",0,0,0,0,0,0,0,0,0,3
141,7,1,2,8,0,1,0,1,0,0,7,255,255,62,6045.673,"アリアル",R,3,126,-2.509,0.103,0.513,1.345,-36.886,4,0,-474.659,0,10.679,0,0,1,4,8,R,"Penguin_iDOL",180.3,80,0.395,0,62,0,0,0,0,0,0,0,0,0,0,0,0,0,0,0,0,0.818,-37.388,0,"ke ro",0.024,-17.301,0,"Slaris",-18.851,-47.341,0,"˗ˋˏ 카피 ˎˊ˗",-14.151,-64.664,0,"_이누_",21.478,-52.557,0,"coder_",6.044,-71.837,0,"소솨소솨",42.328,-85.964,0,"아침땅_",-0.357,-105.518,0,"Sabo_10",-37.821,-84.25,0,0,0,0,0,0,"",0,0,0,0,0,0,0,0,0,0
142,7,1,2,8,0,2,0,1,0,0,7,255,255,63,6086.233,"アリアル",R,14,99,0.062,-2.655,0.56,1.315,-36.722,4,0,308.223,364.3,-18.125,0.011,-20.025,1,4,8,R,"Penguin_iDOL",180.3,80,0.395,0,62,0,0,0,0,0,0,0,0,0,0,0,0,0,0,0,0,0.457,-37.531,0,"ke ro",0.138,-19.542,0,"Slaris",-19.557,-45.794,0,"˗ˋˏ 카피 ˎˊ˗",-12.929,-62.67,0,"_이누_",18.794,-50.07,0,"coder_",7.899,-69.243,0,"소솨소솨",42.335,-85.954,0,"아침땅_",-0.502,-105.5,0,"Sabo_10",-38.187,-84.418,0,0,0,0,0,0,"",0,0,0,0,0,0,0,0,0,0
143,7,1,2,8,0,0,1,1,0,0,7,255,255,64,6117.893,"アリアル",R,0,135,-0.343,0.702,0.633,1.501,-36.766,0,0,0,0,0,0,0,1,5,2,R,"siesta_aves",190,96.913,0.4,0,61,0,0,0,0,0,0,0,0,0,0,0,0,0,0,0,0,0.416,-37.457,0,"ke ro",0.159,-17.092,0,"Slaris",-20.074,-48.421,0,"˗ˋˏ 카피 ˎˊ˗",-15.624,-62.959,0,"_이누_",20.021,-50.352,0,"coder_",8.45,-67.37,0,"소솨소솨",42.321,-85.944,0,"아침땅_",-0.473,-106.861,0,"Sabo_10",-37.743,-84.768,0,0,0,0,0,0,"",0,0,0,0,0,0,0,0,0,0
144,7,1,2,8,0,1,1,1,0,0,7,255,255,65,6136.177,"アリアル",R,10,103,-1.072,-1.853,0.59,1.342,-36.768,2,0,71.163,400,-9.043,0,0,1,5,2,R,"siesta_aves",190,96.913,0.4,3,61,6137.354,172,20,163,76,46,192,150,45,-27.781,29.621,0.78,-0.019,-0.157,0.064,0,0.558,-37.276,0,"ke ro",-0.079,-17.122,0,"Slaris",-19.523,-48.606,0,"˗ˋˏ 카피 ˎˊ˗",-15.551,-62.849,0,"_이누_",20.834,-52.755,0,"coder_",10.726,-65.559,0,"소솨소솨",42.334,-85.962,0,"아침땅_",-0.497,-105.351,0,"Sabo_10",-37.646,-84.676,0,6137.692,-0.443,-20.475,6141.138,3,"˗ˋˏ 카피 ˎˊ˗",-12.1,-50.004,0,0,0,0,0,0,0,2
145,7,1,2,8,0,0,2,0,1,0,255,7,255,66,6169.231,"アリアル",R,6,99,1.515,-0.805,0.669,1.27,-36.803,2,0,420.89,0,12.608,0,0,1,6,3,R,"즉석카레",169.8,94.566,0.397,2,61,6170.199,192,16,126,76,76,255,150,94,-30,-41.547,0.04,-0.144,-0.076,0.051,0.069,0.62,-37.287,0,"ke ro",-0.005,-17.082,0,"Slaris",-19.573,-48.222,0,"˗ˋˏ 카피 ˎˊ˗",-14.924,-64.252,0,"_이누_",18.92,-50.826,0,"coder_",10.05,-64.467,0,"소솨소솨",38.805,-82.349,0,"아침땅_",-0.887,-102.107,0,"Sabo_10",-36.234,-84.994,0,6170.497,1.244,-22.138,6172.359,4,"_이누_",21.905,-45.402,0,0,0,0,0,0,0,2
146,7,0,2,8,0,0,0,0,0,0,255,255,255,11,6240.381,"Roscosmos",L,35,120,-1.034,-1.258,-0.655,1.105,-36.921,2,0,-47.878,150.788,-3.815,0,0,1,6,3,L,"˗ˋˏ 카피 ˎˊ˗",167.3,87.669,0.554,3,61,6241.56,151,15,64,20,24,31,114,114,-30,-46.291,0.51,0.048,-0.111,0.084,0,-0.554,-37.474,0,"-라후이-",-0.078,-16.58,0,"siesta_aves",-20.801,-48.041,0,"즉석카레",-12.047,-62.155,0,"peperon8655",21.649,-47.379,0,"muyang_",16.714,-61.86,0,"Dοpi",51.441,-91.739,0,"ByeolBam",-0.275,-113.209,0,"Penguin_iDOL",-44.02,-95.406,0,6241.901,0.604,-20.255,6249.913,6,"Dοpi",64.092,-82.928,0,0,0,0,0,0,0,2
147,7,0,2,8,0,1,0,0,0,0,255,255,255,12,6274.847,"Roscosmos",L,2,119,-0.356,-0.469,-0.747,1.065,-36.803,2,0,378.191,-327.065,-10.686,0,0,1,6,3,L,"˗ˋˏ 카피 ˎˊ˗",167.3,87.669,0.554,3,44,6276.029,140,8,70,21,47,105,120,96,6.035,-26.837,0.9,0.026,-0.092,0.084,0,-0.416,-37.25,0,"-라후이-",0.293,-16.923,0,"siesta_aves",-19.155,-48.486,0,"즉석카레",-11.26,-62.052,0,"peperon8655",20.646,-46.263,0,"muyang_",16.196,-63.037,0,"Dοpi",54.402,-89.106,0,"ByeolBam",0.342,-106.141,0,"Penguin_iDOL",-39.716,-93.213,0,6277.317,11.863,-40.24,6278.059,4,"peperon8655",14.972,-46.097,0,0,0,0,0,0,0,2
148,7,0,2,8,0,0,1,0,0,0,255,255,255,13,6306.844,"Roscosmos",L,35,129,0.264,0.553,-0.488,1.377,-36.554,0,0,-198.528,200,-1.215,0.256,-17.159,0,7,7,R,"아침땅_",160,95,0.5,0,61,0,0,0,0,0,0,0,0,0,0,0,0,0,0,0,0,-0.156,-37.659,0,"-라후이-",0.189,-17.178,0,"siesta_aves",-20.75,-47.157,0,"즉석카레",-12.186,-61.52,0,"peperon8655",21.202,-47.195,0,"muyang_",12.111,-64.066,0,"Dοpi",41.915,-97.304,0,"ByeolBam",0.217,-109.791,0,"Penguin_iDOL",-39.416,-87.323,0,0,0,0,0,0,"",0,0,0,0,0,0,0,0,0,0
149,7,0,2,8,0,1,1,0,0,0,255,255,255,14,6324.929,"Roscosmos",L,32,134,-0.366,-0.351,-0.534,1.237,-36.7,0,0,-245.584,153.106,3.17,0,0,1,7,7,R,"아침땅_",160,95,0.5,0,61,0,0,0,0,0,0,0,0,0,0,0,0,0,0,0,0,-0.231,-37.962,0,"-라후이-",0.069,-16.762,0,"siesta_aves",-20.232,-45.444,0,"즉석카레",-11.637,-61.819,0,"peperon8655",21.173,-47.206,0,"muyang_",12.548,-63.247,0,"Dοpi",43.284,-97.563,0,"ByeolBam",2.063,-106.6,0,"Penguin_iDOL",-39.499,-87.566,0,0,0,0,0,0,"",0,0,0,0,0,0,0,0,0,0
150,7,0,2,8,0,2,1,0,0,0,255,255,255,15,6342.299,"Roscosmos",L,32,140,0.371,-0.289,-0.479,1.254,-36.668,0,0,-216.599,193.168,-3.587,0,0,0,7,7,R,"아침땅_",160,95,0.5,0,61,0,0,0,0,0,0,0,0,0,0,0,0,0,0,0,0,-0.264,-37.896,0,"-라후이-",-0.158,-16.441,0,"siesta_aves",-20.158,-45.097,0,"즉석카레",-11.545,-62.015,0,"peperon8655",21.101,-47.074,0,"muyang_",12.408,-61.616,0,"Dοpi",41.888,-97.866,0,"ByeolBam",0.357,-109.509,0,"Penguin_iDOL",-39.417,-87.633,0,0,0,0,0,0,"",0,0,0,0,0,0,0,0,0,0
151,7,0,2,8,0,0,2,0,0,0,255,255,255,16,6364.811,"Roscosmos",L,2,121,2.797,1.95,-0.449,1.512,-36.565,3,0,257.507,-180.3,-8.472,-0.293,-20.293,0,8,6,R,"소솨소솨",174.6,89.748,0.5,0,61,0,0,0,0,0,0,0,0,0,0,0,0,0,0,0,0,-0.467,-37.823,0,"-라후이-",-0.155,-18.989,0,"siesta_aves",-20.25,-45.915,0,"즉석카레",-12.056,-61.328,0,"peperon8655",21.648,-47.311,0,"muyang_",11.609,-61.949,0,"Dοpi",39.972,-97.149,0,"ByeolBam",0.036,-109.176,0,"Penguin_iDOL",-39.59,-87.423,0,0,0,0,0,0,"",0,0,0,0,0,0,0,0,0,6
152,7,0,2,8,0,0,2,1,0,0,15,255,255,17,6439.642,"Roscosmos",L,2,117,1.694,1.724,-0.561,1.389,-36.623,2,0,389.787,-313.155,-21.376,0,0,1,0,5,R,"coder_",164.3,90.42,0.403,3,61,6440.734,159,22,117,74,42,97,150,82,32.797,29.815,-0.19,-0.226,-0.041,0.185,0,-0.198,-37.457,0,"-라후이-",-0.085,-17.105,0,"siesta_aves",-19.74,-44.092,0,"즉석카레",-11.826,-60.168,0,"peperon8655",21.248,-46.858,0,"muyang_",13.459,-60.214,0,"Dοpi",36.988,-94.86,0,"ByeolBam",0.109,-109.13,0,"Penguin_iDOL",-45.48,-85.985,0,6445.855,-29.493,-79.178,6446.213,8,"Penguin_iDOL",-29.428,-79.044,1,0,0,0,0,0,0,2
153,7,0,2,8,0,0,2,1,0,1,14,255,15,18,6544.154,"Roscosmos",L,33,139,-0.009,1.298,-0.539,1.527,-36.593,2,0,-132.399,126.398,-12.197,0,0,1,1,2,R,"Slaris",190,86.36,0.452,3,66,6545.068,178,12,104,52,28,114,146,104,38.117,6.922,-0.16,-0.019,-0.043,0.224,0,0.189,-37.289,0,"-라후이-",-0.107,-16.728,0,"siesta_aves",-18.299,-42.452,0,"즉석카레",-12.357,-60.749,0,"peperon8655",20.74,-46.347,0,"muyang_",13.817,-62.118,0,"Dοpi",41.642,-95.536,0,"ByeolBam",-0.228,-106.532,0,"Penguin_iDOL",-46.179,-89.449,0,6551.101,-14.284,-100.591,6551.251,7,"ByeolBam",-14.003,-99.121,0,0,0,0,0,0,0,1
154,8,1,2,8,0,0,0,0,0,0,255,255,255,67,6603.412,"アリアル",R,3,110,-3.089,0.982,0.675,1.317,-36.737,4,0,-483.123,0,22.98,-3.243,-6.703,1,7,0,R,"Roscosmos",175.1,95.635,0.36,0,61,0,0,0,0,0,0,0,0,0,0,0,0,0,0,0,0,0.472,-37.741,0,"ke ro",-0.596,-16.757,0,"Slaris",-21.526,-49.555,0,"˗ˋˏ 카피 ˎˊ˗",-14.056,-64.701,0,"_이누_",20.421,-52.618,0,"coder_",11.015,-69.928,0,"소솨소솨",38.432,-79.521,0,"아침땅_",-0.668,-103.774,0,"Sabo_10",-37.386,-86.314,0,0,0,0,0,0,"",0,0,0,0,0,0,0,0,0,0
155,8,1,2,8,0,1,0,0,0,0,255,255,255,68,6630.358,"アリアル",R,10,114,2.364,-2.646,0.581,1.287,-36.76,3,0,0,400,-0.742,0.41,-20.048,0,7,0,R,"Roscosmos",175.1,95.635,0.36,0,61,0,0,0,0,0,0,0,0,0,0,0,0,0,0,0,0,0.51,-37.43,0,"ke ro",0.04,-17.736,0,"Slaris",-20.132,-47.423,0,"˗ˋˏ 카피 ˎˊ˗",-14.054,-64.772,0,"_이누_",19.572,-51.058,0,"coder_",11.834,-69.597,0,"소솨소솨",39.733,-79.569,0,"아침땅_",-0.865,-103.48,0,"Sabo_10",-37.367,-86.318,0,0,0,0,0,0,"",0,0,0,0,0,0,0,0,0,6
156,8,1,2,8,0,0,0,1,0,0,0,255,255,69,6669.768,"アリアル",R,0,140,-1.423,0.244,0.556,1.429,-36.844,2,1,0,0,0,0,0,1,8,4,L,"peperon8655",190,105,0.328,3,61,6670.745,114,13,61,47,11,72,126,85,-55.727,-24.634,-0.46,0.011,-0.015,0.058,0,0.634,-37.01,0,"ke ro",-0.151,-17.349,0,"Slaris",-18.257,-47.9,0,"˗ˋˏ 카피 ˎˊ˗",-14.2,-64.637,0,"_이누_",21.908,-50.289,0,"coder_",10.548,-62.963,0,"소솨소솨",42.298,-79.717,0,"아침땅_",-0.261,-104.582,0,"Sabo_10",-36.68,-86.066,0,6671.03,-0.106,-18.518,6673.563,5,"coder_",10.314,-51.753,0,0,0,0,0,0,0,2
157,8,1,2,8,0,0,0,0,1,0,255,0,255,69,7099.274,"アリアル",R,10,110,1.014,-0.514,0.643,1.344,-36.801,2,0,0,400,-4.766,0,0,1,8,4,L,"peperon8655",190,105,0.328,3,41,7100.255,80,16,94,48,24,106,130,130,97.628,78.495,0.53,0.067,-0.076,0.136,0,0.584,-37.327,0,"ke ro",-0.047,-16.863,0,"Slaris",-19.843,-49.17,0,"˗ˋˏ 카피 ˎˊ˗",-15.122,-64.402,0,"_이누_",20.841,-49.565,0,"coder_",12.224,-62.068,0,"소솨소솨",43.835,-80.976,0,"아침땅_",-0.317,-106.062,0,"Sabo_10",-36.89,-84.289,0,0,0,0,0,0,"",0,0,0,0,0,0,0,0,0,3
158,8,1,2,8,1,1,0,0,0,1,255,255,255,70,7234.988,"アリアル",R,0,140,-2.027,1.05,0.531,1.594,-36.874,2,0,0,0,0,0,0,1,8,4,L,"peperon8655",190,105,0.328,3,41,7235.947,59,7,42,9,6,39,26,47,90.139,-89.806,-0.42,-0.011,0.003,0.09,0,0.551,-37.485,0,"ke ro",-0.084,-17.162,0,"Slaris",-17.272,-47.803,0,"˗ˋˏ 카피 ˎˊ˗",-14.592,-64.19,0,"_이누_",20.077,-48.772,0,"coder_",12.787,-64.821,0,"소솨소솨",44.777,-79.378,0,"아침땅_",-0.196,-104.309,0,"Sabo_10",-37.508,-82.781,0,7240.876,-25.823,-18.993,0,0,"",0,0,0,0,0,0,0,0,0,3
159,8,1,2,8,1,2,0,0,0,1,255,255,0,71,7363.524,"アリアル",R,10,110,0.582,-1.809,0.742,1.373,-36.772,2,0,1.933,400,-24.75,0,0,1,8,4,L,"peperon8655",190,105,0.328,3,40,7364.598,34,20,42,66,49,35,35,33,111.8,68.873,0.95,0.08,-0.206,0.009,0,0.598,-37.379,0,"ke ro",-0.04,-17.043,0,"Slaris",-19.929,-49.121,0,"˗ˋˏ 카피 ˎˊ˗",-16.382,-63.594,0,"_이누_",21.122,-49.178,0,"coder_",11.282,-63.224,0,"소솨소솨",46.225,-77.594,0,"아침땅_",0.658,-105.34,0,"Sabo_10",-37.74,-82.982,0,7367.646,14.943,-14.181,0,0,"",0,0,0,0,0,0,0,0,0,3
160,8,1,2,8,1,2,0,0,0,1,255,255,0,72,7386.463,"アリアル",R,6,97,5.14,-0.915,0.764,1.302,-36.792,4,0,440.908,-1.208,28.759,0,0,1,8,4,L,"peperon8655",190,105,0.328,0,40,0,0,0,0,0,0,0,0,0,0,0,0,0,0,0,0,0.518,-37.346,0,"ke ro",0.618,-18.417,0,"Slaris",-20.266,-48.077,0,"˗ˋˏ 카피 ˎˊ˗",-15.192,-63.821,0,"_이누_",19.709,-46.252,0,"coder_",11.923,-63.154,0,"소솨소솨",46.709,-77.372,0,"아침땅_",0.183,-104.671,0,"Sabo_10",-35.22,-84.324,0,0,0,0,0,0,"",0,0,0,256,0,0,0,0,0,0
161,8,1,2,8,0,0,1,0,0,1,255,255,0,73,7412.88,"アリアル",R,8,94,-1.675,-1.052,0.497,1.19,-36.689,1,0,139.303,0,-1.071,0,0,0,0,5,R,"muyang_",172.8,80,0.496,0,60,0,0,0,0,0,0,0,0,0,0,0,0,0,0,0,0,0.422,-37.675,0,"ke ro",0.001,-16.861,0,"Slaris",-19.023,-45.496,0,"˗ˋˏ 카피 ˎˊ˗",-13.848,-63.293,0,"_이누_",18.37,-47.621,0,"coder_",9.6,-61.711,0,"소솨소솨",42.19,-82.699,0,"아침땅_",-0.53,-101.93,0,"Sabo_10",-37.41,-86.481,0,0,0,0,0,0,"",0,0,0,0,0,0,0,0,0,0
162,8,1,2,8,1,0,1,0,0,1,255,255,0,74,7430.379,"アリアル",R,0,140,0.418,-0.557,0.663,1.404,-36.762,0,0,0,0,0,0,0,0,0,5,R,"muyang_",172.8,80,0.496,0,60,0,0,0,0,0,0,0,0,0,0,0,0,0,0,0,0,0.463,-37.56,0,"ke ro",0.056,-16.764,0,"Slaris",-18.855,-45.767,0,"˗ˋˏ 카피 ˎˊ˗",-14.525,-62.571,0,"_이누_",18.952,-45.587,0,"coder_",10.815,-65.266,0,"소솨소솨",42.259,-83.137,0,"아침땅_",-0.745,-101.664,0,"Sabo_10",-36.252,-86.822,0,0,0,0,0,0,"",0,0,0,0,0,0,0,0,0,0
163,8,1,2,8,1,1,1,0,0,1,255,255,0,75,7449.545,"アリアル",R,6,97,1.357,-0.063,0.609,1.343,-36.75,2,0,440.909,0,-1.617,0,0,1,0,5,R,"muyang_",172.8,80,0.496,2,60,7450.779,203,12,89,59,52,181,143,91,-2.925,-39.888,-0.45,-0.02,-0.056,0.038,0,0.617,-37.2,0,"ke ro",0.021,-16.886,0,"Slaris",-18.602,-47.544,0,"˗ˋˏ 카피 ˎˊ˗",-14.924,-63.724,0,"_이누_",16.764,-48.252,0,"coder_",10.843,-64.842,0,"소솨소솨",42.266,-83.136,0,"아침땅_",-0.521,-101.709,0,"Sabo_10",-35.276,-86.52,0,7451.509,7.269,-27.851,7456.226,0,"アリアル",2.287,-45.991,1,0,0,0,0,0,0,2
164,8,1,3,8,0,0,1,1,0,0,5,255,255,76,7508.53,"アリアル",R,6,96,2.134,0.319,0.586,1.24,-36.655,2,0,366.914,0,-0.361,0,0,1,1,1,R,"-라후이-",190,84,0.35,3,60,7509.543,219,18,148,58,62,145,150,112,-30,-6.918,0.11,-0.015,-0.163,0.135,0,0.574,-37.259,0,"ke ro",-0.003,-16.881,0,"Slaris",-18.705,-48.202,0,"˗ˋˏ 카피 ˎˊ˗",-13.444,-64.434,0,"_이누_",20.187,-50.375,0,"coder_",11.327,-68.34,0,"소솨소솨",43.293,-88.389,0,"아침땅_",-0.553,-105.239,0,"Sabo_10",-37.479,-88.1,0,7509.914,0.341,-21.306,7512.097,5,"coder_",5.518,-64.424,0,0,0,0,0,0,0,2
165,8,0,3,8,0,0,0,0,0,0,255,255,255,19,7622.899,"Roscosmos",L,32,134,1.488,-1.215,0.196,1.3,-36.478,1,0,-216.642,-200,-25.778,0,0,0,2,9,L,"encounter v",190,93,0.497,0,51,0,0,0,0,0,0,0,0,0,0,0,0,0,0,0,0,-0.208,-37.664,0,"-라후이-",0.052,-16.582,0,"siesta_aves",-20.405,-47.369,0,"즉석카레",-10.963,-62.86,0,"peperon8655",20.402,-46.831,0,"muyang_",14.393,-61.613,0,"Dοpi",51.187,-92.182,0,"ByeolBam",3.427,-109.163,0,"Penguin_iDOL",-43.277,-94.857,0,0,0,0,0,0,"",0,0,0,0,0,0,0,0,0,0
166,8,0,3,8,1,0,0,0,0,0,255,255,255,20,7639.463,"Roscosmos",L,28,115,-0.139,-0.174,0.003,1.526,-36.601,2,0,-43.515,-89.743,-7.625,0,0,1,2,9,L,"encounter v",190,93,0.497,3,51,7640.576,182,15,142,66,40,156,150,129,28.169,45.609,0.63,0.065,-0.112,0.116,0,-0.056,-37.388,0,"-라후이-",0.286,-16.84,0,"siesta_aves",-20.403,-49.381,0,"즉석카레",-9.901,-64.094,0,"peperon8655",20.32,-46.74,0,"muyang_",15.142,-62.953,0,"Dοpi",50.244,-92.572,0,"ByeolBam",0.589,-109.205,0,"Penguin_iDOL",-43.256,-94.897,0,7645.447,-67.788,-108.796,0,0,"",0,0,0,0,0,0,0,0,0,4
167,8,0,3,9,0,0,0,0,0,0,255,255,255,21,7689.327,"Roscosmos",L,26,129,0.748,0.398,0.121,1.605,-36.658,0,0,-160.813,-200,-13.492,0,0,0,3,8,L,"Sabo_10",184.8,94,0.497,0,60,0,0,0,0,0,0,0,0,0,0,0,0,0,0,0,0,-0.103,-37.373,0,"-라후이-",0.108,-16.982,0,"siesta_aves",-20.328,-49.761,0,"즉석카레",-11.277,-62.838,0,"peperon8655",21.101,-47.416,0,"muyang_",15.442,-62.872,0,"Dοpi",46.903,-94.327,0,"ByeolBam",0.208,-109.079,0,"Penguin_iDOL",-46.059,-90.971,0,0,0,0,0,0,"",0,0,0,0,0,0,0,0,0,0
168,8,0,3,9,0,1,0,0,0,0,255,255,255,22,7707.773,"Roscosmos",L,13,121,1.543,-2.595,0.087,1.196,-36.477,4,0,170.513,400,-26.88,0.269,-21.102,1,3,8,L,"Sabo_10",184.8,94,0.497,0,60,0,0,0,0,0,0,0,0,0,0,0,0,0,0,0,0,-0.17,-37.305,0,"-라후이-",-0.051,-17.103,0,"siesta_aves",-20.417,-48.325,0,"즉석카레",-11.056,-62.941,0,"peperon8655",21.429,-46.205,0,"muyang_",15.644,-62.426,0,"Dοpi",46.921,-94.333,0,"ByeolBam",0.199,-109.087,0,"Penguin_iDOL",-45.795,-91.2,0,0,0,0,0,0,"",0,0,0,0,0,0,0,0,0,0
169,8,0,3,9,0,2,0,0,0,0,255,255,255,23,7725.684,"Roscosmos",L,13,108,0.389,0.798,-0.108,1.886,-36.759,2,0,347.122,353.556,-3.371,0,0,1,3,8,L,"Sabo_10",184.8,94,0.497,2,60,7726.8,189,18,102,79,38,182,150,110,111.316,59.672,0.94,0.075,-0.08,0.248,0,0.214,-37.145,0,"-라후이-",0.325,-16.92,0,"siesta_aves",-19.26,-50.044,0,"즉석카레",-11.105,-62.907,0,"peperon8655",21.342,-46.209,0,"muyang_",16.137,-62.284,0,"Dοpi",48.02,-94.462,0,"ByeolBam",3.115,-110.214,0,"Penguin_iDOL",-45.955,-91.081,0,0,0,0,0,0,"",0,0,0,0,0,0,0,0,0,3
170,8,0,3,9,0,2,0,0,0,0,255,255,255,24,7744.98,"Roscosmos",L,32,128,-0.232,-0.64,0.042,1.415,-36.495,2,0,-200.55,-200,-20.023,0,0,1,3,8,L,"Sabo_10",184.8,94,0.497,2,60,7745.937,152,13,129,58,28,239,150,94,-9.415,-36.595,-0.15,0.114,-0.181,0.265,0,0.037,-37.021,0,"-라후이-",0.199,-16.892,0,"siesta_aves",-19.135,-48.742,0,"즉석카레",-10.905,-62.274,0,"peperon8655",20.967,-45.376,0,"muyang_",16.453,-62.493,0,"Dοpi",48.181,-91.916,0,"ByeolBam",0.091,-109.272,0,"Penguin_iDOL",-43.281,-93.765,0,7746.405,2.814,-23.872,7747.826,4,"peperon8655",16.42,-43.486,0,0,0,0,0,0,0,2
171,8,0,3,9,0,0,1,0,0,0,255,255,255,25,7777.062,"Roscosmos",L,26,140,-1.034,0.306,-0.043,1.598,-36.483,0,0,-189.66,-200,-13.657,0,0,0,4,4,R,"_이누_",190,90.187,0.45,0,60,0,0,0,0,0,0,0,0,0,0,0,0,0,0,0,0,-0.193,-37.566,0,"-라후이-",-0.12,-16.841,0,"siesta_aves",-19.328,-44.885,0,"즉석카레",-11.65,-62.391,0,"peperon8655",21.362,-47.112,0,"muyang_",13.68,-63.517,0,"Dοpi",42.948,-98.997,0,"ByeolBam",-0.422,-109.508,0,"Penguin_iDOL",-37.516,-90.787,0,0,0,0,0,0,"",0,0,0,0,0,0,0,0,0,0
172,8,0,3,9,0,1,1,0,0,0,255,255,255,26,7797.139,"Roscosmos",L,13,121,0.874,-2.529,-0.036,1.636,-36.437,2,0,362.599,344.271,-3.726,0.125,-20.685,1,4,4,R,"_이누_",190,90.187,0.45,3,60,7798.221,255,22,155,67,11,117,150,129,29.667,-47.284,0.48,-0.024,-0.1,0.263,0,0.154,-37.063,0,"-라후이-",0.131,-17.09,0,"siesta_aves",-19.962,-49.129,0,"즉석카레",-11.856,-62.268,0,"peperon8655",21.462,-47.185,0,"muyang_",15.913,-63.408,0,"Dοpi",46.807,-93.551,0,"ByeolBam",-0.015,-110.428,0,"Penguin_iDOL",-38.262,-91.159,0,7803.18,94.951,-80.709,0,0,"",0,0,0,0,0,0,0,0,0,3
173,8,0,3,9,0,2,1,0,0,0,255,255,255,27,7820.564,"Roscosmos",L,13,122,2.204,-2.14,0.117,1.314,-36.505,1,0,256.508,400,-31.532,0.452,-19.531,0,4,4,R,"_이누_",190,90.187,0.45,0,79,0,0,0,0,0,0,0,0,0,0,0,0,0,0,0,0,-0.009,-37.389,0,"-라후이-",0.191,-16.761,0,"siesta_aves",-20.593,-47.452,0,"즉석카레",-10.955,-62.02,0,"peperon8655",21.381,-47.055,0,"muyang_",15.974,-62.222,0,"Dοpi",48.537,-93.427,0,"ByeolBam",0.216,-109.629,0,"Penguin_iDOL",-37.498,-91.412,0,0,0,0,0,0,"",0,0,0,0,0,0,0,0,0,0
174,8,0,3,9,1,2,1,0,0,0,255,255,255,28,7835.804,"Roscosmos",L,32,129,-0.167,-0.265,0.063,1.482,-36.45,0,0,-250,-200,-19.098,0,0,1,4,4,R,"_이누_",190,90.187,0.45,0,79,0,0,0,0,0,0,0,0,0,0,0,0,0,0,0,0,-0.075,-37.465,0,"-라후이-",-0.003,-16.689,0,"siesta_aves",-20.779,-47.461,0,"즉석카레",-11.745,-62.112,0,"peperon8655",21.4,-47.056,0,"muyang_",16.196,-62.21,0,"Dοpi",48.446,-93.289,0,"ByeolBam",0.076,-109.657,0,"Penguin_iDOL",-37.46,-91.362,0,0,0,0,0,0,"",0,0,0,0,0,0,0,0,0,0
175,8,0,3,9,0,0,2,0,0,0,255,255,255,29,7864.006,"Roscosmos",L,38,99,-2.6,1.773,-0.242,1.939,-37.219,1,0,0,0,0,0,0,0,5,1,R,"ke ro",190,89.803,0.447,0,60,0,0,0,0,0,0,0,0,0,0,0,0,0,0,0,0,0.082,-37.296,0,"-라후이-",0.141,-16.759,0,"siesta_aves",-20.015,-47.137,0,"즉석카레",-11.805,-62.382,0,"peperon8655",21.393,-47.045,0,"muyang_",14.795,-64.063,0,"Dοpi",40.372,-96.68,0,"ByeolBam",0.145,-109.679,0,"Penguin_iDOL",-37.392,-91.41,0,0,0,0,0,0,"",0,0,0,0,0,0,0,0,0,0
176,8,0,3,9,1,0,2,0,0,0,255,255,255,30,7933.543,"Roscosmos",L,26,131,1.104,-0.219,0.135,1.481,-36.461,2,0,-109.253,-200,-13.165,0,0,1,5,1,R,"ke ro",190,89.803,0.447,2,60,7934.542,142,16,123,93,43,142,150,98,46.568,0.367,-0.44,-0.049,-0.089,0.103,0,0.125,-37.214,0,"-라후이-",0.24,-16.652,0,"siesta_aves",-17.629,-48.814,0,"즉석카레",-12.183,-61.232,0,"peperon8655",21.024,-46.747,0,"muyang_",14.782,-63.668,0,"Dοpi",41.131,-95.248,0,"ByeolBam",-0.186,-109.688,0,"Penguin_iDOL",-40.955,-86.538,0,7940.842,-0.104,-88.373,7941.017,7,"ByeolBam",-0.099,-87.011,0,0,0,0,0,0,0,1
177,9,1,3,9,0,0,0,0,0,0,255,255,255,77,7988.544,"アリアル",R,0,136,-1.879,1.321,0.636,1.432,-36.779,4,0,0,0,0,0,0,1,2,6,R,"Dοpi",180.2,80,0.3,0,60,0,0,0,0,0,0,0,0,0,0,0,0,0,0,0,0,0.314,-37.212,0,"ke ro",-0.103,-17.203,0,"Slaris",-19.695,-47.355,0,"˗ˋˏ 카피 ˎˊ˗",-15.585,-63.115,0,"_이누_",18.726,-49.548,0,"coder_",11.076,-68.64,0,"소솨소솨",41.491,-88.127,0,"아침땅_",-0.372,-106.844,0,"Sabo_10",-35.207,-85.388,0,0,0,0,0,0,"",0,0,0,0,0,0,0,0,0,0
178,9,1,3,9,0,1,0,0,0,0,255,255,255,78,8006.273,"アリアル",R,0,133,2.752,0.681,0.639,1.396,-36.765,4,0,0,0,0,0.259,-20.952,1,2,6,R,"Dοpi",180.2,80,0.3,0,60,0,0,0,0,0,0,0,0,0,0,0,0,0,0,0,0,0.608,-37.428,0,"ke ro",0.081,-19.719,0,"Slaris",-19.341,-48.088,0,"˗ˋˏ 카피 ˎˊ˗",-15.543,-63.105,0,"_이누_",18.605,-48.231,0,"coder_",11.791,-69.136,0,"소솨소솨",42.065,-86.346,0,"아침땅_",-0.394,-106.62,0,"Sabo_10",-35.07,-85.202,0,0,0,0,0,0,"",0,0,0,0,0,0,0,0,0,0
179,9,1,3,9,0,2,0,0,0,0,255,255,255,79,8023.611,"アリアル",R,1,109,-4.14,-1.122,0.624,1.277,-36.684,1,0,0,0,0.941,-1.152,-16.032,0,2,6,R,"Dοpi",180.2,80,0.3,0,60,0,0,0,0,0,0,0,0,0,0,0,0,0,0,0,0,0.451,-37.45,0,"ke ro",-0.256,-17.653,0,"Slaris",-19.652,-46.554,0,"˗ˋˏ 카피 ˎˊ˗",-15.947,-62.876,0,"_이누_",17.045,-46.299,0,"coder_",11.668,-69.721,0,"소솨소솨",42.072,-86.349,0,"아침땅_",-0.413,-106.62,0,"Sabo_10",-34.593,-84.172,0,0,0,0,0,0,"",0,0,0,0,0,0,0,0,0,0
180,9,1,3,9,1,2,0,0,0,0,255,255,255,80,8038.463,"アリアル",R,0,112,-1.815,-0.863,0.597,1.298,-36.766,1,0,0,0,-1.025,0,0,0,2,6,R,"Dοpi",180.2,80,0.3,0,60,0,0,0,0,0,0,0,0,0,0,0,0,0,0,0,0,0.658,-37.427,0,"ke ro",-0.033,-17.375,0,"Slaris",-20.072,-47.415,0,"˗ˋˏ 카피 ˎˊ˗",-15.954,-62.885,0,"_이누_",19.35,-48.732,0,"coder_",12.504,-69.104,0,"소솨소솨",42.061,-86.357,0,"아침땅_",-0.427,-104.917,0,"Sabo_10",-36.023,-84.62,0,0,0,0,0,0,"",0,0,0,0,0,0,0,0,0,0
181,9,1,3,9,2,2,0,0,0,0,255,255,255,81,8054.026,"アリアル",R,0,135,-0.885,1.198,0.575,1.492,-36.734,1,0,0,0,0,0,0,0,2,6,R,"Dοpi",180.2,80,0.3,0,60,0,0,0,0,0,0,0,0,0,0,0,0,0,0,0,0,0.572,-37.462,0,"ke ro",0.161,-16.684,0,"Slaris",-19.642,-46.477,0,"˗ˋˏ 카피 ˎˊ˗",-15.973,-62.878,0,"_이누_",20.393,-50.887,0,"coder_",12.641,-68.572,0,"소솨소솨",44.355,-86.014,0,"아침땅_",-0.395,-105.326,0,"Sabo_10",-36.355,-85.739,0,0,0,0,0,0,"",0,0,0,0,0,0,0,0,0,0
182,9,1,3,9,3,2,0,0,0,0,255,255,255,82,8068.822,"アリアル",R,0,140,1.263,-0.229,0.654,1.465,-36.753,2,0,0,0,0,0,0,1,2,6,R,"Dοpi",180.2,80,0.3,2,60,8069.863,211,8,86,44,40,180,140,91,29.172,-28.858,-0.46,-0.032,-0.021,0.1,0,0.696,-37.186,0,"ke ro",0.066,-16.727,0,"Slaris",-19.008,-48.141,0,"˗ˋˏ 카피 ˎˊ˗",-16.42,-63.251,0,"_이누_",20.115,-50.815,0,"coder_",13.384,-66.025,0,"소솨소솨",44.367,-85.999,0,"아침땅_",-0.393,-105.358,0,"Sabo_10",-38.672,-85.676,0,8075.072,41.492,-85.527,8080.597,6,"소솨소솨",56.585,-102.52,1,0,0,0,0,0,0,2
183,9,1,3,9,0,0,0,0,1,0,255,6,255,83,8111.425,"アリアル",R,0,136,0.892,0.529,0.598,1.448,-36.696,0,0,0,0,0,0,0,0,3,7,R,"ByeolBam",174.5,90,0.5,0,60,0,0,0,0,0,0,0,0,0,0,0,0,0,0,0,0,0.466,-37.594,0,"ke ro",0.036,-17.097,0,"Slaris",-18.919,-46.901,0,"˗ˋˏ 카피 ˎˊ˗",-14.799,-64.221,0,"_이누_",20.162,-49.434,0,"coder_",11.477,-63.975,0,"소솨소솨",44.264,-88.051,0,"아침땅_",-0.395,-100.919,0,"Sabo_10",-31.879,-85.197,0,0,0,0,0,0,"",0,0,0,0,0,0,0,0,0,0
184,9,1,3,9,0,1,0,0,1,0,255,6,255,84,8127.903,"アリアル",R,0,140,-0.444,-1.32,0.668,1.409,-36.835,2,0,0,0,0,0,0,1,3,7,R,"ByeolBam",174.5,90,0.5,3,60,8128.817,195,10,99,60,37,122,149,126,-8.024,10.824,0.33,-0.004,-0.122,0.086,0,0.696,-37.285,0,"ke ro",-0.028,-17.186,0,"Slaris",-19.728,-49.65,0,"˗ˋˏ 카피 ˎˊ˗",-15.835,-63.737,0,"_이누_",18.598,-48.396,0,"coder_",12.547,-65.016,0,"소솨소솨",42.35,-87.308,0,"아침땅_",-0.632,-102.182,0,"Sabo_10",-33.119,-87.487,0,8129.25,-0.651,-22.786,8139.118,7,"아침땅_",-0.13,-126.965,1,0,0,0,0,0,0,2
185,9,1,4,9,0,0,0,0,0,1,255,255,7,85,8246.57,"アリアル",R,3,124,-4.165,-0.881,0.627,1.417,-36.924,4,0,-500,0,11.732,0,0,1,4,8,R,"Penguin_iDOL",180.3,80,0.395,0,59,0,0,0,0,0,0,0,0,0,0,0,0,0,0,0,0,0.723,-37.826,0,"ke ro",-0.463,-17.534,0,"Slaris",-19.979,-47.755,0,"˗ˋˏ 카피 ˎˊ˗",-12.844,-65.087,0,"_이누_",17.804,-44.538,0,"coder_",10.56,-64.006,0,"소솨소솨",37.889,-86.748,0,"아침땅_",-0.643,-102.164,0,"Sabo_10",-34.919,-81.532,0,0,0,0,0,0,"",0,0,0,0,0,0,0,0,0,0
186,9,1,4,9,0,1,0,0,0,1,255,255,7,86,8263.965,"アリアル",R,10,98,-1.799,-2.168,0.457,1.27,-36.862,4,0,0,400,-20.788,0,0,1,4,8,R,"Penguin_iDOL",180.3,80,0.395,0,59,0,0,0,0,0,0,0,0,0,0,0,0,0,0,0,0,0.431,-37.519,0,"ke ro",-0.103,-17.675,0,"Slaris",-19.904,-48.482,0,"˗ˋˏ 카피 ˎˊ˗",-13.008,-65.1,0,"_이누_",18.332,-46.834,0,"coder_",9.996,-64.188,0,"소솨소솨",38.757,-86.132,0,"아침땅_",-0.344,-102.36,0,"Sabo_10",-36.312,-83.005,0,0,0,0,0,0,"",0,0,0,0,0,0,0,0,0,0
187,9,1,4,9,0,2,0,0,0,1,255,255,7,87,8282.816,"アリアル",R,0,133,0.349,0.609,0.69,1.524,-36.78,0,0,0,0,0,0,0,1,4,8,R,"Penguin_iDOL",180.3,80,0.395,0,59,0,0,0,0,0,0,0,0,0,0,0,0,0,0,0,0,0.448,-37.531,0,"ke ro",0.119,-17.143,0,"Slaris",-19.096,-48.461,0,"˗ˋˏ 카피 ˎˊ˗",-13.372,-64.78,0,"_이누_",18.319,-47.364,0,"coder_",10.56,-64.437,0,"소솨소솨",39.371,-85.747,0,"아침땅_",-0.33,-102.345,0,"Sabo_10",-36.451,-86.184,0,0,0,0,0,0,"",0,0,0,0,0,0,0,0,0,0
188,9,1,4,9,0,0,1,0,0,1,255,255,7,88,8314.45,"アリアル",R,10,120,2.631,-0.824,0.6,1.494,-36.961,4,0,0,400,-12.298,0,0,1,5,2,R,"siesta_aves",190,96.913,0.4,0,59,0,0,0,0,0,0,0,0,0,0,0,0,0,0,0,0,0.547,-37.521,0,"ke ro",0.041,-17.101,0,"Slaris",-19.165,-48.025,0,"˗ˋˏ 카피 ˎˊ˗",-14.712,-64.469,0,"_이누_",19.736,-46.717,0,"coder_",10.006,-64.335,0,"소솨소솨",39.38,-85.733,0,"아침땅_",-0.468,-104.856,0,"Sabo_10",-36.025,-85.179,0,0,0,0,0,0,"",0,0,0,0,0,0,0,0,0,0
189,9,1,4,9,0,1,1,0,0,1,255,255,7,89,8332.059,"アリアル",R,10,100,-1.801,-2.529,0.484,1.315,-36.908,1,0,0,400,-21.392,-0.344,-20.191,0,5,2,R,"siesta_aves",190,96.913,0.4,0,59,0,0,0,0,0,0,0,0,0,0,0,0,0,0,0,0,0.457,-37.503,0,"ke ro",-0.06,-17.386,0,"Slaris",-19.032,-48.841,0,"˗ˋˏ 카피 ˎˊ˗",-14.703,-64.474,0,"_이누_",19.566,-44.475,0,"coder_",10.144,-63.903,0,"소솨소솨",39.617,-85.513,0,"아침땅_",-0.412,-104.894,0,"Sabo_10",-35.339,-85.15,0,0,0,0,0,0,"",0,0,0,0,0,0,0,0,0,0
190,9,1,4,9,1,1,1,0,0,1,255,255,7,90,8347.725,"アリアル",R,0,139,-0.185,0.479,0.65,1.412,-36.727,0,0,0,0,0,0,0,1,5,2,R,"siesta_aves",190,96.913,0.4,3,59,8348.846,108,17,109,55,24,131,140,105,103.418,-72.926,0.95,0.024,-0.007,0.038,0,0.595,-37.319,0,"ke ro",0.019,-17.036,0,"Slaris",-19.177,-49.335,0,"˗ˋˏ 카피 ˎˊ˗",-14.637,-64.345,0,"_이누_",17.48,-45.836,0,"coder_",12.349,-65.093,0,"소솨소솨",39.575,-85.54,0,"아침땅_",-0.43,-105.016,0,"Sabo_10",-37.216,-85.458,0,0,0,0,8349.454,1,"ke ro",-0.121,-18.355,0,0,0,0,0,0,0,3
191,9,1,4,9,1,2,1,0,0,1,255,255,7,91,8367.709,"アリアル",R,0,140,1.768,-1.036,0.693,1.316,-36.776,1,0,0,0,0,0,0,0,5,2,R,"siesta_aves",190,96.913,0.4,0,59,0,0,0,0,0,0,0,0,0,0,0,0,0,0,0,0,0.456,-37.579,0,"ke ro",0.096,-16.863,0,"Slaris",-19.132,-46.995,0,"˗ˋˏ 카피 ˎˊ˗",-14.675,-62.625,0,"_이누_",19.196,-42.775,0,"coder_",12.128,-64.704,0,"소솨소솨",40.007,-85.08,0,"아침땅_",-0.449,-104.655,0,"Sabo_10",-37.215,-86.079,0,0,0,0,0,0,"",0,0,0,0,0,0,0,0,0,0
192,9,1,4,9,2,2,1,0,0,1,255,255,7,92,8384.322,"アリアル",R,0,140,2.496,-0.54,0.799,1.459,-36.802,2,0,0,0,0,0,0,1,5,2,R,"siesta_aves",190,96.913,0.4,3,59,8385.422,126,10,85,44,21,99,138,120,3.288,44.825,0.19,0.032,-0.088,0.047,0,0.724,-37.127,0,"ke ro",0.112,-16.894,0,"Slaris",-19.174,-48.624,0,"˗ˋˏ 카피 ˎˊ˗",-15.259,-63.439,0,"_이누_",17.511,-45.673,0,"coder_",11.435,-65.008,0,"소솨소솨",40.02,-85.088,0,"아침땅_",-0.43,-104.696,0,"Sabo_10",-37.2,-86.128,0,8386.821,-24.318,-39.922,0,0,"",0,0,0,0,0,0,0,0,0,3
193,9,1,4,9,2,2,1,0,0,1,255,255,7,93,8403.881,"アリアル",R,13,118,-2.098,-1.311,0.535,1.361,-36.936,2,0,-397.79,302.924,4.738,0,0,1,5,2,R,"siesta_aves",190,96.913,0.4,3,59,8405.095,2,21,70,80,46,69,12,37,-23.727,38.116,0.93,-0.031,-0.035,0,0,0.638,-37.264,0,"ke ro",-0.728,-16.849,0,"Slaris",-20.118,-47.947,0,"˗ˋˏ 카피 ˎˊ˗",-13.973,-64.418,0,"_이누_",17.992,-46.015,0,"coder_",12.532,-64.748,0,"소솨소솨",39.983,-84.089,0,"아침땅_",-0.518,-105.379,0,"Sabo_10",-39.942,-84.686,0,8405.505,-0.885,-18.192,8405.692,1,"ke ro",-0.628,-17.952,0,0,0,0,0,0,0,2
194,9,1,4,9,2,2,1,0,0,1,255,255,7,94,8424.896,"アリアル",R,10,101,-2.189,-2.449,0.527,1.32,-36.826,2,0,0,400,-44.608,-0.415,-20.245,1,5,2,R,"siesta_aves",190,96.913,0.4,3,59,8426.129,46,16,110,93,52,117,83,66,-30,11.886,0.97,-0.082,-0.131,0.114,0,0.568,-37.403,0,"ke ro",-0.132,-16.946,0,"Slaris",-20.211,-48.029,0,"˗ˋˏ 카피 ˎˊ˗",-14.877,-63.686,0,"_이누_",16.538,-44.996,0,"coder_",12.198,-64.822,0,"소솨소솨",40.435,-83.475,0,"아침땅_",-0.842,-105.371,0,"Sabo_10",-38.55,-82.642,0,8427.742,-3.14,-35.153,8430.279,3,"˗ˋˏ 카피 ˎˊ˗",-5.733,-52.789,0,0,0,0,0,0,0,2
195,9,1,5,9,1,0,2,0,0,0,255,255,255,95,8476.898,"アリアル",R,6,99,0.492,-0.32,0.535,1.349,-36.735,0,0,450,0,-1.949,0,0,0,6,3,R,"즉석카레",169.8,94.566,0.397,0,40,0,0,0,0,0,0,0,0,0,0,0,0,0,0,0,0,0.494,-37.456,0,"ke ro",0.049,-16.981,0,"Slaris",-19.688,-48.545,0,"˗ˋˏ 카피 ˎˊ˗",-13.544,-64.357,0,"_이누_",18.259,-49.166,0,"coder_",10.981,-65.295,0,"소솨소솨",41.033,-85.424,0,"아침땅_",-0.571,-98.837,0,"Sabo_10",-35.714,-82.986,0,0,0,0,0,0,"",0,0,0,0,0,0,0,0,0,0
196,9,1,5,9,1,1,2,0,0,0,255,255,255,96,8491.06,"アリアル",R,3,125,-1.58,-0.692,0.608,1.358,-36.908,4,0,-500,0,8.889,-1.033,-17.108,1,6,3,R,"즉석카레",169.8,94.566,0.397,0,40,0,0,0,0,0,0,0,0,0,0,0,0,0,0,0,0,0.436,-37.546,0,"ke ro",-0.108,-16.883,0,"Slaris",-20.166,-48.465,0,"˗ˋˏ 카피 ˎˊ˗",-13.895,-64.238,0,"_이누_",18.733,-46.624,0,"coder_",10.668,-64.805,0,"소솨소솨",41.046,-85.452,0,"아침땅_",-0.525,-98.608,0,"Sabo_10",-36.53,-83.842,0,0,0,0,0,0,"",0,0,0,0,0,0,0,0,0,0
197,9,1,5,9,1,2,2,0,0,0,255,255,255,97,8506.003,"アリアル",R,0,140,0.523,-0.093,0.582,1.344,-36.651,2,0,0,400,-51.341,0,0,1,6,3,R,"-라후이-",190,84,0.35,3,40,8597.149,128,14,62,53,35,66,132,91,-5.367,8.891,-0.4,-0.015,-0.049,0.105,0,0.567,-37.268,0,"ke ro",-0.02,-16.895,0,"Slaris",-19.951,-49.135,0,"˗ˋˏ 카피 ˎˊ˗",-14.304,-64.241,0,"_이누_",18.91,-49.062,0,"coder_",11.606,-65.566,0,"소솨소솨",40.933,-83.937,0,"아침땅_",-0.708,-98.616,0,"Sabo_10",-37.503,-83.916,0,8597.834,-1.126,-27.13,8509.588,3,"˗ˋˏ 카피 ˎˊ˗",-5.386,-63.257,0,0,0,0,0,0,0,2
