id,inn,half,scoreA,scoreB,ball,strk,out,b1,b2,b3,b1Idx,b2Idx,b3Idx,pCnt,pSec,pName,pHand,pType,spdK,zoneX,zoneY,call,sH,sV,plx,plz,bSwing,bIdx,bPos,bZone,bName,bHCm,batLen,batCen,batType,bFps,hSec,rotS,shS,lgS,batSpd,ev,ldeg,sdeg,hPos,hMoveX,hMoveY,stayCon,hitSpnX,hitSpnY,hitSpnZ,PPosX,PPosY,CPosX,CPosY,1BPosX,1BPosY,2BPosX,2BPosY,3BPosX,3BPosY,SSPosX,SSPosY,LFPosX,LFPosY,CFPosX,CFPosY,RFPosX,RFPosY,ltSec,lx,lz,cSec,cPos,cPlr,cx,cz,1BSafe,tag,cpSec,sb2Sec,sb3Sec,sbhSec,ass,result
1,1,1,0,0,0,0,0,0,0,0,255,255,255,0,1992.876,"-Alta-",L,0,136,1.182,0.753,0,-82.723,-142.122,0,0,1,0,5,R,"coder_",164.7,107,0.268,0,59,0,0,0,0,0,0,0,0,0,0,0,0,0,0,0,0.263,-37.618,0.063,-16.552,-23.147,-47.067,-11.612,-59.436,17.935,-43.376,10.444,-63.448,37.902,-88.527,-0.416,-116.48,-41.926,-87.157,0,0,0,0,0,"",0,0,0,0,0,0,0,0,0,0
2,1,1,0,0,0,1,0,0,0,0,255,255,255,1,2012.653,"-Alta-",L,5,137,0.333,0.446,0,69.117,0,0,0,0,0,5,R,"coder_",164.7,107,0.268,0,59,0,0,0,0,0,0,0,0,0,0,0,0,0,0,0,0.394,-36.614,0.054,-16.533,-23.234,-47.124,-10.865,-60.162,17.353,-43.83,9.611,-64.396,37.944,-88.736,-0.395,-116.577,-42.781,-87.612,0,0,0,0,0,"",0,0,0,0,0,0,0,0,0,0
3,1,1,0,0,0,2,0,0,0,0,255,255,255,2,2028.189,"-Alta-",L,4,133,0.976,0.889,0,210.497,0,0,0,0,0,5,R,"coder_",164.7,107,0.268,0,59,0,0,0,0,0,0,0,0,0,0,0,0,0,0,0,0.313,-36.905,0.074,-16.485,-23.271,-47.356,-10.849,-60.834,17.812,-43.418,10.679,-62.013,37.898,-88.877,-0.635,-117.088,-42.345,-88.215,0,0,0,0,0,"",0,0,0,0,0,0,0,0,0,0
4,1,1,0,0,0,0,1,0,0,0,255,255,255,3,2056.594,"-Alta-",L,3,128,1.572,-0.016,4,404.451,0,0,0,1,1,9,L,"encounter v",190,100,0.447,0,59,0,0,0,0,0,0,0,0,0,0,0,0,0,0,0,0.25,-36.79,0.18,-16.675,-23.222,-47.969,-9.63,-63.162,17.365,-43.972,12.092,-63.966,39.012,-82.243,0.501,-117.375,-40.835,-97.002,0,0,0,0,0,"",0,0,0,0,0,0,0,0,0,0
5,1,1,0,0,0,1,1,0,0,0,255,255,255,4,2071.017,"-Alta-",L,13,126,4.657,-1.822,4,417.71,274.806,1.001,-18.47,1,1,9,L,"encounter v",190,100,0.447,0,59,0,0,0,0,0,0,0,0,0,0,0,0,0,0,0,0.379,-36.962,0.108,-16.558,-23.032,-47.953,-9.545,-63.189,17.413,-43.985,10.728,-62.77,39.953,-83.942,0.494,-117.385,-41.226,-97.032,0,0,0,0,0,"",0,0,0,0,0,0,0,0,0,0
6,1,1,0,0,0,2,1,0,0,0,255,255,255,5,2087.511,"-Alta-",L,0,135,-3.789,0.341,2,-82.45,-200,0,0,1,1,9,L,"encounter v",190,100,0.447,3,48,2088.548,206,180,20,155,98,98.176,-61.953,-0.31,0.123,-0.114,0.59,0,0,0,0.292,-36.737,0.02,-16.656,-22.245,-46.803,-9.34,-63.649,16.611,-44.345,13.498,-63.976,33.639,-87.588,0.401,-116.89,-41.88,-97.001,2095.486,-24.701,1.201,0,0,"",0,0,0,0,0,0,0,0,0,0
7,1,1,0,0,0,2,1,0,0,0,255,255,255,6,2109.392,"-Alta-",L,3,128,1.376,-0.044,0,414.068,0,0,0,1,1,9,L,"encounter v",190,100,0.447,0,48,0,0,0,0,0,0,0,0,0,0,0,0,0,0,0,0.334,-36.936,0.019,-16.465,-23.053,-47.265,-9.733,-63.697,17.572,-44.306,13.693,-62.405,40.167,-80.374,0.472,-115.753,-41.83,-92.429,0,0,0,0,0,"",0,0,0,0,0,0,0,0,0,0
8,1,1,0,0,0,0,2,0,0,0,255,255,255,7,2130.56,"-Alta-",L,0,139,-0.45,0.722,2,-73.984,-141.342,0,0,1,2,1,L,"눈꽃",190,104.886,0.496,3,59,2131.425,230,120,25,153,96,-48.411,35.939,-0.45,-0.015,0.02,0.056,0,0,0,0.084,-36.63,0.017,-16.514,-22.376,-46.887,-9.691,-63.639,17.54,-44.676,14.548,-63.826,41.695,-88.296,-0.29,-115.997,-43.188,-91.136,2131.586,-0.855,-20.875,2133.686,2,"P0TA0",-18.041,-44.468,0,0,0,0,0,0,0,2
9,1,0,0,0,0,0,0,0,0,0,255,255,255,0,2357.95,"Slaris",R,0,140,-1.496,-0.318,1,-40.617,-200,0,0,0,0,6,R,"甲斐野柊太",190,86,0.2,0,59,0,0,0,0,0,0,0,0,0,0,0,0,0,0,0,-0.406,-38.109,-0.072,-16.886,-20.73,-44.821,-14.115,-62.763,17.985,-48.337,11.036,-65.884,30.079,-85.555,-0.691,-104.563,-39.063,-86.159,0,0,0,0,0,"",0,0,0,0,0,0,0,0,0,0
10,1,0,0,0,1,0,0,0,0,0,255,255,255,1,2370.987,"Slaris",R,0,138,0.207,0.399,2,3.032,-182.111,0,0,1,0,6,R,"甲斐野柊太",190,86,0.2,2,36,2372.074,147,138,79,149,92,99.261,-77.065,-0.45,0.146,-0.118,0.33,0,0,0,-0.076,-36.73,0.043,-17.007,-23.168,-48.137,-14.83,-63.725,19.154,-50.37,11.45,-65.975,30.01,-85.601,-0.55,-104.501,-39.373,-87.16,0,0,0,0,0,"",0,0,0,0,0,0,0,0,0,0
11,1,0,0,0,1,1,0,0,0,0,255,255,255,2,2389.355,"Slaris",R,0,137,0.194,0.807,2,-41.585,-200,0,0,1,0,6,R,"甲斐野柊太",190,86,0.2,2,36,2390.482,184,134,51,155,97,28.287,19.37,-0.43,0.127,-0.042,0.4,0,0,0,-0.208,-36.642,0.074,-16.993,-23.493,-48.29,-14.834,-63.697,19.513,-49.969,11.637,-65.991,31.293,-85.587,-4.893,-107.992,-41.214,-85.747,0,0,0,2390.919,1,"눈꽃",0.053,-18.228,0,0,0,0,0,0,0,3
12,1,0,0,0,1,2,0,0,0,0,255,255,255,3,2412.518,"Slaris",R,0,139,0.17,1.414,2,-34.891,-194.532,0,0,1,0,6,R,"甲斐野柊太",190,86,0.2,2,36,2413.597,94,107,63,134,130,57.295,16.462,0.5,0.069,-0.062,0.236,0,0,0,-0.071,-36.666,0.084,-16.969,-23.847,-48.687,-14.816,-63.903,19.179,-48.885,10.956,-66.097,31.451,-85.872,-5.918,-106.955,-39.448,-86.34,2421.419,-23.56,-106.961,2421.486,7,"ke ro",-23.257,-105.833,0,0,0,0,0,0,0,1
13,1,0,0,0,0,0,1,0,0,0,255,255,255,4,2451.907,"Slaris",R,0,140,-0.16,1.205,1,-10.449,-187.125,0,0,0,1,5,L,"shimenawa",174.9,100,0.2,0,59,0,0,0,0,0,0,0,0,0,0,0,0,0,0,0,-0.063,-37.093,-0.026,-16.928,-22.757,-47.357,-8.953,-66.697,21.403,-48.97,13.302,-65.325,35.622,-83.966,-0.3,-108.069,-39.8,-86.236,0,0,0,0,0,"",0,0,0,0,0,0,0,0,0,0
14,1,0,0,0,1,0,1,0,0,0,255,255,255,5,2507.251,"Slaris",R,0,140,-0.592,0.288,2,61.605,-159.046,0,0,1,1,5,L,"shimenawa",174.9,100,0.2,3,59,2508.311,158,98,29,144,85,62.228,-51.814,-0.47,-0.117,-0.088,0.434,0,0,0,-0.184,-36.698,-0.134,-16.977,-22.761,-48.208,-9.053,-66.609,20.326,-48.922,12.978,-65.124,35.825,-84.618,0.204,-116.147,-38.131,-86.775,2513.669,45.291,-54.543,0,0,"",0,0,0,0,0,0,0,0,0,3
15,1,0,0,0,1,1,1,0,0,0,255,255,255,6,2534.558,"Slaris",R,0,140,-0.338,0.61,2,41.749,-128.81,0,0,1,1,5,L,"shimenawa",174.9,100,0.2,3,59,2535.664,140,75,20,134,82,35.185,-24.235,-0.04,-0.074,-0.075,0.381,0,0,0,-0.107,-36.504,-0.171,-16.959,-22.781,-47.125,-8.237,-66.818,20.471,-48.76,13.523,-67.02,37.54,-81.33,0.45,-113.339,-34.705,-88.203,0,0,0,2540.569,5,"coder_",30.591,-73.097,0,0,0,0,0,0,0,1
16,1,0,0,0,0,0,2,0,0,0,255,255,255,7,2568.058,"Slaris",R,0,140,1.036,-0.613,2,-11.656,-200,0,0,1,2,3,R,"D_arling",165,100.283,0.402,3,59,2568.768,180,72,0,131,118,57.5,61.698,0.35,-0.093,-0.078,0.056,0,0,0,-0.377,-37.02,0.151,-17.07,-23.71,-48.352,-14.409,-63.88,17.922,-49.975,10.421,-66.386,31.764,-85.772,-4.111,-108.949,-37.998,-90.752,2574.603,-92.158,-56.486,0,0,"",0,0,0,0,0,0,0,0,0,0
17,1,0,0,0,0,1,2,0,0,0,255,255,255,8,2590.231,"Slaris",R,0,140,0.339,0.86,2,16.434,-187.832,0,0,1,2,3,R,"D_arling",165,100.283,0.402,3,44,2591.057,161,144,44,152,121,30.562,40.639,0.24,-0.023,-0.055,0.479,0,0,0,-0.221,-36.694,0.093,-17.017,-23.963,-49.268,-14.483,-63.945,17.823,-48.59,9.209,-66.602,31.895,-86.918,-7.185,-111.509,-43.077,-89.899,2596.253,-73.227,-98.498,0,0,"",0,0,0,0,0,0,0,0,0,4
18,1,0,0,1,0,0,2,0,0,0,255,255,255,9,2633.253,"Slaris",R,0,140,0.464,0.026,0,-18.998,-200,0,0,0,3,1,R,"白霜らいふ",190,86,0.697,0,59,0,0,0,0,0,0,0,0,0,0,0,0,0,0,0,0.211,-37.336,-0.147,-17.029,-25.186,-49.777,-14.602,-64.04,19.409,-51.991,11.077,-66.229,32.03,-86.08,-2.973,-102.199,-41.557,-84.525,0,0,0,0,0,"",0,0,0,0,0,0,0,0,0,0
19,1,0,0,1,0,1,2,0,0,0,255,255,255,10,2651.009,"Slaris",R,0,140,1.18,-0.494,2,-0.286,-200,0,0,1,3,1,R,"白霜らいふ",190,86,0.697,2,59,2652.07,176,163,119,155,96,-31.015,22.049,-0.5,-0.08,-0.149,0.229,0,0,0,-0.187,-36.717,0.134,-17.005,-25.226,-49.745,-14.549,-63.949,20.073,-51.226,11.108,-66.183,31.306,-89.347,-1.951,-102.538,-42.197,-85.897,2652.186,-0.281,-21.392,2654.619,4,"_이누_",-15.642,-59.355,1,0,0,0,0,0,0,2
20,1,0,0,1,0,0,2,1,0,0,10,255,255,11,2692.169,"Slaris",R,13,120,-2.844,-1.813,4,-353.547,353.56,-0.838,-17.405,1,4,2,R,"P0TA0",190,100,0.394,0,26,0,0,0,0,0,0,0,0,0,0,0,0,0,0,0,0.074,-37.313,-0.832,-17.233,-21.464,-43.893,-14.553,-63.699,19.694,-50.749,5.272,-63.4,30.874,-86.185,3.69,-102.015,-44.399,-86.285,0,0,0,0,0,"",0,0,0,0,0,0,0,0,0,0
21,1,0,0,1,0,1,2,1,0,0,10,255,255,12,2709.144,"Slaris",R,13,120,-3.833,-2.243,1,-170.516,328.862,0,0,0,4,2,R,"P0TA0",190,100,0.394,0,26,0,0,0,0,0,0,0,0,0,0,0,0,0,0,0,0.026,-37.527,-0.57,-17.013,-21.536,-43.772,-14.564,-63.782,19.112,-51.16,4.846,-63.065,30.882,-86.183,3.554,-102.01,-42.702,-86.01,0,0,0,0,0,"",0,0,0,0,0,0,0,0,0,0
22,1,0,0,1,1,1,2,1,0,0,10,255,255,13,2724.823,"Slaris",R,3,115,0.629,-1.141,4,-434.058,248.18,0,0,1,4,2,R,"P0TA0",190,100,0.394,0,26,0,0,0,0,0,0,0,0,0,0,0,0,0,0,0,-0.014,-37.608,-0.134,-17.675,-21.474,-43.607,-14.524,-63.767,19.248,-50.551,5.365,-63.546,30.885,-86.176,3.625,-102.485,-43.483,-86.958,0,0,0,0,0,"",0,0,0,0,0,0,0,0,0,0
23,1,0,0,1,1,2,2,1,0,0,10,255,255,14,2742.896,"Slaris",R,0,138,0.776,0.904,0,7.029,-200,0,0,0,4,2,R,"P0TA0",190,100,0.394,0,26,0,0,0,0,0,0,0,0,0,0,0,0,0,0,0,-0.056,-36.943,0.062,-16.939,-21.839,-43.677,-14.302,-63.9,21.114,-51.644,8.762,-66.052,30.873,-86.198,3.741,-104.239,-42.896,-87.002,0,0,0,0,0,"",0,0,0,0,0,0,0,0,0,0
24,2,1,0,1,0,0,0,0,0,0,255,255,255,8,2808.018,"-Alta-",L,4,128,4.458,-0.237,1,161.711,0,0,0,0,3,8,L,"Sabo_10",184.7,94,0.597,0,59,0,0,0,0,0,0,0,0,0,0,0,0,0,0,0,0.202,-36.79,0.44,-16.732,-23.087,-47.691,-9.115,-64.441,17.776,-44.811,13.691,-62.934,34.166,-85.817,0.455,-116.26,-37.868,-89.168,0,0,0,0,0,"",0,0,0,0,0,0,0,0,0,0
25,2,1,0,1,1,0,0,0,0,0,255,255,255,9,2824.109,"-Alta-",L,0,133,0.456,0.256,0,-34.862,-189.099,0,0,1,3,8,L,"Sabo_10",184.7,94,0.597,0,59,0,0,0,0,0,0,0,0,0,0,0,0,0,0,0,0.439,-36.603,0.063,-16.46,-23.159,-47.781,-9.089,-64.432,17.732,-44.81,11.38,-62.344,34.124,-85.649,0.359,-116.18,-42.01,-97.681,0,0,0,0,0,"",0,0,0,0,0,0,0,0,0,0
26,2,1,0,1,1,1,0,0,0,0,255,255,255,10,2840.929,"-Alta-",L,13,126,3.17,-2.1,1,390.434,312.348,0,0,0,3,8,L,"Sabo_10",184.7,94,0.597,0,59,0,0,0,0,0,0,0,0,0,0,0,0,0,0,0,0.589,-36.885,0.184,-16.591,-23.155,-47.713,-9.025,-64.416,17.715,-44.817,12.342,-61.88,34.044,-85.651,0.307,-116.254,-39.597,-92.756,0,0,0,0,0,"",0,0,0,0,0,0,0,0,0,0
27,2,1,0,1,2,1,0,0,0,0,255,255,255,11,2858.88,"-Alta-",L,3,126,-0.722,0.768,0,387.768,0,0,0,1,3,8,L,"Sabo_10",184.7,94,0.597,0,59,0,0,0,0,0,0,0,0,0,0,0,0,0,0,0,0.367,-36.907,0.035,-16.494,-23.216,-47.799,-9.086,-64.36,17.723,-44.844,11.209,-62.405,34.157,-85.627,0.236,-116.979,-41.969,-93.719,0,0,0,0,0,"",0,0,0,0,0,0,0,0,0,0
28,2,1,0,1,2,2,0,0,0,0,255,255,255,12,2875.612,"-Alta-",L,3,121,0.747,-0.71,0,413.098,0,0,0,1,3,8,L,"Sabo_10",184.7,94,0.597,0,59,0,0,0,0,0,0,0,0,0,0,0,0,0,0,0,0.181,-36.641,0.168,-16.578,-23.223,-47.415,-8.75,-64.638,18.21,-44.425,12.062,-63.279,34.048,-85.523,0.677,-116.694,-43.966,-93.653,0,0,0,0,0,"",0,0,0,0,0,0,0,0,0,0
29,2,1,0,1,0,0,1,0,0,0,255,255,255,13,2909.519,"-Alta-",L,10,128,1.321,-1.905,2,1.648,400,0,0,1,4,4,R,"_이누_",190,90.187,0.5,2,59,2910.257,145,122,6,144,54,-86.715,-77.069,0.61,-0.064,-0.117,0.417,0,0,0,0.599,-36.802,-0.032,-16.529,-22.916,-47.317,-10.549,-63.43,18.093,-44.85,14.344,-63.643,32.356,-83.007,0.56,-116.613,-45.456,-89.33,2910.353,0.238,-19.932,2912.386,1,"白霜らいふ",0.255,-20.679,0,0,0,0,0,0,0,2
30,2,1,0,1,0,1,1,0,0,0,255,255,255,14,2932.948,"-Alta-",L,0,136,1.562,0.321,4,-108.625,-160.352,0,0,1,4,4,R,"_이누_",190,90.187,0.5,0,76,0,0,0,0,0,0,0,0,0,0,0,0,0,0,0,0.248,-36.914,0.107,-16.529,-22.57,-46.193,-9.414,-62.736,16.093,-43.728,11.069,-63.415,35.409,-85.65,-1.586,-114.47,-38.018,-83.33,0,0,0,0,0,"",0,0,0,0,0,0,0,0,0,0
31,2,1,0,1,0,2,1,0,0,0,255,255,255,15,2949.436,"-Alta-",L,6,102,0.422,0.256,0,-463.636,0,0,0,1,4,4,R,"_이누_",190,90.187,0.5,0,76,0,0,0,0,0,0,0,0,0,0,0,0,0,0,0,0.311,-36.923,-0.083,-16.524,-23.098,-46.621,-10.139,-63.23,16.038,-43.805,10.245,-64.369,35.365,-85.844,-2.273,-114.346,-39.876,-83.034,0,0,0,0,0,"",0,0,0,0,0,0,0,0,0,0
32,2,1,0,1,0,0,2,0,0,0,255,255,255,16,2976.91,"-Alta-",L,3,128,2.293,0.338,1,396.783,0,1.132,-17.008,0,5,3,R,"아침땅_",169.9,95,0.5,0,59,0,0,0,0,0,0,0,0,0,0,0,0,0,0,0,0.28,-36.87,0.69,-16.567,-23.398,-47.222,-10.154,-63.191,15.739,-43.946,12.567,-64.473,35.352,-85.859,0.438,-111.359,-39.671,-84.097,0,0,0,0,0,"",0,0,0,0,0,0,0,0,0,0
33,2,1,0,1,1,0,2,0,0,0,255,255,255,17,2993.205,"-Alta-",L,0,136,0.277,1.073,2,-56.536,-195.198,0,0,1,5,3,R,"아침땅_",169.9,95,0.5,2,59,2994.042,114,80,14,132,114,113.762,-18.826,0.74,-0.065,-0.03,0.375,0,0,0,0.339,-36.818,0.09,-16.59,-23.398,-47.224,-10.122,-63.197,19.098,-45.68,15.433,-63.421,35.544,-85.541,0.418,-111.298,-38.637,-83.454,0,0,0,0,0,"",0,0,0,0,0,0,0,0,0,0
34,2,1,0,1,1,1,2,0,0,0,255,255,255,18,3013.536,"-Alta-",L,7,111,-1.602,-1.152,1,-216.766,0,0,0,0,5,3,R,"아침땅_",169.9,95,0.5,0,59,0,0,0,0,0,0,0,0,0,0,0,0,0,0,0,0.093,-36.755,-0.151,-16.896,-23.118,-47.439,-9.761,-63.858,18.422,-44.56,11.266,-63.599,34.197,-86.765,0.485,-110.634,-42.228,-86.319,0,0,0,0,0,"",0,0,0,0,0,0,0,0,0,0
35,2,1,0,1,2,1,2,0,0,0,255,255,255,19,3030.805,"-Alta-",L,0,137,0.55,0.764,0,-22.773,-123.458,0,0,0,5,3,R,"아침땅_",169.9,95,0.5,0,59,0,0,0,0,0,0,0,0,0,0,0,0,0,0,0,0.287,-37.123,0.015,-16.703,-23.223,-47.356,-9.809,-63.771,18.418,-44.551,9.525,-64.253,34.183,-86.932,0.54,-110.564,-42.611,-86.766,0,0,0,0,0,"",0,0,0,0,0,0,0,0,0,0
36,2,1,0,1,2,2,2,0,0,0,255,255,255,20,3046.412,"-Alta-",L,6,106,-0.139,-0.174,2,-400.31,0,0,0,1,5,3,R,"아침땅_",169.9,95,0.5,2,59,3047.37,120,136,43,142,118,25.902,-7.038,0.39,-0.091,-0.067,0.393,0,0,0,0.12,-36.573,0.028,-16.797,-23.254,-47.338,-9.812,-63.747,18.362,-44.522,15.165,-63.564,34.097,-86.934,1.049,-110.225,-43.611,-87.739,0,0,0,3053.219,7,"紅さかな",11.782,-124.578,0,0,0,0,0,0,0,1
37,2,0,0,1,0,0,0,0,0,0,255,255,255,15,3103.813,"Slaris",R,13,120,2.37,-0.669,1,-385.852,317.991,0,0,0,5,4,R,"Kenomo",190,93.022,0.499,0,111,0,0,0,0,0,0,0,0,0,0,0,0,0,0,0,0.107,-37.336,-0.009,-16.995,-24.358,-49.171,-14.661,-64.005,19.962,-51.475,11.314,-65.955,30.876,-84.847,1.443,-101.428,-40.218,-89.005,0,0,0,0,0,"",0,0,0,0,0,0,0,0,0,0
38,2,0,0,1,1,0,0,0,0,0,255,255,255,16,3118.387,"Slaris",R,13,112,0.643,0.125,2,-406.565,291.041,0,0,1,5,4,R,"Kenomo",190,93.022,0.499,2,111,3119.439,135,112,51,144,76,-2.329,17.305,0.98,0.016,-0.062,0.261,0,0,0,-0.142,-36.723,0.057,-17.068,-24.336,-49.091,-14.597,-63.9,19.972,-51.437,12.392,-64.916,30.891,-84.839,2.15,-102.68,-40.539,-89.107,3120.119,-3.333,-32.305,3122.469,6,"甲斐野柊太",-12.349,-60.155,0,0,0,0,0,0,0,2
39,2,0,0,1,0,0,1,0,0,0,255,255,255,17,3152.751,"Slaris",R,3,119,1.549,-0.552,4,-440.402,0,0,0,1,6,0,L,"-Alta-",190,88,0.5,0,59,0,0,0,0,0,0,0,0,0,0,0,0,0,0,0,-0.153,-37.058,0.086,-16.904,-23.432,-48.785,-9.29,-66.425,23.896,-53.471,13.802,-66.132,41.687,-85.736,4.274,-106.353,-35.025,-84.03,0,0,0,0,0,"",0,0,0,0,0,0,0,0,0,0
40,2,0,0,1,0,1,1,0,0,0,255,255,255,18,3167.673,"Slaris",R,0,140,-1.184,1.157,4,-76.419,-200,0,0,1,6,0,L,"-Alta-",190,88,0.5,0,59,0,0,0,0,0,0,0,0,0,0,0,0,0,0,0,-0.093,-37.143,-0.124,-16.951,-23.418,-48.776,-9.71,-66.294,23.894,-52.833,16.078,-67.54,41.758,-85.716,4.52,-106.445,-35.035,-84.015,0,0,0,0,0,"",0,0,0,0,0,0,0,0,0,0
41,2,0,0,1,0,2,1,0,0,0,255,255,255,19,3182.516,"Slaris",R,14,125,2.459,0.012,4,352.459,354.645,0,0,1,6,0,L,"-Alta-",190,88,0.5,0,59,0,0,0,0,0,0,0,0,0,0,0,0,0,0,0,0.088,-37.259,0.114,-16.994,-23.448,-48.294,-9.348,-66.338,23.608,-51.313,14.919,-65.937,41.668,-85.713,4.516,-106.438,-35.038,-84.041,0,0,0,0,0,"",0,0,0,0,0,0,0,0,0,0
42,2,0,0,1,0,0,2,0,0,0,255,255,255,20,3208.331,"Slaris",R,0,131,-1.004,-0.265,0,-2.88,0,0,0,0,7,7,R,"紅さかな",172.6,96.324,0.453,0,59,0,0,0,0,0,0,0,0,0,0,0,0,0,0,0,0.032,-37.299,-0.257,-17.046,-23.08,-48.395,-14.985,-63.736,18.283,-50.055,9.989,-66.129,28.368,-86.718,0.588,-104.07,-38.435,-84,0,0,0,0,0,"",0,0,0,0,0,0,0,0,0,0
43,2,0,0,1,0,1,2,0,0,0,255,255,255,21,3221.379,"Slaris",R,3,122,-2.339,-0.523,1,-292.645,0,0,0,0,7,7,R,"紅さかな",172.6,96.324,0.453,0,59,0,0,0,0,0,0,0,0,0,0,0,0,0,0,0,0.016,-37.423,-0.393,-17.105,-23.317,-48.381,-15.23,-63.533,17.808,-50.057,10.191,-66.11,28.386,-86.705,0.345,-104.063,-41.795,-82.515,0,0,0,0,0,"",0,0,0,0,0,0,0,0,0,0
44,2,0,0,1,1,1,2,0,0,0,255,255,255,22,3236.385,"Slaris",R,10,118,-1.952,-0.452,4,107.849,400,0,0,1,7,7,R,"紅さかな",172.6,96.324,0.453,0,59,0,0,0,0,0,0,0,0,0,0,0,0,0,0,0,-0.046,-37.516,-0.241,-17.049,-23.135,-48.288,-15.011,-63.778,18.003,-49.993,10.363,-66.566,28.416,-86.687,0.444,-104.081,-38.979,-82.944,0,0,0,0,0,"",0,0,0,0,0,0,0,0,0,0
45,2,0,0,1,1,2,2,0,0,0,255,255,255,23,3250.468,"Slaris",R,0,133,0.916,0.744,2,6.402,-153.357,0,0,1,7,7,R,"紅さかな",172.6,96.324,0.453,3,59,3251.471,213,135,27,155,125,99.199,76.025,0.27,0.038,-0.019,0.341,0,0,0,-0.191,-36.808,0.09,-17.073,-23.225,-48.428,-14.567,-64.079,18.199,-49.843,10.744,-66.329,28.369,-86.714,0.814,-103.699,-38.484,-81.83,0,0,0,0,0,"",0,0,0,0,0,0,0,0,0,0
46,2,0,0,1,1,2,2,0,0,0,255,255,255,24,3270.449,"Slaris",R,0,140,0.397,1.335,1,54.465,-156.305,0,0,0,7,7,R,"紅さかな",172.6,96.324,0.453,0,57,0,0,0,0,0,0,0,0,0,0,0,0,0,0,0,0.071,-37.246,0.091,-16.997,-23.721,-48.549,-14.605,-63.803,19.702,-49.169,11.25,-66.246,31.474,-86.152,-0.381,-102.187,-37.625,-82.988,0,0,0,0,0,"",0,0,0,0,0,0,0,0,0,0
47,2,0,0,1,2,2,2,0,0,0,255,255,255,25,3286.086,"Slaris",R,13,115,0.582,-1.037,2,-387.256,316.279,0,0,1,7,7,R,"紅さかな",172.6,96.324,0.453,3,57,3287.215,115,110,30,138,126,31.251,34.803,0.53,-0.013,-0.066,0.18,0,0,0,-0.152,-36.659,0.102,-17.08,-23.68,-48.552,-14.601,-63.801,19.545,-48.7,12.348,-65.548,30.697,-86.372,-0.37,-101.626,-37.985,-83.418,3292.169,-72.501,-100.335,0,0,"",0,0,0,0,0,0,0,0,0,4
48,2,0,0,2,0,0,2,0,0,0,255,255,255,26,3332.301,"Slaris",R,0,140,-2.837,-0.725,1,-56.794,-200,-0.748,-17.55,0,8,8,L,"わかなで",160,94.336,0.401,0,59,0,0,0,0,0,0,0,0,0,0,0,0,0,0,0,-0.006,-37.584,-0.335,-17.334,-23.305,-48.417,-10.146,-65.824,20.106,-47.624,13.748,-63.491,31.744,-84.424,0.244,-101,-44.015,-87.929,0,0,0,0,0,"",0,0,0,0,0,0,0,0,0,0
49,2,0,0,2,1,0,2,0,0,0,255,255,255,27,3347.061,"Slaris",R,3,125,1.598,-0.406,1,-401.494,0,0,0,0,8,8,L,"わかなで",160,94.336,0.401,0,59,0,0,0,0,0,0,0,0,0,0,0,0,0,0,0,0.171,-37.265,0.034,-16.897,-22.769,-47.721,-9.504,-65.737,20.102,-47.558,12.526,-61.576,31.784,-84.402,-0.228,-101.077,-43.553,-88.242,0,0,0,0,0,"",0,0,0,0,0,0,0,0,0,0
50,2,0,0,2,2,0,2,0,0,0,255,255,255,28,3361.754,"Slaris",R,0,140,2.444,1.039,1,98.538,-97.624,0.991,-17.122,0,8,8,L,"わかなで",160,94.336,0.401,0,59,0,0,0,0,0,0,0,0,0,0,0,0,0,0,0,-0.017,-36.886,0.06,-16.985,-23.168,-48.039,-10.408,-65.716,20.068,-47.522,12.842,-65.231,31.675,-84.472,-0.23,-101.107,-42.822,-87.773,0,0,0,0,0,"",0,0,0,0,0,0,0,0,0,0
51,2,0,0,2,3,0,2,0,0,0,255,255,255,29,3375.881,"Slaris",R,0,140,0.34,0.424,0,58.382,-60.211,0,0,0,8,8,L,"わかなで",160,94.336,0.401,0,59,0,0,0,0,0,0,0,0,0,0,0,0,0,0,0,-0.098,-37.331,-0.093,-16.882,-22.611,-47.163,-10.117,-63.769,19.936,-47.375,12.579,-64.439,31.775,-84.428,0.031,-100.964,-42.098,-86.692,0,0,0,0,0,"",0,0,0,0,0,0,0,0,0,0
52,2,0,0,2,3,1,2,0,0,0,255,255,255,30,3391.058,"Slaris",R,0,140,0.093,0.352,0,15.887,-108.953,0,0,0,8,8,L,"わかなで",160,94.336,0.401,0,59,0,0,0,0,0,0,0,0,0,0,0,0,0,0,0,-0.159,-37.441,-0.121,-16.98,-23.459,-48.534,-10.528,-65.316,19.547,-47.383,12.513,-65.512,30.872,-84.549,0.428,-100.986,-42.38,-86.635,0,0,0,0,0,"",0,0,0,0,0,0,0,0,0,0
53,2,0,0,2,3,2,2,0,0,0,255,255,255,31,3405.1,"Slaris",R,0,140,1.287,0.173,2,32.026,-102.2,0,0,1,8,8,L,"わかなで",160,94.336,0.401,3,59,3406.148,167,99,10,141,119,-26.168,-20.014,0.46,0.107,-0.088,0.321,0,0,0,-0.199,-36.92,-0.013,-17.066,-23.551,-48.646,-10.473,-65.228,19.634,-47.158,12.447,-65.505,28.454,-85.183,-1.326,-99.254,-42.927,-87.743,3406.319,0.733,-19.36,3406.603,1,"눈꽃",0.288,-18.453,0,0,0,0,0,0,0,2
54,2,0,0,2,3,2,2,0,0,0,255,255,255,32,3414.216,"Slaris",R,0,70,3.203,-2.97,1,-5.396,-75.755,0.134,-32.427,0,8,8,L,"わかなで",160,94.336,0.401,0,59,0,0,0,0,0,0,0,0,0,0,0,0,0,0,0,-0.399,-38.674,0.308,-17.274,-23.149,-48.362,-10.736,-65.999,19.826,-47.021,12.226,-66.33,28.465,-85.193,-0.738,-98.655,-40.647,-86.462,0,0,0,0,0,"",0,0,0,0,0,0,0,0,0,5
55,2,0,0,2,3,2,2,0,0,0,255,255,255,32,3549.821,"Slaris",R,0,140,0.687,-0.044,2,-30.204,-200,0,0,1,8,8,L,"わかなで",160,94.336,0.401,3,59,3550.837,166,110,32,148,81,-10.322,-31.163,-0.37,0.167,-0.149,0.271,0,0,0,0,-36.578,-0.034,-16.878,-22.413,-46.778,-9.107,-66.446,19.826,-47.04,13.426,-65.061,35.403,-87.757,0.318,-99.945,-42.098,-86.642,3551.036,1.497,-21.061,3552.77,4,"_이누_",15.308,-44.182,0,0,0,0,0,0,0,2
56,3,1,0,2,0,0,0,0,0,0,255,255,255,21,3605.817,"-Alta-",L,0,140,0.025,0.971,0,-117.14,-200,0,0,0,6,7,R,"ke ro",160,99.254,0.403,0,59,0,0,0,0,0,0,0,0,0,0,0,0,0,0,0,0.292,-36.965,0.072,-16.342,-23.136,-47.421,-10.773,-63.15,17.476,-44.681,10.388,-63.705,35.207,-86.833,0.306,-112.512,-40.502,-81.866,0,0,0,0,0,"",0,0,0,0,0,0,0,0,0,0
57,3,1,0,2,0,1,0,0,0,0,255,255,255,22,3620.475,"-Alta-",L,10,120,0.659,0.174,0,0,304.262,0,0,0,6,7,R,"ke ro",160,99.254,0.403,0,59,0,0,0,0,0,0,0,0,0,0,0,0,0,0,0,0.443,-37.118,0.056,-16.337,-23.157,-47.544,-10.817,-63.054,17.467,-44.662,13.304,-64.188,35.419,-86.832,0.292,-112.625,-44.212,-84.713,0,0,0,0,0,"",0,0,0,0,0,0,0,0,0,0
58,3,1,0,2,0,2,0,0,0,0,255,255,255,23,3634.808,"-Alta-",L,0,140,1.504,0.342,4,-72.424,-142.584,0,0,1,6,7,R,"ke ro",160,99.254,0.403,0,59,0,0,0,0,0,0,0,0,0,0,0,0,0,0,0,0.416,-36.991,0.07,-16.305,-23.035,-46.992,-10.805,-63.022,17.474,-44.765,9.95,-63.98,35.392,-86.952,0.275,-112.597,-43.985,-85.123,0,0,0,0,0,"",0,0,0,0,0,0,0,0,0,0
59,3,1,0,2,0,0,1,0,0,0,255,255,255,24,3663.695,"-Alta-",L,14,112,-4.248,-2.529,4,-378.316,326.921,-0.743,-21.117,1,7,2,R,"アリアル",190,94.529,0.5,0,59,0,0,0,0,0,0,0,0,0,0,0,0,0,0,0,0.24,-36.844,-0.043,-16.528,-23.185,-47.279,-11.111,-63.421,17.77,-45.279,11.319,-64.33,35.116,-87.063,-0.287,-113.015,-39.946,-82.158,0,0,0,0,0,"",0,0,0,0,0,0,0,0,0,0
60,3,1,0,2,0,1,1,0,0,0,255,255,255,25,3679.908,"-Alta-",L,6,112,-2.734,-1.204,2,-435.403,0.441,0,0,1,7,2,R,"アリアル",190,94.529,0.5,3,59,3680.763,170,137,17,152,130,4.152,36.784,0.22,-0.092,-0.079,0.193,0,0,0,0.234,-36.587,-0.086,-16.603,-22.546,-46.817,-11.048,-63.302,17.759,-45.298,14.049,-64.278,35.363,-87.036,-0.249,-113.041,-39.358,-82.109,3682.036,-25.893,-49.042,3682.436,2,"P0TA0",-21.547,-44.399,0,0,0,0,0,0,0,1
61,3,1,0,2,0,0,2,0,0,0,255,255,255,26,3706.557,"-Alta-",L,0,134,0.287,0.722,0,-8.563,-133.929,0,0,0,8,6,R,"소솨소솨",174.7,95.565,0.5,0,59,0,0,0,0,0,0,0,0,0,0,0,0,0,0,0,0.076,-36.65,0.092,-16.525,-22.937,-46.838,-10.793,-61.354,17.662,-46.021,9.199,-65.445,35.433,-86.893,-0.648,-112.875,-42.439,-86.467,0,0,0,0,0,"",0,0,0,0,0,0,0,0,0,0
62,3,1,0,2,0,1,2,0,0,0,255,255,255,27,3723.418,"-Alta-",L,3,124,1.029,-0.5,2,403.267,0,0,0,1,8,6,R,"소솨소솨",174.7,95.565,0.5,2,59,3724.199,237,135,24,155,129,26.716,-20.346,0.48,-0.052,-0.17,0.422,0,0,0,0.463,-36.855,0.03,-16.657,-22.946,-46.828,-10.859,-61.21,17.562,-45.939,14.762,-63.731,35.286,-86.852,-0.834,-113.032,-43.802,-85.482,3729.903,57.266,-126.582,0,0,"",0,0,0,0,0,0,0,0,0,4
63,3,1,1,2,0,0,2,0,0,0,255,255,255,28,3770.847,"-Alta-",L,0,140,1.748,0.393,2,-60.706,-129.166,0,0,1,0,5,R,"coder_",164.7,107,0.268,3,59,3771.911,217,92,24,145,108,-9.751,37.556,0.15,-0.026,-0.116,0.239,0,0,0,0.247,-36.73,0.055,-16.497,-22.973,-46.712,-9.949,-62.036,16.351,-43.233,13.137,-64.421,37.654,-91.029,-0.084,-115.11,-41.313,-86.766,3772.219,-2.936,-23.379,3773.686,2,"P0TA0",-19.88,-44.795,0,0,0,0,0,0,0,2
64,3,0,1,2,0,0,0,0,0,0,255,255,255,33,3831.872,"Slaris",R,13,117,-1.323,-0.599,0,-353.688,353.419,0,0,1,0,6,R,"甲斐野柊太",190,86,0.2,0,59,0,0,0,0,0,0,0,0,0,0,0,0,0,0,0,0.054,-37.286,-0.493,-17.02,-23.322,-47.957,-15.083,-63.606,19.905,-50.569,11.537,-65.977,32.567,-91.378,-2.906,-110.161,-40.334,-88.1,0,0,0,0,0,"",0,0,0,0,0,0,0,0,0,0
65,3,0,1,2,0,1,0,0,0,0,255,255,255,34,3846.675,"Slaris",R,13,120,-2.523,-1.078,4,-369.258,337.118,-0.792,-17.95,1,0,6,R,"甲斐野柊太",190,86,0.2,0,59,0,0,0,0,0,0,0,0,0,0,0,0,0,0,0,-0.184,-37.59,-0.555,-17.277,-24.723,-49.349,-15.308,-63.321,20.102,-50.707,9.894,-66.755,32.629,-91.833,-2.431,-109.754,-40.321,-86.554,0,0,0,0,0,"",0,0,0,0,0,0,0,0,0,0
66,3,0,1,2,0,2,0,0,0,0,255,255,255,35,3865.699,"Slaris",R,0,140,6.737,-0.959,2,-13.756,-172.253,0,0,1,0,6,R,"甲斐野柊太",190,86,0.2,2,32,3866.779,173,151,66,154,91,25.53,35.351,-0.43,0.068,-0.347,0.367,0,0,0,-0.202,-36.869,-0.204,-16.979,-24.509,-49.217,-15.186,-63.609,20.078,-50.662,11.97,-65.608,32.6,-91.815,-2.492,-109.765,-44.11,-88.448,3871.119,-51.876,-72.144,3877.753,8,"Sabo_10",-74.675,-85.517,1,0,0,0,0,0,0,2
67,3,0,1,2,0,0,0,0,0,1,255,255,15,36,3914.119,"Slaris",R,14,114,2.073,-0.508,4,353.372,353.735,0,0,1,1,5,L,"shimenawa",174.9,100,0.2,0,59,0,0,0,0,0,0,0,0,0,0,0,0,0,0,0,0.008,-37.497,0.078,-16.962,-24.082,-48.731,-8.565,-66.469,21.226,-45.999,14.843,-62.473,35.295,-87.059,-0.065,-107.488,-38.901,-84.902,0,0,0,0,0,"",0,0,0,0,0,0,0,0,0,0
68,3,0,1,2,0,1,0,0,0,1,255,255,15,37,3930.995,"Slaris",R,14,125,1.75,-0.745,1,386.943,316.663,0,0,0,1,5,L,"shimenawa",174.9,100,0.2,0,59,0,0,0,0,0,0,0,0,0,0,0,0,0,0,0,0.198,-36.925,0.122,-17.021,-23.644,-48.074,-8.293,-66.486,21.12,-46.104,14.237,-62.429,36.921,-84.778,-0.036,-107.535,-38.721,-84.503,0,0,0,0,0,"",0,0,0,0,0,0,0,0,0,0
69,3,0,1,2,1,1,0,0,0,1,255,255,15,38,3949.967,"Slaris",R,0,140,-1.622,0.571,2,-79.239,-178.218,0,0,1,1,5,L,"shimenawa",174.9,100,0.2,3,59,3951.093,162,64,9,129,76,34.519,-6.978,-0.46,-0.069,-0.033,0.269,0,0,0,-0.14,-36.94,-0.155,-17.043,-23.681,-49.146,-8.448,-66.395,21.683,-47.589,13.975,-63.847,36.85,-84.794,0.77,-108.088,-40.417,-84.825,0,0,0,3955.903,4,"Kenomo",2.453,-77.523,0,0,0,0,0,0,0,1
70,3,0,1,2,0,0,1,0,0,1,255,255,15,39,3985.014,"Slaris",R,0,138,-1.413,0.933,0,-39.096,-169.398,0,0,1,2,3,R,"D_arling",165,100.283,0.402,0,59,0,0,0,0,0,0,0,0,0,0,0,0,0,0,0,-0.254,-37.463,-0.177,-16.965,-24.139,-49.499,-15.057,-63.386,18.296,-47.832,12.258,-62.51,31.671,-87.04,-6.226,-116.393,-45.262,-84.965,0,0,0,0,0,"",0,0,0,0,0,0,0,0,0,0
71,3,0,1,2,0,1,1,0,0,1,255,255,15,40,4002.239,"Slaris",R,13,111,-3.41,-1.325,2,-378.376,326.851,0,0,1,2,3,R,"D_arling",165,100.283,0.402,3,59,4003.14,234,187,64,155,110,-30,33.543,0.84,-0.057,-0.123,0.389,0,0,0,-0.197,-36.723,-0.447,-17.026,-24.136,-49.492,-15.384,-63.011,17.659,-48.289,13.456,-63.092,31.702,-87.045,-5.233,-116.359,-42.615,-83.596,4003.369,-1.106,-20.733,4005.036,2,"アリアル",-19.454,-48.472,0,0,0,0,0,0,0,2
72,3,0,1,2,0,0,2,0,0,1,255,255,15,41,4075.385,"Slaris",R,0,136,0.71,1.446,2,68.673,-107.394,0,0,1,3,1,R,"白霜らいふ",190,86,0.697,2,59,4076.45,170,136,29,153,96,44.621,36.152,-0.48,0.006,-0.091,0.471,0,0,0,-0.12,-36.678,0.082,-17.007,-23.906,-48.564,-14.159,-64.205,20.011,-49.91,12.184,-65.293,31.494,-87.136,0.194,-109.164,-41.273,-84.198,4081.803,-51.646,-72.726,4081.986,8,"Sabo_10",-50.084,-71.216,0,0,0,0,0,0,0,1
73,4,1,1,2,0,0,0,0,0,0,255,255,255,29,4136.716,"-Alta-",L,3,113,-2.513,2.532,1,412.828,0,0,0,0,1,9,L,"encounter v",190,100,0.447,0,59,0,0,0,0,0,0,0,0,0,0,0,0,0,0,0,0.207,-36.855,-0.063,-16.544,-22.082,-47.261,-10.045,-62.974,17.632,-43.129,15.862,-62.907,36.967,-86.893,0.207,-113.679,-43.775,-91.777,0,0,0,0,0,"",0,0,0,0,0,0,0,0,0,0
74,4,1,1,2,1,0,0,0,0,0,255,255,255,30,4161.371,"-Alta-",L,3,125,2.409,0.375,1,380.749,0,0,0,0,1,9,L,"encounter v",190,100,0.447,0,44,0,0,0,0,0,0,0,0,0,0,0,0,0,0,0,0.253,-37.076,-0.009,-16.399,-21.909,-46.891,-10.145,-62.981,18.374,-43.569,14.01,-62.163,36.926,-86.868,0.418,-117.827,-44.99,-96.182,0,0,0,0,0,"",0,0,0,0,0,0,0,0,0,0
75,4,1,1,2,2,0,0,0,0,0,255,255,255,31,4177.307,"-Alta-",L,0,137,-0.206,0.472,0,-143.505,-168.632,0,0,1,1,9,L,"encounter v",190,100,0.447,0,44,0,0,0,0,0,0,0,0,0,0,0,0,0,0,0,0.539,-37.275,-0.051,-16.426,-22.383,-47.316,-10.033,-63.01,17.136,-44.566,10.775,-62.015,36.918,-86.767,0.332,-118.084,-38.903,-87.194,0,0,0,0,0,"",0,0,0,0,0,0,0,0,0,0
76,4,1,1,2,2,1,0,0,0,0,255,255,255,32,4195.23,"-Alta-",L,0,140,-0.277,0.387,2,0,0,0,0,1,1,9,L,"encounter v",190,100,0.447,3,44,4196.296,193,139,21,155,130,17.897,-0.069,0.24,0.052,-0.12,0.526,0,0,0,0.43,-36.921,0.056,-16.377,-22.955,-47.271,-10.075,-62.939,17.756,-44.022,15.966,-62.88,36.75,-87.028,0.226,-118.064,-44.128,-96.85,4200.953,22.377,-130.068,4203.253,7,"紅さかな",12.207,-127.128,1,0,0,0,0,0,0,2
77,4,1,1,2,0,0,0,0,1,0,255,0,255,33,4240.899,"-Alta-",L,0,133,1.156,0.709,0,-27.199,-111.748,0,0,1,2,1,L,"눈꽃",190,104.886,0.496,0,90,0,0,0,0,0,0,0,0,0,0,0,0,0,0,0,0.744,-37.246,0.008,-16.108,-22.51,-47.105,-1.332,-61.424,19.83,-43.796,12.288,-62.453,35.165,-81.353,2.037,-114.63,-37.641,-93.89,0,0,0,0,0,"",0,0,0,0,0,0,0,0,0,0
78,4,1,1,2,0,1,0,0,1,0,255,0,255,34,4260.298,"-Alta-",L,0,140,-0.712,0.961,2,-76.888,-200,0,0,1,2,1,L,"눈꽃",190,104.886,0.496,3,90,4261.255,178,119,22,150,94,45.291,29.517,-0.51,-0.002,0.05,0.161,0,0,0,0.433,-36.949,-0.022,-16.312,-22.682,-47.161,-4.748,-61.961,19.843,-42.824,16.726,-62.011,35.221,-81.518,1.223,-114.215,-34.891,-92.385,0,0,0,4266.169,8,"わかなで",-35.676,-79.316,0,0,0,0,0,0,0,1
79,4,1,1,2,0,0,1,0,1,0,255,0,255,35,4298.583,"-Alta-",L,0,126,-1.447,0.775,2,-24.055,-100.379,0,0,1,3,8,L,"Sabo_10",184.7,94,0.597,3,59,4299.612,191,151,45,155,95,31.359,-39.029,-0.37,0.038,-0.139,0.44,0,0,0,0.146,-36.731,-0.092,-16.628,-22.322,-46.796,-5.872,-63.36,19.396,-42.154,16.97,-62.082,36.957,-85.986,1.984,-114.325,-39.962,-88.81,0,0,0,4304.669,6,"甲斐野柊太",41.349,-86.293,0,0,0,0,0,0,0,1
80,4,1,1,2,0,0,2,0,1,0,255,0,255,36,4342.028,"-Alta-",L,6,118,-3.286,-1.637,1,-428.685,142.507,-0.988,-16.926,0,4,4,R,"_이누_",190,90.187,0.5,0,59,0,0,0,0,0,0,0,0,0,0,0,0,0,0,0,0.193,-36.897,-0.539,-16.446,-23.066,-47.626,-9.72,-63.611,17.567,-43.948,7.102,-61.621,36.301,-85.873,0.646,-111.771,-40.174,-83.748,0,0,0,0,0,"",0,0,0,0,0,0,0,0,0,0
81,4,1,1,2,1,0,2,0,1,0,255,0,255,37,4361.273,"-Alta-",L,0,130,1.115,0.068,2,-9.696,-95.823,0,0,1,4,4,R,"_이누_",190,90.187,0.5,2,59,4362.142,165,123,24,150,93,94.802,-61.813,-0.47,-0.047,-0.179,0.43,0,0,0,0.439,-36.847,0.03,-16.447,-23.016,-47.682,-9.675,-63.582,18.097,-43.586,7.537,-62.594,36.447,-85.911,0.493,-111.779,-39.304,-84.558,0,0,0,4368.953,1,"白霜らいふ",-16.364,-11.191,0,0,0,0,0,0,0,1
82,4,0,1,2,0,0,0,0,0,0,255,255,255,42,4424.846,"Slaris",R,3,116,2.539,0.028,1,-500,0,0,0,0,4,2,R,"P0TA0",190,100,0.394,0,23,0,0,0,0,0,0,0,0,0,0,0,0,0,0,0,0.119,-37.198,0.114,-17.004,-25.13,-49.694,-14.045,-64.26,19.694,-49.904,12.078,-65.632,30.563,-87.091,1.249,-108.862,-39.803,-85.258,0,0,0,0,0,"",0,0,0,0,0,0,0,0,0,0
83,4,0,1,2,1,0,0,0,0,0,255,255,255,43,4440.738,"Slaris",R,13,114,-1.739,-0.846,1,-382.864,321.582,0,0,0,4,2,R,"P0TA0",190,100,0.394,0,23,0,0,0,0,0,0,0,0,0,0,0,0,0,0,0,-0.078,-37.445,-0.319,-17.05,-24.703,-49.447,-14.615,-64.119,19.728,-49.962,9.731,-65.754,29.538,-86.543,1.147,-109.146,-39.968,-84.351,0,0,0,0,0,"",0,0,0,0,0,0,0,0,0,0
84,4,0,1,2,2,0,0,0,0,0,255,255,255,44,4457.56,"Slaris",R,0,140,-0.697,0.226,2,83.702,-110.89,0,0,1,4,2,R,"P0TA0",190,100,0.394,2,23,4458.486,202,117,22,151,94,57.857,40.695,-0.51,-0.081,-0.035,0.292,0,0,0,-0.232,-36.555,-0.141,-17.04,-24.716,-49.424,-14.941,-63.694,19.72,-49.964,11.609,-65.723,29.595,-86.467,0.354,-105.289,-41.343,-86.065,0,0,0,4458.936,1,"눈꽃",-0.123,-18.282,0,0,0,0,0,0,0,3
85,4,0,1,2,2,1,0,0,0,0,255,255,255,45,4476.217,"Slaris",R,0,140,-0.12,-0.469,0,-14.581,-200,0,0,0,4,2,R,"P0TA0",190,100,0.394,0,23,0,0,0,0,0,0,0,0,0,0,0,0,0,0,0,-0.015,-37.324,-0.131,-16.899,-24.434,-49.252,-15.456,-63.412,19.942,-49.381,11.486,-66.012,28.23,-86.771,0.223,-104.571,-41.596,-83.8,0,0,0,0,0,"",0,0,0,0,0,0,0,0,0,0
86,4,0,1,2,2,2,0,0,0,0,255,255,255,46,4491.796,"Slaris",R,0,138,0.293,1.175,1,49.319,-151.157,0,0,0,4,2,R,"P0TA0",190,100,0.394,0,23,0,0,0,0,0,0,0,0,0,0,0,0,0,0,0,-0.224,-37.276,0.069,-16.877,-24.479,-49.347,-14.689,-63.83,18.809,-50.928,11.897,-65.777,28.059,-85.8,0.355,-104.634,-39.401,-82.001,0,0,0,0,0,"",0,0,0,0,0,0,0,0,0,0
87,4,0,1,2,0,0,1,0,0,0,255,255,255,47,4525.517,"Slaris",R,14,119,-0.564,-1.037,1,354.573,352.531,0.196,-17.795,0,5,4,R,"Kenomo",190,93.022,0.499,0,59,0,0,0,0,0,0,0,0,0,0,0,0,0,0,0,-0.008,-37.254,-0.001,-17.335,-23.971,-49.04,-14.797,-63.668,19.074,-51.318,10.782,-65.416,29.769,-85.101,-0.134,-105.135,-42.333,-83.4,0,0,0,0,0,"",0,0,0,0,0,0,0,0,0,0
88,4,0,1,2,1,0,1,0,0,0,255,255,255,48,4543.34,"Slaris",R,3,122,1.303,-0.121,0,-263.321,0,0,0,0,5,4,R,"Kenomo",190,93.022,0.499,0,59,0,0,0,0,0,0,0,0,0,0,0,0,0,0,0,0.119,-37.431,0.084,-16.912,-23.903,-48.922,-14.164,-63.999,19.585,-50.255,10.194,-64.948,29.67,-85.081,-0.049,-103.653,-42.142,-83.073,0,0,0,0,0,"",0,0,0,0,0,0,0,0,0,0
89,4,0,1,2,1,1,1,0,0,0,255,255,255,49,4561.403,"Slaris",R,0,139,0.775,0.217,2,-15.443,-200,0,0,1,5,4,R,"Kenomo",190,93.022,0.499,2,59,4562.442,109,88,20,133,83,26.779,2.241,-0.5,0.001,-0.053,0.306,0,0,0,-0.244,-36.523,0.12,-16.957,-24.11,-49.569,-14.091,-64.028,19.518,-50.48,11.036,-66.231,29.655,-85.1,0.24,-103.638,-45.051,-86.384,0,0,0,4567.453,7,"ke ro",-1.985,-88.369,0,0,0,0,0,0,0,1
90,4,0,1,2,0,0,2,0,0,0,255,255,255,50,4594.623,"Slaris",R,14,126,1.682,-1.75,4,390.434,312.348,0,0,1,6,0,L,"-Alta-",190,88,0.5,0,59,0,0,0,0,0,0,0,0,0,0,0,0,0,0,0,0.034,-37.351,0.277,-17.033,-24.76,-49.274,-8.922,-66.408,21.996,-49.869,11.338,-65.575,42.234,-84.322,4.521,-105.908,-39.203,-78.036,0,0,0,0,0,"",0,0,0,0,0,0,0,0,0,0
91,4,0,1,2,0,1,2,0,0,0,255,255,255,51,4612.945,"Slaris",R,13,115,-1.756,-1.483,4,-313.865,389.215,-0.522,-17.731,1,6,0,L,"-Alta-",190,88,0.5,0,59,0,0,0,0,0,0,0,0,0,0,0,0,0,0,0,-0.068,-37.434,-0.409,-17.496,-24.776,-49.106,-8.452,-66.601,21.901,-49.633,14.471,-67.163,42.167,-84.322,4.886,-105.909,-39.157,-78.008,0,0,0,0,0,"",0,0,0,0,0,0,0,0,0,0
92,4,0,1,2,0,2,2,0,0,0,255,255,255,52,4629.26,"Slaris",R,0,140,-0.124,1.697,2,-21.757,-171.943,0,0,1,6,0,L,"-Alta-",190,88,0.5,3,59,4630.258,134,91,17,138,87,100.411,18.988,-0.34,0.057,-0.162,0.257,0,0,0,-0.204,-36.669,-0.165,-16.873,-24.83,-49.224,-8.427,-66.562,21.584,-49.503,13.272,-67.942,42.176,-84.344,3.416,-105.907,-39.832,-78.437,4636.803,1.776,-1.738,0,0,"",0,0,0,0,0,0,0,0,0,0
93,4,0,1,2,0,2,2,0,0,0,255,255,255,53,4657.019,"Slaris",R,14,116,1.498,-0.966,1,356.803,350.273,0,0,0,6,0,L,"-Alta-",190,88,0.5,0,59,0,0,0,0,0,0,0,0,0,0,0,0,0,0,0,0.266,-37.09,0.189,-17.071,-24.411,-49.722,-7.294,-66.839,21.1,-48.724,15.229,-66.683,42.979,-84.083,1.173,-109.545,-38.15,-82.651,0,0,0,0,0,"",0,0,0,0,0,0,0,0,0,0
94,4,0,1,2,1,2,2,0,0,0,255,255,255,54,4672.82,"Slaris",R,0,138,-0.417,1.268,2,50.542,-101.397,0,0,1,6,0,L,"-Alta-",190,88,0.5,3,59,4673.83,111,61,10,117,74,101.823,40.192,-0.26,0.051,-0.083,0.127,0,0,0,-0.12,-36.632,-0.168,-17.028,-24.39,-49.631,-9.555,-66.026,21.084,-49.061,13.928,-67.065,43.006,-84.097,3.548,-109.659,-41.694,-81.755,0,0,0,4679.703,1,"눈꽃",10.958,-6.23,0,0,0,0,0,0,0,1
95,5,1,1,2,0,0,0,0,0,0,255,255,255,38,4734.864,"-Alta-",L,0,137,1.742,0.609,1,-13.451,-89.263,0,0,0,5,3,R,"아침땅_",169.9,95,0.5,0,59,0,0,0,0,0,0,0,0,0,0,0,0,0,0,0,0.21,-36.759,0.092,-16.377,-23.027,-47.095,-9.629,-63.809,18.091,-44.852,9.929,-64.765,37.147,-86.623,0.691,-115.039,-40.943,-87.02,0,0,0,0,0,"",0,0,0,0,0,0,0,0,0,0
96,5,1,1,2,1,0,0,0,0,0,255,255,255,39,4754.264,"-Alta-",L,6,114,-2.934,-1.162,1,-306.554,0,0,0,0,5,3,R,"아침땅_",169.9,95,0.5,0,59,0,0,0,0,0,0,0,0,0,0,0,0,0,0,0,0.111,-36.74,-0.041,-16.532,-22.995,-47.161,-10.162,-60.776,18.063,-44.821,8.294,-66.117,37.055,-86.681,0.637,-115.114,-45.023,-79.941,0,0,0,0,0,"",0,0,0,0,0,0,0,0,0,0
97,5,1,1,2,2,0,0,0,0,0,255,255,255,40,4768.276,"-Alta-",L,0,131,0.305,0.854,0,3.229,-73.886,0,0,0,5,3,R,"아침땅_",169.9,95,0.5,0,59,0,0,0,0,0,0,0,0,0,0,0,0,0,0,0,0.306,-36.809,0.056,-16.435,-22.51,-47.117,-9.792,-62.846,18.101,-44.836,10.401,-64.266,37.126,-86.587,0.61,-114.986,-39.144,-82.024,0,0,0,0,0,"",0,0,0,0,0,0,0,0,0,0
98,5,1,1,2,2,1,0,0,0,0,255,255,255,41,4784.081,"-Alta-",L,0,137,0.341,1.068,0,-31.147,-151.349,0,0,1,5,3,R,"아침땅_",169.9,95,0.5,0,59,0,0,0,0,0,0,0,0,0,0,0,0,0,0,0,0.155,-36.655,0.06,-16.441,-22.586,-47.144,-9.798,-62.802,18.054,-44.855,10.926,-64.602,36.951,-86.857,1.104,-116.367,-43.086,-86.898,0,0,0,0,0,"",0,0,0,0,0,0,0,0,0,0
99,5,1,1,2,2,2,0,0,0,0,255,255,255,42,4800.432,"-Alta-",L,10,128,0.661,-2.496,1,0,400,0.127,-19.828,0,5,3,R,"아침땅_",169.9,95,0.5,0,59,0,0,0,0,0,0,0,0,0,0,0,0,0,0,0,0.561,-37.704,0.047,-16.51,-22.79,-47.054,-9.124,-60.022,18.057,-45.109,9.845,-64.305,37.07,-86.743,0.359,-116.04,-41.954,-85.243,0,0,0,0,0,"",0,0,0,0,0,0,0,0,0,0
100,5,1,1,2,3,2,0,0,0,0,255,255,255,43,4816.669,"-Alta-",L,0,140,0.663,-0.025,2,-27.762,-135.248,0,0,1,5,3,R,"아침땅_",169.9,95,0.5,2,59,4817.582,110,56,13,111,81,107.011,-64.087,0.12,-0.072,-0.028,0.235,0,0,0,0.354,-36.747,0.065,-16.573,-23.075,-47.326,-10.045,-61.817,18.058,-45.137,13.805,-64.434,37.113,-86.84,0.377,-116.184,-43.526,-88.232,0,0,0,0,0,"",0,0,0,0,0,0,0,0,0,0
101,5,1,1,2,3,2,0,0,0,0,255,255,255,44,4836.915,"-Alta-",L,3,99,-12.548,9.432,1,368.462,0,-0.371,-7.209,0,5,3,R,"아침땅_",169.9,95,0.5,0,59,0,0,0,0,0,0,0,0,0,0,0,0,0,0,0,0.352,-36.575,-2.391,-14.016,-22.236,-45.589,-12.389,-60.614,17.04,-46.418,13.512,-64.385,36.643,-87.789,0.623,-118.334,-41.58,-85.993,0,0,0,0,0,"",0,0,0,0,0,0,0,0,0,5
102,5,1,1,2,0,0,0,1,0,0,3,255,255,45,4865.769,"-Alta-",L,0,129,-1.224,1.06,2,-96.891,-158.314,0,0,1,6,7,R,"ke ro",160,99.254,0.403,2,59,4866.846,150,98,23,142,119,116.083,5.242,0.42,-0.032,-0.088,0.277,0,0,0,0.228,-36.84,0.034,-16.272,-18.747,-39.27,-11.176,-61.447,16.984,-45.859,10.697,-63.221,36.713,-87.498,-0.066,-117.295,-43.986,-85.084,0,0,0,0,0,"",0,0,0,0,0,0,0,0,0,0
103,5,1,1,2,0,1,0,1,0,0,3,255,255,46,4887.88,"-Alta-",L,0,127,0.988,1.283,2,29.957,-77.048,0,0,1,6,7,R,"ke ro",160,99.254,0.403,2,91,4888.846,134,74,9,131,74,37.449,27.627,-0.31,-0.011,-0.065,0.21,0,0,0,0.285,-36.68,0.048,-16.449,-18.897,-39.23,-11.032,-60.205,17.268,-44.856,12.384,-63.726,35.54,-89.313,0.268,-113.466,-45.416,-88.413,4893.636,-28.294,-67.638,4894.953,8,"わかなで",-31.262,-72.069,1,0,0,0,0,0,0,2
104,5,1,1,2,0,0,1,1,0,0,7,255,255,47,4929.6,"-Alta-",L,0,132,1.272,0.052,2,3.272,-90.271,0,0,1,7,2,R,"アリアル",190,94.529,0.5,3,59,4930.328,212,172,46,155,97,93.537,44.687,-0.47,-0.021,-0.003,0.449,0,0,0,0.267,-36.926,-0.005,-16.426,-18.727,-39.345,-10.41,-61.597,17.459,-43.796,13.226,-63.295,36.808,-87.443,-0.809,-111.663,-40.849,-85.194,0,0,0,4937.503,1,"白霜らいふ",5.3,-8.507,0,0,0,0,0,0,0,1
105,5,1,1,2,0,0,2,1,0,0,7,255,255,48,4962.311,"-Alta-",L,0,131,0.84,0.733,0,11.818,-76.036,0,0,0,8,6,R,"소솨소솨",174.7,95.565,0.5,0,59,0,0,0,0,0,0,0,0,0,0,0,0,0,0,0,0.265,-36.797,0.064,-16.566,-17.226,-40.64,-10.372,-62.082,17.943,-44.067,8.34,-64.054,35.359,-87.967,-0.212,-115.421,-40.738,-84.511,0,0,0,0,0,"",0,0,0,0,0,0,0,0,0,0
106,5,1,1,2,0,1,2,1,0,0,7,255,255,49,4978.428,"-Alta-",L,13,116,0.419,0.529,2,322.051,382.47,0,0,1,8,6,R,"소솨소솨",174.7,95.565,0.5,2,59,4979.345,172,100,5,141,83,22.754,-16.467,-0.45,-0.046,-0.16,0.353,0,0,0,0.362,-36.947,0.028,-16.516,-18.182,-39.797,-11.094,-61.738,17.915,-44.165,12.424,-64.225,35.497,-88.051,-0.528,-114.848,-40.822,-84.835,0,0,0,4983.836,6,"甲斐野柊太",24.277,-79.539,0,0,0,0,0,0,0,1
107,5,0,1,2,0,0,0,0,0,0,255,255,255,55,5032.952,"Slaris",R,0,140,0.275,-0.029,0,20.153,-136.737,0,0,0,7,7,R,"紅さかな",172.6,96.324,0.453,0,59,0,0,0,0,0,0,0,0,0,0,0,0,0,0,0,-0.197,-37.07,0.075,-17.155,-23.792,-48.953,-14.406,-64.196,18.836,-50.278,10.586,-66.318,34.512,-90.216,-3.489,-108.741,-37.468,-86.166,0,0,0,0,0,"",0,0,0,0,0,0,0,0,0,0
108,5,0,1,2,0,1,0,0,0,0,255,255,255,56,5046.162,"Slaris",R,0,132,1.99,1.741,1,32.505,-118.157,0,0,0,7,7,R,"紅さかな",172.6,96.324,0.453,0,59,0,0,0,0,0,0,0,0,0,0,0,0,0,0,0,-0.042,-36.853,0.123,-17.205,-23.776,-48.934,-14.164,-64.109,18.768,-50.823,10.818,-66.66,34.477,-90.25,-2.782,-108.324,-40.972,-84.072,0,0,0,0,0,"",0,0,0,0,0,0,0,0,0,0
109,5,0,1,2,1,1,0,0,0,0,255,255,255,57,5058.786,"Slaris",R,0,140,0.39,-0.033,2,1.211,-200,0,0,1,7,7,R,"紅さかな",172.6,96.324,0.453,3,59,5059.815,192,145,38,155,110,99.122,-76.917,0.09,0.015,-0.037,0.248,0,0,0,-0.174,-36.638,0.075,-17.013,-23.81,-49.032,-14.149,-64.066,18.819,-50.902,12.173,-68.115,34.465,-90.269,-0.461,-106.987,-40.693,-84.172,0,0,0,0,0,"",0,0,0,0,0,0,0,0,0,0
110,5,0,1,2,1,2,0,0,0,0,255,255,255,58,5082.135,"Slaris",R,13,118,-2.439,-1.659,1,-299.328,400,0,0,0,7,7,R,"紅さかな",172.6,96.324,0.453,0,56,0,0,0,0,0,0,0,0,0,0,0,0,0,0,0,-0.161,-37.278,-0.328,-17.189,-24.503,-49.378,-14.225,-64.184,18.235,-49.271,9.509,-66.859,32.126,-88.084,-1.804,-104.728,-42.266,-83.218,0,0,0,0,0,"",0,0,0,0,0,0,0,0,0,0
111,5,0,1,2,2,2,0,0,0,0,255,255,255,59,5097.685,"Slaris",R,0,137,-0.322,-0.269,0,-41.981,-156.134,0,0,1,7,7,R,"紅さかな",172.6,96.324,0.453,0,56,0,0,0,0,0,0,0,0,0,0,0,0,0,0,0,0.012,-37.072,0.064,-17.03,-23.471,-48.2,-13.939,-64.146,18.184,-49.394,8.51,-66.665,32.105,-88.118,-1.536,-104.097,-42.704,-83.259,0,0,0,0,0,"",0,0,0,0,0,0,0,0,0,0
112,5,0,1,2,0,0,1,0,0,0,255,255,255,60,5121.399,"Slaris",R,0,138,-1.679,0.723,1,-23.736,-186.121,0,0,0,8,8,L,"わかなで",160,94.336,0.401,0,59,0,0,0,0,0,0,0,0,0,0,0,0,0,0,0,-0.145,-37.665,-0.098,-17.124,-24.753,-50.617,-8.159,-66.541,18.744,-45.412,12.782,-65.116,37.507,-82.522,4.034,-100.681,-40.127,-81.909,0,0,0,0,0,"",0,0,0,0,0,0,0,0,0,0
113,5,0,1,2,1,0,1,0,0,0,255,255,255,61,5135.454,"Slaris",R,0,129,0.307,1.832,1,42.083,-83.41,0,0,0,8,8,L,"わかなで",160,94.336,0.401,0,59,0,0,0,0,0,0,0,0,0,0,0,0,0,0,0,-0.119,-37.105,-0.001,-17.109,-24.389,-50.144,-7.548,-65.706,16.775,-42.946,12.12,-63.601,37.505,-82.504,4.023,-100.667,-40.126,-81.918,0,0,0,0,0,"",0,0,0,0,0,0,0,0,0,0
114,5,0,1,2,2,0,1,0,0,0,255,255,255,62,5149.889,"Slaris",R,0,136,-0.568,0.218,2,-14.537,-145.512,0,0,1,8,8,L,"わかなで",160,94.336,0.401,3,59,5150.958,184,120,3,147,82,40.76,39.368,-0.44,0.086,-0.089,0.321,0,0,0,-0.096,-36.485,-0.074,-17.019,-25.615,-51.105,-8.116,-66.46,20.404,-47.763,12.319,-65.413,37.41,-82.561,3.339,-100.734,-40.342,-82.784,0,0,0,5151.403,1,"눈꽃",-0.101,-18.557,0,0,0,0,0,0,0,3
115,5,0,1,2,2,1,1,0,0,0,255,255,255,63,5169.223,"Slaris",R,0,140,-0.869,0.723,2,-75.112,-166.274,0,0,1,8,8,L,"わかなで",160,94.336,0.401,3,59,5170.214,9,29,34,11,29,14.775,-25.776,-0.01,0.083,-0.185,0.043,0,0,0,-0.228,-36.538,-0.075,-17.02,-24.209,-50.007,-8.694,-66.356,19.725,-46.818,12.929,-65.312,37.396,-82.591,2.777,-100.09,-41.867,-83.118,5171.62,3.973,-28.547,5172.903,0,"Slaris",6.409,-34.508,0,256,0,0,0,0,0,2
116,5,0,1,2,0,0,2,0,0,0,255,255,255,64,5202.81,"Slaris",R,13,112,1.4,0.319,0,-371.335,334.829,0,0,0,0,6,R,"甲斐野柊太",190,86,0.2,0,59,0,0,0,0,0,0,0,0,0,0,0,0,0,0,0,0.093,-37.137,-0.009,-16.957,-21.37,-45.399,-14.013,-64.338,18.174,-51.099,10.353,-66.618,29.61,-88.017,-0.863,-99.894,-42.11,-79.829,0,0,0,0,0,"",0,0,0,0,0,0,0,0,0,0
117,5,0,1,2,0,1,2,0,0,0,255,255,255,65,5220.913,"Slaris",R,10,114,-1.701,-0.609,2,0,400,0,0,1,0,6,R,"甲斐野柊太",190,86,0.2,2,59,5222.128,87,70,78,129,115,-3.948,13.642,0.75,0.066,-0.023,0.139,0,0,0,-0.224,-36.815,-0.526,-17.067,-23.185,-47.521,-15.329,-63.454,18.261,-50.816,10.423,-66.539,30.496,-87.4,0.96,-99.042,-40.822,-79.004,5222.453,-2.296,-28.025,5224.203,3,"아침땅_",-10,-62.255,0,0,0,0,0,0,0,2
118,6,1,1,2,0,0,0,0,0,0,255,255,255,50,5277.138,"-Alta-",L,0,131,-0.339,0.166,0,-140.683,27.928,0,0,0,0,5,R,"coder_",164.7,107,0.268,0,59,0,0,0,0,0,0,0,0,0,0,0,0,0,0,0,0.159,-36.553,0.048,-16.55,-22.91,-47.336,-11.096,-64.404,17.091,-44.705,10.395,-64.891,38.628,-85.101,0.328,-111.147,-41.174,-84.718,0,0,0,0,0,"",0,0,0,0,0,0,0,0,0,0
119,6,1,1,2,0,1,0,0,0,0,255,255,255,51,5293.568,"-Alta-",L,3,118,-0.451,-0.789,0,500,0,-0.073,-17.164,0,0,5,R,"coder_",164.7,107,0.268,0,59,0,0,0,0,0,0,0,0,0,0,0,0,0,0,0,0.32,-36.328,0.004,-16.769,-23.119,-47.283,-10.913,-63.717,17.068,-44.698,9.245,-65.041,37.148,-86.946,0.225,-111.734,-41.374,-85.7,0,0,0,0,0,"",0,0,0,0,0,0,0,0,0,0
120,6,1,1,2,0,2,0,0,0,0,255,255,255,52,5309.357,"-Alta-",L,0,137,-14.488,-2.666,1,-53.379,12.045,-2.796,-19.835,0,0,5,R,"coder_",164.7,107,0.268,0,59,0,0,0,0,0,0,0,0,0,0,0,0,0,0,0,0.552,-36.817,-1.545,-15.053,-23.198,-47.359,-10.88,-62.495,17.023,-44.669,10.136,-64.705,37.315,-86.743,0.188,-111.61,-41.522,-86.056,0,0,0,0,0,"",0,0,0,0,0,0,0,0,0,0
121,6,1,1,2,1,2,0,0,0,0,255,255,255,53,5331.126,"-Alta-",L,0,134,0.978,1.604,2,-170.081,63.161,0,0,1,0,5,R,"coder_",164.7,107,0.268,3,59,5332.232,211,150,28,155,90,25.468,15.146,-0.05,-0.071,-0.07,0.299,0,0,0,0.304,-36.551,0.054,-16.371,-23.075,-47.287,-9.742,-62.138,17.071,-44.693,14.729,-63.894,37.762,-87.161,0.222,-111.619,-43.539,-86.542,0,0,0,5337.336,8,"わかなで",-30.124,-88.972,0,0,0,0,0,0,0,1
122,6,1,1,2,0,0,1,0,0,0,255,255,255,54,5363.702,"-Alta-",L,3,118,3.963,-1.218,2,420.461,175.736,0,0,1,1,9,L,"encounter v",190,100,0.447,3,59,5364.839,117,135,48,142,128,27.103,18.468,0.55,0.085,-0.194,0.372,0,0,0,0.637,-36.362,0.125,-16.584,-22.796,-47.896,-8.616,-63.785,18.77,-43.854,16.498,-62.615,41.022,-84.147,0.238,-112.001,-41.055,-86.465,5369.703,-11.82,-128.181,5371.603,7,"紅さかな",-10.569,-128.252,1,0,0,0,0,0,0,2
123,6,1,1,2,0,0,1,0,1,0,255,0,255,55,5407.252,"-Alta-",L,0,124,-3.019,0.674,2,-80.503,5.682,0,0,1,2,1,L,"눈꽃",190,104.886,0.496,3,59,5408.256,184,134,42,155,97,21.525,35.048,-0.46,0.059,0.029,0,0,0,0,0.25,-36.371,-0.034,-16.313,-22.408,-47.181,-6.474,-63.294,19.237,-42.198,15.108,-63.835,36.498,-86.2,0.305,-115.386,-40.326,-91.142,5412.369,-53.382,-76.839,5416.386,8,"わかなで",-66.53,-87.223,1,0,0,0,0,0,0,2
124,6,1,2,2,0,0,1,0,1,0,255,1,255,56,5502.095,"-Alta-",L,3,127,3.082,0.537,1,458.953,0,0,0,0,3,8,L,"Sabo_10",184.7,94,0.597,0,79,0,0,0,0,0,0,0,0,0,0,0,0,0,0,0,-0.033,-36.701,0.114,-16.249,-22.88,-47.743,-7.335,-63.692,18.196,-41.974,11.454,-63.741,36.915,-86.554,0.559,-120.057,-39.182,-88.634,0,0,0,0,0,"",0,0,0,0,0,0,0,0,0,0
125,6,1,2,2,1,0,1,0,1,0,255,1,255,57,5520.654,"-Alta-",L,0,125,-8.784,-1.033,1,-56.914,29.023,-2.255,-15.508,0,3,8,L,"Sabo_10",184.7,94,0.597,0,79,0,0,0,0,0,0,0,0,0,0,0,0,0,0,0,-1.147,-33.533,-1.336,-14.458,-22.851,-47.683,-5.134,-63.075,18.083,-42.613,11.455,-63.594,36.868,-86.577,1.125,-120.173,-42.054,-91.821,0,0,0,0,0,"",0,0,0,0,0,0,0,0,0,0
126,6,1,2,2,2,0,1,0,0,1,255,255,1,58,5553.952,"-Alta-",L,0,123,-2.634,0.326,2,-81.694,22.719,0,0,1,3,8,L,"Sabo_10",184.7,94,0.597,3,59,5554.947,158,95,24,142,87,89.17,88.163,-0.53,0.063,-0.106,0.148,0,0,0,0.253,-36.572,0.013,-16.338,-22.652,-47.464,-8.946,-62.855,18.018,-42.009,14.716,-63.079,35.777,-83.169,0.196,-122.358,-46.726,-87.162,5561.036,-42.062,-19.748,0,0,"",0,0,0,0,0,0,0,0,0,0
127,6,1,2,2,2,1,1,0,0,1,255,255,1,59,5577.939,"-Alta-",L,3,117,2.878,0.096,1,439.671,0,0,0,0,3,8,L,"Sabo_10",184.7,94,0.597,0,59,0,0,0,0,0,0,0,0,0,0,0,0,0,0,0,0.481,-36.497,0.102,-16.447,-22.552,-47.493,-10.235,-63.714,18.609,-41.283,12.713,-61.864,36.477,-78.357,1.005,-119.073,-42.85,-86.27,0,0,0,0,0,"",0,0,0,0,0,0,0,0,0,0
128,6,1,2,2,3,1,1,0,0,1,255,255,1,60,5594.997,"-Alta-",L,0,133,0.491,-0.003,2,-141.522,48.286,0,0,1,3,8,L,"Sabo_10",184.7,94,0.597,3,59,5596.081,182,144,30,155,110,15.412,14.382,0.06,0.041,-0.136,0.368,0,0,0,0.023,-36.517,0.023,-16.503,-22.53,-47.532,-10.247,-63.615,18.391,-42.455,12.585,-64.053,36.445,-78.45,0.919,-118.317,-45.099,-86.095,5599.903,-6.479,-104.446,5600.436,7,"紅さかな",-6.021,-107.613,1,0,0,0,0,0,0,2
129,6,1,3,2,0,0,1,1,0,0,8,255,255,61,5656.805,"-Alta-",L,0,140,1.44,0.316,2,-42.054,-175.508,0,0,1,4,4,R,"_이누_",190,90.187,0.5,2,59,5657.722,189,125,0,148,55,39.027,-3.618,-0.43,0.002,-0.098,0.405,0,0,0,0.587,-36.795,0.057,-16.359,-18.169,-39.662,-11.005,-62.249,17.611,-43.93,12.655,-62.813,30.234,-80.856,0.218,-114.062,-44.595,-85.293,5662.036,2.638,-56.764,5662.27,3,"D_arling",2.555,-55.442,0,8,0,0,0,0,0,1
130,6,0,3,2,0,0,0,0,0,0,255,255,255,66,5733.828,"Slaris",R,10,123,1.356,0.288,0,0,400,0,0,0,1,5,L,"shimenawa",174.9,100,0.2,0,59,0,0,0,0,0,0,0,0,0,0,0,0,0,0,0,-0.185,-37.345,0.164,-17.036,-24.205,-48.994,-14.248,-64.337,22.381,-50.206,14.696,-67.135,42.195,-83.847,0.514,-109.427,-37.521,-80.746,0,0,0,0,0,"",0,0,0,0,0,0,0,0,0,0
131,6,0,3,2,0,1,0,0,0,0,255,255,255,67,5749.438,"Slaris",R,14,121,0.875,-1.318,4,384.584,319.524,0,0,1,1,5,L,"shimenawa",174.9,100,0.2,0,59,0,0,0,0,0,0,0,0,0,0,0,0,0,0,0,-0.041,-37.454,0.178,-17.088,-24.354,-49.039,-13.954,-64.613,21.276,-48.753,15.936,-68.021,42.186,-83.816,0.568,-109.459,-38.282,-82.002,0,0,0,0,0,"",0,0,0,0,0,0,0,0,0,0
132,6,0,3,2,0,2,0,0,0,0,255,255,255,68,5765.34,"Slaris",R,0,136,-1.187,1.511,2,16.345,-146.009,0,0,1,1,5,L,"shimenawa",174.9,100,0.2,3,59,5766.465,145,57,2,107,64,48.257,10.22,-0.46,-0.081,-0.029,0.324,0,0,0,-0.491,-36.789,-0.128,-17.107,-24.354,-49.046,-13.864,-64.509,21.234,-49.159,12.752,-66.406,42.217,-83.893,0.572,-109.413,-38.293,-81.991,5771.27,-6.715,-58.735,5771.436,3,"˗ˋˏ 카피 ˎˊ˗",-6.528,-57.589,0,0,0,0,0,0,0,1
133,6,0,3,2,0,0,1,0,0,0,255,255,255,69,5799.641,"Slaris",R,13,114,-2.143,-1.257,2,-370.433,335.826,0,0,1,2,3,R,"D_arling",165,100.283,0.402,3,59,5800.512,157,138,100,151,62,-30,40.853,1,-0.018,-0.068,0.298,0,0,0,-0.222,-36.727,-0.47,-17.05,-23.414,-48.18,-16.082,-63.585,17.808,-51.51,7.846,-67.037,30.675,-86.203,-5.262,-106.268,-44.251,-84.844,5800.719,-1.137,-21.758,5803.336,2,"アリアル",-19.12,-43.63,0,0,0,0,0,0,0,2
134,6,0,3,2,0,0,2,0,0,0,255,255,255,70,5828.051,"Slaris",R,0,138,1.019,0.376,2,8.683,-152.191,0,0,1,3,1,R,"白霜らいふ",190,86,0.697,2,59,5829.097,213,146,38,155,96,63.311,19.557,-0.51,-0.068,-0.093,0.492,0,0,0,-0.111,-36.994,0.149,-17.035,-23.425,-48.08,-15.174,-64.132,19.112,-50.044,10.859,-66.318,29.962,-84.803,-0.582,-102.567,-36.53,-79.65,5835.736,-19.687,-62.92,5835.869,8,"Sabo_10",-19.335,-62.195,0,0,0,0,0,0,0,1
135,7,1,3,2,0,0,0,0,0,0,255,255,255,62,5892.862,"-Alta-",L,0,140,-0.844,0.6,0,-75.106,-187.61,0,0,0,5,3,L,"˗ˋˏ 카피 ˎˊ˗",168,88.492,0.554,0,59,0,0,0,0,0,0,0,0,0,0,0,0,0,0,0,0.3,-37.126,-0.109,-16.486,-22.722,-47.944,-10.097,-62.313,17.333,-44.176,10.955,-63.41,34.905,-84.608,-0.253,-115.552,-46.537,-84.747,0,0,0,0,0,"",0,0,0,0,0,0,0,0,0,0
136,7,1,3,2,0,1,0,0,0,0,255,255,255,63,5909.461,"-Alta-",L,3,132,1.607,-0.107,4,276.77,2.319,0,0,1,5,3,L,"˗ˋˏ 카피 ˎˊ˗",168,88.492,0.554,0,59,0,0,0,0,0,0,0,0,0,0,0,0,0,0,0,0.154,-36.738,0.003,-16.455,-22.747,-47.931,-10.067,-62.306,18.379,-42.771,11.977,-62.478,34.922,-84.674,0.339,-113.649,-51.479,-80.945,0,0,0,0,0,"",0,0,0,0,0,0,0,0,0,0
137,7,1,3,2,0,2,0,0,0,0,255,255,255,64,5927.558,"-Alta-",L,3,109,-4.211,2.313,3,495.455,0,-1.629,-19.61,0,5,3,L,"˗ˋˏ 카피 ˎˊ˗",168,88.492,0.554,0,59,0,0,0,0,0,0,0,0,0,0,0,0,0,0,0,0.473,-37.19,-1.45,-18.375,-22.739,-47.91,-10.162,-63.497,18.052,-43.954,11.221,-63.423,35.006,-84.621,0.124,-114.665,-47.925,-83.92,0,0,0,0,0,"",0,0,0,0,0,0,0,0,0,6
138,7,1,3,2,0,0,0,1,0,0,3,255,255,65,5971.352,"-Alta-",L,0,140,0.738,0.754,0,-74.082,-163.833,0,0,1,6,7,R,"ke ro",160,97.254,0.403,0,59,0,0,0,0,0,0,0,0,0,0,0,0,0,0,0,0.123,-37.394,0.099,-16.287,-17.873,-39.946,-10.117,-61.593,16.862,-44.446,11.349,-64.817,34.976,-84.716,0.302,-112.592,-47.29,-84.56,0,0,0,0,0,"",0,0,0,0,0,0,0,0,0,0
139,7,1,3,2,0,1,0,1,0,0,3,255,255,66,5990.025,"-Alta-",L,10,116,0.67,-0.743,2,0,400,0,0,1,6,7,R,"ke ro",160,97.254,0.403,2,59,5991.017,172,130,23,152,90,-15.033,-27.763,0.94,-0.023,-0.05,0.37,0,0,0,0.408,-36.872,0.084,-16.317,-18.026,-39.955,-10.071,-61.585,16.869,-44.439,13.642,-63.558,34.94,-84.905,0.447,-112.672,-46.402,-84.806,5991.219,1.316,-22.816,5992.653,4,"Kenomo",13.655,-45.584,0,0,0,0,0,0,0,2
140,7,1,3,2,0,0,2,0,0,0,255,255,255,67,6023.42,"-Alta-",L,0,140,0.431,0.737,0,-38.808,-127.626,0,0,0,7,2,R,"アリアル",190,94.529,0.5,0,59,0,0,0,0,0,0,0,0,0,0,0,0,0,0,0,0.069,-36.608,0.147,-16.422,-23.058,-47.075,-10.215,-63.008,16.845,-43.45,10.878,-65.091,35.325,-85.647,0.23,-112.124,-40.525,-82.688,0,0,0,0,0,"",0,0,0,0,0,0,0,0,0,0
141,7,1,3,2,0,1,2,0,0,0,255,255,255,68,6038.688,"-Alta-",L,10,128,0.616,-1.658,2,0,400,0,0,1,7,2,R,"アリアル",190,94.529,0.5,3,59,6039.486,217,181,63,155,130,-30,26.067,0.51,-0.033,-0.029,0.396,0,0,0,0.589,-36.655,0.063,-16.527,-23.115,-47.099,-10.245,-62.832,16.789,-43.452,13.581,-64.464,35.236,-85.638,1.723,-114.145,-41.902,-84.338,6039.653,-0.078,-20.22,6042.853,8,"わかなで",-33.496,-75.725,1,0,0,0,0,0,0,2
142,7,1,3,2,0,0,2,1,0,0,2,255,255,69,6099.726,"-Alta-",L,10,112,0.924,-1.373,4,0,400,0,0,1,8,6,R,"소솨소솨",174.7,95.565,0.5,0,59,0,0,0,0,0,0,0,0,0,0,0,0,0,0,0,0.059,-37.074,0.114,-16.415,-18.109,-39.774,-10.333,-59.959,17.405,-45.946,9.924,-63.28,30.287,-85.394,0.83,-118.93,-42.317,-86.569,0,0,0,0,0,"",0,0,0,0,0,0,0,0,0,0
143,7,1,3,2,0,1,2,1,0,0,2,255,255,70,6119.299,"-Alta-",L,10,118,1.153,-0.597,2,0,400,0,0,1,8,6,R,"소솨소솨",174.7,95.565,0.5,2,59,6120.193,133,76,19,134,78,-23.235,-32.73,-0.51,-0.121,-0.184,0.171,0,0,0,0.343,-36.773,0.092,-16.353,-18.675,-39.328,-10.029,-62.393,18.273,-44.868,15.917,-62.836,30.978,-85.899,0.316,-119.098,-44.516,-88.377,6120.353,0.996,-20.555,6122.069,4,"Kenomo",14.682,-42.048,0,0,0,0,0,0,0,2
144,7,0,3,2,0,0,0,0,0,0,255,255,255,71,6212.254,"Slaris",R,0,140,1.42,0.703,0,-23.084,-200,0,0,0,4,2,R,"P0TA0",190,100,0.394,0,23,0,0,0,0,0,0,0,0,0,0,0,0,0,0,0,0.086,-36.996,0.105,-16.887,-24.574,-49.607,-15.875,-63.631,18.223,-50.228,11.869,-69.431,29.61,-87.754,-0.592,-105.112,-36.916,-86.109,0,0,0,0,0,"",0,0,0,0,0,0,0,0,0,0
145,7,0,3,2,0,1,0,0,0,0,255,255,255,72,6229.294,"Slaris",R,0,135,1.404,1.314,1,55.014,-119.133,0,0,0,4,2,R,"P0TA0",190,100,0.394,0,23,0,0,0,0,0,0,0,0,0,0,0,0,0,0,0,-0.051,-36.824,0.072,-16.853,-24.567,-49.573,-15.593,-63.725,18.59,-50.167,10.041,-66.57,29.62,-87.704,-0.045,-104.749,-37.231,-86.427,0,0,0,0,0,"",0,0,0,0,0,0,0,0,0,0
146,7,0,3,2,1,1,0,0,0,0,255,255,255,73,6244.51,"Slaris",R,13,116,-2.06,-0.964,2,-353.673,353.434,0,0,1,4,2,R,"P0TA0",190,100,0.394,2,23,6245.398,160,99,56,149,93,-53.896,41.109,-0.48,-0.073,-0.012,0.165,0,0,0,-0.355,-36.814,-0.301,-17.063,-24.562,-49.559,-15.502,-63.709,18.226,-49.585,9.963,-69.384,29.551,-87.766,0.322,-104.773,-37.288,-85.679,6245.719,-0.761,-20.975,6247.819,2,"アリアル",-20.22,-43.696,0,0,0,0,0,0,0,2
147,7,0,3,2,0,0,1,0,0,0,255,255,255,74,6274.164,"Slaris",R,13,125,2.055,-0.83,2,-262.041,371.111,0,0,1,5,4,R,"Kenomo",190,93.022,0.499,2,103,6275.207,174,121,46,153,100,15.419,-24.811,0.95,-0.022,-0.093,0.257,0,0,0,0.079,-36.977,0.067,-17.054,-24.222,-49.103,-17.083,-62.627,17.206,-52.217,9.661,-66.581,27.555,-85.446,0.097,-98.355,-37.789,-85.001,0,0,0,6278.436,6,"소솨소솨",30.387,-74.254,0,0,0,0,0,0,0,1
148,7,0,3,2,0,0,2,0,0,0,255,255,255,75,6302.268,"Slaris",R,14,120,2.568,-0.98,4,373.824,332.047,0,0,1,6,0,L,"-Alta-",190,88,0.5,0,59,0,0,0,0,0,0,0,0,0,0,0,0,0,0,0,0.151,-37.289,0.3,-16.977,-23.674,-48.91,-15.099,-63.582,22.477,-49.945,16.664,-69.271,41.761,-84.687,1.535,-98.036,-38.421,-83.942,0,0,0,0,0,"",0,0,0,0,0,0,0,0,0,0
149,7,0,3,2,0,1,2,0,0,0,255,255,255,76,6321.572,"Slaris",R,0,140,-0.89,0.195,2,-22.791,-185.49,0,0,1,6,0,L,"-Alta-",190,88,0.5,3,59,6322.484,199,155,34,155,126,99.139,65.879,0.36,0.086,-0.221,0.405,0,0,0,-0.242,-36.988,-0.158,-17.009,-23.934,-49.045,-15.052,-63.496,22.365,-49.662,13.104,-68.019,40.913,-83.991,2.852,-99.102,-38.505,-83.886,0,0,0,0,0,"",0,0,0,0,0,0,0,0,0,0
150,7,0,3,2,0,2,2,0,0,0,255,255,255,77,6342.55,"Slaris",R,14,126,2.697,-1.291,4,390.434,312.348,0,0,1,6,0,L,"-Alta-",190,88,0.5,0,59,0,0,0,0,0,0,0,0,0,0,0,0,0,0,0,0.183,-37.416,0.155,-17.034,-24.06,-48.801,-11.944,-64.997,21.822,-47.298,15.812,-63.993,41.062,-83.598,2.391,-100.253,-36.259,-86.059,0,0,0,0,0,"",0,0,0,0,0,0,0,0,0,0
151,8,1,3,2,0,0,0,0,0,0,255,255,255,0,6487.835,"Kenomo",R,0,136,2.335,0.425,2,90.429,-75.381,0,0,1,0,5,R,"coder_",164.7,107,0.268,3,59,6488.839,178,90,23,142,121,2.33,28.617,0.34,-0.094,-0.107,0.089,0,0,0,-0.057,-37.109,0.054,-16.352,-22.632,-47.139,-10.893,-63.463,21.112,-46.878,14.835,-63.44,35.075,-84.364,1.118,-115.587,-40.198,-79.644,6490.053,-15.583,-48.391,6491.669,8,"わかなで",-29.687,-75.69,1,0,0,0,0,0,0,2
152,8,1,3,2,0,0,0,1,0,0,5,255,255,1,6529.902,"Kenomo",R,13,117,0.468,-0.762,0,-370.255,336.022,0,0,1,1,9,L,"encounter v",190,100,0.447,0,59,0,0,0,0,0,0,0,0,0,0,0,0,0,0,0,-0.09,-37.285,0.01,-16.401,-18.16,-39.982,-6.914,-61.689,20.682,-45.967,14.292,-62.828,32.362,-82.801,0.485,-117.169,-38.83,-88.745,0,0,0,0,0,"",0,0,0,0,0,0,0,0,0,0
153,8,1,3,2,0,1,0,1,0,0,5,255,255,2,6547.903,"Kenomo",R,12,127,0.893,-0.568,2,-11.228,130.663,0,0,1,1,9,L,"encounter v",190,100,0.447,3,59,6548.981,162,127,25,150,129,50,2.774,0.65,0.1,-0.165,0.447,0,0,0,0.109,-37.16,0.09,-16.503,-18.346,-39.644,-8.789,-62.252,20.958,-46.197,14.473,-62.304,32.399,-82.788,0.703,-116.637,-40.705,-81.889,6555.836,9.874,-123.663,6555.953,7,"紅さかな",9.64,-122.029,0,0,0,0,0,0,0,1
154,8,1,3,2,0,0,1,1,0,0,5,255,255,3,6589.575,"Kenomo",R,0,132,-0.214,0.773,2,98.291,-99.17,0,0,1,2,1,L,"눈꽃",190,104.886,0.496,3,90,6590.629,197,118,34,154,96,21.443,-32.407,-0.44,0.003,-0.003,0.128,0,0,0,-0.228,-36.8,-0.011,-16.322,-18.212,-40.455,-9.616,-63.288,20.183,-45.693,16.415,-61.781,34.05,-88.749,0.066,-113.604,-42.172,-82.655,0,0,0,6594.636,6,"甲斐野柊太",37.807,-78.44,0,0,0,0,0,0,0,1
155,8,1,3,2,0,0,2,0,1,0,255,5,255,4,6651.405,"Kenomo",R,0,131,1.375,1.454,1,103.896,-66.907,0,0,0,3,8,L,"Sabo_10",184.7,94,0.597,0,59,0,0,0,0,0,0,0,0,0,0,0,0,0,0,0,-0.07,-37.367,0.068,-16.07,-22.73,-47.964,-7.52,-62.295,19.315,-43.868,11.087,-62.683,32.204,-83.899,1.128,-116.32,-42.318,-91.498,0,0,0,0,0,"",0,0,0,0,0,0,0,0,0,0
156,8,1,3,2,1,0,2,0,1,0,255,5,255,5,6669.615,"Kenomo",R,13,107,-1.353,-1.037,4,-332.128,365.266,0,0,1,3,8,L,"Sabo_10",184.7,94,0.597,0,59,0,0,0,0,0,0,0,0,0,0,0,0,0,0,0,-0.124,-37.406,0.064,-16.153,-22.726,-47.939,-6.074,-62.132,20.864,-43.23,9.884,-62.425,32.147,-83.993,0.752,-116.389,-35.315,-86.808,0,0,0,0,0,"",0,0,0,0,0,0,0,0,0,0
157,8,1,3,2,1,1,2,0,0,1,255,255,5,6,6695.239,"Kenomo",R,13,106,-1.496,-1.718,4,-337.047,357.301,-0.404,-18.458,1,3,8,L,"Sabo_10",184.7,94,0.597,0,59,0,0,0,0,0,0,0,0,0,0,0,0,0,0,0,-0.101,-37.403,0.022,-16.305,-22.646,-47.824,-7.916,-64.495,19.834,-43.534,10.106,-62.045,32.489,-82.546,0.203,-113.004,-40.965,-87.136,0,0,0,0,0,"",0,0,0,0,0,0,0,0,0,0
158,8,1,3,2,1,2,2,0,0,1,255,255,5,7,6716.68,"Kenomo",R,0,130,2.929,0.224,4,75.152,-79.406,0,0,1,3,8,L,"Sabo_10",184.7,94,0.597,0,59,0,0,0,0,0,0,0,0,0,0,0,0,0,0,0,-0.14,-37.454,0.159,-16.28,-22.567,-47.523,-7.69,-63.169,20.073,-42.832,18.349,-61.332,34.234,-80.381,-0.274,-114.372,-32.86,-86.644,0,0,0,0,0,"",0,0,0,0,0,0,0,0,0,0
159,8,0,3,2,0,0,0,0,0,0,255,255,255,78,6773.588,"Slaris",R,0,140,0.013,0.162,0,-77.275,-200,0,0,0,7,7,R,"紅さかな",172.6,96.324,0.453,0,59,0,0,0,0,0,0,0,0,0,0,0,0,0,0,0,-0.066,-37.074,0.106,-17.023,-25.888,-50.863,-16.512,-62.893,18.334,-51.077,11.738,-65.738,30.139,-86.687,0.767,-103.634,-38.166,-84.887,0,0,0,0,0,"",0,0,0,0,0,0,0,0,0,0
160,8,0,3,2,0,1,0,0,0,0,255,255,255,79,6788.375,"Slaris",R,0,140,1.234,-0.22,2,23.074,-160.811,0,0,1,7,7,R,"紅さかな",172.6,96.324,0.453,3,59,6789.343,183,118,28,151,101,118.155,-36.652,0.05,0.048,-0.024,0.2,0,0,0,-0.15,-36.469,0.099,-16.988,-25.485,-50.798,-16.387,-63.1,17.895,-51.265,11.542,-67.529,29.839,-86.742,0.648,-102.726,-37.74,-84.1,0,0,0,0,0,"",0,0,0,0,0,0,0,0,0,0
161,8,0,3,2,0,2,0,0,0,0,255,255,255,80,6807.47,"Slaris",R,0,137,-0.105,0.629,2,-55.772,-189.485,0,0,1,7,7,R,"紅さかな",172.6,96.324,0.453,3,56,6808.48,177,126,29,153,90,37.419,-29.808,-0.36,0.027,-0.029,0.142,0,0,0,-0.209,-36.563,0.06,-16.981,-25.422,-50.449,-14.653,-64.386,17.668,-51.154,11.278,-67.777,29.59,-85.547,-1.393,-102.961,-38.258,-86.878,6813.386,26.612,-86.207,6813.553,6,"소솨소솨",25.816,-83.988,0,0,0,0,0,0,0,1
162,8,0,3,2,0,0,1,0,0,0,255,255,255,81,6835.063,"Slaris",R,0,137,-0.083,0.692,0,-2.572,-127.25,0,0,0,8,8,L,"わかなで",160,94.336,0.401,0,59,0,0,0,0,0,0,0,0,0,0,0,0,0,0,0,-0.039,-37.167,-0.11,-17.068,-23.284,-48.522,-13.484,-64.677,21.079,-48.209,15.047,-68.27,36.067,-80.048,1.832,-94.629,-37.983,-85.704,0,0,0,0,0,"",0,0,0,0,0,0,0,0,0,0
163,8,0,3,2,0,1,1,0,0,0,255,255,255,82,6849.733,"Slaris",R,0,140,-1.285,0.562,0,4.95,-90.679,0,0,0,8,8,L,"わかなで",160,94.336,0.401,0,59,0,0,0,0,0,0,0,0,0,0,0,0,0,0,0,-0.105,-37.107,-0.154,-17.011,-23.418,-48.692,-14.969,-63.841,20.486,-46.783,14.372,-67.8,38.276,-80.685,0.393,-93.517,-38.75,-85.895,0,0,0,0,0,"",0,0,0,0,0,0,0,0,0,0
164,8,0,3,2,0,2,1,0,0,0,255,255,255,83,6863.867,"Slaris",R,0,138,-1.342,1.613,2,-24.231,-182.403,0,0,1,8,8,L,"わかなで",160,94.336,0.401,3,59,6864.946,65,70,41,91,84,103.299,60.388,0.5,0.05,-0.114,0.213,0,0,0,-0.612,-37.138,-0.151,-16.973,-23.719,-48.821,-14.962,-63.819,20.502,-47.573,12.787,-66.809,38.248,-80.695,0.392,-93.523,-38.769,-85.879,6871.02,30.712,1.72,0,0,"",0,0,0,0,0,0,0,0,0,0
165,8,0,3,2,0,2,1,0,0,0,255,255,255,84,6887.747,"Slaris",R,0,136,-1.129,1.354,4,57.388,-75.257,0,0,1,8,8,L,"わかなで",160,94.336,0.401,0,59,0,0,0,0,0,0,0,0,0,0,0,0,0,0,0,0.1,-37.534,-0.179,-16.936,-23.516,-49.19,-14.786,-63.898,19.449,-46.077,14.916,-67.677,38.407,-80.592,0.902,-91.669,-37.831,-84.778,0,0,0,0,0,"",0,0,0,0,0,0,0,0,0,0
166,8,0,3,2,0,0,2,0,0,0,255,255,255,85,6910.205,"Slaris",R,0,0,0,0,0,0,0,0,0,0,0,6,R,"甲斐野柊太",190,86,0.2,0,29,0,0,0,0,0,0,0,0,0,0,0,0,0,0,0,0,0,0,0,0,0,0,0,0,0,0,0,0,0,0,0,0,0,0,0,0,0,0,"",0,0,0,0,0,0,0,0,0,0
167,8,0,3,2,0,0,2,0,0,0,255,255,255,86,6910.697,"Slaris",R,0,0,0,0,0,0,0,0,0,0,0,6,R,"甲斐野柊太",190,86,0.2,0,29,0,0,0,0,0,0,0,0,0,0,0,0,0,0,0,0,0,0,0,0,0,0,0,0,0,0,0,0,0,0,0,0,0,0,0,0,0,0,"",0,0,0,0,0,0,0,0,0,0
168,8,0,3,2,1,0,2,0,0,0,255,255,255,87,6951.495,"Slaris",R,13,114,-1.187,-1.126,4,-335.313,370.898,0,0,1,0,6,R,"甲斐野柊太",190,86,0.2,0,29,0,0,0,0,0,0,0,0,0,0,0,0,0,0,0,0.094,-37.404,-0.397,-16.912,-24.556,-49.824,-16.713,-62.851,18.778,-52.203,7.904,-67.111,28.494,-85.879,-4.475,-100.806,-38.677,-75.898,0,0,0,0,0,"",0,0,0,0,0,0,0,0,0,0
169,8,0,3,2,1,1,2,0,0,0,255,255,255,88,6970.513,"Slaris",R,0,140,1.484,0.599,2,49.893,-120.278,0,0,1,0,6,R,"甲斐野柊太",190,86,0.2,2,29,6971.617,120,111,37,139,87,43.954,30.953,-0.3,0.152,-0.093,0.243,0,0,0,-0.024,-36.515,0.114,-16.947,-24.462,-49.442,-15.213,-64.335,18.727,-51.627,10.529,-66.414,28.474,-85.927,-4.646,-100.911,-38.855,-78.084,6976.703,-36.945,-72.74,6976.853,8,"Sabo_10",-35.846,-71.208,0,0,0,0,0,0,0,1
170,9,1,3,2,0,0,0,0,0,0,255,255,255,0,7117.787,"P0TA0",R,10,116,0.245,-2.529,4,0,400,0.044,-20.845,1,4,4,R,"_이누_",190,90.187,0.5,0,77,0,0,0,0,0,0,0,0,0,0,0,0,0,0,0,-0.367,-37.804,0.066,-16.397,-21.6,-45.355,-11.736,-63.963,20.193,-45.175,10.903,-64.019,33.009,-85.462,-0.089,-115.673,-45.445,-90.402,0,0,0,0,0,"",0,0,0,0,0,0,0,0,0,0
171,9,1,3,2,0,1,0,0,0,0,255,255,255,1,7138.494,"P0TA0",R,0,136,-0.806,1.404,1,0,0,0,0,0,4,4,R,"_이누_",190,90.187,0.5,0,77,0,0,0,0,0,0,0,0,0,0,0,0,0,0,0,-0.264,-37.499,0.053,-16.348,-22.607,-48.405,-11.656,-63.924,21.572,-46.364,10.346,-63.923,33.007,-85.84,-0.038,-115.553,-44.794,-89.884,0,0,0,0,0,"",0,0,0,0,0,0,0,0,0,0
172,9,1,3,2,1,1,0,0,0,0,255,255,255,2,7157.147,"P0TA0",R,15,102,0.631,-0.552,0,0,-400,0,0,0,4,4,R,"_이누_",190,90.187,0.5,0,77,0,0,0,0,0,0,0,0,0,0,0,0,0,0,0,-0.281,-37.833,0.055,-16.374,-22.822,-48.901,-11.466,-64.684,21.585,-46.36,10.531,-62.74,33.18,-85.525,-0.113,-116.904,-45.502,-90.597,0,0,0,0,0,"",0,0,0,0,0,0,0,0,0,0
173,9,1,3,2,1,2,0,0,0,0,255,255,255,3,7176.067,"P0TA0",R,23,81,-0.368,-1.323,2,-140.137,115.11,0,0,1,4,4,R,"_이누_",190,90.187,0.5,2,77,7177.302,217,90,84,155,92,-3.82,19.772,-0.24,-0.069,-0.358,0.079,0,0,0,-0.262,-37.656,0.005,-16.506,-22.84,-48.925,-11.483,-64.537,21.756,-46.511,14.648,-62.952,33.067,-85.368,-0.143,-116.949,-42.259,-87.314,7177.653,-2.16,-26.483,7179.686,3,"D_arling",-13.554,-58.758,0,0,0,0,0,0,0,2
174,9,1,3,2,0,0,1,0,0,0,255,255,255,4,7214.484,"P0TA0",R,13,104,-1.262,0.04,0,-192.261,400,0,0,0,5,3,L,"˗ˋˏ 카피 ˎˊ˗",168,88.492,0.554,0,49,0,0,0,0,0,0,0,0,0,0,0,0,0,0,0,-0.105,-37.56,0.05,-16.549,-20.966,-46.445,-9.842,-63.801,22.529,-48.398,10.462,-62.294,31.528,-79.533,-0.156,-114.088,-42.999,-88.824,0,0,0,0,0,"",0,0,0,0,0,0,0,0,0,0
175,9,1,3,2,0,1,1,0,0,0,255,255,255,5,7232.933,"P0TA0",R,13,95,-0.234,-2.838,4,-298.156,361.683,-0.02,-21.076,1,5,3,L,"˗ˋˏ 카피 ˎˊ˗",168,88.492,0.554,0,49,0,0,0,0,0,0,0,0,0,0,0,0,0,0,0,-0.451,-37.772,0.071,-16.528,-21.383,-45.172,-9.835,-63.861,21.251,-47.107,11.265,-62.561,31.569,-79.255,-0.599,-113.994,-43.013,-88.169,0,0,0,0,0,"",0,0,0,0,0,0,0,0,0,0
176,9,1,3,2,0,2,1,0,0,0,255,255,255,6,7295.045,"P0TA0",R,10,81,1.621,-2.641,4,0,400,0.3,-20.205,1,5,3,L,"˗ˋˏ 카피 ˎˊ˗",168,88.492,0.554,0,59,0,0,0,0,0,0,0,0,0,0,0,0,0,0,0,-0.256,-37.804,0.086,-16.37,-21.3,-46.2,-10.217,-63.013,20.738,-46.835,8.064,-63.113,31.011,-80.98,0.32,-114.96,-41.566,-86.838,0,0,0,0,0,"",0,0,0,0,0,0,0,0,0,0
177,9,1,3,2,0,0,2,0,0,0,255,255,255,7,7326.695,"P0TA0",R,13,106,-2.296,-2.944,1,-354.242,338.915,0,0,0,6,7,R,"ke ro",160,97.254,0.403,0,59,0,0,0,0,0,0,0,0,0,0,0,0,0,0,0,-0.481,-37.687,0.023,-16.279,-20.617,-44.091,-10.496,-63.731,20.546,-45.449,10.293,-62.617,31.047,-80.844,-0.492,-108.89,-38.527,-81.225,0,0,0,0,0,"",0,0,0,0,0,0,0,0,0,0
178,9,1,3,2,1,0,2,0,0,0,255,255,255,8,7345.47,"P0TA0",R,0,131,-1.903,0.102,1,0,0,0,0,0,6,7,R,"ke ro",160,97.254,0.403,0,59,0,0,0,0,0,0,0,0,0,0,0,0,0,0,0,-0.31,-37.45,0.026,-16.17,-20.047,-42.312,-10.475,-63.742,20.545,-45.434,11.251,-63.829,30.852,-80.987,-2.234,-109.376,-37.036,-80.905,0,0,0,0,0,"",0,0,0,0,0,0,0,0,0,0
179,9,1,3,2,2,0,2,0,0,0,255,255,255,9,7363.747,"P0TA0",R,10,99,0.267,-2.97,1,-44.899,399.634,0.058,-22.677,0,6,7,R,"ke ro",160,97.254,0.403,0,59,0,0,0,0,0,0,0,0,0,0,0,0,0,0,0,0.039,-37.481,0.038,-16.212,-21.048,-44.274,-10.598,-63.717,20.551,-45.445,14.163,-63.443,30.959,-81.078,-2.062,-109.466,-37.549,-80.263,0,0,0,0,0,"",0,0,0,0,0,0,0,0,0,0
180,9,1,3,2,3,0,2,0,0,0,255,255,255,10,7390.047,"P0TA0",R,0,138,-0.581,-0.013,2,0,0,0,0,1,6,7,R,"ke ro",160,97.254,0.403,2,59,7391.004,130,66,0,117,78,28.307,-11.061,0.08,-0.027,-0.078,0,0,0,0,-0.317,-37.569,0.027,-16.293,-21.066,-44.216,-10.555,-63.599,20.528,-45.718,15.247,-62.805,31.05,-81.288,-1.751,-111.211,-37.708,-80.296,7395.053,5.641,-77.037,7396.753,7,"紅さかな",6.664,-90.731,1,0,0,0,0,0,0,2
181,9,1,3,2,0,0,2,1,0,0,7,255,255,11,7431.506,"P0TA0",R,0,115,0.633,1.215,1,0,0,0,0,0,7,2,R,"アリアル",190,94.529,0.5,0,59,0,0,0,0,0,0,0,0,0,0,0,0,0,0,0,-0.467,-37.789,0.018,-16.524,-18.687,-40.798,-10.063,-62.925,21.44,-46.385,9.308,-62.763,29.432,-84.15,-3.446,-114.365,-36.513,-79.452,0,0,0,0,0,"",0,0,0,0,0,0,0,0,0,0
182,9,1,3,2,1,0,2,1,0,0,7,255,255,12,7464.117,"P0TA0",R,10,99,1.013,0.903,0,-11.669,400,0,0,0,7,2,R,"アリアル",190,94.529,0.5,0,59,0,0,0,0,0,0,0,0,0,0,0,0,0,0,0,-0.099,-37.761,0.002,-16.486,-18.724,-40.84,-8.286,-62.813,21.056,-44.413,10.881,-63.105,29.456,-84.027,-3.131,-114.309,-37.849,-80.651,0,0,0,0,0,"",0,0,0,0,0,0,0,0,0,0
183,9,1,3,2,1,1,2,1,0,0,7,255,255,13,7690.071,"P0TA0",R,0,140,1.38,0.204,0,0,0,0,0,1,7,2,R,"アリアル",190,94.529,0.5,0,59,0,0,0,0,0,0,0,0,0,0,0,0,0,0,0,-0.249,-37.552,0.08,-16.3,-17.22,-41.437,-9.266,-61.947,21.013,-46.211,10.612,-63.647,36.639,-86.382,0.623,-119.869,-42.221,-84.304,0,0,0,0,0,"",0,0,0,0,0,0,0,0,0,0
184,9,1,3,2,1,2,2,1,0,0,7,255,255,14,7711.505,"P0TA0",R,0,140,1.293,1.23,2,0,0,0,0,1,7,2,R,"アリアル",190,94.529,0.5,3,59,7712.336,177,38,2,90,67,-4.314,42.921,-0.54,-0.016,-0.004,0,0,0,0,-0.447,-37.434,0.053,-16.41,-18.741,-39.547,-9.314,-61.869,19.7,-44.332,14.327,-63.433,36.801,-86.731,0.298,-117.477,-42.482,-83.767,7713.069,-6.737,-25.855,7714.469,2,"Kenomo",-18.852,-37.755,0,0,0,0,0,0,0,2
185,9,1,3,2,1,2,2,1,0,0,7,255,255,15,7748.363,"P0TA0",R,13,94,-1.693,-1.862,2,-206.318,400,0,0,1,7,2,R,"アリアル",190,94.529,0.5,3,59,7749.364,195,118,35,154,129,50,-48.73,0.71,-0.102,-0.141,0.321,0,0,0,-0.559,-37.633,-0.007,-16.454,-17.765,-40.863,-9.665,-63.036,20.806,-46,13.445,-62.657,34.71,-85.147,0.357,-117.314,-42.965,-85.808,7755.503,64.631,-112.206,0,0,"",0,0,0,0,0,0,0,0,0,4
186,9,1,5,2,0,0,2,0,0,0,255,255,255,16,7803.993,"P0TA0",R,10,99,1.866,-2.563,4,0,400,0.262,-19.624,1,8,6,R,"소솨소솨",174.7,95.565,0.5,0,59,0,0,0,0,0,0,0,0,0,0,0,0,0,0,0,-0.529,-37.79,0.069,-17.434,-22.751,-46.619,-9.893,-63.4,22.398,-47.506,10.361,-62.708,34.796,-86.671,-0.654,-117.699,-41.237,-89.338,0,0,0,0,0,"",0,0,0,0,0,0,0,0,0,0
187,9,1,5,2,0,1,2,0,0,0,255,255,255,17,7826.961,"P0TA0",R,0,140,-0.298,0.407,0,0,0,0,0,0,8,6,R,"소솨소솨",174.7,95.565,0.5,0,59,0,0,0,0,0,0,0,0,0,0,0,0,0,0,0,-0.623,-37.728,0.007,-16.269,-20.773,-45.764,-10.192,-63.55,22.023,-47.395,9.396,-63.104,34.854,-86.463,-0.569,-118.048,-43.291,-91.417,0,0,0,0,0,"",0,0,0,0,0,0,0,0,0,0
188,9,1,5,2,0,2,2,0,0,0,255,255,255,18,7840.962,"P0TA0",R,0,120,-4.383,-1.202,1,0,0,-0.964,-16.522,0,8,6,R,"소솨소솨",174.7,95.565,0.5,0,59,0,0,0,0,0,0,0,0,0,0,0,0,0,0,0,-0.135,-37.377,-1.353,-15.979,-20.799,-45.686,-10.288,-63.345,21.582,-46.535,10.881,-63.997,34.954,-86.378,-0.417,-116.733,-43.035,-91.38,0,0,0,0,0,"",0,0,0,0,0,0,0,0,0,0
189,9,1,5,2,1,2,2,0,0,0,255,255,255,19,7863.87,"P0TA0",R,0,140,-0.13,1.627,2,0,0,0,0,1,8,6,R,"소솨소솨",174.7,95.565,0.5,2,59,7864.889,120,49,15,103,64,90,-90,-0.5,0.029,-0.151,0.083,0,0,0,-0.592,-37.454,0.036,-16.368,-22.704,-46.648,-11.204,-63.045,21.098,-46.085,15.352,-63.194,35.449,-87.33,0.109,-118.422,-41.343,-84.538,7870.186,-20.208,-19.084,0,0,"",0,0,0,0,0,0,0,0,0,3
190,9,1,5,2,1,2,2,0,0,0,255,255,255,20,7892.295,"P0TA0",R,0,134,0.096,2.269,2,0,0,0,0,1,8,6,R,"소솨소솨",174.7,95.565,0.5,2,59,7893.324,118,67,19,130,77,92.962,-62.46,-0.44,0.03,-0.139,0.087,0,0,0,-0.652,-37.547,0.015,-16.306,-21.271,-45.452,-10.862,-62.811,20.461,-45.295,16.153,-62.433,32.261,-84.524,0.451,-115.967,-42.37,-83.999,0,0,0,7893.686,1,"白霜らいふ",0.026,-18.447,0,0,0,0,0,0,0,3
191,9,1,5,2,1,2,2,0,0,0,255,255,255,21,7914.112,"P0TA0",R,0,118,-1.791,-0.208,2,0,0,0,0,1,8,6,R,"소솨소솨",174.7,95.565,0.5,2,59,7914.982,216,130,13,153,118,27.453,10.253,0.83,-0.104,-0.215,0.408,0,0,0,-0.616,-37.478,-0.003,-16.153,-22.28,-45.739,-10.866,-62.793,21.264,-45.815,15.088,-63.302,32.25,-84.709,0.31,-116.815,-42.297,-83.103,7919.253,-16.791,-109.964,7920.02,7,"紅さかな",-17.83,-115.412,1,0,0,0,0,0,0,2
192,9,1,5,2,0,0,2,1,0,0,6,255,255,22,8006.783,"P0TA0",R,0,134,-2.318,0.12,4,0,0,0,0,1,0,5,R,"coder_",164.7,107,0.268,0,59,0,0,0,0,0,0,0,0,0,0,0,0,0,0,0,-0.494,-37.721,-0.7,-17.059,-17.245,-41.961,-10.798,-63.236,20.75,-45.186,7.565,-63.004,30.83,-84.242,-0.504,-118.097,-41.293,-84.788,0,0,0,0,0,"",0,0,0,0,0,0,0,0,0,0
193,9,1,5,2,0,1,2,1,0,0,6,255,255,23,8025.037,"P0TA0",R,0,132,0.864,2.307,1,0,0,0,0,0,0,5,R,"coder_",164.7,107,0.268,0,57,0,0,0,0,0,0,0,0,0,0,0,0,0,0,0,-0.476,-37.759,0.024,-16.525,-18.343,-41.675,-10.786,-63.183,21.536,-45.714,9.062,-64.348,30.87,-84.232,-0.401,-117.915,-36.516,-84.578,0,0,0,0,0,"",0,0,0,0,0,0,0,0,0,0
194,9,1,5,2,1,1,2,1,0,0,6,255,255,24,8041.127,"P0TA0",R,0,129,-0.408,0.505,0,0,0,0,0,0,0,5,R,"coder_",164.7,107,0.268,0,57,0,0,0,0,0,0,0,0,0,0,0,0,0,0,0,-0.435,-37.831,0.054,-16.652,-18.496,-42.404,-10.749,-63.132,21.411,-44.775,9.899,-64.11,30.873,-84.235,-0.342,-116.096,-41.81,-85.554,0,0,0,0,0,"",0,0,0,0,0,0,0,0,0,0
195,9,1,5,2,1,2,2,0,1,0,255,6,255,25,8083.929,"P0TA0",R,0,135,0.224,1.609,2,0,0,0,0,1,0,5,R,"coder_",164.7,107,0.268,3,57,8084.99,136,62,33,133,107,29.125,44.71,0.77,-0.128,-0.14,0.043,0,0,0,-0.593,-37.353,0.038,-16.278,-19.886,-46.562,-10.524,-63.472,19.613,-44.071,8.436,-61.147,31.213,-84.153,-0.18,-114.57,-38.165,-84.645,8090.053,-61.286,-93.588,8092.153,8,"わかなで",-58.337,-92.241,1,0,0,0,0,0,0,2
196,9,1,6,2,0,0,2,0,1,0,255,5,255,26,8131.951,"P0TA0",R,10,100,2.98,-1.514,4,0,400,0.578,-18.538,1,1,9,L,"encounter v",190,100,0.447,0,59,0,0,0,0,0,0,0,0,0,0,0,0,0,0,0,-0.385,-37.75,0.056,-16.498,-22.389,-46.741,-9.588,-64.56,19.793,-42.084,10.415,-62.765,29.882,-78.918,0.309,-117.808,-44.264,-91.624,0,0,0,0,0,"",0,0,0,1,0,0,0,0,0,0
197,9,0,6,2,0,0,0,0,0,0,255,255,255,88,8195.156,"Slaris",R,0,140,-1.922,0.295,1,-21.192,-160.077,0,0,0,1,5,L,"shimenawa",174.9,100,0.2,0,59,0,0,0,0,0,0,0,0,0,0,0,0,0,0,0,-0.082,-36.984,-0.079,-17.121,-24.37,-49.652,-13.893,-64.253,22.621,-50.749,14.305,-69.835,34.47,-84.975,-0.03,-115.407,-37.891,-86.531,0,0,0,0,0,"",0,0,0,0,0,0,0,0,0,0
198,9,0,6,2,1,0,0,0,0,0,255,255,255,89,8208.101,"Slaris",R,0,136,-0.726,0.68,2,-43.253,-135.679,0,0,1,1,5,L,"shimenawa",174.9,100,0.2,3,59,8209.15,165,98,26,144,119,21.227,23.828,0.7,-0.098,-0.04,0.253,0,0,0,-0.322,-36.824,-0.124,-16.96,-24.237,-49.583,-14.054,-64.085,22.216,-49.695,12.658,-65.526,37.718,-82.468,0.015,-115.38,-38.662,-86.231,8213.12,-39.389,-105.044,8216.336,8,"Sabo_10",-32.533,-109.029,1,0,0,0,0,0,0,2
199,9,0,6,2,0,0,0,0,1,0,255,14,255,90,8254.403,"Slaris",R,13,113,-3.018,-1.016,2,-389.042,314.08,0,0,1,2,3,R,"D_arling",165,100.283,0.402,3,59,8255.264,185,162,22,155,93,-19.325,31.169,0.94,-0.133,-0.086,0.46,0,0,0,-0.147,-36.738,-0.436,-16.944,-24.062,-49.518,-14.254,-64.617,18.398,-51.107,8.993,-64.378,28.649,-85.681,-6.849,-109.587,-42.546,-85.744,8255.52,-1.408,-21.434,8257.453,2,"アリアル",-19.783,-50.746,0,0,0,0,0,0,0,2
200,9,0,6,2,0,0,1,0,0,1,255,255,14,91,8287.192,"Slaris",R,0,139,0.595,0.958,0,24.835,-128.184,0,0,0,3,1,R,"白霜らいふ",190,86,0.697,0,59,0,0,0,0,0,0,0,0,0,0,0,0,0,0,0,0.079,-37.346,0.106,-16.904,-23.922,-49.511,-15.03,-64.588,19.01,-46.006,11.089,-65.38,30.312,-89.755,-0.732,-104.229,-40.974,-86.436,0,0,0,0,0,"",0,0,0,0,0,0,0,0,0,0
201,9,0,6,2,0,1,1,0,0,1,255,255,14,92,8309.782,"Slaris",R,0,139,1.143,0.752,2,-21.341,-177.504,0,0,1,3,1,R,"白霜らいふ",190,86,0.697,2,59,8310.811,180,128,25,153,96,22.286,-3.363,-0.42,-0.044,-0.084,0.415,0,0,0,-0.086,-36.691,0.134,-16.918,-23.826,-48.992,-14.639,-64.918,17.66,-47.783,10.734,-66.253,30,-89.861,-0.75,-104.239,-40.827,-86.106,8315.87,14.48,-105.058,8316.069,7,"ke ro",14.151,-103.535,0,0,0,0,0,0,0,1
202,9,0,6,3,0,0,2,0,0,0,255,255,255,93,8351.191,"Slaris",R,6,118,-1.364,0.457,0,363.601,96.171,0,0,0,4,0,R,"P0TA0",190,100,0.394,0,59,0,0,0,0,0,0,0,0,0,0,0,0,0,0,0,-0.106,-37.316,-0.161,-16.842,-24.422,-49.595,-13.102,-64.614,18.38,-48.765,10.354,-66.43,31.357,-91.067,-0.02,-111.321,-38.396,-83.561,0,0,0,0,0,"",0,0,0,0,0,0,0,0,0,0
203,9,0,6,3,0,1,2,0,0,0,255,255,255,94,8364.711,"Slaris",R,0,126,0.141,-0.264,2,0,0,0,0,1,4,0,R,"P0TA0",190,100,0.394,2,59,0,212,177,19,155,96,-52.204,22.039,-0.53,-0.059,-0.045,0.386,0,0,0,-0.407,-36.996,-0.371,-16.946,-24.647,-49.868,-13.125,-64.746,17.651,-49.258,14.343,-64.554,31.48,-90.135,-0.031,-111.335,-36.981,-82.91,8365.819,-0.209,-19.738,8368.637,3,"˗ˋˏ 카피 ˎˊ˗",-13.443,-53.369,0,0,0,0,0,0,0,2
