id,inn,half,scoreA,scoreB,ball,strk,out,b1,b2,b3,b1Idx,b2Idx,b3Idx,pCnt,pSec,pName,pHand,pType,spdK,zoneX,zoneY,startX,startY,zDist,call,balk,sH,sV,gyro,plx,plz,bSwing,bIdx,bPos,bZone,bName,bHCm,batLen,batCen,batType,bFps,hSec,rotS,shS,lgS,impMv,batSpd,ev,ldeg,sdeg,hPos,hMoveX,hMoveY,stayCon,hitSpnX,hitSpnY,hitSpnZ,PPosX,PPosY,CName,CPosX,CPosY,1BName,1BPosX,1BPosY,2BName,2BPosX,2BPosY,3BName,3BPosX,3BPosY,SSName,SSPosX,SSPosY,LFName,LFPosX,LFPosY,CFName,CFPosX,CFPosY,RFName,RFPosX,RFPosY,ltSec,lx,lz,cSec,cPos,cPlr,cx,cz,1BSafe,tag,cpSec,sb2Sec,sb3Sec,sbhSec,ass,result
1,1,1,0,0,0,0,0,0,0,0,255,255,255,0,1548.248,"눈꽃",R,27,139,-1.929,-1.583,-0.206,1.683,-36.445,1,0,60.425,-111.23,14.293,0,0,0,0,5,R,"CVPileMaki",160,94,0.395,0,59,0,0,0,0,0,0,0,0,0,0,0,0,0,0,0,0,-0.13,-37.233,"_이누_",-0.093,-17.125,"アリアル",-21.386,-46.213,"˗ˋˏ 카피 ˎˊ˗",-15.245,-64.033,"Slaris",20.874,-50.205,"coder_",12.033,-64.461,"ke ro",40.647,-92.424,"아침땅_",-7.83,-100.098,"Sabo_10",-42.553,-86.574,0,0,0,0,0,"",0,0,0,0,0,0,0,0,0,0
2,1,1,0,0,1,0,0,0,0,0,255,255,255,1,1562.334,"눈꽃",R,26,140,0.655,-0.212,-0.112,1.762,-36.372,0,0,68.395,-200,22.709,0,0,1,0,5,R,"CVPileMaki",160,94,0.395,3,59,1563.411,105,58,0,104,95,82,-22.5,26.537,0.69,-0.042,-0.074,0.124,0,0,0,0.163,-36.914,"_이누_",0.071,-17.166,"アリアル",-21.062,-46.444,"˗ˋˏ 카피 ˎˊ˗",-15.239,-64.019,"Slaris",20.821,-49.996,"coder_",11.259,-65.588,"ke ro",40.588,-92.442,"아침땅_",-6.636,-100.621,"Sabo_10",-43.422,-87.126,0,0,0,1563.885,1,"_이누_",0.131,-20,0,0,0,0,0,0,0,3
3,1,1,0,0,1,1,0,0,0,0,255,255,255,2,1580.523,"눈꽃",R,0,140,1.223,0.513,0.025,1.957,-36.419,2,0,11.042,-26.608,3.174,0,0,1,0,5,R,"CVPileMaki",160,94,0.395,3,69,1581.587,101,66,24,101,129,72,33.712,-19.75,-0.42,0.022,-0.085,0.126,0,0,0,0.147,-37.054,"_이누_",0.043,-17.217,"アリアル",-22.413,-47.316,"˗ˋˏ 카피 ˎˊ˗",-15.921,-63.26,"Slaris",20.711,-50.005,"coder_",11.737,-65.377,"ke ro",38.339,-92.557,"아침땅_",-7.023,-101.496,"Sabo_10",-43.016,-87.074,1586.412,22.192,-71.74,1586.63,5,"coder_",21.563,-70.273,0,0,0,0,0,0,0,1
4,1,1,0,0,0,0,1,0,0,0,255,255,255,3,1609.525,"눈꽃",R,29,129,-0.584,-0.655,-0.025,1.623,-36.332,0,0,-250,-200,20.313,-0.095,-17.23,0,1,0,L,"Kr_Luna",189.9,94.779,0.501,0,59,0,0,0,0,0,0,0,0,0,0,0,0,0,0,0,0,-0.123,-37.218,"_이누_",-0.248,-17.066,"アリアル",-22.099,-47.635,"˗ˋˏ 카피 ˎˊ˗",-14.714,-64.188,"Slaris",21.855,-51.324,"coder_",12.641,-65.49,"ke ro",39.806,-97.141,"아침땅_",6.585,-112.404,"Sabo_10",-42.117,-95.273,0,0,0,0,0,"",0,0,0,0,0,0,0,0,0,0
5,1,1,0,0,0,1,1,0,0,0,255,255,255,4,1621.633,"눈꽃",R,29,131,-1.691,0.098,-0.166,1.748,-36.327,2,0,-213.692,-200,38.668,0,0,1,1,0,L,"Kr_Luna",189.9,94.779,0.501,2,59,1622.441,132,61,11,86,123,78,-15.049,-35.35,-0.32,0.045,-0.068,0.162,0,0,0,-0.144,-36.993,"_이누_",-0.152,-17.11,"アリアル",-22.055,-47.561,"˗ˋˏ 카피 ˎˊ˗",-14.688,-64.121,"Slaris",21.869,-51.206,"coder_",12.349,-65.487,"ke ro",39.716,-97.151,"아침땅_",6.583,-112.38,"Sabo_10",-41.768,-95.44,1622.721,1.958,-22.928,1624.909,4,"Slaris",19.739,-45.688,0,0,0,0,0,0,0,2
6,1,1,0,0,0,0,2,0,0,0,255,255,255,5,1650.249,"눈꽃",R,7,121,1.654,-0.635,0.108,1.767,-36.461,2,0,228.973,0,8.352,0,0,1,2,1,L,"_Chun",190,86,0.455,3,59,1651.197,189,140,43,161,155,130,100.331,71.862,0.61,0.022,-0.114,0.452,0,0,0,0.264,-37.111,"_이누_",0.181,-17.036,"アリアル",-23.074,-48.657,"˗ˋˏ 카피 ˎˊ˗",-15.261,-63.929,"Slaris",22.551,-51.741,"coder_",14.264,-67.764,"ke ro",35.206,-92.337,"아침땅_",6.103,-107.607,"Sabo_10",-40.234,-92.727,0,0,0,0,0,"",0,0,0,0,0,0,0,0,0,3
7,1,1,0,0,0,1,2,0,0,0,255,255,255,6,1674.111,"눈꽃",R,13,108,-2.305,-1.175,-0.059,1.675,-36.392,2,0,-353.945,346.468,10.036,0,0,1,2,1,L,"_Chun",190,86,0.455,3,59,1675.128,189,138,33,206,155,103,4.232,34.855,0.94,0.004,-0.091,0.387,0,0,0,-0.058,-37.117,"_이누_",-0.106,-16.994,"アリアル",-23.339,-48.414,"˗ˋˏ 카피 ˎˊ˗",-14.789,-63.377,"Slaris",23.298,-51.345,"coder_",12.973,-64.951,"ke ro",37.845,-92.924,"아침땅_",6.046,-106.249,"Sabo_10",-41.738,-92.522,1675.958,-11.164,-36.929,1683.4,8,"Sabo_10",-52.579,-94.971,1,0,0,0,0,0,0,2
8,1,1,0,0,0,0,2,0,1,0,255,1,255,7,1715.466,"눈꽃",R,28,140,-1.822,-1.392,-0.177,1.731,-36.551,4,0,49.359,-56.571,8.769,0,0,1,3,4,R,"なおｐ--",190,90.37,0.412,0,59,0,0,0,0,0,0,0,0,0,0,0,0,0,0,0,0,-0.124,-37.212,"_이누_",-0.098,-17.061,"アリアル",-23.144,-49.171,"˗ˋˏ 카피 ˎˊ˗",-12.002,-64.381,"Slaris",22.598,-48.387,"coder_",12.597,-63.956,"ke ro",36.867,-91.585,"아침땅_",-2.833,-108.528,"Sabo_10",-45.636,-98.618,0,0,0,0,0,"",0,0,0,0,0,0,0,0,0,0
9,1,1,0,0,0,1,2,0,1,0,255,1,255,8,1732.77,"눈꽃",R,13,115,-2.013,-1.459,-0.051,1.696,-36.441,4,0,-224.296,279.386,-1.61,-0.491,-17.839,1,3,4,R,"なおｐ--",190,90.37,0.412,0,59,0,0,0,0,0,0,0,0,0,0,0,0,0,0,0,0,0.265,-37.521,"_이누_",-0.164,-16.953,"アリアル",-23.207,-49.263,"˗ˋˏ 카피 ˎˊ˗",-13.322,-64.395,"Slaris",21.58,-46.884,"coder_",9.29,-63.789,"ke ro",36.879,-91.593,"아침땅_",-5.471,-108.562,"Sabo_10",-44.484,-97.368,0,0,0,0,0,"",0,0,0,0,0,0,0,0,0,0
10,1,1,0,0,0,2,2,0,1,0,255,1,255,9,1751.766,"눈꽃",R,27,140,2.09,-1.075,-0.01,1.508,-36.406,1,0,10.088,-100.014,17.127,0.454,-17.499,0,3,4,R,"なおｐ--",190,90.37,0.412,0,59,0,0,0,0,0,0,0,0,0,0,0,0,0,0,0,0,0.313,-37.126,"_이누_",0.233,-17.094,"アリアル",-23.405,-48.878,"˗ˋˏ 카피 ˎˊ˗",-13.474,-64.263,"Slaris",22.108,-48.911,"coder_",9.501,-63.788,"ke ro",36.26,-91.14,"아침땅_",-3.029,-107.851,"Sabo_10",-43.606,-96.625,0,0,0,0,0,"",0,0,0,0,0,0,0,0,0,0
11,1,1,0,0,1,2,2,0,1,0,255,1,255,10,1769.826,"눈꽃",R,0,132,30.357,-2.529,0.042,1.758,-36.353,1,0,-32.296,-32.869,16.605,3.326,-4.169,0,3,4,R,"なおｐ--",190,90.37,0.412,0,59,0,0,0,0,0,0,0,0,0,0,0,0,0,0,0,0,-0.242,-37.561,"_이누_",1.366,-12.155,"アリアル",-23.484,-48.803,"˗ˋˏ 카피 ˎˊ˗",-10.311,-62.205,"Slaris",21.28,-43.476,"coder_",10.157,-59.151,"ke ro",35.924,-90.112,"아침땅_",-2.417,-107.404,"Sabo_10",-42.386,-94.011,0,0,0,0,0,"",0,0,0,0,0,0,0,0,0,0
12,1,1,0,0,2,2,2,0,0,1,255,255,1,11,1804.446,"눈꽃",R,0,140,0.54,0.065,0.202,2.034,-36.616,2,0,16.674,-23.594,3.662,0,0,1,3,4,R,"なおｐ--",190,90.37,0.412,3,59,1805.477,145,105,38,162,143,92,-5.956,38.031,-0.13,-0.073,-0.161,0.393,0,0,0,0.147,-37.099,"_이누_",0.133,-17.2,"アリアル",-23.436,-49.48,"˗ˋˏ 카피 ˎˊ˗",-14.957,-63.592,"Slaris",21.887,-49.968,"coder_",11.991,-65.389,"ke ro",36.633,-95.549,"아침땅_",-4.55,-108.743,"Sabo_10",-44.35,-94.956,1805.915,-5.244,-25.807,1807.557,2,"アリアル",-20.471,-45.782,0,0,0,0,0,0,0,2
13,1,0,0,0,0,0,0,0,0,0,255,255,255,0,1966.108,"Kr_Luna",L,26,140,1.571,-0.227,0.303,1.476,-36.438,1,0,-84.789,-187.581,-3.069,0,0,0,0,5,R,"coder_",164.4,96.459,0.254,0,59,0,0,0,0,0,0,0,0,0,0,0,0,0,0,0,0,0.324,-37.564,"_Chun",0.247,-17.266,"NABIMan",-22.181,-47.039,"오띵__",-13.244,-65.125,"なおｐ--",22.119,-48.499,"CVPileMaki",13.568,-64.871,"mungjungh",30.086,-91.54,"Multeinn",-4.616,-104.711,"M_lunatic",-39.101,-86.218,0,0,0,0,0,"",0,0,0,0,0,0,0,0,0,0
14,1,0,0,0,0,1,0,0,0,0,255,255,255,1,1986.416,"Kr_Luna",L,6,111,1.405,0.746,0.371,1.674,-36.47,2,0,-500,0,-25.709,0,0,1,0,5,R,"coder_",164.4,96.459,0.254,3,60,1987.539,32,37,22,31,20,32,-59.676,51.143,0.65,0.064,0.015,0.207,0,0,0,0.539,-37.745,"_Chun",0.071,-17.569,"NABIMan",-20.609,-45.759,"오띵__",-13.216,-65.147,"なおｐ--",20.774,-46.77,"CVPileMaki",13.565,-64.855,"mungjungh",30.077,-91.516,"Multeinn",-6.193,-104.179,"M_lunatic",-39.126,-86.198,1987.866,-0.517,-20.597,0,0,"",0,0,0,0,0,0,0,0,0,3
15,1,0,0,0,0,2,0,0,0,0,255,255,255,2,2011.01,"Kr_Luna",L,6,112,1.062,0.813,0.428,1.829,-36.689,2,0,-449.418,0,-3.982,0,0,1,0,5,R,"coder_",164.4,96.459,0.254,3,60,2012.119,207,143,47,176,155,88,31.654,40.246,-0.07,-0.165,-0.161,0.557,0,0,0,0.186,-37.579,"_Chun",0.18,-17.093,"NABIMan",-21.462,-48.27,"오띵__",-13.609,-64.813,"なおｐ--",21.589,-47.727,"CVPileMaki",13.517,-64.843,"mungjungh",31.864,-89.139,"Multeinn",-5.402,-102.688,"M_lunatic",-38.517,-84.26,2017.024,-55.625,-69.926,0,0,"",0,0,0,0,0,0,0,0,0,3
16,1,0,0,0,0,2,0,0,0,0,255,255,255,3,2034.11,"Kr_Luna",L,27,140,0.93,1.135,0.253,1.668,-36.398,0,0,-73.422,-147.931,-2.589,0,0,0,0,5,R,"coder_",164.4,96.459,0.254,0,60,0,0,0,0,0,0,0,0,0,0,0,0,0,0,0,0,0.21,-37.658,"_Chun",-0.224,-17.165,"NABIMan",-20.915,-44.919,"오띵__",-13.896,-64.9,"なおｐ--",24.099,-50.472,"CVPileMaki",13.089,-64.577,"mungjungh",28.026,-89.034,"Multeinn",-8.491,-104.375,"M_lunatic",-39.254,-83.321,0,0,0,0,0,"",0,0,0,0,0,0,0,0,0,0
17,1,0,0,0,0,0,1,0,0,0,255,255,255,4,2061.752,"Kr_Luna",L,27,140,2.708,-0.498,0.276,1.644,-36.378,2,0,-53.594,-138.535,-5.277,0,0,1,1,4,R,"Slaris",190,92,0.451,3,58,2062.625,177,160,69,210,155,97,-50.266,-52,-0.44,-0.015,-0.016,0.399,0,0,0,0.213,-37.335,"_Chun",0.044,-17.103,"NABIMan",-22.848,-47.917,"오띵__",-13.99,-64.767,"なおｐ--",24.188,-50.651,"CVPileMaki",13.53,-64.849,"mungjungh",29.72,-90.108,"Multeinn",-3.711,-105.536,"M_lunatic",-39.008,-83.723,2062.8,1.321,-21.117,0,0,"",0,0,0,0,0,0,0,0,0,3
18,1,0,0,0,0,1,1,0,0,0,255,255,255,5,2084.581,"Kr_Luna",L,10,116,1.604,0.581,0.18,1.908,-36.515,1,0,0,400,-5.525,0,0,0,1,4,R,"Slaris",190,92,0.451,0,58,0,0,0,0,0,0,0,0,0,0,0,0,0,0,0,0,0.277,-38.019,"_Chun",0.109,-17.117,"NABIMan",-22.449,-47.494,"오띵__",-13.509,-65.081,"なおｐ--",23.131,-49.556,"CVPileMaki",13.544,-64.868,"mungjungh",32.109,-89.182,"Multeinn",-0.536,-106.587,"M_lunatic",-40.016,-82.373,0,0,0,0,0,"",0,0,0,0,0,0,0,0,0,0
19,1,0,0,0,1,1,1,0,0,0,255,255,255,6,2100.827,"Kr_Luna",L,6,89,-3.207,0.095,0.086,1.883,-36.902,2,0,-402.591,49.088,-5.036,0,0,1,1,4,R,"Slaris",190,92,0.451,3,58,2101.948,183,145,55,179,155,130,-15.46,34.528,0.29,-0.058,-0.096,0.467,0,0,0,0.33,-37.707,"_Chun",-0.576,-16.941,"NABIMan",-22.317,-47.238,"오띵__",-13.505,-65.038,"なおｐ--",23.509,-50.043,"CVPileMaki",13.55,-64.849,"mungjungh",30.286,-89.388,"Multeinn",-2.68,-105.866,"M_lunatic",-40.152,-82.53,2102.2,-3.082,-24.646,2103.357,2,"NABIMan",-17.16,-44.519,0,0,0,0,0,0,0,2
20,1,0,0,0,0,0,2,0,0,0,255,255,255,7,2136.733,"Kr_Luna",L,26,140,1.066,-0.007,0.317,1.401,-36.386,0,0,-73.275,-152.822,-3.749,0,0,0,2,8,L,"Sabo_10",185.1,94,0.597,0,58,0,0,0,0,0,0,0,0,0,0,0,0,0,0,0,0,0.292,-38.019,"_Chun",0.389,-17.138,"NABIMan",-22.362,-48.504,"오띵__",-12.82,-65.348,"なおｐ--",22.648,-49.289,"CVPileMaki",14.779,-63.73,"mungjungh",40.393,-89.825,"Multeinn",6.086,-108.427,"M_lunatic",-32.321,-95.703,0,0,0,0,0,"",0,0,0,0,0,0,0,0,0,0
21,1,0,0,0,0,1,2,0,0,0,255,255,255,8,2153.881,"Kr_Luna",L,3,105,2.862,-0.151,0.09,1.645,-36.444,4,0,456.009,147.579,11.857,0,0,1,2,8,L,"Sabo_10",185.1,94,0.597,0,58,0,0,0,0,0,0,0,0,0,0,0,0,0,0,0,0,0.182,-37.96,"_Chun",0.463,-17.209,"NABIMan",-21.688,-47.851,"오띵__",-12.864,-65.242,"なおｐ--",22.794,-49.542,"CVPileMaki",14.31,-64.23,"mungjungh",40.388,-89.973,"Multeinn",4.44,-108.343,"M_lunatic",-32.278,-95.723,0,0,0,0,0,"",0,0,0,0,0,0,0,0,0,0
22,1,0,0,0,0,2,2,0,0,0,255,255,255,9,2173.12,"Kr_Luna",L,27,140,-0.211,0.797,-0.008,1.908,-36.54,2,0,-54.94,-104.714,2.181,0,0,1,2,8,L,"Sabo_10",185.1,94,0.597,3,58,2174.156,70,49,19,70,76,75,60.759,-57.091,0.44,0.068,-0.063,0.064,0,0,0,-0.01,-37.44,"_Chun",-0.149,-17,"NABIMan",-22.661,-49.696,"오띵__",-12.804,-65.284,"なおｐ--",22.86,-49.629,"CVPileMaki",14.315,-64.228,"mungjungh",40.377,-89.951,"Multeinn",5.005,-106.403,"M_lunatic",-32.356,-95.736,2179.085,43.922,-46.719,0,0,"",0,0,0,0,0,0,0,0,0,3
23,1,0,0,0,0,2,2,0,0,0,255,255,255,10,2202.59,"Kr_Luna",L,13,101,2.359,-0.122,-0.015,1.959,-36.622,4,0,354.807,317.296,10.915,0,0,1,2,8,L,"Sabo_10",185.1,94,0.597,0,58,0,0,0,0,0,0,0,0,0,0,0,0,0,0,0,0,0.147,-37.845,"_Chun",0.51,-17.379,"NABIMan",-21.328,-46.451,"오띵__",-12.913,-65.3,"なおｐ--",22.159,-48.485,"CVPileMaki",13.932,-63.982,"mungjungh",37.32,-90.697,"Multeinn",8.633,-109.992,"M_lunatic",-34.444,-96.821,0,0,0,0,0,"",0,0,0,0,0,0,0,0,0,0
24,2,1,0,0,0,0,0,0,0,0,255,255,255,12,2259.174,"눈꽃",R,29,139,-1.645,0.627,0.018,1.604,-36.33,1,0,-233.71,-200,34.025,0,0,0,4,2,L,"NABIMan",190,99,0.55,0,58,0,0,0,0,0,0,0,0,0,0,0,0,0,0,0,0,0.177,-37.064,"_이누_",-0.033,-16.867,"アリアル",-23.317,-50.795,"˗ˋˏ 카피 ˎˊ˗",-15.099,-63.699,"Slaris",22.512,-50.967,"coder_",12.409,-65.481,"ke ro",37.974,-92.447,"아침땅_",5.099,-108.617,"Sabo_10",-42.633,-95.402,0,0,0,0,0,"",0,0,0,0,0,0,0,0,0,0
25,2,1,0,0,1,0,0,0,0,0,255,255,255,13,2272.814,"눈꽃",R,29,140,-0.295,-0.706,-0.064,1.608,-36.38,2,0,-250,-200,33.083,0,0,1,4,2,L,"NABIMan",190,99,0.55,3,58,2273.691,172,83,4,82,140,89,-22.425,-42.435,-0.29,0.049,-0.123,0.112,0,0,0,0.091,-36.94,"_이누_",-0.068,-17.006,"アリアル",-23.271,-50.834,"˗ˋˏ 카피 ˎˊ˗",-15.081,-63.591,"Slaris",22.404,-50.962,"coder_",12.356,-65.489,"ke ro",37.825,-92.598,"아침땅_",5.302,-107.784,"Sabo_10",-43.18,-94.769,2273.848,1.389,-20.104,2275.957,4,"Slaris",20.562,-45.764,0,16,0,0,0,0,0,2
26,2,1,0,0,0,0,1,0,0,0,255,255,255,14,2300.219,"눈꽃",R,29,126,-0.75,0.015,0.081,1.681,-36.422,0,0,-230.093,-172.432,19.383,0,0,0,5,8,L,"M_lunatic",160,107,0.444,0,58,0,0,0,0,0,0,0,0,0,0,0,0,0,0,0,0,-0.098,-37.176,"_이누_",0.015,-16.782,"アリアル",-22.91,-49.019,"˗ˋˏ 카피 ˎˊ˗",-14.886,-63.885,"Slaris",21.305,-49.475,"coder_",11.383,-63.583,"ke ro",34.52,-88.761,"아침땅_",5.13,-101.567,"Sabo_10",-40.459,-92.785,0,0,0,0,0,"",0,0,0,0,0,0,0,0,0,0
27,2,1,0,0,0,1,1,0,0,0,255,255,255,15,2315.182,"눈꽃",R,29,136,0.39,-0.682,-0.011,1.612,-36.329,2,0,-250,-200,49.24,0,0,1,5,8,L,"M_lunatic",160,107,0.444,2,58,2316.196,198,130,36,175,155,85,-23.63,-4.4,-0.46,0.06,-0.142,0.439,0,0,0,-0.006,-37.008,"_이누_",-0.073,-17.092,"アリアル",-22.903,-49.011,"˗ˋˏ 카피 ˎˊ˗",-14.868,-63.874,"Slaris",21.218,-49.475,"coder_",11.469,-64.141,"ke ro",34.523,-88.782,"아침땅_",4.644,-101.55,"Sabo_10",-40.454,-92.792,2316.375,0.202,-22.343,2317.497,0,"눈꽃",1.293,-36.837,0,0,0,0,0,0,0,2
28,2,1,0,0,0,0,2,0,0,0,255,255,255,16,2345.803,"눈꽃",R,29,127,-3.873,8.403,0.159,1.653,-36.407,2,0,-199.34,-179.986,18.611,0,0,1,6,3,R,"오띵__",169.6,90,0.405,3,58,2346.698,161,105,14,159,142,83,32.237,6.105,-0.35,0.065,-0.06,0.183,0,0,0,0.172,-37.204,"_이누_",0.036,-17.098,"アリアル",-23.64,-49.747,"˗ˋˏ 카피 ˎˊ˗",-14.983,-64.282,"Slaris",21.341,-50.646,"coder_",12.86,-65.16,"ke ro",35.374,-91.43,"아침땅_",-6.752,-104.475,"Sabo_10",-41.197,-92.676,2351.509,-7.177,-85.343,2356.57,8,"Sabo_10",-9.299,-111.275,1,0,0,0,0,0,0,2
29,2,1,0,0,0,0,2,0,1,0,255,3,255,17,2379.095,"눈꽃",R,29,122,1.038,0.319,0.108,1.791,-36.417,0,0,-211.448,-200,15.444,0,0,0,7,6,R,"mungjungh",173.9,86,0.498,0,58,0,0,0,0,0,0,0,0,0,0,0,0,0,0,0,0,-0.063,-37.345,"_이누_",0.041,-16.95,"アリアル",-24.167,-51.393,"˗ˋˏ 카피 ˎˊ˗",-12.939,-64.736,"Slaris",20.942,-48.478,"coder_",7.608,-63.294,"ke ro",34.073,-93.587,"아침땅_",-4.887,-102.506,"Sabo_10",-37.281,-90.285,0,0,0,0,0,"",0,0,0,0,0,0,0,0,0,0
30,2,1,0,0,0,1,2,0,1,0,255,3,255,18,2394.171,"눈꽃",R,28,140,-1.012,-1.17,-0.25,1.658,-36.466,1,0,45.549,-58.012,8.721,0,0,0,7,6,R,"mungjungh",173.9,86,0.498,0,58,0,0,0,0,0,0,0,0,0,0,0,0,0,0,0,0,0.194,-37.219,"_이누_",0.061,-16.778,"アリアル",-24.22,-51.496,"˗ˋˏ 카피 ˎˊ˗",-14.696,-64.467,"Slaris",21.518,-48.127,"coder_",7.806,-64.532,"ke ro",34.349,-97.067,"아침땅_",-6.386,-102.203,"Sabo_10",-37.233,-88.978,0,0,0,0,0,"",0,0,0,0,0,0,0,0,0,0
31,2,1,0,0,1,1,2,0,1,0,255,3,255,19,2409.902,"눈꽃",R,29,128,0.757,0.361,0.097,1.724,-36.309,0,0,-231.213,-200,11.201,0,0,0,7,6,R,"mungjungh",173.9,86,0.498,0,58,0,0,0,0,0,0,0,0,0,0,0,0,0,0,0,0,0.163,-37.382,"_이누_",0.199,-17.369,"アリアル",-24.148,-51.379,"˗ˋˏ 카피 ˎˊ˗",-13.814,-63.56,"Slaris",21.226,-48.525,"coder_",8.645,-63.966,"ke ro",33.024,-98.052,"아침땅_",-5.365,-102.372,"Sabo_10",-39.071,-89.759,0,0,0,0,0,"",0,0,0,0,0,0,0,0,0,0
32,2,1,0,0,1,2,2,0,1,0,255,3,255,20,2423.747,"눈꽃",R,28,140,0.692,0.963,0.024,2.098,-36.476,0,0,22.598,-74.365,2.287,0,0,0,7,6,R,"mungjungh",173.9,86,0.498,0,58,0,0,0,0,0,0,0,0,0,0,0,0,0,0,0,0,0.119,-37.478,"_이누_",0.05,-17.001,"アリアル",-24.549,-50.996,"˗ˋˏ 카피 ˎˊ˗",-13.475,-63.282,"Slaris",21.131,-47.54,"coder_",9.396,-64.881,"ke ro",33.031,-98.045,"아침땅_",-5.459,-102.138,"Sabo_10",-39.122,-90.311,0,0,0,0,0,"",0,0,0,0,0,0,0,0,0,0
33,2,0,0,0,0,0,0,0,0,0,255,255,255,11,2482.803,"Kr_Luna",L,6,115,-1.143,1.382,0.209,1.944,-36.631,2,0,-500,0,-6.68,0,0,1,3,0,L,"눈꽃",190,105.32,0.496,3,58,2483.77,193,154,33,215,155,96,9.515,22.505,-0.5,0.002,0.05,0.16,0,0,0,0.46,-37.845,"_Chun",-0.2,-17.043,"NABIMan",-23.27,-49.933,"오띵__",-13.189,-65.185,"なおｐ--",22.483,-49.38,"CVPileMaki",13.637,-64.794,"mungjungh",40.825,-89.911,"Multeinn",7.278,-111.631,"M_lunatic",-36.754,-93.288,2486.533,-28.219,-71.385,2487.533,8,"M_lunatic",-33.81,-79.462,1,0,0,0,0,0,0,2
34,2,0,0,0,0,0,0,1,0,0,9,255,255,12,2521.803,"Kr_Luna",L,27,138,0.297,1.092,0.211,1.758,-36.448,1,0,-85.034,-119.771,-0.095,0,0,0,4,2,R,"アリアル",190,94.5,0.5,0,58,0,0,0,0,0,0,0,0,0,0,0,0,0,0,0,0,0.379,-37.922,"_Chun",-0.339,-17.111,"NABIMan",-20.83,-44.569,"오띵__",-12.261,-64.224,"なおｐ--",20.616,-46.607,"CVPileMaki",5.798,-63.791,"mungjungh",34.82,-87.007,"Multeinn",-4.002,-103.681,"M_lunatic",-40.696,-81.928,0,0,0,0,0,"",0,0,0,0,0,0,0,0,0,0
35,2,0,0,0,1,0,0,1,0,0,9,255,255,13,2626.759,"Kr_Luna",L,10,117,1.271,-0.45,0.132,1.944,-36.57,0,0,0,398.948,-9.845,0,0,0,4,2,R,"アリアル",190,94.5,0.5,0,58,0,0,0,0,0,0,0,0,0,0,0,0,0,0,0,0,0.29,-38.182,"_Chun",-0.08,-17.375,"NABIMan",-20.955,-45.288,"오띵__",-12.54,-64.88,"なおｐ--",21.904,-48.012,"CVPileMaki",6.757,-64.875,"mungjungh",33.88,-90.631,"Multeinn",-4.722,-104.584,"M_lunatic",-42.493,-83.843,0,0,0,0,0,"",0,0,0,0,0,0,0,0,0,0
36,2,0,0,0,1,1,0,1,0,0,9,255,255,14,2647.47,"Kr_Luna",L,14,110,-1.777,-0.862,0.052,1.834,-36.631,2,0,-365.493,341.196,-14.459,0,0,1,4,2,R,"アリアル",190,94.5,0.5,3,58,2648.359,153,137,94,121,146,67,96.544,-83.274,1,-0.061,-0.045,0.278,0,0,0,0.175,-37.855,"_Chun",0.074,-17.015,"NABIMan",-21.547,-47.649,"오띵__",-13.289,-65.215,"なおｐ--",21.325,-47.544,"CVPileMaki",9.706,-65.756,"mungjungh",33.117,-91.318,"Multeinn",-2.387,-105.165,"M_lunatic",-42.534,-83.846,2653.176,-44.707,-14.959,0,0,"",0,0,0,0,0,0,0,0,0,3
37,2,0,0,0,1,2,0,1,0,0,9,255,255,15,2669.867,"Kr_Luna",L,26,140,-2.263,-0.353,-0.127,1.597,-36.552,4,0,-32.985,-200,0.121,0,0,1,4,2,R,"アリアル",190,94.5,0.5,3,36,2670.69,255,139,21,255,155,69,34.533,42.736,1,-0.088,-0.096,0.339,0,0,0,0.266,-38.014,"_Chun",-0.711,-16.977,"NABIMan",-21.021,-45.43,"오띵__",-13.435,-65.146,"なおｐ--",21.89,-48.343,"CVPileMaki",8.47,-65.438,"mungjungh",35.946,-89.783,"Multeinn",-2.876,-106.384,"M_lunatic",-40.874,-84.395,0,0,0,2671.054,1,"_Chun",-0.408,-20.967,0,0,0,0,0,0,0,3
38,2,0,0,0,1,2,0,1,0,0,9,255,255,16,2690.24,"Kr_Luna",L,10,101,1.685,0.562,0.147,2.095,-36.715,1,0,0,400,-4.385,0,0,0,4,2,R,"アリアル",190,94.5,0.5,0,36,0,0,0,0,0,0,0,0,0,0,0,0,0,0,0,0,0.204,-38.079,"_Chun",0.058,-17.132,"NABIMan",-19.778,-42.394,"오띵__",-12.142,-65.183,"なおｐ--",22.196,-48.276,"CVPileMaki",6.62,-63.738,"mungjungh",36.275,-89.431,"Multeinn",-3.046,-107.262,"M_lunatic",-40.925,-84.713,0,0,0,0,0,"",0,0,0,0,0,0,0,0,0,0
39,2,0,0,0,2,2,0,1,0,0,9,255,255,17,2708.197,"Kr_Luna",L,10,115,1.159,-0.024,0.132,1.954,-36.656,2,0,0,400,-8.857,0,0,1,4,2,R,"アリアル",190,94.5,0.5,3,36,2709.24,170,69,10,101,137,88,-9.425,-0.101,-0.04,-0.03,-0.008,0.159,0,0,0,0.227,-37.85,"_Chun",0.113,-16.976,"NABIMan",-21.281,-45.411,"오띵__",-13.23,-65.164,"なおｐ--",22.307,-48.572,"CVPileMaki",8.696,-65.559,"mungjungh",36.831,-89.491,"Multeinn",-3.227,-105.098,"M_lunatic",-41.599,-85.147,2709.557,0.318,-22.616,2710.527,0,"Kr_Luna",1.029,-36.847,0,0,0,0,0,0,0,2
40,2,0,0,0,0,0,1,0,1,0,255,9,255,18,2800.668,"Kr_Luna",L,3,110,1.685,1.055,-0.093,1.972,-36.59,2,0,443.55,61.198,-0.201,0,0,1,5,1,R,"_이누_",190.1,90.187,0.5,3,74,2801.535,186,82,0,129,139,95,101.78,-77.633,0.03,-0.024,-0.048,0.194,0,0,0,0.11,-37.735,"_Chun",0.091,-16.937,"NABIMan",-22.931,-48.216,"오띵__",-13.275,-65.227,"なおｐ--",21.107,-47.467,"CVPileMaki",12.178,-64.546,"mungjungh",34.314,-89.835,"Multeinn",-3.003,-104.182,"M_lunatic",-40.293,-87.912,0,0,0,0,0,"",0,0,0,0,0,0,0,0,0,3
41,2,0,0,0,0,1,1,0,1,0,255,9,255,19,2823.715,"Kr_Luna",L,14,112,-4.536,-0.789,-0.083,1.823,-36.778,4,0,-390.434,312.348,-15.563,-1.486,-17.421,1,5,1,R,"_이누_",190.1,90.187,0.5,0,74,0,0,0,0,0,0,0,0,0,0,0,0,0,0,0,0,0.298,-38.259,"_Chun",-1.084,-16.936,"NABIMan",-22.389,-46.338,"오띵__",-12.887,-65.153,"なおｐ--",21.911,-46.461,"CVPileMaki",9.035,-64.042,"mungjungh",34.305,-83.659,"Multeinn",-4.782,-101.297,"M_lunatic",-40.634,-84.909,0,0,0,0,0,"",0,0,0,0,0,0,0,0,0,0
42,2,0,0,0,0,2,1,0,1,0,255,9,255,20,2846.581,"Kr_Luna",L,27,140,1.085,0.462,0.066,1.914,-36.692,2,0,-56.897,-134.315,1.161,0,0,1,5,1,R,"_이누_",190.1,90.187,0.5,3,74,2847.488,182,116,0,195,143,89,95.123,-79.98,-0.47,-0.097,-0.083,0.387,0,0,0,0.163,-37.919,"_Chun",0.09,-16.928,"NABIMan",-23.47,-48.091,"오띵__",-13.393,-65.175,"なおｐ--",22.416,-48.598,"CVPileMaki",11.363,-64.954,"mungjungh",34.387,-83.857,"Multeinn",-3.71,-102.428,"M_lunatic",-40.644,-84.919,0,0,0,0,0,"",0,0,0,0,0,0,0,0,0,3
43,2,0,0,0,0,2,1,0,1,0,255,9,255,21,2870.662,"Kr_Luna",L,26,140,1.92,0.48,0.226,1.729,-36.513,2,0,-24.829,-200,-9.345,0,0,1,5,1,R,"_이누_",190.1,90.187,0.5,3,74,2871.595,147,110,6,176,142,91,-30.55,47.458,-0.16,-0.078,-0.093,0.227,0,0,0,0.168,-37.739,"_Chun",0.004,-17.134,"NABIMan",-21.679,-45.912,"오띵__",-13.331,-65.165,"なおｐ--",22.463,-48.922,"CVPileMaki",11.474,-65.196,"mungjungh",35.496,-83.339,"Multeinn",-2.681,-103.019,"M_lunatic",-40.198,-85.609,2871.818,-1.603,-20.687,2873.739,2,"NABIMan",-23.971,-40.878,0,0,0,0,0,0,0,2
44,2,0,0,0,0,2,1,0,1,0,255,9,255,22,2896.062,"Kr_Luna",L,14,94,-3.029,-1.276,-0.045,1.74,-36.849,4,0,-304.186,351.127,1.555,0,0,1,5,1,R,"_이누_",190.1,90.187,0.5,0,74,0,0,0,0,0,0,0,0,0,0,0,0,0,0,0,0,0.167,-37.967,"_Chun",-0.108,-18.076,"NABIMan",-20.821,-43.637,"오띵__",-11.7,-64.89,"なおｐ--",21.033,-45.762,"CVPileMaki",7.559,-63.823,"mungjungh",35.074,-84.27,"Multeinn",-3.008,-103.301,"M_lunatic",-40.717,-85.616,0,0,0,0,0,"",0,0,0,0,0,0,0,0,0,0
45,2,0,0,0,0,0,2,0,1,0,255,9,255,23,2929.011,"Kr_Luna",L,26,140,3.737,-1.067,0.448,1.339,-36.571,4,0,-21.708,-161.264,-12.165,0,0,1,6,3,L,"˗ˋˏ 카피 ˎˊ˗",167.1,87.669,0.554,0,58,0,0,0,0,0,0,0,0,0,0,0,0,0,0,0,0,0.415,-38.292,"_Chun",0.441,-17.26,"NABIMan",-21.385,-45.809,"오띵__",-8.645,-64.425,"なおｐ--",21.323,-45.56,"CVPileMaki",13.232,-64.14,"mungjungh",37.414,-85.404,"Multeinn",-0.594,-103.689,"M_lunatic",-39.476,-88.481,0,0,0,0,0,"",0,0,0,0,0,0,0,0,0,0
46,2,0,0,0,0,1,2,0,1,0,255,9,255,24,2949.274,"Kr_Luna",L,10,110,-0.591,0.028,-0.018,1.905,-36.558,2,0,0,400,-0.781,0,0,1,6,3,L,"˗ˋˏ 카피 ˎˊ˗",167.1,87.669,0.554,3,58,2950.492,175,91,15,148,142,85,-30,-41.973,0.01,0.112,-0.117,0.203,0,0,0,0.308,-37.925,"_Chun",-0.125,-17.031,"NABIMan",-21.469,-47.176,"오띵__",-11.422,-65.704,"なおｐ--",20.773,-46.988,"CVPileMaki",13.871,-64.369,"mungjungh",37.399,-85.408,"Multeinn",0.939,-103.139,"M_lunatic",-37.342,-86.717,2950.83,0.941,-20.543,2952.545,4,"なおｐ--",19.925,-41.477,0,0,0,0,0,0,0,2
47,3,1,0,0,0,0,0,0,0,0,255,255,255,21,3010.787,"눈꽃",R,31,130,2.996,-1.222,0.152,1.677,-36.387,3,0,-68.279,-55.892,7.32,0.243,-20.579,0,8,7,R,"Multeinn",160,95.138,0.505,0,58,0,0,0,0,0,0,0,0,0,0,0,0,0,0,0,0,0.479,-37.043,"_이누_",0.268,-17.182,"アリアル",-23.964,-50.729,"˗ˋˏ 카피 ˎˊ˗",-13.993,-64.062,"Slaris",21.585,-49.459,"coder_",11.025,-64.522,"ke ro",34.645,-95.915,"아침땅_",-6.972,-102.519,"Sabo_10",-40.099,-88.119,0,0,0,0,0,"",0,0,0,0,0,0,0,0,0,6
48,3,1,0,0,0,0,0,1,0,0,7,255,255,22,3049.043,"눈꽃",R,28,140,-0.161,-0.832,-0.112,1.777,-36.461,2,0,76.302,-82.725,10.746,0,0,1,0,5,R,"CVPileMaki",160,94,0.395,3,58,3050.078,153,95,30,116,142,119,3.662,26.949,0.49,-0.085,-0.146,0.186,0,0,0,0.187,-37.007,"_이누_",-0.01,-17.19,"アリアル",-20.022,-41.838,"˗ˋˏ 카피 ˎˊ˗",-13.962,-63.947,"Slaris",21.569,-49.39,"coder_",10.459,-64.921,"ke ro",34.982,-97.022,"아침땅_",-7.365,-102.471,"Sabo_10",-41.173,-89.721,3051.145,-14.129,-43.79,3053.351,8,"Sabo_10",-35.945,-81.217,1,0,0,0,0,0,0,2
49,3,1,0,0,0,0,0,1,1,0,5,7,255,23,3082.656,"눈꽃",R,14,121,4.35,-1.631,0.155,1.771,-36.435,1,0,276.177,329.466,7.051,0.954,-18.273,0,1,0,L,"Kr_Luna",189.9,94.779,0.501,0,58,0,0,0,0,0,0,0,0,0,0,0,0,0,0,0,0,0.254,-37.349,"_이누_",0.462,-16.898,"アリアル",-23.191,-48.206,"˗ˋˏ 카피 ˎˊ˗",-11.672,-62.604,"Slaris",21.116,-47.175,"coder_",7.821,-62.011,"ke ro",35.292,-98.555,"아침땅_",5.595,-109.82,"Sabo_10",-39.407,-96.506,0,0,0,0,0,"",0,0,0,0,0,0,0,0,0,0
50,3,1,0,0,1,0,0,1,1,0,5,7,255,24,3097.973,"눈꽃",R,27,128,1.314,-0.464,0.129,1.6,-36.307,0,0,-110.443,-112.458,9.963,0,0,0,1,0,L,"Kr_Luna",189.9,94.779,0.501,0,58,0,0,0,0,0,0,0,0,0,0,0,0,0,0,0,0,-0.008,-37.224,"_이누_",0.549,-17.162,"アリアル",-23.253,-48.24,"˗ˋˏ 카피 ˎˊ˗",-6.846,-62.286,"Slaris",21.044,-47.529,"coder_",7.52,-62.916,"ke ro",35.675,-98.429,"아침땅_",6.06,-109.873,"Sabo_10",-39.298,-95.218,0,0,0,0,0,"",0,0,0,0,0,0,0,0,0,0
51,3,1,0,0,1,1,0,1,1,0,5,7,255,25,3118.244,"눈꽃",R,14,119,3.454,-1.978,0.273,1.589,-36.457,1,0,161.325,329.751,4.785,0.692,-19.059,0,1,0,L,"Kr_Luna",189.9,94.779,0.501,0,58,0,0,0,0,0,0,0,0,0,0,0,0,0,0,0,0,0.245,-37.3,"_이누_",1.101,-18.747,"アリアル",-22.631,-47.822,"˗ˋˏ 카피 ˎˊ˗",-10.5,-62.324,"Slaris",21.963,-45.123,"coder_",8.296,-64.573,"ke ro",36.609,-97.383,"아침땅_",8.068,-108.977,"Sabo_10",-39.454,-96.157,0,0,0,0,0,"",0,0,0,0,0,0,0,0,0,0
52,3,1,0,0,2,1,0,1,1,0,5,7,255,26,3134.295,"눈꽃",R,29,130,-0.331,-0.276,-0.039,1.708,-36.342,0,0,-250,-200,14.704,0,0,0,1,0,L,"Kr_Luna",189.9,94.779,0.501,0,58,0,0,0,0,0,0,0,0,0,0,0,0,0,0,0,0,0.247,-37.296,"_이누_",0.079,-16.865,"アリアル",-22.225,-46.612,"˗ˋˏ 카피 ˎˊ˗",-12.706,-64.085,"Slaris",21.61,-45.136,"coder_",7.402,-63.046,"ke ro",36.623,-97.383,"아침땅_",7.546,-109.031,"Sabo_10",-39.787,-95.797,0,0,0,0,0,"",0,0,0,0,0,0,0,0,0,0
53,3,1,0,0,2,2,0,1,1,0,5,7,255,27,3156.584,"눈꽃",R,26,129,-0.642,0.439,-0.082,1.801,-36.384,2,0,-153.093,-180.091,16.949,0,0,1,1,0,L,"Kr_Luna",189.9,94.779,0.501,2,58,3157.422,178,104,42,145,146,118,37.486,-17.951,0.15,0.073,-0.049,0.286,0,0,0,-0.145,-37.049,"_이누_",-0.019,-16.879,"アリアル",-22.731,-47.568,"˗ˋˏ 카피 ˎˊ˗",-13.78,-64.648,"Slaris",21.169,-46.836,"coder_",11.516,-64.883,"ke ro",36.623,-97.477,"아침땅_",5.933,-109.775,"Sabo_10",-39.303,-95.59,3163.103,46.992,-108.016,3165.206,6,"ke ro",43.185,-105.856,1,0,0,0,0,0,0,2
54,3,1,1,0,0,0,0,0,1,1,255,0,5,28,3197.21,"눈꽃",R,13,105,-1.527,-0.771,0.061,1.811,-36.37,1,0,-368.465,317.798,-2.618,0,0,0,2,1,L,"_Chun",190,86,0.455,0,58,0,0,0,0,0,0,0,0,0,0,0,0,0,0,0,0,-0.054,-37.548,"_이누_",-0.09,-16.696,"アリアル",-23.478,-48.994,"˗ˋˏ 카피 ˎˊ˗",-10.51,-63.471,"Slaris",20.434,-44.713,"coder_",11.718,-63.274,"ke ro",40.823,-99.222,"아침땅_",9.172,-111.963,"Sabo_10",-40.997,-94.647,0,0,0,0,0,"",0,0,0,0,0,0,0,0,0,0
55,3,1,1,0,1,0,0,0,1,1,255,0,5,29,3213.89,"눈꽃",R,29,135,2.153,-0.835,0.054,1.686,-36.308,1,0,-184.977,-166.274,17.286,0,0,0,2,1,L,"_Chun",190,86,0.455,0,58,0,0,0,0,0,0,0,0,0,0,0,0,0,0,0,0,0.19,-37.314,"_이누_",0.203,-16.749,"アリアル",-23.596,-49.758,"˗ˋˏ 카피 ˎˊ˗",-12.014,-63.517,"Slaris",20.076,-44.977,"coder_",11.032,-61.645,"ke ro",41.098,-98.653,"아침땅_",9.477,-111.801,"Sabo_10",-41.459,-95.886,0,0,0,0,0,"",0,0,0,0,0,0,0,0,0,0
56,3,1,1,0,2,0,0,0,1,1,255,0,5,30,3230.749,"눈꽃",R,26,140,-0.438,-0.29,-0.17,1.83,-36.313,2,0,-183.013,-186.477,13.882,0,0,1,2,1,L,"_Chun",190,86,0.455,3,58,3231.71,125,84,23,124,139,97,38.494,-49.498,0.92,-0.042,-0.073,0.259,0,0,0,-0.079,-37.068,"_이누_",-0.117,-17.063,"アリアル",-23.723,-49.939,"˗ˋˏ 카피 ˎˊ˗",-13.356,-63.943,"Slaris",19.636,-45.189,"coder_",13.895,-63.662,"ke ro",41.007,-98.75,"아침땅_",5.769,-110.792,"Sabo_10",-41.996,-96.68,3236.539,64.876,-67.752,0,0,"",0,0,0,0,0,0,0,0,0,3
57,3,1,1,0,2,1,0,0,1,1,255,0,5,31,3254.012,"눈꽃",R,14,118,1.913,-1.182,0.058,1.704,-36.341,2,0,368.606,337.831,12.348,0,0,1,2,1,L,"_Chun",190,86,0.455,3,58,3255.025,177,164,55,200,155,88,-30,-40.946,0.97,-0.04,-0.103,0.437,0,0,0,0.036,-37.077,"_이누_",0.227,-17.08,"アリアル",-23.771,-48.949,"˗ˋˏ 카피 ˎˊ˗",-12.467,-64.392,"Slaris",19.874,-45.348,"coder_",14.078,-63.816,"ke ro",40.06,-91.987,"아침땅_",9.736,-110.315,"Sabo_10",-40.545,-94.301,3255.157,1.034,-20.673,0,0,"",0,0,0,0,0,0,0,0,0,3
58,3,1,1,0,2,2,0,0,1,1,255,0,5,32,3276.434,"눈꽃",R,33,140,-2.206,0.417,-0.264,1.956,-36.525,2,0,116.384,-112.266,19.115,0,0,1,2,1,L,"_Chun",190,86,0.455,3,58,3277.376,127,54,7,93,104,83,-25.79,12.429,0.84,0.043,-0.014,0,0,0,0,-0.222,-37.009,"_이누_",0.033,-16.958,"アリアル",-23.46,-49.657,"˗ˋˏ 카피 ˎˊ˗",-12.559,-62.459,"Slaris",21.156,-47.566,"coder_",13.414,-65.026,"ke ro",39.196,-92.181,"아침땅_",8.428,-107.828,"Sabo_10",-40.761,-92.089,3277.588,-0.752,-20.793,3284.079,7,"아침땅_",-14.595,-100.1,1,0,0,0,0,0,0,2
59,3,1,3,0,0,0,0,1,0,0,1,255,255,33,3375.543,"눈꽃",R,27,140,-1.187,-1.199,-0.182,1.595,-36.43,2,0,101.044,-111.776,16.264,0,0,1,3,4,R,"なおｐ--",190,90.37,0.412,3,71,3376.561,182,130,43,149,155,98,29.77,19.83,-0.08,-0.135,-0.195,0.258,0,0,0,-0.031,-37.02,"_이누_",-0.077,-16.987,"アリアル",-19.928,-44.177,"˗ˋˏ 카피 ˎˊ˗",-13.928,-63.828,"Slaris",21.279,-49.282,"coder_",9.177,-66.285,"ke ro",37.137,-95.289,"아침땅_",-6.848,-106.904,"Sabo_10",-40.082,-97.495,3381.503,-31.231,-95.909,3381.703,8,"Sabo_10",-30.565,-94.392,0,0,0,0,0,0,0,1
60,3,1,3,0,0,0,1,1,0,0,1,255,255,34,3409.227,"눈꽃",R,10,126,0.374,-1.375,0.007,1.769,-36.418,1,0,0,400,15.462,-0.028,-17.411,0,4,2,L,"NABIMan",190,99,0.55,0,58,0,0,0,0,0,0,0,0,0,0,0,0,0,0,0,0,0.336,-37.243,"_이누_",0.07,-17.261,"アリアル",-21.271,-46.956,"˗ˋˏ 카피 ˎˊ˗",-13.571,-64.871,"Slaris",22.69,-49.426,"coder_",8.308,-64.292,"ke ro",37.495,-94.582,"아침땅_",5.46,-103.733,"Sabo_10",-42.536,-98.717,0,0,0,0,0,"",0,0,0,0,0,0,0,0,0,0
61,3,1,3,0,1,0,1,1,0,0,1,255,255,35,3424.539,"눈꽃",R,27,124,-2.115,0.3,-0.227,1.85,-36.375,1,0,-120.488,-145.33,13.683,0,0,0,4,2,L,"NABIMan",190,99,0.55,0,58,0,0,0,0,0,0,0,0,0,0,0,0,0,0,0,0,0.075,-37.111,"_이누_",-0.173,-16.85,"アリアル",-21.515,-46.805,"˗ˋˏ 카피 ˎˊ˗",-12.752,-65.015,"Slaris",22.716,-49.835,"coder_",7.921,-64.244,"ke ro",36.812,-94.927,"아침땅_",5.216,-104.545,"Sabo_10",-43.424,-101.981,0,0,0,0,0,"",0,0,0,0,0,0,0,0,0,0
62,3,1,3,0,2,0,1,1,0,0,1,255,255,36,3441.629,"눈꽃",R,26,136,-0.231,-0.399,-0.044,1.673,-36.338,0,0,-144.696,-200,21.531,0,0,0,4,2,L,"NABIMan",190,99,0.55,0,58,0,0,0,0,0,0,0,0,0,0,0,0,0,0,0,0,-0.291,-37.601,"_이누_",-0.26,-17.395,"アリアル",-21.616,-45.183,"˗ˋˏ 카피 ˎˊ˗",-13.272,-64.801,"Slaris",22.607,-49.853,"coder_",6.502,-64.333,"ke ro",36.806,-94.929,"아침땅_",6.071,-104.151,"Sabo_10",-43.329,-100.753,0,0,0,0,0,"",0,0,0,0,0,0,0,0,0,0
63,3,1,3,0,2,1,1,1,0,0,1,255,255,37,3457.882,"눈꽃",R,29,140,-1.78,0.361,-0.175,1.895,-36.428,4,0,-240.075,-200,31.221,0,0,1,4,2,L,"NABIMan",190,99,0.55,0,58,3460.995,0,0,0,0,0,0,0,0,0,0,0,0,0,0,0,0.228,-37.198,"_이누_",-0.178,-17.017,"アリアル",-20.858,-44.466,"˗ˋˏ 카피 ˎˊ˗",-13.293,-64.84,"Slaris",22.562,-49.809,"coder_",10.238,-64.803,"ke ro",37.052,-94.823,"아침땅_",4.683,-104.367,"Sabo_10",-42.655,-99.577,0,0,0,3461.23,2,"アリアル",0.059,-19.629,0,0,0,0,0,0,0,0
64,3,1,3,0,2,2,1,1,0,0,1,255,255,38,3481.395,"눈꽃",R,26,134,-0.819,-0.217,-0.135,1.724,-36.365,2,0,-131.16,-200,18.523,0,0,1,4,2,L,"NABIMan",190,99,0.55,3,58,3482.265,245,174,70,255,155,95,3.544,-22.956,-0.5,0.051,-0.2,0.526,0,0,0,-0.057,-37.091,"_이누_",-0.019,-17.072,"アリアル",-20.886,-44.97,"˗ˋˏ 카피 ˎˊ˗",-13.141,-65.153,"Slaris",22.54,-49.728,"coder_",11.666,-65.717,"ke ro",36.799,-94.962,"아침땅_",5.617,-103.61,"Sabo_10",-42.126,-97.62,3483.66,10.092,-47.896,3484.667,5,"coder_",13.792,-59.042,1,16,0,0,0,0,0,2
65,3,1,3,0,0,0,2,1,0,0,2,255,255,39,3517.463,"눈꽃",R,29,129,-0.014,0.12,-0.025,1.764,-36.409,0,0,-250,-200,25.683,0,0,0,5,8,L,"M_lunatic",160,107,0.444,0,58,0,0,0,0,0,0,0,0,0,0,0,0,0,0,0,0,0.425,-37.299,"_이누_",-0.019,-17.101,"アリアル",-20.806,-44.889,"˗ˋˏ 카피 ˎˊ˗",-11.804,-64.121,"Slaris",22.048,-46.674,"coder_",9.541,-65.086,"ke ro",35.968,-89.732,"아침땅_",6.004,-99.288,"Sabo_10",-40.949,-93.511,0,0,0,0,0,"",0,0,0,0,0,0,0,0,0,0
66,3,1,3,0,0,1,2,1,0,0,2,255,255,40,3533.644,"눈꽃",R,30,124,-0.885,0.301,-0.097,1.839,-36.325,0,0,-149.671,-117.572,14.67,0,0,0,5,8,L,"M_lunatic",160,107,0.444,0,58,0,0,0,0,0,0,0,0,0,0,0,0,0,0,0,0,-0.128,-37.419,"_이누_",-0.291,-17.32,"アリアル",-21.182,-46.5,"˗ˋˏ 카피 ˎˊ˗",-9.281,-63.864,"Slaris",22.002,-48.516,"coder_",5.659,-64.771,"ke ro",36.134,-89.634,"아침땅_",5.708,-99.601,"Sabo_10",-41.54,-94.017,0,0,0,0,0,"",0,0,0,0,0,0,0,0,0,0
67,3,1,3,0,0,2,2,1,0,0,2,255,255,41,3553.634,"눈꽃",R,26,132,-0.597,0.806,-0.066,1.852,-36.396,2,0,-139.015,-200,19.14,0,0,1,5,8,L,"M_lunatic",160,107,0.444,2,58,3554.621,161,83,32,131,142,78,53.362,4.446,-0.48,0.045,-0.087,0.197,0,0,0,0.026,-37.084,"_이누_",0.016,-17.151,"アリアル",-20.007,-44.325,"˗ˋˏ 카피 ˎˊ˗",-13.194,-65.095,"Slaris",20.887,-49.43,"coder_",11.324,-65.568,"ke ro",35.598,-90.317,"아침땅_",5.854,-99.614,"Sabo_10",-41.044,-94.075,3559.994,-0.452,-69.624,3560.224,3,"˗ˋˏ 카피 ˎˊ˗",-0.454,-68.519,0,0,0,0,0,0,0,1
68,3,0,3,0,0,0,0,0,0,0,255,255,255,25,3621.151,"Kr_Luna",L,6,118,-1.594,0.46,0.177,1.744,-36.486,4,0,-500,0,-3.47,0,0,1,7,6,R,"ke ro",167.3,86.492,0.399,0,58,0,0,0,0,0,0,0,0,0,0,0,0,0,0,0,0,0.213,-37.977,"_Chun",-0.144,-16.98,"NABIMan",-21.495,-46.317,"오띵__",-13.183,-65.254,"なおｐ--",21.513,-48.383,"CVPileMaki",13.518,-64.899,"mungjungh",34.031,-89.711,"Multeinn",-5.356,-102.589,"M_lunatic",-36.579,-82.381,0,0,0,0,0,"",0,0,0,0,0,0,0,0,0,0
69,3,0,3,0,0,1,0,0,0,0,255,255,255,26,3642.755,"Kr_Luna",L,0,0,0,0,0,0,0,0,0,0,0,0,0,0,1,7,6,R,"ke ro",167.3,86.492,0.399,0,58,3643.9,0,0,0,0,0,0,0,0,0,0,0,0,0,0,0,0,0,"",0,0,"",0,0,"",0,0,"",0,0,"",0,0,"",0,0,"",0,0,"",0,0,0,0,0,3739.23,-1,"썬써니_",-0.1,-37.815,0,0,0,0,0,0,0,0
70,3,0,3,0,1,1,0,0,0,0,255,255,255,26,3742.533,"Kr_Luna",L,14,99,-2.756,-1.144,-0.055,1.758,-36.593,4,0,-366.954,289.412,-30.481,0,0,1,7,6,R,"ke ro",167.3,86.492,0.399,0,84,0,0,0,0,0,0,0,0,0,0,0,0,0,0,0,0,0.193,-38.12,"_Chun",-0.264,-17.069,"NABIMan",-21.207,-46.081,"오띵__",-13.224,-65.24,"なおｐ--",21.337,-47.32,"CVPileMaki",11.36,-65.277,"mungjungh",31.912,-86.857,"Multeinn",-2.365,-103.206,"M_lunatic",-36.281,-83.188,0,0,0,0,0,"",0,0,0,0,0,0,0,0,0,0
71,3,0,3,0,1,2,0,0,0,0,255,255,255,27,3757.985,"Kr_Luna",L,26,140,0.678,0.47,0.249,1.522,-36.399,0,0,-52.145,-200,-17.358,0,0,1,7,6,R,"ke ro",167.3,86.492,0.399,0,84,0,0,0,0,0,0,0,0,0,0,0,0,0,0,0,0,0.241,-38.002,"_Chun",0.059,-17.383,"NABIMan",-19.616,-42.887,"오띵__",-13.259,-65.203,"なおｐ--",21.933,-48.067,"CVPileMaki",13.032,-64.448,"mungjungh",31.88,-86.791,"Multeinn",-3.878,-104.065,"M_lunatic",-36.298,-83.203,0,0,0,0,0,"",0,0,0,0,0,0,0,0,0,0
72,3,0,3,0,0,0,1,0,0,0,255,255,255,28,3788.785,"Kr_Luna",L,10,114,0.771,0.454,0.113,1.807,-36.432,2,0,-34.585,400,-8.289,0,0,1,8,7,R,"아침땅_",160,95,0.5,2,58,3789.722,90,81,0,142,127,72,10.87,34.424,-0.19,-0.018,-0.014,0.418,0,0,0,0.504,-37.626,"_Chun",0.117,-17.014,"NABIMan",-22.472,-47.904,"오띵__",-13.358,-65.103,"なおｐ--",21.884,-48.008,"CVPileMaki",13.056,-64.49,"mungjungh",32.839,-87.403,"Multeinn",-1.023,-104.719,"M_lunatic",-37.806,-81.39,0,0,0,3793.23,-1,"썬써니_",-19.395,-39.517,0,0,0,0,0,0,0,1
73,3,0,3,0,0,0,2,0,0,0,255,255,255,29,3821.399,"Kr_Luna",L,26,140,0.693,1.051,0.22,1.739,-36.518,2,0,-104.093,-188.22,-3.04,0,0,1,0,5,R,"coder_",164.4,96.459,0.254,3,58,3822.402,184,136,37,216,155,114,48.282,31.266,0.14,-0.118,-0.149,0.464,0,0,0,0.008,-37.39,"_Chun",0.116,-17.13,"NABIMan",-22.22,-48.687,"오띵__",-13.577,-64.85,"なおｐ--",22.29,-48.816,"CVPileMaki",13.517,-64.807,"mungjungh",29.87,-89.126,"Multeinn",-7.07,-104.019,"M_lunatic",-39.483,-83.288,3828.679,-56.738,-89.668,3831.454,-1,"썬써니_",-59.26,-93.571,1,0,0,0,0,0,0,2
74,3,0,3,0,0,0,2,0,0,1,255,255,14,30,3869.179,"Kr_Luna",L,10,121,-0.854,-1.501,-0.024,1.525,-36.551,4,0,0,400,-4.396,-0.179,-17.831,1,1,4,R,"Slaris",190,92,0.451,0,58,0,0,0,0,0,0,0,0,0,0,0,0,0,0,0,0,0.224,-38.126,"_Chun",0.07,-16.96,"NABIMan",-20.332,-44.372,"오띵__",-13.123,-65.133,"なおｐ--",19.71,-42.938,"CVPileMaki",12.435,-62.359,"mungjungh",33.043,-86.688,"Multeinn",1.116,-106.878,"M_lunatic",-40.506,-86.166,0,0,0,0,0,"",0,0,0,0,0,0,0,0,0,0
75,3,0,3,0,0,1,2,0,0,1,255,255,14,31,3889.821,"Kr_Luna",L,27,139,0.673,1.302,0.18,1.89,-36.564,2,0,-48.776,-107.796,-0.683,0,0,1,1,4,R,"Slaris",190,92,0.451,3,58,3890.743,204,139,20,207,155,99,104.12,-37.327,-0.21,-0.024,-0.027,0.292,0,0,0,0.189,-37.765,"_Chun",0.024,-17.216,"NABIMan",-23.072,-47.758,"오띵__",-13.1,-65.139,"なおｐ--",18.935,-42.306,"CVPileMaki",13.496,-64.869,"mungjungh",33.167,-86.468,"Multeinn",0.025,-105.187,"M_lunatic",-40.502,-86.173,0,0,0,0,0,"",0,0,0,0,0,0,0,0,0,3
76,3,0,3,0,0,2,2,0,0,1,255,255,14,32,3914.21,"Kr_Luna",L,14,102,-3.03,-1.559,-0.095,1.594,-36.582,4,0,-342.961,336.458,-18.586,-0.713,-18.388,1,1,4,R,"Slaris",190,92,0.451,0,58,0,0,0,0,0,0,0,0,0,0,0,0,0,0,0,0,0.393,-37.932,"_Chun",-0.211,-18.216,"NABIMan",-19.68,-43.984,"오띵__",-12.377,-64.181,"なおｐ--",19.065,-45.11,"CVPileMaki",13.228,-64.064,"mungjungh",34.049,-83.944,"Multeinn",0.397,-106.94,"M_lunatic",-41.297,-86.394,0,0,0,0,0,"",0,0,0,2,0,0,0,0,0,0
77,4,1,3,0,0,0,0,0,0,0,255,255,255,42,3963.101,"눈꽃",R,29,123,1.035,0.118,0.132,1.772,-36.409,2,0,-250,-199.888,30.214,0,0,1,6,3,R,"오띵__",169.6,90,0.405,3,58,3963.977,114,88,58,97,140,81,66.377,51.006,-0.44,0.125,-0.084,0.068,0,0,0,0.099,-37.004,"_이누_",0.055,-17.162,"アリアル",-24.916,-51.241,"˗ˋˏ 카피 ˎˊ˗",-14.931,-63.262,"Slaris",21.064,-49.405,"coder_",11.246,-65.596,"ke ro",36.027,-90.276,"아침땅_",-7.065,-102.855,"Sabo_10",-40.534,-90.087,3969.557,-39.87,-44.054,3971.042,-1,"썬써니_",-38.682,-43.991,0,0,0,0,0,0,0,1
78,4,1,3,0,0,0,1,0,0,0,255,255,255,43,3995.932,"눈꽃",R,29,140,2.692,-1.1,0.09,1.64,-36.326,4,0,-219.984,-200,34.717,0,0,1,7,6,R,"mungjungh",173.9,86,0.498,0,58,0,0,0,0,0,0,0,0,0,0,0,0,0,0,0,0,0.341,-37.385,"_이누_",0.783,-17.312,"アリアル",-23.186,-48.989,"˗ˋˏ 카피 ˎˊ˗",-14.381,-63.777,"Slaris",22.034,-49.617,"coder_",11.269,-65.438,"ke ro",33.798,-90.158,"아침땅_",-7.102,-99.611,"Sabo_10",-40.783,-87.716,0,0,0,0,0,"",0,0,0,0,0,0,0,0,0,0
79,4,1,3,0,0,1,1,0,0,0,255,255,255,44,4010.375,"눈꽃",R,29,126,0.572,0.087,0.032,1.726,-36.327,0,0,-250,-200,48.56,-0.458,-17.532,0,7,6,R,"mungjungh",173.9,86,0.498,0,58,0,0,0,0,0,0,0,0,0,0,0,0,0,0,0,0,0.173,-37.278,"_이누_",0.018,-17.47,"アリアル",-23.339,-49.164,"˗ˋˏ 카피 ˎˊ˗",-14.436,-63.568,"Slaris",22.14,-49.593,"coder_",11.994,-65.873,"ke ro",33.787,-90.163,"아침땅_",-6.983,-99.788,"Sabo_10",-42.289,-89.265,0,0,0,0,0,"",0,0,0,0,0,0,0,0,0,0
80,4,1,3,0,0,2,1,0,0,0,255,255,255,45,4025.415,"눈꽃",R,26,125,1.145,1.355,0.083,2.055,-36.321,1,0,-121.79,-200,20.003,0,0,0,7,6,R,"mungjungh",173.9,86,0.498,0,58,0,0,0,0,0,0,0,0,0,0,0,0,0,0,0,0,0.322,-37.246,"_이누_",0.158,-17.236,"アリアル",-23.345,-49.126,"˗ˋˏ 카피 ˎˊ˗",-14.462,-64.188,"Slaris",22.039,-49.827,"coder_",12.1,-65.73,"ke ro",34.136,-90.027,"아침땅_",-7.172,-100.044,"Sabo_10",-42.691,-90.083,0,0,0,0,0,"",0,0,0,0,0,0,0,0,0,0
81,4,1,3,0,1,2,1,0,0,0,255,255,255,46,4039.017,"눈꽃",R,29,123,1.949,-0.628,0.209,1.608,-36.334,2,0,-250,-200,40.517,0,0,1,7,6,R,"mungjungh",173.9,86,0.498,3,58,4039.997,128,44,45,9,129,77,-25.399,47.89,-0.15,-0.147,-0.143,0.066,0,0,0,0.116,-37.002,"_이누_",0.055,-17.01,"アリアル",-23.362,-49.131,"˗ˋˏ 카피 ˎˊ˗",-14.44,-64.138,"Slaris",22.038,-49.513,"coder_",11.974,-65.676,"ke ro",33.247,-90.448,"아침땅_",-7.261,-100.327,"Sabo_10",-42.172,-90.358,4040.224,-0.931,-19.951,4043.267,-1,"썬써니_",-26.167,-43.443,0,0,0,0,0,0,0,2
82,4,1,3,0,1,2,1,0,0,0,255,255,255,47,4061.67,"눈꽃",R,3,107,-0.624,1.063,0.214,2.043,-36.438,0,0,-486.364,0,3.21,0,0,0,7,6,R,"mungjungh",173.9,86,0.498,0,58,0,0,0,0,0,0,0,0,0,0,0,0,0,0,0,0,0.099,-37.121,"_이누_",-0.339,-16.837,"アリアル",-24.033,-49.229,"˗ˋˏ 카피 ˎˊ˗",-14.487,-64.608,"Slaris",22.154,-49.775,"coder_",11.708,-65.777,"ke ro",34.055,-90.702,"아침땅_",-6.442,-99.425,"Sabo_10",-43.726,-89.582,0,0,0,0,0,"",0,0,0,0,0,0,0,0,0,0
83,4,1,3,0,0,0,2,0,0,0,255,255,255,48,4085.056,"눈꽃",R,26,118,0.963,1.009,0.096,1.966,-36.353,0,0,-113.353,-161.238,10.219,0,0,0,8,7,R,"Multeinn",160,95.138,0.505,0,58,0,0,0,0,0,0,0,0,0,0,0,0,0,0,0,0,0.281,-37.3,"_이누_",0.057,-16.799,"アリアル",-23.788,-49.4,"˗ˋˏ 카피 ˎˊ˗",-14.228,-64.039,"Slaris",22.098,-49.756,"coder_",11.693,-65.929,"ke ro",34.037,-90.715,"아침땅_",-7.111,-98.3,"Sabo_10",-43.293,-89.002,0,0,0,0,0,"",0,0,0,0,0,0,0,0,0,0
84,4,1,3,0,0,1,2,0,0,0,255,255,255,49,4096.849,"눈꽃",R,26,134,1.606,-0.436,0.166,1.709,-36.342,2,0,-135.489,-200,15.423,0,0,1,8,7,R,"Multeinn",160,95.138,0.505,3,58,4097.766,243,108,18,154,144,104,-22.5,-18.616,0.14,-0.129,-0.084,0.2,0,0,0,0.06,-37.016,"_이누_",-0.022,-17.137,"アリアル",-23.325,-49.816,"˗ˋˏ 카피 ˎˊ˗",-14.222,-64.037,"Slaris",22.186,-49.522,"coder_",11.747,-65.957,"ke ro",33.748,-90.864,"아침땅_",-7.039,-98.752,"Sabo_10",-43.368,-89.027,4097.933,0.616,-19.27,4100.127,-1,"썬써니_",9.976,-60.113,0,0,0,0,0,0,0,2
85,4,0,3,0,0,0,0,0,0,0,255,255,255,33,4162.56,"Kr_Luna",L,26,140,-2.47,0.702,-0.067,1.73,-36.526,4,0,-96.708,-165.421,4.503,-0.493,-21.057,1,2,8,L,"Sabo_10",185.1,94,0.597,0,58,0,0,0,0,0,0,0,0,0,0,0,0,0,0,0,0,-0.117,-37.946,"_Chun",0.239,-18.04,"NABIMan",-21.674,-47.475,"오띵__",-12.962,-65.249,"なおｐ--",22.486,-49.232,"CVPileMaki",15.274,-63.46,"mungjungh",41.894,-89.918,"Multeinn",8.249,-108.566,"M_lunatic",-29.791,-98.849,0,0,0,0,0,"",0,0,0,0,0,0,0,0,0,0
86,4,0,3,0,0,1,0,0,0,0,255,255,255,34,4190.136,"Kr_Luna",L,0,140,-0.116,0.676,0.092,1.736,-36.438,0,0,0,0,0,0,0,0,2,8,L,"Sabo_10",185.1,94,0.597,0,58,0,0,0,0,0,0,0,0,0,0,0,0,0,0,0,0,0.001,-37.856,"_Chun",0.09,-16.802,"NABIMan",-19.482,-45.501,"오띵__",-13.254,-65.207,"なおｐ--",22.94,-49.253,"CVPileMaki",14.589,-63.96,"mungjungh",41.887,-89.907,"Multeinn",9.932,-107.421,"M_lunatic",-29.796,-98.849,0,0,0,0,0,"",0,0,0,0,0,0,0,0,0,0
87,4,0,3,0,0,2,0,0,0,0,255,255,255,35,4210.972,"Kr_Luna",L,13,116,3.871,-1.261,0.175,1.582,-36.444,2,0,330.996,374.756,0.527,0,0,1,2,8,L,"Sabo_10",185.1,94,0.597,3,58,4212.022,156,143,43,172,147,93,-30,-15.894,0.91,0.189,-0.289,0.461,0,0,0,0.333,-37.756,"_Chun",0.581,-16.991,"NABIMan",-21.981,-48.124,"오띵__",-13.205,-65.173,"なおｐ--",23.108,-49.569,"CVPileMaki",14.676,-63.883,"mungjungh",41.897,-89.85,"Multeinn",8.604,-107.788,"M_lunatic",-29.877,-98.963,4212.163,1.013,-21.358,4214.782,-1,"썬써니_",11.661,-58.263,0,0,0,0,0,0,0,2
88,4,0,3,0,0,0,1,0,0,0,255,255,255,36,4245.385,"Kr_Luna",L,3,104,3.349,-0.301,0.29,1.627,-36.428,1,0,271.987,155.271,-3.465,0,0,0,3,0,L,"눈꽃",190,105.32,0.496,0,58,0,0,0,0,0,0,0,0,0,0,0,0,0,0,0,0,0.109,-38.063,"_Chun",0.516,-17.178,"NABIMan",-21.997,-48.419,"오띵__",-13.166,-65.295,"なおｐ--",22.361,-49.005,"CVPileMaki",14.123,-63.854,"mungjungh",39.331,-88.912,"Multeinn",6.466,-109.756,"M_lunatic",-38.373,-92.986,0,0,0,0,0,"",0,0,0,0,0,0,0,0,0,0
89,4,0,3,0,1,0,1,0,0,0,255,255,255,37,4262.481,"Kr_Luna",L,10,111,-0.955,0.677,-0.06,1.912,-36.565,2,0,0,400,0.732,0,0,1,3,0,L,"눈꽃",190,105.32,0.496,3,58,4263.575,78,116,68,38,127,81,-16.315,34.297,-0.25,-0.025,0.038,0.089,0,0,0,0.183,-37.783,"_Chun",-0.164,-16.848,"NABIMan",-22.122,-49.12,"오띵__",-13.184,-65.264,"なおｐ--",22.441,-49.051,"CVPileMaki",14.144,-64.13,"mungjungh",39.269,-88.805,"Multeinn",5.291,-108.964,"M_lunatic",-38.562,-92.783,4263.903,-2.854,-24.813,4267.642,-1,"썬써니_",-18.982,-39.621,0,0,0,0,0,0,0,2
90,4,0,3,0,0,0,2,0,0,0,255,255,255,38,4295.709,"Kr_Luna",L,6,98,0.024,0.311,0.402,1.81,-36.658,0,0,-425.29,0,-9.2,0,0,1,4,2,R,"アリアル",190,94.5,0.5,0,58,0,0,0,0,0,0,0,0,0,0,0,0,0,0,0,0,0.108,-37.8,"_Chun",0.145,-16.987,"NABIMan",-21.753,-48.066,"오띵__",-13.727,-64.843,"なおｐ--",22.409,-48.559,"CVPileMaki",13.38,-64.825,"mungjungh",32.584,-90.238,"Multeinn",-5.08,-101.97,"M_lunatic",-43.184,-81.519,0,0,0,0,0,"",0,0,0,0,0,0,0,0,0,0
91,4,0,3,0,0,1,2,0,0,0,255,255,255,39,4316.043,"Kr_Luna",L,27,140,0.45,0.666,0.224,1.541,-36.435,2,0,-56.237,-147.673,-0.533,0,0,1,4,2,R,"アリアル",190,94.5,0.5,3,58,4316.84,212,90,24,178,143,89,-3.493,17.548,-0.52,-0.024,-0.023,0.245,0,0,0,0.128,-37.5,"_Chun",0.171,-17.008,"NABIMan",-22.324,-48.459,"오띵__",-13.709,-64.878,"なおｐ--",22.478,-48.653,"CVPileMaki",13.464,-64.837,"mungjungh",32.577,-90.21,"Multeinn",-5.079,-101.743,"M_lunatic",-43.173,-81.524,4317.424,-3.77,-29.942,4319.509,-1,"썬써니_",-13.035,-58.853,0,0,0,0,0,0,0,2
92,5,1,3,0,0,0,0,0,0,0,255,255,255,50,4372.688,"눈꽃",R,26,128,1.295,0.359,0.073,1.791,-36.397,2,0,-133.635,-166.242,19.755,0,0,1,0,5,R,"CVPileMaki",160,94,0.395,3,61,4373.735,161,103,30,138,143,82,31.779,20.854,-0.01,-0.011,-0.086,0.223,0,0,0,-0.023,-37.02,"_이누_",0.002,-16.925,"アリアル",-25.745,-51.24,"˗ˋˏ 카피 ˎˊ˗",-14.393,-64.057,"Slaris",22.274,-50.523,"coder_",10.559,-65.713,"ke ro",35.785,-92.51,"아침땅_",-6.565,-101.546,"Sabo_10",-39.524,-88.123,4378.703,-31.252,-78.561,4379.291,-1,"썬써니_",-32.206,-80.667,0,0,0,0,0,0,0,1
93,5,1,3,0,0,0,1,0,0,0,255,255,255,51,4402.991,"눈꽃",R,14,110,-0.04,-0.524,-0.102,1.927,-36.415,2,0,317.671,386.115,3.294,0,0,1,1,0,L,"Kr_Luna",189.9,94.779,0.501,2,58,4403.862,212,127,34,173,155,107,3.814,-8.074,0.92,0.069,-0.048,0.395,0,0,0,-0.212,-37.129,"_이누_",-0.058,-16.989,"アリアル",-24.487,-50.257,"˗ˋˏ 카피 ˎˊ˗",-15.849,-63.324,"Slaris",22.36,-50.839,"coder_",11.331,-67.483,"ke ro",36.039,-99.724,"아침땅_",6.508,-113.845,"Sabo_10",-40.662,-98.772,4405.218,5.337,-53.485,4406.345,-1,"썬써니_",7.265,-66.227,1,0,0,0,0,0,0,2
94,5,1,3,0,0,0,1,1,0,0,0,255,255,52,4439.845,"눈꽃",R,24,115,-0.791,-0.026,-0.139,1.952,-36.489,0,0,241.801,234.175,1.67,-0.335,-17.162,0,2,1,L,"_Chun",190,86,0.455,0,58,0,0,0,0,0,0,0,0,0,0,0,0,0,0,0,0,0.043,-37.383,"_이누_",-0.121,-17.054,"アリアル",-21.678,-44.733,"˗ˋˏ 카피 ˎˊ˗",-14.676,-63.591,"Slaris",22.674,-50.56,"coder_",9.935,-64.285,"ke ro",34.165,-96.401,"아침땅_",7.396,-112.173,"Sabo_10",-40.567,-94.036,0,0,0,0,0,"",0,0,0,0,0,0,0,0,0,0
95,5,1,3,0,0,1,1,1,0,0,0,255,255,53,4459.209,"눈꽃",R,29,124,1.36,-0.625,0.11,1.645,-36.385,0,0,-250,-200,22.545,0,0,0,2,1,L,"_Chun",190,86,0.455,0,58,0,0,0,0,0,0,0,0,0,0,0,0,0,0,0,0,0.038,-37.468,"_이누_",0.276,-16.947,"アリアル",-21.471,-45.078,"˗ˋˏ 카피 ˎˊ˗",-14.99,-63.488,"Slaris",22.738,-50.44,"coder_",8.836,-63.621,"ke ro",34.462,-96.291,"아침땅_",8.379,-112.134,"Sabo_10",-38.838,-92.489,0,0,0,0,0,"",0,0,0,0,0,0,0,0,0,0
96,5,1,3,0,0,2,1,1,0,0,0,255,255,54,4482.737,"눈꽃",R,14,113,3.502,-1.886,0.135,1.694,-36.414,2,0,352.466,354.637,10.379,0,0,1,2,1,L,"_Chun",190,86,0.455,3,58,4483.71,138,114,27,166,142,97,7.209,-1.486,0.93,0.001,-0.133,0.388,0,0,0,-0.062,-37.007,"_이누_",0.139,-16.959,"アリアル",-20.046,-44.488,"˗ˋˏ 카피 ˎˊ˗",-15.141,-63.649,"Slaris",22.8,-50.687,"coder_",12.279,-65.3,"ke ro",34.442,-96.299,"아침땅_",8.289,-111.03,"Sabo_10",-39.805,-93.578,4485.03,3.334,-50.053,4487.012,-1,"썬써니_",3.78,-62.814,0,4,0,0,0,0,0,2
97,5,0,3,0,0,0,0,0,0,0,255,255,255,40,4617.008,"Kr_Luna",L,27,140,0.237,1.492,0.196,1.805,-36.527,1,0,-63.149,-116.93,0.619,0,0,0,5,1,R,"_이누_",190.1,90.187,0.5,0,58,0,0,0,0,0,0,0,0,0,0,0,0,0,0,0,0,0.096,-37.441,"_Chun",0.096,-16.721,"NABIMan",-21.045,-47.158,"오띵__",-13.263,-65.06,"なおｐ--",21.793,-48.075,"CVPileMaki",13.546,-64.881,"mungjungh",36.763,-90.268,"Multeinn",-3.011,-101.676,"M_lunatic",-39.098,-85.372,0,0,0,0,0,"",0,0,0,0,0,0,0,0,0,0
98,5,0,3,0,0,1,0,0,0,0,255,255,255,41,4637.043,"Kr_Luna",L,10,123,1.273,-0.5,0.138,1.598,-36.408,2,0,0,400,-13.506,0,0,1,5,1,R,"_이누_",190.1,90.187,0.5,3,58,4637.92,165,91,1,206,140,90,-16.262,34.64,-0.14,-0.058,-0.1,0.215,0,0,0,0.016,-37.672,"_Chun",0.076,-17.14,"NABIMan",-21.774,-48.007,"오띵__",-13.214,-65.035,"なおｐ--",21.903,-48.264,"CVPileMaki",13.56,-64.911,"mungjungh",36.852,-90.352,"Multeinn",-3.883,-101.467,"M_lunatic",-39.193,-85.385,4638.175,-1.48,-22.888,4641.921,-1,"썬써니_",-18.848,-39.249,0,0,0,0,0,0,0,2
99,5,0,3,0,0,0,1,0,0,0,255,255,255,42,4668.577,"Kr_Luna",L,26,140,-0.941,1.386,0.151,1.465,-36.366,4,0,-20.475,-182.658,-1.26,0,0,1,6,3,L,"˗ˋˏ 카피 ˎˊ˗",167.1,87.669,0.554,0,58,0,0,0,0,0,0,0,0,0,0,0,0,0,0,0,0,0.164,-37.866,"_Chun",-0.154,-17.044,"NABIMan",-21.174,-48.304,"오띵__",-12.867,-65.074,"なおｐ--",21.792,-48.108,"CVPileMaki",13.566,-64.806,"mungjungh",35.043,-85.565,"Multeinn",0.65,-104.856,"M_lunatic",-39.777,-83.497,0,0,0,0,0,"",0,0,0,0,0,0,0,0,0,0
100,5,0,3,0,0,1,1,0,0,0,255,255,255,43,4689.86,"Kr_Luna",L,6,119,-0.722,0.43,0.206,1.799,-36.497,0,0,-461.431,108.487,-5.295,0,0,0,6,3,L,"˗ˋˏ 카피 ˎˊ˗",167.1,87.669,0.554,0,58,0,0,0,0,0,0,0,0,0,0,0,0,0,0,0,0,0.084,-37.831,"_Chun",-0.033,-17.084,"NABIMan",-21.453,-48.687,"오띵__",-12.982,-65.285,"なおｐ--",21.954,-48.33,"CVPileMaki",13.594,-64.819,"mungjungh",36.079,-87.1,"Multeinn",2.45,-104.273,"M_lunatic",-38.635,-82.766,0,0,0,0,0,"",0,0,0,0,0,0,0,0,0,0
101,5,0,3,0,0,2,1,0,0,0,255,255,255,44,4707.599,"Kr_Luna",L,13,97,2.384,-0.528,0.012,1.891,-36.479,4,0,313.403,351.692,-5.007,0.787,-17.275,1,6,3,L,"˗ˋˏ 카피 ˎˊ˗",167.1,87.669,0.554,0,58,0,0,0,0,0,0,0,0,0,0,0,0,0,0,0,0,0.274,-38.043,"_Chun",0.561,-17.112,"NABIMan",-20.659,-45.961,"오띵__",-13.219,-64.637,"なおｐ--",21.921,-48.317,"CVPileMaki",13.594,-64.82,"mungjungh",36.769,-87.024,"Multeinn",2.315,-104.113,"M_lunatic",-38.616,-82.756,0,0,0,0,0,"",0,0,0,0,0,0,0,0,0,0
102,5,0,3,0,0,0,2,0,0,0,255,255,255,45,4741.715,"Kr_Luna",L,13,101,0.755,0.14,-0.054,1.967,-36.497,2,0,230.799,393.992,2.021,0,0,1,7,6,R,"ke ro",167.3,86.492,0.399,2,58,4742.926,215,74,29,108,142,80,-48.448,25.89,-0.51,-0.061,-0.007,0,0,0,0,0.176,-37.819,"_Chun",0.115,-17.067,"NABIMan",-22.783,-48.174,"오띵__",-13.365,-65.156,"なおｐ--",21.974,-48.391,"CVPileMaki",10.51,-65.695,"mungjungh",33.922,-91.425,"Multeinn",-5.136,-105.597,"M_lunatic",-37.565,-87.178,4743.054,-0.209,-20.896,4746.569,-1,"썬써니_",-16.54,-55.808,0,0,0,0,0,0,0,2
103,6,1,3,0,0,0,0,0,0,0,255,255,255,55,4798.708,"눈꽃",R,0,127,-4.285,-0.083,-0.338,1.931,-36.556,1,0,0,0,13.534,0,0,0,3,4,R,"なおｐ--",190,90.37,0.412,0,71,0,0,0,0,0,0,0,0,0,0,0,0,0,0,0,0,0.161,-37.267,"_이누_",-0.197,-16.946,"アリアル",-23.79,-50.5,"˗ˋˏ 카피 ˎˊ˗",-15.363,-64.398,"Slaris",21.916,-51.241,"coder_",10.53,-65.466,"ke ro",35.493,-94.096,"아침땅_",-12.098,-114.425,"Sabo_10",-42.515,-100.417,0,0,0,0,0,"",0,0,0,0,0,0,0,0,0,0
104,6,1,3,0,1,0,0,0,0,0,255,255,255,56,4813.536,"눈꽃",R,26,134,0.372,-0.653,0.024,1.656,-36.376,2,0,-147.778,-154.035,28.814,0,0,1,3,4,R,"なおｐ--",190,90.37,0.412,3,71,4814.601,201,140,25,215,155,130,18.273,3.382,0.51,-0.064,-0.132,0.491,0,0,0,0.056,-37.11,"_이누_",-0.023,-17.087,"アリアル",-23.738,-50.48,"˗ˋˏ 카피 ˎˊ˗",-15.336,-64.36,"Slaris",21.895,-51.134,"coder_",12.403,-65.478,"ke ro",35.67,-98.276,"아침땅_",-11.355,-114.627,"Sabo_10",-42.655,-100.238,4817.769,-8.815,-103.657,4821.763,-1,"썬써니_",-11.152,-121.206,1,0,0,0,0,0,0,2
105,6,1,3,0,0,0,0,0,1,0,255,4,255,57,4854.408,"눈꽃",R,13,105,-0.712,0.004,0.069,1.935,-36.436,0,0,-351.488,338.245,5.694,0,0,0,4,2,R,"NABIMan",190,99,0.55,0,58,0,0,0,0,0,0,0,0,0,0,0,0,0,0,0,0,0.008,-37.381,"_이누_",-0.017,-16.933,"アリアル",-23.906,-49.595,"˗ˋˏ 카피 ˎˊ˗",-12.681,-65.288,"Slaris",21.647,-48.63,"coder_",7.078,-63.305,"ke ro",35.614,-99.052,"아침땅_",-13.071,-108.737,"Sabo_10",-38.37,-94.624,0,0,0,0,0,"",0,0,0,0,0,0,0,0,0,0
106,6,1,3,0,0,1,0,0,1,0,255,4,255,58,4871.668,"눈꽃",R,26,127,1.279,0.077,0.112,1.676,-36.308,2,0,-164.045,-176.586,28.594,0,0,1,4,2,R,"NABIMan",190,99,0.55,3,58,4872.583,180,189,29,255,155,130,17.95,-7.513,0.23,-0.08,-0.147,0.374,0,0,0,0.016,-36.989,"_이누_",0.02,-17.1,"アリアル",-23.811,-49.773,"˗ˋˏ 카피 ˎˊ˗",-14.596,-64.515,"Slaris",21.643,-48.479,"coder_",12.058,-65.393,"ke ro",35.707,-99.051,"아침땅_",-13.523,-108.79,"Sabo_10",-39.232,-94.631,4876.708,-3.604,-124.599,4879.048,-1,"썬써니_",-8.998,-125.055,1,0,0,0,0,0,0,2
107,6,1,4,0,0,0,0,0,1,0,255,2,255,59,4910.86,"눈꽃",R,26,140,-0.616,-0.265,-0.213,1.698,-36.339,0,0,1.921,-200,25.47,0,0,0,5,8,L,"M_lunatic",160,107,0.444,0,58,0,0,0,0,0,0,0,0,0,0,0,0,0,0,0,0,0.019,-37.465,"_이누_",-0.021,-17.485,"アリアル",-23.514,-48.467,"˗ˋˏ 카피 ˎˊ˗",-12.461,-65.131,"Slaris",20.44,-46.996,"coder_",9.487,-62.75,"ke ro",34.04,-94.69,"아침땅_",4.92,-101.057,"Sabo_10",-38.982,-101.214,0,0,0,0,0,"",0,0,0,0,0,0,0,0,0,0
108,6,1,4,0,0,1,0,0,1,0,255,2,255,60,4927.878,"눈꽃",R,28,139,-0.419,0.727,-0.102,1.833,-36.357,0,0,24.4,-93.867,5.876,0,0,1,5,8,L,"M_lunatic",160,107,0.444,0,58,0,0,0,0,0,0,0,0,0,0,0,0,0,0,0,0,0.004,-37.474,"_이누_",0.121,-17.411,"アリアル",-24.298,-49.428,"˗ˋˏ 카피 ˎˊ˗",-12.398,-65.149,"Slaris",21.273,-46.061,"coder_",6.383,-62.717,"ke ro",34.138,-96.323,"아침땅_",-0.013,-99.855,"Sabo_10",-40.14,-99.652,0,0,0,0,0,"",0,0,0,0,0,0,0,0,0,0
109,6,1,4,0,0,2,0,0,1,0,255,2,255,61,4947.236,"눈꽃",R,39,99,-0.153,0.275,-0.018,2.005,-36.478,0,0,66.436,-190.481,9.637,0,0,1,5,8,L,"M_lunatic",160,107,0.444,0,58,0,0,0,0,0,0,0,0,0,0,0,0,0,0,0,0,-0.097,-37.062,"_이누_",-0.086,-17.265,"アリアル",-24.194,-49.466,"˗ˋˏ 카피 ˎˊ˗",-9.988,-65.277,"Slaris",20.856,-46.271,"coder_",8.489,-62.718,"ke ro",34.445,-92.966,"아침땅_",2.916,-100.564,"Sabo_10",-43.699,-100.096,0,0,0,0,0,"",0,0,0,32,0,0,0,0,0,0
110,6,1,4,0,0,0,1,0,1,0,255,2,255,62,4974.022,"눈꽃",R,10,102,-1.532,-0.453,-0.095,2.022,-36.466,1,0,0,400,10.597,0,0,0,6,3,R,"오띵__",169.6,90,0.405,0,58,0,0,0,0,0,0,0,0,0,0,0,0,0,0,0,0,-0.267,-37.524,"_이누_",-0.069,-16.933,"アリアル",-24.021,-49.472,"˗ˋˏ 카피 ˎˊ˗",-12.621,-64.871,"Slaris",20.377,-46.75,"coder_",6.882,-64.643,"ke ro",35.231,-93.509,"아침땅_",-7.081,-100.232,"Sabo_10",-44.089,-99.31,0,0,0,0,0,"",0,0,0,0,0,0,0,0,0,0
111,6,1,4,0,1,0,1,0,1,0,255,2,255,63,4991.812,"눈꽃",R,26,129,0.365,-0.974,-0.037,1.634,-36.349,2,0,-149.28,-184.767,20.699,0,0,1,6,3,R,"오띵__",169.6,90,0.405,3,58,4992.718,148,133,26,183,144,121,103.297,-72.295,0.24,0.033,-0.113,0.219,0,0,0,-0.091,-36.969,"_이누_",-0.129,-17.501,"アリアル",-23.322,-49.582,"˗ˋˏ 카피 ˎˊ˗",-12.922,-64.724,"Slaris",20.618,-47.147,"coder_",8.34,-64.278,"ke ro",35.075,-93.522,"아침땅_",-7.947,-103.442,"Sabo_10",-44.306,-98.022,0,0,0,0,0,"",0,0,0,0,0,0,0,0,0,3
112,6,1,4,0,1,1,1,0,1,0,255,2,255,64,5012.517,"눈꽃",R,26,126,-2.271,1.094,-0.044,1.699,-36.327,2,0,-108.632,-171.019,15.957,0,0,1,6,3,R,"오띵__",169.6,90,0.405,3,58,5013.41,162,129,59,146,149,128,34.169,15.714,0.57,0.01,-0.071,0.181,0,0,0,-0.028,-37.051,"_이누_",-0.095,-17.216,"アリアル",-24.154,-50.314,"˗ˋˏ 카피 ˎˊ˗",-14.539,-64.683,"Slaris",20.615,-47.11,"coder_",10.85,-64.991,"ke ro",36.377,-90.909,"아침땅_",-11.141,-104.046,"Sabo_10",-43.586,-96.518,5019.321,-53.061,-121.205,0,0,"",0,0,0,0,0,0,0,0,0,4
113,6,1,5,0,0,0,2,0,0,0,255,255,255,65,5184.792,"눈꽃",R,4,114,0.283,1.851,0.146,2.105,-36.566,1,0,-191.689,0,5.75,0,0,0,7,6,R,"mungjungh",173.9,107,0.498,0,58,0,0,0,0,0,0,0,0,0,0,0,0,0,0,0,0,-0.014,-37.073,"_이누_",0.002,-16.857,"アリアル",-23.952,-50.092,"˗ˋˏ 카피 ˎˊ˗",-13.12,-65.008,"Slaris",21.12,-51.375,"coder_",11.736,-65.873,"ke ro",33.541,-91.239,"아침땅_",-10.237,-103.712,"Sabo_10",-38.487,-93.443,0,0,0,0,0,"",0,0,0,0,0,0,0,0,0,0
114,6,1,5,0,1,0,2,0,0,0,255,255,255,66,5198.355,"눈꽃",R,0,140,1.272,-0.467,-0.032,1.841,-36.421,0,0,5.794,-21.589,2.99,0,0,1,7,6,R,"mungjungh",173.9,107,0.498,0,58,0,0,0,0,0,0,0,0,0,0,0,0,0,0,0,0,0.243,-37.318,"_이누_",0.068,-16.931,"アリアル",-23.812,-49.914,"˗ˋˏ 카피 ˎˊ˗",-13.101,-64.977,"Slaris",21.577,-51.091,"coder_",11.887,-65.787,"ke ro",33.582,-91.207,"아침땅_",-7.613,-104.043,"Sabo_10",-38.519,-93.462,0,0,0,0,0,"",0,0,0,0,0,0,0,0,0,0
115,6,1,5,0,1,1,2,0,0,0,255,255,255,67,5212.97,"눈꽃",R,29,125,0.781,0.59,0.058,1.837,-36.344,2,0,-187.628,-160.601,22.444,0,0,1,7,6,R,"mungjungh",173.9,107,0.498,3,58,5213.975,255,85,27,134,142,111,26.448,7.261,0.18,-0.175,-0.117,0.016,0,0,0,-0.023,-37.003,"_이누_",0.109,-17.165,"アリアル",-23.847,-50.279,"˗ˋˏ 카피 ˎˊ˗",-13.105,-64.995,"Slaris",21.808,-50.88,"coder_",11.813,-65.756,"ke ro",35.914,-91.83,"아침땅_",-7.606,-104.066,"Sabo_10",-38.431,-93.297,5219.103,-30.052,-110.318,5223.103,-1,"썬써니_",-30.852,-117.875,1,0,0,0,0,0,0,2
116,6,1,5,0,0,0,2,0,1,0,255,6,255,68,5255.021,"눈꽃",R,28,140,1.379,0.44,0.02,1.915,-36.445,0,0,29.232,-87.92,7.185,0,0,0,8,7,R,"Multeinn",160,95.138,0.505,0,58,0,0,0,0,0,0,0,0,0,0,0,0,0,0,0,0,-0.077,-37.407,"_이누_",0.086,-16.911,"アリアル",-23.178,-49.284,"˗ˋˏ 카피 ˎˊ˗",-13.166,-64.938,"Slaris",20.742,-48.314,"coder_",9.776,-64.736,"ke ro",32.993,-90.337,"아침땅_",-9.184,-99.242,"Sabo_10",-36.61,-90.499,0,0,0,0,0,"",0,0,0,0,0,0,0,0,0,0
117,6,1,5,0,0,1,2,0,1,0,255,6,255,69,5270.987,"눈꽃",R,3,112,-1.041,-0.096,0.056,1.745,-36.361,0,0,-397.205,0,-6.765,0,0,1,8,7,R,"Multeinn",160,95.138,0.505,0,58,0,0,0,0,0,0,0,0,0,0,0,0,0,0,0,0,0.16,-37.264,"_이누_",-0.121,-17.107,"アリアル",-23.71,-49.27,"˗ˋˏ 카피 ˎˊ˗",-13.162,-64.915,"Slaris",20.661,-48.253,"coder_",7.534,-64.965,"ke ro",34.887,-92.265,"아침땅_",-9.27,-101.022,"Sabo_10",-37.058,-90.847,0,0,0,0,0,"",0,0,0,0,0,0,0,0,0,0
118,6,1,5,0,0,2,2,0,1,0,255,6,255,70,5289.696,"눈꽃",R,26,138,1.191,0.537,0.009,1.835,-36.403,0,0,-52.72,-200,26.062,0,0,1,8,7,R,"Multeinn",160,95.138,0.505,0,58,0,0,0,0,0,0,0,0,0,0,0,0,0,0,0,0,0.157,-37.152,"_이누_",0.081,-17.268,"アリアル",-23.723,-49.233,"˗ˋˏ 카피 ˎˊ˗",-13.998,-64.202,"Slaris",20.567,-48.06,"coder_",8.467,-65.484,"ke ro",35.47,-94.224,"아침땅_",-8.802,-101.094,"Sabo_10",-36.75,-89.538,0,0,0,0,0,"",0,0,0,0,0,0,0,0,0,0
119,6,0,5,0,0,0,0,0,0,0,255,255,255,46,5347.19,"Kr_Luna",L,27,140,0.914,-0.742,0.248,1.479,-36.463,0,0,-80.421,-143.464,0.699,0,0,0,8,7,R,"아침땅_",160,95,0.5,0,58,0,0,0,0,0,0,0,0,0,0,0,0,0,0,0,0,0.34,-38.046,"_Chun",0.081,-17.046,"NABIMan",-20.945,-46.576,"오띵__",-13.331,-65.195,"なおｐ--",21.602,-47.949,"CVPileMaki",13.534,-64.861,"mungjungh",36.735,-85.961,"Multeinn",1.132,-103.335,"M_lunatic",-36.94,-83.817,0,0,0,0,0,"",0,0,0,0,0,0,0,0,0,0
120,6,0,5,0,0,1,0,0,0,0,255,255,255,47,5363.167,"Kr_Luna",L,14,87,-2.163,-1.902,0.116,1.635,-36.654,4,0,-319.345,294.907,-8.971,-0.517,-18.993,1,8,7,R,"아침땅_",160,95,0.5,0,58,0,0,0,0,0,0,0,0,0,0,0,0,0,0,0,0,0.245,-37.714,"_Chun",-0.123,-17.178,"NABIMan",-20.788,-44.565,"오띵__",-13.305,-65.184,"なおｐ--",21.512,-47.955,"CVPileMaki",13.574,-64.878,"mungjungh",36.75,-85.977,"Multeinn",-1.229,-101.336,"M_lunatic",-36.973,-83.83,0,0,0,0,0,"",0,0,0,0,0,0,0,0,0,0
121,6,0,5,0,0,2,0,0,0,0,255,255,255,48,5381.833,"Kr_Luna",L,26,140,0.193,1.435,0.22,1.613,-36.39,1,0,-35.464,-160.278,-5.432,0,0,0,8,7,R,"아침땅_",160,95,0.5,0,58,0,0,0,0,0,0,0,0,0,0,0,0,0,0,0,0,0.362,-37.913,"_Chun",-0.422,-16.964,"NABIMan",-20.459,-44.268,"오띵__",-13.304,-65.198,"なおｐ--",21.548,-47.95,"CVPileMaki",13.593,-64.882,"mungjungh",36.738,-85.994,"Multeinn",-0.941,-100.395,"M_lunatic",-36.935,-83.766,0,0,0,0,0,"",0,0,0,0,0,0,0,0,0,0
122,6,0,5,0,1,2,0,0,0,0,255,255,255,49,5401.267,"Kr_Luna",L,10,124,1.123,-1.798,0.135,1.546,-36.393,1,0,0,400,-10.491,0.217,-18.324,0,8,7,R,"아침땅_",160,95,0.5,0,58,0,0,0,0,0,0,0,0,0,0,0,0,0,0,0,0,0.284,-37.739,"_Chun",0.04,-17.092,"NABIMan",-21.431,-45.216,"오띵__",-13.274,-65.198,"なおｐ--",21.462,-47.999,"CVPileMaki",13.592,-64.891,"mungjungh",38.298,-85.555,"Multeinn",-2.507,-101.758,"M_lunatic",-36.75,-83.596,0,0,0,0,0,"",0,0,0,0,0,0,0,0,0,0
123,6,0,5,0,2,2,0,0,0,0,255,255,255,50,5418.324,"Kr_Luna",L,26,140,1.105,-1.121,0.251,1.387,-36.437,0,0,-67.566,-167.843,-3.45,0,0,1,8,7,R,"아침땅_",160,95,0.5,0,58,0,0,0,0,0,0,0,0,0,0,0,0,0,0,0,0,0.236,-37.752,"_Chun",0.088,-17.169,"NABIMan",-20.255,-43.226,"오띵__",-13.314,-65.149,"なおｐ--",21.747,-48.403,"CVPileMaki",13.65,-64.855,"mungjungh",38.358,-85.714,"Multeinn",-3.465,-101.957,"M_lunatic",-36.91,-83.788,0,0,0,0,0,"",0,0,0,256,0,0,0,0,0,0
124,6,0,5,0,0,0,1,0,0,0,255,255,255,51,5451.059,"Kr_Luna",L,3,101,2.048,1.626,-0.067,2.008,-36.535,1,0,427.951,0,3.271,0,0,0,0,5,R,"coder_",164.4,96.459,0.254,0,57,0,0,0,0,0,0,0,0,0,0,0,0,0,0,0,0,0.327,-38.107,"_Chun",-0.145,-17.455,"NABIMan",-22.935,-47.956,"오띵__",-13.354,-65.189,"なおｐ--",21.904,-48.641,"CVPileMaki",13.651,-64.878,"mungjungh",33.226,-90.992,"Multeinn",-5.195,-104.206,"M_lunatic",-39.672,-84.07,0,0,0,0,0,"",0,0,0,0,0,0,0,0,0,0
125,6,0,5,0,1,0,1,0,0,0,255,255,255,52,5471.822,"Kr_Luna",L,10,119,0.896,-1.07,0.112,1.734,-36.395,2,0,0,400,-9.111,0,0,1,0,5,R,"coder_",164.4,96.459,0.254,3,57,5472.948,165,87,30,103,142,102,-15.02,2.116,0.85,-0.132,-0.164,0.296,0,0,0,-0.089,-37.446,"_Chun",0.087,-17.099,"NABIMan",-23.294,-48.502,"오띵__",-13.305,-65.189,"なおｐ--",21.931,-48.659,"CVPileMaki",13.607,-64.897,"mungjungh",33.244,-90.989,"Multeinn",-5.361,-105.814,"M_lunatic",-39.711,-84.086,5473.181,-0.325,-21.231,5474.533,-1,"썬써니_",-1.686,-37.308,0,0,0,0,0,0,0,2
126,6,0,5,0,0,0,2,0,0,0,255,255,255,53,5539.364,"Kr_Luna",L,6,125,-1.164,0.66,0.132,1.604,-36.435,0,0,-500,0,-1.94,-1.139,-17.245,0,1,4,R,"Slaris",190,92,0.451,0,58,0,0,0,0,0,0,0,0,0,0,0,0,0,0,0,0,0.083,-37.848,"_Chun",-0.293,-16.658,"NABIMan",-20.981,-45.766,"오띵__",-13.229,-65.179,"なおｐ--",22.596,-49.473,"CVPileMaki",13.557,-64.906,"mungjungh",35.875,-88.818,"Multeinn",-1.536,-104.167,"M_lunatic",-39.818,-83.233,0,0,0,0,0,"",0,0,0,0,0,0,0,0,0,0
127,6,0,5,0,0,1,2,0,0,0,255,255,255,54,5559.699,"Kr_Luna",L,10,118,0.239,-1.681,0.016,1.74,-36.462,1,0,0,400,-11.48,0.047,-18.501,0,1,4,R,"Slaris",190,92,0.451,0,58,0,0,0,0,0,0,0,0,0,0,0,0,0,0,0,0,0.177,-37.87,"_Chun",0.019,-17.077,"NABIMan",-20.531,-43.753,"오띵__",-13.231,-65.182,"なおｐ--",22.677,-49.289,"CVPileMaki",13.583,-64.903,"mungjungh",37.488,-88.294,"Multeinn",-1.981,-100.925,"M_lunatic",-39.139,-84.769,0,0,0,0,0,"",0,0,0,0,0,0,0,0,0,0
128,6,0,5,0,1,1,2,0,0,0,255,255,255,55,5578.582,"Kr_Luna",L,14,116,-1.322,0.394,0.117,1.83,-36.598,2,0,-390.434,312.348,-4.803,0,0,1,1,4,R,"Slaris",190,92,0.451,3,58,5579.623,108,91,54,98,139,130,27.079,3.549,0.32,-0.024,-0.058,0.234,0,0,0,0.601,-37.618,"_Chun",-0.312,-17.066,"NABIMan",-22.949,-47.559,"오띵__",-13.218,-65.235,"なおｐ--",22.685,-49.291,"CVPileMaki",13.578,-64.863,"mungjungh",37.498,-88.388,"Multeinn",-2.711,-101.601,"M_lunatic",-39.587,-84.78,5585.296,-4.794,-139.785,0,0,"",0,0,0,0,0,0,0,0,0,4
129,6,0,5,1,0,0,2,0,0,0,255,255,255,56,5635.813,"Kr_Luna",L,13,111,-1.064,-0.438,-0.205,1.737,-36.477,2,0,259.273,359.001,-2.449,0,0,1,2,8,L,"Sabo_10",185.1,94,0.597,3,58,5636.962,191,139,49,160,155,124,29.6,3.149,0.84,0.114,-0.133,0.462,0,0,0,-0.138,-37.623,"_Chun",-0.032,-17.097,"NABIMan",-23.335,-50.122,"오띵__",-13.205,-65.182,"なおｐ--",23.072,-49.394,"CVPileMaki",15.373,-63.527,"mungjungh",43.171,-88.687,"Multeinn",8.899,-113.114,"M_lunatic",-30.388,-99.493,0,0,0,5647.703,-1,"썬써니_",15.633,-126.296,0,0,0,0,0,0,0,1
130,7,1,5,1,0,0,0,0,0,0,255,255,255,0,5858.86,"Slaris",R,26,137,0.657,0.797,-0.034,1.768,-36.489,0,0,-36.483,-186.575,14.275,0,0,0,0,5,R,"CVPileMaki",160,94,0.395,0,58,0,0,0,0,0,0,0,0,0,0,0,0,0,0,0,0,-0.061,-37.422,"눈꽃",0.026,-17.022,"アリアル",-24.3,-50.383,"˗ˋˏ 카피 ˎˊ˗",-15.603,-63.407,"_이누_",20.824,-51.451,"coder_",10.709,-65.542,"ke ro",35.828,-89.146,"아침땅_",-7.339,-101.2,"Sabo_10",-37.517,-91.432,0,0,0,0,0,"",0,0,0,0,0,0,0,0,0,0
131,7,1,5,1,0,1,0,0,0,0,255,255,255,1,5871.608,"Slaris",R,27,140,1.084,0.925,0.025,1.813,-36.457,0,0,87.001,-125.132,9.974,0,0,1,0,5,R,"CVPileMaki",160,94,0.395,0,58,0,0,0,0,0,0,0,0,0,0,0,0,0,0,0,0,0.121,-37.218,"눈꽃",-0.57,-16.78,"アリアル",-24.319,-50.406,"˗ˋˏ 카피 ˎˊ˗",-15.625,-63.445,"_이누_",20.156,-50.99,"coder_",11.369,-66.031,"ke ro",35.798,-89.419,"아침땅_",-5.5,-101.419,"Sabo_10",-37.116,-90.673,0,0,0,0,0,"",0,0,0,0,0,0,0,0,0,0
132,7,1,5,1,0,2,0,0,0,0,255,255,255,2,5887.513,"Slaris",R,27,140,0.708,1.308,0.009,1.863,-36.49,2,0,44.481,-137.295,15.051,0,0,1,0,5,R,"CVPileMaki",160,94,0.395,3,58,5888.577,109,68,26,103,133,119,55.149,-35.875,0.54,0.036,-0.06,0.119,0,0,0,-0.049,-36.488,"눈꽃",0.053,-17.038,"アリアル",-24.316,-50.394,"˗ˋˏ 카피 ˎˊ˗",-15.574,-63.332,"_이누_",20.419,-50.991,"coder_",11.039,-65.776,"ke ro",35.808,-89.429,"아침땅_",-6.333,-102.005,"Sabo_10",-37.141,-90.723,0,0,0,5890.563,-1,"_AKASATA_",0.054,-17.643,0,0,0,0,0,0,0,3
133,7,1,5,1,0,2,0,0,0,0,255,255,255,3,5908.376,"Slaris",R,13,118,-3.357,-2.027,-0.115,1.615,-36.405,4,0,-386.782,316.86,-5.131,-0.74,-18.772,1,0,5,R,"CVPileMaki",160,94,0.395,0,61,0,0,0,0,0,0,0,0,0,0,0,0,0,0,0,0,-0.19,-36.75,"눈꽃",-0.305,-17.045,"アリアル",-23.968,-50.633,"˗ˋˏ 카피 ˎˊ˗",-15.191,-63.959,"_이누_",19.561,-49.804,"coder_",11.057,-65.585,"ke ro",35.517,-89.542,"아침땅_",-10.543,-101.037,"Sabo_10",-38.33,-91.086,0,0,0,0,0,"",0,0,0,0,0,0,0,0,0,0
134,7,1,5,1,0,0,1,0,0,0,255,255,255,4,5940.078,"Slaris",R,14,121,0.962,0.403,-0.173,1.871,-36.447,2,0,390.434,312.348,6.791,0,0,1,1,0,L,"Kr_Luna",189.9,94.779,0.501,2,58,5940.846,205,140,37,185,155,69,-30,-43.754,1,0.036,-0.034,0.501,0,0,0,-0.114,-36.405,"눈꽃",-0.047,-17.101,"アリアル",-22.95,-48.447,"˗ˋˏ 카피 ˎˊ˗",-14.119,-64.564,"_이누_",23.772,-51.939,"coder_",12.135,-65.337,"ke ro",35.669,-89.964,"아침땅_",5.181,-109.524,"Sabo_10",-38.859,-107.197,5941.193,1.964,-22.407,5943.757,4,"_이누_",23.58,-44.147,0,2,0,0,0,0,0,2
135,7,1,5,1,0,0,2,0,0,0,255,255,255,5,5975.632,"Slaris",R,10,127,1.593,-0.326,0.024,1.785,-36.583,2,0,25.479,400,14.599,0,0,1,2,1,L,"_Chun",190,86,0.455,3,58,5976.579,139,86,23,137,141,130,16.156,-16.041,0.49,-0.067,-0.03,0.32,0,0,0,0.039,-36.637,"눈꽃",0.074,-17.102,"アリアル",-23.772,-49.486,"˗ˋˏ 카피 ˎˊ˗",-14.222,-64.358,"_이누_",23.469,-51.249,"coder_",12.295,-65.422,"ke ro",41.028,-90.149,"아침땅_",5.142,-108.687,"Sabo_10",-41.575,-97.574,5981.26,40.981,-127.122,0,0,"",0,0,0,0,0,0,0,0,0,4
136,7,1,6,1,0,0,2,0,0,0,255,255,255,6,6025.024,"Slaris",R,26,140,-0.944,-0.266,-0.059,1.664,-36.457,2,0,23.232,-200,16.592,0,0,1,3,4,R,"なおｐ--",190,90.37,0.412,3,71,6026.034,190,130,38,150,155,99,5.182,18.837,-0.14,-0.112,-0.098,0.513,0,0,0,-0.276,-36.392,"눈꽃",0.136,-17.02,"アリアル",-24.048,-49.875,"˗ˋˏ 카피 ˎˊ˗",-15.058,-64.172,"_이누_",20.041,-52.248,"coder_",11.557,-65.798,"ke ro",36.276,-93.479,"아침땅_",-5.256,-110.246,"Sabo_10",-40.914,-104.813,6027.448,-12.276,-49.407,6028.242,3,"˗ˋˏ 카피 ˎˊ˗",-15.822,-57.282,0,8,0,0,0,0,0,2
137,7,0,6,1,0,0,0,0,0,0,255,255,255,57,6092.305,"Kr_Luna",L,6,111,-0.968,1.761,0.216,2.028,-36.8,2,0,-428.899,67.607,2.15,0,0,1,3,1,L,"눈꽃",190,105.32,0.496,3,58,6093.4,174,172,33,239,155,96,-58.291,-41.005,-0.49,-0.048,0.05,0.222,0,0,0,0.02,-37.473,"_Chun",-0.097,-16.978,"NABIMan",-22.898,-48.405,"오띵__",-13.286,-65.284,"なおｐ--",22.075,-48.296,"CVPileMaki",13.546,-64.872,"mungjungh",38.775,-91.17,"Multeinn",6.626,-113.295,"M_lunatic",-34.986,-90.638,6093.593,0.715,-21.712,6096.23,4,"なおｐ--",22.692,-46.519,0,0,0,0,0,0,0,2
138,7,0,6,1,0,0,1,0,0,0,255,255,255,58,6130.467,"Kr_Luna",L,10,123,0.08,-1.737,0.029,1.506,-36.366,1,0,0,400,-8.288,0.013,-18.408,0,4,2,R,"アリアル",190,94.5,0.5,0,58,0,0,0,0,0,0,0,0,0,0,0,0,0,0,0,0,-0.018,-37.809,"_Chun",0.058,-17.015,"NABIMan",-21.448,-47.911,"오띵__",-13.119,-65.255,"なおｐ--",20.106,-46.087,"CVPileMaki",13.508,-64.83,"mungjungh",29.931,-93.019,"Multeinn",-5.785,-105.612,"M_lunatic",-42.047,-84.089,0,0,0,0,0,"",0,0,0,0,0,0,0,0,0,0
139,7,0,6,1,1,0,1,0,0,0,255,255,255,59,6147.847,"Kr_Luna",L,27,136,1.358,0.154,0.118,1.831,-36.528,0,0,-54.199,-100.885,2.031,0,0,0,4,2,R,"アリアル",190,94.5,0.5,0,58,0,0,0,0,0,0,0,0,0,0,0,0,0,0,0,0,0.381,-37.747,"_Chun",0.21,-17.285,"NABIMan",-21.161,-46.583,"오띵__",-13.14,-65.254,"なおｐ--",20.67,-47.172,"CVPileMaki",13.539,-64.782,"mungjungh",29.911,-93.024,"Multeinn",-5.812,-105.614,"M_lunatic",-41.821,-84.383,0,0,0,0,0,"",0,0,0,0,0,0,0,0,0,0
140,7,0,6,1,1,1,1,0,0,0,255,255,255,60,6166.991,"Kr_Luna",L,13,86,-1.939,-0.446,-0.565,1.846,-36.721,1,0,305.249,312.348,2.988,0,0,0,4,2,R,"アリアル",190,94.5,0.5,0,58,0,0,0,0,0,0,0,0,0,0,0,0,0,0,0,0,0.204,-38.063,"_Chun",-0.184,-16.902,"NABIMan",-20.68,-46.936,"오띵__",-13.186,-65.242,"なおｐ--",20.93,-47.411,"CVPileMaki",13.554,-64.83,"mungjungh",29.877,-92.943,"Multeinn",-5.787,-104.617,"M_lunatic",-41.854,-84.428,0,0,0,0,0,"",0,0,0,0,0,0,0,0,0,0
141,7,0,6,1,2,1,1,0,0,0,255,255,255,61,6182.899,"Kr_Luna",L,10,123,1.014,-1.435,0.114,1.568,-36.408,2,0,0,400,-9.316,0.275,-19.993,1,4,2,R,"アリアル",190,94.5,0.5,3,58,6183.78,231,144,38,238,155,97,-38.475,-14.032,-0.44,-0.043,-0.03,0.412,0,0,0,0.142,-37.591,"_Chun",0.064,-17.167,"NABIMan",-22.783,-48.786,"오띵__",-13.11,-65.299,"なおｐ--",20.98,-47.485,"CVPileMaki",13.518,-64.843,"mungjungh",29.915,-93.021,"Multeinn",-5.792,-104.538,"M_lunatic",-41.817,-84.38,6183.945,0.466,-20.214,6186.278,5,"CVPileMaki",9.33,-55.639,0,0,0,0,0,0,0,2
142,7,0,6,1,0,0,2,0,0,0,255,255,255,62,6219.541,"Kr_Luna",L,10,111,0.427,0.235,0.063,1.929,-36.491,2,0,0,400,-2.532,0,0,1,5,4,R,"_이누_",190.1,90.187,0.5,3,58,6220.513,143,124,2,213,142,37,101.899,-76.507,-0.17,-0.051,-0.092,0.35,0,0,0,0.008,-37.633,"_Chun",0.076,-17.044,"NABIMan",-22.477,-47.579,"오띵__",-13.179,-65.341,"なおｐ--",21.645,-47.914,"CVPileMaki",13.554,-64.859,"mungjungh",32.824,-93.793,"Multeinn",-4.134,-102.785,"M_lunatic",-38.56,-81.985,6224.024,-17.874,-15.466,0,0,"",0,0,0,0,0,0,0,0,0,3
143,7,0,6,1,0,1,2,0,0,0,255,255,255,63,6249.254,"Kr_Luna",L,26,140,2.303,-0.607,0.311,1.436,-36.323,2,0,-55.286,-200,-10.147,0,0,1,5,4,R,"_이누_",190.1,90.187,0.5,3,58,6250.131,152,91,1,179,140,130,-22.5,29.827,0.43,-0.078,-0.112,0.322,0,0,0,0.169,-37.555,"_Chun",0.099,-16.939,"NABIMan",-22.089,-45.794,"오띵__",-13.325,-65.196,"なおｐ--",22.346,-48.477,"CVPileMaki",13.567,-64.872,"mungjungh",32.985,-89.351,"Multeinn",-5.625,-100.284,"M_lunatic",-42.819,-80.061,6250.291,-0.504,-21.373,6253.206,8,"M_lunatic",-35.701,-72.989,0,0,0,0,0,0,0,2
144,8,1,6,1,0,0,0,0,0,0,255,255,255,7,6310.396,"Slaris",R,27,140,-1.338,0.217,-0.218,1.753,-36.473,0,0,39.729,-116.918,24.674,0,0,0,5,2,L,"NABIMan",190,99,0.55,0,58,0,0,0,0,0,0,0,0,0,0,0,0,0,0,0,0,-0.088,-36.963,"눈꽃",-0.167,-17.023,"アリアル",-24.178,-50.198,"˗ˋˏ 카피 ˎˊ˗",-15.331,-63.268,"_이누_",23.773,-51.348,"coder_",12.45,-65.371,"ke ro",40.221,-90.52,"아침땅_",3.568,-106.788,"Sabo_10",-38.362,-88.627,0,0,0,0,0,"",0,0,0,0,0,0,0,0,0,0
145,8,1,6,1,0,1,0,0,0,0,255,255,255,8,6327.608,"Slaris",R,27,140,-1.761,-0.761,-0.416,1.496,-36.436,1,0,50.248,-119.639,44.42,0,0,0,5,2,L,"NABIMan",190,99,0.55,0,58,0,0,0,0,0,0,0,0,0,0,0,0,0,0,0,0,-0.033,-37.083,"눈꽃",-0.196,-16.952,"アリアル",-24.144,-50.195,"˗ˋˏ 카피 ˎˊ˗",-15.353,-63.332,"_이누_",23.78,-51.33,"coder_",12.13,-65.682,"ke ro",40.105,-90.513,"아침땅_",3.613,-106.79,"Sabo_10",-38.22,-88.702,0,0,0,0,0,"",0,0,0,0,0,0,0,0,0,0
146,8,1,6,1,1,1,0,0,0,0,255,255,255,9,6344.588,"Slaris",R,33,140,-0.26,0.139,-0.068,1.752,-36.499,2,0,128.983,-105.818,16.472,0,0,1,5,2,L,"NABIMan",190,99,0.55,3,58,6345.473,69,64,14,84,88,67,31.985,-49.368,-0.03,0.004,-0.115,0.119,0,0,0,-0.067,-36.735,"눈꽃",-0.15,-17.066,"アリアル",-24.161,-50.196,"˗ˋˏ 카피 ˎˊ˗",-15.35,-63.328,"_이누_",23.664,-51.4,"coder_",11.969,-65.649,"ke ro",40.087,-90.523,"아침땅_",3.599,-106.807,"Sabo_10",-38.237,-88.712,0,0,0,6348.793,4,"_이누_",30.526,-43.13,0,0,0,0,0,0,0,1
147,8,1,6,1,0,0,1,0,0,0,255,255,255,10,6373.67,"Slaris",R,27,140,-2.339,-1.263,-0.299,1.643,-36.478,1,0,-26.654,-123.195,23.217,-0.586,-17.917,0,5,8,L,"M_lunatic",160,107,0.444,0,58,0,0,0,0,0,0,0,0,0,0,0,0,0,0,0,0,-0.206,-36.397,"눈꽃",-0.194,-17.09,"アリアル",-24.054,-50.275,"˗ˋˏ 카피 ˎˊ˗",-14.252,-63.829,"_이누_",19.987,-47.58,"coder_",12.774,-65.412,"ke ro",36.932,-88.873,"아침땅_",4.638,-102.146,"Sabo_10",-37.705,-87.892,0,0,0,0,0,"",0,0,0,0,0,0,0,0,0,0
148,8,1,6,1,1,0,1,0,0,0,255,255,255,11,6385.79,"Slaris",R,27,140,-1.206,0.475,-0.232,1.729,-36.456,0,0,16.741,-123.695,19.188,0,0,1,5,8,L,"M_lunatic",160,107,0.444,0,58,0,0,0,0,0,0,0,0,0,0,0,0,0,0,0,0,0.03,-37.446,"눈꽃",-0.109,-16.932,"アリアル",-23.282,-49.42,"˗ˋˏ 카피 ˎˊ˗",-14.264,-63.838,"_이누_",19.986,-47.566,"coder_",12.76,-65.451,"ke ro",36.766,-88.895,"아침땅_",4.383,-101.172,"Sabo_10",-37.787,-87.57,0,0,0,0,0,"",0,0,0,0,0,0,0,0,0,0
149,8,1,6,1,1,1,1,0,0,0,255,255,255,12,6398.541,"Slaris",R,26,139,-1.281,0.362,-0.238,1.699,-36.484,0,0,-7.098,-200,19.623,0,0,1,5,8,L,"M_lunatic",160,107,0.444,0,58,0,0,0,0,0,0,0,0,0,0,0,0,0,0,0,0,0.043,-37.22,"눈꽃",-0.157,-16.966,"アリアル",-22.534,-48.098,"˗ˋˏ 카피 ˎˊ˗",-14.263,-63.83,"_이누_",20.002,-47.621,"coder_",12.706,-65.56,"ke ro",36.938,-88.872,"아침땅_",4.386,-101.196,"Sabo_10",-37.78,-87.543,0,0,0,0,0,"",0,0,0,0,0,0,0,0,0,0
150,8,1,6,1,1,2,1,0,0,0,255,255,255,13,6415.934,"Slaris",R,26,140,-2.752,-0.429,-0.232,1.807,-36.493,4,0,-21.442,-195.086,32.082,0,0,1,5,8,L,"M_lunatic",160,107,0.444,0,58,0,0,0,0,0,0,0,0,0,0,0,0,0,0,0,0,-0.28,-37.383,"눈꽃",-0.21,-17.039,"アリアル",-22.163,-46.495,"˗ˋˏ 카피 ˎˊ˗",-14.179,-63.753,"_이누_",20.073,-47.541,"coder_",12.639,-65.448,"ke ro",36.639,-88.952,"아침땅_",4.359,-101.222,"Sabo_10",-37.791,-87.569,0,0,0,0,0,"",0,0,0,0,0,0,0,0,0,0
151,8,1,6,1,0,0,2,0,0,0,255,255,255,14,6440.868,"Slaris",R,26,135,0.331,0.899,-0.056,1.788,-36.463,2,0,18.54,-158.482,6.486,0,0,1,6,3,R,"오띵__",169.6,90,0.405,3,58,6441.713,102,60,18,71,123,50,-14.057,39.657,0.94,0.087,-0.002,0.407,0,0,0,-0.205,-36.561,"눈꽃",0.107,-17.077,"アリアル",-23.741,-49.644,"˗ˋˏ 카피 ˎˊ˗",-14.519,-64.476,"_이누_",19.353,-50.332,"coder_",11.504,-65.769,"ke ro",36.302,-88.791,"아침땅_",-5.411,-103.378,"Sabo_10",-38.563,-87.918,6442.193,-3.021,-22.806,6445.018,2,"アリアル",-18.933,-40.813,0,0,0,0,0,0,0,2
152,8,0,6,1,0,0,0,0,0,0,255,255,255,64,6586.295,"Kr_Luna",L,14,122,-0.555,0.451,0.174,1.717,-36.443,0,0,-390.434,312.348,-32.384,0,0,0,6,3,L,"˗ˋˏ 카피 ˎˊ˗",167.1,87.669,0.554,0,58,0,0,0,0,0,0,0,0,0,0,0,0,0,0,0,0,0.048,-37.714,"_Chun",-0.192,-17.098,"NABIMan",-22.073,-49.546,"오띵__",-12.692,-65.397,"なおｐ--",21.736,-48.338,"CVPileMaki",13.553,-64.892,"mungjungh",37.018,-84.36,"Multeinn",0.115,-103.42,"M_lunatic",-37.483,-87.24,0,0,0,0,0,"",0,0,0,0,0,0,0,0,0,0
153,8,0,6,1,0,1,0,0,0,0,255,255,255,65,6605.97,"Kr_Luna",L,27,140,0.173,-1.899,0.118,1.31,-36.34,2,0,-38.399,-119.295,-3.033,0,0,1,6,3,L,"˗ˋˏ 카피 ˎˊ˗",167.1,87.669,0.554,3,58,6607.149,155,132,56,150,147,109,1.295,24.805,0.8,0.144,-0.26,0.281,0,0,0,0.419,-37.803,"_Chun",-0.146,-17.108,"NABIMan",-22.667,-50.283,"오띵__",-12.66,-65.34,"なおｐ--",21.734,-48.367,"CVPileMaki",13.572,-64.848,"mungjungh",37.02,-84.356,"Multeinn",-0.075,-103.468,"M_lunatic",-37.243,-87.048,6607.66,-4.756,-31.302,6609.521,3,"오띵__",-16.504,-61.066,0,0,0,0,0,0,0,2
154,8,0,6,1,0,0,1,0,0,0,255,255,255,66,6637.613,"Kr_Luna",L,14,100,-2.904,-1.725,-0.056,1.434,-36.395,1,0,-369.901,290.586,-31.429,-0.701,-18.385,0,7,6,R,"ke ro",167.3,86.492,0.399,0,58,0,0,0,0,0,0,0,0,0,0,0,0,0,0,0,0,0.328,-37.68,"_Chun",-0.318,-17.279,"NABIMan",-22.362,-48.441,"오띵__",-13.268,-65.061,"なおｐ--",22.212,-48.722,"CVPileMaki",10.346,-65.701,"mungjungh",36.081,-87.013,"Multeinn",-3.933,-101.615,"M_lunatic",-38.081,-84.273,0,0,0,0,0,"",0,0,0,0,0,0,0,0,0,0
155,8,0,6,1,1,0,1,0,0,0,255,255,255,67,6657.855,"Kr_Luna",L,10,111,-0.91,-0.708,-0.041,1.809,-36.422,0,0,0,400,-5.571,0,0,0,7,6,R,"ke ro",167.3,86.492,0.399,0,58,0,0,0,0,0,0,0,0,0,0,0,0,0,0,0,0,0.239,-37.868,"_Chun",-0.201,-17.009,"NABIMan",-22.423,-48.371,"오띵__",-13.249,-65.062,"なおｐ--",22.22,-48.737,"CVPileMaki",10.508,-65.991,"mungjungh",36.149,-87.173,"Multeinn",-3.982,-101.601,"M_lunatic",-38.115,-84.358,0,0,0,0,0,"",0,0,0,0,0,0,0,0,0,0
156,8,0,6,1,1,1,1,0,0,0,255,255,255,68,6673.517,"Kr_Luna",L,26,140,-0.197,2.296,0.219,1.732,-36.346,2,0,-78.028,-200,-1.926,0,0,1,7,6,R,"ke ro",167.3,86.492,0.399,2,58,6674.395,114,73,5,115,129,63,42.877,46.919,1,0.017,-0.013,0.311,0,0,0,0.031,-37.399,"_Chun",0.072,-17.037,"NABIMan",-22.34,-48.584,"오띵__",-13.25,-65.053,"なおｐ--",22.212,-48.748,"CVPileMaki",10.438,-66.027,"mungjungh",36.148,-87.177,"Multeinn",-3.938,-101.604,"M_lunatic",-38.184,-84.357,0,0,0,6678.788,2,"NABIMan",-32.24,-47.654,0,0,0,0,0,0,0,1
157,8,0,6,1,0,0,2,0,0,0,255,255,255,69,6711.545,"Kr_Luna",L,10,95,0.843,0.798,0.128,2.094,-36.497,2,0,0,400,-7.657,0,0,1,8,7,R,"아침땅_",160,95,0.5,2,58,6712.616,96,112,46,184,138,88,98.012,-49.774,0.06,0.049,-0.017,0.248,0,0,0,0.139,-37.618,"_Chun",0.075,-17.118,"NABIMan",-22.709,-49.162,"오띵__",-13.281,-65.152,"なおｐ--",22.472,-48.659,"CVPileMaki",13.489,-64.865,"mungjungh",37.258,-85.349,"Multeinn",-3.055,-101.412,"M_lunatic",-32.532,-81.01,6721.291,-17.534,3.207,0,0,"",0,0,0,0,0,0,0,0,0,3
158,8,0,6,1,0,1,2,0,0,0,255,255,255,70,6743.009,"Kr_Luna",L,27,140,-1.124,0.906,0.128,1.612,-36.418,0,0,-114.12,-129.569,3.544,0,0,0,8,7,R,"아침땅_",160,95,0.5,0,37,0,0,0,0,0,0,0,0,0,0,0,0,0,0,0,0,0.203,-37.478,"_Chun",-0.007,-17.21,"NABIMan",-22.447,-48.22,"오띵__",-13.595,-64.967,"なおｐ--",22.139,-48.578,"CVPileMaki",13.552,-64.866,"mungjungh",36.863,-83.337,"Multeinn",-3.377,-99.305,"M_lunatic",-33.937,-79.756,0,0,0,0,0,"",0,0,0,0,0,0,0,0,0,0
159,8,0,6,1,0,2,2,0,0,0,255,255,255,71,6758.656,"Kr_Luna",L,14,96,-1.487,-1.402,0.067,1.807,-36.69,1,0,-235.098,400,-3.428,0,0,0,8,7,R,"아침땅_",160,95,0.5,0,37,0,0,0,0,0,0,0,0,0,0,0,0,0,0,0,0,0.105,-37.834,"_Chun",-0.335,-17.055,"NABIMan",-21.892,-48.765,"오띵__",-13.596,-64.961,"なおｐ--",22.129,-48.569,"CVPileMaki",13.539,-64.834,"mungjungh",32.664,-87.375,"Multeinn",-2.261,-99.319,"M_lunatic",-33.901,-79.65,0,0,0,0,0,"",0,0,0,0,0,0,0,0,0,0
160,8,0,6,1,1,2,2,0,0,0,255,255,255,72,6774.796,"Kr_Luna",L,26,140,0.023,0.81,0.271,1.5,-36.324,0,0,-76.489,-165.156,-3.053,0,0,1,8,7,R,"아침땅_",160,95,0.5,0,37,0,0,0,0,0,0,0,0,0,0,0,0,0,0,0,0,0.165,-37.498,"_Chun",-0.012,-17.372,"NABIMan",-21.505,-46.263,"오띵__",-13.588,-64.943,"なおｐ--",22.175,-48.612,"CVPileMaki",13.492,-64.088,"mungjungh",32.672,-87.381,"Multeinn",-4.185,-100.859,"M_lunatic",-34.186,-80.022,0,0,0,0,0,"",0,0,0,256,0,0,0,0,0,0
161,9,1,6,1,0,0,0,0,0,0,255,255,255,15,6823.939,"Slaris",R,33,136,2.841,1.604,0.204,1.92,-36.611,1,0,102.391,-91.033,6.144,0,0,0,7,6,R,"mungjungh",173.9,86,0.498,0,58,0,0,0,0,0,0,0,0,0,0,0,0,0,0,0,0,0.12,-37.098,"눈꽃",0.008,-17.064,"アリアル",-25.508,-52.365,"˗ˋˏ 카피 ˎˊ˗",-14.481,-63.952,"_이누_",20.285,-52.542,"coder_",9.912,-65.561,"ke ro",35.375,-90.758,"아침땅_",-8.677,-104.096,"Sabo_10",-39.309,-90.157,0,0,0,0,0,"",0,0,0,0,0,0,0,0,0,0
162,9,1,6,1,1,0,0,0,0,0,255,255,255,16,6836.127,"Slaris",R,26,129,1.454,1.39,0.15,1.927,-36.607,1,0,87.913,-179.762,14.992,0,0,0,7,6,R,"mungjungh",173.9,86,0.498,0,58,0,0,0,0,0,0,0,0,0,0,0,0,0,0,0,0,0.094,-37.04,"눈꽃",0.058,-16.914,"アリアル",-23.727,-49.509,"˗ˋˏ 카피 ˎˊ˗",-14.521,-64.052,"_이누_",20.74,-52.414,"coder_",10.678,-66.11,"ke ro",35.797,-90.8,"아침땅_",-7.158,-104.366,"Sabo_10",-39.348,-90.142,0,0,0,0,0,"",0,0,0,0,0,0,0,0,0,0
163,9,1,6,1,2,0,0,0,0,0,255,255,255,17,6848.208,"Slaris",R,28,134,0.537,-0.549,0.127,1.791,-36.414,0,0,28.049,-80.959,9.774,0,0,0,7,6,R,"mungjungh",173.9,86,0.498,0,58,0,0,0,0,0,0,0,0,0,0,0,0,0,0,0,0,0.194,-36.989,"눈꽃",0.044,-16.968,"アリアル",-23.504,-49.245,"˗ˋˏ 카피 ˎˊ˗",-14.805,-63.397,"_이누_",20.714,-52.369,"coder_",10.687,-66.11,"ke ro",36.01,-91.033,"아침땅_",-7.634,-104.245,"Sabo_10",-39.349,-90.127,0,0,0,0,0,"",0,0,0,0,0,0,0,0,0,0
164,9,1,6,1,2,1,0,0,0,0,255,255,255,18,6863.998,"Slaris",R,27,140,1.49,1.018,0.066,1.851,-36.529,1,0,81.979,-142.783,15.948,0.244,-17.099,0,7,6,R,"mungjungh",173.9,86,0.498,0,58,0,0,0,0,0,0,0,0,0,0,0,0,0,0,0,0,0.057,-37.11,"눈꽃",0.129,-17.049,"アリアル",-23.555,-49.297,"˗ˋˏ 카피 ˎˊ˗",-15.568,-63.58,"_이누_",21.151,-52.115,"coder_",10.644,-66.106,"ke ro",35.187,-91.854,"아침땅_",-6.833,-103.963,"Sabo_10",-39.44,-90.208,0,0,0,0,0,"",0,0,0,0,0,0,0,0,0,0
165,9,1,6,1,3,1,0,0,0,0,255,255,255,19,6879.913,"Slaris",R,28,140,0.122,0.644,0.078,1.883,-36.575,0,0,73.489,-94.223,9.519,0,0,0,7,6,R,"mungjungh",173.9,86,0.498,0,58,0,0,0,0,0,0,0,0,0,0,0,0,0,0,0,0,-0.04,-37.052,"눈꽃",0.044,-16.985,"アリアル",-23.525,-49.275,"˗ˋˏ 카피 ˎˊ˗",-15.588,-63.657,"_이누_",20.938,-52.162,"coder_",10.46,-66.135,"ke ro",35.386,-91.771,"아침땅_",-7.016,-103.849,"Sabo_10",-40.265,-90.036,0,0,0,0,0,"",0,0,0,0,0,0,0,0,0,0
166,9,1,6,1,3,2,0,0,0,0,255,255,255,20,6894.451,"Slaris",R,26,140,-2.153,-1.59,-0.294,1.665,-36.361,1,0,-29.483,-186.234,35.798,-0.557,-17.749,0,7,6,R,"mungjungh",173.9,86,0.498,0,58,0,0,0,0,0,0,0,0,0,0,0,0,0,0,0,0,-0.001,-37.056,"눈꽃",-0.473,-17.527,"アリアル",-23.262,-47.787,"˗ˋˏ 카피 ˎˊ˗",-15.623,-63.693,"_이누_",20.933,-52.24,"coder_",10.498,-66.172,"ke ro",35.377,-91.773,"아침땅_",-8.206,-103.704,"Sabo_10",-40.235,-90.041,0,0,0,0,0,"",0,0,0,0,0,0,0,0,0,5
167,9,1,6,1,0,0,0,1,0,0,6,255,255,21,6932.716,"Slaris",R,26,135,0.73,0.377,-0.009,1.738,-36.55,0,0,-7.055,-158.279,17.073,0,0,0,8,7,R,"Multeinn",160,95.138,0.505,0,37,0,0,0,0,0,0,0,0,0,0,0,0,0,0,0,0,-0.028,-36.71,"눈꽃",0.077,-16.945,"アリアル",-21.686,-47.053,"˗ˋˏ 카피 ˎˊ˗",-14.182,-63.667,"_이누_",22.324,-53.78,"coder_",5.539,-63.731,"ke ro",35.37,-91.752,"아침땅_",-6.461,-102.979,"Sabo_10",-40.562,-89.934,0,0,0,0,0,"",0,0,0,0,0,0,0,0,0,0
168,9,1,6,1,0,1,0,1,0,0,6,255,255,22,6951.64,"Slaris",R,27,134,1.248,0.637,0.029,1.76,-36.516,0,0,-20.468,-148.725,14.942,0,0,1,8,7,R,"Multeinn",160,95.138,0.505,0,37,0,0,0,0,0,0,0,0,0,0,0,0,0,0,0,0,0.041,-37.121,"눈꽃",-0.134,-16.923,"アリアル",-22.145,-46.812,"˗ˋˏ 카피 ˎˊ˗",-16.091,-62.366,"_이누_",21.945,-53.765,"coder_",6.177,-63.464,"ke ro",35.373,-91.746,"아침땅_",-6.689,-102.876,"Sabo_10",-40.543,-89.898,0,0,0,0,0,"",0,0,0,0,0,0,0,0,0,0
169,9,1,6,1,0,2,0,1,0,0,6,255,255,23,6970.789,"Slaris",R,27,139,1.506,-0.144,0.016,1.703,-36.513,2,0,50.59,-138.484,10.903,0,0,1,8,7,R,"Multeinn",160,95.138,0.505,3,37,6971.672,181,99,20,179,143,78,2.133,-8.741,-0.46,-0.154,-0.121,0.135,0,0,0,0.115,-36.305,"눈꽃",0.051,-17.033,"アリアル",-22.645,-46.328,"˗ˋˏ 카피 ˎˊ˗",-15.041,-64.014,"_이누_",21.676,-52.945,"coder_",9.926,-64.831,"ke ro",35.182,-91.886,"아침땅_",-7.024,-102.85,"Sabo_10",-40.642,-90.17,6972.509,2.994,-35.08,6974.321,5,"coder_",6.231,-56.799,1,256,0,0,0,0,0,2
170,9,1,6,1,0,0,1,1,0,0,255,255,255,24,7014.449,"Slaris",R,27,137,-1.783,0.515,-0.121,1.855,-36.621,1,0,-46.945,-107.871,24.042,0,0,0,0,5,R,"CVPileMaki",160,94,0.395,0,58,0,0,0,0,0,0,0,0,0,0,0,0,0,0,0,0,1.917,-37.312,"눈꽃",-0.281,-17.815,"アリアル",-20.987,-45.373,"˗ˋˏ 카피 ˎˊ˗",-10.111,-62.198,"_이누_",20.884,-52.383,"coder_",6.603,-63.14,"ke ro",32.203,-90.106,"아침땅_",-9.185,-101.745,"Sabo_10",-39.35,-87.487,0,0,0,0,0,"",0,0,0,0,0,0,0,0,0,0
171,9,1,6,1,1,0,1,0,1,0,255,7,255,25,7042.055,"Slaris",R,26,140,1.469,-0.102,0.062,1.677,-36.553,2,0,8.868,-150.276,18.572,0,0,1,0,5,R,"CVPileMaki",160,94,0.395,3,58,7043.178,137,91,35,102,142,116,36.035,-41.291,0.75,-0.087,-0.129,0.15,0,0,0,-0.052,-36.965,"눈꽃",0.019,-17.106,"アリアル",-22.693,-47.577,"˗ˋˏ 카피 ˎˊ˗",-14.446,-64.447,"_이누_",18.892,-48.942,"coder_",9.593,-64.851,"ke ro",30.329,-90.759,"아침땅_",-8.985,-102.59,"Sabo_10",-40.145,-91.072,7048.351,70.35,-89.621,0,0,"",0,0,0,0,0,0,0,0,0,3
172,9,1,6,1,1,1,1,0,1,0,255,7,255,26,7091.831,"Slaris",R,13,110,-1.537,-0.495,0.044,1.794,-36.528,4,0,-379.798,325.198,-4.884,0,0,1,0,5,R,"CVPileMaki",160,94,0.395,0,60,0,0,0,0,0,0,0,0,0,0,0,0,0,0,0,0,-0.017,-37.435,"눈꽃",-0.282,-16.953,"アリアル",-23.54,-48.867,"˗ˋˏ 카피 ˎˊ˗",-13.377,-64.863,"_이누_",20.21,-47.04,"coder_",9.944,-63.418,"ke ro",39.878,-91.213,"아침땅_",-11.045,-105.094,"Sabo_10",-41.835,-89.339,0,0,0,0,0,"",0,0,0,0,0,0,0,0,0,0
173,9,1,6,1,1,2,1,0,1,0,255,7,255,27,7112.862,"Slaris",R,26,140,0.471,1.784,0.018,1.936,-36.586,4,0,40.225,-160.404,24.24,0,0,1,0,5,R,"CVPileMaki",160,94,0.395,0,60,0,0,0,0,0,0,0,0,0,0,0,0,0,0,0,0,-0.173,-36.607,"눈꽃",0.058,-16.963,"アリアル",-23.527,-49.197,"˗ˋˏ 카피 ˎˊ˗",-14.324,-65.13,"_이누_",20.298,-46.438,"coder_",7.296,-63.893,"ke ro",39.291,-90.783,"아침땅_",-9.418,-105.437,"Sabo_10",-42.544,-88.59,0,0,0,0,0,"",0,0,0,0,0,0,0,0,0,0
174,9,1,6,1,0,0,2,0,1,0,255,7,255,28,7143.855,"Slaris",R,26,140,-0.976,0.93,-0.145,1.858,-36.587,2,0,-46.396,-200,22.906,0,0,1,1,0,L,"Kr_Luna",189.9,94.779,0.501,2,58,7144.709,174,89,14,140,141,106,34.66,-36.737,0.09,0.041,-0.043,0.18,0,0,0,-0.2,-36.869,"눈꽃",-0.106,-16.948,"アリアル",-24.336,-49.075,"˗ˋˏ 카피 ˎˊ˗",-13.85,-64.855,"_이누_",23.568,-51.751,"coder_",8.266,-63.968,"ke ro",40.206,-92.32,"아침땅_",5.822,-111.988,"Sabo_10",-45.715,-97.656,7149.454,63.026,-78.325,0,0,"",0,0,0,0,0,0,0,0,0,3
175,9,1,6,1,0,1,2,0,1,0,255,7,255,29,7173.692,"Slaris",R,28,140,-1.763,0.076,-0.076,1.83,-36.6,2,0,53.658,-89.433,17.059,0,0,1,1,0,L,"Kr_Luna",189.9,94.779,0.501,2,58,7174.46,159,112,13,180,143,94,-26.646,0.056,0.01,0.084,-0.051,0.296,0,0,0,-0.082,-36.908,"눈꽃",-0.197,-17.073,"アリアル",-23.938,-49.529,"˗ˋˏ 카피 ˎˊ˗",-12.868,-64.91,"_이누_",22.51,-50.268,"coder_",10.769,-64.708,"ke ro",42.346,-97.199,"아침땅_",10.011,-112.756,"Sabo_10",-38.511,-100.772,7174.672,-0.331,-21.662,7177.139,5,"coder_",5.836,-58.189,0,0,0,0,0,0,0,2
176,9,0,6,1,0,0,0,0,0,0,255,255,255,73,7239.732,"Kr_Luna",L,10,124,0.942,-1.203,0.123,1.779,-36.413,1,0,0,400,-4.677,0.184,-17.414,0,0,5,R,"coder_",164.4,96.459,0.254,0,56,0,0,0,0,0,0,0,0,0,0,0,0,0,0,0,0,0.309,-37.553,"_Chun",0.102,-17.066,"NABIMan",-21.929,-47.761,"오띵__",-13.189,-65.23,"なおｐ--",22.092,-48.24,"CVPileMaki",13.573,-64.943,"mungjungh",33.253,-93.554,"Multeinn",-6.967,-103.068,"M_lunatic",-38.286,-84.741,0,0,0,0,0,"",0,0,0,0,0,0,0,0,0,0
177,9,0,6,1,1,0,0,0,0,0,255,255,255,74,7260.223,"Kr_Luna",L,3,110,-0.959,1.849,-0.225,1.951,-36.54,2,0,307.859,0,2.564,0,0,1,0,5,R,"coder_",164.4,96.459,0.254,3,56,7261.304,218,169,61,180,155,80,56.247,42.714,-0.15,-0.253,-0.032,0.555,0,0,0,-0.037,-37.54,"_Chun",-0.012,-17.035,"NABIMan",-22.289,-48.712,"오띵__",-13.201,-65.192,"なおｐ--",22.347,-48.667,"CVPileMaki",13.533,-64.872,"mungjungh",33.326,-93.62,"Multeinn",-8.146,-103.086,"M_lunatic",-38.292,-84.764,0,0,0,7266.708,2,"NABIMan",-34.406,-57.504,0,0,0,0,0,0,0,1
178,9,0,6,1,0,0,1,0,0,0,255,255,255,75,7294.988,"Kr_Luna",L,6,96,-4.105,-0.304,-0.086,1.683,-36.516,1,0,-424.928,0,-8.411,0,0,0,1,0,R,"Slaris",190,92,0.451,0,58,0,0,0,0,0,0,0,0,0,0,0,0,0,0,0,0,0.116,-37.851,"_Chun",-0.57,-17.006,"NABIMan",-22.421,-48.079,"오띵__",-13.286,-65.208,"なおｐ--",22.632,-48.936,"CVPileMaki",13.561,-64.834,"mungjungh",32.562,-85.91,"Multeinn",-0.016,-106.484,"M_lunatic",-37.419,-86.256,0,0,0,0,0,"",0,0,0,0,0,0,0,0,0,0
179,9,0,6,1,1,0,1,0,0,0,255,255,255,76,7311.127,"Kr_Luna",L,10,121,-1.633,-0.69,-0.077,1.844,-36.683,1,0,0,348.67,0.339,-0.251,-17.625,0,1,0,R,"Slaris",190,92,0.451,0,58,0,0,0,0,0,0,0,0,0,0,0,0,0,0,0,0,0.169,-37.639,"_Chun",-0.56,-16.956,"NABIMan",-21.742,-47.785,"오띵__",-13.332,-65.139,"なおｐ--",22.639,-48.951,"CVPileMaki",13.701,-64.821,"mungjungh",33.579,-88.356,"Multeinn",0.261,-104.786,"M_lunatic",-37.424,-86.265,0,0,0,0,0,"",0,0,0,0,0,0,0,0,0,0
180,9,0,6,1,2,0,1,0,0,0,255,255,255,77,7332.217,"Kr_Luna",L,27,140,0.886,0.646,0.33,1.516,-36.424,2,0,-60.96,-146.107,-1.075,0,0,1,1,0,R,"Slaris",190,92,0.451,3,58,7333.117,135,129,72,174,143,90,32.244,4.877,-0.44,-0.066,-0.094,0.24,0,0,0,0.157,-37.096,"_Chun",0.137,-17.11,"NABIMan",-22.12,-48.04,"오띵__",-13.31,-65.192,"なおｐ--",22.676,-49.514,"CVPileMaki",13.522,-64.837,"mungjungh",33.573,-88.383,"Multeinn",0.475,-105.15,"M_lunatic",-37.422,-86.257,7338.097,-14.995,-89.542,7338.484,7,"Multeinn",-14.764,-88.628,0,0,0,0,0,0,0,1
181,9,0,6,1,0,0,2,0,0,0,255,255,255,78,7379.312,"Kr_Luna",L,27,140,-1.12,1.774,0.107,1.739,-36.364,4,0,-37.496,-144.832,-0.416,0,0,1,2,8,L,"Sabo_10",185.1,94,0.597,0,58,0,0,0,0,0,0,0,0,0,0,0,0,0,0,0,0,0.022,-37.659,"_Chun",0.194,-16.85,"NABIMan",-21.381,-47.351,"오띵__",-13.15,-65.166,"なおｐ--",22.077,-48.531,"CVPileMaki",16.161,-62.883,"mungjungh",41.345,-88.872,"Multeinn",7.587,-108.124,"M_lunatic",-26.054,-97.008,0,0,0,0,0,"",0,0,0,0,0,0,0,0,0,0
182,9,0,6,1,0,1,2,0,0,0,255,255,255,79,7399.27,"Kr_Luna",L,13,117,-2.048,1.098,0.072,1.511,-36.41,1,0,164.01,358.006,1.095,-0.856,-17.699,0,2,8,L,"Sabo_10",185.1,94,0.597,0,58,0,0,0,0,0,0,0,0,0,0,0,0,0,0,0,0,-0.095,-37.405,"_Chun",-0.064,-16.661,"NABIMan",-21.744,-48.552,"오띵__",-13.135,-65.232,"なおｐ--",22.036,-48.49,"CVPileMaki",16.499,-62.66,"mungjungh",41.33,-88.941,"Multeinn",8.053,-107.349,"M_lunatic",-26.046,-96.951,0,0,0,0,0,"",0,0,0,0,0,0,0,0,0,0
183,9,0,6,1,1,1,2,0,0,0,255,255,255,80,7418.92,"Kr_Luna",L,13,109,1.704,-1.612,0.164,1.389,-36.41,1,0,230.348,399.941,-1.317,0.399,-18.19,0,2,8,L,"Sabo_10",185.1,94,0.597,0,58,0,0,0,0,0,0,0,0,0,0,0,0,0,0,0,0,0.234,-37.474,"_Chun",0.124,-17.083,"NABIMan",-21.284,-46.967,"오띵__",-13.141,-65.15,"なおｐ--",22.08,-48.524,"CVPileMaki",16.654,-62.622,"mungjungh",41.344,-88.949,"Multeinn",10.739,-107.366,"M_lunatic",-26.024,-96.94,0,0,0,0,0,"",0,0,0,0,0,0,0,0,0,0
184,9,0,6,1,2,1,2,0,0,0,255,255,255,81,7437.724,"Kr_Luna",L,27,140,0.379,1.506,0.224,1.708,-36.494,2,0,-40.694,-143.209,1.735,0,0,1,2,8,L,"Sabo_10",185.1,94,0.597,3,58,7438.814,126,107,39,132,142,129,116.529,25.25,0.36,0.098,-0.089,0.257,0,0,0,-0.019,-37.469,"_Chun",0.074,-17.072,"NABIMan",-21.966,-48.205,"오띵__",-13.115,-65.203,"なおｐ--",22.163,-48.685,"CVPileMaki",16.56,-62.701,"mungjungh",43.234,-89.649,"Multeinn",10.366,-107.511,"M_lunatic",-26.023,-96.96,0,0,0,0,0,"",0,0,0,0,0,0,0,0,0,3
185,9,0,6,1,2,2,2,0,0,0,255,255,255,82,7460.934,"Kr_Luna",L,26,140,1.318,-0.036,0.409,1.305,-36.388,0,0,-50.563,-176.767,-9.447,0,0,0,2,8,L,"Sabo_10",185.1,94,0.597,0,58,0,0,0,0,0,0,0,0,0,0,0,0,0,0,0,0,0.311,-37.937,"_Chun",0.37,-17.248,"NABIMan",-20.094,-45.139,"오띵__",-13.249,-65.164,"なおｐ--",22.042,-48.487,"CVPileMaki",14.892,-63.524,"mungjungh",42.473,-88.939,"Multeinn",11.29,-105.911,"M_lunatic",-23.69,-95.825,0,0,0,0,0,"",0,0,0,0,0,0,0,0,0,0
