id,inn,half,scoreA,scoreB,ball,strk,out,b1,b2,b3,b1Idx,b2Idx,b3Idx,pCnt,pSec,pName,pHand,pType,spdK,zoneX,zoneY,call,sH,sV,plx,plz,bSwing,bIdx,bPos,bZone,bName,bHCm,batLen,batCen,batType,bFps,hSec,rotS,shS,lgS,batSpd,ev,ldeg,sdeg,hPos,hMoveX,hMoveY,stayCon,hitSpnX,hitSpnY,hitSpnZ,PPosX,PPosY,CPosX,CPosY,1BPosX,1BPosY,2BPosX,2BPosY,3BPosX,3BPosY,SSPosX,SSPosY,LFPosX,LFPosY,CFPosX,CFPosY,RFPosX,RFPosY,ltSec,lx,lz,cSec,cPos,cPlr,cx,cz,1BSafe,tag,cpSec,sb2Sec,sb3Sec,sbhSec,ass,result
1,1,1,0,0,0,0,0,0,0,0,255,255,255,0,1331.293,"눈꽃",R,0,140,-0.815,0.983,0,43.085,-109.743,0,0,1,0,3,L,"ʚEveɞ",160,97.597,0.478,0,58,0,0,0,0,0,0,0,0,0,0,0,0,0,0,0,0.141,-37.194,-0.001,-16.904,-21.668,-46.992,-8.184,-66.388,19.6,-47.069,14.908,-64.243,38.535,-82.47,4.698,-106.425,-36.48,-84.225,0,0,0,0,0,"",0,0,0,0,0,0,0,0,0,0
2,1,1,0,0,0,1,0,0,0,0,255,255,255,1,1345.464,"눈꽃",R,11,133,1.536,-2.502,4,0,232.811,0.3,-19.455,1,0,3,L,"ʚEveɞ",160,97.597,0.478,0,58,0,0,0,0,0,0,0,0,0,0,0,0,0,0,0,0.052,-37.769,0.036,-16.856,-21.685,-47.075,-7.865,-66.49,20.149,-48.789,14.691,-64.014,37.745,-80.885,4.133,-106.305,-36.544,-84.192,0,0,0,0,0,"",0,0,0,0,0,0,0,0,0,0
3,1,1,0,0,0,2,0,0,0,0,255,255,255,2,1360.058,"눈꽃",R,13,110,2.118,-0.057,4,-270.615,384.785,0.334,-17.146,1,0,3,L,"ʚEveɞ",160,97.597,0.478,0,58,0,0,0,0,0,0,0,0,0,0,0,0,0,0,0,0.05,-37.544,-0.089,-17.569,-21.58,-46.465,-7.855,-66.486,20.405,-48.083,14.747,-64.261,37.751,-80.898,4.202,-106.487,-36.535,-84.226,0,0,0,0,0,"",0,0,0,0,0,0,0,0,0,0
4,1,1,0,0,0,0,1,0,0,0,255,255,255,3,1390.544,"눈꽃",R,0,140,1.283,0.711,0,40.58,-158.805,0,0,0,1,4,R,"Megu3568",174.7,86,0.399,0,58,0,0,0,0,0,0,0,0,0,0,0,0,0,0,0,0.208,-37.335,0.029,-17.032,-21.486,-46.905,-14.084,-63.594,19.846,-49.566,14.538,-64.315,34.989,-83.281,-2.291,-110.501,-37.724,-82.255,0,0,0,0,0,"",0,0,0,0,0,0,0,0,0,0
5,1,1,0,0,0,1,1,0,0,0,255,255,255,4,1405.082,"눈꽃",R,0,140,1.01,-0.602,2,18.73,-60.786,0,0,1,1,4,R,"Megu3568",174.7,86,0.399,3,58,1406.132,156,124,30,148,90,-22.303,21.5,-0.06,-0.031,-0.103,0.23,0,0,0,0.233,-37.013,0.082,-17.147,-21.493,-46.883,-13.93,-63.414,19.71,-49.504,14.644,-63.959,34.95,-83.308,-2.35,-110.502,-36.855,-80.715,1406.235,-0.29,-20.168,1408.719,3,"아침땅_",-14.375,-57.057,0,0,0,0,0,0,0,2
6,1,1,0,0,0,0,2,0,0,0,255,255,255,5,1436.103,"눈꽃",R,0,140,-0.189,0.733,2,25.64,-58.077,0,0,1,2,2,L,"Pring__",175.1,90,0.482,2,58,1436.853,143,159,77,148,127,52.178,-14.672,0.46,-0.004,-0.076,0.253,0,0,0,-0.007,-36.968,-0.116,-17.194,-22.013,-47.46,-11.26,-64.257,20.976,-49.918,12.589,-65.186,34.367,-82.795,1.733,-109.936,-34.637,-78.402,1444.402,29.587,-107.458,1444.552,7,"Slaris",29.194,-106.355,0,0,0,0,0,0,0,1
7,1,0,0,0,0,0,0,0,0,0,255,255,255,0,1535.197,"인생최패망자",R,10,118,0.765,-1.645,1,0,400,0,0,0,0,5,R,"coder_",164.9,99.787,0.25,0,58,0,0,0,0,0,0,0,0,0,0,0,0,0,0,0,0.019,-37.757,0.098,-17.183,-21.95,-47.498,-16.458,-63,18.613,-47.413,13.37,-63.21,41.761,-84.69,-6.017,-109.532,-36.694,-84.393,0,0,0,0,0,"",0,0,0,0,0,0,0,0,0,0
8,1,0,0,0,1,0,0,0,0,0,255,255,255,1,1547.183,"인생최패망자",R,0,134,-1.085,0.131,2,0,0,0,0,1,0,5,R,"coder_",164.9,99.787,0.25,3,58,1548.236,187,91,43,147,121,-15.975,37.657,0.28,-0.082,-0.157,0.367,0,0,0,-0.117,-36.56,-0.227,-17.048,-22.219,-48.534,-16.373,-63.036,18.428,-47.41,13.351,-63.292,41.823,-84.728,-6.011,-109.621,-37.941,-84.168,1548.419,-2.119,-21.144,1549.852,2,"Pring__",-18.686,-46.241,0,0,0,0,0,0,0,2
9,1,0,0,0,0,0,1,0,0,0,255,255,255,2,1575.017,"인생최패망자",R,0,140,-1.978,-1.093,1,0,0,0,0,0,1,7,R,"Slaris",174.5,95,0.451,0,69,0,0,0,0,0,0,0,0,0,0,0,0,0,0,0,-0.016,-37.678,-0.201,-16.947,-21.77,-46.928,-17.773,-61.092,18.395,-46.89,12.446,-62.79,41.137,-83.916,1.594,-108.718,-39.303,-83.75,0,0,0,0,0,"",0,0,0,0,0,0,0,0,0,0
10,1,0,0,0,1,0,1,0,0,0,255,255,255,3,1588.149,"인생최패망자",R,0,140,-1,-1.039,2,0,0,0,0,1,1,7,R,"Slaris",174.5,95,0.451,3,69,1589.044,186,140,24,155,122,-30,-24.195,0.5,-0.07,-0.05,0.407,0,0,0,-0.144,-36.937,-0.239,-17.119,-21.44,-47.876,-17.769,-61.047,18.193,-46.855,12.442,-62.784,41.147,-83.933,1.568,-108.849,-40.102,-83.095,1589.119,0.191,-20.586,1591.102,5,"Yaksok~",17.327,-58.586,0,0,0,0,0,0,0,2
11,1,0,0,0,0,0,2,0,0,0,255,255,255,4,1619.249,"인생최패망자",R,0,137,1.222,1.089,1,0,0,0,0,0,2,8,L,"Sabo_10",185.1,94,0.597,0,58,0,0,0,0,0,0,0,0,0,0,0,0,0,0,0,0.134,-37.47,0.137,-17.04,-22.71,-47.794,-16.903,-62.156,19.236,-48.324,14.357,-63.167,40.687,-83.221,12.32,-117.9,-33.07,-85.429,0,0,0,0,0,"",0,0,0,0,0,0,0,0,0,0
12,1,0,0,0,1,0,2,0,0,0,255,255,255,5,1633.243,"인생최패망자",R,10,93,0.211,0.654,2,0,400,0,0,1,2,8,L,"Sabo_10",185.1,94,0.597,3,58,1634.41,174,117,32,151,126,25.024,27.679,0.82,0.051,-0.1,0.284,0,0,0,-0.013,-37.04,-0.025,-17.205,-22.621,-47.789,-16.932,-62.13,18.953,-48.196,14.33,-63.164,40.672,-83.217,14.882,-117.279,-36.773,-93.746,1639.602,-56.338,-121.096,0,0,"",0,0,0,0,0,0,0,0,0,4
13,1,0,0,1,0,0,2,0,0,0,255,255,255,6,1674.752,"인생최패망자",R,0,133,1.181,1.038,2,0,0,0,0,1,3,9,L,"encounter v",190,100,0.447,3,58,1675.819,134,110,14,141,80,95.409,4.692,0.97,0.049,-0.091,0.412,0,0,0,-0.003,-37.204,0.121,-17.177,-21.523,-48.452,-16.234,-61.891,18.582,-47.592,13.125,-63.731,37.43,-86.345,0.167,-107.631,-35.908,-93.086,0,0,0,1682.186,1,"편하비_",-0.247,-10.237,0,0,0,0,0,0,0,1
14,2,1,0,1,0,0,0,0,0,0,255,255,255,6,1735.148,"눈꽃",R,0,140,1.195,-0.272,0,13.84,-24.464,0,0,0,3,7,R,"Gonyong",175.2,86,0.2,0,58,0,0,0,0,0,0,0,0,0,0,0,0,0,0,0,0.258,-37.396,0.059,-17.116,-21.626,-47.544,-14.058,-64.077,20.553,-48.451,14.634,-64.641,33.434,-82.161,-6.666,-107.329,-35.981,-83.575,0,0,0,0,0,"",0,0,0,0,0,0,0,0,0,0
15,2,1,0,1,0,1,0,0,0,0,255,255,255,7,1751.629,"눈꽃",R,13,120,-2.004,-1.778,1,-150.004,400,0,0,0,3,7,R,"Gonyong",175.2,86,0.2,0,58,0,0,0,0,0,0,0,0,0,0,0,0,0,0,0,0,-37.534,-0.222,-17.027,-21.699,-47.492,-14.356,-63.838,17.368,-50.44,14.2,-64.469,33.41,-82.166,-2.806,-106.941,-37.557,-81.446,0,0,0,0,0,"",0,0,0,0,0,0,0,0,0,0
16,2,1,0,1,1,1,0,0,0,0,255,255,255,8,1764.776,"눈꽃",R,0,140,1.645,0.214,4,48.307,-65.697,-0.011,-20.505,1,3,7,R,"Gonyong",175.2,86,0.2,0,58,0,0,0,0,0,0,0,0,0,0,0,0,0,0,0,0.034,-37.136,0.016,-17.828,-21.64,-47.482,-14.079,-63.999,17.668,-50.382,14.05,-64.671,33.421,-82.197,-2.819,-107.029,-34.899,-81.775,0,0,0,0,0,"",0,0,0,0,0,0,0,0,0,0
17,2,1,0,1,1,2,0,0,0,0,255,255,255,9,1783.179,"눈꽃",R,10,128,-1.001,-2.728,2,0,400,-0.187,-21.412,1,3,7,R,"Gonyong",175.2,86,0.2,3,58,1784.181,98,85,52,133,82,-30,47.022,0.95,-0.07,-0.113,0.104,0,0,0,0.211,-37.094,-0.207,-17.007,-22.024,-48.4,-14.656,-63.605,19.18,-49.328,13.352,-64.725,33.446,-82.184,-2.759,-106.787,-36.137,-82.895,1784.252,-0.284,-20.132,1786.452,2,"アリアル",-24.338,-43.155,0,0,0,0,0,0,0,2
18,2,1,0,1,1,2,0,0,0,0,255,255,255,10,1803.762,"눈꽃",R,0,140,0.57,-1.716,2,36.984,-70.552,0,0,1,3,7,R,"Gonyong",175.2,86,0.2,3,58,1804.736,122,90,25,137,82,29.036,-33.403,-0.3,-0.081,-0.091,0.14,0,0,0,0.303,-37.213,0.053,-16.9,-21.852,-46.738,-14.588,-63.815,18.386,-49.987,13.889,-64.583,33.389,-82.823,-2.822,-105.564,-36.285,-82.513,1808.502,30.711,-71.707,1808.686,6,"소솨소솨",29.042,-68.826,0,0,0,0,0,0,0,1
19,2,1,0,1,0,0,1,0,0,0,255,255,255,11,1842.019,"눈꽃",R,0,140,1.471,-0.302,1,6.349,-26.623,0,0,0,4,5,R,"Yaksok~",166.1,93.981,0.395,0,62,0,0,0,0,0,0,0,0,0,0,0,0,0,0,0,0.022,-37.117,0.058,-17.003,-22.904,-49.146,-14.222,-63.484,19.346,-50.035,13.08,-65.219,32.634,-77.854,-2.006,-109.506,-34.207,-77.879,0,0,0,0,0,"",0,0,0,0,0,0,0,0,0,0
20,2,1,0,1,1,0,1,0,0,0,255,255,255,12,1858.687,"눈꽃",R,0,140,1.015,0.461,0,79.805,-130.645,0,0,0,4,5,R,"Yaksok~",166.1,93.981,0.395,0,62,0,0,0,0,0,0,0,0,0,0,0,0,0,0,0,0.159,-37.257,0.054,-16.965,-22.997,-49.19,-14.238,-63.589,19.298,-50.085,13.213,-65.091,32.612,-77.87,-2.408,-108.807,-34.101,-76.603,0,0,0,0,0,"",0,0,0,0,0,0,0,0,0,0
21,2,1,0,1,1,1,1,0,0,0,255,255,255,13,1875.378,"눈꽃",R,0,140,-1.641,2.616,2,2.543,-90.322,0,0,1,4,5,R,"Yaksok~",166.1,93.981,0.395,3,62,1876.19,176,50,0,103,63,93.387,85.057,-0.5,-0.057,-0.061,0.357,0,0,0,0.236,-36.885,0.033,-16.987,-22.905,-49.077,-13.989,-63.79,19.157,-49.493,13.212,-64.912,32.681,-77.887,-2.475,-108.817,-33.568,-75.771,1881.102,34.247,-17.693,0,0,"",0,0,0,0,0,0,0,0,0,0
22,2,1,0,1,1,2,1,0,0,0,255,255,255,14,1928.326,"눈꽃",R,10,114,-1.419,-1.88,4,-35.745,400,0,0,1,4,5,R,"Yaksok~",166.1,93.981,0.395,0,58,0,0,0,0,0,0,0,0,0,0,0,0,0,0,0,0.075,-37.328,-0.14,-17.728,-22.724,-49.11,-14.689,-63.614,19.866,-50.813,11.463,-65.455,32.579,-76.992,-0.947,-109.922,-33.39,-75.606,0,0,0,0,0,"",0,0,0,0,0,0,0,0,0,0
23,2,1,0,1,0,0,2,0,0,0,255,255,255,15,1953.854,"눈꽃",R,0,140,-1.991,-0.947,4,33.308,-95.182,0,0,1,5,8,L,"SOM_candy",179.9,102.048,0.554,0,58,0,0,0,0,0,0,0,0,0,0,0,0,0,0,0,0.049,-37.275,-0.049,-16.941,-22.089,-47.79,-9.066,-66.023,22.614,-50.548,14.656,-64.594,39.229,-78.499,7.312,-108.601,-33.403,-79.705,0,0,0,0,0,"",0,0,0,0,0,0,0,0,0,0
24,2,1,0,1,0,1,2,0,0,0,255,255,255,16,1971.438,"눈꽃",R,0,140,-0.101,1.333,2,57.519,-91.1,0,0,1,5,8,L,"SOM_candy",179.9,102.048,0.554,3,58,1972.387,171,140,63,154,129,53.416,-6.751,0.55,-0.047,0.029,0.233,0,0,0,0.082,-37.063,-0.094,-16.977,-22.575,-48.936,-9.131,-65.949,24.572,-52.799,14.788,-64.025,39.568,-79.955,6.654,-108.629,-33.646,-79.816,1980.286,19.579,-105.151,1980.352,6,"소솨소솨",19.238,-103.818,0,0,0,0,0,0,0,1
25,2,0,0,1,0,0,0,0,0,0,255,255,255,7,2047.785,"인생최패망자",R,3,106,-4.799,-0.209,1,-481.818,0,0,0,0,4,1,R,"ke ro",190,89.634,0.453,0,58,0,0,0,0,0,0,0,0,0,0,0,0,0,0,0,-0.028,-37.337,-0.475,-17.112,-22.157,-49.899,-13.512,-64.241,17.925,-48.418,10.173,-61.702,36.241,-82.105,2.609,-103.694,-37.685,-86.658,0,0,0,0,0,"",0,0,0,0,0,0,0,0,0,0
26,2,0,0,1,1,0,0,0,0,0,255,255,255,8,2062.34,"인생최패망자",R,0,135,1.444,0.211,0,0,0,0,0,1,4,1,R,"ke ro",190,89.634,0.453,0,58,0,0,0,0,0,0,0,0,0,0,0,0,0,0,0,0.121,-37.382,0.148,-16.929,-22.142,-49.87,-13.617,-64.214,17.905,-48.353,10.17,-61.674,36.226,-82.096,2.705,-103.866,-37.946,-86.224,0,0,0,0,0,"",0,0,0,0,0,0,0,0,0,0
27,2,0,0,1,1,1,0,0,0,0,255,255,255,9,2078.959,"인생최패망자",R,14,111,1.511,-0.42,2,363.871,342.926,0,0,1,4,1,R,"ke ro",190,89.634,0.453,2,58,2079.934,141,145,69,147,94,0.695,-9.097,-0.22,-0.032,-0.087,0,0,0,0,0.111,-36.933,0.142,-17.046,-22.388,-49.148,-13.592,-64.199,17.683,-48.406,10.161,-61.699,35.971,-82.287,2.61,-103.794,-40.228,-86.107,2080.619,2.768,-35.016,2082.052,5,"Yaksok~",7.52,-56.416,0,0,0,0,0,0,0,2
28,2,0,0,1,0,0,1,0,0,0,255,255,255,10,2107.403,"인생최패망자",R,3,110,-1.919,-0.558,4,-500,0,0,0,1,5,4,R,"_이누_",190,90.187,0.5,0,58,0,0,0,0,0,0,0,0,0,0,0,0,0,0,0,0.07,-37.415,-0.288,-16.861,-21.316,-47.734,-14.091,-62.979,17.895,-48.471,10.647,-62.88,37.849,-80.564,1.833,-105.82,-38.431,-83.51,0,0,0,0,0,"",0,0,0,0,0,0,0,0,0,0
29,2,0,0,1,0,1,1,0,0,0,255,255,255,11,2121.976,"인생최패망자",R,0,135,-1.085,0.008,0,0,0,0,0,1,5,4,R,"_이누_",190,90.187,0.5,0,58,0,0,0,0,0,0,0,0,0,0,0,0,0,0,0,-0.164,-37.515,-0.223,-16.843,-21.205,-47.653,-14.101,-62.999,17.702,-48.528,10.632,-62.89,40.044,-83.007,2.039,-106.111,-38.208,-82.993,0,0,0,0,0,"",0,0,0,0,0,0,0,0,0,0
30,2,0,0,1,0,2,1,0,0,0,255,255,255,12,2135.296,"인생최패망자",R,14,113,1.269,0.598,0,272.493,400,0,0,0,5,4,R,"_이누_",190,90.187,0.5,0,58,0,0,0,0,0,0,0,0,0,0,0,0,0,0,0,0.228,-37.397,0.149,-17.029,-21.235,-47.692,-14.103,-63.003,17.799,-48.547,11.212,-63.455,40.043,-83.003,2.039,-106.132,-39.772,-83.531,0,0,0,0,0,"",0,0,0,0,0,0,0,0,0,0
31,2,0,0,1,0,0,2,0,0,0,255,255,255,13,2154.592,"인생최패망자",R,10,115,1.051,0.69,0,145.562,400,0,0,0,6,3,R,"아침땅_",174.6,95,0.5,0,58,0,0,0,0,0,0,0,0,0,0,0,0,0,0,0,0.099,-37.474,0.134,-16.801,-21.246,-47.148,-14.043,-62.945,17.805,-48.535,11.199,-63.443,40.055,-83.016,2.037,-106.151,-39.975,-86.04,0,0,0,0,0,"",0,0,0,0,0,0,0,0,0,0
32,2,0,0,1,0,1,2,0,0,0,255,255,255,14,2168.102,"인생최패망자",R,3,111,0.298,0.594,2,-399.63,0,0,0,1,6,3,R,"아침땅_",174.6,95,0.5,2,58,2169.121,109,60,56,133,130,98.555,-76.518,0.49,-0.035,-0.032,0,0,0,0,0.004,-36.978,0.107,-16.93,-21.331,-47.276,-14.014,-62.946,17.712,-48.446,11.204,-63.453,40.091,-83.02,-6.821,-107.531,-39.709,-84.364,0,0,0,0,0,"",0,0,0,0,0,0,0,0,0,0
33,2,0,0,1,0,2,2,0,0,0,255,255,255,15,2184.925,"인생최패망자",R,0,137,-0.837,-0.855,0,0,0,0,0,0,6,3,R,"아침땅_",174.6,95,0.5,0,37,0,0,0,0,0,0,0,0,0,0,0,0,0,0,0,0.027,-37.348,-0.243,-17.194,-21.588,-46.99,-14.926,-62.663,17.422,-47.848,11.306,-63.804,41.295,-82.537,-5.989,-102.94,-39.465,-86.297,0,0,0,0,0,"",0,0,0,0,0,0,0,0,0,0
34,3,1,0,1,0,0,0,0,0,0,255,255,255,17,2243.475,"눈꽃",R,0,140,-0.621,-0.777,0,18.22,-80.308,0,0,0,6,0,R,"인생최패망자",190,90,0.447,0,58,0,0,0,0,0,0,0,0,0,0,0,0,0,0,0,0.214,-37.383,-0.07,-16.807,-23.669,-50.709,-14.726,-63.82,20.149,-50.989,13.698,-64.781,33.533,-79.458,4.937,-112.502,-38.131,-86.845,0,0,0,0,0,"",0,0,0,0,0,0,0,0,0,0
35,3,1,0,1,0,1,0,0,0,0,255,255,255,18,2261.97,"눈꽃",R,13,110,-2.473,-1.585,1,-325.979,379.128,0,0,0,6,0,R,"인생최패망자",190,90,0.447,0,58,0,0,0,0,0,0,0,0,0,0,0,0,0,0,0,-0.083,-37.479,-0.257,-17.357,-23.691,-50.699,-14.963,-63.67,20.244,-51.047,10.334,-65.41,33.492,-79.482,4.905,-112.488,-36.243,-86.319,0,0,0,0,0,"",0,0,0,0,0,0,0,0,0,0
36,3,1,0,1,1,1,0,0,0,0,255,255,255,19,2276.126,"눈꽃",R,0,140,0.75,0.363,2,36.27,-75.85,0,0,1,6,0,R,"인생최패망자",190,90,0.447,3,58,2277.172,143,112,33,144,90,93.894,83.672,-0.47,-0.082,-0.072,0.286,0,0,0,0.063,-37.036,-0.031,-17.093,-23.606,-50.62,-14.11,-64.026,19.918,-50.8,14.317,-64.166,33.566,-79.461,4.952,-112.577,-35.447,-85.037,0,0,0,0,0,"",0,0,0,0,0,0,0,0,0,0
37,3,1,0,1,1,2,0,0,0,0,255,255,255,20,2298.593,"눈꽃",R,14,117,0.779,-0.787,0,162.633,400,0,0,0,6,0,R,"인생최패망자",190,90,0.447,0,58,0,0,0,0,0,0,0,0,0,0,0,0,0,0,0,0.296,-37.328,0.048,-16.939,-21.738,-47.889,-13.986,-63.71,19.987,-49.718,14.789,-63.665,32.69,-79.687,4.346,-110.673,-34.236,-83.544,0,0,0,0,0,"",0,0,0,0,0,0,0,0,0,0
38,3,1,0,1,0,0,1,0,0,0,255,255,255,21,2324.782,"눈꽃",R,0,140,-0.54,-0.482,0,68.958,-169.749,0,0,0,7,6,L,"IbikiKai_JP",175,90,0.5,0,58,0,0,0,0,0,0,0,0,0,0,0,0,0,0,0,-0.082,-37.302,-0.112,-16.972,-22.969,-49.062,-8.159,-66.458,22.062,-50.627,14.295,-65.914,34.983,-78.231,4.738,-107.791,-34.869,-81.183,0,0,0,0,0,"",0,0,0,0,0,0,0,0,0,0
39,3,1,0,1,0,1,1,0,0,0,255,255,255,22,2338.513,"눈꽃",R,0,134,-0.012,-0.804,0,26.664,-29.398,0,0,1,7,6,L,"IbikiKai_JP",175,90,0.5,0,58,0,0,0,0,0,0,0,0,0,0,0,0,0,0,0,0.288,-37.213,-0.078,-16.962,-22.949,-48.966,-8.161,-66.456,21.035,-50.099,14.183,-65.004,34.967,-78.202,5.338,-107.696,-34.543,-82.937,0,0,0,0,0,"",0,0,0,0,0,0,0,0,0,0
40,3,1,0,1,0,2,1,0,0,0,255,255,255,23,2353.525,"눈꽃",R,0,128,-0.749,1.338,4,-15.719,-193.948,0,0,1,7,6,L,"IbikiKai_JP",175,90,0.5,0,58,0,0,0,0,0,0,0,0,0,0,0,0,0,0,0,0.015,-37.128,-0.051,-16.947,-23.622,-49.537,-9.36,-65.867,21.034,-50.099,13.895,-64.605,34.966,-78.226,1.418,-106.847,-34.765,-83.235,0,0,0,0,0,"",0,0,0,0,0,0,0,0,0,0
41,3,1,0,1,0,0,2,0,0,0,255,255,255,24,2379.122,"눈꽃",R,0,140,1.945,0.53,4,15.063,-34.475,0,0,1,8,1,R,"편하비_",181.8,94.587,0.455,0,58,0,0,0,0,0,0,0,0,0,0,0,0,0,0,0,0.295,-37.357,0.137,-18.593,-22.287,-48.113,-13.65,-63.811,19.251,-50.687,14.862,-65.68,33.037,-80.365,-1.254,-110.022,-33.26,-80.907,0,0,0,0,0,"",0,0,0,0,0,0,0,0,0,0
42,3,1,0,1,0,1,2,0,0,0,255,255,255,25,2400.58,"눈꽃",R,0,139,-1.059,-0.104,2,0,13.327,0,0,1,8,1,R,"편하비_",181.8,94.587,0.455,2,58,2401.437,114,59,24,129,128,-15.02,-28.625,0.45,-0.051,-0.075,0.118,0,0,0,0.07,-37.025,-0.19,-16.776,-24.798,-51.022,-14.72,-63.448,19.71,-49.597,13.704,-64.738,33.033,-80.365,-1.517,-109.874,-33.435,-82.73,2401.669,1.55,-23.644,2402.969,4,"_이누_",16.272,-50.452,0,0,0,0,0,0,0,2
43,3,0,0,1,0,0,0,0,0,0,255,255,255,16,2458.369,"인생최패망자",R,0,131,0.843,-0.8,0,0,0,0,0,0,7,2,R,"アリアル",190,94.529,0.5,0,58,0,0,0,0,0,0,0,0,0,0,0,0,0,0,0,-0.007,-37.271,0.146,-17.234,-22.867,-49.159,-15.781,-62.899,19.685,-51.405,10.876,-63.754,37.693,-87.08,3.306,-108.572,-40.366,-84.258,0,0,0,0,0,"",0,0,0,0,0,0,0,0,0,0
44,3,0,0,1,0,1,0,0,0,0,255,255,255,17,2475.179,"인생최패망자",R,3,109,-2.784,0.53,2,-495.455,0,0,0,1,7,2,R,"アリアル",190,94.529,0.5,3,58,2476.085,255,171,66,155,96,25.74,44.349,-0.51,-0.115,0.018,0.341,0,0,0,-0.165,-37.019,-0.403,-17.211,-22.787,-48.798,-15.763,-62.835,19.537,-51.311,10.834,-63.729,37.669,-87.114,3.294,-108.906,-40.469,-84.401,0,0,0,2480.302,8,"SOM_candy",-42.634,-78.491,0,0,0,0,0,0,0,1
45,3,0,0,1,0,0,1,0,0,0,255,255,255,18,2505.029,"인생최패망자",R,3,109,-3.733,-0.845,1,-429.563,0,0,0,0,8,6,R,"소솨소솨",164.5,95.565,0.5,0,46,0,0,0,0,0,0,0,0,0,0,0,0,0,0,0,-0.148,-37.359,-0.583,-17.221,-22.069,-47.748,-15.611,-62.703,19.48,-51.639,10.711,-63.813,34.812,-83.73,1.164,-101.402,-37.694,-79.596,0,0,0,0,0,"",0,0,0,0,0,0,0,0,0,0
46,3,0,0,1,1,0,1,0,0,0,255,255,255,19,2518.309,"인생최패망자",R,0,132,1.064,-1.134,4,0,0,-0.057,-17.941,1,8,6,R,"소솨소솨",164.5,95.565,0.5,0,46,0,0,0,0,0,0,0,0,0,0,0,0,0,0,0,0.022,-37.289,-0.054,-17.319,-22.127,-47.819,-15.517,-62.756,19.73,-51.528,10.727,-63.794,34.832,-83.752,1.181,-101.417,-37.718,-79.542,0,0,0,0,0,"",0,0,0,0,0,0,0,0,0,0
47,3,0,0,1,1,1,1,0,0,0,255,255,255,20,2533.552,"인생최패망자",R,14,112,1.253,1.442,1,354.104,353.002,0,0,0,8,6,R,"소솨소솨",164.5,95.565,0.5,0,46,0,0,0,0,0,0,0,0,0,0,0,0,0,0,0,0.154,-37.335,0.188,-16.869,-22.092,-47.804,-15.578,-62.763,19.764,-51.51,10.723,-63.833,34.828,-83.742,1.18,-101.463,-37.723,-79.528,0,0,0,0,0,"",0,0,0,0,0,0,0,0,0,0
48,3,0,0,1,2,1,1,0,0,0,255,255,255,21,2547.839,"인생최패망자",R,0,140,-1.431,0.39,0,0,0,0,0,0,8,6,R,"소솨소솨",164.5,95.565,0.5,0,46,0,0,0,0,0,0,0,0,0,0,0,0,0,0,0,0.005,-37.353,-0.318,-17.184,-24.06,-48.324,-15.407,-62.997,19.689,-51.53,10.715,-63.826,34.812,-83.734,1.198,-101.457,-37.588,-79.484,0,0,0,0,0,"",0,0,0,0,0,0,0,0,0,0
49,3,0,0,1,2,2,1,0,0,0,255,255,255,22,2561.453,"인생최패망자",R,10,114,0.017,-2.893,1,-146.631,400,-0.234,-17.752,0,8,6,R,"소솨소솨",164.5,95.565,0.5,0,46,0,0,0,0,0,0,0,0,0,0,0,0,0,0,0,0.076,-37.284,-0.069,-16.983,-21.533,-45.825,-15.418,-62.99,19.668,-51.573,10.735,-63.842,34.812,-83.735,1.176,-101.347,-37.638,-79.724,0,0,0,0,0,"",0,0,0,0,0,0,0,0,0,0
50,3,0,0,1,3,2,1,0,0,0,255,255,255,23,2576.994,"인생최패망자",R,14,112,-0.862,0.203,2,187.972,400,0,0,1,8,6,R,"소솨소솨",164.5,95.565,0.5,2,46,2577.874,228,133,20,155,95,27.022,4.852,0.93,-0.06,-0.175,0.555,0,0,0,-0.202,-36.988,-0.179,-16.914,-22.077,-47.898,-15.432,-62.98,19.464,-51.565,10.744,-64.324,34.807,-83.72,1.187,-101.606,-37.796,-79.86,2582.885,-12.141,-99.751,2583.069,7,"Gonyong",-11.723,-97.343,0,0,0,0,0,0,0,1
51,3,0,0,1,0,0,2,0,0,0,255,255,255,24,2605.912,"인생최패망자",R,3,107,-3.808,0.297,1,-417.978,0,0,0,0,0,5,R,"coder_",164.9,99.787,0.25,0,58,0,0,0,0,0,0,0,0,0,0,0,0,0,0,0,0.162,-37.734,-0.42,-16.866,-24.407,-50.371,-15.565,-63.341,19.51,-51.618,10.783,-63.488,38.252,-86.452,0.391,-100.496,-41.405,-84.61,0,0,0,0,0,"",0,0,0,0,0,0,0,0,0,0
52,3,0,0,1,1,0,2,0,0,0,255,255,255,25,2619.59,"인생최패망자",R,0,133,-1.141,-1.236,4,0,0,0,0,1,0,5,R,"coder_",164.9,99.787,0.25,0,58,0,0,0,0,0,0,0,0,0,0,0,0,0,0,0,0.092,-37.48,-0.312,-17.029,-20.794,-45.606,-15.524,-63.33,19.397,-51.626,10.181,-63.578,38.256,-86.483,-6.111,-105.965,-46.361,-87.772,0,0,0,0,0,"",0,0,0,0,0,0,0,0,0,0
53,3,0,0,1,1,1,2,0,0,0,255,255,255,26,2636.028,"인생최패망자",R,14,110,2.395,0.879,1,390.434,312.348,0,0,0,0,5,R,"coder_",164.9,99.787,0.25,0,58,0,0,0,0,0,0,0,0,0,0,0,0,0,0,0,0.054,-37.472,0.286,-17.121,-21.536,-46.827,-15.533,-63.351,19.556,-51.623,10.236,-63.863,38.26,-86.478,-10.035,-111.431,-46.181,-87.111,0,0,0,0,0,"",0,0,0,0,0,0,0,0,0,0
54,3,0,0,1,2,1,2,0,0,0,255,255,255,27,2651.463,"인생최패망자",R,0,140,-1.399,0.729,2,0,0,0,0,1,0,5,R,"coder_",164.9,99.787,0.25,3,58,2652.522,206,101,26,147,76,-11.139,-2.787,0.97,-0.122,-0.136,0.305,0,0,0,-0.233,-37.063,-0.268,-17.172,-21.516,-46.764,-15.502,-63.292,19.51,-51.439,10.244,-63.85,38.243,-86.49,-10.111,-111.546,-46.223,-86.641,2652.769,-0.977,-21.692,2653.802,0,"인생최패망자",-0.109,-35.076,0,0,0,0,0,0,0,2
55,4,1,0,1,0,0,0,0,0,0,255,255,255,26,2717.827,"눈꽃",R,0,140,126.092,-2.97,2,47.318,-63.13,0,0,1,0,3,L,"ʚEveɞ",160,97.597,0.478,2,58,2718.849,86,35,5,53,55,-1.757,-35.823,0.14,0.046,-0.047,0.134,0,0,0,0.066,-36.926,-0.153,-17.122,-22.435,-47.867,-8.32,-66.132,19.452,-48.51,14.069,-63.518,33.668,-77.351,4.817,-108.765,-35.086,-79.142,2719.585,5.677,-27.562,2722.169,2,"アリアル",15.659,-41.551,0,0,0,0,0,0,0,2
56,4,1,0,1,0,0,1,0,0,0,255,255,255,27,2750.768,"눈꽃",R,0,140,1.369,0.092,0,24.579,-69.055,0,0,0,1,4,R,"Megu3568",174.7,86,0.399,0,75,0,0,0,0,0,0,0,0,0,0,0,0,0,0,0,0.378,-37.308,0.085,-16.966,-22.983,-47.978,-14.037,-64.384,19.518,-51.339,14.597,-64.374,32.425,-81.04,-2.163,-110.308,-36.711,-78.125,0,0,0,0,0,"",0,0,0,0,0,0,0,0,0,0
57,4,1,0,1,0,1,1,0,0,0,255,255,255,28,2768.657,"눈꽃",R,0,140,1.326,1.274,1,24.136,-86.258,0,0,0,1,4,R,"Megu3568",174.7,86,0.399,0,75,0,0,0,0,0,0,0,0,0,0,0,0,0,0,0,0.142,-37.355,0.142,-16.918,-23.228,-48.083,-14.053,-64.396,19.508,-50.694,14.939,-64.352,32.409,-81.038,-2.199,-110.316,-37.382,-79.163,0,0,0,0,0,"",0,0,0,0,0,0,0,0,0,0
58,4,1,0,1,1,1,1,0,0,0,255,255,255,29,2784.969,"눈꽃",R,0,140,0.226,-0.141,0,2.733,-132.223,0,0,0,1,4,R,"Megu3568",174.7,86,0.399,0,75,0,0,0,0,0,0,0,0,0,0,0,0,0,0,0,0.325,-37.114,0.116,-16.834,-23.322,-48.209,-14.24,-64.295,19.709,-50.232,14.582,-64.447,32.432,-81.065,-2.347,-110.307,-35.914,-77.819,0,0,0,0,0,"",0,0,0,0,0,0,0,0,0,0
59,4,1,0,1,1,2,1,0,0,0,255,255,255,30,2857.84,"눈꽃",R,0,140,1.172,0.262,2,68.962,-129.477,0,0,1,1,4,R,"Megu3568",174.7,86,0.399,3,75,2858.929,180,113,25,149,127,-25.145,41.002,0.55,0.003,-0.078,0.206,0,0,0,0.124,-36.985,0.073,-16.932,-24.403,-51.217,-14.042,-64.175,18.016,-50.639,13.696,-64.7,32.453,-81.082,-2.45,-110.503,-39.808,-81.379,2859.019,-1.145,-19.682,2860.619,2,"アリアル",-24.69,-46.509,0,0,0,0,0,0,0,2
60,4,1,0,1,0,0,2,0,0,0,255,255,255,31,2887.201,"눈꽃",R,0,135,-1.736,1.165,1,11.005,-136.933,0,0,0,2,2,L,"Pring__",175.1,90,0.482,0,58,0,0,0,0,0,0,0,0,0,0,0,0,0,0,0,-0.154,-37.214,-0.027,-16.757,-24.569,-50.096,-12.773,-64.281,20.75,-48.44,14.553,-64.445,35.356,-80.785,2.29,-110.573,-35.276,-79.508,0,0,0,0,0,"",0,0,0,0,0,0,0,0,0,0
61,4,1,0,1,1,0,2,0,0,0,255,255,255,32,2905.642,"눈꽃",R,10,128,2.359,-1.009,2,0,400,0,0,1,2,2,L,"Pring__",175.1,90,0.482,2,58,2906.368,161,141,17,150,87,-30,-39.709,0.96,-0.031,-0.055,0.234,0,0,0,0.11,-37.18,0.008,-16.884,-22.464,-48.357,-11.411,-65.099,20.657,-48.379,14.543,-64.397,35.349,-80.775,2.177,-110.654,-35.091,-80.994,2906.569,1.219,-21.397,2908.502,4,"_이누_",17.543,-43.263,0,4,0,0,0,0,0,2
62,4,0,0,1,0,0,0,0,0,0,255,255,255,28,2962.766,"인생최패망자",R,0,130,-1.004,0.576,0,0,0,0,0,0,1,7,R,"Slaris",174.5,95,0.451,0,58,0,0,0,0,0,0,0,0,0,0,0,0,0,0,0,0.017,-37.606,-0.295,-16.971,-22.426,-48.836,-14.392,-63.625,19.18,-50.07,11.784,-64.122,37.681,-87.062,1.775,-109.101,-39.283,-89.037,0,0,0,0,0,"",0,0,0,0,0,0,0,0,0,0
63,4,0,0,1,0,1,0,0,0,0,255,255,255,29,2976.655,"인생최패망자",R,10,117,0.385,-0.957,2,0,400,0,0,1,1,7,R,"Slaris",174.5,95,0.451,3,58,2977.654,184,137,24,155,126,-30,-20.848,0.73,0.009,-0.106,0.45,0,0,0,0.089,-37.073,0.15,-17.09,-22.462,-48.854,-14.412,-63.638,19.089,-49.952,11.77,-64.126,37.669,-87.023,1.76,-109.081,-39.461,-88.26,2977.736,0.421,-21.067,2979.585,5,"Yaksok~",14.952,-59.243,0,0,0,0,0,0,0,2
64,4,0,0,1,0,0,1,0,0,0,255,255,255,30,3007.284,"인생최패망자",R,3,107,-1.925,0.056,2,-416.084,0,0,0,1,2,8,L,"Sabo_10",185.1,94,0.597,3,58,3008.314,149,129,66,149,128,25.395,27.838,0.34,0.07,-0.187,0.324,0,0,0,-0.238,-36.96,-0.369,-17.046,-21.781,-47.888,-12.042,-65.106,19.113,-49.908,9.797,-65.303,38.815,-87.482,9.545,-124.006,-42.278,-89.759,3014.002,-64.695,-124.529,0,0,"",0,0,0,0,0,0,0,0,0,4
65,4,0,0,2,0,0,1,0,0,0,255,255,255,31,3051.356,"인생최패망자",R,14,113,1.44,0.473,2,358.234,348.81,0,0,1,3,9,L,"encounter v",190,100,0.447,3,58,3052.509,177,108,3,143,120,113.641,45.388,0.18,0.001,-0.155,0.395,0,0,0,0.044,-36.971,0.208,-16.989,-22.822,-49.633,-13.137,-64.422,18.802,-49.296,10.278,-64.927,38.414,-87.491,1.406,-105.698,-40.065,-90.394,0,0,0,0,0,"",0,0,0,0,0,0,0,0,0,0
66,4,0,0,2,0,1,1,0,0,0,255,255,255,32,3073.213,"인생최패망자",R,0,140,-2.279,-0.262,1,0,0,0,0,0,3,9,L,"encounter v",190,100,0.447,0,49,0,0,0,0,0,0,0,0,0,0,0,0,0,0,0,-0.033,-37.51,-0.363,-16.945,-22.26,-48.961,-13.675,-63.696,18.963,-49.351,10.195,-65.516,38.141,-88.621,1.573,-105.436,-40.611,-86.53,0,0,0,0,0,"",0,0,0,0,0,0,0,0,0,0
67,4,0,0,2,1,1,1,0,0,0,255,255,255,33,3088.747,"인생최패망자",R,3,108,-2.78,0.597,2,-461.925,0,0,0,1,3,9,L,"encounter v",190,100,0.447,3,49,3089.951,169,111,23,147,92,-6.162,9.209,-0.49,0.029,-0.146,0.379,0,0,0,-0.212,-36.872,-0.368,-17.167,-22.235,-48.927,-13.695,-63.685,18.802,-49.261,10.176,-65.556,38.138,-88.652,1.588,-105.386,-37.582,-84.895,3090.419,-1.811,-27.708,3092.352,3,"ʚEveɞ",-6.253,-60.762,0,0,0,0,0,0,0,2
68,4,0,0,2,0,0,2,0,0,0,255,255,255,34,3122.396,"인생최패망자",R,0,140,-1.274,-0.809,0,0,0,0,0,0,4,1,R,"ke ro",190,89.634,0.453,0,58,0,0,0,0,0,0,0,0,0,0,0,0,0,0,0,0.078,-37.499,-0.328,-16.981,-21.688,-47.93,-13.834,-63.931,19.053,-49.531,11.874,-64.576,35.421,-82.985,3.076,-95.546,-36.601,-84.174,0,0,0,0,0,"",0,0,0,0,0,0,0,0,0,0
69,4,0,0,2,0,1,2,0,0,0,255,255,255,35,3138.118,"인생최패망자",R,3,114,-2.394,-0.875,4,-430.868,0,0,0,1,4,1,R,"ke ro",190,89.634,0.453,0,58,0,0,0,0,0,0,0,0,0,0,0,0,0,0,0,-0.076,-37.456,-0.429,-16.834,-21.439,-46.418,-13.844,-63.92,18.909,-49.64,11.865,-64.572,35.386,-82.953,4.489,-95.951,-36.746,-84.263,0,0,0,0,0,"",0,0,0,0,0,0,0,0,0,0
70,4,0,0,2,0,2,2,0,0,0,255,255,255,36,3153.311,"인생최패망자",R,10,115,1.557,-2.046,1,107.157,400,0.25,-17.809,0,4,1,R,"ke ro",190,89.634,0.453,0,58,0,0,0,0,0,0,0,0,0,0,0,0,0,0,0,0.266,-37.465,0.208,-17.021,-21.87,-47.269,-13.88,-63.937,19.042,-49.54,11.865,-64.574,35.456,-83.049,4.467,-95.924,-37.872,-85.028,0,0,0,0,0,"",0,0,0,0,0,0,0,0,0,0
71,4,0,0,2,1,2,2,0,0,0,255,255,255,37,3169.059,"인생최패망자",R,14,105,2.295,-1.892,2,212.922,400,0,0,1,4,1,R,"ke ro",190,89.634,0.453,2,58,3170.055,0,0,0,0,42,-7.487,-28.365,0.27,0,0,0,0,0,0,0.26,-36.92,0.168,-17.272,-21.787,-48.184,-13.874,-63.835,18.767,-49.532,11.866,-64.639,35.443,-83.036,4.498,-96.175,-38.271,-87.151,3170.352,1.168,-21.749,3173.469,4,"Megu3568",11.695,-41.427,0,0,0,0,0,0,0,2
72,5,1,0,2,0,0,0,0,0,0,255,255,255,33,3222.439,"눈꽃",R,0,128,1.675,0.407,2,76.513,-196.881,0,0,1,3,7,R,"Gonyong",175.2,86,0.2,3,50,3223.349,162,74,11,134,79,16.912,2.065,-0.5,-0.07,-0.031,0.15,0,0,0,0.223,-36.999,0.038,-16.896,-22.772,-48.562,-14.342,-64.191,18.927,-50.557,13.231,-64.236,31.396,-79.164,-3.104,-109.43,-40.794,-83.428,3225.619,-3.659,-58.963,3226.669,3,"아침땅_",-4.589,-65.058,0,8,0,0,0,0,0,2
73,5,1,0,2,0,0,1,0,0,0,255,255,255,34,3256.111,"눈꽃",R,0,140,-0.972,-1.567,4,12.164,-25.162,0,0,1,4,5,R,"Yaksok~",166.1,93.981,0.395,0,61,0,0,0,0,0,0,0,0,0,0,0,0,0,0,0,0.225,-37.473,0.014,-16.996,-22.57,-48.294,-15.028,-63.032,18.895,-50.076,13.299,-64.596,30.885,-79.003,-3.922,-108.021,-34.97,-77.664,0,0,0,0,0,"",0,0,0,0,0,0,0,0,0,0
74,5,1,0,2,0,1,1,0,0,0,255,255,255,35,3271.565,"눈꽃",R,13,108,-1.005,-0.326,2,-162.6,400,0,0,1,4,5,R,"Yaksok~",166.1,93.981,0.395,3,61,3272.462,144,117,17,144,88,-15.138,40.339,0.94,-0.13,-0.133,0.391,0,0,0,-0.024,-37.115,-0.052,-17.004,-22.554,-48.254,-14.471,-63.353,18.753,-49.84,13.241,-64.712,30.908,-79.002,-3.392,-108.094,-35.176,-77.548,3272.702,-2.258,-22.574,3274.569,2,"アリアル",-21.431,-44.601,0,0,0,0,0,0,0,2
75,5,1,0,2,0,0,2,0,0,0,255,255,255,36,3298.542,"눈꽃",R,0,140,-1.804,-1.182,4,19.368,-36.914,-0.354,-15.497,1,5,8,L,"SOM_candy",179.9,102.048,0.554,0,58,0,0,0,0,0,0,0,0,0,0,0,0,0,0,0,0.22,-37.332,0.015,-17.033,-24.397,-50.005,-8.036,-66.672,24.562,-52.708,13.411,-64.626,37.046,-80.683,10.72,-110.046,-35.297,-79.591,0,0,0,0,0,"",0,0,0,0,0,0,0,0,0,0
76,5,1,0,2,0,1,2,0,0,0,255,255,255,37,3312.989,"눈꽃",R,0,124,1.805,1.468,2,-17.673,0,0,0,1,5,8,L,"SOM_candy",179.9,102.048,0.554,3,58,3313.983,211,121,40,155,67,32.612,-16.125,1,-0.024,0.077,0.202,0,0,0,0.038,-37.193,0.001,-16.933,-23.795,-50.437,-8.055,-66.716,23.947,-51.957,13.791,-64.501,37.051,-80.698,10.66,-110.048,-34.222,-78.528,0,0,0,3318.519,5,"coder_",12.381,-65.033,0,0,0,0,0,0,0,1
77,5,0,0,2,0,0,0,0,0,0,255,255,255,38,3365.258,"인생최패망자",R,0,140,-0.873,-0.83,0,0,0,0,0,0,5,4,R,"_이누_",190,90.187,0.5,0,58,0,0,0,0,0,0,0,0,0,0,0,0,0,0,0,0.08,-37.893,-0.22,-16.799,-19.712,-45.125,-14.441,-63.723,19.811,-50.937,11.817,-64.091,37.27,-87.586,1.675,-106.657,-36.672,-86.391,0,0,0,0,0,"",0,0,0,0,0,0,0,0,0,0
78,5,0,0,2,0,1,0,0,0,0,255,255,255,39,3382.529,"인생최패망자",R,3,111,-2.97,0.593,4,-430.804,0,0,0,1,5,4,R,"_이누_",190,90.187,0.5,0,58,0,0,0,0,0,0,0,0,0,0,0,0,0,0,0,0.069,-37.781,-0.426,-16.899,-20.403,-45.434,-16.936,-58.16,19.757,-50.838,11.811,-64.07,37.276,-87.62,1.67,-106.621,-34.913,-86.072,0,0,0,0,0,"",0,0,0,0,0,0,0,0,0,0
79,5,0,0,2,0,2,0,0,0,0,255,255,255,40,3398.684,"인생최패망자",R,10,87,1.184,-2.529,1,0,400,0.121,-17.929,0,5,4,R,"_이누_",190,90.187,0.5,0,58,0,0,0,0,0,0,0,0,0,0,0,0,0,0,0,0.229,-37.662,-0.086,-16.975,-18.917,-43.654,-16.794,-58.924,19.874,-50.852,11.804,-64.069,37.286,-87.616,1.613,-106.19,-36.038,-83.741,0,0,0,0,0,"",0,0,0,0,0,0,0,0,0,0
80,5,0,0,2,1,2,0,0,0,0,255,255,255,41,3414.284,"인생최패망자",R,0,130,-0.963,-0.794,0,0,0,0,0,0,5,4,R,"_이누_",190,90.187,0.5,0,58,0,0,0,0,0,0,0,0,0,0,0,0,0,0,0,0.128,-37.402,-0.268,-17.176,-21.563,-46.489,-17.374,-59.976,19.769,-50.799,11.797,-64.075,37.329,-87.674,1.611,-106.088,-36.099,-83.54,0,0,0,0,0,"",0,0,0,0,0,0,0,0,0,0
81,5,0,0,2,0,0,1,0,0,0,255,255,255,42,3435.096,"인생최패망자",R,10,114,0.185,1.082,2,76.37,393.56,0,0,1,6,3,R,"아침땅_",174.6,95,0.5,2,58,3436.074,102,122,51,137,114,102.822,-52.113,0.46,-0.05,-0.015,0.413,0,0,0,-0.145,-36.921,0.156,-16.946,-22.276,-48.126,-16.658,-62.553,19.721,-50.712,11.797,-64.074,37.29,-87.601,0.84,-103.168,-38.328,-85.461,0,0,0,0,0,"",0,0,0,0,0,0,0,0,0,0
82,5,0,0,2,0,1,1,0,0,0,255,255,255,43,3452.67,"인생최패망자",R,10,107,0.585,0.501,2,0,400,0,0,1,6,3,R,"아침땅_",174.6,95,0.5,2,37,3453.649,148,113,54,147,112,16.933,-16.744,0.13,-0.036,-0.02,0.328,0,0,0,0.127,-37.112,0.323,-16.995,-22.207,-48.049,-18.323,-61.192,19.175,-48.932,11.08,-64.98,38.601,-86.86,1.384,-104.504,-38.996,-85.586,3457.502,25.061,-103.043,3461.986,7,"Gonyong",21.266,-121.429,1,0,0,0,0,0,0,2
83,5,0,0,2,0,0,1,0,1,0,255,12,255,44,3493.548,"인생최패망자",R,3,110,-3.952,-0.044,2,-493.774,0,0,0,1,7,2,R,"アリアル",190,94.529,0.5,3,58,3494.462,233,174,3,155,69,20.822,30.463,1,-0.017,0.039,0.433,0,0,0,-0.195,-37.175,-0.316,-16.99,-21.624,-47.23,-15.749,-62.762,18.294,-46.747,10.432,-63.078,39.341,-84.466,6.776,-106.701,-36.526,-88.121,3497.419,-24.742,-54.867,3499.752,8,"SOM_candy",-35.848,-70.002,1,0,0,0,0,0,0,2
84,5,0,0,2,0,0,1,1,0,1,11,255,12,45,3590.649,"인생최패망자",R,0,140,-0.408,-0.649,2,0,0,0,0,1,8,6,R,"소솨소솨",164.5,95.565,0.5,2,45,3591.43,200,131,23,155,87,2.167,35.774,-0.51,-0.064,-0.168,0.475,0,0,0,-0.267,-36.927,-0.234,-17.19,-19.144,-45.002,-13.449,-63.759,17.218,-43.601,9.685,-64.502,35.139,-82.379,1.569,-99.953,-37.482,-90.184,3592.385,-10.855,-36.282,3592.919,2,"Pring__",-13.196,-39.869,0,0,0,0,0,0,0,2
85,6,1,0,2,0,0,0,0,0,0,255,255,255,38,3661.582,"눈꽃",R,13,116,6.731,-0.803,2,-390.434,312.348,0,0,1,6,0,R,"인생최패망자",190,90,0.447,3,58,3662.737,101,63,15,125,86,21.035,27.385,0.03,0.022,-0.047,0.06,0,0,0,0.133,-37.201,-0.021,-16.81,-23.71,-50.921,-13.864,-63.939,19.922,-51.971,15.969,-66.245,37.125,-84.811,2.697,-112.152,-44.44,-88.763,3666.969,-28.401,-82.463,3667.419,8,"Sabo_10",-28.562,-82.835,1,0,0,0,0,0,0,2
86,6,1,0,2,0,0,0,1,0,0,0,255,255,39,3694.875,"눈꽃",R,0,140,-0.027,-0.042,2,127.014,-200,0,0,1,7,6,L,"IbikiKai_JP",175,90,0.5,3,30,3695.908,149,119,18,146,127,-22.5,8.066,0.52,-0.021,-0.074,0.299,0,0,0,0.094,-36.984,0.037,-16.899,-19.072,-40.169,-6.793,-66.762,21.563,-49.072,13.987,-64.36,36.064,-80.232,7.139,-110.808,-39.715,-85.243,3696.002,-0.218,-21.183,3698.002,3,"아침땅_",-5.935,-61.696,1,0,0,0,0,0,0,2
87,6,1,0,2,0,0,0,1,1,0,6,0,255,40,3727.884,"눈꽃",R,0,140,1.018,0.39,2,61.713,-104.257,0,0,1,8,1,R,"편하비_",181.8,94.587,0.455,2,58,3728.702,166,81,30,140,85,12.65,-11.694,-0.48,-0.064,-0.062,0.173,0,0,0,0.135,-37.029,-0.004,-16.856,-20.29,-43.913,-13.578,-63.344,20.245,-49.421,13.362,-61.839,32.548,-79.106,0.635,-110.541,-33.992,-76.208,3731.169,14.98,-64.88,3731.436,5,"coder_",13.574,-61.8,0,0,0,0,0,0,0,1
88,6,1,0,2,0,0,2,0,1,0,255,0,255,41,3763.718,"눈꽃",R,0,140,-0.58,0.435,2,54.333,-85.079,0,0,1,0,3,L,"ʚEveɞ",160,97.597,0.478,2,58,3764.703,55,30,0,19,55,-28.18,-37.951,-0.08,0.061,-0.042,0.129,0,0,0,0.226,-37.131,-0.095,-16.919,-22.826,-48.06,-2.44,-67.714,19.145,-46.928,15.291,-62.499,33.91,-77.776,5.693,-110.526,-32.128,-78.338,3764.986,1.038,-20.818,3767.436,4,"_이누_",15.601,-38.526,1,64,0,0,0,0,0,2
89,6,0,0,2,0,0,0,0,0,0,255,255,255,46,3910.83,"인생최패망자",R,14,107,2.654,-0.127,2,361.798,334.154,0,0,1,0,5,R,"coder_",164.9,99.787,0.25,3,58,3911.954,58,48,71,74,62,-56.116,-46.625,-0.48,-0.092,-0.144,0.208,0,0,0,-0.289,-37.381,0.368,-17.094,-21.527,-47.588,-14.846,-62.766,19.719,-50.062,11.567,-64.565,37.211,-87.732,-10.887,-111.072,-37.366,-85.988,3912.152,1.043,-20.841,3915.419,4,"Megu3568",21.706,-41.89,1,0,0,0,0,0,0,2
90,6,0,0,2,0,1,0,0,0,0,255,255,255,47,4060.309,"인생최패망자",R,0,138,-0.861,-0.626,2,0,0,0,0,1,0,5,R,"coder_",164.9,99.787,0.25,3,58,4061.432,169,93,29,143,85,-15.019,2.923,0.95,-0.076,-0.12,0.495,0,0,0,-0.032,-37.083,-0.352,-17.086,-22.689,-48.908,-13.033,-63.958,18.14,-47.762,11.543,-64.248,37.152,-87.309,-11.805,-108.748,-37.029,-86.434,4061.669,-0.261,-20.551,4062.719,0,"인생최패망자",-1.393,-36.113,0,0,0,0,0,0,0,2
91,6,0,0,2,0,0,1,0,0,0,255,255,255,48,4086.409,"인생최패망자",R,3,111,-1.827,0.619,2,-438.184,0,0,0,1,1,7,R,"Slaris",174.5,95,0.451,3,58,4087.458,155,111,44,148,115,111.014,-45.709,0.16,-0.157,-0.008,0.356,0,0,0,-0.142,-37.035,-0.329,-16.905,-23.376,-49.787,-13.977,-63.309,18.05,-47.654,12.202,-64.929,38.124,-85.821,-4.604,-99.912,-37.136,-81.109,0,0,0,0,0,"",0,0,0,0,0,0,0,0,0,0
92,6,0,0,2,0,1,1,0,0,0,255,255,255,49,4107.636,"인생최패망자",R,14,108,1.491,0.276,1,218.921,400,0.308,-17.345,0,1,7,R,"Slaris",174.5,95,0.451,0,68,0,0,0,0,0,0,0,0,0,0,0,0,0,0,0,0.084,-37.66,0.218,-17.126,-23.728,-48.991,-13.712,-63.208,18.3,-47.67,11.035,-65.634,39.038,-85.741,1.154,-106.157,-41.633,-88.34,0,0,0,0,0,"",0,0,0,0,0,0,0,0,0,0
93,6,0,0,2,1,1,1,0,0,0,255,255,255,50,4124.859,"인생최패망자",R,0,140,-1.779,-0.927,4,0,0,0,0,1,1,7,R,"Slaris",174.5,95,0.451,0,68,0,0,0,0,0,0,0,0,0,0,0,0,0,0,0,-0.061,-37.444,-0.294,-16.91,-23.631,-48.934,-13.834,-63.626,18.348,-47.635,12.068,-64.499,39.34,-85.855,1.103,-106.081,-41.551,-88.289,0,0,0,0,0,"",0,0,0,0,0,0,0,0,0,0
94,6,0,0,2,1,2,1,0,0,0,255,255,255,51,4140.099,"인생최패망자",R,3,113,-4.835,-0.885,1,-500,0,0,0,0,1,7,R,"Slaris",174.5,95,0.451,0,68,0,0,0,0,0,0,0,0,0,0,0,0,0,0,0,-0.074,-37.547,-0.737,-17.16,-23.495,-48.249,-13.901,-63.572,18.227,-47.74,12.113,-64.551,39.337,-85.837,1.119,-106.146,-41.401,-88.069,0,0,0,0,0,"",0,0,0,0,0,0,0,0,0,0
95,6,0,0,2,2,2,1,0,0,0,255,255,255,52,4154.659,"인생최패망자",R,0,132,2.332,0.81,4,0,0,0.133,-20.711,1,1,7,R,"Slaris",174.5,95,0.451,0,68,0,0,0,0,0,0,0,0,0,0,0,0,0,0,0,-0.008,-37.563,0.097,-17.629,-23.235,-47.822,-13.909,-63.555,18.163,-47.638,12.009,-64.264,39.427,-85.982,1.131,-105.994,-41.449,-88.116,0,0,0,0,0,"",0,0,0,0,0,0,0,0,0,0
96,6,0,0,2,0,0,2,0,0,0,255,255,255,53,4187.594,"인생최패망자",R,14,108,3.065,-1.828,1,360.303,339.602,0.852,-17.66,0,2,8,L,"Sabo_10",184.7,94,0.597,0,58,0,0,0,0,0,0,0,0,0,0,0,0,0,0,0,0.069,-37.374,0.471,-17.125,-22.468,-47.616,-12.325,-64.469,17.514,-46.822,10.433,-65.226,39.461,-86.074,11.762,-120.459,-42.042,-91.582,0,0,0,0,0,"",0,0,0,0,0,0,0,0,0,0
97,6,0,0,2,1,0,2,0,0,0,255,255,255,54,4209.918,"인생최패망자",R,0,130,0.232,1.947,4,0,0,0,0,1,2,8,L,"Sabo_10",184.7,94,0.597,0,58,0,0,0,0,0,0,0,0,0,0,0,0,0,0,0,-0.05,-37.265,0.168,-17.105,-22.416,-47.583,-13.195,-64.28,17.513,-46.776,10.435,-65.226,39.479,-86.076,11.782,-120.46,-42.1,-91.578,0,0,0,0,0,"",0,0,0,0,0,0,0,0,0,0
98,6,0,0,2,1,1,2,0,0,0,255,255,255,55,4229.775,"인생최패망자",R,0,134,-0.994,1.719,4,0,0,0,0,1,2,8,L,"Sabo_10",184.7,94,0.597,0,58,0,0,0,0,0,0,0,0,0,0,0,0,0,0,0,-0.07,-37.261,0.239,-16.829,-22.441,-47.619,-13.15,-64.229,17.487,-46.821,10.439,-65.228,39.428,-86.041,10.634,-119.763,-43.088,-92.161,0,0,0,0,0,"",0,0,0,0,0,0,0,0,0,0
99,6,0,0,2,1,2,2,0,0,0,255,255,255,56,4244.726,"인생최패망자",R,10,111,2.317,-2.159,1,130.217,400,0.358,-17.761,0,2,8,L,"Sabo_10",184.7,94,0.597,0,58,0,0,0,0,0,0,0,0,0,0,0,0,0,0,0,0.154,-37.368,0.305,-17.039,-22.518,-47.674,-13.147,-64.212,17.651,-46.739,9.999,-63.653,39.449,-86.05,10.647,-119.862,-43.163,-92.346,0,0,0,0,0,"",0,0,0,0,0,0,0,0,0,0
100,6,0,0,2,2,2,2,0,0,0,255,255,255,57,4261.301,"인생최패망자",R,0,126,-0.639,2.021,2,0,0,0,0,1,2,8,L,"Sabo_10",184.7,94,0.597,3,58,4262.357,152,114,58,148,100,103.607,22.787,0.03,0.03,-0.114,0.311,0,0,0,-0.261,-36.978,0.121,-16.953,-22.521,-47.676,-13.155,-64.203,18.074,-47.263,10.353,-64.157,39.469,-86.074,10.647,-119.878,-42.395,-91.68,0,0,0,0,0,"",0,0,0,0,0,0,0,0,0,0
101,6,0,0,2,2,2,2,0,0,0,255,255,255,58,4283.422,"인생최패망자",R,14,107,1.833,-1.951,1,345.256,352.166,0.533,-18.002,0,2,8,L,"Sabo_10",184.7,94,0.597,0,58,0,0,0,0,0,0,0,0,0,0,0,0,0,0,0,0.184,-37.361,0.336,-17.761,-22.903,-47.342,-13.448,-63.877,18.248,-46.859,8.557,-64.19,39.056,-86.137,11.914,-123.619,-43.966,-91.689,0,0,0,0,0,"",0,0,0,4,0,0,0,0,0,0
102,7,1,0,2,0,0,0,0,0,0,255,255,255,42,4351.339,"눈꽃",R,0,140,-1.575,-0.516,1,47.139,-69.39,-0.434,-17.063,0,1,4,R,"Megu3568",174.7,86,0.399,0,58,0,0,0,0,0,0,0,0,0,0,0,0,0,0,0,0.065,-37.258,-0.037,-16.771,-23.637,-49.111,-14.357,-63.632,18.404,-49.916,13.052,-65.246,32.008,-80.941,-4.334,-111.56,-36.077,-82.629,0,0,0,0,0,"",0,0,0,0,0,0,0,0,0,0
103,7,1,0,2,1,0,0,0,0,0,255,255,255,43,4365.806,"눈꽃",R,0,139,1.719,0.645,1,68.805,-132.714,0.719,-16.372,0,1,4,R,"Megu3568",174.7,86,0.399,0,58,0,0,0,0,0,0,0,0,0,0,0,0,0,0,0,0.315,-37.419,0.389,-16.57,-23.736,-49.11,-13.748,-63.928,18.12,-51.334,12.939,-65.252,31.993,-80.96,-4.266,-111.565,-35.611,-82.194,0,0,0,0,0,"",0,0,0,0,0,0,0,0,0,0
104,7,1,0,2,2,0,0,0,0,0,255,255,255,44,4508.799,"눈꽃",R,0,140,0.929,-0.354,0,47.73,-91.002,0,0,0,1,4,R,"Megu3568",174.7,86,0.399,0,75,0,0,0,0,0,0,0,0,0,0,0,0,0,0,0,-0.126,-37.287,0.009,-16.445,-23.829,-49.197,-14.579,-63.424,18.374,-48.533,12.062,-65.709,29.396,-81.953,-4.204,-111.619,-36.792,-81.852,0,0,0,0,0,"",0,0,0,0,0,0,0,0,0,0
105,7,1,0,2,2,1,0,0,0,0,255,255,255,45,4523.624,"눈꽃",R,13,110,-1.23,0.753,0,-361.217,345.72,0,0,0,1,4,R,"Megu3568",174.7,86,0.399,0,75,0,0,0,0,0,0,0,0,0,0,0,0,0,0,0,0.002,-37.484,-0.064,-16.523,-23.825,-49.196,-15.185,-63.048,18.577,-49.963,10.874,-65.749,29.391,-81.958,-4.116,-111.633,-36.114,-81.448,0,0,0,0,0,"",0,0,0,0,0,0,0,0,0,0
106,7,1,0,2,2,2,0,0,0,0,255,255,255,46,4539.274,"눈꽃",R,0,140,1.011,-1.116,2,33.809,-65.493,0,0,1,1,4,R,"Megu3568",174.7,86,0.399,3,75,4540.358,160,140,31,151,125,-27.544,20.819,0.2,-0.018,-0.137,0.305,0,0,0,0.029,-37.02,0.043,-16.653,-23.821,-49.167,-14.267,-63.637,19.74,-48.667,11.904,-65.411,29.423,-81.955,-4.163,-111.635,-36.8,-81.292,4540.452,-0.064,-20.054,4547.219,7,"Slaris",-29.286,-119.897,1,0,0,0,0,0,0,2
107,7,1,0,2,0,0,0,0,1,0,255,4,255,47,4584.573,"눈꽃",R,0,0,0,0,0,0,0,0,0,1,2,2,L,"Pring__",175.1,90,0.482,2,58,4585.24,164,140,23,151,89,15.799,31.982,-0.54,-0.037,-0.058,0.313,0,0,0,-0.046,-37.07,0.002,-16.595,-22.283,-48.542,-4.252,-66.841,21.3,-49.28,12.309,-62.096,33.963,-77.894,2.652,-111.055,-34.198,-80.789,4585.969,0.027,-20.133,4601.252,3,"아침땅_",-0.151,-37.76,0,0,0,0,0,0,0,3
108,7,1,0,2,0,1,0,0,1,0,255,4,255,48,4606.796,"눈꽃",R,0,140,2.558,0.036,4,92.581,-131.738,0,0,1,2,2,L,"Pring__",175.1,90,0.482,0,88,0,0,0,0,0,0,0,0,0,0,0,0,0,0,0,-0.053,-37.355,1.136,-19.581,-22.223,-47.793,-5.605,-65.47,20.386,-46.989,14.54,-62.396,33.942,-77.879,5.723,-113.848,-32.663,-80.795,0,0,0,0,0,"",0,0,0,0,0,0,0,0,0,0
109,7,1,0,2,0,2,0,0,1,0,255,4,255,49,4630.984,"눈꽃",R,14,113,1.304,-0.15,0,343.775,363.069,0,0,1,2,2,L,"Pring__",175.1,90,0.482,0,88,0,0,0,0,0,0,0,0,0,0,0,0,0,0,0,-0.045,-37.746,-0.048,-18.096,-22.236,-47.114,-3.755,-65.44,21.195,-47.601,13.57,-63.265,33.483,-77.997,5.073,-108.937,-31.503,-79.382,0,0,0,0,0,"",0,0,0,0,0,0,0,0,0,0
110,7,1,0,2,0,0,1,0,1,0,255,4,255,50,4654.058,"눈꽃",R,0,140,2.043,-0.07,4,12.566,-34.156,0.16,-20.583,1,3,7,R,"Gonyong",175.2,86,0.2,0,58,0,0,0,0,0,0,0,0,0,0,0,0,0,0,0,0.032,-37.436,-0.109,-18.492,-21.333,-48.192,-14.165,-63.872,19.317,-47.857,10.089,-62.012,29.061,-80.562,-4.12,-107.194,-33.451,-76.779,0,0,0,0,0,"",0,0,0,0,0,0,0,0,0,0
111,7,1,0,2,0,1,1,0,1,0,255,4,255,51,4679.875,"눈꽃",R,0,140,1.322,0.663,2,81.502,-126.434,0,0,1,3,7,R,"Gonyong",175.2,86,0.2,3,58,4680.74,129,61,6,116,69,39.067,51.613,-0.38,-0.036,-0.033,0.097,0,0,0,0.189,-37.076,0.024,-16.867,-21.406,-48.688,-14.112,-64.189,18.763,-49.347,7.297,-62.36,29.03,-80.592,-5.182,-108.869,-33.23,-77.393,4684.652,-39.35,-48.452,0,0,"",0,0,0,0,0,0,0,0,0,3
112,7,1,0,2,0,2,1,0,1,0,255,4,255,52,4708.59,"눈꽃",R,13,114,-2.833,-1.011,4,-354.421,352.684,0,0,1,3,7,R,"Gonyong",175.2,86,0.2,0,50,0,0,0,0,0,0,0,0,0,0,0,0,0,0,0,0.139,-37.459,-0.115,-17.994,-21.309,-47.209,-14.409,-63.374,18.911,-46.901,7.068,-63.28,27.383,-80.787,-3.859,-107.208,-38.45,-73.168,0,0,0,0,0,"",0,0,0,0,0,0,0,0,0,0
113,7,1,0,2,0,0,2,0,1,0,255,4,255,53,4762.071,"눈꽃",R,0,140,-1.144,-0.788,0,103.136,-117.7,0,0,1,4,5,R,"Yaksok~",166.1,93.981,0.395,0,58,0,0,0,0,0,0,0,0,0,0,0,0,0,0,0,-0.093,-37.54,-0.041,-17.123,-22.603,-48.365,-14.1,-63.729,18.456,-49.884,7.184,-62.638,28.047,-80.855,-2.754,-111.392,-32.071,-75.81,0,0,0,0,0,"",0,0,0,0,0,0,0,0,0,0
114,7,1,0,2,0,1,2,0,1,0,255,4,255,54,4780.046,"눈꽃",R,13,116,-1.95,-0.83,1,-390.434,312.348,-0.752,-16.678,0,4,5,R,"Yaksok~",166.1,93.981,0.395,0,58,0,0,0,0,0,0,0,0,0,0,0,0,0,0,0,-0.226,-37.698,0.105,-17.045,-22.667,-48.169,-14.333,-63.634,18.021,-48.91,8.695,-63.044,28.053,-80.864,-2.338,-110.665,-31.094,-74.601,0,0,0,0,0,"",0,0,0,0,0,0,0,0,0,0
115,7,1,0,2,1,1,2,0,1,0,255,4,255,55,4798.376,"눈꽃",R,0,140,4.487,-0.55,4,84.955,-121.012,0.485,-20.337,1,4,5,R,"Yaksok~",166.1,93.981,0.395,0,58,0,0,0,0,0,0,0,0,0,0,0,0,0,0,0,0.109,-37.643,0.103,-18.219,-22.049,-47.789,-14.292,-64.037,19.155,-47.131,8.029,-62.573,28.046,-80.842,-1.864,-109.539,-31.712,-73.784,0,0,0,0,0,"",0,0,0,0,0,0,0,0,0,0
116,7,1,0,2,1,2,2,0,1,0,255,4,255,56,4817.289,"눈꽃",R,0,140,0.881,1.31,2,32.879,-81.422,0,0,1,4,5,R,"Yaksok~",166.1,93.981,0.395,3,60,4818.012,135,38,0,73,63,-26.947,9.849,0,-0.07,-0.051,0.296,0,0,0,0.213,-37.101,0.061,-16.892,-21.826,-46.922,-14.113,-63.573,17.16,-48.671,3.697,-62.322,28.011,-80.848,-1.445,-109.832,-34.705,-78.278,4818.302,-0.187,-20.553,4819.752,0,"눈꽃",-2.965,-35.671,0,0,0,0,0,0,0,2
117,7,0,0,2,0,0,0,0,0,0,255,255,255,59,4877.286,"인생최패망자",R,0,130,-0.257,1.695,2,0,0,0,0,1,3,9,L,"encounter v",190,100,0.447,3,58,4878.373,168,132,36,153,114,96.584,-67.022,0.09,-0.009,-0.136,0.479,0,0,0,-0.086,-36.809,0.095,-17.163,-22.486,-48.843,-13.354,-63.974,19.598,-51.014,11.035,-64.483,37.163,-88.716,-0.151,-112.505,-35.496,-91.616,0,0,0,0,0,"",0,0,0,0,0,0,0,0,0,0
118,7,0,0,2,0,1,0,0,0,0,255,255,255,60,4898.554,"인생최패망자",R,10,108,0.64,-2.312,1,-26.756,400,-0.052,-17.717,0,3,9,L,"encounter v",190,100,0.447,0,47,0,0,0,0,0,0,0,0,0,0,0,0,0,0,0,0.058,-37.736,0.049,-16.998,-21.945,-48.034,-12.552,-64.521,19.841,-51.031,11.405,-64.994,38.336,-87.799,0.527,-112.711,-41.21,-89.407,0,0,0,0,0,"",0,0,0,0,0,0,0,0,0,0
119,7,0,0,2,1,1,0,0,0,0,255,255,255,61,4916.382,"인생최패망자",R,3,115,1.098,-0.652,2,-432.313,0,0,0,1,3,9,L,"encounter v",190,100,0.447,3,47,4917.53,214,176,44,155,129,-30,29.346,0.47,0.074,-0.177,0.365,0,0,0,0.029,-36.9,0.094,-17.057,-21.985,-48.071,-12.521,-64.489,19.594,-50.984,11.395,-65.007,38.327,-87.808,0.521,-112.771,-41.296,-89.525,4917.736,-0.283,-22.358,4920.686,8,"SOM_candy",-33.796,-81.917,1,0,0,0,0,0,0,2
120,7,0,0,2,0,0,0,1,0,0,9,255,255,62,4948.795,"인생최패망자",R,10,103,-1.293,-0.79,0,0,400,0,0,1,4,1,R,"ke ro",190,91.634,0.453,0,58,0,0,0,0,0,0,0,0,0,0,0,0,0,0,0,-0.185,-37.673,-0.18,-17.586,-19.954,-41.146,-8.446,-64.54,19.2,-50.279,2.077,-62.122,36.657,-84.358,1.342,-102.258,-39.002,-86.047,0,0,0,0,0,"",0,0,0,0,0,0,0,0,0,0
121,7,0,0,2,0,1,0,0,1,0,255,9,255,63,4975.138,"인생최패망자",R,14,110,0.973,0.525,0,265.993,400,0,0,0,4,1,R,"ke ro",190,91.634,0.453,0,58,0,0,0,0,0,0,0,0,0,0,0,0,0,0,0,-0.245,-37.668,0.195,-16.904,-21.218,-45.931,-14.994,-63.53,19.031,-45.041,5.45,-62.261,36.493,-84.098,0.71,-100.618,-40.515,-87.757,0,0,0,0,0,"",0,0,0,0,0,0,0,0,0,0
122,7,0,0,2,0,2,0,0,1,0,255,9,255,64,4993.306,"인생최패망자",R,0,129,0.997,2.065,4,0,0,0,0,1,4,1,R,"ke ro",190,91.634,0.453,0,58,0,0,0,0,0,0,0,0,0,0,0,0,0,0,0,0.045,-37.586,-0.184,-16.812,-21.235,-45.971,-14.982,-63.542,19.919,-46.445,5.863,-62.522,36.489,-84.098,0.677,-100.679,-39.705,-84.619,0,0,0,0,0,"",0,0,0,0,0,0,0,0,0,0
123,7,0,0,2,0,0,1,0,1,0,255,9,255,65,5021.876,"인생최패망자",R,0,132,-0.32,0.914,0,0,0,0,0,1,5,4,R,"_이누_",190,90.187,0.5,0,58,0,0,0,0,0,0,0,0,0,0,0,0,0,0,0,0.06,-37.47,-0.257,-16.962,-20.706,-46.015,-14.913,-63.49,19.054,-46.071,4.194,-61.914,36.505,-84.124,1.326,-106.833,-39.063,-83.818,0,0,0,0,0,"",0,0,0,0,0,0,0,0,0,0
124,7,0,0,2,0,1,1,0,1,0,255,9,255,66,5039.097,"인생최패망자",R,10,110,-1.22,-1.555,2,0,400,0,0,1,5,4,R,"_이누_",190,90.187,0.5,2,58,5039.982,132,94,80,143,118,29.468,34.75,0.77,-0.15,-0.267,0.264,0,0,0,-0.425,-36.903,-0.274,-17.119,-20.803,-46.149,-15.01,-63.292,18.77,-47.705,8.802,-62.718,36.469,-84.12,1.334,-106.845,-39.143,-83.889,5044.752,-65.464,-94.925,5046.136,8,"SOM_candy",-61.821,-89.207,1,0,0,0,0,0,0,2
125,7,0,0,3,0,0,1,1,0,0,13,255,255,67,5081.015,"인생최패망자",R,10,112,0.9,0.042,0,4.642,400,0,0,0,6,3,R,"아침땅_",174.6,95,0.5,0,58,0,0,0,0,0,0,0,0,0,0,0,0,0,0,0,0.096,-37.724,0.175,-17.244,-20.213,-41.625,-16.459,-62.731,19.02,-49.082,3.942,-63.667,36.336,-88.351,-8.021,-103.176,-40.936,-84.533,0,0,0,0,0,"",0,0,0,0,0,0,0,0,0,0
126,7,0,0,3,0,1,1,1,0,0,13,255,255,68,5099.405,"인생최패망자",R,0,127,1.019,0.158,2,0,0,0,0,1,6,3,R,"아침땅_",174.6,95,0.5,2,58,5100.32,133,90,40,141,83,26.544,36.701,-0.46,-0.067,-0.048,0.352,0,0,0,-0.051,-37.177,0.11,-17.271,-19.672,-42.295,-16.399,-62.767,19.023,-48.905,6.198,-64.413,36.371,-88.336,-8.025,-103.285,-42.666,-86.967,5104.652,-44.555,-67.511,5112.486,8,"SOM_candy",-67.397,-92.572,1,0,0,0,0,0,0,2
127,7,0,0,4,0,0,1,0,1,0,255,12,255,69,5147.906,"인생최패망자",R,3,109,-3.102,0.525,4,-444.88,0,0,0,1,7,2,R,"アリアル",190,94.529,0.5,0,58,0,0,0,0,0,0,0,0,0,0,0,0,0,0,0,-0.021,-37.526,-0.314,-16.896,-20.88,-44.712,-16.955,-61.798,18.917,-46.589,7.663,-61.234,38.877,-88.376,0.652,-109.627,-41.82,-85.127,0,0,0,0,0,"",0,0,0,0,0,0,0,0,0,0
128,7,0,0,4,0,1,1,0,1,0,255,12,255,70,5165.445,"인생최패망자",R,3,103,-3.286,0.687,4,-455.877,0,0,0,1,7,2,R,"アリアル",190,94.529,0.5,0,58,0,0,0,0,0,0,0,0,0,0,0,0,0,0,0,0.026,-37.394,-0.216,-16.942,-20.871,-44.714,-16.258,-62.562,18.738,-46.638,5.107,-62.378,38.855,-88.36,0.664,-109.663,-39.016,-81.882,0,0,0,0,0,"",0,0,0,0,0,0,0,0,0,0
129,7,0,0,4,0,2,1,0,1,0,255,12,255,71,5182.765,"인생최패망자",R,14,109,1.666,-1.415,2,244.981,400,0,0,1,7,2,R,"アリアル",190,94.529,0.5,3,58,5183.622,255,157,39,155,130,-5.726,-29.519,0.26,-0.086,-0.054,0.461,0,0,0,-0.136,-36.986,0.265,-17.274,-20.87,-44.728,-16.276,-62.585,18.532,-46.059,8.437,-62.978,38.887,-88.389,0.655,-109.661,-40.212,-83.74,5183.835,2.826,-24.607,5186.436,6,"IbikiKai_JP",34.859,-81.373,1,0,0,0,0,0,0,2
130,7,0,0,4,0,0,1,1,0,1,11,255,12,0,5421.463,"편하비_",R,0,124,0.733,1.033,0,0,0,0,0,0,8,6,R,"소솨소솨",164.5,95.565,0.5,0,45,0,0,0,0,0,0,0,0,0,0,0,0,0,0,0,-0.039,-37.314,0.105,-16.971,-19.511,-43.657,-13.996,-60.53,19.708,-45.396,8.036,-62.688,35.597,-83.555,3.232,-100.427,-39.017,-86.875,0,0,0,0,0,"",0,0,0,0,0,0,0,0,0,0
131,7,0,0,4,0,1,1,1,0,1,11,255,12,1,5441.731,"편하비_",R,13,102,0.429,-0.698,2,-280.664,397.979,0,0,1,8,6,R,"소솨소솨",164.5,95.565,0.5,2,45,5442.62,195,138,31,155,121,50,16.895,0.7,-0.082,-0.163,0.511,0,0,0,0.075,-37.463,-0.231,-17.122,-19.93,-45.078,-13.586,-60.359,18.861,-43.158,6.834,-64.637,35.629,-83.589,3.238,-99.039,-38.544,-84.602,5449.669,-30.147,-107.11,5449.786,8,"SOM_candy",-29.695,-105.849,0,0,0,0,0,0,0,1
132,7,0,0,4,0,0,2,1,0,1,11,255,12,2,5488.168,"편하비_",R,14,111,-0.419,-1.295,2,390.434,312.348,0,0,1,0,5,R,"coder_",164.9,99.787,0.25,3,58,5489.325,145,90,29,140,118,-15.158,-7.194,0.72,-0.074,-0.204,0.332,0,0,0,0.137,-37.852,0.125,-17.134,-19.446,-44.844,-15.218,-62.202,17.888,-45.421,8.571,-64.749,36.107,-88.284,-13.958,-108.331,-37.968,-85.357,5489.552,0.139,-22.092,5491.252,5,"Yaksok~",5.169,-60.24,1,0,0,0,0,0,0,2
133,8,1,0,4,0,0,0,0,0,0,255,255,255,57,5547.283,"눈꽃",R,14,112,2.719,-1.595,1,348.547,358.49,0,0,0,5,8,L,"SOM_candy",179.9,102.048,0.554,0,58,0,0,0,0,0,0,0,0,0,0,0,0,0,0,0,0.223,-37.545,0.09,-16.847,-21.543,-49.572,-8.676,-65.444,23.687,-50.278,14.786,-65.224,36.267,-76.743,8.221,-109.493,-34.92,-78.975,0,0,0,0,0,"",0,0,0,0,0,0,0,0,0,0
134,8,1,0,4,1,0,0,0,0,0,255,255,255,58,5560.468,"눈꽃",R,13,110,-0.002,-0.15,2,-247.742,400,0,0,1,5,8,L,"SOM_candy",179.9,102.048,0.554,3,58,5561.523,188,129,28,155,128,-16.247,-3.228,0.75,-0.031,0.032,0.295,0,0,0,-0.013,-37.23,0.028,-17.012,-22.676,-48.275,-8.524,-65.82,23.385,-50.103,13.654,-64.475,36.292,-76.758,7.922,-109.59,-39.715,-82.706,5561.686,0.144,-22.796,5564.986,7,"Slaris",4.741,-102.352,1,0,0,0,0,0,0,2
135,8,1,0,4,0,0,0,1,0,0,8,255,255,59,5595.678,"눈꽃",R,0,140,-0.028,-0.808,0,99.682,-106.894,0,0,0,6,2,R,"인생최패망자",190,90,0.447,0,58,0,0,0,0,0,0,0,0,0,0,0,0,0,0,0,0.246,-37.228,-0.016,-16.673,-19.568,-43.248,-14.207,-63.514,19.363,-46.167,6.432,-62.856,28.978,-79.791,2.751,-109.579,-39.288,-88.782,0,0,0,0,0,"",0,0,0,0,0,0,0,0,0,0
136,8,1,0,4,0,1,0,1,0,0,8,255,255,60,5613.169,"눈꽃",R,0,140,1.61,0.425,1,59.469,-113.329,0,0,0,6,2,R,"인생최패망자",190,90,0.447,0,58,0,0,0,0,0,0,0,0,0,0,0,0,0,0,0,0.324,-37.124,0.189,-16.675,-20.419,-43.669,-14.204,-63.522,19.775,-47.373,5.817,-61.152,29.032,-79.776,4.339,-111.208,-38.888,-88.115,0,0,0,0,0,"",0,0,0,0,0,0,0,0,0,0
137,8,1,0,4,1,1,0,1,0,0,8,255,255,61,5650.151,"눈꽃",R,3,120,0.81,1.661,2,-275.177,4.202,0,0,1,6,2,R,"인생최패망자",190,90,0.447,3,58,5651.321,102,78,13,130,113,50,30.609,0.22,0.084,-0.053,0.154,0,0,0,0.113,-37.109,0.034,-16.805,-19.716,-43.101,-14.392,-63.677,18.823,-49.724,11.253,-63.288,28.876,-79.895,4.745,-107.489,-39.188,-86.76,5657.986,-48.264,-88.949,5658.219,8,"Sabo_10",-47.517,-87.911,0,0,0,0,0,0,0,1
138,8,1,0,4,0,0,1,1,0,0,8,255,255,62,5712.086,"눈꽃",R,0,129,-0.776,-0.584,2,69.156,-76.335,0,0,1,7,6,L,"IbikiKai_JP",175,90,0.5,3,30,5713.179,198,134,56,155,71,-8.883,-44.597,0.99,-0.061,-0.09,0.384,0,0,0,0.336,-37.045,0.09,-16.805,-20.325,-42.768,-7.347,-67.137,21.548,-48.856,9.824,-63.353,31.601,-80.942,3.025,-108.165,-37.169,-82.764,5713.569,3.319,-24.241,5715.702,4,"_이누_",23.373,-42.56,0,0,0,0,0,0,0,2
139,8,1,0,4,0,1,1,1,0,0,8,255,255,63,5742.498,"눈꽃",R,0,140,-0.762,0.785,0,76.997,-118.004,0,0,1,7,6,L,"IbikiKai_JP",175,90,0.5,0,31,0,0,0,0,0,0,0,0,0,0,0,0,0,0,0,0.063,-37.039,0.021,-16.683,-19.986,-43.457,-6.27,-65.724,20.173,-45.55,12.087,-64.022,33.19,-76.245,3.408,-109.012,-36.035,-79.125,0,0,0,0,0,"",0,0,0,0,0,0,0,0,0,0
140,8,1,0,4,0,2,1,1,0,0,8,255,255,64,5758.06,"눈꽃",R,10,112,1.982,-1.435,4,103.116,400,0.425,-18.02,1,7,6,L,"IbikiKai_JP",175,90,0.5,0,31,0,0,0,0,0,0,0,0,0,0,0,0,0,0,0,0.159,-37.248,-0.031,-17.999,-19.74,-43.772,-7.328,-66.376,20.948,-47.004,11.428,-64.024,33.166,-76.275,4.132,-109.285,-36.118,-78.693,0,0,0,0,0,"",0,0,0,0,0,0,0,0,0,0
141,8,1,0,4,0,0,2,1,0,0,8,255,255,65,5784.951,"눈꽃",R,0,140,0.884,0.595,2,62.908,-112.958,0,0,1,8,0,R,"편하비_",181.8,94.587,0.455,2,58,5785.771,132,81,35,138,83,94.113,-81.73,-0.51,-0.065,-0.056,0.182,0,0,0,0.058,-37.025,-0.015,-16.679,-20.347,-42.32,-13.654,-64.259,19.237,-48.63,10.92,-61.713,28.731,-80.414,2.513,-106.929,-36.364,-79.435,5791.786,-39.201,-13.181,0,0,"",0,0,0,0,0,0,0,0,0,0
142,8,1,0,4,0,1,2,0,1,0,255,8,255,66,5809.466,"눈꽃",R,1,124,0.734,1.854,2,0,0,0,0,1,8,0,R,"편하비_",181.8,94.587,0.455,2,38,5810.403,51,34,23,36,45,90.509,-89.22,-0.48,0.006,-0.027,0,0,0,0,0.029,-37.15,0.037,-16.78,-19.309,-40.447,-14.382,-63.931,18.296,-48.29,12.77,-64.988,27.557,-78.916,1.864,-105.646,-36.909,-79.312,5815.386,-22.605,-19.131,5816.702,2,"アリアル",-22.991,-19.995,0,32,0,0,0,0,0,2
143,8,0,0,4,0,0,0,0,0,0,255,255,255,3,5890.116,"편하비_",R,0,131,-1.259,0.639,2,0,0,0,0,1,1,7,R,"Slaris",174.5,95,0.451,3,58,5891.106,157,115,27,148,104,27.059,24.37,0.08,0.016,-0.068,0.408,0,0,0,-0.322,-37.386,-0.272,-16.918,-21.459,-47.122,-13.616,-63.817,20.127,-51.415,10.917,-65.095,37.719,-88.442,-1.394,-102.753,-36.257,-84.628,5895.969,-51.017,-92.641,5898.536,8,"SOM_candy",-55.433,-97.512,1,0,0,0,0,0,0,2
144,8,0,0,4,0,0,0,0,1,0,255,16,255,4,5927.455,"편하비_",R,14,109,1.098,-0.991,4,386.885,312.348,0.441,-17.504,1,2,8,L,"Sabo_10",184.7,94,0.597,0,58,0,0,0,0,0,0,0,0,0,0,0,0,0,0,0,0.108,-37.736,0.415,-17.535,-17.592,-47.039,-12.955,-64.105,18.91,-44.748,7.639,-62.533,39.004,-85.659,5.948,-119.587,-46.283,-92.673,0,0,0,0,0,"",0,0,0,0,0,0,0,0,0,0
145,8,0,0,4,0,1,0,0,1,0,255,16,255,5,5946.845,"편하비_",R,10,96,1.303,0.871,0,0,400,0,0,0,2,8,L,"Sabo_10",184.7,94,0.597,0,58,0,0,0,0,0,0,0,0,0,0,0,0,0,0,0,0.252,-37.717,0.099,-17.075,-18.1,-47.384,-12.013,-65.012,19.559,-45.027,8.86,-62.979,42.895,-92.72,10.007,-121.653,-45.144,-96.084,0,0,0,0,0,"",0,0,0,0,0,0,0,0,0,0
146,8,0,0,4,0,2,0,0,1,0,255,16,255,6,5967.658,"편하비_",R,0,130,0.916,-1.596,4,0,0,0,0,1,2,8,L,"Sabo_10",184.7,94,0.597,0,58,0,0,0,0,0,0,0,0,0,0,0,0,0,0,0,-0.042,-37.997,0.853,-17.926,-17.54,-44.218,-12.027,-65.05,18.749,-44.732,7.849,-62.904,42.899,-92.766,10.01,-121.559,-45.214,-95.331,0,0,0,0,0,"",0,0,0,0,0,0,0,0,0,0
147,8,0,0,4,0,0,1,0,1,0,255,16,255,7,5996.401,"편하비_",R,10,114,-1.777,-2.529,1,-11.185,400,-0.332,-20.166,0,3,9,L,"encounter v",190,100,0.447,0,58,0,0,0,0,0,0,0,0,0,0,0,0,0,0,0,-0.104,-37.872,-0.175,-16.932,-18.731,-44.486,-12.536,-64.832,19.422,-44.166,6.52,-62.68,37.734,-85.181,0.027,-111.16,-39.633,-83.451,0,0,0,0,0,"",0,0,0,0,0,0,0,0,0,0
148,8,0,0,4,1,0,1,0,1,0,255,16,255,8,6017.964,"편하비_",R,0,128,1.835,-0.447,2,0,0,0,0,1,3,9,L,"encounter v",190,100,0.447,3,47,6019.094,168,119,15,148,103,25.525,-35.187,0.92,0.059,-0.103,0.397,0,0,0,0.121,-37.226,0.282,-17.013,-19.194,-45.226,-12.569,-64.841,19.01,-47.729,5.593,-63.249,37.72,-85.132,0.109,-111.267,-39.604,-83.51,6023.936,55.546,-90.187,6026.469,6,"IbikiKai_JP",58.656,-93.57,1,0,0,0,0,0,0,2
149,8,0,0,5,0,0,1,0,1,0,255,9,255,9,6054.901,"편하비_",R,14,110,1.566,-0.048,2,386.69,316.972,0,0,1,4,1,R,"ke ro",190,94.634,0.453,2,58,6055.98,148,121,18,146,91,17.027,-16.763,-0.45,-0.035,-0.063,0.331,0,0,0,0.191,-37.68,0.132,-16.923,-20.128,-45.863,-13.903,-63.615,18.249,-45.611,7.888,-63.63,38.911,-83.135,5.132,-106.784,-39.122,-87.637,0,0,0,6058.519,5,"Yaksok~",12.823,-62.171,0,0,0,0,0,0,0,1
150,8,0,0,5,0,0,2,0,0,1,255,255,9,10,6089.748,"편하비_",R,10,113,1.599,-1.375,4,0,400,0,0,1,5,4,R,"_이누_",190,90.187,0.5,0,58,0,0,0,0,0,0,0,0,0,0,0,0,0,0,0,0.029,-37.995,0.078,-16.965,-18.564,-44.014,-14.864,-62.979,18.744,-43.418,10.578,-64.845,38.362,-85.644,2.712,-104.517,-39.713,-83.787,0,0,0,0,0,"",0,0,0,0,0,0,0,0,0,0
151,8,0,0,5,0,1,2,0,0,1,255,255,9,11,6104.409,"편하비_",R,14,98,-1.433,0.481,0,347.842,312.348,0,0,0,5,4,R,"_이누_",190,90.187,0.5,0,58,0,0,0,0,0,0,0,0,0,0,0,0,0,0,0,0.029,-37.88,-0.084,-16.928,-20.012,-45.678,-14.817,-63.045,18.115,-43.884,9.632,-65.373,38.262,-85.167,2.709,-104.626,-38.806,-83.743,0,0,0,0,0,"",0,0,0,0,0,0,0,0,0,0
152,8,0,0,5,0,2,2,0,0,1,255,255,9,12,6119.351,"편하비_",R,10,124,-0.549,-2.529,2,0,400,-0.098,-21.678,1,5,4,R,"_이누_",190,90.187,0.5,2,58,6120.433,189,146,46,155,83,1.711,29.869,0.97,-0.097,-0.27,0.316,0,0,0,0.053,-37.893,0.14,-17.159,-20.203,-45.262,-14.802,-63.012,18.233,-43.386,9.992,-64.694,38.321,-85.212,2.718,-104.429,-41.356,-83.727,6120.919,-3.951,-26.737,6122.335,2,"인생최패망자",-14.288,-45.81,0,0,0,0,0,0,0,2
153,9,1,0,5,0,0,0,0,0,0,255,255,255,67,6169.616,"눈꽃",R,0,140,1.891,0.217,2,41.706,-63.557,0,0,1,0,0,R,"편하비_",181.8,94.587,0.455,2,58,6170.423,124,114,71,143,128,52.383,19.956,0.34,-0.023,-0.021,0.28,0,0,0,0.186,-37.068,-0.054,-16.623,-22.952,-49.248,-14.198,-64.022,17.803,-48.787,13.404,-64.952,30.349,-83.711,-1.085,-105.067,-36.217,-83.169,6177.752,-36.874,-112.5,6179.469,8,"Sabo_10",-37.794,-117.534,1,0,0,0,0,0,0,2
154,9,1,0,5,0,0,0,0,1,0,255,0,255,68,6212.379,"눈꽃",R,0,140,-1.001,0.231,2,68.206,-92.226,0,0,1,0,3,L,"ʚEveɞ",160,97.597,0.478,2,58,6213.381,240,110,2,145,119,-26.542,29.192,0.43,0.066,-0.025,0.527,0,0,0,-0.026,-37.061,0.025,-16.988,-21.243,-46.585,-2.168,-67.807,19.715,-46.9,14.138,-62.254,32.277,-79.007,8.374,-108.864,-32.095,-82.01,6213.652,-0.957,-19.927,6216.269,8,"Sabo_10",-29.71,-72.565,1,0,0,0,0,0,0,2
155,9,1,0,5,0,0,0,1,0,1,3,255,0,69,6246.593,"눈꽃",R,13,121,-1.978,-0.453,4,-390.434,312.348,0,0,1,1,4,R,"Megu3568",174.7,86,0.399,0,58,0,0,0,0,0,0,0,0,0,0,0,0,0,0,0,-0.07,-37.285,-0.033,-17.171,-20.813,-44.183,-14.45,-63.668,17.165,-47.385,5.589,-61.736,30.272,-83.007,-5.238,-108.345,-31.691,-79.487,0,0,0,0,0,"",0,0,0,0,0,0,0,0,0,0
156,9,1,0,5,0,1,0,1,0,1,3,255,0,70,6261.988,"눈꽃",R,0,139,2.142,2.278,3,178.211,-200,-0.282,-20.17,0,1,4,R,"Megu3568",174.7,86,0.399,0,58,0,0,0,0,0,0,0,0,0,0,0,0,0,0,0,-0.084,-37.225,0.075,-18.412,-20.691,-42.931,-14.467,-63.727,19.478,-49.726,11.494,-63.241,30.424,-85.975,-7.805,-112.762,-35.341,-83.989,0,0,0,0,0,"",0,0,0,0,0,0,0,0,0,6
157,9,1,0,5,0,0,0,1,1,1,4,3,0,71,6291.867,"눈꽃",R,0,140,-1.006,0.187,2,59.444,-99.213,0,0,1,2,1,L,"Pring__",175.1,90,0.482,2,58,6292.605,144,134,17,146,86,16.681,8.468,-0.48,-0.008,-0.062,0.282,0,0,0,-0.098,-37.059,0.052,-16.77,-19.76,-41.847,-8.215,-66.289,23.43,-50.212,12.288,-62.427,36.677,-79.353,2.683,-109.905,-33.395,-82.98,6295.319,-6.814,-68.345,6295.519,-1,"썬써니_",-6.826,-68.438,0,0,0,0,0,0,0,1
158,9,1,0,5,0,0,1,1,1,1,4,3,0,72,6345.187,"눈꽃",R,0,139,0.639,0.965,0,64.786,-105.081,0,0,1,3,7,R,"Gonyong",175.2,86,0.2,0,50,0,0,0,0,0,0,0,0,0,0,0,0,0,0,0,-0.014,-37.378,0.137,-16.83,-21.028,-43.621,-9.139,-65.939,19.16,-48.583,10.931,-63.554,29.873,-84.217,-8.007,-108.518,-29.488,-74.975,0,0,0,0,0,"",0,0,0,0,0,0,0,0,0,0
159,9,1,0,5,0,1,1,1,1,1,4,3,0,73,6360.098,"눈꽃",R,0,132,-0.889,0.293,2,0,0,0,0,1,3,7,R,"Gonyong",175.2,86,0.2,3,50,6360.962,135,87,10,135,82,91.759,-87.765,-0.15,-0.077,-0.045,0.21,0,0,0,-0.062,-37.132,-0.12,-16.978,-20.673,-43.492,-14.208,-63.847,18.468,-49.601,11.437,-64.116,29.914,-84.204,-6.502,-107.809,-37.424,-80.239,6366.519,-50.208,-11.976,0,0,"",0,0,0,0,0,0,0,0,0,0
160,9,1,0,5,0,2,1,1,1,1,4,3,0,74,6380.243,"눈꽃",R,13,118,-2.985,-1.422,1,-359.518,347.486,-0.723,-17.783,0,3,7,R,"Gonyong",175.2,86,0.2,0,50,0,0,0,0,0,0,0,0,0,0,0,0,0,0,0,-0.234,-37.433,-0.134,-16.872,-21.592,-44.149,-14.343,-63.402,19.882,-48.724,12.676,-64.98,29.812,-83.698,-8.829,-107.998,-35.241,-75.4,0,0,0,0,0,"",0,0,0,0,0,0,0,0,0,0
161,9,1,0,5,1,2,1,1,1,1,4,3,0,75,6394.258,"눈꽃",R,0,140,1.158,0.296,4,81.948,-128.514,-0.052,-20.84,1,3,7,R,"Gonyong",175.2,86,0.2,0,50,0,0,0,0,0,0,0,0,0,0,0,0,0,0,0,-0.083,-37.443,-0.023,-18.087,-21.03,-44.378,-14.361,-63.562,17.796,-47.098,10.38,-64.874,29.798,-83.747,-7.11,-108.172,-36.348,-78.761,0,0,0,0,0,"",0,0,0,0,0,0,0,0,0,0
162,9,1,0,5,0,0,2,1,1,1,4,3,0,76,6423.483,"눈꽃",R,13,114,-2.306,-0.249,4,-373.995,331.855,0,0,1,4,5,R,"Yaksok~",166.1,92.981,0.395,0,58,0,0,0,0,0,0,0,0,0,0,0,0,0,0,0,-0.1,-37.501,-0.333,-17.432,-20.62,-41.978,-14.342,-63.747,18.978,-45.635,9.329,-66.87,29.785,-84.226,-8.329,-110.239,-34.99,-75.576,0,0,0,0,0,"",0,0,0,0,0,0,0,0,0,0
163,9,1,0,5,0,1,2,1,1,1,4,3,0,77,6442.223,"눈꽃",R,0,140,0.449,1.449,1,51.053,-108.337,0,0,0,4,5,R,"Yaksok~",166.1,92.981,0.395,0,58,0,0,0,0,0,0,0,0,0,0,0,0,0,0,0,0.124,-37.538,0.163,-17.115,-19.711,-40.31,-14.566,-63.82,18.563,-46.838,12.159,-65.737,29.738,-84.766,-8.85,-109.312,-32.708,-76.482,0,0,0,0,0,"",0,0,0,0,0,0,0,0,0,0
164,9,1,0,5,1,1,2,1,1,1,4,3,0,78,6462.8,"눈꽃",R,13,115,-2.932,-0.805,2,-390.434,312.348,0,0,1,4,5,R,"Yaksok~",166.1,92.981,0.395,3,58,6463.597,250,154,14,155,88,-30,25.599,0.94,-0.199,-0.203,0.425,0,0,0,-0.044,-37.133,-0.193,-16.979,-19.93,-43.466,-14.513,-63.779,18.988,-48.77,12.353,-65.214,29.781,-84.757,-8.888,-109.296,-35.119,-77.681,6463.853,-1.019,-21.064,6466.719,-1,"썬써니_",-17.776,-59.193,0,0,0,0,0,0,0,2
