id,inn,half,scoreA,scoreB,ball,strk,out,b1,b2,b3,b1Idx,b2Idx,b3Idx,pCnt,pSec,pName,pHand,pType,pPow,spdK,zoneX,zoneY,startX,startY,targetX,targetY,zDist,pitchAngle,call,balk,sH,sV,gyro,plx,plz,bSwing,bIdx,bPos,bZone,bName,bHCm,batLen,batCen,batType,bFps,hSec,rotS,rotL,shS,lgS,prepS,batSpd,ev,ldeg,sdeg,hPos,buntGrip,handDist,angVeloX,angVeloY,angVeloZ,PPosX,PPosY,PThrSpd,CName,CPosX,CPosY,CThrSpd,1BName,1BPosX,1BPosY,1BThrSpd,2BName,2BPosX,2BPosY,2BThrSpd,3BName,3BPosX,3BPosY,3BThrSpd,SSName,SSPosX,SSPosY,SSThrSpd,LFName,LFPosX,LFPosY,LFThrSpd,CFName,CFPosX,CFPosY,CFThrSpd,RFName,RFPosX,RFPosY,RFThrSpd,ltSec,lx,lz,cSec,cPos,cPlr,cx,cz,1BSafe,tag,cpSec,sb2Sec,sb3Sec,sbhSec,ass,result
1,1,1,0,0,0,0,0,0,0,0,255,255,255,0,1212.882,"encounter v",R,32,92,140,0.994,0.606,0.592,2.266,0.054,1.712,-36.962,64.569,0,0,250,-200,-7.826,0,0,0,0,7,R,"장덕춘_",169.9,94.753,0.316,0,161,0,0,0,0,0,0,0,0,0,0,0,0,0,0,0,0,0.37,-37.363,0,"Pring__",0.03,-16.92,0,"白霜らいふ",-17.376,-44.853,0,"Riyaj",-12.734,-62.819,0,"인생최패망자",21.676,-50.94,0,"Muna_328",11.192,-65.42,0,"SFIDA",37.931,-106.983,0,"아침땅_",-7.515,-108.169,0,"Roscosmos",-41.251,-89.342,0,0,0,0,0,0,"",0,0,0,0,1214.449,,,,0,0
2,1,1,0,0,0,1,0,0,0,0,255,255,255,1,1229.479,"encounter v",R,13,93,126,-0.15,-0.045,0.703,2.334,0.574,1.959,-37.154,79.689,2,0,-390.434,312.348,-8.172,0,0,1,0,7,R,"장덕춘_",169.9,94.753,0.316,3,161,1230.466,179,84,92,69,36,145,129,-30,44.661,0.53,0,0.098,-312.355,509.885,7.624,0.369,-37.108,0,"Pring__",-0.041,-17.118,0,"白霜らいふ",-17.378,-44.898,0,"Riyaj",-13.041,-63.443,0,"인생최패망자",21.939,-51.25,0,"Muna_328",11.14,-65.178,0,"SFIDA",38.285,-106.461,0,"아침땅_",-9.272,-107.876,0,"Roscosmos",-40.934,-90.144,0,1230.637,-1.339,-20.346,0,0,"",0,0,0,0,,,,,2,3
3,1,1,0,0,0,2,0,0,0,0,255,255,255,2,1259.182,"encounter v",R,10,90,128,-0.047,-0.774,0.576,2.036,-0.02,1.602,-36.665,45.581,2,0,0,400,-16.697,0,0,1,0,7,R,"장덕춘_",169.9,94.753,0.316,3,50,1260.124,164,52,57,75,35,137,126,-30,-31.479,0.53,0,0.109,-478.175,-70.126,192.487,0.169,-37.108,0,"Pring__",-0.014,-17.12,0,"白霜らいふ",-19.643,-46.512,85,"Riyaj",-14.699,-62.804,0,"인생최패망자",21.447,-50.226,120,"Muna_328",9.817,-65.487,0,"SFIDA",38.102,-105.988,0,"아침땅_",-11.689,-107.321,0,"Roscosmos",-42.468,-89.969,0,1260.324,0.553,-20.88,1261.762,4,"인생최패망자",16.667,-47.147,0,0,,,,,19,2
4,1,1,0,0,0,0,1,0,0,0,255,255,255,3,1287.049,"encounter v",R,10,72,115,-2.119,-0.897,0.38,1.933,-0.931,1.275,-36.958,57.98,1,0,0,400,-80.907,-0.385,-18.065,0,1,0,L,"_Chun",190,80,0.455,0,157,0,0,0,0,0,0,0,0,0,0,0,0,0,0,0,0,0.17,-37.332,0,"Pring__",-0.048,-17.485,120,"白霜らいふ",-18.804,-48.727,0,"Riyaj",-11.199,-64.317,0,"인생최패망자",24.771,-50.419,0,"Muna_328",14.217,-63.877,0,"SFIDA",50.275,-102.476,0,"아침땅_",4.227,-110.229,0,"Roscosmos",-38.658,-95.118,0,0,0,0,0,0,"",0,0,0,0,1290.116,,,,0,0
5,1,1,0,0,1,0,1,0,0,0,255,255,255,4,1304.607,"encounter v",R,8,72,122,1.15,-1.476,0.55,1.745,0.327,0.666,-36.713,42.206,1,0,124.238,0,-91.501,0.221,-17.076,0,1,0,L,"_Chun",190,80,0.455,0,157,0,0,0,0,0,0,0,0,0,0,0,0,0,0,0,0,0.235,-37.488,0,"Pring__",0.062,-17.094,0,"白霜らいふ",-19.109,-48.45,0,"Riyaj",-11.337,-64.692,0,"인생최패망자",24.066,-49.632,0,"Muna_328",14.176,-63.913,0,"SFIDA",49.058,-102.357,0,"아침땅_",4.594,-111.027,0,"Roscosmos",-42.082,-98.234,0,0,0,0,0,0,"",0,0,0,0,1306.283,,,,0,0
6,1,1,0,0,2,0,1,0,0,0,255,255,255,5,1321.641,"encounter v",R,26,95,140,-0.631,-0.033,0.461,2.168,-0.554,1.389,-36.79,55.558,2,0,189.614,-200,-19.371,0,0,1,1,0,L,"_Chun",190,80,0.455,3,157,1322.57,146,95,84,56,25,142,129,-10.519,-34.814,0.68,0,0.183,-367.444,-377.287,283.277,0.195,-36.92,0,"Pring__",-0.009,-17.141,0,"白霜らいふ",-19.057,-48.399,0,"Riyaj",-11.314,-64.593,82,"인생최패망자",24.148,-49.815,0,"Muna_328",14.173,-63.868,0,"SFIDA",49.55,-101.96,85,"아침땅_",4.594,-111.059,0,"Roscosmos",-40.505,-98.588,0,1322.79,2.472,-22.975,1326.102,6,"SFIDA",42.951,-88.317,1,0,,,,,138,2
7,1,1,0,0,0,0,1,1,0,0,0,255,255,6,1355.779,"encounter v",R,32,91,140,0.868,0.29,0.59,2.23,0.048,1.588,-36.94,66.172,0,0,250,-200,-16.654,0,0,0,2,2,R,"あおいぬ",190,90.486,0.43,0,155,0,0,0,0,0,0,0,0,0,0,0,0,0,0,0,0,0.234,-37.429,0,"Pring__",-0.164,-17.109,0,"白霜らいふ",-18.957,-42.315,0,"Riyaj",-12.08,-64.06,0,"인생최패망자",20.454,-49.555,0,"Muna_328",7.609,-65.31,0,"SFIDA",37.574,-102.674,0,"아침땅_",-10.933,-109.266,0,"Roscosmos",-45.196,-96.427,0,0,0,0,0,0,"",0,0,0,0,1357.533,,,,0,0
8,1,1,0,0,0,1,1,1,0,0,0,255,255,7,1376.872,"encounter v",R,32,98,140,20.056,0.959,0.502,2.16,-0.365,1.362,-36.797,56.09,2,0,233.047,-200,-22.741,0,0,1,2,2,R,"あおいぬ",190,90.486,0.43,3,155,1377.893,113,104,43,110,61,120,122,-9.698,16.401,0.55,0,0.643,-134.386,158.282,40.53,0.135,-36.996,0,"Pring__",-0.03,-17.137,0,"白霜らいふ",-18.687,-42.841,0,"Riyaj",-11.877,-64.005,95,"인생최패망자",21.353,-50.064,0,"Muna_328",7.635,-65.311,94,"SFIDA",35.637,-103.792,0,"아침땅_",-10.924,-109.293,0,"Roscosmos",-47.221,-96.01,0,1378.151,-1.445,-24.524,1379.852,3,"Riyaj",-11.888,-59.585,0,0,1406.686,1382.612,,,242,2
9,1,0,0,0,0,0,0,0,0,0,255,255,255,0,1509.327,"_Chun",L,10,82,124,1.714,-1.537,-0.044,1.525,0.747,1.069,-36.407,9.753,4,0,0,400,-1.659,0.515,-18.592,1,0,4,R,"인생최패망자",190,80,0.299,0,149,0,0,0,0,0,0,0,0,0,0,0,0,0,0,0,0,-0.067,-37.509,0,"Sabo_10",0.514,-18.713,0,"あおいぬ",-17.821,-43.332,0,"Ayu_Yua",-15.831,-63.118,0,"559：広告",20.708,-48.668,0,"즉석카레",14.263,-63.233,0,"ディシジョン",46.322,-102.099,0,"장덕춘_",5.939,-114.368,0,"TaeGeuk_",-49.682,-94.791,0,0,0,0,0,0,"",0,0,0,0,1511.831,,,,0,0
10,1,0,0,0,0,1,0,0,0,0,255,255,255,1,1527.728,"_Chun",L,14,88,126,-0.948,-1.8,-0.172,1.45,0.152,0.826,-36.502,18.161,2,0,-372.92,333.063,-35.724,0,0,1,0,4,R,"인생최패망자",190,80,0.299,3,89,1528.627,219,139,117,122,92,145,120,101.22,-78.314,0.76,0,0.362,254.039,-533.907,95.962,0.049,-36.855,0,"Sabo_10",-0.131,-17.974,0,"あおいぬ",-17.63,-43.297,0,"Ayu_Yua",-16.016,-63.681,0,"559：広告",21.3,-49.257,0,"즉석카레",14.336,-63.741,0,"ディシジョン",46.053,-102.358,0,"장덕춘_",6.05,-114.51,0,"TaeGeuk_",-48.775,-95.032,0,0,0,0,0,0,"",0,0,0,0,,,,,2,3
11,1,0,0,0,0,2,0,0,0,0,255,255,255,2,1546.421,"_Chun",L,10,83,124,2.193,-1.138,0,1.599,0.954,1.308,-36.406,11.722,2,0,0,400,-9.54,0,0,1,0,4,R,"인생최패망자",190,80,0.299,3,89,1547.286,255,110,126,120,82,145,96,-64.814,-57.288,-0.55,0,0.439,135.912,-515.738,-272.661,0.132,-36.863,0,"Sabo_10",0.174,-18.002,0,"あおいぬ",-17.318,-43.511,0,"Ayu_Yua",-15.588,-63.604,0,"559：広告",20.932,-48.26,0,"즉석카레",14.138,-63.673,0,"ディシジョン",45.383,-102.932,0,"장덕춘_",-4.12,-113.78,0,"TaeGeuk_",-55.636,-106.642,0,1547.436,0.818,-21.188,0,0,"",0,0,0,0,,,,,2,3
12,1,0,0,0,0,2,0,0,0,0,255,255,255,3,1561.718,"_Chun",L,27,82,134,0.869,1.325,-0.133,1.965,0.487,2.317,-36.698,39.478,2,0,-70.905,-128.79,-2.75,0,0,1,0,4,R,"인생최패망자",190,80,0.299,3,89,1562.615,178,89,131,93,33,145,90,20.631,-18.155,-0.85,0,0.344,593.79,-68.237,-39.47,0.117,-36.818,0,"Sabo_10",0.179,-18.053,0,"あおいぬ",-17.45,-43.375,0,"Ayu_Yua",-15.631,-63.893,85,"559：広告",22.56,-48.726,0,"즉석카레",14.666,-63.997,0,"ディシジョン",46.632,-102.132,99,"장덕춘_",-4.395,-113.679,0,"TaeGeuk_",-44.171,-97.268,0,1567.436,25.917,-93.232,1568.574,6,"ディシジョン",29.486,-99.604,1,0,,,,,138,2
13,1,0,0,0,0,0,0,1,0,0,14,255,255,4,1592.815,"_Chun",L,26,84,137,-0.63,1.013,-0.25,1.903,-0.264,2.071,-36.578,33.581,2,0,-2.234,-192.504,-3.581,0,0,1,1,0,L,"encounter v",190,83,0.527,3,48,1593.748,255,121,141,78,0,145,91,59.809,-60.247,-0.76,0,0.384,389.899,-452.41,30.159,-0.334,-37.013,0,"Sabo_10",-0.04,-17.939,0,"あおいぬ",-16.064,-41.604,0,"Ayu_Yua",-11.601,-65.422,0,"559：広告",23.653,-48.741,0,"즉석카레",14.319,-63.885,0,"ディシジョン",49.197,-92.736,0,"장덕춘_",9.494,-113.324,0,"TaeGeuk_",-38.783,-95.529,0,0,0,0,0,0,"",0,0,0,0,,,,,2,3
14,1,0,0,0,0,1,0,1,0,0,14,255,255,5,1612.302,"_Chun",L,27,83,135,2.045,-0.479,-0.032,1.663,0.945,1.178,-36.652,24.565,2,0,-37.691,-139.692,-1.198,0,0,1,1,0,L,"encounter v",190,83,0.527,3,48,1613.219,255,181,98,0,0,133,108,21.856,-47.053,0.89,0,0.492,525.698,-206.419,-199.584,0.148,-36.894,0,"Sabo_10",0.405,-17.941,0,"あおいぬ",-15.414,-42.547,0,"Ayu_Yua",-11.832,-64.208,0,"559：広告",23.543,-48.565,0,"즉석카레",14.396,-63.965,0,"ディシジョン",48.493,-94.831,0,"장덕춘_",13.575,-112.515,0,"TaeGeuk_",-39.486,-89.679,0,1617.22,65.695,-72.907,0,0,"",0,0,0,0,,,,,2,3
15,1,0,0,0,0,2,0,1,0,0,14,255,255,6,1632.734,"_Chun",L,10,76,106,0.718,-1.749,-0.103,1.435,0.315,1.07,-36.531,17.248,1,0,0,400,6.68,0,0,0,1,0,L,"encounter v",190,83,0.527,0,48,0,0,0,0,0,0,0,0,0,0,0,0,0,0,0,0,0.077,-37.516,0,"Sabo_10",-0.158,-18.621,0,"あおいぬ",-16.285,-41.635,0,"Ayu_Yua",-8.364,-64.085,0,"559：広告",23.263,-48.005,0,"즉석카레",16.519,-63.057,0,"ディシジョン",48.688,-96.314,0,"장덕춘_",14.074,-111.045,0,"TaeGeuk_",-43.144,-100.995,0,0,0,0,0,0,"",0,0,0,0,1634.262,,,,0,0
16,1,0,0,0,1,2,0,1,0,0,14,255,255,7,1651.023,"_Chun",L,10,77,107,-1.013,-1.504,-0.344,1.491,-0.432,1.191,-36.54,18.623,2,0,0,400,6.671,0,0,1,1,0,L,"encounter v",190,83,0.527,3,48,1651.955,255,125,120,112,77,145,116,-16.41,1.949,0.89,0,0.726,-418.992,-145.367,401.148,-0.296,-36.921,0,"Sabo_10",-0.038,-18.008,0,"あおいぬ",-15.598,-42.532,0,"Ayu_Yua",-12.86,-65.414,0,"559：広告",23.829,-47.977,0,"즉석카레",14.988,-63.395,0,"ディシジョン",49.502,-95.766,0,"장덕춘_",10.812,-114.291,99,"TaeGeuk_",-43.33,-90.482,0,1652.123,-0.237,-22.105,1656.123,7,"장덕춘_",-4.969,-105.825,1,0,,1656.008,,,131,2
17,1,0,0,0,0,0,0,1,1,0,10,14,255,8,1679.64,"_Chun",L,10,75,117,2.069,-1.978,-0.011,1.435,0.9,0.78,-36.531,10.969,1,1,0,400,1.406,0.418,-18.966,0,2,1,L,"Pring__",190,93.36,0.485,0,144,0,0,0,0,0,0,0,0,0,0,0,0,0,0,0,0,0.127,-37.188,0,"Sabo_10",0.179,-17.865,115,"あおいぬ",-17.559,-40.725,0,"Ayu_Yua",-7.37,-64.182,0,"559：広告",21.785,-45.025,0,"즉석카레",14.931,-62.595,0,"ディシジョン",50.952,-96.46,0,"장덕춘_",19.943,-125.31,0,"TaeGeuk_",-41.735,-96.669,0,0,0,0,0,0,"",0,0,0,0,1681.248,1682.544,,,0,0
18,1,0,0,0,1,0,0,1,1,0,10,14,255,9,1803.589,"_Chun",L,26,78,129,-1.395,0.121,-0.32,1.657,-0.537,1.496,-36.542,25.683,2,0,-41.288,-200,4.627,0,0,1,2,1,L,"Pring__",190,93.36,0.485,3,141,1804.531,201,116,98,116,67,145,95,27.509,6.923,-0.58,0,0.417,450.49,-180.663,352.732,-0.157,-36.863,0,"Sabo_10",-0.156,-18.06,0,"あおいぬ",-16.093,-42.108,0,"Ayu_Yua",-5.996,-64.574,0,"559：広告",22.309,-45.883,0,"즉석카레",14.057,-63.794,0,"ディシジョン",50.15,-90.599,0,"장덕춘_",17.828,-123.219,85,"TaeGeuk_",-41.842,-89.501,0,1809.727,-8.51,-101.731,1811.449,7,"장덕춘_",-9.189,-115.303,1,0,1819.248,1811.302,1810.54,1815.321,35,2
19,1,0,0,1,0,0,0,1,0,1,11,255,10,10,1851.18,"_Chun",L,10,85,127,1.382,-1.42,-0.075,1.525,0.603,1.069,-36.497,17.85,2,0,0,400,6.876,0,0,1,3,6,L,"SFIDA",190,80,0.2,2,140,1852.108,255,145,77,0,87,120,125,-30,22.628,0.54,0,1.04,-248.585,-110.733,533.896,0.078,-36.791,0,"Sabo_10",0.275,-18.108,0,"あおいぬ",-15.388,-43.059,88,"Ayu_Yua",-7.724,-65.637,0,"559：広告",20.784,-44.636,0,"즉석카레",13.547,-63.808,0,"ディシジョン",45.522,-90.34,0,"장덕춘_",6.844,-107.552,0,"TaeGeuk_",-45.145,-96.052,98,1852.158,-0.09,-21.664,1855.818,8,"TaeGeuk_",-31.222,-92.954,1,0,,1857.555,,1857.539,262,2
20,1,0,0,2,0,0,0,1,1,0,16,11,255,11,1881.436,"_Chun",L,27,83,135,-1.841,-0.693,-0.35,1.63,-0.793,1.061,-36.637,27.091,1,0,1.013,-133.535,-4.384,0,0,0,4,2,R,"白霜らいふ",179.7,80,0.654,0,139,0,0,0,0,0,0,0,0,0,0,0,0,0,0,0,0,-0.016,-37.795,0,"Sabo_10",-0.185,-17.809,0,"あおいぬ",-18.728,-41.052,0,"Ayu_Yua",-15.617,-63.648,0,"559：広告",20.27,-45.061,0,"즉석카레",7.565,-63.891,0,"ディシジョン",43.637,-94.607,0,"장덕춘_",1.356,-107.583,0,"TaeGeuk_",-46.329,-97.543,0,0,0,0,0,0,"",0,0,0,0,1883.019,1884.16,,,0,0
21,1,0,0,2,1,1,0,1,1,0,16,11,255,12,1922.397,"_Chun",L,14,84,123,-2.861,-1.554,-0.294,1.581,-0.655,1.075,-36.556,21.725,1,0,-367.14,339.423,-15.317,0,0,0,4,2,R,"白霜らいふ",179.7,80,0.654,0,138,0,0,0,0,0,0,0,0,0,0,0,0,0,0,0,0,0.222,-37.444,0,"Sabo_10",-0.249,-17.954,0,"あおいぬ",-16.467,-42.154,0,"Ayu_Yua",-15.535,-63.571,0,"559：広告",20.243,-44.857,0,"즉석카레",6.74,-64.791,0,"ディシジョン",41.351,-97.575,0,"장덕춘_",1.622,-107.466,0,"TaeGeuk_",-46.137,-99.896,0,0,0,0,0,0,"",0,0,0,0,1924.005,1925.187,,,0,0
22,1,0,0,2,2,1,0,1,1,0,16,11,255,13,1940.387,"_Chun",L,14,73,113,0.186,-0.151,0.005,1.875,0.773,1.914,-36.693,28.38,2,0,-390.434,312.348,-18.294,0,0,1,4,2,R,"白霜らいふ",179.7,80,0.654,3,138,1941.526,228,97,87,75,38,145,116,-30,-16.2,0.12,0,0.436,-576.855,-7.273,-86.441,-0.209,-37.226,0,"Sabo_10",0.162,-18.248,0,"あおいぬ",-16.695,-42.31,0,"Ayu_Yua",-15.566,-63.62,89,"559：広告",21.523,-46.613,0,"즉석카레",11.445,-62.698,72,"ディシジョン",41.746,-98.07,0,"장덕춘_",1.623,-107.458,0,"TaeGeuk_",-54.198,-105.854,0,1941.672,0.378,-21.486,1943.734,5,"즉석카레",10.573,-56.552,1,0,,1947.002,1946.379,,198,2
23,1,0,0,2,0,0,1,1,0,1,12,255,11,14,1973.148,"_Chun",L,27,80,132,1.216,1.354,-0.098,1.901,0.498,2.341,-36.581,29.271,4,0,-5.115,-111.985,-2.142,-0.105,-21.702,1,5,8,R,"Roscosmos",175.2,95.982,0.364,0,137,0,0,0,0,0,0,0,0,0,0,0,0,0,0,0,0,-0.013,-37.177,0,"Sabo_10",-0.582,-19.503,0,"あおいぬ",-17.017,-41.576,0,"Ayu_Yua",-13.984,-63.162,0,"559：広告",20.836,-44.95,0,"즉석카레",11.488,-64.704,0,"ディシジョン",41.683,-96.846,0,"장덕춘_",-0.304,-107.705,0,"TaeGeuk_",-48.182,-94.017,0,0,0,0,0,0,"",0,0,0,0,1976.519,,1975.639,,0,0
24,1,0,0,2,0,1,1,1,0,1,12,255,11,15,1989.031,"_Chun",L,6,81,119,1.658,-0.682,0.113,1.644,1.479,1.439,-36.519,8.868,1,0,-463.67,187.109,-27.069,0,0,0,5,8,R,"Roscosmos",175.2,95.982,0.364,0,137,0,0,0,0,0,0,0,0,0,0,0,0,0,0,0,0,0.099,-37.442,0,"Sabo_10",0.018,-17.861,0,"あおいぬ",-17.725,-40.899,0,"Ayu_Yua",-15.215,-63.386,0,"559：広告",20.594,-44.181,0,"즉석카레",11.653,-63.702,0,"ディシジョン",39.643,-99.303,0,"장덕춘_",-3.939,-108.427,0,"TaeGeuk_",-48.679,-94.579,0,0,0,0,0,0,"",0,0,0,0,1990.491,,1991.905,,0,0
25,1,0,0,2,1,1,1,1,0,1,12,255,11,16,2004.744,"_Chun",L,10,77,118,-0.463,-2.149,-0.247,1.483,-0.195,0.874,-36.541,18.832,1,0,0,400,9.7,-0.073,-19.186,0,5,8,R,"Roscosmos",175.2,95.982,0.364,0,137,0,0,0,0,0,0,0,0,0,0,0,0,0,0,0,0,0.208,-37.485,0,"Sabo_10",-0.156,-17.83,0,"あおいぬ",-18.156,-41.206,0,"Ayu_Yua",-14.35,-63.088,0,"559：広告",20.657,-43.621,0,"즉석카레",11.127,-64.364,0,"ディシジョン",39.665,-99.313,0,"장덕춘_",-3.889,-108.38,0,"TaeGeuk_",-50.043,-95.649,0,0,0,0,0,0,"",0,0,0,0,2006.199,,2007.546,,0,0
26,1,0,0,2,2,1,1,1,0,1,12,255,11,17,2019.147,"_Chun",L,26,81,133,-1.292,0.36,-0.343,1.806,-0.694,1.648,-36.768,37.535,0,0,94.931,-154.738,-12.895,0,0,0,5,8,R,"Roscosmos",175.2,95.982,0.364,0,137,0,0,0,0,0,0,0,0,0,0,0,0,0,0,0,0,-0.213,-37.616,0,"Sabo_10",-0.138,-17.876,0,"あおいぬ",-17.131,-40.837,0,"Ayu_Yua",-13.88,-62.404,0,"559：広告",20.13,-44.766,0,"즉석카레",10.463,-64.635,0,"ディシジョン",39.379,-99.825,0,"장덕춘_",-5.025,-108.11,0,"TaeGeuk_",-48.991,-94.125,0,0,0,0,0,0,"",0,0,0,0,2020.519,,2021.897,,0,0
27,1,0,0,2,2,2,1,1,0,1,12,255,11,18,2035.282,"_Chun",L,27,82,134,-1.365,-1.393,-0.339,1.555,-0.532,0.675,-36.64,24.448,1,0,-36.457,-117.361,1.937,0,0,0,5,8,R,"Roscosmos",175.2,95.982,0.364,0,137,0,0,0,0,0,0,0,0,0,0,0,0,0,0,0,0,-0.199,-37.331,0,"Sabo_10",-0.154,-17.938,0,"あおいぬ",-18.032,-41.052,0,"Ayu_Yua",-15.143,-63.561,0,"559：広告",20.485,-43.458,0,"즉석카레",11.128,-64.176,0,"ディシジョン",39.384,-99.822,0,"장덕춘_",-3.36,-107.431,0,"TaeGeuk_",-48.147,-96.524,0,0,0,0,0,0,"",0,0,0,0,2036.658,,2037.768,,0,0
28,1,0,0,2,3,2,1,1,0,1,12,255,11,19,2050.266,"_Chun",L,27,89,140,-1.26,-0.084,-0.309,1.637,-0.484,1.415,-36.548,24.294,0,0,-41.435,-149.743,-0.178,0,0,0,5,8,R,"Roscosmos",175.2,95.982,0.364,0,137,0,0,0,0,0,0,0,0,0,0,0,0,0,0,0,0,-0.198,-37.371,0,"Sabo_10",-0.176,-17.909,0,"あおいぬ",-17.732,-40.598,0,"Ayu_Yua",-15.165,-63.585,0,"559：広告",20.575,-43.649,0,"즉석카레",10.375,-64.722,0,"ディシジョン",39.38,-99.83,0,"장덕춘_",-3.23,-107.715,0,"TaeGeuk_",-47.653,-98.402,0,0,0,0,0,0,"",0,0,0,0,2051.609,,2053.066,,0,0
29,1,0,0,2,0,0,2,1,0,1,12,255,11,20,2072.471,"_Chun",L,10,74,116,1.273,-1.823,-0.085,1.52,0.556,0.999,-36.469,14.918,4,0,0,400,2.154,0,0,1,6,5,R,"Muna_328",174.5,89.724,0.42,0,135,0,0,0,0,0,0,0,0,0,0,0,0,0,0,0,0,-0.088,-37.367,0,"Sabo_10",-0.023,-17.85,0,"あおいぬ",-18.671,-40.966,0,"Ayu_Yua",-15.88,-63.272,0,"559：広告",19.975,-44.735,0,"즉석카레",10.637,-63.425,0,"ディシジョン",40.633,-98.079,0,"장덕춘_",-3.227,-107.725,0,"TaeGeuk_",-47.862,-99.335,0,0,0,0,0,0,"",0,0,0,0,2074.088,,2074.964,,0,0
30,1,0,0,2,0,1,2,1,0,1,12,255,11,21,2088.076,"_Chun",L,26,82,135,-1.043,1.538,-0.29,1.897,-0.394,2.329,-36.56,27.442,2,0,-36.026,-161.425,-1.278,0,0,1,6,5,R,"Muna_328",174.5,89.724,0.42,3,135,2089.146,140,81,124,35,12,142,128,-9.498,23.059,0.61,0,0.741,-138.671,517.53,-268.391,-0.05,-36.837,0,"Sabo_10",-0.139,-18.111,0,"あおいぬ",-16.876,-41.946,0,"Ayu_Yua",-15.445,-63.609,98,"559：広告",19.913,-44.167,0,"즉석카레",10.393,-64.379,0,"ディシジョン",40.658,-98.083,0,"장덕춘_",-3.258,-107.569,0,"TaeGeuk_",-46.737,-97.275,0,2089.463,-3.45,-27.398,2091.074,3,"Ayu_Yua",-18.311,-61.161,0,0,,2094.194,,2094.574,150,2
31,2,1,0,2,0,0,0,0,0,0,255,255,255,8,2137.845,"encounter v",R,14,70,111,-0.824,-0.348,0.44,2.04,-0.651,1.622,-36.917,57.539,0,0,319.907,384.265,-70.321,0.459,-18.178,0,3,6,R,"ディシジョン",190,92.496,0.632,0,134,0,0,0,0,0,0,0,0,0,0,0,0,0,0,0,0,0.148,-37.428,0,"Pring__",-0.008,-17.291,0,"白霜らいふ",-20.173,-47.454,0,"Riyaj",-13.716,-64.231,0,"인생최패망자",23.372,-52.421,0,"Muna_328",10.348,-65.531,0,"SFIDA",41.337,-104.5,0,"아침땅_",-10.731,-111.883,0,"Roscosmos",-42.866,-92.547,0,0,0,0,0,0,"",0,0,0,0,2141.04,,,,0,0
32,2,1,0,2,0,1,0,0,0,0,255,255,255,9,2154.939,"encounter v",R,10,68,100,-2.123,-2.529,0.282,1.812,-0.925,0.708,-36.697,30.549,1,0,0,400,-12.24,-0.4,-20.202,0,3,6,R,"ディシジョン",190,92.496,0.632,0,134,0,0,0,0,0,0,0,0,0,0,0,0,0,0,0,0,0.121,-37.643,0,"Pring__",-0.206,-17.553,0,"白霜らいふ",-20.184,-47.448,0,"Riyaj",-13.753,-64.294,0,"인생최패망자",23.995,-52.924,0,"Muna_328",10.433,-65.517,0,"SFIDA",41.393,-104.869,0,"아침땅_",-9.896,-110.532,0,"Roscosmos",-43.044,-94.136,0,0,0,0,0,0,"",0,0,0,0,2156.998,,,,0,0
33,2,1,0,2,0,2,0,0,0,0,255,255,255,10,2175.866,"encounter v",R,32,98,140,-0.194,0.764,0.484,2.124,-0.447,1.893,-36.911,59.992,2,0,250,-200,-26.795,0,0,1,3,6,R,"ディシジョン",190,92.496,0.632,3,134,2176.997,178,28,53,63,34,136,107,-30,51.313,0.91,0.048,0.422,-147.354,578.423,-26.88,0.119,-37.178,0,"Pring__",-0.034,-17.16,0,"白霜らいふ",-20.84,-47.319,0,"Riyaj",-13.731,-63.542,0,"인생최패망자",23.949,-52.923,0,"Muna_328",10.385,-65.41,0,"SFIDA",40.641,-105.737,0,"아침땅_",-10.753,-110.402,0,"Roscosmos",-43.251,-94.699,0,2177.262,-2.367,-20.052,0,0,"",0,0,0,0,,,,,2,3
34,2,1,0,2,0,2,0,0,0,0,255,255,255,11,2195.923,"encounter v",R,26,85,139,-0.756,1.206,0.446,2.207,-0.621,2.161,-37.203,75.801,2,0,191.986,-200,-33.072,0,0,1,3,6,R,"ディシジョン",190,92.496,0.632,3,34,2197.014,210,73,79,67,61,145,113,96.158,-83.771,0.85,0.048,0.569,598.369,3.18,-21.12,0.118,-37.494,0,"Pring__",-0.033,-17.193,0,"白霜らいふ",-20.739,-48.5,0,"Riyaj",-14.525,-63.306,0,"인생최패망자",23.942,-52.326,0,"Muna_328",9.679,-65.764,0,"SFIDA",39.264,-106.008,0,"아침땅_",-11.765,-110.029,0,"Roscosmos",-43.483,-98.273,0,0,0,0,0,0,"",0,0,0,0,,,,,2,3
35,2,1,0,2,0,2,0,0,0,0,255,255,255,12,2216.526,"encounter v",R,10,69,100,-1.274,-1.086,0.398,1.953,-0.563,1.444,-36.794,42.43,2,0,0,400,-55.672,0,0,1,3,6,R,"ディシジョン",190,92.496,0.632,3,34,2217.703,183,147,190,185,113,145,117,-8.331,37.186,0.87,0,0.468,-147.823,-184.334,-548.798,0.103,-37.231,0,"Pring__",-0.054,-17.191,0,"白霜らいふ",-20.365,-48.438,0,"Riyaj",-14.536,-63.529,0,"인생최패망자",23.949,-53.103,0,"Muna_328",9.337,-66.022,0,"SFIDA",37.223,-105.523,0,"아침땅_",-12.721,-110.422,0,"Roscosmos",-45.191,-98.139,0,2218.012,-2.906,-24.175,2219.248,2,"白霜らいふ",-17.235,-44.826,0,0,,,,,18,2
36,2,1,0,2,0,0,1,0,0,0,255,255,255,13,2237.107,"encounter v",R,8,72,122,-0.981,-0.009,0.466,2.028,-0.531,1.583,-36.962,62.948,2,0,120.68,0,-76.99,0,0,1,4,4,R,"559：広告",190,85.269,0.2,3,132,2238.176,105,177,52,61,74,133,89,102.384,-81.163,0.95,0,0.595,-3.269,502.863,-23.718,0.252,-37.315,0,"Pring__",-0.034,-17.156,0,"白霜らいふ",-19.969,-48.549,0,"Riyaj",-12.891,-64.115,0,"인생최패망자",21.095,-49.916,0,"Muna_328",8.75,-66.206,0,"SFIDA",35.876,-102.985,0,"아침땅_",-11.555,-108.53,0,"Roscosmos",-44.754,-99.231,0,0,0,0,0,0,"",0,0,0,0,,,,,2,3
37,2,1,0,2,0,1,1,0,0,0,255,255,255,14,2255.375,"encounter v",R,14,77,116,-0.56,-0.465,0.412,2.051,-0.783,1.658,-37.06,59.374,2,0,359.666,347.334,-100.704,0,0,1,4,4,R,"559：広告",190,85.269,0.2,3,39,2256.474,255,65,68,72,49,142,129,-9.517,7.931,0.7,0,0.504,-320.013,462.544,-201.629,0.076,-37.169,0,"Pring__",-0.037,-17.121,0,"白霜らいふ",-20.809,-49.548,0,"Riyaj",-13.854,-63.817,0,"인생최패망자",21.23,-50.401,0,"Muna_328",9.22,-66.107,95,"SFIDA",33.852,-104.35,0,"아침땅_",-12.883,-108.979,90,"Roscosmos",-43.332,-95.715,0,2256.692,-0.641,-23.897,2259.866,7,"아침땅_",-6.835,-97.883,1,0,,,,,322,2
38,2,1,0,2,0,0,1,1,0,0,4,255,255,15,2283.116,"encounter v",R,32,94,140,0.004,-1.327,0.433,1.933,-0.217,0.596,-36.785,49.915,1,0,250,-200,-44.964,0,0,0,5,1,L,"Sabo_10",184.6,88,0.452,0,131,0,0,0,0,0,0,0,0,0,0,0,0,0,0,0,0,0.145,-37.344,0,"Pring__",-0.004,-17.142,0,"白霜らいふ",-18.774,-42.585,0,"Riyaj",-12.278,-63.99,0,"인생최패망자",23.401,-49.696,0,"Muna_328",13.461,-63.541,0,"SFIDA",55.651,-101.911,0,"아침땅_",3.784,-113.051,0,"Roscosmos",-36.838,-98.987,0,0,0,0,0,0,"",0,0,0,0,2284.79,,,,0,0
39,2,1,0,2,1,0,1,1,0,0,4,255,255,16,2297.028,"encounter v",R,32,103,140,0.648,-1.378,0.467,1.923,-0.061,0.566,-36.754,48.348,1,0,250,-200,-33.341,0,0,0,5,1,L,"Sabo_10",184.6,88,0.452,0,131,0,0,0,0,0,0,0,0,0,0,0,0,0,0,0,0,0.187,-37.248,0,"Pring__",0.016,-17.171,0,"白霜らいふ",-19.193,-41.417,0,"Riyaj",-12.335,-64.071,0,"인생최패망자",23.68,-49.778,0,"Muna_328",14.015,-64.009,0,"SFIDA",53.676,-105.498,0,"아침땅_",3.771,-113.055,0,"Roscosmos",-41.624,-102.225,0,0,0,0,0,0,"",0,0,0,0,2298.866,,,,0,0
40,2,1,0,2,2,0,1,1,0,0,4,255,255,17,2312.691,"encounter v",R,32,88,140,1.291,0.843,0.423,2.182,0.201,1.915,-37.128,79.331,0,0,241.389,-200,-29.814,1.252,-17.977,0,5,1,L,"Sabo_10",184.6,88,0.452,0,131,0,0,0,0,0,0,0,0,0,0,0,0,0,0,0,0,0.182,-37.298,0,"Pring__",0.19,-17.296,0,"白霜らいふ",-19.57,-42.057,0,"Riyaj",-11.593,-63.805,0,"인생최패망자",23.434,-49.432,0,"Muna_328",13.985,-63.957,0,"SFIDA",53.397,-105.472,0,"아침땅_",3.588,-112.345,0,"Roscosmos",-40.179,-101.523,0,0,0,0,0,0,"",0,0,0,0,2316.116,,,,0,0
41,2,1,0,2,2,1,1,1,0,0,4,255,255,18,2328.64,"encounter v",R,10,97,128,-0.373,-0.721,0.343,2.023,-0.171,1.563,-36.862,56.602,2,0,0,400,-41.864,0,0,1,5,1,L,"Sabo_10",184.6,88,0.452,3,131,2329.744,142,109,96,128,41,145,130,-30,24.22,0.48,0,0.527,-41.08,110.287,209.324,-0.043,-37.01,0,"Pring__",0.018,-17.278,0,"白霜らいふ",-18.915,-43.153,0,"Riyaj",-10.165,-64.564,0,"인생최패망자",23.495,-49.481,0,"Muna_328",14.403,-63.268,85,"SFIDA",52.931,-105.247,0,"아침땅_",3.584,-112.362,0,"Roscosmos",-43.112,-96.621,108,2329.873,-0.578,-21.454,2333.283,8,"Roscosmos",-31.1,-87.574,1,0,,2334.61,,,98,2
42,2,1,0,2,0,0,1,1,1,0,1,4,255,19,2361.133,"encounter v",R,32,91,140,0.683,0.669,0.485,2.274,0.021,1.742,-37.15,81.692,0,0,250,-200,-34.228,0,0,0,6,5,R,"즉석카레",169.7,85.097,0.397,0,130,0,0,0,0,0,0,0,0,0,0,0,0,0,0,0,0,0.055,-37.454,0,"Pring__",0.026,-17.28,0,"白霜らいふ",-18.241,-44,0,"Riyaj",-11.636,-59.837,0,"인생최패망자",18.81,-44.367,0,"Muna_328",6.15,-64.805,0,"SFIDA",34.13,-93.285,0,"아침땅_",-8.744,-102.978,0,"Roscosmos",-43.753,-97.203,0,0,0,0,0,0,"",0,0,0,0,2363.019,2363.773,,,0,0
43,2,1,0,2,0,1,1,1,1,0,1,4,255,20,2375.037,"encounter v",R,6,71,105,-0.814,0.547,0.19,2.153,-0.901,1.903,-36.847,58.009,0,0,264.692,0,-35.608,0,0,0,6,5,R,"즉석카레",169.7,85.097,0.397,0,130,0,0,0,0,0,0,0,0,0,0,0,0,0,0,0,0,0.016,-37.414,0,"Pring__",-0.021,-17.25,0,"白霜らいふ",-18.959,-41.499,0,"Riyaj",-13.474,-59.895,0,"인생최패망자",18.429,-44.255,0,"Muna_328",6.537,-64.713,0,"SFIDA",37.609,-97.121,0,"아침땅_",-9.79,-102.805,0,"Roscosmos",-43.811,-97.274,0,0,0,0,0,0,"",0,0,0,0,2377.047,2377.904,,,0,0
44,2,1,0,2,0,2,1,1,1,0,1,4,255,21,2389.308,"encounter v",R,1,56,99,-1.97,-1.406,0.428,1.988,-0.16,1.021,-36.79,63.374,4,0,0,0,-6.06,-0.543,-18.007,1,6,5,R,"즉석카레",169.7,85.097,0.397,0,130,0,0,0,0,0,0,0,0,0,0,0,0,0,0,0,0,0.091,-37.276,0,"Pring__",-0.33,-17.921,0,"白霜らいふ",-19.202,-41.245,0,"Riyaj",-13.172,-59.712,0,"인생최패망자",18.509,-44.59,0,"Muna_328",4.584,-64.225,0,"SFIDA",38.201,-99.422,0,"아침땅_",-10.043,-102.777,0,"Roscosmos",-43.807,-97.274,0,0,0,0,0,0,"",0,0,0,0,2391.401,2393.328,,,0,0
45,2,1,0,2,0,0,2,1,1,0,1,4,255,22,2409.464,"encounter v",R,15,63,96,0.02,0.195,0.577,1.847,-0.009,1.179,-36.767,59.306,0,0,0,-400,-62.382,0,0,1,7,3,R,"Ayu_Yua",175.3,86.421,0.401,0,129,0,0,0,0,0,0,0,0,0,0,0,0,0,0,0,0,0.087,-37.342,0,"Pring__",-0.089,-17.641,0,"白霜らいふ",-18.622,-44.549,0,"Riyaj",-13.44,-63.252,0,"인생최패망자",18.279,-46.612,0,"Muna_328",5.713,-65.1,0,"SFIDA",31.95,-95.955,0,"아침땅_",-12.769,-104.978,0,"Roscosmos",-42.163,-94.566,0,0,0,0,0,0,"",0,0,0,0,2411.505,2412.412,,,0,0
46,2,1,0,2,0,1,2,1,1,0,1,4,255,23,2422.799,"encounter v",R,6,66,98,0.352,0.272,0.371,2.098,-0.647,1.766,-36.908,64.518,0,0,342.394,0,-49.813,0.621,-13.658,0,7,3,R,"Ayu_Yua",175.3,86.421,0.401,0,129,0,0,0,0,0,0,0,0,0,0,0,0,0,0,0,0,0.084,-37.344,0,"Pring__",0.143,-17.689,0,"白霜らいふ",-18.416,-44.069,0,"Riyaj",-13.321,-62.779,0,"인생최패망자",17.575,-45.775,0,"Muna_328",4.281,-64.519,0,"SFIDA",33.497,-95.799,0,"아침땅_",-12.59,-105.601,0,"Roscosmos",-42.139,-94.565,0,0,0,0,0,0,"",0,0,0,0,2425.942,2425.802,,,0,0
47,2,1,0,2,0,2,2,1,1,0,1,4,255,24,2440.754,"encounter v",R,32,99,140,-0.696,1.708,0.441,2.255,-0.645,2.374,-37.105,80.358,1,0,234.257,-200,-34.938,0,0,0,7,3,R,"Ayu_Yua",175.3,86.421,0.401,0,129,0,0,0,0,0,0,0,0,0,0,0,0,0,0,0,0,0.143,-37.141,0,"Pring__",-0.126,-17.103,0,"白霜らいふ",-19.487,-42.192,0,"Riyaj",-13.002,-62.406,0,"인생최패망자",18.123,-45.818,0,"Muna_328",4.402,-64.957,0,"SFIDA",34.266,-96.874,0,"아침땅_",-12.577,-105.564,0,"Roscosmos",-42.144,-94.553,0,0,0,0,0,0,"",0,0,0,0,2442.581,2445.229,,,0,0
48,2,1,0,2,1,2,2,1,1,0,1,4,255,25,2453.581,"encounter v",R,32,95,140,-0.273,1.334,0.485,2.193,-0.444,2.157,-37.123,78.886,1,0,233.844,-200,-44.126,0,0,0,7,3,R,"Ayu_Yua",175.3,86.421,0.401,0,129,0,0,0,0,0,0,0,0,0,0,0,0,0,0,0,0,0.136,-37.173,0,"Pring__",-0.066,-17.323,115,"白霜らいふ",-17.859,-43.076,0,"Riyaj",-13.103,-62.665,0,"인생최패망자",18.034,-44.707,0,"Muna_328",5.045,-65.312,0,"SFIDA",33.316,-94.847,0,"아침땅_",-12.577,-105.564,0,"Roscosmos",-42.165,-94.536,0,0,0,0,0,0,"",0,0,0,0,2455.345,2456.408,,,0,0
49,2,1,0,2,2,2,2,1,1,0,1,4,255,26,2467.348,"encounter v",R,32,103,140,0.38,-1.928,0.54,1.856,-0.184,0.273,-36.642,40.742,4,0,250,-200,-15.484,0.05,-18.199,1,7,3,R,"Ayu_Yua",175.3,86.421,0.401,0,129,0,0,0,0,0,0,0,0,0,0,0,0,0,0,0,0,0.247,-37.22,0,"Pring__",-0.409,-18.052,120,"白霜らいふ",-19.073,-41.373,0,"Riyaj",-13.082,-62.594,0,"인생최패망자",18.748,-44.945,0,"Muna_328",4.637,-65.325,0,"SFIDA",33.059,-94.014,0,"아침땅_",-13.004,-106.064,0,"Roscosmos",-41.518,-94.994,0,0,0,0,0,0,"",0,0,0,0,2469.067,,2473.841,,0,0
50,2,0,0,2,0,0,0,0,0,0,255,255,255,22,2530.485,"_Chun",L,26,80,131,0.577,0.979,-0.16,1.84,0.038,1.888,-36.643,30.955,0,0,169.658,-193.953,-17.71,0,0,0,7,3,R,"Riyaj",160,80,0.2,0,39,0,0,0,0,0,0,0,0,0,0,0,0,0,0,0,0,-0.285,-37.23,0,"Sabo_10",-0.035,-17.87,0,"あおいぬ",-16.931,-42.671,0,"Ayu_Yua",-15.569,-63.48,0,"559：広告",22.827,-50.284,0,"즉석카레",12.131,-64.658,0,"ディシジョン",42.999,-101.072,0,"장덕춘_",-4.219,-106.713,0,"TaeGeuk_",-45.613,-96.125,0,0,0,0,0,0,"",0,0,0,0,2531.984,,,,0,0
51,2,0,0,2,0,1,0,0,0,0,255,255,255,23,2543.331,"_Chun",L,26,88,140,0.968,0.276,-0.11,1.734,0.236,1.531,-36.574,21.003,0,0,146.994,-200,-34.007,0,0,0,7,3,R,"Riyaj",160,80,0.2,0,39,0,0,0,0,0,0,0,0,0,0,0,0,0,0,0,0,0.019,-37.194,0,"Sabo_10",-0.008,-17.912,0,"あおいぬ",-17.349,-43.032,0,"Ayu_Yua",-15.567,-63.512,0,"559：広告",22.832,-50.204,0,"즉석카레",12.104,-64.674,0,"ディシジョン",43.011,-101.068,0,"장덕춘_",-4.22,-106.708,0,"TaeGeuk_",-46.172,-96.975,0,0,0,0,0,0,"",0,0,0,0,2544.713,,,,0,0
52,2,0,0,2,0,2,0,0,0,0,255,255,255,24,2553.815,"_Chun",L,26,91,140,1.465,-0.019,-0.099,1.645,0.491,1.421,-36.519,20.65,0,0,114.099,-159.672,-23.822,0,0,0,7,3,R,"Riyaj",160,80,0.2,0,39,0,0,0,0,0,0,0,0,0,0,0,0,0,0,0,0,-0.16,-37.355,0,"Sabo_10",-0.002,-17.879,0,"あおいぬ",-18.556,-42.278,0,"Ayu_Yua",-15.536,-63.517,0,"559：広告",21.62,-49.562,0,"즉석카레",12.149,-64.676,0,"ディシジョン",42.978,-101.075,0,"장덕춘_",-4.225,-106.743,0,"TaeGeuk_",-45.055,-96.201,0,0,0,0,0,0,"",0,0,0,0,2555.408,,,,0,0
53,2,0,0,2,0,0,1,0,0,0,255,255,255,25,2577.099,"_Chun",L,29,85,139,1.438,-0.037,-0.115,1.647,0.418,1.431,-36.533,17.637,2,0,179.233,-139.017,-17.476,0,0,1,8,7,R,"아침땅_",160,94.757,0.5,2,127,2578.011,109,54,73,39,8,135,73,-16.54,9.393,-0.92,0.048,0.359,-332.468,148.247,108.188,-0.012,-36.887,0,"Sabo_10",0.098,-18.164,0,"あおいぬ",-17.342,-42.655,0,"Ayu_Yua",-15.517,-63.519,104,"559：広告",21.277,-49.217,0,"즉석카레",12.455,-64.619,0,"ディシジョン",39.287,-102.928,0,"장덕춘_",-4.267,-108.872,0,"TaeGeuk_",-46.778,-98.613,0,2578.262,-0.091,-21.796,2581.144,3,"Ayu_Yua",-7.045,-59.669,0,0,,,,,134,2
54,2,0,0,2,0,0,2,0,0,0,255,255,255,26,2603.954,"_Chun",L,26,84,137,0.542,0.933,-0.133,1.818,0.337,2.019,-36.511,28.271,0,0,-70.626,-200,-1.942,0,0,0,0,4,R,"인생최패망자",190,80,0.299,0,127,0,0,0,0,0,0,0,0,0,0,0,0,0,0,0,0,-0.069,-37.229,0,"Sabo_10",0.195,-17.831,114,"あおいぬ",-17.837,-42.17,0,"Ayu_Yua",-15.509,-62.845,0,"559：広告",20.484,-49.411,0,"즉석카레",12.917,-64.385,0,"ディシジョン",41.174,-96.697,0,"장덕춘_",3.497,-108.386,0,"TaeGeuk_",-47.082,-98.662,0,0,0,0,0,0,"",0,0,0,0,2605.338,,,,0,0
55,2,0,0,2,0,1,2,0,0,0,255,255,255,27,2619.775,"_Chun",L,10,84,126,0.954,0.334,-0.142,1.953,0.419,2.246,-36.611,36.157,0,0,0,400,-1.848,0.058,-19.476,0,0,4,R,"인생최패망자",190,80,0.299,0,127,0,0,0,0,0,0,0,0,0,0,0,0,0,0,0,0,-0.057,-37.283,0,"Sabo_10",0.174,-18.717,115,"あおいぬ",-17.773,-42.031,0,"Ayu_Yua",-15.459,-63.013,0,"559：広告",22.34,-50.649,0,"즉석카레",13.528,-63.84,0,"ディシジョン",41.574,-96.257,0,"장덕춘_",2.848,-108.652,0,"TaeGeuk_",-48.214,-98.616,0,0,0,0,0,0,"",0,0,0,0,2622.241,,,,0,0
56,2,0,0,2,0,2,2,0,0,0,255,255,255,28,2637.374,"_Chun",L,0,0,0,0,0,0,0,0,0,0,0,0,0,0,0,0,0,0,1,0,4,R,"인생최패망자",190,80,0.299,3,127,2638.21,202,98,118,102,38,145,90,46.654,-39.867,-0.82,0,0.411,383.357,-374.655,-267.343,-0.082,-37.143,0,"Sabo_10",-0.035,-17.888,0,"あおいぬ",-16.772,-42.408,0,"Ayu_Yua",-15.441,-63.001,0,"559：広告",21.727,-50.719,0,"즉석카레",13.029,-63.945,0,"ディシジョン",41.587,-96.254,0,"장덕춘_",2.853,-108.683,0,"TaeGeuk_",-47.528,-98.949,0,0,0,0,0,0,"",0,0,0,0,,,,,2,0
57,2,0,0,2,0,2,2,0,0,0,255,255,255,29,2659.452,"_Chun",L,26,87,140,-3.638,0.959,-0.31,1.562,-0.488,1.188,-36.529,19.774,2,0,156.857,-190.105,-19.901,0,0,1,0,4,R,"인생최패망자",190,80,0.299,3,87,2660.302,171,53,115,81,35,145,90,-21.231,-29.937,-0.84,0,0.351,-87.21,-168.338,176.518,-0.06,-37.042,0,"Sabo_10",-0.099,-18.025,0,"あおいぬ",-17.374,-42.264,85,"Ayu_Yua",-15.43,-63.471,0,"559：広告",23.715,-49.52,0,"즉석카레",13.247,-64.003,103,"ディシジョン",43.909,-91.814,0,"장덕춘_",4.861,-109.043,0,"TaeGeuk_",-46.045,-90.932,0,2660.526,0.877,-21.651,2663.415,5,"즉석카레",22.322,-60.473,1,0,,,,,70,2
58,2,0,0,2,0,0,2,1,0,0,14,255,255,30,2688.702,"_Chun",L,26,80,132,-2.196,-0.064,-0.385,1.721,-1.021,1.464,-36.594,27.919,2,0,95.586,-200,-8.569,0,0,0,1,0,L,"encounter v",190,83,0.527,3,126,2689.676,255,169,183,0,0,145,89,12.93,-4.787,-0.87,0,0.516,148.879,-327.633,-477.596,-0.443,-37.203,0,"Sabo_10",-0.22,-17.879,0,"あおいぬ",-16.29,-42.251,0,"Ayu_Yua",-10.522,-65.651,85,"559：広告",23.327,-48.609,0,"즉석카레",14.125,-63.672,0,"ディシジョン",46.093,-95.794,0,"장덕춘_",6.714,-104.97,104,"TaeGeuk_",-45.584,-90.188,0,2692.623,7.287,-74.981,2693.97,7,"장덕춘_",9.825,-88.588,1,0,,2694.969,,,131,2
59,2,0,0,2,0,0,2,1,1,0,10,14,255,31,2714.991,"_Chun",L,26,78,129,-1.849,0.209,-0.371,1.75,-0.997,1.548,-36.609,26.763,1,0,133.717,-200,-16.474,0,0,0,2,1,L,"Pring__",190,93.36,0.485,0,126,0,0,0,0,0,0,0,0,0,0,0,0,0,0,0,0,-0.171,-37.62,108,"Sabo_10",-0.132,-17.93,0,"あおいぬ",-17.159,-41.436,0,"Ayu_Yua",-5.803,-66.419,0,"559：広告",22.547,-46.234,0,"즉석카레",15.152,-63.252,0,"ディシジョン",45.756,-93.014,0,"장덕춘_",5.62,-109.328,0,"TaeGeuk_",-43.897,-92.401,0,0,0,0,0,0,"",0,0,0,0,2716.686,2718.118,,,0,0
60,2,0,0,2,1,0,2,1,1,0,10,14,255,32,2774.605,"_Chun",L,29,77,128,2.27,-0.301,-0.005,1.669,0.682,1.254,-36.647,17.518,2,0,202.508,-166.954,-19.503,0,0,1,2,1,L,"Pring__",190,93.36,0.485,3,125,2775.591,255,150,81,133,57,145,100,30.938,-18.723,0.94,0,0.77,458.538,-292.727,-253.088,-0.217,-37.111,0,"Sabo_10",0.392,-18.074,0,"あおいぬ",-16.127,-43.132,0,"Ayu_Yua",-7.175,-66.072,0,"559：広告",23.07,-46.656,0,"즉석카레",15.347,-63.007,0,"ディシジョン",47.014,-93.46,115,"장덕춘_",5.868,-108.913,0,"TaeGeuk_",-47.005,-94.633,0,0,0,0,2780.998,6,"ディシジョン",32.656,-94.771,0,0,,2780.774,2779.407,,10,1
61,3,1,0,2,0,0,0,0,0,0,255,255,255,27,2835.679,"encounter v",R,32,85,139,0.959,0.908,0.498,2.323,0.082,1.91,-37.039,69.795,2,0,250,-200,-9.443,0,0,0,8,8,R,"TaeGeuk_",176.5,84.57,0.597,3,124,2836.588,157,61,65,19,12,128,102,20.936,35.837,0.89,0,0.209,-567.721,48.147,-184.868,0.224,-37.191,0,"Pring__",0.003,-17.164,0,"白霜らいふ",-19.239,-47.783,76,"Riyaj",-12.537,-64.075,0,"인생최패망자",20.253,-49.73,0,"Muna_328",9.587,-66.408,0,"SFIDA",29.824,-100.294,0,"아침땅_",-10.945,-105.771,0,"Roscosmos",-37.113,-89.924,98,2839.762,-39.369,-72.498,2840.894,8,"Roscosmos",-44.398,-79.189,1,0,,,,,50,2
62,3,1,0,2,0,0,0,1,0,0,8,255,255,28,2866.778,"encounter v",R,32,86,140,1.16,0.37,0.519,2.23,0.183,1.58,-36.888,60.871,2,0,224.175,-200,-31.904,0,0,1,0,7,R,"장덕춘_",169.9,94.753,0.316,3,124,2867.621,67,182,137,95,39,120,69,7.209,-0.382,-0.79,0,0.149,-196.021,227.947,233.623,0.117,-37.09,0,"Pring__",-0.014,-17.242,0,"白霜らいふ",-18.407,-42.572,71,"Riyaj",-13.625,-64.004,0,"인생최패망자",18.812,-48.516,0,"Muna_328",6.835,-65.891,96,"SFIDA",33.278,-93.059,0,"아침땅_",-10.037,-111.482,0,"Roscosmos",-40.455,-94.701,0,2869.102,-0.133,-43.446,2870.72,5,"Muna_328",-1.859,-59.154,0,0,,,,,82,2
63,3,1,0,2,0,0,2,0,0,0,255,255,255,29,2897.244,"encounter v",R,10,69,113,-1.626,-0.722,0.426,2.241,-0.716,1.626,-37.145,71.076,2,0,0,400,-68.008,0,0,1,1,0,L,"_Chun",190,80,0.455,3,124,2898.308,255,98,104,81,55,145,114,-30,2.411,0.9,0,0.416,-146.427,483.596,321.707,0.181,-36.975,0,"Pring__",0.003,-17.195,0,"白霜らいふ",-19.308,-49.151,0,"Riyaj",-12.385,-64.529,0,"인생최패망자",24.574,-50.532,0,"Muna_328",14.267,-63.8,85,"SFIDA",52.111,-103.098,0,"아침땅_",3.444,-113.321,91,"Roscosmos",-41.455,-99.236,0,2898.436,-0.358,-21.262,2902.609,7,"아침땅_",-4.177,-98.915,1,0,,,,,322,2
64,3,1,0,2,0,0,2,1,0,0,0,255,255,30,2929.029,"encounter v",R,10,58,92,-0.194,-2.189,0.519,1.932,-0.189,0.967,-36.741,52.725,1,0,37.067,400,-33.587,-0.05,-19.894,0,2,2,R,"あおいぬ",190,90.486,0.43,0,123,0,0,0,0,0,0,0,0,0,0,0,0,0,0,0,0,0.108,-37.448,0,"Pring__",-0.126,-17.531,0,"白霜らいふ",-18.627,-44.228,0,"Riyaj",-12.778,-62.842,0,"인생최패망자",20.828,-50.449,0,"Muna_328",5.771,-65.818,0,"SFIDA",30.581,-99.367,0,"아침땅_",-12.629,-111.13,0,"Roscosmos",-45.134,-98.792,0,0,0,0,0,0,"",0,0,0,0,2931.061,,,,0,0
65,3,1,0,2,0,1,2,1,0,0,0,255,255,31,2948.3,"encounter v",R,6,67,110,-0.133,-1.072,0.387,1.828,-0.9,0.933,-36.906,61.05,1,0,500,0,-89.008,0.043,-18.534,0,2,2,R,"あおいぬ",190,90.486,0.43,0,123,0,0,0,0,0,0,0,0,0,0,0,0,0,0,0,0,0.019,-37.249,0,"Pring__",0.011,-17.87,0,"白霜らいふ",-19.185,-43.245,0,"Riyaj",-12.766,-62.777,0,"인생최패망자",21.085,-50.123,0,"Muna_328",6.319,-65.999,0,"SFIDA",32.775,-102.194,0,"아침땅_",-12.982,-111.038,0,"Roscosmos",-46.726,-100.156,0,0,0,0,0,0,"",0,0,0,0,2951.387,,,,0,0
66,3,1,0,2,1,1,2,1,0,0,0,255,255,32,2962.521,"encounter v",R,6,66,109,0.602,-0.791,0.458,1.882,-0.567,1.11,-36.942,62.864,0,0,495.455,0,-74.988,0,0,0,2,2,R,"あおいぬ",190,90.486,0.43,0,123,0,0,0,0,0,0,0,0,0,0,0,0,0,0,0,0,0.11,-37.23,0,"Pring__",0.036,-17.156,0,"白霜らいふ",-19.797,-43.246,0,"Riyaj",-12.707,-62.806,0,"인생최패망자",20.917,-49.973,0,"Muna_328",4.051,-64.746,0,"SFIDA",33.625,-103.07,0,"아침땅_",-12.488,-111.119,0,"Roscosmos",-46.468,-97.28,0,0,0,0,0,0,"",0,0,0,0,2964.373,,,,0,0
67,3,1,0,2,1,2,2,1,0,0,0,255,255,33,2977.062,"encounter v",R,32,94,140,0.352,-0.952,0.537,1.906,-0.2,1.187,-36.763,53.332,2,0,250,200,22.72,0,0,1,2,2,R,"あおいぬ",190,90.486,0.43,3,123,2978.158,140,120,76,103,46,140,106,-30,-13.008,0.93,0,0.448,-579.347,61.252,139.308,0.144,-37.05,0,"Pring__",-0.04,-17.22,0,"白霜らいふ",-18.628,-43.829,0,"Riyaj",-12.605,-63.144,0,"인생최패망자",20.99,-49.828,0,"Muna_328",5.989,-65.752,107,"SFIDA",33.772,-102.994,0,"아침땅_",-12.494,-111.137,0,"Roscosmos",-46.458,-97.287,0,2978.29,0.196,-19.111,2980.581,5,"Muna_328",9.694,-60.172,0,0,,2983.186,,,82,2
68,3,0,0,2,0,0,0,0,0,0,255,255,255,33,3082.392,"_Chun",L,26,83,136,-0.132,1.107,-0.213,1.864,-0.04,2.168,-36.515,26.017,1,0,-8.258,-153.186,-2.319,0,0,0,3,6,L,"SFIDA",190,80,0.2,0,122,0,0,0,0,0,0,0,0,0,0,0,0,0,0,0,0,-0.006,-37.346,0,"Sabo_10",-0.018,-17.847,0,"あおいぬ",-16.953,-42.703,0,"Ayu_Yua",-13.112,-65.007,0,"559：広告",23.912,-49.271,0,"즉석카레",14.418,-63.114,0,"ディシジョン",46.323,-92.046,0,"장덕춘_",4.665,-106.163,0,"TaeGeuk_",-42.381,-86.373,0,0,0,0,0,0,"",0,0,0,0,3083.72,,,,0,0
69,3,0,0,2,1,0,0,0,0,0,255,255,255,34,3097.692,"_Chun",L,14,67,110,0.952,0.574,0.062,1.981,1.161,2.367,-36.632,31.192,0,0,-400.162,299.785,-13.801,0,0,0,3,6,L,"SFIDA",190,80,0.2,0,122,0,0,0,0,0,0,0,0,0,0,0,0,0,0,0,0,0.06,-37.46,0,"Sabo_10",0.022,-17.855,0,"あおいぬ",-16.886,-43.142,0,"Ayu_Yua",-13.222,-65.174,0,"559：広告",23.804,-49.307,0,"즉석카레",14.882,-62.865,0,"ディシジョン",46.713,-92.22,0,"장덕춘_",4.624,-105.819,0,"TaeGeuk_",-42.27,-86.452,0,0,0,0,0,0,"",0,0,0,0,3099.116,,,,0,0
70,3,0,0,2,1,1,0,0,0,0,255,255,255,35,3113.656,"_Chun",L,10,87,128,-0.938,-0.386,-0.291,1.744,-0.4,1.78,-36.472,21.647,0,0,0,400,-0.405,0,0,1,3,6,L,"SFIDA",190,80,0.2,0,122,0,0,0,0,0,0,0,0,0,0,0,0,0,0,0,0,-0.125,-37.631,0,"Sabo_10",-0.111,-18.041,0,"あおいぬ",-16.699,-43.321,0,"Ayu_Yua",-13.143,-65.042,0,"559：広告",23.816,-49.312,0,"즉석카레",14.754,-62.791,0,"ディシジョン",46.702,-92.165,0,"장덕춘_",4.753,-106.032,0,"TaeGeuk_",-42.581,-89.243,0,0,0,0,0,0,"",0,0,0,0,3115.053,,,,0,0
71,3,0,0,2,1,2,0,0,0,0,255,255,255,36,3132.27,"_Chun",L,10,83,125,-0.078,-1.69,-0.211,1.497,-0.028,0.98,-36.47,14.874,2,0,0,400,3.497,0,0,1,3,6,L,"SFIDA",190,80,0.2,2,122,3133.134,244,179,114,0,0,136,87,-44.937,23.255,-0.72,0,1.082,-328.266,198.858,145.571,-0.187,-36.827,0,"Sabo_10",0,-18.21,0,"あおいぬ",-16.775,-43.053,87,"Ayu_Yua",-13.131,-65.084,95,"559：広告",24.212,-49.521,0,"즉석카레",14.605,-63.341,0,"ディシジョン",46.735,-92.229,0,"장덕춘_",4.76,-106.032,0,"TaeGeuk_",-43.475,-91.091,0,3133.248,-0.11,-20.008,3136.172,3,"Ayu_Yua",-18.72,-61.962,0,0,,,,,134,2
72,3,0,0,2,0,0,1,0,0,0,255,255,255,37,3156.464,"_Chun",L,29,79,130,0.74,0.765,-0.187,1.777,0.086,1.899,-36.555,23.23,2,0,166.247,-159.237,-22.751,0,0,0,4,2,R,"白霜らいふ",179.7,80,0.654,3,121,3157.597,190,83,99,58,37,145,130,26.248,-32.086,0.47,0,0.502,-394.406,449.396,9.646,-0.399,-36.876,0,"Sabo_10",0.125,-17.944,0,"あおいぬ",-18.442,-43.686,0,"Ayu_Yua",-15.516,-63.327,85,"559：広告",22.037,-49.846,0,"즉석카레",12.721,-64.542,0,"ディシジョン",43.541,-94.814,100,"장덕춘_",0.248,-107.297,0,"TaeGeuk_",-41.134,-84.969,0,3162.005,46.764,-114.581,3163.824,6,"ディシジョン",44.259,-113.911,1,0,,,,,138,2
73,3,0,0,2,0,0,1,1,0,0,12,255,255,38,3189.286,"_Chun",L,27,83,136,-0.748,-0.679,-0.26,1.623,-0.442,1.089,-36.581,20.358,0,0,87.504,-122.244,-9.429,0,0,0,5,8,R,"Roscosmos",175.2,95.982,0.364,0,121,0,0,0,0,0,0,0,0,0,0,0,0,0,0,0,0,-0.359,-37.762,0,"Sabo_10",-0.183,-17.816,0,"あおいぬ",-18.026,-40.907,0,"Ayu_Yua",-14.225,-62.12,0,"559：広告",22.545,-49.124,0,"즉석카레",13.515,-63.737,0,"ディシジョン",42.752,-96.182,0,"장덕춘_",3.875,-109.498,0,"TaeGeuk_",-41.233,-85.535,0,0,0,0,0,0,"",0,0,0,0,3190.644,,,,0,0
74,3,0,0,2,0,1,1,1,0,0,12,255,255,39,3201.736,"_Chun",L,14,81,120,-1.704,-1.976,-0.178,1.551,-0.156,0.881,-36.561,16.812,2,0,-359.14,347.877,-27.405,0,0,1,5,8,R,"Roscosmos",175.2,95.982,0.364,3,121,3202.626,120,74,90,80,73,137,128,-30,38.659,0.63,0,0.246,212.91,-420.811,-116.303,-0.15,-37.042,0,"Sabo_10",-0.078,-18.023,0,"あおいぬ",-17.892,-42.332,107,"Ayu_Yua",-14.567,-62.433,0,"559：広告",21.811,-49.088,0,"즉석카레",9.497,-65.559,0,"ディシジョン",42.433,-96.634,0,"장덕춘_",3.882,-109.418,0,"TaeGeuk_",-42.705,-90.077,0,3202.845,-0.558,-20.13,3203.963,2,"あおいぬ",-16.317,-39.856,0,0,,,,,70,2
75,4,1,0,2,0,0,0,0,0,0,255,255,255,34,3261.204,"encounter v",R,13,96,126,-0.157,-0.029,0.699,2.136,0.553,1.931,-36.961,62.607,0,0,-390.434,312.348,-12.581,0,0,0,3,6,R,"ディシジョン",190,92.496,0.632,0,120,0,0,0,0,0,0,0,0,0,0,0,0,0,0,0,0,0.219,-37.689,0,"Pring__",-0.057,-17.025,0,"白霜らいふ",-20.416,-48.736,0,"Riyaj",-13.065,-63.731,0,"인생최패망자",23.697,-53.222,0,"Muna_328",8.501,-66.503,0,"SFIDA",33.559,-108.828,0,"아침땅_",-11.384,-111.668,0,"Roscosmos",-41.052,-94.192,0,0,0,0,0,0,"",0,0,0,0,3263.109,,,,0,0
76,4,1,0,2,0,1,0,0,0,0,255,255,255,35,3277.72,"encounter v",R,10,78,119,-1.608,-0.745,0.428,2.218,-0.709,1.55,-37.156,71.847,2,1,0,400,-79.332,0,0,1,3,6,R,"ディシジョン",190,92.496,0.632,3,120,3278.815,211,121,150,136,37,145,116,-30,15.478,0.89,0,0.475,-522.07,-19.538,-103.753,0.182,-37.104,0,"Pring__",-0.026,-17.164,0,"白霜らいふ",-20.429,-48.735,0,"Riyaj",-13.132,-63.707,0,"인생최패망자",23.79,-53.149,0,"Muna_328",8.448,-66.554,87,"SFIDA",34.85,-109.813,0,"아침땅_",-11.384,-111.761,85,"Roscosmos",-41.56,-94.504,0,3278.977,-0.484,-19.768,3283.026,7,"아침땅_",-9.187,-94.501,1,0,,,,,322,2
77,4,1,0,2,0,0,0,0,1,0,255,255,255,36,3352.756,"encounter v",R,10,77,107,-0.381,-2.529,0.523,1.657,-0.178,0.373,-36.608,44.691,1,0,0,400,-24.975,-0.049,-20.987,0,4,4,R,"559：広告",190,85.269,0.2,0,39,0,0,0,0,0,0,0,0,0,0,0,0,0,0,0,0,0.093,-37.279,0,"Pring__",-0.115,-17.578,0,"白霜らいふ",-20.04,-47.962,0,"Riyaj",-13.116,-64.561,0,"인생최패망자",18.045,-45.529,0,"Muna_328",7.359,-65.827,0,"SFIDA",31.183,-97.465,0,"아침땅_",-12.926,-109.178,0,"Roscosmos",-39.702,-95.89,0,0,0,0,0,0,"",0,0,0,0,3354.616,3355.236,,,0,0
78,4,1,0,2,1,0,0,0,1,0,255,255,255,37,3369.579,"encounter v",R,13,73,101,0.376,3.143,0.366,2.409,0.875,4.273,-37.201,84.058,1,0,-289.024,388.477,-40,-1.002,-10.826,0,4,4,R,"559：広告",190,85.269,0.2,0,39,0,0,0,0,0,0,0,0,0,0,0,0,0,0,0,0,0.1,-37.222,0,"Pring__",-0.887,-17.58,108,"白霜らいふ",-20.071,-47.967,0,"Riyaj",-13.118,-64.637,0,"인생최패망자",18.781,-44.758,0,"Muna_328",6.343,-65.709,0,"SFIDA",31.576,-97.427,0,"아침땅_",-12.527,-110.364,0,"Roscosmos",-39.831,-96.19,0,0,0,0,0,0,"",0,0,0,0,3374.019,3372.528,,,0,0
79,4,1,0,2,2,0,0,0,1,0,255,255,255,38,3387.424,"encounter v",R,32,92,140,0.737,0.173,0.578,2.01,-0.007,1.524,-36.861,59.73,0,0,250,-200,-41.373,0,0,0,4,4,R,"559：広告",190,85.269,0.2,0,39,0,0,0,0,0,0,0,0,0,0,0,0,0,0,0,0,0.318,-37.435,0,"Pring__",-0.056,-17.201,120,"白霜らいふ",-20.017,-47.923,0,"Riyaj",-14.136,-64.089,0,"인생최패망자",17.902,-44.073,0,"Muna_328",5.392,-64.353,0,"SFIDA",30.29,-98.945,0,"아침땅_",-12.549,-110.362,0,"Roscosmos",-40.421,-95.708,0,0,0,0,0,0,"",0,0,0,0,3389.186,3390.125,,,0,0
80,4,1,0,2,2,1,0,0,1,0,255,255,255,39,3401.139,"encounter v",R,14,65,108,0.605,-1.317,0.49,1.87,-0.418,1.071,-36.952,61.509,2,0,416.57,264.543,-79.707,0,0,1,4,4,R,"559：広告",190,85.269,0.2,3,39,3402.289,221,120,53,72,77,137,117,-30,-26.14,0.83,0,0.755,-4.648,-404.335,-331.104,0.208,-37.073,0,"Pring__",0.004,-17.173,0,"白霜らいふ",-20.48,-47.511,73,"Riyaj",-13.379,-63.079,0,"인생최패망자",17.978,-46.555,0,"Muna_328",5.439,-65.218,0,"SFIDA",30.143,-98.207,0,"아침땅_",-12.604,-110.805,0,"Roscosmos",-40.948,-96.462,0,3402.428,0.488,-20.966,3403.803,4,"인생최패망자",12.108,-44.547,0,8,,,3409.133,,19,2
81,4,1,0,2,0,0,2,0,0,0,255,255,255,40,3428.832,"encounter v",R,10,62,109,-1.294,-1.637,0.421,1.885,-0.741,1.103,-36.992,62.877,1,0,99.309,400,-72.727,0,0,0,5,1,L,"Sabo_10",184.6,88,0.452,0,119,0,0,0,0,0,0,0,0,0,0,0,0,0,0,0,0,0.005,-37.337,0,"Pring__",0.005,-17.163,111,"白霜らいふ",-19.43,-48.985,0,"Riyaj",-11.572,-63.718,0,"인생최패망자",23.023,-48.767,0,"Muna_328",14.536,-63.062,0,"SFIDA",49.715,-104.927,0,"아침땅_",3.199,-113.043,0,"Roscosmos",-39.02,-96.731,0,0,0,0,0,0,"",0,0,0,0,3430.678,,,,0,0
82,4,1,0,2,1,0,2,0,0,0,255,255,255,41,3442.863,"encounter v",R,10,67,112,-0.458,-1.102,0.433,1.948,-0.22,1.312,-36.924,57.398,2,0,7.487,400,-69.477,0,0,1,5,1,L,"Sabo_10",184.6,88,0.452,3,119,3443.938,255,122,120,154,63,145,124,-30,-24.488,0.22,0,0.603,145.686,283.291,507.565,0.112,-37.061,0,"Pring__",-0.012,-17.281,0,"白霜らいふ",-20.086,-47.808,0,"Riyaj",-11.582,-63.582,0,"인생최패망자",23.016,-48.848,0,"Muna_328",14.528,-63.081,107,"SFIDA",46.189,-102.098,0,"아침땅_",4.069,-113.009,0,"Roscosmos",-41.587,-95.415,0,3444.123,0.406,-22.01,3445.908,5,"Muna_328",16.889,-58.246,0,0,,,,,82,2
83,4,0,0,2,0,0,0,0,0,0,255,255,255,40,3501.208,"_Chun",L,0,77,129,0.91,0.092,-0.157,1.761,0.401,1.643,-36.775,35.956,2,0,0,0,1.111,0,0,0,6,5,R,"Muna_328",174.5,89.724,0.42,3,118,3502.284,255,104,134,38,0,145,127,108.095,16.681,0.51,0,0.755,255.692,-50.705,285.45,0.047,-36.924,0,"Sabo_10",0.103,-18.157,0,"あおいぬ",-17.559,-42.558,0,"Ayu_Yua",-15.538,-63.699,0,"559：広告",22.884,-50.122,0,"즉석카레",10.077,-65.695,0,"ディシジョン",40.451,-95.495,0,"장덕춘_",1.021,-109.295,0,"TaeGeuk_",-43.879,-89.651,0,0,0,0,0,0,"",0,0,0,0,,,,,2,3
84,4,0,0,2,0,1,0,0,0,0,255,255,255,41,3518.171,"_Chun",L,10,75,117,0.419,-1.095,-0.186,1.721,0.187,1.47,-36.626,28.283,2,0,0,400,3.967,0,0,1,6,5,R,"Muna_328",174.5,89.724,0.42,3,118,3519.289,255,106,0,0,28,24,58,27.718,37.631,0.95,0,1.023,278.512,158.888,506.247,-0.3,-36.982,0,"Sabo_10",0.08,-18.158,0,"あおいぬ",-17.167,-42.229,88,"Ayu_Yua",-15.677,-63.552,0,"559：広告",23.394,-50.06,0,"즉석카레",10.034,-65.438,0,"ディシジョン",42.373,-92.876,0,"장덕춘_",1.948,-110.229,0,"TaeGeuk_",-41.176,-88.632,0,0,0,0,3522.026,2,"あおいぬ",-18.751,-43.697,0,0,,,,,6,1
85,4,0,0,2,0,0,1,0,0,0,255,255,255,42,3541.645,"_Chun",L,26,85,138,2.779,0.076,-0.017,1.645,0.876,1.423,-36.53,14.388,4,0,170.54,-178.086,-28.576,0.02,-20.61,1,7,3,R,"Riyaj",160,80,0.2,0,118,0,0,0,0,0,0,0,0,0,0,0,0,0,0,0,0,-0.095,-37.403,0,"Sabo_10",-0.177,-19.154,0,"あおいぬ",-18.093,-41.842,0,"Ayu_Yua",-15.386,-63.83,0,"559：広告",20.914,-49.729,0,"즉석카레",13.272,-63.201,0,"ディシジョン",38.45,-94.951,0,"장덕춘_",1.957,-110.11,0,"TaeGeuk_",-41.583,-90.021,0,0,0,0,0,0,"",0,0,0,0,3545.102,,,,0,0
86,4,0,0,2,0,1,1,0,0,0,255,255,255,43,3558.681,"_Chun",L,0,0,0,0,0,0,0,0,0,0,0,0,0,0,0,0,0,0,0,7,3,R,"Riyaj",160,80,0.2,3,118,3559.777,168,207,79,91,31,145,93,114.454,57.78,-0.08,0,0.442,-440.193,-258.846,310.223,-0.28,-37.253,0,"Sabo_10",0.166,-18.001,0,"あおいぬ",-17.07,-42.533,0,"Ayu_Yua",-15.691,-63.758,0,"559：広告",20.955,-48.76,0,"즉석카레",13.029,-64.209,0,"ディシジョン",39.068,-94.675,0,"장덕춘_",1.934,-110.07,0,"TaeGeuk_",-41.463,-88.548,0,0,0,0,0,0,"",0,0,0,0,,,,,2,0
87,4,0,0,2,0,2,1,0,0,0,255,255,255,44,3574.524,"_Chun",L,10,86,128,1.278,-1.795,-0.085,1.571,0.558,1.139,-36.484,18.58,2,0,0,400,3.193,0,0,1,7,3,R,"Riyaj",160,80,0.2,3,118,3575.59,184,209,93,77,48,145,122,-30,-31.026,0.66,0,0.373,371.338,218.573,76.443,0.36,-37.026,0,"Sabo_10",0.137,-18.102,0,"あおいぬ",-16.977,-42.593,85,"Ayu_Yua",-15.266,-64.008,0,"559：広告",23.017,-50.626,108,"즉석카레",12.94,-64.856,0,"ディシジョン",40.406,-94.927,0,"장덕춘_",-4.731,-109.564,0,"TaeGeuk_",-44.264,-92.19,0,3575.769,0.441,-19.713,3577.366,4,"559：広告",17.926,-48.809,0,0,,,,,22,2
88,4,0,0,2,0,0,2,0,0,0,255,255,255,45,3595.647,"_Chun",L,26,84,138,0.741,0.159,-0.148,1.732,0.107,1.49,-36.571,21.98,0,0,159.345,-175.558,-14.812,0,0,0,8,7,R,"아침땅_",160,94.757,0.5,0,118,0,0,0,0,0,0,0,0,0,0,0,0,0,0,0,0,-0.083,-37.416,0,"Sabo_10",-0.043,-17.865,0,"あおいぬ",-17.479,-42.371,0,"Ayu_Yua",-15.337,-63.741,0,"559：広告",22.905,-50.234,0,"즉석카레",12.717,-64.375,0,"ディシジョン",38.905,-89.113,0,"장덕춘_",-1.742,-108.937,0,"TaeGeuk_",-43.199,-90.881,0,0,0,0,0,0,"",0,0,0,0,3597.04,,,,0,0
89,4,0,0,2,0,1,2,0,0,0,255,255,255,46,3606.248,"_Chun",L,27,79,130,0.361,0.028,-0.179,1.736,0,1.472,-36.607,27.441,2,0,97.066,-124.802,-7.241,0,0,1,8,7,R,"아침땅_",160,94.757,0.5,2,118,3607.167,168,92,140,102,52,145,92,55.831,54.009,-0.16,0.095,0.342,453.608,-257.625,50.7,-0.299,-36.998,0,"Sabo_10",0.09,-18.028,0,"あおいぬ",-16.821,-42.36,0,"Ayu_Yua",-15.499,-63.554,0,"559：広告",22.979,-50.262,0,"즉석카레",12.908,-64.3,0,"ディシジョン",38.847,-89.265,0,"장덕춘_",-0.661,-109.543,0,"TaeGeuk_",-40.893,-89.966,0,3612.623,-55.474,-62.382,0,0,"",0,0,0,0,,,,,2,3
90,4,0,0,2,0,2,2,0,0,0,255,255,255,47,3623.288,"_Chun",L,26,83,135,0.595,0.2,-0.16,1.768,0.085,1.512,-36.661,25.492,2,0,124.592,-167.558,-16.905,0,0,1,8,7,R,"아침땅_",160,94.757,0.5,2,117,3624.238,104,62,57,53,19,133,84,103.328,5.542,-0.17,0,0.355,-458.974,384.505,-0.684,-0.26,-36.931,0,"Sabo_10",0.092,-18.047,0,"あおいぬ",-17.118,-42.503,0,"Ayu_Yua",-15.503,-63.385,0,"559：広告",23.453,-49.873,0,"즉석카레",12.778,-64.343,0,"ディシジョン",38.216,-94.771,0,"장덕춘_",-0.404,-110.509,0,"TaeGeuk_",-42.849,-88.916,0,3630.63,3.568,-2.046,0,0,"",0,0,0,0,,,,,2,3
91,4,0,0,2,0,2,2,0,0,0,255,255,255,48,3652.171,"_Chun",L,10,83,125,1.153,-1.997,-0.097,1.547,0.504,1.045,-36.517,15.777,1,0,0,397.391,-0.787,0.186,-18.314,0,8,7,R,"아침땅_",160,94.757,0.5,0,38,0,0,0,0,0,0,0,0,0,0,0,0,0,0,0,0,-0.014,-37.252,0,"Sabo_10",0.007,-17.969,0,"あおいぬ",-18.123,-42.514,0,"Ayu_Yua",-15.514,-63.85,0,"559：広告",23.05,-51.667,0,"즉석카레",14.152,-63.539,0,"ディシジョン",40.093,-90.582,0,"장덕춘_",5.084,-109.233,0,"TaeGeuk_",-43.59,-90.008,0,0,0,0,0,0,"",0,0,0,0,3653.797,,,,0,0
92,4,0,0,2,1,2,2,0,0,0,255,255,255,49,3666.797,"_Chun",L,6,81,122,1.588,-0.259,0.077,1.652,1.312,1.448,-36.482,10.178,2,0,-394.253,0,-22.712,0,0,1,8,7,R,"아침땅_",160,94.757,0.5,2,38,3667.791,84,46,68,53,12,120,70,-53.264,48.745,-0.53,0,0.338,217.869,-533.794,-156.866,0.072,-36.969,0,"Sabo_10",0.17,-18.071,0,"あおいぬ",-17.331,-43.151,0,"Ayu_Yua",-15.272,-63.808,0,"559：広告",22.916,-50.516,0,"즉석카레",13.996,-63.447,0,"ディシジョン",40.041,-90.45,0,"장덕춘_",5.072,-109.287,0,"TaeGeuk_",-44.56,-94.608,0,3667.894,-0.298,-19.782,3670.852,2,"あおいぬ",-23.279,-39.364,0,0,,,,,6,2
93,4,0,0,2,1,2,2,0,0,0,255,255,255,50,3683.969,"_Chun",L,14,78,116,0.885,-0.105,0.033,1.807,1.107,2.045,-36.547,21.719,2,0,-353.235,353.872,-18.366,0,0,1,8,7,R,"아침땅_",160,94.757,0.5,2,37,3684.917,140,86,117,81,6,144,92,7.468,4.511,-0.14,0.048,0.308,17.658,181.765,19.89,0.36,-36.884,120,"Sabo_10",0.186,-17.97,0,"あおいぬ",-17.222,-43.082,0,"Ayu_Yua",-15.332,-63.485,0,"559：広告",21.709,-51.399,0,"즉석카레",12.848,-64.172,67,"ディシジョン",43.403,-94.837,0,"장덕춘_",4.298,-108.927,90,"TaeGeuk_",-41.508,-92.299,0,3686.734,-3.598,-58.736,3689.387,7,"장덕춘_",-8.107,-94.825,1,0,,,,,71,2
94,4,0,0,2,0,0,2,1,0,0,17,255,255,51,3737.057,"_Chun",L,26,85,138,0.699,0.41,-0.146,1.811,0.122,1.685,-36.646,26.091,2,0,136.564,-200,-24.237,0,0,1,0,4,R,"인생최패망자",190,80,0.299,3,117,3737.926,242,111,147,107,63,145,101,55.944,-28.288,-0.28,0,0.266,358.803,136.683,369.553,-0.247,-37.05,0,"Sabo_10",0.196,-18.178,0,"あおいぬ",-17.147,-42.289,0,"Ayu_Yua",-15.927,-64.316,0,"559：広告",21.834,-49.032,0,"즉석카레",11.115,-64.607,0,"ディシジョン",40.98,-95.519,0,"장덕춘_",5.305,-108.746,0,"TaeGeuk_",-48.401,-94.322,0,3744.609,28.626,-81.543,3744.908,5,"즉석카레",27.879,-79.914,0,0,,3742.252,,,67,1
95,5,1,0,2,0,0,0,0,0,0,255,255,255,42,3799.652,"encounter v",R,6,61,95,0.584,-0.484,0.395,2.117,-0.573,1.332,-36.945,64.478,2,0,333.803,0,-48.881,0,0,0,6,5,R,"즉석카레",169.7,85.097,0.397,3,116,3800.976,194,86,81,85,49,145,83,-31.675,-46.576,-0.82,0,0.131,306.268,-489.861,-154.41,0.05,-37.228,0,"Pring__",-0.01,-17.196,0,"白霜らいふ",-18.562,-47.314,0,"Riyaj",-12.93,-63.834,0,"인생최패망자",19.269,-47.986,0,"Muna_328",7.553,-66.532,0,"SFIDA",34.661,-97.636,0,"아침땅_",-10.635,-105.402,0,"Roscosmos",-37.578,-90.08,0,3801.192,1.115,-20.342,0,0,"",0,0,0,0,,,,,2,3
96,5,1,0,2,0,1,0,0,0,0,255,255,255,43,3819.328,"encounter v",R,6,71,112,-0.15,-1.257,0.391,2.036,-0.877,0.879,-36.998,71.384,4,0,500,0,-81.594,0,0,1,6,5,R,"즉석카레",169.7,85.097,0.397,0,116,0,0,0,0,0,0,0,0,0,0,0,0,0,0,0,0,0.046,-37.271,0,"Pring__",-0.077,-17.215,0,"白霜らいふ",-19.932,-46.868,0,"Riyaj",-11.552,-62.356,0,"인생최패망자",19.488,-48.32,0,"Muna_328",9.425,-65.939,0,"SFIDA",38.57,-96.844,0,"아침땅_",-9.14,-107.515,0,"Roscosmos",-36.425,-92.23,0,0,0,0,0,0,"",0,0,0,0,3821.283,,,,0,0
97,5,1,0,2,0,2,0,0,0,0,255,255,255,44,3834.051,"encounter v",R,10,76,117,-1.801,-0.996,0.41,2.007,-0.792,1.499,-37.021,69.904,2,0,0,400,-79.628,0,0,1,6,5,R,"즉석카레",169.7,85.097,0.397,3,40,3835.283,237,86,101,94,34,145,82,-30,-24.175,0.99,0.048,0.128,15.171,-585.166,-122.295,0.059,-36.954,0,"Pring__",0.017,-17.193,0,"白霜らいふ",-19.225,-48.675,0,"Riyaj",-11.605,-62.232,0,"인생최패망자",19.963,-48.391,0,"Muna_328",9.364,-65.991,0,"SFIDA",38.581,-96.81,0,"아침땅_",-9.172,-107.521,0,"Roscosmos",-39.996,-91.033,0,3835.512,-0.162,-19.63,3837.553,4,"인생최패망자",11.985,-46.174,0,0,,,,,19,2
98,5,1,0,2,0,0,1,0,0,0,255,255,255,45,3856.51,"encounter v",R,0,64,120,-2.419,0.059,0.351,2.037,-1.063,1.607,-36.988,70.027,2,0,0,0,-60.421,0,0,1,7,3,R,"Ayu_Yua",175.3,86.421,0.401,3,116,3857.755,255,168,167,112,67,145,108,100.668,-71.081,0.86,0,0.449,239.941,-511.362,194.8,0.001,-37.047,0,"Pring__",-0.01,-17.213,0,"白霜らいふ",-17.446,-44.699,0,"Riyaj",-12.412,-62.331,0,"인생최패망자",20.412,-48.867,0,"Muna_328",7.693,-66.906,0,"SFIDA",36.147,-101.839,0,"아침땅_",-10.922,-109.528,0,"Roscosmos",-36.123,-89.914,0,0,0,0,0,0,"",0,0,0,0,,,,,2,3
99,5,1,0,2,0,1,1,0,0,0,255,255,255,46,3877.058,"encounter v",R,0,70,124,-2.196,0.287,0.372,2.079,-0.966,1.756,-37.11,72.149,1,0,0,9.491,-97.514,0,0,0,7,3,R,"Ayu_Yua",175.3,86.421,0.401,0,116,0,0,0,0,0,0,0,0,0,0,0,0,0,0,0,0,0.016,-37.277,0,"Pring__",-0.088,-17.141,0,"白霜らいふ",-17.777,-44.343,0,"Riyaj",-13.156,-62.844,0,"인생최패망자",18.649,-46.59,0,"Muna_328",7.005,-66.688,0,"SFIDA",33.254,-100.683,0,"아침땅_",-11.265,-108.447,0,"Roscosmos",-42.234,-88.295,0,0,0,0,0,0,"",0,0,0,0,3879.012,,,,0,0
100,5,1,0,2,1,1,1,0,0,0,255,255,255,47,3888.294,"encounter v",R,0,61,118,-1.071,1.326,0.477,2.249,-0.479,2.352,-37.052,76.953,2,0,0,0,-45.215,0,0,1,7,3,R,"Ayu_Yua",175.3,86.421,0.401,3,116,3889.571,255,116,143,99,51,145,84,32.894,9.982,-0.86,0,0.404,454.261,-357.738,150.597,0.116,-37.089,0,"Pring__",0.014,-17.215,0,"白霜らいふ",-17.813,-44.284,0,"Riyaj",-13.116,-62.924,0,"인생최패망자",19.579,-49.386,0,"Muna_328",7.008,-66.661,75,"SFIDA",34.527,-101.989,0,"아침땅_",-11.283,-108.455,95,"Roscosmos",-41.712,-88.768,0,3894.692,-7.883,-86.355,3896.165,7,"아침땅_",-8.111,-95.336,1,0,,,,,322,2
101,5,1,0,2,0,0,1,1,0,0,3,255,255,48,3934.903,"encounter v",R,32,89,140,0.787,-0.426,0.387,1.906,0.031,1.153,-36.636,41.118,2,0,250,-200,-41.713,0,0,1,8,8,R,"TaeGeuk_",176.5,84.57,0.597,3,115,3935.741,150,58,103,70,41,145,103,25.873,45.676,0.03,0,0.232,-340.873,449.474,-201.443,-0.065,-37.008,0,"Pring__",-0.009,-17.221,0,"白霜らいふ",-19.342,-41.964,0,"Riyaj",-12.53,-64.118,0,"인생최패망자",20.263,-49.271,0,"Muna_328",6.173,-65.917,0,"SFIDA",29.253,-98.186,0,"아침땅_",-12.181,-105.353,0,"Roscosmos",-36.007,-88.92,0,3939.727,-60.55,-68.702,0,0,"",0,0,0,0,,3940.029,,,19,3
102,5,1,0,2,0,1,1,1,0,0,3,255,255,49,3992.619,"encounter v",R,32,95,140,1.532,-0.446,0.446,2.016,0.306,1.537,-36.756,53.323,2,0,250,200,14.417,0,0,1,8,8,R,"TaeGeuk_",176.5,84.57,0.597,3,115,3993.467,225,28,132,32,0,145,128,-30,31.304,0.37,0,0.2,-408.005,385.392,209.3,-0.063,-36.905,0,"Pring__",0.024,-17.228,0,"白霜らいふ",-18.213,-42.424,0,"Riyaj",-13.36,-62.682,0,"인생최패망자",20.896,-49.742,0,"Muna_328",6.541,-65.464,0,"SFIDA",31.745,-98.327,0,"아침땅_",-12.398,-105.187,0,"Roscosmos",-42.127,-87.251,0,3993.602,0.004,-18.288,3999.158,5,"Muna_328",-0.926,-59.765,1,0,4026.741,3998.998,,,495,0
103,5,1,0,2,0,0,2,1,0,0,8,255,255,50,4112.292,"encounter v",R,14,63,107,1.659,-1.614,0.395,1.9,0.069,1.112,-36.892,53.396,4,0,379.786,312.348,-74.658,0.57,-18.317,1,0,7,R,"장덕춘_",169.9,94.753,0.316,0,114,0,0,0,0,0,0,0,0,0,0,0,0,0,0,0,0,0.152,-37.457,0,"Pring__",0.302,-18.276,120,"白霜らいふ",-18.49,-43.476,0,"Riyaj",-12.956,-62.551,0,"인생최패망자",18.932,-48.222,0,"Muna_328",6.162,-65.588,0,"SFIDA",29.742,-99.306,0,"아침땅_",-11.37,-110.135,0,"Roscosmos",-42.799,-96.341,0,0,0,0,0,0,"",0,0,0,0,4115.213,,,,0,0
104,5,1,0,2,0,1,2,1,0,0,8,255,255,51,4128.621,"encounter v",R,14,65,109,0.723,-1.159,0.353,1.983,-0.127,1.411,-36.898,53.883,2,0,281.235,400,-65.826,0,0,1,0,7,R,"장덕춘_",169.9,94.753,0.316,3,114,4129.696,151,113,70,104,76,140,81,-14.969,-50.319,0.98,0,0.288,-491.267,69.197,-333.878,0.101,-37.101,0,"Pring__",0,-17.197,0,"白霜らいふ",-18.567,-45.013,0,"Riyaj",-12.682,-63.042,0,"인생최패망자",20.315,-49.186,0,"Muna_328",6.421,-65.838,0,"SFIDA",30.567,-97.193,0,"아침땅_",-11.528,-110.126,0,"Roscosmos",-42.813,-96.361,0,4130.047,2.799,-23.913,0,0,"",0,0,0,0,,,,,2,3
105,5,1,0,2,0,2,2,1,0,0,8,255,255,52,4153.261,"encounter v",R,10,71,114,-0.351,-0.72,0.417,2.055,-0.292,1.672,-36.928,60.947,0,0,83.817,400,-96.213,0,0,1,0,7,R,"장덕춘_",169.9,94.753,0.316,0,49,0,0,0,0,0,0,0,0,0,0,0,0,0,0,0,0,0,-37.116,0,"Pring__",-0.1,-17.645,0,"白霜らいふ",-18.703,-45.828,0,"Riyaj",-12.518,-63.612,0,"인생최패망자",20.593,-47.188,0,"Muna_328",4.261,-64.437,0,"SFIDA",39.249,-96.556,0,"아침땅_",-12.338,-109.26,0,"Roscosmos",-43.251,-98.135,0,0,0,0,0,0,"",0,0,0,0,4155.102,,,,0,0
106,5,0,0,2,0,0,0,0,0,0,255,255,255,52,4209.364,"_Chun",L,26,84,137,-2.124,0.066,-0.385,1.737,-1.02,1.47,-36.633,29.009,4,0,75.77,-200,-14.91,0,0,1,1,0,L,"encounter v",190,83,0.527,0,46,0,0,0,0,0,0,0,0,0,0,0,0,0,0,0,0,-0.26,-37.17,0,"Sabo_10",-0.13,-17.953,0,"あおいぬ",-17.514,-43.643,0,"Ayu_Yua",-13.08,-64.876,0,"559：広告",21.772,-47.698,0,"즉석카레",14.797,-62.593,0,"ディシジョン",46.148,-91.858,0,"장덕춘_",3.278,-103.981,0,"TaeGeuk_",-40.785,-84.749,0,0,0,0,0,0,"",0,0,0,0,4210.741,,,,0,0
107,5,0,0,2,0,1,0,0,0,0,255,255,255,53,4223.668,"_Chun",L,10,79,120,-0.884,-0.534,-0.323,1.807,-0.398,1.728,-36.576,29.198,2,0,13.345,400,0.033,0,0,1,1,0,L,"encounter v",190,83,0.527,3,46,4224.619,178,196,82,93,28,145,101,18.074,-32.968,-0.3,0,0.347,249.078,-24.034,94.439,-0.304,-36.945,0,"Sabo_10",-0.051,-18.097,0,"あおいぬ",-16.865,-42.969,0,"Ayu_Yua",-13.172,-65.044,0,"559：広告",21.689,-47.681,0,"즉석카레",14.812,-62.645,0,"ディシジョン",46.23,-91.881,85,"장덕춘_",3.371,-104.116,0,"TaeGeuk_",-40.784,-86.063,0,0,0,0,4228.602,6,"ディシジョン",39.505,-80.299,0,0,,,,,10,1
108,5,0,0,2,0,0,1,0,0,0,255,255,255,54,4250.63,"_Chun",L,10,82,124,2.695,-1.566,0.039,1.614,1.171,1.061,-36.562,14.821,4,0,0,400,-2.586,0,0,1,2,1,L,"Pring__",190,93.36,0.485,0,113,0,0,0,0,0,0,0,0,0,0,0,0,0,0,0,0,0.044,-37.327,0,"Sabo_10",0.106,-18.015,102,"あおいぬ",-17.957,-42.326,0,"Ayu_Yua",-12.829,-65.076,0,"559：広告",22.571,-47.955,0,"즉석카레",14.772,-63.45,0,"ディシジョン",46.57,-94.456,0,"장덕춘_",6.028,-109.908,0,"TaeGeuk_",-44.574,-94.258,0,0,0,0,0,0,"",0,0,0,0,4252.325,,,,0,0
109,5,0,0,2,0,1,1,0,0,0,255,255,255,55,4265.495,"_Chun",L,10,87,128,-1.85,-0.688,-0.374,1.772,-0.794,1.595,-36.573,28.872,1,0,0,400,-0.142,0,0,0,2,1,L,"Pring__",190,93.36,0.485,0,113,0,0,0,0,0,0,0,0,0,0,0,0,0,0,0,0,-0.208,-37.648,0,"Sabo_10",-0.128,-18.035,115,"あおいぬ",-16.933,-42.609,0,"Ayu_Yua",-13.183,-65.299,0,"559：広告",22.543,-47.92,0,"즉석카레",14,-63.521,0,"ディシジョン",46.646,-93.491,0,"장덕춘_",6.021,-109.92,0,"TaeGeuk_",-43.335,-93.44,0,0,0,0,0,0,"",0,0,0,0,4267.061,,,,0,0
110,5,0,0,2,1,1,1,0,0,0,255,255,255,56,4280.327,"_Chun",L,26,86,140,-0.944,0.179,-0.312,1.674,-0.497,1.551,-36.534,21.71,0,0,72.752,-200,-25.469,0,0,0,2,1,L,"Pring__",190,93.36,0.485,0,113,0,0,0,0,0,0,0,0,0,0,0,0,0,0,0,0,-0.246,-37.462,0,"Sabo_10",-0.139,-17.924,105,"あおいぬ",-17.264,-42.372,0,"Ayu_Yua",-13.103,-65.13,0,"559：広告",22.512,-47.936,0,"즉석카레",14.292,-63.359,0,"ディシジョン",46.68,-93.497,0,"장덕춘_",6.023,-109.93,0,"TaeGeuk_",-45.676,-95.669,0,0,0,0,0,0,"",0,0,0,0,4281.88,,,,0,0
111,5,0,0,2,1,2,1,0,0,0,255,255,255,57,4298.575,"_Chun",L,6,65,96,2.208,0.758,0.378,2.016,1.881,2.099,-36.846,31.017,1,0,-401.468,0,-2.159,0,0,0,2,1,L,"Pring__",190,93.36,0.485,0,113,0,0,0,0,0,0,0,0,0,0,0,0,0,0,0,0,0.045,-37.766,0,"Sabo_10",0.237,-17.778,115,"あおいぬ",-18.524,-41.821,0,"Ayu_Yua",-13.029,-65.099,0,"559：広告",22,-48.131,0,"즉석카레",14.586,-63.113,0,"ディシジョン",46.663,-93.488,0,"장덕춘_",6.014,-109.916,0,"TaeGeuk_",-46.424,-97.705,0,0,0,0,0,0,"",0,0,0,0,4300.346,,,,0,0
112,5,0,0,2,2,2,1,0,0,0,255,255,255,58,4314.735,"_Chun",L,14,84,124,-1.271,-0.787,-0.187,1.764,-0.02,1.494,-36.666,23.903,2,0,-342.696,364.087,-23.315,0,0,1,2,1,L,"Pring__",190,93.36,0.485,3,113,4315.622,229,135,106,113,81,145,119,-30,34.964,0.14,0,0.625,-417.078,-421.397,85.272,-0.129,-36.98,0,"Sabo_10",-0.16,-18.14,0,"あおいぬ",-16.844,-42.541,90,"Ayu_Yua",-13.007,-65.433,0,"559：広告",22.092,-48.254,0,"즉석카레",14.508,-63.102,0,"ディシジョン",46.801,-93.498,0,"장덕춘_",6.014,-109.922,0,"TaeGeuk_",-48.71,-91.315,0,4315.929,-1.078,-22.099,4317.137,2,"あおいぬ",-14.456,-41.317,0,0,,,,,6,2
113,5,0,0,2,0,0,2,0,0,0,255,255,255,59,4337.319,"_Chun",L,10,80,121,2.276,-0.782,0.008,1.68,0.99,1.571,-36.526,16.787,1,0,0,400,1.355,0,0,0,3,6,L,"SFIDA",190,80,0.2,0,113,0,0,0,0,0,0,0,0,0,0,0,0,0,0,0,0,0.092,-37.283,0,"Sabo_10",0.113,-17.808,0,"あおいぬ",-17.264,-43.136,0,"Ayu_Yua",-12.881,-64.855,0,"559：広告",22.317,-47.599,0,"즉석카레",13.758,-63.634,0,"ディシジョン",45.367,-92.134,0,"장덕춘_",5.943,-108.814,0,"TaeGeuk_",-42.634,-91.15,0,0,0,0,0,0,"",0,0,0,0,4338.797,,,,0,0
114,5,0,0,2,1,0,2,0,0,0,255,255,255,60,4351.011,"_Chun",L,10,80,121,0.273,-1.133,-0.193,1.701,0.124,1.331,-36.631,28.376,2,0,0,400,2.931,0,0,1,3,6,L,"SFIDA",190,80,0.2,2,113,4351.893,255,152,27,0,61,58,58,28.716,18.334,0.67,0,1.21,55.658,-33.135,-69.259,-0.214,-36.977,0,"Sabo_10",0.103,-18.055,0,"あおいぬ",-17.207,-43.021,0,"Ayu_Yua",-13.081,-65.108,93,"559：広告",22.356,-47.719,0,"즉석카레",13.727,-63.674,0,"ディシジョン",45.421,-92.178,0,"장덕춘_",6.069,-108.931,0,"TaeGeuk_",-43.242,-89.937,0,0,0,0,4355.415,3,"Ayu_Yua",-10.714,-54.488,0,0,,,,4359.365,130,1
115,6,1,0,2,0,0,0,0,0,0,255,255,255,53,4412.774,"encounter v",R,25,78,126,-1.859,0.403,0.377,2.13,-0.942,1.914,-37.12,68.633,1,0,93.236,77.862,-84.423,0,0,0,1,0,L,"_Chun",190,80,0.455,0,113,0,0,0,0,0,0,0,0,0,0,0,0,0,0,0,0,0.038,-37.285,0,"Pring__",-0.085,-17.089,0,"白霜らいふ",-18.843,-47.935,0,"Riyaj",-11.844,-64.334,0,"인생최패망자",24.244,-50.234,0,"Muna_328",14.313,-63.641,0,"SFIDA",52.914,-105.101,0,"아침땅_",4.148,-113.275,0,"Roscosmos",-38.802,-99.098,0,0,0,0,0,0,"",0,0,0,0,4414.512,,,,0,0
116,6,1,0,2,1,0,0,0,0,0,255,255,255,54,4426.36,"encounter v",R,10,93,128,0.285,-1.022,0.604,1.964,0.109,1.375,-36.83,51.879,1,0,-0.722,400,-27.32,0,0,0,1,0,L,"_Chun",190,80,0.455,0,113,0,0,0,0,0,0,0,0,0,0,0,0,0,0,0,0,0.218,-37.654,0,"Pring__",-0.01,-17.035,0,"白霜らいふ",-18.813,-47.93,0,"Riyaj",-11.858,-64.296,0,"인생최패망자",24.066,-49.998,0,"Muna_328",14.326,-63.65,0,"SFIDA",49.322,-102.27,0,"아침땅_",4.627,-113.17,0,"Roscosmos",-38.443,-99.744,0,0,0,0,0,0,"",0,0,0,0,4428.096,,,,0,0
117,6,1,0,2,2,0,0,0,0,0,255,255,255,55,4441.474,"encounter v",R,0,65,106,-1.093,0.616,0.423,2.207,-0.487,1.992,-37.151,73.956,2,0,0,0,-56.715,0,0,1,1,0,L,"_Chun",190,80,0.455,3,113,4442.596,172,86,82,75,41,145,130,-15.057,20.169,0.65,0,0.236,-536.496,223.807,-144.512,0.104,-37.216,0,"Pring__",-0.059,-17.113,0,"白霜らいふ",-18.846,-47.937,77,"Riyaj",-11.823,-64.315,92,"인생최패망자",24.191,-50.074,0,"Muna_328",14.231,-63.593,0,"SFIDA",50.645,-103.147,0,"아침땅_",4.286,-113.152,0,"Roscosmos",-38.078,-99.991,0,4442.866,-1.671,-23.259,4444.547,3,"Riyaj",-15.71,-61.011,0,0,,,,,146,2
118,6,1,0,2,0,0,1,0,0,0,255,255,255,56,4466.042,"encounter v",R,0,71,125,-1.305,0.165,0.455,2.062,-0.58,1.693,-37.097,70.131,0,0,0,0,-77.285,0,0,0,2,2,R,"あおいぬ",190,90.486,0.43,0,112,0,0,0,0,0,0,0,0,0,0,0,0,0,0,0,0,0.125,-37.105,0,"Pring__",-0.011,-16.914,0,"白霜らいふ",-18.443,-46.68,0,"Riyaj",-13.074,-63.542,0,"인생최패망자",21.367,-49.772,0,"Muna_328",8.561,-66.059,0,"SFIDA",32.463,-100.051,0,"아침땅_",-10.782,-111.245,0,"Roscosmos",-46.744,-96.863,0,0,0,0,0,0,"",0,0,0,0,4467.853,,,,0,0
119,6,1,0,2,0,1,1,0,0,0,255,255,255,57,4482.295,"encounter v",R,0,72,125,4.487,4.161,0.423,2.105,1.941,4.22,-37.13,67.831,1,0,0,0,-58.502,1.37,-7.502,0,2,2,R,"あおいぬ",190,90.486,0.43,0,112,0,0,0,0,0,0,0,0,0,0,0,0,0,0,0,0,0.164,-37.331,0,"Pring__",0.523,-16.642,0,"白霜らいふ",-19.227,-45.277,0,"Riyaj",-13.097,-63.563,0,"인생최패망자",21.616,-49.839,0,"Muna_328",8.598,-66.113,0,"SFIDA",33.075,-102.599,0,"아침땅_",-10.785,-111.252,0,"Roscosmos",-46.313,-96.726,0,0,0,0,0,0,"",0,0,0,0,4487.255,,,,0,0
120,6,1,0,2,1,1,1,0,0,0,255,255,255,58,4500.512,"encounter v",R,10,74,116,-0.921,-0.692,0.488,2.026,-0.428,1.575,-37.085,65.384,2,0,10.727,400,-79.955,0,0,0,2,2,R,"あおいぬ",190,90.486,0.43,3,112,4501.682,255,152,106,88,117,145,87,-21.284,60.867,1,0,0.684,444.875,-380.444,-131.713,0.182,-37.128,0,"Pring__",-0.031,-17.095,0,"白霜らいふ",-18.961,-45.945,0,"Riyaj",-13.107,-63.583,0,"인생최패망자",21.525,-49.738,0,"Muna_328",8.173,-66.155,0,"SFIDA",35.7,-103.821,0,"아침땅_",-12.387,-111.015,0,"Roscosmos",-46.232,-97.224,0,4501.929,-2.847,-21.466,0,0,"",0,0,0,0,,,,,2,3
121,6,1,0,2,1,2,1,0,0,0,255,255,255,59,4520.948,"encounter v",R,10,74,104,-0.828,-0.598,0.461,2.109,-0.37,1.781,-37.049,68.001,0,0,0,400,-61.555,0,0,1,2,2,R,"あおいぬ",190,90.486,0.43,0,112,0,0,0,0,0,0,0,0,0,0,0,0,0,0,0,0,0.114,-37.346,0,"Pring__",-0.16,-17.44,0,"白霜らいふ",-18.772,-44.764,0,"Riyaj",-14.045,-63.075,0,"인생최패망자",22.051,-50.613,0,"Muna_328",7.357,-66.517,0,"SFIDA",32.364,-101.236,0,"아침땅_",-13.649,-110.997,0,"Roscosmos",-45.73,-93.811,0,0,0,0,0,0,"",0,0,0,4,4522.894,,,,0,0
122,6,1,0,2,0,0,2,0,0,0,255,255,255,60,4541.545,"encounter v",R,13,68,98,-0.46,0.05,0.639,2.285,0.492,2.161,-36.955,58.287,2,0,-323.746,343.437,-12.076,0,0,0,3,6,R,"ディシジョン",190,92.496,0.632,3,112,4542.777,255,81,127,56,69,145,125,9.492,-0.561,0.25,0,0.38,-331.093,-156.481,-94.268,0.355,-37.422,0,"Pring__",-0.051,-17.395,0,"白霜らいふ",-20.826,-47.499,0,"Riyaj",-13.916,-62.921,0,"인생최패망자",22.916,-52.134,0,"Muna_328",6.424,-66.891,107,"SFIDA",27.64,-105.253,0,"아침땅_",-12.968,-111.107,0,"Roscosmos",-46.711,-97.071,0,0,0,0,4544.762,5,"Muna_328",1.003,-64.885,0,0,,,,,82,1
123,6,0,0,2,0,0,0,0,0,0,255,255,255,61,4598.725,"_Chun",L,26,86,140,-1.085,-0.822,-0.289,1.567,-0.588,0.93,-36.564,20.931,2,0,92.551,-200,-19.853,0,0,1,4,2,R,"白霜らいふ",179.7,80,0.654,3,37,4599.743,255,192,120,118,92,145,129,25.64,43.48,0.45,0,0.4,322.624,-496.591,83.166,-0.066,-37.129,0,"Sabo_10",-0.129,-18.079,0,"あおいぬ",-18.124,-43.187,0,"Ayu_Yua",-15.592,-63.496,0,"559：広告",21.574,-49.015,0,"즉석카레",11.34,-64.954,0,"ディシジョン",42.03,-96.372,0,"장덕춘_",4.679,-107.349,0,"TaeGeuk_",-43.223,-86.779,0,4604.887,-72.181,-113.359,0,0,"",0,0,0,0,,4609.711,4614.756,,2,4
124,6,0,0,3,0,0,0,0,0,0,255,255,255,62,4639.857,"_Chun",L,14,78,116,0.489,-0.062,-0.009,1.891,0.849,2.017,-36.653,25.148,0,0,-364.577,342.175,-21.119,0,0,1,5,8,R,"Roscosmos",175.2,95.982,0.364,0,112,0,0,0,0,0,0,0,0,0,0,0,0,0,0,0,0,-0.135,-37.682,0,"Sabo_10",0.007,-17.853,0,"あおいぬ",-17.347,-42.947,0,"Ayu_Yua",-15.449,-63.622,0,"559：広告",22.773,-48.957,0,"즉석카레",11.73,-64.808,0,"ディシジョン",43.904,-93.989,0,"장덕춘_",4.193,-108.855,0,"TaeGeuk_",-44.973,-88.459,0,0,0,0,0,0,"",0,0,0,0,4641.283,,,,0,0
125,6,0,0,3,0,1,0,0,0,0,255,255,255,63,4655.263,"_Chun",L,10,80,121,0.999,-0.891,-0.111,1.681,0.438,1.568,-36.547,22.924,2,0,0,400,2.17,0,0,1,5,8,R,"Roscosmos",175.2,95.982,0.364,3,112,4656.119,167,58,148,106,83,145,130,16.543,-31.71,0.47,0,0.22,-162.43,179.266,-547.979,-0.157,-36.99,0,"Sabo_10",0.068,-17.869,0,"あおいぬ",-17.339,-42.846,0,"Ayu_Yua",-15.554,-63.811,0,"559：広告",22.818,-49.035,0,"즉석카레",11.946,-64.494,63,"ディシジョン",43.885,-94.653,0,"장덕춘_",4.198,-108.863,104,"TaeGeuk_",-47.733,-91.914,0,4659.228,43,-92.958,4663.922,7,"장덕춘_",37.041,-112.031,1,0,,4665.838,,,67,2
126,6,0,0,3,0,0,0,0,1,0,255,18,255,64,4688.093,"_Chun",L,26,91,140,1.51,-2.496,-0.062,1.315,0.759,-0.034,-36.528,20.771,2,0,-74.767,-163.548,-1.283,0,0,1,6,5,R,"Muna_328",174.5,89.724,0.42,3,112,4689.121,232,142,150,0,0,141,120,30.233,4.009,0.72,0,0.596,-248.183,397.42,17.103,0.035,-36.798,0,"Sabo_10",0.087,-17.988,0,"あおいぬ",-17.178,-42.692,0,"Ayu_Yua",-15.344,-63.795,0,"559：広告",21.32,-45.578,0,"즉석카레",7.011,-63.928,0,"ディシジョン",43.676,-96.136,0,"장덕춘_",7.154,-112.803,91,"TaeGeuk_",-45.437,-87.738,0,4694.054,-16.122,-119.411,4697.484,7,"장덕춘_",-14.829,-131.082,1,0,,4698.896,4696.47,4701.045,131,2
127,6,0,0,4,0,0,0,0,1,0,255,15,255,65,4802.567,"_Chun",L,26,83,136,0.704,0.152,-0.121,1.732,0.242,1.467,-36.628,23.716,2,0,47.75,-189.429,-11.621,0,0,1,7,3,R,"Riyaj",160,80,0.2,3,111,4803.477,227,251,79,94,0,145,80,35.324,-0.977,-0.82,0,0.464,506.966,-311.502,66.733,-0.239,-36.966,0,"Sabo_10",0.129,-18.032,0,"あおいぬ",-17.13,-42.646,0,"Ayu_Yua",-15.5,-63.63,0,"559：広告",21.913,-45.38,0,"즉석카레",7.83,-65.314,69,"ディシジョン",41.239,-95.744,0,"장덕춘_",0.828,-109.635,0,"TaeGeuk_",-44.043,-95.163,0,0,0,0,4808.825,5,"즉석카레",4.463,-76.956,0,0,,4808.368,,,66,1
128,6,0,0,4,0,0,1,0,1,0,255,15,255,66,4832.085,"_Chun",L,26,89,140,0.545,0.297,-0.172,1.677,0.153,1.546,-36.521,22.541,2,0,67.217,-200,-22.286,0,0,1,8,7,R,"아침땅_",160,94.757,0.5,2,111,4832.92,156,75,78,0,0,108,62,0.257,25.103,-0.81,0,0.253,-139.649,559.459,-145.641,-0.233,-36.944,0,"Sabo_10",0.087,-17.946,0,"あおいぬ",-16.716,-42.518,119,"Ayu_Yua",-10.534,-66.262,0,"559：広告",21.118,-45.245,0,"즉석카레",7.083,-66.77,0,"ディシジョン",40.232,-93.536,0,"장덕춘_",1.182,-105.561,0,"TaeGeuk_",-41.547,-88.014,0,4833.658,-4.64,-28.879,4835.075,2,"あおいぬ",-10.502,-41.793,1,64,,,,,22,2
129,6,0,0,4,0,0,2,1,0,0,17,255,255,67,4883.03,"_Chun",L,29,80,131,1.548,-0.1,-0.051,1.686,0.415,1.453,-36.557,16.526,2,0,181.423,-91.684,-15.559,0,0,1,0,4,R,"인생최패망자",190,80,0.299,3,111,4883.873,255,131,127,111,63,145,114,26.734,-33.358,0.83,0,0.395,-73.691,187.762,100.429,-0.008,-36.986,0,"Sabo_10",0.16,-17.993,0,"あおいぬ",-17.057,-41.618,0,"Ayu_Yua",-15.803,-64.04,0,"559：広告",22.007,-47.79,0,"즉석카레",12.723,-64.171,0,"ディシジョン",43.5,-96.411,93,"장덕춘_",1.053,-106.768,0,"TaeGeuk_",-43.805,-90.873,0,0,0,0,4888.734,6,"ディシジョン",48.161,-101.94,0,0,4928.679,4888.415,,,479,1
130,7,1,0,4,0,0,0,0,0,0,255,255,255,61,4978.385,"encounter v",R,0,64,119,-1.082,0.131,0.375,2.056,-0.487,1.675,-36.994,63.885,2,0,3.876,0,-64.601,0,0,1,4,4,R,"559：広告",190,85.269,0.2,3,110,4979.514,255,102,98,85,48,145,125,96.19,-78.581,0.23,0,0.452,462.47,-323.652,195.909,-0.201,-37.006,0,"Pring__",-0.043,-17.144,0,"白霜らいふ",-19.375,-47.637,0,"Riyaj",-13.291,-62.06,0,"인생최패망자",21.35,-50.372,0,"Muna_328",8.568,-65.767,0,"SFIDA",34.213,-101.145,0,"아침땅_",-10.786,-112.269,0,"Roscosmos",-41.155,-94.28,0,0,0,0,0,0,"",0,0,0,0,,,,,2,3
131,7,1,0,4,0,1,0,0,0,0,255,255,255,62,4998.012,"encounter v",R,32,85,139,1.243,0.144,0.621,2.201,0.189,1.495,-36.909,63.27,0,0,250,-200,-36.55,0,0,1,4,4,R,"559：広告",190,85.269,0.2,0,39,0,0,0,0,0,0,0,0,0,0,0,0,0,0,0,0,0.384,-37.405,0,"Pring__",-0.001,-16.944,0,"白霜らいふ",-20.004,-46.586,0,"Riyaj",-13.193,-62.3,0,"인생최패망자",22.039,-50.614,0,"Muna_328",7.795,-66.59,0,"SFIDA",31.461,-108.694,0,"아침땅_",-10.217,-112.404,0,"Roscosmos",-42.931,-95.936,0,0,0,0,0,0,"",0,0,0,0,4999.783,,,,0,0
132,7,1,0,4,0,2,0,0,0,0,255,255,255,63,5014.604,"encounter v",R,32,82,134,1.065,-0.183,0.599,2.135,0.089,1.281,-36.938,58.122,0,0,250,-200,-36.814,0,0,1,4,4,R,"559：広告",190,85.269,0.2,0,39,0,0,0,0,0,0,0,0,0,0,0,0,0,0,0,0,0.324,-37.627,0,"Pring__",-0.046,-17.338,0,"白霜らいふ",-20.794,-47.407,0,"Riyaj",-13.401,-62.354,0,"인생최패망자",20.87,-49.04,0,"Muna_328",7.038,-66.39,0,"SFIDA",34.646,-107.777,0,"아침땅_",-9.775,-112.431,0,"Roscosmos",-42.132,-96.461,0,0,0,0,0,0,"",0,0,0,0,5016.429,,,,0,0
133,7,1,0,4,0,0,1,0,0,0,255,255,255,64,5034.099,"encounter v",R,10,69,113,-1.935,-0.965,0.397,1.993,-0.85,1.465,-36.944,63.975,2,0,0.131,400,-68.889,0,0,1,5,1,L,"Sabo_10",184.6,88,0.452,3,110,5035.219,120,138,158,91,36,138,85,-12.038,-8.512,-0.8,0,0.498,-553.708,-223.87,24.468,0.046,-37,0,"Pring__",-0.006,-17.142,0,"白霜らいふ",-18.177,-46.974,80,"Riyaj",-12.64,-62.961,0,"인생최패망자",25.174,-51.078,0,"Muna_328",14.524,-63.001,94,"SFIDA",55.56,-105.207,0,"아침땅_",2.941,-113.036,0,"Roscosmos",-41.872,-94.382,0,5035.457,-0.013,-22.437,5037.859,5,"Muna_328",5.506,-62.412,0,0,,,,,82,2
134,7,1,0,4,0,0,2,0,0,0,255,255,255,65,5060.354,"encounter v",R,10,65,97,-0.607,-2.811,0.491,1.918,-0.274,0.852,-36.865,59.529,1,0,0,400,-22.124,-0.121,-20.172,0,6,5,R,"즉석카레",169.7,84.626,0.397,0,110,0,0,0,0,0,0,0,0,0,0,0,0,0,0,0,0,0.097,-37.436,0,"Pring__",-0.122,-17.552,0,"白霜らいふ",-17.72,-45.088,0,"Riyaj",-12.898,-61.93,0,"인생최패망자",18.194,-47.969,0,"Muna_328",6.972,-66.328,0,"SFIDA",35.595,-103.176,0,"아침땅_",-10.87,-105.792,0,"Roscosmos",-42.398,-93.613,0,0,0,0,0,0,"",0,0,0,0,5062.422,,,,0,0
135,7,1,0,4,0,1,2,0,0,0,255,255,255,66,5079.405,"encounter v",R,10,61,95,-0.363,-0.269,0.327,2.3,-0.165,2.258,-36.938,67.183,0,0,0,400,-34.783,-0.142,-17.343,0,6,5,R,"즉석카레",169.7,84.626,0.397,0,110,0,0,0,0,0,0,0,0,0,0,0,0,0,0,0,0,0.214,-37.532,0,"Pring__",-0.035,-17.108,0,"白霜らいふ",-17.796,-45.195,0,"Riyaj",-12.837,-61.875,0,"인생최패망자",17.441,-46.632,0,"Muna_328",7.067,-66.223,0,"SFIDA",33.596,-101.985,0,"아침땅_",-10.848,-105.742,0,"Roscosmos",-42.447,-93.614,0,0,0,0,0,0,"",0,0,0,0,5081.498,,,,0,0
136,7,1,0,4,0,2,2,0,0,0,255,255,255,67,5094.742,"encounter v",R,10,67,99,-0.515,-2.221,0.405,2.001,-0.233,1.052,-36.843,66.457,1,0,0,377.019,-33.382,-0.119,-19.64,0,6,5,R,"즉석카레",169.7,84.626,0.397,0,110,0,0,0,0,0,0,0,0,0,0,0,0,0,0,0,0,0.223,-37.314,0,"Pring__",-0.015,-18.908,0,"白霜らいふ",-18.029,-44.035,0,"Riyaj",-12.318,-61.801,0,"인생최패망자",16.848,-46.629,0,"Muna_328",6.285,-66.39,0,"SFIDA",35.503,-102.677,0,"아침땅_",-11.44,-105.07,0,"Roscosmos",-42.464,-93.617,0,0,0,0,0,0,"",0,0,0,0,5096.853,,,,0,0
137,7,0,0,4,0,0,0,0,0,0,255,255,255,68,5157.735,"_Chun",L,34,64,119,-3.782,2.395,-0.463,2.01,-1.472,3.021,-37.253,82.284,1,0,-85.99,-81.74,-0.717,0,0,0,1,0,L,"encounter v",190,83,0.527,0,110,0,0,0,0,0,0,0,0,0,0,0,0,0,0,0,0,-0.217,-37.572,0,"Sabo_10",-0.261,-17.777,0,"あおいぬ",-16.568,-43.362,0,"Ayu_Yua",-13.127,-65.083,0,"559：広告",22.848,-48.366,0,"즉석카레",13.553,-63.401,0,"ディシジョン",44.753,-97.216,0,"장덕춘_",0.664,-106.807,0,"TaeGeuk_",-40.4,-87.701,0,0,0,0,0,0,"",0,0,0,0,5159.207,,,,0,0
138,7,0,0,4,1,0,0,0,0,0,255,255,255,69,5179.12,"_Chun",L,10,81,122,0.926,-1.168,-0.143,1.69,0.407,1.31,-36.612,23.682,2,0,0,400,1.651,0,0,1,1,0,L,"encounter v",190,83,0.527,3,110,5180.044,255,255,118,129,0,145,87,-30,-24.685,1,0,0.502,351.227,472.008,107.021,-0.123,-36.83,0,"Sabo_10",0.157,-18.158,0,"あおいぬ",-16.566,-42.749,85,"Ayu_Yua",-12.827,-65.034,0,"559：広告",22.935,-48.414,0,"즉석카레",13.712,-63.3,103,"ディシジョン",44.991,-97.035,0,"장덕춘_",0.66,-106.846,0,"TaeGeuk_",-38.811,-90.793,0,5180.283,0.511,-20.338,5183.394,1,"Pring__",18.713,-58.91,0,0,,,,,70,2
139,7,0,0,4,0,0,1,0,0,0,255,255,255,70,5204.312,"_Chun",L,26,87,140,-1.643,-0.253,-0.335,1.66,-0.842,1.285,-36.579,22.088,2,0,103.255,-176.325,-17.458,0,0,1,2,1,L,"Pring__",190,93.36,0.485,3,110,5205.396,158,86,121,102,59,145,121,-30,-12.214,0.18,0,0.316,-486.783,-348.271,41.827,-0.301,-36.956,0,"Sabo_10",-0.224,-18.076,0,"あおいぬ",-17.161,-43.298,86,"Ayu_Yua",-13.027,-64.963,0,"559：広告",22.751,-47.937,0,"즉석카레",11.608,-64.561,92,"ディシジョン",45.816,-96.916,0,"장덕춘_",0.67,-106.842,0,"TaeGeuk_",-45.362,-93.711,0,5205.686,-0.008,-20.751,5207.811,5,"즉석카레",5.909,-61.614,0,4,,,,,70,2
140,7,0,0,4,0,0,2,0,0,0,255,255,255,71,5231.204,"_Chun",L,10,84,126,1.181,-1.13,-0.094,1.593,0.516,1.29,-36.452,15.994,2,0,0,400,-4.946,0,0,1,3,6,L,"SFIDA",190,80,0.2,2,110,5232.085,255,200,116,84,0,145,97,22.661,-16.587,0.95,0,0.667,-80.264,-385.633,-432.941,-0.012,-36.819,0,"Sabo_10",0.151,-17.977,0,"あおいぬ",-16.906,-42.902,0,"Ayu_Yua",-13.17,-65.383,0,"559：広告",23.411,-49.817,0,"즉석카레",13.851,-63.516,0,"ディシジョン",46.822,-94.014,85,"장덕춘_",1.487,-106.891,0,"TaeGeuk_",-43.205,-93.392,0,5236.054,28.062,-91.258,5236.762,6,"ディシジョン",29.841,-94.957,1,0,,,,,10,2
141,7,0,0,4,0,0,2,1,0,0,16,255,255,72,5263.763,"_Chun",L,28,70,110,-1.065,-0.544,-0.317,1.55,-0.559,1.224,-36.552,20.632,0,0,56.875,-60.978,-8.315,0,0,0,4,2,R,"白霜らいふ",179.7,80,0.654,0,109,0,0,0,0,0,0,0,0,0,0,0,0,0,0,0,0,-0.107,-37.454,0,"Sabo_10",-0.146,-17.856,110,"あおいぬ",-18.721,-41.382,0,"Ayu_Yua",-12.923,-65.147,0,"559：広告",21.6,-49.106,0,"즉석카레",10.651,-65.329,0,"ディシジョン",43.765,-96.995,0,"장덕춘_",-2.591,-105.005,0,"TaeGeuk_",-47.996,-99.45,0,0,0,0,0,0,"",0,0,0,0,5265.401,,,,0,0
142,7,0,0,4,0,1,2,1,0,0,16,255,255,73,5280.586,"_Chun",L,10,80,121,-0.854,-1.839,-0.283,1.504,-0.364,0.963,-36.544,20.846,2,0,0,400,5.86,0,0,0,4,2,R,"白霜らいふ",179.7,80,0.654,3,109,5281.646,255,132,125,117,63,145,118,-19.706,17.566,0.81,0,0.632,-476.943,317.38,-159.791,-0.054,-36.838,0,"Sabo_10",-0.05,-18.044,0,"あおいぬ",-16.935,-41.751,83,"Ayu_Yua",-15.334,-63.276,103,"559：広告",21.672,-49.096,0,"즉석카레",10.734,-64.686,0,"ディシジョン",43.236,-97.409,0,"장덕춘_",-5.692,-109.28,0,"TaeGeuk_",-51.531,-101.663,0,5281.776,-0.393,-21.474,5283.887,3,"Ayu_Yua",-9.041,-63.157,0,0,,5287.217,,,134,2
143,8,1,0,4,0,0,0,0,0,0,255,255,255,68,5334.499,"encounter v",R,14,62,93,1.454,-1.371,0.525,1.94,-0.169,1.396,-36.89,54.689,1,0,330.095,312.348,-48.943,0,0,0,7,3,R,"Ayu_Yua",175.3,86.421,0.401,0,109,0,0,0,0,0,0,0,0,0,0,0,0,0,0,0,0,0.057,-37.397,0,"Pring__",0.039,-17.109,0,"白霜らいふ",-17.036,-44.962,0,"Riyaj",-12.799,-63.006,0,"인생최패망자",20.176,-49.334,0,"Muna_328",7.677,-66.001,0,"SFIDA",34.634,-98.998,0,"아침땅_",-9.536,-106.507,0,"Roscosmos",-38.964,-91.649,0,0,0,0,0,0,"",0,0,0,0,5336.658,,,,0,0
144,8,1,0,4,1,0,0,0,0,0,255,255,255,69,5348.643,"encounter v",R,32,82,134,0.976,0.705,0.586,2.284,0.028,1.773,-37.171,80.038,0,0,247.041,-200,-27.619,0,0,0,7,3,R,"Ayu_Yua",175.3,86.421,0.401,0,109,0,0,0,0,0,0,0,0,0,0,0,0,0,0,0,0,0.193,-37.377,0,"Pring__",0.018,-17.119,0,"白霜らいふ",-17.047,-44.975,0,"Riyaj",-12.79,-62.671,0,"인생최패망자",19.882,-49.18,0,"Muna_328",8.594,-66.086,0,"SFIDA",37.364,-99.938,0,"아침땅_",-9.536,-106.503,0,"Roscosmos",-39.344,-92.037,0,0,0,0,0,0,"",0,0,0,0,5350.512,,,,0,0
145,8,1,0,4,1,1,0,0,0,0,255,255,255,70,5366.882,"encounter v",R,32,86,140,0.214,-0.445,0.527,2.1,-0.246,1.128,-36.772,47.386,0,0,250,-200,-28.623,0,0,0,7,3,R,"Ayu_Yua",175.3,86.421,0.401,0,109,0,0,0,0,0,0,0,0,0,0,0,0,0,0,0,0,0.398,-37.419,0,"Pring__",0.002,-17.09,0,"白霜らいふ",-17.025,-44.934,0,"Riyaj",-12.879,-62.502,0,"인생최패망자",20.243,-49.238,0,"Muna_328",7.941,-66.17,0,"SFIDA",38.05,-100.629,0,"아침땅_",-10.104,-106.454,0,"Roscosmos",-40.688,-90.619,0,0,0,0,0,0,"",0,0,0,0,5368.734,,,,0,0
146,8,1,0,4,1,2,0,0,0,0,255,255,255,71,5384.204,"encounter v",R,32,93,140,4.186,-1.053,0.48,2.045,-0.466,1.278,-36.875,50.538,2,0,219.922,-200,-35.676,0,0,1,7,3,R,"Ayu_Yua",175.3,86.421,0.401,3,109,5385.398,255,89,132,85,46,145,86,26.201,26.643,-0.79,0,0.384,436.607,386.413,130.649,0.245,-37.192,0,"Pring__",0.002,-17.237,0,"白霜らいふ",-17.501,-45.632,0,"Riyaj",-12.205,-63.508,0,"인생최패망자",20.257,-49.232,0,"Muna_328",7.878,-66.109,0,"SFIDA",37.874,-98.275,0,"아침땅_",-10.098,-106.429,0,"Roscosmos",-40.342,-91.127,108,5390.276,-39.33,-82.102,5390.588,8,"Roscosmos",-37.487,-79.532,0,0,,,,,34,1
147,8,1,0,4,0,0,1,0,0,0,255,255,255,72,5418.605,"encounter v",R,0,39,88,0.154,0.37,0.527,2.228,0.052,1.829,-37.084,65.947,2,0,0,0,1.289,0,0,1,8,8,R,"TaeGeuk_",176.5,84.57,0.597,3,109,5419.724,255,93,114,97,48,145,87,99.376,-74.217,-0.77,0.009,0.368,533.05,269.048,47.664,0.218,-37.394,0,"Pring__",0.016,-17.125,0,"白霜らいふ",-19.643,-46.988,0,"Riyaj",-14.319,-63.104,0,"인생최패망자",20.746,-49.633,0,"Muna_328",9.397,-66.267,0,"SFIDA",33.63,-102.082,0,"아침땅_",-12.177,-105.201,0,"Roscosmos",-43.567,-88.147,0,0,0,0,0,0,"",0,0,0,0,,,,,2,3
148,8,1,0,4,0,1,1,0,0,0,255,255,255,73,5437.592,"encounter v",R,32,86,140,0.761,0.415,0.574,2.242,-0.026,1.626,-36.939,59.803,2,0,250,-200,-26.476,0,0,1,8,8,R,"TaeGeuk_",176.5,84.57,0.597,3,109,5438.417,192,93,75,89,29,145,87,93.259,80.372,-0.75,0,0.175,478.629,271.543,-234.063,0.261,-37.199,0,"Pring__",0.03,-17.144,0,"白霜らいふ",-19.922,-47.303,0,"Riyaj",-14.176,-63.425,0,"인생최패망자",21.625,-50.522,0,"Muna_328",10.119,-66.091,0,"SFIDA",32.455,-107.522,0,"아침땅_",-12.731,-106.101,0,"Roscosmos",-42.865,-88.456,0,0,0,0,0,0,"",0,0,0,0,,,,,2,3
149,8,1,0,4,0,2,1,0,0,0,255,255,255,74,5456.033,"encounter v",R,10,82,124,0.488,-1.639,0.535,2.091,0.255,1.098,-36.937,54.63,4,0,-35.482,400,-47.502,0.033,-18.675,1,8,8,R,"TaeGeuk_",176.5,84.57,0.597,0,109,0,0,0,0,0,0,0,0,0,0,0,0,0,0,0,0,0.409,-37.721,0,"Pring__",0.147,-18.977,0,"白霜らいふ",-19.346,-46.956,0,"Riyaj",-12.057,-63.873,0,"인생최패망자",20.862,-49.56,0,"Muna_328",8.712,-65.968,0,"SFIDA",37.398,-102.896,0,"아침땅_",-7.552,-107.275,0,"Roscosmos",-41.575,-90.1,0,0,0,0,0,0,"",0,0,0,256,5457.63,,,,0,0
150,8,1,0,4,0,0,2,0,0,0,255,255,255,75,5478.389,"encounter v",R,10,71,115,-0.907,-0.452,0.393,2.1,-0.403,1.837,-37.123,57.825,0,0,0,400,-70.356,0,0,1,0,7,R,"장덕춘_",169.9,94.753,0.316,0,109,0,0,0,0,0,0,0,0,0,0,0,0,0,0,0,0,0.197,-37.487,0,"Pring__",-0.062,-17.095,0,"白霜らいふ",-18.755,-47.156,0,"Riyaj",-12.699,-63.357,0,"인생최패망자",19.922,-49.015,0,"Muna_328",7.01,-66.182,0,"SFIDA",33.771,-106.595,0,"아침땅_",-11.186,-109.34,0,"Roscosmos",-44.117,-96.392,0,0,0,0,0,0,"",0,0,0,0,5480.318,,,,0,0
151,8,1,0,4,0,1,2,0,0,0,255,255,255,76,5495.453,"encounter v",R,10,83,124,0.156,0.535,0.51,2.251,0.14,2.381,-37.022,55.875,2,0,-52.824,400,-29.916,0,0,1,0,7,R,"장덕춘_",169.9,94.753,0.316,3,109,5496.526,143,135,109,81,70,145,116,-30,-15.298,0.17,0,0.213,-362.628,-299.68,-104.06,0.218,-37.516,0,"Pring__",-0.006,-17.174,0,"白霜らいふ",-18.749,-47.23,0,"Riyaj",-12.608,-63.428,0,"인생최패망자",20.171,-49.09,0,"Muna_328",7.857,-66.361,107,"SFIDA",35.685,-103.953,0,"아침땅_",-11.632,-109.146,0,"Roscosmos",-42.668,-96.537,0,5496.734,0.435,-21.337,5498.95,5,"Muna_328",12.048,-63.409,0,0,,,,,82,2
152,8,0,0,4,0,0,0,0,0,0,255,255,255,74,5541.431,"_Chun",L,26,73,126,0.719,0.183,-0.155,1.759,0.097,1.511,-36.646,26.203,2,0,142.131,-178.286,-18.183,0,0,1,5,8,R,"Roscosmos",175.2,95.982,0.364,3,109,5542.247,111,70,84,115,84,137,92,45.452,-13.443,-0.19,0,0.26,350.04,262.647,389.754,-0.306,-36.931,0,"Sabo_10",0.098,-18.081,0,"あおいぬ",-17.261,-42.717,0,"Ayu_Yua",-15.681,-63.621,0,"559：広告",22.4,-48.718,0,"즉석카레",13.134,-64.517,86,"ディシジョン",42.835,-95.086,0,"장덕춘_",1.98,-108.459,0,"TaeGeuk_",-42.053,-91.419,0,5548.2,9.794,-86.89,5548.478,5,"즉석카레",9.485,-84.247,0,0,,,,,66,1
153,8,0,0,4,0,0,1,0,0,0,255,255,255,75,5571.741,"_Chun",L,26,85,139,1.931,-0.483,-0.061,1.57,0.669,1.176,-36.529,16.781,2,0,130.039,-159.823,-23.788,0,0,1,6,5,R,"Muna_328",174.5,89.724,0.42,3,109,5572.765,255,71,193,0,14,145,84,25.745,-0.228,-0.85,0,1.08,336.8,-476.698,135.741,-0.092,-36.889,0,"Sabo_10",0.258,-18.011,0,"あおいぬ",-17.228,-42.874,0,"Ayu_Yua",-15.175,-63.419,0,"559：広告",23.102,-49.635,0,"즉석카레",13.538,-63.982,58,"ディシジョン",40.036,-94.857,0,"장덕춘_",0.428,-105.049,103,"TaeGeuk_",-45.487,-95.204,0,5577.846,7.711,-92.565,5577.991,7,"장덕춘_",7.233,-90.248,0,0,,,,,67,1
154,8,0,0,4,0,0,2,0,0,0,255,255,255,76,5600.499,"_Chun",L,26,86,140,1.038,-0.398,-0.087,1.657,0.3,1.216,-36.558,19.216,0,0,114.628,-160.377,-15.584,0,0,1,7,3,R,"Riyaj",160,80,0.2,0,109,0,0,0,0,0,0,0,0,0,0,0,0,0,0,0,0,0.036,-37.11,0,"Sabo_10",-0.038,-17.853,111,"あおいぬ",-17.498,-43.237,0,"Ayu_Yua",-15.223,-63.924,0,"559：広告",18.621,-48.293,0,"즉석카레",13.76,-64.098,0,"ディシジョン",38.587,-93.128,0,"장덕춘_",1.356,-108.313,0,"TaeGeuk_",-45.845,-102.662,0,0,0,0,0,0,"",0,0,0,0,5602.005,,,,0,0
155,8,0,0,4,0,1,2,0,0,0,255,255,255,77,5610.651,"_Chun",L,26,83,136,0.848,0.534,-0.161,1.725,0.205,1.731,-36.546,23.08,2,0,131.965,-172.846,-21.204,0,0,0,7,3,R,"Riyaj",160,80,0.2,3,109,5611.692,183,65,109,48,50,145,81,102.837,50.546,-0.75,0,0.259,558.405,197.168,-88.377,-0.355,-36.864,0,"Sabo_10",0.118,-18.071,0,"あおいぬ",-17.503,-43.043,0,"Ayu_Yua",-15.25,-64.008,0,"559：広告",18.591,-48.279,0,"즉석카레",13.768,-64.131,0,"ディシジョン",38.632,-93.123,0,"장덕춘_",1.487,-108.544,0,"TaeGeuk_",-43.138,-98.053,0,5617.637,24.727,3.215,0,0,"",0,0,0,0,,,,,2,3
156,8,0,0,4,0,2,2,0,0,0,255,255,255,78,5630.028,"_Chun",L,14,77,116,0.49,-0.013,0.017,1.883,0.875,2.01,-36.664,26.11,2,0,-390.269,312.554,-9.557,0,0,1,7,3,R,"Riyaj",160,80,0.2,3,109,5631.089,255,126,81,119,52,145,89,112.631,68.824,0.94,0,0.342,-256.076,537.65,48.653,0.06,-37.122,0,"Sabo_10",0.151,-18.023,0,"あおいぬ",-17.874,-43.536,0,"Ayu_Yua",-15.075,-63.603,0,"559：広告",19.948,-47.917,0,"즉석카레",14.13,-63.996,0,"ディシジョン",39.346,-93.141,0,"장덕춘_",1.428,-108.359,0,"TaeGeuk_",-49.798,-98.285,0,5636.491,65.091,-6.642,0,0,"",0,0,0,0,,,,,2,3
157,8,0,0,4,0,2,2,0,0,0,255,255,255,79,5646.619,"_Chun",L,10,63,111,-2.265,-0.866,-0.466,1.869,-0.973,1.655,-36.911,52.833,1,0,0,323.253,7.453,0,0,0,7,3,R,"Riyaj",160,80,0.2,0,108,0,0,0,0,0,0,0,0,0,0,0,0,0,0,0,0,0.092,-37.578,0,"Sabo_10",-0.183,-18.031,0,"あおいぬ",-18.875,-42.881,0,"Ayu_Yua",-15.312,-63.487,0,"559：広告",20.162,-48.083,0,"즉석카레",13.95,-64.079,0,"ディシジョン",39.893,-92.1,0,"장덕춘_",1.372,-109.358,0,"TaeGeuk_",-44.767,-95.96,0,0,0,0,0,0,"",0,0,0,0,5648.318,,,,0,0
158,8,0,0,4,1,2,2,0,0,0,255,255,255,80,5659.671,"_Chun",L,26,83,136,-2.103,-0.02,-0.382,1.632,-0.822,1.372,-36.544,24.258,4,0,-60.383,-200,1.498,0,0,1,7,3,R,"Riyaj",160,80,0.2,0,108,0,0,0,0,0,0,0,0,0,0,0,0,0,0,0,0,-0.174,-37.391,0,"Sabo_10",-0.184,-17.91,0,"あおいぬ",-18.591,-42.589,0,"Ayu_Yua",-15.355,-63.562,0,"559：広告",19.545,-47.995,0,"즉석카레",14.157,-63.872,0,"ディシジョン",39.182,-93.237,0,"장덕춘_",1.342,-109.419,0,"TaeGeuk_",-44.33,-95.343,0,0,0,0,0,0,"",0,0,0,0,5661.228,,,,0,0
159,9,1,0,4,0,0,0,0,0,0,255,255,255,77,5710.686,"encounter v",R,38,30,84,-0.923,0.321,0.248,2.129,-0.409,1.825,-36.833,44.159,2,0,0,0,0,0,0,0,1,0,L,"_Chun",190,80,0.455,3,108,5712.038,255,100,114,89,52,145,130,12.919,28.154,0.44,0,0.384,-540.295,79.808,245.993,0.087,-37.294,0,"Pring__",-0.062,-17.106,0,"白霜らいふ",-17.991,-49.743,72,"Riyaj",-12.703,-62.232,0,"인생최패망자",24.144,-50.09,0,"Muna_328",14.354,-64.039,0,"SFIDA",55.328,-105.221,0,"아침땅_",2.85,-112.648,0,"Roscosmos",-40.792,-101.191,98,5714.338,-32.038,-78.548,5715.471,8,"Roscosmos",-38.373,-90.337,1,0,,,,,50,2
160,9,1,0,4,0,0,0,1,0,0,0,255,255,78,5754.178,"encounter v",R,32,70,124,0.678,-0.746,0.458,2.023,-0.103,0.917,-36.749,48.234,2,0,249.896,-200,-35.142,0,0,1,2,2,R,"あおいぬ",190,90.486,0.43,3,108,5755.384,235,103,81,107,91,145,100,107.374,-38.009,-0.36,0,0.741,548.265,-208.387,121.58,0.096,-37.064,0,"Pring__",-0.004,-17.357,0,"白霜らいふ",-17.766,-45.4,0,"Riyaj",-12.162,-63.538,0,"인생최패망자",20.631,-49.315,0,"Muna_328",6.698,-65.545,0,"SFIDA",36.374,-97.676,0,"아침땅_",-12.444,-109.337,0,"Roscosmos",-47.401,-99.299,0,0,0,0,0,0,"",0,0,0,0,,,,,2,3
161,9,1,0,4,0,1,0,1,0,0,0,255,255,79,5775.781,"encounter v",R,14,56,103,-0.423,-1.422,0.372,1.906,-0.966,1.187,-36.897,56.444,2,0,365.589,312.348,-50.506,0,0,1,2,2,R,"あおいぬ",190,90.486,0.43,3,108,5777.036,135,85,79,97,79,139,122,-30,-21.133,0.75,0,0.673,450.417,44.527,-129.635,-0.037,-36.88,0,"Pring__",0.011,-17.349,0,"白霜らいふ",-18.197,-46.06,0,"Riyaj",-12.464,-63.72,0,"인생최패망자",19.332,-47.942,0,"Muna_328",5.907,-65.464,0,"SFIDA",36.464,-97.24,91,"아침땅_",-13.684,-110.388,0,"Roscosmos",-42.693,-96.302,0,5777.186,0.151,-20.48,5780.443,6,"SFIDA",25.332,-85.494,1,0,5800.241,5782.144,,,143,2
162,9,1,0,4,0,0,0,1,1,0,2,0,255,0,5881.151,"인생최패망자",R,32,86,140,0.136,0.617,0.532,1.574,-0.224,1.895,-36.516,41.574,0,0,203.174,-126.212,9.334,0,0,0,3,6,R,"ディシジョン",190,92.496,0.632,0,108,0,0,0,0,0,0,0,0,0,0,0,0,0,0,0,0,0.354,-37.431,0,"Pring__",0.008,-17.017,117,"白霜らいふ",-20.314,-47.556,0,"Riyaj",-12.424,-62.302,0,"encounter v",18.768,-44.3,0,"Muna_328",6.407,-66.33,0,"SFIDA",29.316,-100.41,0,"아침땅_",-13.685,-111.257,0,"Roscosmos",-39.863,-97.366,0,0,0,0,0,0,"",0,0,0,0,5882.936,5884.064,,,0,0
163,9,1,0,4,0,1,0,1,1,0,2,0,255,1,5896.862,"인생최패망자",R,13,72,101,-3.078,-1.736,0.387,1.203,-0.6,1.013,-36.604,48.376,1,0,-358.49,312.348,6.53,-0.779,-18.374,0,3,6,R,"ディシジョン",190,92.496,0.632,0,108,0,0,0,0,0,0,0,0,0,0,0,0,0,0,0,0,0.121,-37.552,0,"Pring__",-0.725,-17.405,120,"白霜らいふ",-20.973,-47.558,0,"Riyaj",-12.397,-62.438,0,"encounter v",18.188,-45.195,0,"Muna_328",5.602,-65.595,0,"SFIDA",31.857,-101.982,0,"아침땅_",-17.237,-110.38,0,"Roscosmos",-40.198,-99.344,0,0,0,0,0,0,"",0,0,0,0,5898.901,5899.577,,,0,0
164,9,1,0,4,1,1,0,1,1,0,2,0,255,2,5912.729,"인생최패망자",R,3,59,91,-0.482,-0.425,0.817,1.366,0.734,1.366,-36.667,50.501,2,0,-413.636,0,-22.208,0,0,1,3,6,R,"ディシジョン",190,92.496,0.632,3,108,5913.979,202,106,174,145,28,145,130,113.83,-55.789,0.4,0,0.529,276.032,211.424,-485.917,0.505,-37.133,0,"Pring__",-0.031,-17.233,0,"白霜らいふ",-20.011,-47.741,0,"Riyaj",-13.231,-62.34,0,"encounter v",18.081,-45.125,0,"Muna_328",6.066,-65.29,0,"SFIDA",31.919,-102.447,0,"아침땅_",-12.519,-111.07,0,"Roscosmos",-40.152,-99.345,0,0,0,0,0,0,"",0,0,0,0,,5916.929,,,1,3
165,9,1,0,4,1,2,0,1,1,0,2,0,255,3,5930.38,"인생최패망자",R,3,74,102,-3.23,-0.952,0.427,1.219,-0.476,1.049,-36.599,49.069,2,0,-460.51,0.525,3.265,0,0,1,3,6,R,"ディシジョン",190,92.496,0.632,3,34,5931.628,226,113,204,131,121,145,111,-30,47.872,0.92,0,0.573,-403.321,-274.302,-345.109,-0.024,-37.204,0,"Pring__",-0.074,-17.222,0,"白霜らいふ",-19.866,-48.153,0,"Riyaj",-13.568,-62.035,0,"encounter v",18.272,-44.896,0,"Muna_328",5.131,-65.226,0,"SFIDA",29.874,-104.505,0,"아침땅_",-13.803,-111.387,0,"Roscosmos",-40.524,-99.129,0,5931.853,-1.683,-20.278,0,0,"",0,0,0,0,,5935.902,,,1,0
166,9,1,0,4,1,2,0,1,1,0,2,0,255,4,5950.724,"인생최패망자",R,32,81,133,1.194,1.323,0.639,1.716,0.276,2.357,-36.571,50.556,4,0,156.315,-94.35,7.678,0,0,1,3,6,R,"ディシジョン",190,92.496,0.632,0,34,0,0,0,0,0,0,0,0,0,0,0,0,0,0,0,0,0.376,-37.656,0,"Pring__",0.165,-17,0,"白霜らいふ",-20.547,-47.593,0,"Riyaj",-14.031,-63.274,0,"encounter v",18.587,-46.117,0,"Muna_328",6.412,-65.13,0,"SFIDA",29.919,-103.264,0,"아침땅_",-10.106,-114.735,0,"Roscosmos",-40.373,-102.763,0,0,0,0,0,0,"",0,0,0,0,5953.276,5953.723,,,0,0
167,9,1,0,4,0,0,1,1,1,0,2,0,255,5,5972.4,"인생최패망자",R,26,83,136,-0.862,0.491,0.448,1.531,-0.614,1.756,-36.402,33.554,0,0,169.284,-192.476,21.079,0,0,1,4,4,R,"559：広告",190,85.269,0.2,0,107,0,0,0,0,0,0,0,0,0,0,0,0,0,0,0,0,0.271,-37.487,0,"Pring__",-0.168,-17.247,0,"白霜らいふ",-20.076,-47.145,0,"Riyaj",-13.913,-62.845,0,"encounter v",19.094,-45.733,0,"Muna_328",5.804,-65.251,0,"SFIDA",29.467,-100.223,0,"아침땅_",-15.102,-111.32,0,"Roscosmos",-42.971,-93.815,0,0,0,0,0,0,"",0,0,0,0,5974.144,5975.68,,,0,0
168,9,1,0,4,0,1,1,1,1,0,2,0,255,6,5987.473,"인생최패망자",R,3,74,102,-2.526,-0.887,0.532,1.24,-0.148,1.094,-36.702,57.586,4,0,-458.524,4.52,0.4,0,0,1,4,4,R,"559：広告",190,85.269,0.2,0,107,0,0,0,0,0,0,0,0,0,0,0,0,0,0,0,0,0.415,-37.295,0,"Pring__",-0.939,-17.452,0,"白霜らいふ",-20.02,-46.008,0,"Riyaj",-13.885,-62.846,0,"encounter v",20.117,-44.874,0,"Muna_328",4.713,-64.777,0,"SFIDA",29.524,-96.75,0,"아침땅_",-13.614,-111.117,0,"Roscosmos",-42.906,-95.024,0,0,0,0,0,0,"",0,0,0,0,5989.436,5990.444,,,0,0
169,9,1,0,4,0,2,1,1,1,0,2,0,255,7,6003.862,"인생최패망자",R,32,83,136,1.494,1.4,0.668,1.723,0.41,2.378,-36.574,50.1,4,0,158.629,-128.464,4.011,0,0,1,4,4,R,"559：広告",190,85.269,0.2,0,107,0,0,0,0,0,0,0,0,0,0,0,0,0,0,0,0,0.379,-37.832,0,"Pring__",-0.13,-17.414,0,"白霜らいふ",-19.586,-46.203,0,"Riyaj",-13.912,-62.882,0,"encounter v",19.335,-45.358,0,"Muna_328",5.113,-64.915,0,"SFIDA",30.781,-96.934,0,"아침땅_",-15.278,-110.81,0,"Roscosmos",-42.026,-94.575,0,0,0,0,0,0,"",0,0,0,0,6005.644,6006.515,,,0,0
170,9,1,0,4,0,0,2,1,1,0,2,0,255,8,6074.701,"인생최패망자",R,3,66,96,0.852,-1.465,0.863,1.318,1.221,1.127,-36.784,68.32,1,0,-387.342,230.251,4.146,0,0,0,5,1,L,"Sabo_10",184.6,88,0.452,0,71,0,0,0,0,0,0,0,0,0,0,0,0,0,0,0,0,0.118,-37.629,0,"Pring__",0.07,-17.507,0,"白霜らいふ",-19.258,-45.65,0,"Riyaj",-12.709,-64.136,0,"encounter v",20.452,-45.874,0,"Muna_328",14.844,-63.08,0,"SFIDA",55.523,-103.572,0,"아침땅_",12.178,-113.591,0,"Roscosmos",-38.831,-100.168,0,0,0,0,0,0,"",0,0,0,0,6076.609,6077.651,,,0,0
171,9,1,0,4,1,0,2,1,1,0,2,0,255,9,6089.054,"인생최패망자",R,32,81,132,1.73,-0.498,0.659,1.364,0.37,1.202,-36.617,54.81,1,0,250,-116.173,9.466,0,0,0,5,1,L,"Sabo_10",184.6,88,0.452,0,71,0,0,0,0,0,0,0,0,0,0,0,0,0,0,0,0,0.062,-37.513,0,"Pring__",0.112,-17.084,0,"白霜らいふ",-19.264,-43.871,0,"Riyaj",-12.747,-63.749,0,"encounter v",20.469,-45.94,0,"Muna_328",14.843,-63.109,0,"SFIDA",54.923,-105.437,0,"아침땅_",8.527,-114.948,0,"Roscosmos",-40.519,-99.037,0,0,0,0,0,0,"",0,0,0,0,6090.797,6091.963,,,0,0
172,9,1,0,4,2,0,2,1,1,0,2,0,255,10,6103.623,"인생최패망자",R,3,65,95,0.95,-0.683,0.866,1.342,1.384,1.221,-36.812,65.702,2,0,-431.818,0,1.94,0,0,1,5,1,L,"Sabo_10",184.6,88,0.452,3,71,6104.786,242,88,99,117,109,145,129,-15,-21.274,0.69,0,0.623,345.15,472.869,127.935,0.29,-37.091,0,"Pring__",0.085,-17.233,0,"白霜らいふ",-18.535,-46.005,0,"Riyaj",-7.703,-63.754,0,"encounter v",20.446,-45.858,0,"Muna_328",14.848,-63.132,0,"SFIDA",54.234,-104.877,0,"아침땅_",8.663,-114.967,0,"Roscosmos",-40.321,-99.164,0,6104.984,1.208,-23.315,6106.519,5,"Muna_328",14.656,-58.301,0,0,,6108.516,6109.775,,80,2
